timestamp,function,phase,has_anomaly,anomaly_score,anomaly_likelihood
0.0000,  1.00000000,1,0,1.0,0.5
0.0333,  1.00000000,1,0,1.0,0.5
0.0667,  1.00000000,1,0,1.0,0.5
0.1000,  1.00000000,1,0,0.0,0.5
0.1333,  1.00000000,1,0,0.0,0.5
0.1667,  1.00000000,1,0,0.0,0.5
0.2000,  1.00000000,1,0,0.0,0.5
0.2333,  1.00000000,1,0,0.0,0.5
0.2667,  1.00000000,1,0,0.0,0.5
0.3000,  1.00000000,1,0,0.0,0.5
0.3333,  1.00000000,1,0,0.0,0.5
0.3667,  1.00000000,1,0,0.0,0.5
0.4000,  1.00000000,1,0,0.0,0.5
0.4333,  1.00000000,1,0,0.0,0.5
0.4667,  1.00000000,1,0,0.0,0.5
0.5000,  1.00000000,1,0,0.0,0.5
0.5333,  1.00000000,1,0,0.0,0.5
0.5667,  1.00000000,1,0,0.0,0.5
0.6000,  1.00000000,1,0,0.0,0.5
0.6333,  1.00000000,1,0,0.0,0.5
0.6667,  1.00000000,1,0,0.0,0.5
0.7000,  1.00000000,1,0,0.0,0.5
0.7333,  1.00000000,1,0,0.0,0.5
0.7667,  1.00000000,1,0,0.0,0.5
0.8000,  1.00000000,1,0,0.0,0.5
0.8333,  1.00000000,1,0,0.0,0.5
0.8667,  1.00000000,1,0,0.0,0.5
0.9000,  1.00000000,1,0,0.0,0.5
0.9333,  1.00000000,1,0,0.0,0.5
0.9667,  1.00000000,1,0,0.0,0.5
1.0000,  1.00000000,1,0,0.0,0.5
1.0333,  1.00000000,1,0,0.0,0.5
1.0667,  1.00000000,1,0,0.0,0.5
1.1000,  1.00000000,1,0,0.0,0.5
1.1333,  1.00000000,1,0,0.0,0.5
1.1667,  1.00000000,1,0,0.0,0.5
1.2000,  1.00000000,1,0,0.0,0.5
1.2333,  1.00000000,1,0,0.0,0.5
1.2667,  1.00000000,1,0,0.0,0.5
1.3000,  1.00000000,1,0,0.0,0.5
1.3333,  1.00000000,1,0,0.0,0.5
1.3667,  1.00000000,1,0,0.0,0.5
1.4000,  1.00000000,1,0,0.0,0.5
1.4333,  1.00000000,1,0,0.0,0.5
1.4667,  1.00000000,1,0,0.0,0.5
1.5000,  1.00000000,1,0,0.0,0.5
1.5333,  1.00000000,1,0,0.0,0.5
1.5667,  1.00000000,1,0,0.0,0.5
1.6000,  1.00000000,1,0,0.0,0.5
1.6333,  1.00000000,1,0,0.0,0.5
1.6667,  1.00000000,1,0,0.0,0.5
1.7000,  1.00000000,1,0,1.0,0.5
1.7333,  1.00000000,1,0,1.0,0.5
1.7667,  1.00000000,1,0,1.0,0.5
1.8000,  1.00000000,1,0,1.0,0.5
1.8333,  1.00000000,1,0,1.0,0.5
1.8667,  1.00000000,1,0,1.0,0.5
1.9000,  1.00000000,1,0,1.0,0.5
1.9333,  1.00000000,1,0,1.0,0.5
1.9667,  1.00000000,1,0,1.0,0.5
2.0000,  1.00000000,1,0,1.0,0.5
2.0333,  1.00000000,1,0,1.0,0.5
2.0667,  1.00000000,1,0,1.0,0.5
2.1000,  1.00000000,1,0,1.0,0.5
2.1333,  1.00000000,1,0,1.0,0.5
2.1667,  1.00000000,1,0,1.0,0.5
2.2000,  1.00000000,1,0,1.0,0.5
2.2333,  1.00000000,1,0,1.0,0.5
2.2667,  1.00000000,1,0,1.0,0.5
2.3000,  1.00000000,1,0,1.0,0.5
2.3333,  1.00000000,1,0,1.0,0.5
2.3667,  1.00000000,1,0,1.0,0.5
2.4000,  1.00000000,1,0,1.0,0.5
2.4333,  1.00000000,1,0,1.0,0.5
2.4667,  1.00000000,1,0,1.0,0.5
2.5000,  1.00000000,1,0,1.0,0.5
2.5333,  1.00000000,1,0,1.0,0.5
2.5667,  1.00000000,1,0,1.0,0.5
2.6000,  1.00000000,1,0,1.0,0.5
2.6333,  1.00000000,1,0,1.0,0.5
2.6667,  1.00000000,1,0,1.0,0.5
2.7000,  1.00000000,1,0,1.0,0.5
2.7333,  1.00000000,1,0,1.0,0.5
2.7667,  1.00000000,1,0,1.0,0.5
2.8000,  1.00000000,1,0,1.0,0.5
2.8333,  1.00000000,1,0,1.0,0.5
2.8667,  1.00000000,1,0,1.0,0.5
2.9000,  1.00000000,1,0,1.0,0.5
2.9333,  1.00000000,1,0,1.0,0.5
2.9667,  1.00000000,1,0,1.0,0.5
3.0000,  1.00000000,1,0,1.0,0.5
3.0333,  1.00000000,1,0,1.0,0.5
3.0667,  1.00000000,1,0,1.0,0.5
3.1000,  1.00000000,1,0,1.0,0.5
3.1333,  1.00000000,1,0,1.0,0.5
3.1667,  1.00000000,1,0,1.0,0.5
3.2000,  1.00000000,1,0,1.0,0.5
3.2333,  1.00000000,1,0,1.0,0.5
3.2667,  1.00000000,1,0,1.0,0.5
3.3000,  1.00000000,1,0,1.0,0.5
3.3333,  1.00000000,1,0,1.0,0.5
3.3667,  1.00000000,1,0,0.10000000000000001,0.5
3.4000,  1.00000000,1,0,0.0,0.5
3.4333,  1.00000000,1,0,0.0,0.5
3.4667,  1.00000000,1,0,0.0,0.5
3.5000,  1.00000000,1,0,0.0,0.5
3.5333,  1.00000000,1,0,0.0,0.5
3.5667,  1.00000000,1,0,0.0,0.5
3.6000,  1.00000000,1,0,0.0,0.5
3.6333,  1.00000000,1,0,0.0,0.5
3.6667,  1.00000000,1,0,0.0,0.5
3.7000,  1.00000000,1,0,0.0,0.5
3.7333,  1.00000000,1,0,0.0,0.5
3.7667,  1.00000000,1,0,0.0,0.5
3.8000,  1.00000000,1,0,0.0,0.5
3.8333,  1.00000000,1,0,0.0,0.5
3.8667,  1.00000000,1,0,0.0,0.5
3.9000,  1.00000000,1,0,0.0,0.5
3.9333,  1.00000000,1,0,0.0,0.5
3.9667,  1.00000000,1,0,0.0,0.5
4.0000,  1.00000000,1,0,0.0,0.5
4.0333,  1.00000000,1,0,0.0,0.5
4.0667,  1.00000000,1,0,0.0,0.5
4.1000,  1.00000000,1,0,0.0,0.5
4.1333,  1.00000000,1,0,0.0,0.5
4.1667,  1.00000000,1,0,0.0,0.5
4.2000,  1.00000000,1,0,0.0,0.5
4.2333,  1.00000000,1,0,0.0,0.5
4.2667,  1.00000000,1,0,0.0,0.5
4.3000,  1.00000000,1,0,0.0,0.5
4.3333,  1.00000000,1,0,0.0,0.5
4.3667,  1.00000000,1,0,0.0,0.5
4.4000,  1.00000000,1,0,0.0,0.5
4.4333,  1.00000000,1,0,0.0,0.5
4.4667,  1.00000000,1,0,0.0,0.5
4.5000,  1.00000000,1,0,0.0,0.5
4.5333,  1.00000000,1,0,0.0,0.5
4.5667,  1.00000000,1,0,0.0,0.5
4.6000,  1.00000000,1,0,0.0,0.5
4.6333,  1.00000000,1,0,0.0,0.5
4.6667,  1.00000000,1,0,0.0,0.5
4.7000,  1.00000000,1,0,0.0,0.5
4.7333,  1.00000000,1,0,0.0,0.5
4.7667,  1.00000000,1,0,0.0,0.5
4.8000,  1.00000000,1,0,0.0,0.5
4.8333,  1.00000000,1,0,0.0,0.5
4.8667,  1.00000000,1,0,0.0,0.5
4.9000,  1.00000000,1,0,0.0,0.5
4.9333,  1.00000000,1,0,0.0,0.5
4.9667,  1.00000000,1,0,0.0,0.5
5.0000,  1.00000000,1,0,0.0,0.5
5.0333,  1.00000000,1,0,0.0,0.5
5.0667,  1.00000000,1,0,0.0,0.5
5.1000,  1.00000000,1,0,0.0,0.5
5.1333,  1.00000000,1,0,0.0,0.5
5.1667,  1.00000000,1,0,0.0,0.5
5.2000,  1.00000000,1,0,0.0,0.5
5.2333,  1.00000000,1,0,0.0,0.5
5.2667,  1.00000000,1,0,0.0,0.5
5.3000,  1.00000000,1,0,0.0,0.5
5.3333,  1.00000000,1,0,0.0,0.5
5.3667,  1.00000000,1,0,0.0,0.5
5.4000,  1.00000000,1,0,0.0,0.5
5.4333,  1.00000000,1,0,0.0,0.5
5.4667,  1.00000000,1,0,0.0,0.5
5.5000,  1.00000000,1,0,0.0,0.5
5.5333,  1.00000000,1,0,0.0,0.5
5.5667,  1.00000000,1,0,0.0,0.5
5.6000,  1.00000000,1,0,0.0,0.5
5.6333,  1.00000000,1,0,0.0,0.5
5.6667,  1.00000000,1,0,0.0,0.5
5.7000,  1.00000000,1,0,0.0,0.5
5.7333,  1.00000000,1,0,0.0,0.5
5.7667,  1.00000000,1,0,0.0,0.5
5.8000,  1.00000000,1,0,0.0,0.5
5.8333,  1.00000000,1,0,0.0,0.5
5.8667,  1.00000000,1,0,0.0,0.5
5.9000,  1.00000000,1,0,0.0,0.5
5.9333,  1.00000000,1,0,0.0,0.5
5.9667,  1.00000000,1,0,0.0,0.5
6.0000,  1.00000000,1,0,0.0,0.5
6.0333,  1.00000000,1,0,0.0,0.5
6.0667,  1.00000000,1,0,0.0,0.5
6.1000,  1.00000000,1,0,0.0,0.5
6.1333,  1.00000000,1,0,0.0,0.5
6.1667,  1.00000000,1,0,0.0,0.5
6.2000,  1.00000000,1,0,0.0,0.5
6.2333,  1.00000000,1,0,0.0,0.5
6.2667,  1.00000000,1,0,0.0,0.5
6.3000,  1.00000000,1,0,0.0,0.5
6.3333,  1.00000000,1,0,0.0,0.5
6.3667,  1.00000000,1,0,0.0,0.5
6.4000,  1.00000000,1,0,0.0,0.5
6.4333,  1.00000000,1,0,0.0,0.5
6.4667,  1.00000000,1,0,0.0,0.5
6.5000,  1.00000000,1,0,0.0,0.5
6.5333,  1.00000000,1,0,0.0,0.5
6.5667,  1.00000000,1,0,0.0,0.5
6.6000,  1.00000000,1,0,0.0,0.5
6.6333,  1.00000000,1,0,0.0,0.5
6.6667,  1.00000000,1,0,0.0,0.5
6.7000,  1.00000000,1,0,0.0,0.5
6.7333,  1.00000000,1,0,0.0,0.5
6.7667,  1.00000000,1,0,0.0,0.5
6.8000,  1.00000000,1,0,0.0,0.5
6.8333,  1.00000000,1,0,0.0,0.5
6.8667,  1.00000000,1,0,0.0,0.5
6.9000,  1.00000000,1,0,0.0,0.5
6.9333,  1.00000000,1,0,0.0,0.5
6.9667,  1.00000000,1,0,0.0,0.5
7.0000,  1.00000000,1,0,0.0,0.5
7.0333,  1.00000000,1,0,0.0,0.5
7.0667,  1.00000000,1,0,0.0,0.5
7.1000,  1.00000000,1,0,0.0,0.5
7.1333,  1.00000000,1,0,0.0,0.5
7.1667,  1.00000000,1,0,0.0,0.5
7.2000,  1.00000000,1,0,0.0,0.5
7.2333,  1.00000000,1,0,0.0,0.5
7.2667,  1.00000000,1,0,0.0,0.5
7.3000,  1.00000000,1,0,0.0,0.5
7.3333,  1.00000000,1,0,0.0,0.5
7.3667,  1.00000000,1,0,0.0,0.5
7.4000,  1.00000000,1,0,0.0,0.5
7.4333,  1.00000000,1,0,0.0,0.5
7.4667,  1.00000000,1,0,0.0,0.5
7.5000,  1.00000000,1,0,0.0,0.5
7.5333,  1.00000000,1,0,0.0,0.5
7.5667,  1.00000000,1,0,0.0,0.5
7.6000,  1.00000000,1,0,0.0,0.5
7.6333,  1.00000000,1,0,0.0,0.5
7.6667,  1.00000000,1,0,0.0,0.5
7.7000,  1.00000000,1,0,0.0,0.5
7.7333,  1.00000000,1,0,0.0,0.5
7.7667,  1.00000000,1,0,0.0,0.5
7.8000,  1.00000000,1,0,0.0,0.5
7.8333,  1.00000000,1,0,0.0,0.5
7.8667,  1.00000000,1,0,0.0,0.5
7.9000,  1.00000000,1,0,0.0,0.5
7.9333,  1.00000000,1,0,0.0,0.5
7.9667,  1.00000000,1,0,0.0,0.5
8.0000,  1.00000000,1,0,0.0,0.5
8.0333,  1.00000000,1,0,0.0,0.5
8.0667,  1.00000000,1,0,0.0,0.5
8.1000,  1.00000000,1,0,0.0,0.5
8.1333,  1.00000000,1,0,0.0,0.5
8.1667,  1.00000000,1,0,0.0,0.5
8.2000,  1.00000000,1,0,0.0,0.5
8.2333,  1.00000000,1,0,0.0,0.5
8.2667,  1.00000000,1,0,0.0,0.5
8.3000,  1.00000000,1,0,0.0,0.5
8.3333,  1.00000000,1,0,0.0,0.5
8.3667,  1.00000000,1,0,0.0,0.5
8.4000,  1.00000000,1,0,0.0,0.5
8.4333,  1.00000000,1,0,0.0,0.5
8.4667,  1.00000000,1,0,0.0,0.5
8.5000,  1.00000000,1,0,0.0,0.5
8.5333,  1.00000000,1,0,0.0,0.5
8.5667,  1.00000000,1,0,0.0,0.5
8.6000,  1.00000000,1,0,0.0,0.5
8.6333,  1.00000000,1,0,0.0,0.5
8.6667,  1.00000000,1,0,0.0,0.5
8.7000,  1.00000000,1,0,0.0,0.5
8.7333,  1.00000000,1,0,0.0,0.5
8.7667,  1.00000000,1,0,0.0,0.5
8.8000,  1.00000000,1,0,0.0,0.5
8.8333,  1.00000000,1,0,0.0,0.5
8.8667,  1.00000000,1,0,0.0,0.5
8.9000,  1.00000000,1,0,0.0,0.5
8.9333,  1.00000000,1,0,0.0,0.5
8.9667,  1.00000000,1,0,0.0,0.5
9.0000,  1.00000000,1,0,0.0,0.5
9.0333,  1.00000000,1,0,0.0,0.5
9.0667,  1.00000000,1,0,0.0,0.5
9.1000,  1.00000000,1,0,0.0,0.5
9.1333,  1.00000000,1,0,0.0,0.5
9.1667,  1.00000000,1,0,0.0,0.5
9.2000,  1.00000000,1,0,0.0,0.5
9.2333,  1.00000000,1,0,0.0,0.5
9.2667,  1.00000000,1,0,0.0,0.5
9.3000,  1.00000000,1,0,0.0,0.5
9.3333,  1.00000000,1,0,0.0,0.5
9.3667,  1.00000000,1,0,0.0,0.5
9.4000,  1.00000000,1,0,0.0,0.5
9.4333,  1.00000000,1,0,0.0,0.5
9.4667,  1.00000000,1,0,0.0,0.5
9.5000,  1.00000000,1,0,0.0,0.5
9.5333,  1.00000000,1,0,0.0,0.5
9.5667,  1.00000000,1,0,0.0,0.5
9.6000,  1.00000000,1,0,0.0,0.5
9.6333,  1.00000000,1,0,0.0,0.5
9.6667,  1.00000000,1,0,0.0,0.5
9.7000,  1.00000000,1,0,0.0,0.5
9.7333,  1.00000000,1,0,0.0,0.5
9.7667,  1.00000000,1,0,0.0,0.5
9.8000,  1.00000000,1,0,0.0,0.5
9.8333,  1.00000000,1,0,0.0,0.5
9.8667,  1.00000000,1,0,0.0,0.5
9.9000,  1.00000000,1,0,0.0,0.5
9.9333,  1.00000000,1,0,0.0,0.5
9.9667,  1.00000000,1,0,0.0,0.5
10.0000,  1.00000000,1,0,0.0,0.5
10.0333,  1.00000000,1,0,0.0,0.5
10.0667,  1.00000000,1,0,0.0,0.5
10.1000,  1.00000000,1,0,0.0,0.5
10.1333,  1.00000000,1,0,0.0,0.5
10.1667,  1.00000000,1,0,0.0,0.5
10.2000,  1.00000000,1,0,0.0,0.5
10.2333,  1.00000000,1,0,0.0,0.5
10.2667,  1.00000000,1,0,0.0,0.5
10.3000,  1.00000000,1,0,0.0,0.5
10.3333,  1.00000000,1,0,0.0,0.5
10.3667,  1.00000000,1,0,0.0,0.5
10.4000,  1.00000000,1,0,0.0,0.5
10.4333,  1.00000000,1,0,0.0,0.5
10.4667,  1.00000000,1,0,0.0,0.5
10.5000,  1.00000000,1,0,0.0,0.5
10.5333,  1.00000000,1,0,0.0,0.5
10.5667,  1.00000000,1,0,0.0,0.5
10.6000,  1.00000000,1,0,0.0,0.5
10.6333,  1.00000000,1,0,0.0,0.5
10.6667,  1.00000000,1,0,0.0,0.5
10.7000,  1.00000000,1,0,0.0,0.5
10.7333,  1.00000000,1,0,0.0,0.5
10.7667,  1.00000000,1,0,0.0,0.5
10.8000,  1.00000000,1,0,0.0,0.5
10.8333,  1.00000000,1,0,0.0,0.5
10.8667,  1.00000000,1,0,0.0,0.5
10.9000,  1.00000000,1,0,0.0,0.5
10.9333,  1.00000000,1,0,0.0,0.5
10.9667,  1.00000000,1,0,0.0,0.5
11.0000,  1.00000000,1,0,0.0,0.5
11.0333,  1.00000000,1,0,0.0,0.5
11.0667,  1.00000000,1,0,0.0,0.5
11.1000,  1.00000000,1,0,0.0,0.5
11.1333,  1.00000000,1,0,0.0,0.5
11.1667,  1.00000000,1,0,0.0,0.5
11.2000,  1.00000000,1,0,0.0,0.5
11.2333,  1.00000000,1,0,0.0,0.5
11.2667,  1.00000000,1,0,0.0,0.5
11.3000,  1.00000000,1,0,0.0,0.5
11.3333,  1.00000000,1,0,0.0,0.5
11.3667,  1.00000000,1,0,0.0,0.5
11.4000,  1.00000000,1,0,0.0,0.5
11.4333,  1.00000000,1,0,0.0,0.5
11.4667,  1.00000000,1,0,0.0,0.5
11.5000,  1.00000000,1,0,0.0,0.5
11.5333,  1.00000000,1,0,0.0,0.5
11.5667,  1.00000000,1,0,0.0,0.5
11.6000,  1.00000000,1,0,0.0,0.5
11.6333,  1.00000000,1,0,0.0,0.5
11.6667,  1.00000000,1,0,0.0,0.5
11.7000,  1.00000000,1,0,0.0,0.5
11.7333,  1.00000000,1,0,0.0,0.5
11.7667,  1.00000000,1,0,0.0,0.5
11.8000,  1.00000000,1,0,0.0,0.5
11.8333,  1.00000000,1,0,0.0,0.5
11.8667,  1.00000000,1,0,0.0,0.5
11.9000,  1.00000000,1,0,0.0,0.5
11.9333,  1.00000000,1,0,0.0,0.5
11.9667,  1.00000000,1,0,0.0,0.5
12.0000,  1.00000000,1,0,0.0,0.5
12.0333,  1.00000000,1,0,0.0,0.5
12.0667,  1.00000000,1,0,0.0,0.5
12.1000,  1.00000000,1,0,0.0,0.5
12.1333,  1.00000000,1,0,0.0,0.5
12.1667,  1.00000000,1,0,0.0,0.5
12.2000,  1.00000000,1,0,0.0,0.5
12.2333,  1.00000000,1,0,0.0,0.5
12.2667,  1.00000000,1,0,0.0,0.5
12.3000,  1.00000000,1,0,0.0,0.5
12.3333,  1.00000000,1,0,0.0,0.5
12.3667,  1.00000000,1,0,0.0,0.5
12.4000,  1.00000000,1,0,0.0,0.5
12.4333,  1.00000000,1,0,0.0,0.5
12.4667,  1.00000000,1,0,0.0,0.5
12.5000,  1.00000000,1,0,0.0,0.5
12.5333,  1.00000000,1,0,0.0,0.5
12.5667,  1.00000000,1,0,0.0,0.5
12.6000,  1.00000000,1,0,0.0,0.5
12.6333,  1.00000000,1,0,0.0,0.5
12.6667,  1.00000000,1,0,0.0,0.5
12.7000,  1.00000000,1,0,0.0,0.5
12.7333,  1.00000000,1,0,0.0,0.5
12.7667,  1.00000000,1,0,0.0,0.5
12.8000,  1.00000000,1,0,0.0,0.5
12.8333,  1.00000000,1,0,0.0,0.5
12.8667,  1.00000000,1,0,0.0,0.5
12.9000,  1.00000000,1,0,0.0,0.5
12.9333,  1.00000000,1,0,0.0,0.5
12.9667,  1.00000000,1,0,0.0,0.5
13.0000,  1.00000000,1,0,0.0,0.5
13.0333,  1.00000000,1,0,0.0,0.5
13.0667,  1.00000000,1,0,0.0,0.5
13.1000,  1.00000000,1,0,0.0,0.5
13.1333,  1.00000000,1,0,0.0,0.5
13.1667,  1.00000000,1,0,0.0,0.5
13.2000,  1.00000000,1,0,0.0,0.5
13.2333,  1.00000000,1,0,0.0,0.5
13.2667,  1.00000000,1,0,0.0,0.5
13.3000,  1.00000000,1,0,0.0,0.5
13.3333,  1.00000000,1,0,0.0,0.5
13.3667,  1.00000000,1,0,0.0,0.5
13.4000,  1.00000000,1,0,0.0,0.5
13.4333,  1.00000000,1,0,0.0,0.5
13.4667,  1.00000000,1,0,0.0,0.5
13.5000,  1.00000000,1,0,0.0,0.5
13.5333,  1.00000000,1,0,0.0,0.5
13.5667,  1.00000000,1,0,0.0,0.5
13.6000,  1.00000000,1,0,0.0,0.5
13.6333,  1.00000000,1,0,0.0,0.5
13.6667,  1.00000000,1,0,0.0,0.5
13.7000,  1.00000000,1,0,0.0,0.5
13.7333,  1.00000000,1,0,0.0,0.5
13.7667,  1.00000000,1,0,0.0,0.5
13.8000,  1.00000000,1,0,0.0,0.5
13.8333,  1.00000000,1,0,0.0,0.5
13.8667,  1.00000000,1,0,0.0,0.5
13.9000,  1.00000000,1,0,0.0,0.5
13.9333,  1.00000000,1,0,0.0,0.5
13.9667,  1.00000000,1,0,0.0,0.5
14.0000,  1.00000000,1,0,0.0,0.5
14.0333,  1.00000000,1,0,0.0,0.5
14.0667,  1.00000000,1,0,0.0,0.5
14.1000,  1.00000000,1,0,0.0,0.5
14.1333,  1.00000000,1,0,0.0,0.5
14.1667,  1.00000000,1,0,0.0,0.5
14.2000,  1.00000000,1,0,0.0,0.5
14.2333,  1.00000000,1,0,0.0,0.5
14.2667,  1.00000000,1,0,0.0,0.5
14.3000,  1.00000000,1,0,0.0,0.5
14.3333,  1.00000000,1,0,0.0,0.5
14.3667,  1.00000000,1,0,0.0,0.5
14.4000,  1.00000000,1,0,0.0,0.5
14.4333,  1.00000000,1,0,0.0,0.5
14.4667,  1.00000000,1,0,0.0,0.5
14.5000,  1.00000000,1,0,0.0,0.5
14.5333,  1.00000000,1,0,0.0,0.5
14.5667,  1.00000000,1,0,0.0,0.5
14.6000,  1.00000000,1,0,0.0,0.5
14.6333,  1.00000000,1,0,0.0,0.5
14.6667,  1.00000000,1,0,0.0,0.5
14.7000,  1.00000000,1,0,0.0,0.5
14.7333,  1.00000000,1,0,0.0,0.5
14.7667,  1.00000000,1,0,0.0,0.5
14.8000,  1.00000000,1,0,0.0,0.5
14.8333,  1.00000000,1,0,0.0,0.5
14.8667,  1.00000000,1,0,0.0,0.5
14.9000,  1.00000000,1,0,0.0,0.5
14.9333,  1.00000000,1,0,0.0,0.5
14.9667,  1.00000000,1,0,0.0,0.5
15.0000,  1.00000000,1,0,0.0,0.5
15.0333,  1.00000000,1,0,0.0,0.5
15.0667,  1.00000000,1,0,0.0,0.5
15.1000,  1.00000000,1,0,0.0,0.5
15.1333,  1.00000000,1,0,0.0,0.5
15.1667,  1.00000000,1,0,0.0,0.5
15.2000,  1.00000000,1,0,0.0,0.5
15.2333,  1.00000000,1,0,0.0,0.5
15.2667,  1.00000000,1,0,0.0,0.5
15.3000,  1.00000000,1,0,0.0,0.5
15.3333,  1.00000000,1,0,0.0,0.5
15.3667,  1.00000000,1,0,0.0,0.5
15.4000,  1.00000000,1,0,0.0,0.5
15.4333,  1.00000000,1,0,0.0,0.5
15.4667,  1.00000000,1,0,0.0,0.5
15.5000,  1.00000000,1,0,0.0,0.5
15.5333,  1.00000000,1,0,0.0,0.5
15.5667,  1.00000000,1,0,0.0,0.5
15.6000,  1.00000000,1,0,0.0,0.5
15.6333,  1.00000000,1,0,0.0,0.5
15.6667,  1.00000000,1,0,0.0,0.5
15.7000,  1.00000000,1,0,0.0,0.5
15.7333,  1.00000000,1,0,0.0,0.5
15.7667,  1.00000000,1,0,0.0,0.5
15.8000,  1.00000000,1,0,0.0,0.5
15.8333,  1.00000000,1,0,0.0,0.5
15.8667,  1.00000000,1,0,0.0,0.5
15.9000,  1.00000000,1,0,0.0,0.5
15.9333,  1.00000000,1,0,0.0,0.5
15.9667,  1.00000000,1,0,0.0,0.5
16.0000,  1.00000000,1,0,0.0,0.5
16.0333,  1.00000000,1,0,0.0,0.5
16.0667,  1.00000000,1,0,0.0,0.5
16.1000,  1.00000000,1,0,0.0,0.5
16.1333,  1.00000000,1,0,0.0,0.5
16.1667,  1.00000000,1,0,0.0,0.5
16.2000,  1.00000000,1,0,0.0,0.5
16.2333,  1.00000000,1,0,0.0,0.5
16.2667,  1.00000000,1,0,0.0,0.5
16.3000,  1.00000000,1,0,0.0,0.5
16.3333,  1.00000000,1,0,0.0,0.5
16.3667,  1.00000000,1,0,0.0,0.5
16.4000,  1.00000000,1,0,0.0,0.5
16.4333,  1.00000000,1,0,0.0,0.5
16.4667,  1.00000000,1,0,0.0,0.5
16.5000,  1.00000000,1,0,0.0,0.5
16.5333,  1.00000000,1,0,0.0,0.5
16.5667,  1.00000000,1,0,0.0,0.5
16.6000,  1.00000000,1,0,0.0,0.5
16.6333,  1.00000000,1,0,0.0,0.5
16.6667,  1.00000000,1,0,0.0,0.5
16.7000,  1.00000000,1,0,0.0,0.5
16.7333,  1.00000000,1,0,0.0,0.5
16.7667,  1.00000000,1,0,0.0,0.5
16.8000,  1.00000000,1,0,0.0,0.5
16.8333,  1.00000000,1,0,0.0,0.5
16.8667,  1.00000000,1,0,0.0,0.5
16.9000,  1.00000000,1,0,0.0,0.5
16.9333,  1.00000000,1,0,0.0,0.5
16.9667,  1.00000000,1,0,0.0,0.5
17.0000,  1.00000000,1,0,0.0,0.5
17.0333,  1.00000000,1,0,0.0,0.5
17.0667,  1.00000000,1,0,0.0,0.5
17.1000,  1.00000000,1,0,0.0,0.5
17.1333,  1.00000000,1,0,0.0,0.5
17.1667,  1.00000000,1,0,0.0,0.5
17.2000,  1.00000000,1,0,0.0,0.5
17.2333,  1.00000000,1,0,0.0,0.5
17.2667,  1.00000000,1,0,0.0,0.5
17.3000,  1.00000000,1,0,0.0,0.5
17.3333,  1.00000000,1,0,0.0,0.5
17.3667,  1.00000000,1,0,0.0,0.5
17.4000,  1.00000000,1,0,0.0,0.5
17.4333,  1.00000000,1,0,0.0,0.5
17.4667,  1.00000000,1,0,0.0,0.5
17.5000,  1.00000000,1,0,0.0,0.5
17.5333,  1.00000000,1,0,0.0,0.5
17.5667,  1.00000000,1,0,0.0,0.5
17.6000,  1.00000000,1,0,0.0,0.5
17.6333,  1.00000000,1,0,0.0,0.5
17.6667,  1.00000000,1,0,0.0,0.5
17.7000,  1.00000000,1,0,0.0,0.5
17.7333,  1.00000000,1,0,0.0,0.5
17.7667,  1.00000000,1,0,0.0,0.5
17.8000,  1.00000000,1,0,0.0,0.5
17.8333,  1.00000000,1,0,0.0,0.5
17.8667,  1.00000000,1,0,0.0,0.5
17.9000,  1.00000000,1,0,0.0,0.5
17.9333,  1.00000000,1,0,0.0,0.5
17.9667,  1.00000000,1,0,0.0,0.5
18.0000,  1.00000000,1,0,0.0,0.5
18.0333,  1.00000000,1,0,0.0,0.5
18.0667,  1.00000000,1,0,0.0,0.5
18.1000,  1.00000000,1,0,0.0,0.5
18.1333,  1.00000000,1,0,0.0,0.5
18.1667,  1.00000000,1,0,0.0,0.5
18.2000,  1.00000000,1,0,0.0,0.5
18.2333,  1.00000000,1,0,0.0,0.5
18.2667,  1.00000000,1,0,0.0,0.5
18.3000,  1.00000000,1,0,0.0,0.5
18.3333,  1.00000000,1,0,0.0,0.5
18.3667,  1.00000000,1,0,0.0,0.5
18.4000,  1.00000000,1,0,0.0,0.5
18.4333,  1.00000000,1,0,0.0,0.5
18.4667,  1.00000000,1,0,0.0,0.5
18.5000,  1.00000000,1,0,0.0,0.5
18.5333,  1.00000000,1,0,0.0,0.5
18.5667,  1.00000000,1,0,0.0,0.5
18.6000,  1.00000000,1,0,0.0,0.5
18.6333,  1.00000000,1,0,0.0,0.5
18.6667,  1.00000000,1,0,0.0,0.5
18.7000,  1.00000000,1,0,0.0,0.5
18.7333,  1.00000000,1,0,0.0,0.5
18.7667,  1.00000000,1,0,0.0,0.5
18.8000,  1.00000000,1,0,0.0,0.5
18.8333,  1.00000000,1,0,0.0,0.5
18.8667,  1.00000000,1,0,0.0,0.5
18.9000,  1.00000000,1,0,0.0,0.5
18.9333,  1.00000000,1,0,0.0,0.5
18.9667,  1.00000000,1,0,0.0,0.5
19.0000,  1.00000000,1,0,0.0,0.5
19.0333,  1.00000000,1,0,0.0,0.5
19.0667,  1.00000000,1,0,0.0,0.5
19.1000,  1.00000000,1,0,0.0,0.5
19.1333,  1.00000000,1,0,0.0,0.5
19.1667,  1.00000000,1,0,0.0,0.5
19.2000,  1.00000000,1,0,0.0,0.5
19.2333,  1.00000000,1,0,0.0,0.5
19.2667,  1.00000000,1,0,0.0,0.5
19.3000,  1.00000000,1,0,0.0,0.5
19.3333,  1.00000000,1,0,0.0,0.5
19.3667,  1.00000000,1,0,0.0,0.5
19.4000,  1.00000000,1,0,0.0,0.5
19.4333,  1.00000000,1,0,0.0,0.5
19.4667,  1.00000000,1,0,0.0,0.5
19.5000,  1.00000000,1,0,0.0,0.5
19.5333,  1.00000000,1,0,0.0,0.5
19.5667,  1.00000000,1,0,0.0,0.5
19.6000,  1.00000000,1,0,0.0,0.5
19.6333,  1.00000000,1,0,0.0,0.5
19.6667,  1.00000000,1,0,0.0,0.5
19.7000,  1.00000000,1,0,0.0,0.5
19.7333,  1.00000000,1,0,0.0,0.5
19.7667,  1.00000000,1,0,0.0,0.5
19.8000,  1.00000000,1,0,0.0,0.5
19.8333,  1.00000000,1,0,0.0,0.5
19.8667,  1.00000000,1,0,0.0,0.5
19.9000,  1.00000000,1,0,0.0,0.5
19.9333,  1.00000000,1,0,0.0,0.5
19.9667,  1.00000000,1,0,0.0,0.5
20.0000,  1.00000000,1,0,0.0,0.5
20.0333,  1.00000000,1,0,0.0,0.5
20.0667,  1.00000000,1,0,0.0,0.5
20.1000,  1.00000000,1,0,0.0,0.5
20.1333,  1.00000000,1,0,0.0,0.5
20.1667,  1.00000000,1,0,0.0,0.5
20.2000,  1.00000000,1,0,0.0,0.5
20.2333,  1.00000000,1,0,0.0,0.5
20.2667,  1.00000000,1,0,0.0,0.5
20.3000,  1.00000000,1,0,0.0,0.5
20.3333,  1.00000000,1,0,0.0,0.5
20.3667,  1.00000000,1,0,0.0,0.5
20.4000,  1.00000000,1,0,0.0,0.5
20.4333,  1.00000000,1,0,0.0,0.5
20.4667,  1.00000000,1,0,0.0,0.5
20.5000,  1.00000000,1,0,0.0,0.5
20.5333,  1.00000000,1,0,0.0,0.5
20.5667,  1.00000000,1,0,0.0,0.5
20.6000,  1.00000000,1,0,0.0,0.5
20.6333,  1.00000000,1,0,0.0,0.5
20.6667,  1.00000000,1,0,0.0,0.5
20.7000,  1.00000000,1,0,0.0,0.5
20.7333,  1.00000000,1,0,0.0,0.5
20.7667,  1.00000000,1,0,0.0,0.5
20.8000,  1.00000000,1,0,0.0,0.5
20.8333,  1.00000000,1,0,0.0,0.5
20.8667,  1.00000000,1,0,0.0,0.5
20.9000,  1.00000000,1,0,0.0,0.5
20.9333,  1.00000000,1,0,0.0,0.5
20.9667,  1.00000000,1,0,0.0,0.5
21.0000,  1.00000000,1,0,0.0,0.5
21.0333,  1.00000000,1,0,0.0,0.5
21.0667,  1.00000000,1,0,0.0,0.5
21.1000,  1.00000000,1,0,0.0,0.5
21.1333,  1.00000000,1,0,0.0,0.5
21.1667,  1.00000000,1,0,0.0,0.5
21.2000,  1.00000000,1,0,0.0,0.5
21.2333,  1.00000000,1,0,0.0,0.5
21.2667,  1.00000000,1,0,0.0,0.5
21.3000,  1.00000000,1,0,0.0,0.5
21.3333,  1.00000000,1,0,0.0,0.5
21.3667,  1.00000000,1,0,0.0,0.5
21.4000,  1.00000000,1,0,0.0,0.5
21.4333,  1.00000000,1,0,0.0,0.5
21.4667,  1.00000000,1,0,0.0,0.5
21.5000,  1.00000000,1,0,0.0,0.5
21.5333,  1.00000000,1,0,0.0,0.5
21.5667,  1.00000000,1,0,0.0,0.5
21.6000,  1.00000000,1,0,0.0,0.5
21.6333,  1.00000000,1,0,0.0,0.5
21.6667,  1.00000000,1,0,0.0,0.5
21.7000,  1.00000000,1,0,0.0,0.5
21.7333,  1.00000000,1,0,0.0,0.5
21.7667,  1.00000000,1,0,0.0,0.5
21.8000,  1.00000000,1,0,0.0,0.5
21.8333,  1.00000000,1,0,0.0,0.5
21.8667,  1.00000000,1,0,0.0,0.5
21.9000,  1.00000000,1,0,0.0,0.5
21.9333,  1.00000000,1,0,0.0,0.5
21.9667,  1.00000000,1,0,0.0,0.5
22.0000,  1.00000000,1,0,0.0,0.5
22.0333,  1.00000000,1,0,0.0,0.5
22.0667,  1.00000000,1,0,0.0,0.5
22.1000,  1.00000000,1,0,0.0,0.5
22.1333,  1.00000000,1,0,0.0,0.5
22.1667,  1.00000000,1,0,0.0,0.5
22.2000,  1.00000000,1,0,0.0,0.5
22.2333,  1.00000000,1,0,0.0,0.5
22.2667,  1.00000000,1,0,0.0,0.5
22.3000,  1.00000000,1,0,0.0,0.5
22.3333,  1.00000000,1,0,0.0,0.5
22.3667,  1.00000000,1,0,0.0,0.5
22.4000,  1.00000000,1,0,0.0,0.5
22.4333,  1.00000000,1,0,0.0,0.5
22.4667,  1.00000000,1,0,0.0,0.5
22.5000,  1.00000000,1,0,0.0,0.5
22.5333,  1.00000000,1,0,0.0,0.5
22.5667,  1.00000000,1,0,0.0,0.5
22.6000,  1.00000000,1,0,0.0,0.5
22.6333,  1.00000000,1,0,0.0,0.5
22.6667,  1.00000000,1,0,0.0,0.5
22.7000,  1.00000000,1,0,0.0,0.5
22.7333,  1.00000000,1,0,0.0,0.5
22.7667,  1.00000000,1,0,0.0,0.5
22.8000,  1.00000000,1,0,0.0,0.5
22.8333,  1.00000000,1,0,0.0,0.5
22.8667,  1.00000000,1,0,0.0,0.5
22.9000,  1.00000000,1,0,0.0,0.5
22.9333,  1.00000000,1,0,0.0,0.5
22.9667,  1.00000000,1,0,0.0,0.5
23.0000,  1.00000000,1,0,0.0,0.5
23.0333,  1.00000000,1,0,0.0,0.5
23.0667,  1.00000000,1,0,0.0,0.5
23.1000,  1.00000000,1,0,0.0,0.5
23.1333,  1.00000000,1,0,0.0,0.5
23.1667,  1.00000000,1,0,0.0,0.5
23.2000,  1.00000000,1,0,0.0,0.5
23.2333,  1.00000000,1,0,0.0,0.5
23.2667,  1.00000000,1,0,0.0,0.5
23.3000,  1.00000000,1,0,0.0,0.5
23.3333,  1.00000000,1,0,0.0,0.5
23.3667,  1.00000000,1,0,0.0,0.5
23.4000,  1.00000000,1,0,0.0,0.5
23.4333,  1.00000000,1,0,0.0,0.5
23.4667,  1.00000000,1,0,0.0,0.5
23.5000,  1.00000000,1,0,0.0,0.5
23.5333,  1.00000000,1,0,0.0,0.5
23.5667,  1.00000000,1,0,0.0,0.5
23.6000,  1.00000000,1,0,0.0,0.5
23.6333,  1.00000000,1,0,0.0,0.5
23.6667,  1.00000000,1,0,0.0,0.5
23.7000,  1.00000000,1,0,0.0,0.5
23.7333,  1.00000000,1,0,0.0,0.5
23.7667,  1.00000000,1,0,0.0,0.5
23.8000,  1.00000000,1,0,0.0,0.5
23.8333,  1.00000000,1,0,0.0,0.5
23.8667,  1.00000000,1,0,0.0,0.5
23.9000,  1.00000000,1,0,0.0,0.5
23.9333,  1.00000000,1,0,0.0,0.5
23.9667,  1.00000000,1,0,0.0,0.5
24.0000,  1.00000000,1,0,0.0,0.5
24.0333,  1.00000000,1,0,0.0,0.5
24.0667,  1.00000000,1,0,0.0,0.5
24.1000,  1.00000000,1,0,0.0,0.5
24.1333,  1.00000000,1,0,0.0,0.5
24.1667,  1.00000000,1,0,0.0,0.5
24.2000,  1.00000000,1,0,0.0,0.5
24.2333,  1.00000000,1,0,0.0,0.5
24.2667,  1.00000000,1,0,0.0,0.5
24.3000,  1.00000000,1,0,0.0,0.5
24.3333,  1.00000000,1,0,0.0,0.5
24.3667,  1.00000000,1,0,0.0,0.5
24.4000,  1.00000000,1,0,0.0,0.5
24.4333,  1.00000000,1,0,0.0,0.5
24.4667,  1.00000000,1,0,0.0,0.5
24.5000,  1.00000000,1,0,0.0,0.5
24.5333,  1.00000000,1,0,0.0,0.5
24.5667,  1.00000000,1,0,0.0,0.5
24.6000,  1.00000000,1,0,0.0,0.5
24.6333,  1.00000000,1,0,0.0,0.5
24.6667,  1.00000000,1,0,0.0,0.5
24.7000,  1.00000000,1,0,0.0,0.5
24.7333,  1.00000000,1,0,0.0,0.5
24.7667,  1.00000000,1,0,0.0,0.5
24.8000,  1.00000000,1,0,0.0,0.5
24.8333,  1.00000000,1,0,0.0,0.5
24.8667,  1.00000000,1,0,0.0,0.5
24.9000,  1.00000000,1,0,0.0,0.5
24.9333,  1.00000000,1,0,0.0,0.5
24.9667,  1.00000000,1,0,0.0,0.5
25.0000,  1.00000000,1,0,0.0,0.5
25.0333,  1.00000000,1,0,0.0,0.5
25.0667,  1.00000000,1,0,0.0,0.5
25.1000,  1.00000000,1,0,0.0,0.5
25.1333,  1.00000000,1,0,0.0,0.5
25.1667,  1.00000000,1,0,0.0,0.5
25.2000,  1.00000000,1,0,0.0,0.5
25.2333,  1.00000000,1,0,0.0,0.5
25.2667,  1.00000000,1,0,0.0,0.5
25.3000,  1.00000000,1,0,0.0,0.5
25.3333,  1.00000000,1,0,0.0,0.5
25.3667,  1.00000000,1,0,0.0,0.5
25.4000,  1.00000000,1,0,0.0,0.5
25.4333,  1.00000000,1,0,0.0,0.5
25.4667,  1.00000000,1,0,0.0,0.5
25.5000,  1.00000000,1,0,0.0,0.5
25.5333,  1.00000000,1,0,0.0,0.5
25.5667,  1.00000000,1,0,0.0,0.5
25.6000,  1.00000000,1,0,0.0,0.5
25.6333,  1.00000000,1,0,0.0,0.5
25.6667,  1.00000000,1,0,0.0,0.5
25.7000,  1.00000000,1,0,0.0,0.5
25.7333,  1.00000000,1,0,0.0,0.5
25.7667,  1.00000000,1,0,0.0,0.5
25.8000,  1.00000000,1,0,0.0,0.5
25.8333,  1.00000000,1,0,0.0,0.5
25.8667,  1.00000000,1,0,0.0,0.5
25.9000,  1.00000000,1,0,0.0,0.5
25.9333,  1.00000000,1,0,0.0,0.5
25.9667,  1.00000000,1,0,0.0,0.5
26.0000,  1.00000000,1,0,0.0,0.5
26.0333,  1.00000000,1,0,0.0,0.5
26.0667,  1.00000000,1,0,0.0,0.5
26.1000,  1.00000000,1,0,0.0,0.5
26.1333,  1.00000000,1,0,0.0,0.5
26.1667,  1.00000000,1,0,0.0,0.5
26.2000,  1.00000000,1,0,0.0,0.5
26.2333,  1.00000000,1,0,0.0,0.5
26.2667,  1.00000000,1,0,0.0,0.5
26.3000,  1.00000000,1,0,0.0,0.5
26.3333,  1.00000000,1,0,0.0,0.5
26.3667,  1.00000000,1,0,0.0,0.5
26.4000,  1.00000000,1,0,0.0,0.5
26.4333,  1.00000000,1,0,0.0,0.5
26.4667,  1.00000000,1,0,0.0,0.5
26.5000,  1.00000000,1,0,0.0,0.5
26.5333,  1.00000000,1,0,0.0,0.5
26.5667,  1.00000000,1,0,0.0,0.5
26.6000,  1.00000000,1,0,0.0,0.5
26.6333,  1.00000000,1,0,0.0,0.5
26.6667,  1.00000000,1,0,0.0,0.5
26.7000,  1.00000000,1,0,0.0,0.5
26.7333,  1.00000000,1,0,0.0,0.5
26.7667,  1.00000000,1,0,0.0,0.5
26.8000,  1.00000000,1,0,0.0,0.5
26.8333,  1.00000000,1,0,0.0,0.5
26.8667,  1.00000000,1,0,0.0,0.5
26.9000,  1.00000000,1,0,0.0,0.5
26.9333,  1.00000000,1,0,0.0,0.5
26.9667,  1.00000000,1,0,0.0,0.5
27.0000,  1.00000000,1,0,0.0,0.5
27.0333,  1.00000000,1,0,0.0,0.5
27.0667,  1.00000000,1,0,0.0,0.5
27.1000,  1.00000000,1,0,0.0,0.5
27.1333,  1.00000000,1,0,0.0,0.5
27.1667,  1.00000000,1,0,0.0,0.5
27.2000,  1.00000000,1,0,0.0,0.5
27.2333,  1.00000000,1,0,0.0,0.5
27.2667,  1.00000000,1,0,0.0,0.5
27.3000,  1.00000000,1,0,0.0,0.5
27.3333,  1.00000000,1,0,0.0,0.5
27.3667,  1.00000000,1,0,0.0,0.5
27.4000,  1.00000000,1,0,0.0,0.5
27.4333,  1.00000000,1,0,0.0,0.5
27.4667,  1.00000000,1,0,0.0,0.5
27.5000,  1.00000000,1,0,0.0,0.5
27.5333,  1.00000000,1,0,0.0,0.5
27.5667,  1.00000000,1,0,0.0,0.5
27.6000,  1.00000000,1,0,0.0,0.5
27.6333,  1.00000000,1,0,0.0,0.5
27.6667,  1.00000000,1,0,0.0,0.5
27.7000,  1.00000000,1,0,0.0,0.5
27.7333,  1.00000000,1,0,0.0,0.5
27.7667,  1.00000000,1,0,0.0,0.5
27.8000,  1.00000000,1,0,0.0,0.5
27.8333,  1.00000000,1,0,0.0,0.5
27.8667,  1.00000000,1,0,0.0,0.5
27.9000,  1.00000000,1,0,0.0,0.5
27.9333,  1.00000000,1,0,0.0,0.5
27.9667,  1.00000000,1,0,0.0,0.5
28.0000,  1.00000000,1,0,0.0,0.5
28.0333,  1.00000000,1,0,0.0,0.5
28.0667,  1.00000000,1,0,0.0,0.5
28.1000,  1.00000000,1,0,0.0,0.5
28.1333,  1.00000000,1,0,0.0,0.5
28.1667,  1.00000000,1,0,0.0,0.5
28.2000,  1.00000000,1,0,0.0,0.5
28.2333,  1.00000000,1,0,0.0,0.5
28.2667,  1.00000000,1,0,0.0,0.5
28.3000,  1.00000000,1,0,0.0,0.5
28.3333,  1.00000000,1,0,0.0,0.5
28.3667,  1.00000000,1,0,0.0,0.5
28.4000,  1.00000000,1,0,0.0,0.5
28.4333,  1.00000000,1,0,0.0,0.5
28.4667,  1.00000000,1,0,0.0,0.5
28.5000,  1.00000000,1,0,0.0,0.5
28.5333,  1.00000000,1,0,0.0,0.5
28.5667,  1.00000000,1,0,0.0,0.5
28.6000,  1.00000000,1,0,0.0,0.5
28.6333,  1.00000000,1,0,0.0,0.5
28.6667,  1.00000000,1,0,0.0,0.5
28.7000,  1.00000000,1,0,0.0,0.5
28.7333,  1.00000000,1,0,0.0,0.5
28.7667,  1.00000000,1,0,0.0,0.5
28.8000,  1.00000000,1,0,0.0,0.5
28.8333,  1.00000000,1,0,0.0,0.5
28.8667,  1.00000000,1,0,0.0,0.5
28.9000,  1.00000000,1,0,0.0,0.5
28.9333,  1.00000000,1,0,0.0,0.5
28.9667,  1.00000000,1,0,0.0,0.5
29.0000,  1.00000000,1,0,0.0,0.5
29.0333,  1.00000000,1,0,0.0,0.5
29.0667,  1.00000000,1,0,0.0,0.5
29.1000,  1.00000000,1,0,0.0,0.5
29.1333,  1.00000000,1,0,0.0,0.5
29.1667,  1.00000000,1,0,0.0,0.5
29.2000,  1.00000000,1,0,0.0,0.5
29.2333,  1.00000000,1,0,0.0,0.5
29.2667,  1.00000000,1,0,0.0,0.5
29.3000,  1.00000000,1,0,0.0,0.5
29.3333,  1.00000000,1,0,0.0,0.5
29.3667,  1.00000000,1,0,0.0,0.5
29.4000,  1.00000000,1,0,0.0,0.5
29.4333,  1.00000000,1,0,0.0,0.5
29.4667,  1.00000000,1,0,0.0,0.5
29.5000,  1.00000000,1,0,0.0,0.5
29.5333,  1.00000000,1,0,0.0,0.5
29.5667,  1.00000000,1,0,0.0,0.5
29.6000,  1.00000000,1,0,0.0,0.5
29.6333,  1.00000000,1,0,0.0,0.5
29.6667,  1.00000000,1,0,0.0,0.5
29.7000,  1.00000000,1,0,0.0,0.5
29.7333,  1.00000000,1,0,0.0,0.5
29.7667,  1.00000000,1,0,0.0,0.5
29.8000,  1.00000000,1,0,0.0,0.5
29.8333,  1.00000000,1,0,0.0,0.5
29.8667,  1.00000000,1,0,0.0,0.5
29.9000,  1.00000000,1,0,0.0,0.5
29.9333,  1.00000000,1,0,0.0,0.5
29.9667,  1.00000000,1,0,0.0,0.5
30.0000,  1.00000000,1,0,0.0,0.5
30.0333,  1.00000000,1,0,0.0,0.5
30.0667,  1.00000000,1,0,0.0,0.5
30.1000,  1.00000000,1,0,0.0,0.5
30.1333,  1.00000000,1,0,0.0,0.5
30.1667,  1.00000000,1,0,0.0,0.5
30.2000,  1.00000000,1,0,0.0,0.5
30.2333,  1.00000000,1,0,0.0,0.5
30.2667,  1.00000000,1,0,0.0,0.5
30.3000,  1.00000000,1,0,0.0,0.5
30.3333,  1.00000000,1,0,0.0,0.5
30.3667,  1.00000000,1,0,0.0,0.5
30.4000,  1.00000000,1,0,0.0,0.5
30.4333,  1.00000000,1,0,0.0,0.5
30.4667,  1.00000000,1,0,0.0,0.5
30.5000,  1.00000000,1,0,0.0,0.5
30.5333,  1.00000000,1,0,0.0,0.5
30.5667,  1.00000000,1,0,0.0,0.5
30.6000,  1.00000000,1,0,0.0,0.5
30.6333,  1.00000000,1,0,0.0,0.5
30.6667,  1.00000000,1,0,0.0,0.5
30.7000,  1.00000000,1,0,0.0,0.5
30.7333,  1.00000000,1,0,0.0,0.5
30.7667,  1.00000000,1,0,0.0,0.5
30.8000,  1.00000000,1,0,0.0,0.5
30.8333,  1.00000000,1,0,0.0,0.5
30.8667,  1.00000000,1,0,0.0,0.5
30.9000,  1.00000000,1,0,0.0,0.5
30.9333,  1.00000000,1,0,0.0,0.5
30.9667,  1.00000000,1,0,0.0,0.5
31.0000,  1.00000000,1,0,0.0,0.5
31.0333,  1.00000000,1,0,0.0,0.5
31.0667,  1.00000000,1,0,0.0,0.5
31.1000,  1.00000000,1,0,0.0,0.5
31.1333,  1.00000000,1,0,0.0,0.5
31.1667,  1.00000000,1,0,0.0,0.5
31.2000,  1.00000000,1,0,0.0,0.5
31.2333,  1.00000000,1,0,0.0,0.5
31.2667,  1.00000000,1,0,0.0,0.5
31.3000,  1.00000000,1,0,0.0,0.5
31.3333,  1.00000000,1,0,0.0,0.5
31.3667,  1.00000000,1,0,0.0,0.5
31.4000,  1.00000000,1,0,0.0,0.5
31.4333,  1.00000000,1,0,0.0,0.5
31.4667,  1.00000000,1,0,0.0,0.5
31.5000,  1.00000000,1,0,0.0,0.5
31.5333,  1.00000000,1,0,0.0,0.5
31.5667,  1.00000000,1,0,0.0,0.5
31.6000,  1.00000000,1,0,0.0,0.5
31.6333,  1.00000000,1,0,0.0,0.5
31.6667,  1.00000000,1,0,0.0,0.5
31.7000,  1.00000000,1,0,0.0,0.5
31.7333,  1.00000000,1,0,0.0,0.5
31.7667,  1.00000000,1,0,0.0,0.5
31.8000,  1.00000000,1,0,0.0,0.5
31.8333,  1.00000000,1,0,0.0,0.5
31.8667,  1.00000000,1,0,0.0,0.5
31.9000,  1.00000000,1,0,0.0,0.5
31.9333,  1.00000000,1,0,0.0,0.5
31.9667,  1.00000000,1,0,0.0,0.5
32.0000,  1.00000000,1,0,0.0,0.5
32.0333,  1.00000000,1,0,0.0,0.5
32.0667,  1.00000000,1,0,0.0,0.5
32.1000,  1.00000000,1,0,0.0,0.5
32.1333,  1.00000000,1,0,0.0,0.5
32.1667,  1.00000000,1,0,0.0,0.5
32.2000,  1.00000000,1,0,0.0,0.5
32.2333,  1.00000000,1,0,0.0,0.5
32.2667,  1.00000000,1,0,0.0,0.5
32.3000,  1.00000000,1,0,0.0,0.5
32.3333,  1.00000000,1,0,0.0,0.5
32.3667,  1.00000000,1,0,0.0,0.5
32.4000,  1.00000000,1,0,0.0,0.5
32.4333,  1.00000000,1,0,0.0,0.5
32.4667,  1.00000000,1,0,0.0,0.5
32.5000,  1.00000000,1,0,0.0,0.5
32.5333,  1.00000000,1,0,0.0,0.5
32.5667,  1.00000000,1,0,0.0,0.5
32.6000,  1.00000000,1,0,0.0,0.5
32.6333,  1.00000000,1,0,0.0,0.5
32.6667,  1.00000000,1,0,0.0,0.5
32.7000,  1.00000000,1,0,0.0,0.5
32.7333,  1.00000000,1,0,0.0,0.5
32.7667,  1.00000000,1,0,0.0,0.5
32.8000,  1.00000000,1,0,0.0,0.5
32.8333,  1.00000000,1,0,0.0,0.5
32.8667,  1.00000000,1,0,0.0,0.5
32.9000,  1.00000000,1,0,0.0,0.5
32.9333,  1.00000000,1,0,0.0,0.5
32.9667,  1.00000000,1,0,0.0,0.5
33.0000,  1.00000000,1,0,0.0,0.5
33.0333,  1.00000000,1,0,0.0,0.5
33.0667,  1.00000000,1,0,0.0,0.5
33.1000,  1.00000000,1,0,0.0,0.5
33.1333,  1.00000000,1,0,0.0,0.5
33.1667,  1.00000000,1,0,0.0,0.5
33.2000,  1.00000000,1,0,0.0,0.5
33.2333,  1.00000000,1,0,0.0,0.5
33.2667,  1.00000000,1,0,0.0,0.5
33.3000,  1.00000000,1,0,0.0,0.5
33.3333,  1.00000000,1,0,0.0,0.5
33.3667,  1.00000000,1,0,0.0,0.5
33.4000,  1.00000000,1,0,0.0,0.5
33.4333,  1.00000000,1,0,0.0,0.5
33.4667,  1.00000000,1,0,0.0,0.5
33.5000,  1.00000000,1,0,0.0,0.5
33.5333,  1.00000000,1,0,0.0,0.5
33.5667,  1.00000000,1,0,0.0,0.5
33.6000,  1.00000000,1,0,0.0,0.5
33.6333,  1.00000000,1,0,0.0,0.5
33.6667,  1.00000000,1,0,0.0,0.5
33.7000,  1.00000000,1,0,0.0,0.5
33.7333,  1.00000000,1,0,0.0,0.5
33.7667,  1.00000000,1,0,0.0,0.5
33.8000,  1.00000000,1,0,0.0,0.5
33.8333,  1.00000000,1,0,0.0,0.5
33.8667,  1.00000000,1,0,0.0,0.5
33.9000,  1.00000000,1,0,0.0,0.5
33.9333,  1.00000000,1,0,0.0,0.5
33.9667,  1.00000000,1,0,0.0,0.5
34.0000,  1.00000000,1,0,0.0,0.5
34.0333,  1.00000000,1,0,0.0,0.5
34.0667,  1.00000000,1,0,0.0,0.5
34.1000,  1.00000000,1,0,0.0,0.5
34.1333,  1.00000000,1,0,0.0,0.5
34.1667,  1.00000000,1,0,0.0,0.5
34.2000,  1.00000000,1,0,0.0,0.5
34.2333,  1.00000000,1,0,0.0,0.5
34.2667,  1.00000000,1,0,0.0,0.5
34.3000,  1.00000000,1,0,0.0,0.5
34.3333,  1.00000000,1,0,0.0,0.5
34.3667,  1.00000000,1,0,0.0,0.5
34.4000,  1.00000000,1,0,0.0,0.5
34.4333,  1.00000000,1,0,0.0,0.5
34.4667,  1.00000000,1,0,0.0,0.5
34.5000,  1.00000000,1,0,0.0,0.5
34.5333,  1.00000000,1,0,0.0,0.5
34.5667,  1.00000000,1,0,0.0,0.5
34.6000,  1.00000000,1,0,0.0,0.5
34.6333,  1.00000000,1,0,0.0,0.5
34.6667,  1.00000000,1,0,0.0,0.5
34.7000,  1.00000000,1,0,0.0,0.5
34.7333,  1.00000000,1,0,0.0,0.5
34.7667,  1.00000000,1,0,0.0,0.5
34.8000,  1.00000000,1,0,0.0,0.5
34.8333,  1.00000000,1,0,0.0,0.5
34.8667,  1.00000000,1,0,0.0,0.5
34.9000,  1.00000000,1,0,0.0,0.5
34.9333,  1.00000000,1,0,0.0,0.5
34.9667,  1.00000000,1,0,0.0,0.5
35.0000,  1.00000000,1,0,0.0,0.5
35.0333,  1.00000000,1,0,0.025000000000000001,0.5
35.0667,  1.00000000,1,0,0.0,0.5
35.1000,  1.00000000,1,0,0.0,0.5
35.1333,  1.00000000,1,0,0.0,0.5
35.1667,  1.00000000,1,0,0.0,0.5
35.2000,  1.00000000,1,0,0.0,0.5
35.2333,  1.00000000,1,0,0.0,0.5
35.2667,  1.00000000,1,0,0.074999999999999997,0.5
35.3000,  1.00000000,1,0,0.074999999999999997,0.5
35.3333,  1.00000000,1,0,0.074999999999999997,0.5
35.3667,  1.00000000,1,0,0.074999999999999997,0.5
35.4000,  1.00000000,1,0,0.050000000000000003,0.5
35.4333,  1.00000000,1,0,0.050000000000000003,0.5
35.4667,  1.00000000,1,0,0.050000000000000003,0.5
35.5000,  1.00000000,1,0,0.050000000000000003,0.5
35.5333,  1.00000000,1,0,0.050000000000000003,0.5
35.5667,  1.00000000,1,0,0.050000000000000003,0.5
35.6000,  1.00000000,1,0,0.050000000000000003,0.5
35.6333,  1.00000000,1,0,0.050000000000000003,0.5
35.6667,  1.00000000,1,0,0.050000000000000003,0.5
35.7000,  1.00000000,1,0,0.074999999999999997,0.5
35.7333,  1.00000000,1,0,0.074999999999999997,0.5
35.7667,  1.00000000,1,0,0.074999999999999997,0.5
35.8000,  1.00000000,1,0,0.074999999999999997,0.5
35.8333,  1.00000000,1,0,0.074999999999999997,0.5
35.8667,  1.00000000,1,0,0.074999999999999997,0.5
35.9000,  1.00000000,1,0,0.074999999999999997,0.5
35.9333,  1.00000000,1,0,0.074999999999999997,0.5
35.9667,  1.00000000,1,0,0.050000000000000003,0.5
36.0000,  1.00000000,1,0,0.074999999999999997,0.5
36.0333,  1.00000000,1,0,0.050000000000000003,0.5
36.0667,  1.00000000,1,0,0.22500000000000001,0.5
36.1000,  1.00000000,1,0,0.22500000000000001,0.5
36.1333,  1.00000000,1,0,0.22500000000000001,0.5
36.1667,  1.00000000,1,0,0.025000000000000001,0.5
36.2000,  1.00000000,1,0,0.025000000000000001,0.5
36.2333,  1.00000000,1,0,0.025000000000000001,0.5
36.2667,  1.00000000,1,0,0.025000000000000001,0.5
36.3000,  1.00000000,1,0,0.025000000000000001,0.5
36.3333,  1.00000000,1,0,0.025000000000000001,0.5
36.3667,  1.00000000,1,0,0.025000000000000001,0.5
36.4000,  1.00000000,1,0,0.025000000000000001,0.5
36.4333,  1.00000000,1,0,0.025000000000000001,0.5
36.4667,  1.00000000,1,0,0.025000000000000001,0.5
36.5000,  1.00000000,1,0,0.025000000000000001,0.5
36.5333,  1.00000000,1,0,0.025000000000000001,0.5
36.5667,  1.00000000,1,0,0.025000000000000001,0.5
36.6000,  1.00000000,1,0,0.025000000000000001,0.5
36.6333,  1.00000000,1,0,0.22500000000000001,0.5
36.6667,  1.00000000,1,0,0.22500000000000001,0.5
36.7000,  1.00000000,1,0,0.22500000000000001,0.5
36.7333,  1.00000000,1,0,0.22500000000000001,0.5
36.7667,  1.00000000,1,0,0.22500000000000001,0.5
36.8000,  1.00000000,1,0,0.22500000000000001,0.5
36.8333,  1.00000000,1,0,0.22500000000000001,0.5
36.8667,  1.00000000,1,0,0.22500000000000001,0.5
36.9000,  1.00000000,1,0,0.22500000000000001,0.5
36.9333,  1.00000000,1,0,0.22500000000000001,0.5
36.9667,  1.00000000,1,0,0.22500000000000001,0.5
37.0000,  1.00000000,1,0,0.050000000000000003,0.5
37.0333,  1.00000000,1,0,0.025000000000000001,0.5
37.0667,  1.00000000,1,0,0.025000000000000001,0.5
37.1000,  1.00000000,1,0,0.025000000000000001,0.5
37.1333,  1.00000000,1,0,0.025000000000000001,0.5
37.1667,  1.00000000,1,0,0.025000000000000001,0.5
37.2000,  1.00000000,1,0,0.025000000000000001,0.5
37.2333,  1.00000000,1,0,0.025000000000000001,0.5
37.2667,  1.00000000,1,0,0.22500000000000001,0.5
37.3000,  1.00000000,1,0,0.22500000000000001,0.5
37.3333,  1.00000000,1,0,0.22500000000000001,0.5
37.3667,  1.00000000,1,0,0.22500000000000001,0.5
37.4000,  1.00000000,1,0,0.22500000000000001,0.5
37.4333,  1.00000000,1,0,0.22500000000000001,0.5
37.4667,  1.00000000,1,0,0.22500000000000001,0.5
37.5000,  1.00000000,1,0,0.22500000000000001,0.5
37.5333,  1.00000000,1,0,0.22500000000000001,0.5
37.5667,  1.00000000,1,0,0.22500000000000001,0.5
37.6000,  1.00000000,1,0,0.22500000000000001,0.5
37.6333,  1.00000000,1,0,0.22500000000000001,0.5
37.6667,  1.00000000,1,0,0.22500000000000001,0.5
37.7000,  1.00000000,1,0,0.22500000000000001,0.5
37.7333,  1.00000000,1,0,0.22500000000000001,0.5
37.7667,  1.00000000,1,0,0.5,0.5
37.8000,  1.00000000,1,0,1.0,0.5
37.8333,  1.00000000,1,0,0.5,0.5
37.8667,  1.00000000,1,0,1.0,0.5
37.9000,  1.00000000,1,0,0.025000000000000001,0.5
37.9333,  1.00000000,1,0,0.025000000000000001,0.5
37.9667,  1.00000000,1,0,0.025000000000000001,0.5
38.0000,  1.00000000,1,0,0.025000000000000001,0.5
38.0333,  1.00000000,1,0,0.025000000000000001,0.5
38.0667,  1.00000000,1,0,0.025000000000000001,0.5
38.1000,  1.00000000,1,0,0.025000000000000001,0.5
38.1333,  1.00000000,1,0,0.025000000000000001,0.5
38.1667,  1.00000000,1,0,0.025000000000000001,0.5
38.2000,  1.00000000,1,0,0.22500000000000001,0.5
38.2333,  1.00000000,1,0,0.22500000000000001,0.5
38.2667,  1.00000000,1,0,0.22500000000000001,0.5
38.3000,  1.00000000,1,0,0.22500000000000001,0.5
38.3333,  1.00000000,1,0,0.22500000000000001,0.5
38.3667,  1.00000000,1,0,0.22500000000000001,0.5
38.4000,  1.00000000,1,0,0.22500000000000001,0.5
38.4333,  1.00000000,1,0,0.22500000000000001,0.5
38.4667,  1.00000000,1,0,0.22500000000000001,0.5
38.5000,  1.00000000,1,0,0.22500000000000001,0.5
38.5333,  1.00000000,1,0,0.22500000000000001,0.5
38.5667,  1.00000000,1,0,0.22500000000000001,0.5
38.6000,  1.00000000,1,0,0.22500000000000001,0.5
38.6333,  1.00000000,1,0,0.22500000000000001,0.5
38.6667,  1.00000000,1,0,0.22500000000000001,0.5
38.7000,  1.00000000,1,0,0.5,0.5
38.7333,  1.00000000,1,0,0.94999999999999996,0.5
38.7667,  1.00000000,1,0,0.5,0.5
38.8000,  1.00000000,1,0,1.0,0.5
38.8333,  1.00000000,1,0,0.5,0.5
38.8667,  1.00000000,1,0,0.5,0.5
38.9000,  1.00000000,1,0,0.5,0.5
38.9333,  1.00000000,1,0,0.5,0.5
38.9667,  1.00000000,1,0,0.42499999999999999,0.5
39.0000,  1.00000000,1,0,0.025000000000000001,0.5
39.0333,  1.00000000,1,0,0.025000000000000001,0.5
39.0667,  1.00000000,1,0,0.025000000000000001,0.5
39.1000,  1.00000000,1,0,0.025000000000000001,0.5
39.1333,  1.00000000,1,0,0.025000000000000001,0.5
39.1667,  1.00000000,1,0,0.025000000000000001,0.5
39.2000,  1.00000000,1,0,0.025000000000000001,0.5
39.2333,  1.00000000,1,0,0.025000000000000001,0.5
39.2667,  1.00000000,1,0,0.025000000000000001,0.5
39.3000,  1.00000000,1,0,0.025000000000000001,0.5
39.3333,  1.00000000,1,0,0.025000000000000001,0.5
39.3667,  1.00000000,1,0,0.025000000000000001,0.5
39.4000,  1.00000000,1,0,0.22500000000000001,0.5
39.4333,  1.00000000,1,0,0.22500000000000001,0.5
39.4667,  1.00000000,1,0,0.22500000000000001,0.5
39.5000,  1.00000000,1,0,0.22500000000000001,0.5
39.5333,  1.00000000,1,0,0.22500000000000001,0.5
39.5667,  1.00000000,1,0,0.22500000000000001,0.5
39.6000,  1.00000000,1,0,0.22500000000000001,0.5
39.6333,  1.00000000,1,0,0.22500000000000001,0.5
39.6667,  1.00000000,1,0,0.22500000000000001,0.5
39.7000,  1.00000000,1,0,0.22500000000000001,0.5
39.7333,  1.00000000,1,0,0.22500000000000001,0.5
39.7667,  1.00000000,1,0,0.22500000000000001,0.5
39.8000,  1.00000000,1,0,0.22500000000000001,0.5
39.8333,  1.00000000,1,0,0.22500000000000001,0.5
39.8667,  1.00000000,1,0,0.22500000000000001,0.5
39.9000,  1.00000000,1,0,0.22500000000000001,0.5
39.9333,  1.00000000,1,0,0.22500000000000001,0.5
39.9667,  1.00000000,1,0,0.22500000000000001,0.5
40.0000,  1.00000000,1,0,0.22500000000000001,0.5
40.0333,  1.00000000,1,0,0.22500000000000001,0.5
40.0667,  1.00000000,1,0,0.5,0.5
40.1000,  1.00000000,1,0,0.5,0.5
40.1333,  1.00000000,1,0,0.5,0.5
40.1667,  1.00000000,1,0,0.5,0.5
40.2000,  1.00000000,1,0,0.5,0.5
40.2333,  1.00000000,1,0,0.5,0.5
40.2667,  1.00000000,1,0,0.5,0.5
40.3000,  1.00000000,1,0,0.5,0.5
40.3333,  1.00000000,1,0,0.5,0.5
40.3667,  1.00000000,1,0,0.074999999999999997,0.5
40.4000,  1.00000000,1,0,0.025000000000000001,0.5
40.4333,  1.00000000,1,0,0.025000000000000001,0.5
40.4667,  1.00000000,1,0,0.025000000000000001,0.5
40.5000,  1.00000000,1,0,0.025000000000000001,0.5
40.5333,  1.00000000,1,0,0.025000000000000001,0.5
40.5667,  1.00000000,1,0,0.025000000000000001,0.5
40.6000,  1.00000000,1,0,0.025000000000000001,0.5
40.6333,  1.00000000,1,0,0.025000000000000001,0.5
40.6667,  1.00000000,1,0,0.025000000000000001,0.5
40.7000,  1.00000000,1,0,0.025000000000000001,0.5
40.7333,  1.00000000,1,0,0.025000000000000001,0.5
40.7667,  1.00000000,1,0,0.025000000000000001,0.5
40.8000,  1.00000000,1,0,0.025000000000000001,0.5
40.8333,  1.00000000,1,0,0.025000000000000001,0.5
40.8667,  1.00000000,1,0,0.025000000000000001,0.5
40.9000,  1.00000000,1,0,0.025000000000000001,0.5
40.9333,  1.00000000,1,0,0.025000000000000001,0.5
40.9667,  1.00000000,1,0,0.025000000000000001,0.5
41.0000,  1.00000000,1,0,0.025000000000000001,0.5
41.0333,  1.00000000,1,0,0.025000000000000001,0.5
41.0667,  1.00000000,1,0,0.025000000000000001,0.5
41.1000,  1.00000000,1,0,0.025000000000000001,0.5
41.1333,  1.00000000,1,0,0.025000000000000001,0.5
41.1667,  1.00000000,1,0,0.025000000000000001,0.5
41.2000,  1.00000000,1,0,0.025000000000000001,0.5
41.2333,  1.00000000,1,0,0.22500000000000001,0.5
41.2667,  1.00000000,1,0,0.22500000000000001,0.5
41.3000,  1.00000000,1,0,0.22500000000000001,0.5
41.3333,  1.00000000,1,0,0.22500000000000001,0.5
41.3667,  1.00000000,1,0,0.22500000000000001,0.5
41.4000,  1.00000000,1,0,0.22500000000000001,0.5
41.4333,  1.00000000,1,0,0.22500000000000001,0.5
41.4667,  1.00000000,1,0,0.22500000000000001,0.5
41.5000,  1.00000000,1,0,0.22500000000000001,0.5
41.5333,  1.00000000,1,0,0.22500000000000001,0.5
41.5667,  1.00000000,1,0,0.22500000000000001,0.5
41.6000,  1.00000000,1,0,0.22500000000000001,0.5
41.6333,  1.00000000,1,0,0.22500000000000001,0.5
41.6667,  1.00000000,1,0,0.22500000000000001,0.5
41.7000,  1.00000000,1,0,0.22500000000000001,0.5
41.7333,  1.00000000,1,0,0.22500000000000001,0.5
41.7667,  1.00000000,1,0,0.22500000000000001,0.5
41.8000,  1.00000000,1,0,0.22500000000000001,0.5
41.8333,  1.00000000,1,0,0.22500000000000001,0.5
41.8667,  1.00000000,1,0,0.22500000000000001,0.5
41.9000,  1.00000000,1,0,0.22500000000000001,0.5
41.9333,  1.00000000,1,0,0.22500000000000001,0.5
41.9667,  1.00000000,1,0,0.22500000000000001,0.5
42.0000,  1.00000000,1,0,0.22500000000000001,0.5
42.0333,  1.00000000,1,0,0.22500000000000001,0.5
42.0667,  1.00000000,1,0,0.34999999999999998,0.5
42.1000,  1.00000000,1,0,0.5,0.5
42.1333,  1.00000000,1,0,0.55000000000000004,0.5
42.1667,  1.00000000,1,0,0.5,0.5
42.2000,  1.00000000,1,0,0.5,0.5
42.2333,  1.00000000,1,0,0.5,0.5
42.2667,  1.00000000,1,0,0.5,0.5
42.3000,  1.00000000,1,0,0.47499999999999998,0.5
42.3333,  1.00000000,1,0,0.025000000000000001,0.5
42.3667,  1.00000000,1,0,0.025000000000000001,0.5
42.4000,  1.00000000,1,0,0.025000000000000001,0.5
42.4333,  1.00000000,1,0,0.025000000000000001,0.5
42.4667,  1.00000000,1,0,0.025000000000000001,0.5
42.5000,  1.00000000,1,0,0.025000000000000001,0.5
42.5333,  1.00000000,1,0,0.025000000000000001,0.5
42.5667,  1.00000000,1,0,0.025000000000000001,0.5
42.6000,  1.00000000,1,0,0.025000000000000001,0.5
42.6333,  1.00000000,1,0,0.025000000000000001,0.5
42.6667,  1.00000000,1,0,0.025000000000000001,0.5
42.7000,  1.00000000,1,0,0.025000000000000001,0.5
42.7333,  1.00000000,1,0,0.025000000000000001,0.5
42.7667,  1.00000000,1,0,0.025000000000000001,0.5
42.8000,  1.00000000,1,0,0.025000000000000001,0.5
42.8333,  1.00000000,1,0,0.025000000000000001,0.5
42.8667,  1.00000000,1,0,0.025000000000000001,0.5
42.9000,  1.00000000,1,0,0.0,0.5
42.9333,  1.00000000,1,0,0.025000000000000001,0.5
42.9667,  1.00000000,1,0,0.025000000000000001,0.5
43.0000,  1.00000000,1,0,0.025000000000000001,0.5
43.0333,  1.00000000,1,0,0.025000000000000001,0.5
43.0667,  1.00000000,1,0,0.025000000000000001,0.5
43.1000,  1.00000000,1,0,0.025000000000000001,0.5
43.1333,  1.00000000,1,0,0.025000000000000001,0.5
43.1667,  1.00000000,1,0,0.025000000000000001,0.5
43.2000,  1.00000000,1,0,0.025000000000000001,0.5
43.2333,  1.00000000,1,0,0.025000000000000001,0.5
43.2667,  1.00000000,1,0,0.025000000000000001,0.5
43.3000,  1.00000000,1,0,0.025000000000000001,0.5
43.3333,  1.00000000,1,0,0.025000000000000001,0.5
43.3667,  1.00000000,1,0,0.025000000000000001,0.5
43.4000,  1.00000000,1,0,0.0,0.5
43.4333,  1.00000000,1,0,0.0,0.5
43.4667,  1.00000000,1,0,0.0,0.5
43.5000,  1.00000000,1,0,0.0,0.5
43.5333,  1.00000000,1,0,0.0,0.5
43.5667,  1.00000000,1,0,0.0,0.5
43.6000,  1.00000000,1,0,0.0,0.5
43.6333,  1.00000000,1,0,0.0,0.5
43.6667,  1.00000000,1,0,0.0,0.5
43.7000,  1.00000000,1,0,0.0,0.5
43.7333,  1.00000000,1,0,0.0,0.5
43.7667,  1.00000000,1,0,0.0,0.5
43.8000,  1.00000000,1,0,0.0,0.5
43.8333,  1.00000000,1,0,0.0,0.5
43.8667,  1.00000000,1,0,0.0,0.5
43.9000,  1.00000000,1,0,0.0,0.5
43.9333,  1.00000000,1,0,0.0,0.5
43.9667,  1.00000000,1,0,0.0,0.5
44.0000,  1.00000000,1,0,0.0,0.5
44.0333,  1.00000000,1,0,0.0,0.5
44.0667,  1.00000000,1,0,0.0,0.5
44.1000,  1.00000000,1,0,0.0,0.5
44.1333,  1.00000000,1,0,0.0,0.5
44.1667,  1.00000000,1,0,0.20000000000000001,0.5
44.2000,  1.00000000,1,0,0.20000000000000001,0.5
44.2333,  1.00000000,1,0,0.20000000000000001,0.5
44.2667,  1.00000000,1,0,0.20000000000000001,0.5
44.3000,  1.00000000,1,0,0.20000000000000001,0.5
44.3333,  1.00000000,1,0,0.20000000000000001,0.5
44.3667,  1.00000000,1,0,0.20000000000000001,0.5
44.4000,  1.00000000,1,0,0.20000000000000001,0.5
44.4333,  1.00000000,1,0,0.20000000000000001,0.5
44.4667,  1.00000000,1,0,0.20000000000000001,0.5
44.5000,  1.00000000,1,0,0.20000000000000001,0.5
44.5333,  1.00000000,1,0,0.20000000000000001,0.5
44.5667,  1.00000000,1,0,0.20000000000000001,0.5
44.6000,  1.00000000,1,0,0.20000000000000001,0.5
44.6333,  1.00000000,1,0,0.20000000000000001,0.5
44.6667,  1.00000000,1,0,0.20000000000000001,0.5
44.7000,  1.00000000,1,0,0.20000000000000001,0.5
44.7333,  1.00000000,1,0,0.20000000000000001,0.5
44.7667,  1.00000000,1,0,0.20000000000000001,0.5
44.8000,  1.00000000,1,0,0.20000000000000001,0.5
44.8333,  1.00000000,1,0,0.20000000000000001,0.5
44.8667,  1.00000000,1,0,0.20000000000000001,0.5
44.9000,  1.00000000,1,0,0.20000000000000001,0.5
44.9333,  1.00000000,1,0,0.20000000000000001,0.5
44.9667,  1.00000000,1,0,0.20000000000000001,0.5
45.0000,  1.00000000,1,0,0.20000000000000001,0.5
45.0333,  1.00000000,1,0,0.20000000000000001,0.5
45.0667,  1.00000000,1,0,0.20000000000000001,0.5
45.1000,  1.00000000,1,0,0.20000000000000001,0.5
45.1333,  1.00000000,1,0,0.20000000000000001,0.5
45.1667,  1.00000000,1,0,0.20000000000000001,0.5
45.2000,  1.00000000,1,0,0.20000000000000001,0.5
45.2333,  1.00000000,1,0,0.20000000000000001,0.5
45.2667,  1.00000000,1,0,0.20000000000000001,0.5
45.3000,  1.00000000,1,0,0.074999999999999997,0.5
45.3333,  1.00000000,1,0,0.0,0.5
45.3667,  1.00000000,1,0,0.0,0.5
45.4000,  1.00000000,1,0,0.0,0.5
45.4333,  1.00000000,1,0,0.0,0.5
45.4667,  1.00000000,1,0,0.0,0.5
45.5000,  1.00000000,1,0,0.0,0.5
45.5333,  1.00000000,1,0,0.0,0.5
45.5667,  1.00000000,1,0,0.0,0.5
45.6000,  1.00000000,1,0,0.0,0.5
45.6333,  1.00000000,1,0,0.0,0.5
45.6667,  1.00000000,1,0,0.0,0.5
45.7000,  1.00000000,1,0,0.0,0.5
45.7333,  1.00000000,1,0,0.0,0.5
45.7667,  1.00000000,1,0,0.0,0.5
45.8000,  1.00000000,1,0,0.0,0.5
45.8333,  1.00000000,1,0,0.0,0.5
45.8667,  1.00000000,1,0,0.0,0.5
45.9000,  1.00000000,1,0,0.0,0.5
45.9333,  1.00000000,1,0,0.0,0.5
45.9667,  1.00000000,1,0,0.0,0.5
46.0000,  1.00000000,1,0,0.0,0.5
46.0333,  1.00000000,1,0,0.0,0.5
46.0667,  1.00000000,1,0,0.0,0.5
46.1000,  1.00000000,1,0,0.0,0.5
46.1333,  1.00000000,1,0,0.0,0.5
46.1667,  1.00000000,1,0,0.0,0.5
46.2000,  1.00000000,1,0,0.0,0.5
46.2333,  1.00000000,1,0,0.0,0.5
46.2667,  1.00000000,1,0,0.0,0.5
46.3000,  1.00000000,1,0,0.0,0.5
46.3333,  1.00000000,1,0,0.0,0.5
46.3667,  1.00000000,1,0,0.0,0.5
46.4000,  1.00000000,1,0,0.0,0.5
46.4333,  1.00000000,1,0,0.0,0.5
46.4667,  1.00000000,1,0,0.0,0.5
46.5000,  1.00000000,1,0,0.0,0.5
46.5333,  1.00000000,1,0,0.0,0.5
46.5667,  1.00000000,1,0,0.0,0.5
46.6000,  1.00000000,1,0,0.0,0.5
46.6333,  1.00000000,1,0,0.0,0.5
46.6667,  1.00000000,1,0,0.0,0.5
46.7000,  1.00000000,1,0,0.0,0.5
46.7333,  1.00000000,1,0,0.0,0.5
46.7667,  1.00000000,1,0,0.0,0.5
46.8000,  1.00000000,1,0,0.0,0.5
46.8333,  1.00000000,1,0,0.0,0.5
46.8667,  1.00000000,1,0,0.0,0.5
46.9000,  1.00000000,1,0,0.0,0.5
46.9333,  1.00000000,1,0,0.0,0.5
46.9667,  1.00000000,1,0,0.0,0.5
47.0000,  1.00000000,1,0,0.0,0.5
47.0333,  1.00000000,1,0,0.0,0.5
47.0667,  1.00000000,1,0,0.0,0.5
47.1000,  1.00000000,1,0,0.0,0.5
47.1333,  1.00000000,1,0,0.0,0.5
47.1667,  1.00000000,1,0,0.0,0.5
47.2000,  1.00000000,1,0,0.0,0.5
47.2333,  1.00000000,1,0,0.0,0.5
47.2667,  1.00000000,1,0,0.0,0.5
47.3000,  1.00000000,1,0,0.0,0.5
47.3333,  1.00000000,1,0,0.0,0.5
47.3667,  1.00000000,1,0,0.0,0.5
47.4000,  1.00000000,1,0,0.0,0.5
47.4333,  1.00000000,1,0,0.0,0.5
47.4667,  1.00000000,1,0,0.0,0.5
47.5000,  1.00000000,1,0,0.0,0.5
47.5333,  1.00000000,1,0,0.0,0.5
47.5667,  1.00000000,1,0,0.0,0.5
47.6000,  1.00000000,1,0,0.0,0.5
47.6333,  1.00000000,1,0,0.0,0.5
47.6667,  1.00000000,1,0,0.0,0.5
47.7000,  1.00000000,1,0,0.0,0.5
47.7333,  1.00000000,1,0,0.0,0.5
47.7667,  1.00000000,1,0,0.0,0.5
47.8000,  1.00000000,1,0,0.0,0.5
47.8333,  1.00000000,1,0,0.0,0.5
47.8667,  1.00000000,1,0,0.0,0.5
47.9000,  1.00000000,1,0,0.0,0.5
47.9333,  1.00000000,1,0,0.0,0.5
47.9667,  1.00000000,1,0,0.0,0.5
48.0000,  1.00000000,1,0,0.0,0.5
48.0333,  1.00000000,1,0,0.0,0.5
48.0667,  1.00000000,1,0,0.0,0.5
48.1000,  1.00000000,1,0,0.0,0.5
48.1333,  1.00000000,1,0,0.0,0.5
48.1667,  1.00000000,1,0,0.0,0.5
48.2000,  1.00000000,1,0,0.0,0.5
48.2333,  1.00000000,1,0,0.0,0.5
48.2667,  1.00000000,1,0,0.0,0.5
48.3000,  1.00000000,1,0,0.0,0.5
48.3333,  1.00000000,1,0,0.0,0.5
48.3667,  1.00000000,1,0,0.0,0.5
48.4000,  1.00000000,1,0,0.0,0.5
48.4333,  1.00000000,1,0,0.0,0.5
48.4667,  1.00000000,1,0,0.0,0.5
48.5000,  1.00000000,1,0,0.0,0.5
48.5333,  1.00000000,1,0,0.0,0.5
48.5667,  1.00000000,1,0,0.0,0.5
48.6000,  1.00000000,1,0,0.0,0.5
48.6333,  1.00000000,1,0,0.0,0.5
48.6667,  1.00000000,1,0,0.0,0.5
48.7000,  1.00000000,1,0,0.0,0.5
48.7333,  1.00000000,1,0,0.0,0.5
48.7667,  1.00000000,1,0,0.0,0.5
48.8000,  1.00000000,1,0,0.0,0.5
48.8333,  1.00000000,1,0,0.0,0.5
48.8667,  1.00000000,1,0,0.0,0.5
48.9000,  1.00000000,1,0,0.0,0.5
48.9333,  1.00000000,1,0,0.0,0.5
48.9667,  1.00000000,1,0,0.0,0.5
49.0000,  1.00000000,1,0,0.0,0.5
49.0333,  1.00000000,1,0,0.0,0.5
49.0667,  1.00000000,1,0,0.0,0.5
49.1000,  1.00000000,1,0,0.0,0.5
49.1333,  1.00000000,1,0,0.0,0.5
49.1667,  1.00000000,1,0,0.0,0.5
49.2000,  1.00000000,1,0,0.0,0.5
49.2333,  1.00000000,1,0,0.0,0.5
49.2667,  1.00000000,1,0,0.0,0.5
49.3000,  1.00000000,1,0,0.0,0.5
49.3333,  1.00000000,1,0,0.0,0.5
49.3667,  1.00000000,1,0,0.0,0.5
49.4000,  1.00000000,1,0,0.0,0.5
49.4333,  1.00000000,1,0,0.0,0.5
49.4667,  1.00000000,1,0,0.0,0.5
49.5000,  1.00000000,1,0,0.0,0.5
49.5333,  1.00000000,1,0,0.0,0.5
49.5667,  1.00000000,1,0,0.0,0.5
49.6000,  1.00000000,1,0,0.0,0.5
49.6333,  1.00000000,1,0,0.0,0.5
49.6667,  1.00000000,1,0,0.0,0.5
49.7000,  1.00000000,1,0,0.0,0.5
49.7333,  1.00000000,1,0,0.0,0.5
49.7667,  1.00000000,1,0,0.0,0.5
49.8000,  1.00000000,1,0,0.125,0.5
49.8333,  1.00000000,1,0,0.20000000000000001,0.5
49.8667,  1.00000000,1,0,0.20000000000000001,0.5
49.9000,  1.00000000,1,0,0.20000000000000001,0.5
49.9333,  1.00000000,1,0,0.20000000000000001,0.5
49.9667,  1.00000000,1,0,0.20000000000000001,0.5
50.0000,  1.00000000,1,0,0.20000000000000001,0.5
50.0333,  1.00000000,1,0,0.20000000000000001,0.5
50.0667,  1.00000000,1,0,0.20000000000000001,0.5
50.1000,  1.00000000,1,0,0.20000000000000001,0.5
50.1333,  1.00000000,1,0,0.20000000000000001,0.5
50.1667,  1.00000000,1,0,0.20000000000000001,0.5
50.2000,  1.00000000,1,0,0.20000000000000001,0.5
50.2333,  1.00000000,1,0,0.20000000000000001,0.5
50.2667,  1.00000000,1,0,0.20000000000000001,0.5
50.3000,  1.00000000,1,0,0.20000000000000001,0.5
50.3333,  1.00000000,1,0,0.20000000000000001,0.5
50.3667,  1.00000000,1,0,0.20000000000000001,0.5
50.4000,  1.00000000,1,0,0.20000000000000001,0.5
50.4333,  1.00000000,1,0,0.20000000000000001,0.5
50.4667,  1.00000000,1,0,0.20000000000000001,0.5
50.5000,  1.00000000,1,0,0.14999999999999999,0.5
50.5333,  1.00000000,1,0,0.0,0.5
50.5667,  1.00000000,1,0,0.0,0.5
50.6000,  1.00000000,1,0,0.0,0.5
50.6333,  1.00000000,1,0,0.0,0.5
50.6667,  1.00000000,1,0,0.0,0.5
50.7000,  1.00000000,1,0,0.0,0.5
50.7333,  1.00000000,1,0,0.0,0.5
50.7667,  1.00000000,1,0,0.0,0.5
50.8000,  1.00000000,1,0,0.0,0.5
50.8333,  1.00000000,1,0,0.0,0.5
50.8667,  1.00000000,1,0,0.0,0.5
50.9000,  1.00000000,1,0,0.0,0.5
50.9333,  1.00000000,1,0,0.0,0.5
50.9667,  1.00000000,1,0,0.0,0.5
51.0000,  1.00000000,1,0,0.0,0.5
51.0333,  1.00000000,1,0,0.0,0.5
51.0667,  1.00000000,1,0,0.0,0.5
51.1000,  1.00000000,1,0,0.0,0.5
51.1333,  1.00000000,1,0,0.0,0.5
51.1667,  1.00000000,1,0,0.0,0.5
51.2000,  1.00000000,1,0,0.0,0.5
51.2333,  1.00000000,1,0,0.0,0.5
51.2667,  1.00000000,1,0,0.0,0.5
51.3000,  1.00000000,1,0,0.0,0.5
51.3333,  1.00000000,1,0,0.0,0.5
51.3667,  1.00000000,1,0,0.0,0.5
51.4000,  1.00000000,1,0,0.0,0.5
51.4333,  1.00000000,1,0,0.0,0.5
51.4667,  1.00000000,1,0,0.0,0.5
51.5000,  1.00000000,1,0,0.0,0.5
51.5333,  1.00000000,1,0,0.0,0.5
51.5667,  1.00000000,1,0,0.0,0.5
51.6000,  1.00000000,1,0,0.0,0.5
51.6333,  1.00000000,1,0,0.0,0.5
51.6667,  1.00000000,1,0,0.0,0.5
51.7000,  1.00000000,1,0,0.0,0.5
51.7333,  1.00000000,1,0,0.0,0.5
51.7667,  1.00000000,1,0,0.0,0.5
51.8000,  1.00000000,1,0,0.0,0.5
51.8333,  1.00000000,1,0,0.0,0.5
51.8667,  1.00000000,1,0,0.0,0.5
51.9000,  1.00000000,1,0,0.0,0.5
51.9333,  1.00000000,1,0,0.0,0.5
51.9667,  1.00000000,1,0,0.0,0.5
52.0000,  1.00000000,1,0,0.0,0.5
52.0333,  1.00000000,1,0,0.0,0.5
52.0667,  1.00000000,1,0,0.0,0.5
52.1000,  1.00000000,1,0,0.0,0.5
52.1333,  1.00000000,1,0,0.0,0.5
52.1667,  1.00000000,1,0,0.0,0.5
52.2000,  1.00000000,1,0,0.0,0.5
52.2333,  1.00000000,1,0,0.0,0.5
52.2667,  1.00000000,1,0,0.0,0.5
52.3000,  1.00000000,1,0,0.0,0.5
52.3333,  1.00000000,1,0,0.0,0.5
52.3667,  1.00000000,1,0,0.0,0.5
52.4000,  1.00000000,1,0,0.0,0.5
52.4333,  1.00000000,1,0,0.0,0.5
52.4667,  1.00000000,1,0,0.0,0.5
52.5000,  1.00000000,1,0,0.0,0.5
52.5333,  1.00000000,1,0,0.0,0.5
52.5667,  1.00000000,1,0,0.0,0.5
52.6000,  1.00000000,1,0,0.0,0.5
52.6333,  1.00000000,1,0,0.0,0.5
52.6667,  1.00000000,1,0,0.0,0.5
52.7000,  1.00000000,1,0,0.0,0.5
52.7333,  1.00000000,1,0,0.0,0.5
52.7667,  1.00000000,1,0,0.0,0.5
52.8000,  1.00000000,1,0,0.0,0.5
52.8333,  1.00000000,1,0,0.0,0.5
52.8667,  1.00000000,1,0,0.0,0.5
52.9000,  1.00000000,1,0,0.0,0.5
52.9333,  1.00000000,1,0,0.0,0.5
52.9667,  1.00000000,1,0,0.0,0.5
53.0000,  1.00000000,1,0,0.0,0.5
53.0333,  1.00000000,1,0,0.0,0.5
53.0667,  1.00000000,1,0,0.0,0.5
53.1000,  1.00000000,1,0,0.0,0.5
53.1333,  1.00000000,1,0,0.0,0.5
53.1667,  1.00000000,1,0,0.0,0.5
53.2000,  1.00000000,1,0,0.0,0.5
53.2333,  1.00000000,1,0,0.0,0.5
53.2667,  1.00000000,1,0,0.0,0.5
53.3000,  1.00000000,1,0,0.0,0.5
53.3333,  1.00000000,1,0,0.0,0.5
53.3667,  1.00000000,1,0,0.0,0.5
53.4000,  1.00000000,1,0,0.0,0.5
53.4333,  1.00000000,1,0,0.0,0.5
53.4667,  1.00000000,1,0,0.0,0.5
53.5000,  1.00000000,1,0,0.0,0.5
53.5333,  1.00000000,1,0,0.0,0.5
53.5667,  1.00000000,1,0,0.0,0.5
53.6000,  1.00000000,1,0,0.0,0.5
53.6333,  1.00000000,1,0,0.0,0.5
53.6667,  1.00000000,1,0,0.0,0.5
53.7000,  1.00000000,1,0,0.0,0.5
53.7333,  1.00000000,1,0,0.0,0.5
53.7667,  1.00000000,1,0,0.0,0.5
53.8000,  1.00000000,1,0,0.0,0.5
53.8333,  1.00000000,1,0,0.0,0.5
53.8667,  1.00000000,1,0,0.0,0.5
53.9000,  1.00000000,1,0,0.0,0.5
53.9333,  1.00000000,1,0,0.0,0.5
53.9667,  1.00000000,1,0,0.0,0.5
54.0000,  1.00000000,1,0,0.0,0.5
54.0333,  1.00000000,1,0,0.0,0.5
54.0667,  1.00000000,1,0,0.0,0.5
54.1000,  1.00000000,1,0,0.0,0.5
54.1333,  1.00000000,1,0,0.0,0.5
54.1667,  1.00000000,1,0,0.0,0.5
54.2000,  1.00000000,1,0,0.0,0.5
54.2333,  1.00000000,1,0,0.0,0.5
54.2667,  1.00000000,1,0,0.0,0.5
54.3000,  1.00000000,1,0,0.0,0.5
54.3333,  1.00000000,1,0,0.0,0.5
54.3667,  1.00000000,1,0,0.0,0.5
54.4000,  1.00000000,1,0,0.0,0.5
54.4333,  1.00000000,1,0,0.0,0.5
54.4667,  1.00000000,1,0,0.0,0.5
54.5000,  1.00000000,1,0,0.0,0.5
54.5333,  1.00000000,1,0,0.0,0.5
54.5667,  1.00000000,1,0,0.0,0.5
54.6000,  1.00000000,1,0,0.0,0.5
54.6333,  1.00000000,1,0,0.0,0.5
54.6667,  1.00000000,1,0,0.0,0.5
54.7000,  1.00000000,1,0,0.0,0.5
54.7333,  1.00000000,1,0,0.0,0.5
54.7667,  1.00000000,1,0,0.0,0.5
54.8000,  1.00000000,1,0,0.0,0.5
54.8333,  1.00000000,1,0,0.0,0.5
54.8667,  1.00000000,1,0,0.0,0.5
54.9000,  1.00000000,1,0,0.0,0.5
54.9333,  1.00000000,1,0,0.0,0.5
54.9667,  1.00000000,1,0,0.0,0.5
55.0000,  1.00000000,1,0,0.0,0.5
55.0333,  1.00000000,1,0,0.0,0.5
55.0667,  1.00000000,1,0,0.0,0.5
55.1000,  1.00000000,1,0,0.0,0.5
55.1333,  1.00000000,1,0,0.0,0.5
55.1667,  1.00000000,1,0,0.0,0.5
55.2000,  1.00000000,1,0,0.0,0.5
55.2333,  1.00000000,1,0,0.0,0.5
55.2667,  1.00000000,1,0,0.0,0.5
55.3000,  1.00000000,1,0,0.0,0.5
55.3333,  1.00000000,1,0,0.0,0.5
55.3667,  1.00000000,1,0,0.0,0.5
55.4000,  1.00000000,1,0,0.0,0.5
55.4333,  1.00000000,1,0,0.0,0.5
55.4667,  1.00000000,1,0,0.0,0.5
55.5000,  1.00000000,1,0,0.0,0.5
55.5333,  1.00000000,1,0,0.0,0.5
55.5667,  1.00000000,1,0,0.0,0.5
55.6000,  1.00000000,1,0,0.0,0.5
55.6333,  1.00000000,1,0,0.0,0.5
55.6667,  1.00000000,1,0,0.0,0.5
55.7000,  1.00000000,1,0,0.0,0.5
55.7333,  1.00000000,1,0,0.0,0.5
55.7667,  1.00000000,1,0,0.0,0.5
55.8000,  1.00000000,1,0,0.0,0.5
55.8333,  1.00000000,1,0,0.0,0.5
55.8667,  1.00000000,1,0,0.0,0.5
55.9000,  1.00000000,1,0,0.0,0.5
55.9333,  1.00000000,1,0,0.0,0.5
55.9667,  1.00000000,1,0,0.0,0.5
56.0000,  1.00000000,1,0,0.0,0.5
56.0333,  1.00000000,1,0,0.0,0.5
56.0667,  1.00000000,1,0,0.0,0.5
56.1000,  1.00000000,1,0,0.0,0.5
56.1333,  1.00000000,1,0,0.0,0.5
56.1667,  1.00000000,1,0,0.0,0.5
56.2000,  1.00000000,1,0,0.0,0.5
56.2333,  1.00000000,1,0,0.0,0.5
56.2667,  1.00000000,1,0,0.0,0.5
56.3000,  1.00000000,1,0,0.0,0.5
56.3333,  1.00000000,1,0,0.0,0.5
56.3667,  1.00000000,1,0,0.0,0.5
56.4000,  1.00000000,1,0,0.0,0.5
56.4333,  1.00000000,1,0,0.0,0.5
56.4667,  1.00000000,1,0,0.0,0.5
56.5000,  1.00000000,1,0,0.0,0.5
56.5333,  1.00000000,1,0,0.0,0.5
56.5667,  1.00000000,1,0,0.0,0.5
56.6000,  1.00000000,1,0,0.0,0.5
56.6333,  1.00000000,1,0,0.0,0.5
56.6667,  1.00000000,1,0,0.0,0.5
56.7000,  1.00000000,1,0,0.0,0.5
56.7333,  1.00000000,1,0,0.0,0.5
56.7667,  1.00000000,1,0,0.0,0.5
56.8000,  1.00000000,1,0,0.0,0.5
56.8333,  1.00000000,1,0,0.0,0.5
56.8667,  1.00000000,1,0,0.0,0.5
56.9000,  1.00000000,1,0,0.0,0.5
56.9333,  1.00000000,1,0,0.0,0.5
56.9667,  1.00000000,1,0,0.0,0.5
57.0000,  1.00000000,1,0,0.0,0.5
57.0333,  1.00000000,1,0,0.0,0.5
57.0667,  1.00000000,1,0,0.0,0.5
57.1000,  1.00000000,1,0,0.0,0.5
57.1333,  1.00000000,1,0,0.0,0.5
57.1667,  1.00000000,1,0,0.0,0.5
57.2000,  1.00000000,1,0,0.0,0.5
57.2333,  1.00000000,1,0,0.0,0.5
57.2667,  1.00000000,1,0,0.0,0.5
57.3000,  1.00000000,1,0,0.0,0.5
57.3333,  1.00000000,1,0,0.0,0.5
57.3667,  1.00000000,1,0,0.0,0.5
57.4000,  1.00000000,1,0,0.0,0.5
57.4333,  1.00000000,1,0,0.0,0.5
57.4667,  1.00000000,1,0,0.0,0.5
57.5000,  1.00000000,1,0,0.0,0.5
57.5333,  1.00000000,1,0,0.0,0.5
57.5667,  1.00000000,1,0,0.0,0.5
57.6000,  1.00000000,1,0,0.0,0.5
57.6333,  1.00000000,1,0,0.0,0.5
57.6667,  1.00000000,1,0,0.0,0.5
57.7000,  1.00000000,1,0,0.0,0.5
57.7333,  1.00000000,1,0,0.0,0.5
57.7667,  1.00000000,1,0,0.0,0.5
57.8000,  1.00000000,1,0,0.0,0.5
57.8333,  1.00000000,1,0,0.0,0.5
57.8667,  1.00000000,1,0,0.0,0.5
57.9000,  1.00000000,1,0,0.0,0.5
57.9333,  1.00000000,1,0,0.0,0.5
57.9667,  1.00000000,1,0,0.0,0.5
58.0000,  1.00000000,1,0,0.0,0.5
58.0333,  1.00000000,1,0,0.0,0.5
58.0667,  1.00000000,1,0,0.0,0.5
58.1000,  1.00000000,1,0,0.0,0.5
58.1333,  1.00000000,1,0,0.0,0.5
58.1667,  1.00000000,1,0,0.0,0.5
58.2000,  1.00000000,1,0,0.0,0.5
58.2333,  1.00000000,1,0,0.0,0.5
58.2667,  1.00000000,1,0,0.0,0.5
58.3000,  1.00000000,1,0,0.0,0.5
58.3333,  1.00000000,1,0,0.0,0.5
58.3667,  1.00000000,1,0,0.0,0.5
58.4000,  1.00000000,1,0,0.025000000000000001,0.5
58.4333,  1.00000000,1,0,0.0,0.5
58.4667,  1.00000000,1,0,0.0,0.5
58.5000,  1.00000000,1,0,0.0,0.5
58.5333,  1.00000000,1,0,0.025000000000000001,0.5
58.5667,  1.00000000,1,0,0.0,0.5
58.6000,  1.00000000,1,0,0.0,0.5
58.6333,  1.00000000,1,0,0.0,0.5
58.6667,  1.00000000,1,0,0.0,0.5
58.7000,  1.00000000,1,0,0.0,0.5
58.7333,  1.00000000,1,0,0.0,0.5
58.7667,  1.00000000,1,0,0.0,0.5
58.8000,  1.00000000,1,0,0.0,0.5
58.8333,  1.00000000,1,0,0.0,0.5
58.8667,  1.00000000,1,0,0.0,0.5
58.9000,  1.00000000,1,0,0.050000000000000003,0.5
58.9333,  1.00000000,1,0,0.125,0.5
58.9667,  1.00000000,1,0,0.025000000000000001,0.5
59.0000,  1.00000000,1,0,0.0,0.5
59.0333,  1.00000000,1,0,0.0,0.5
59.0667,  1.00000000,1,0,0.0,0.5
59.1000,  1.00000000,1,0,0.0,0.5
59.1333,  1.00000000,1,0,0.0,0.5
59.1667,  1.00000000,1,0,0.0,0.5
59.2000,  1.00000000,1,0,0.025000000000000001,0.5
59.2333,  1.00000000,1,0,0.0,0.5
59.2667,  1.00000000,1,0,0.025000000000000001,0.5
59.3000,  1.00000000,1,0,0.050000000000000003,0.5
59.3333,  1.00000000,1,0,0.050000000000000003,0.5
59.3667,  1.00000000,1,0,0.125,0.5
59.4000,  1.00000000,1,0,0.025000000000000001,0.5
59.4333,  1.00000000,1,0,0.025000000000000001,0.5
59.4667,  1.00000000,1,0,0.025000000000000001,0.5
59.5000,  1.00000000,1,0,0.025000000000000001,0.5
59.5333,  1.00000000,1,0,0.025000000000000001,0.5
59.5667,  1.00000000,1,0,0.050000000000000003,0.5
59.6000,  1.00000000,1,0,0.10000000000000001,0.5
59.6333,  1.00000000,1,0,0.050000000000000003,0.5
59.6667,  1.00000000,1,0,0.074999999999999997,0.5
59.7000,  1.00000000,1,0,0.050000000000000003,0.5
59.7333,  1.00000000,1,0,0.050000000000000003,0.5
59.7667,  1.00000000,1,0,0.17499999999999999,0.5
59.8000,  1.00000000,1,0,0.20000000000000001,0.5
59.8333,  1.00000000,1,0,0.14999999999999999,0.5
59.8667,  1.00000000,1,0,0.074999999999999997,0.5
59.9000,  1.00000000,1,0,0.025000000000000001,0.5
59.9333,  1.00000000,1,0,0.025000000000000001,0.5
59.9667,  1.00000000,1,0,0.074999999999999997,0.5
60.0000,  1.00000000,1,0,0.050000000000000003,0.5
60.0333,  1.00000000,1,0,0.10000000000000001,0.5
60.0667,  1.00000000,1,0,0.125,0.5
60.1000,  1.00000000,1,0,0.10000000000000001,0.5
60.1333,  1.00000000,1,0,0.074999999999999997,0.5
60.1667,  1.00000000,1,0,0.125,0.5
60.2000,  1.00000000,1,0,0.025000000000000001,0.5
60.2333,  1.00000000,1,0,0.025000000000000001,0.5
60.2667,  1.00000000,1,0,0.0,0.5
60.3000,  1.00000000,1,0,0.0,0.5
60.3333,  1.00000000,1,0,0.0,0.5
60.3667,  1.00000000,1,0,0.050000000000000003,0.5
60.4000,  1.00000000,1,0,0.050000000000000003,0.5
60.4333,  1.00000000,1,0,0.074999999999999997,0.5
60.4667,  1.00000000,1,0,0.025000000000000001,0.5
60.5000,  1.00000000,1,0,0.074999999999999997,0.5
60.5333,  1.00000000,1,0,0.025000000000000001,0.5
60.5667,  1.00000000,1,0,0.17499999999999999,0.5
60.6000,  1.00000000,1,0,0.17499999999999999,0.5
60.6333,  1.00000000,1,0,0.17499999999999999,0.5
60.6667,  1.00000000,1,0,0.17499999999999999,0.5
60.7000,  1.00000000,1,0,0.17499999999999999,0.5
60.7333,  1.00000000,1,0,0.17499999999999999,0.5
60.7667,  1.00000000,1,0,0.17499999999999999,0.5
60.8000,  1.00000000,1,0,0.17499999999999999,0.5
60.8333,  1.00000000,1,0,0.17499999999999999,0.5
60.8667,  1.00000000,1,0,0.17499999999999999,0.5
60.9000,  1.00000000,1,0,0.17499999999999999,0.5
60.9333,  1.00000000,1,0,0.17499999999999999,0.5
60.9667,  1.00000000,1,0,0.17499999999999999,0.5
61.0000,  1.00000000,1,0,0.17499999999999999,0.5
61.0333,  1.00000000,1,0,0.17499999999999999,0.5
61.0667,  1.00000000,1,0,0.14999999999999999,0.5
61.1000,  1.00000000,1,0,0.14999999999999999,0.5
61.1333,  1.00000000,1,0,0.14999999999999999,0.5
61.1667,  1.00000000,1,0,0.10000000000000001,0.5
61.2000,  1.00000000,1,0,0.17499999999999999,0.5
61.2333,  1.00000000,1,0,0.14999999999999999,0.5
61.2667,  1.00000000,1,0,0.025000000000000001,0.5
61.3000,  1.00000000,1,0,0.025000000000000001,0.5
61.3333,  1.00000000,1,0,0.025000000000000001,0.5
61.3667,  1.00000000,1,0,0.025000000000000001,0.5
61.4000,  1.00000000,1,0,0.050000000000000003,0.5
61.4333,  1.00000000,1,0,0.025000000000000001,0.5
61.4667,  1.00000000,1,0,0.025000000000000001,0.5
61.5000,  1.00000000,1,0,0.050000000000000003,0.5
61.5333,  1.00000000,1,0,0.074999999999999997,0.5
61.5667,  1.00000000,1,0,0.074999999999999997,0.5
61.6000,  1.00000000,1,0,0.125,0.5
61.6333,  1.00000000,1,0,0.14999999999999999,0.5
61.6667,  1.00000000,1,0,0.14999999999999999,0.5
61.7000,  1.00000000,1,0,0.14999999999999999,0.5
61.7333,  1.00000000,1,0,0.14999999999999999,0.5
61.7667,  1.00000000,1,0,0.14999999999999999,0.5
61.8000,  1.00000000,1,0,0.14999999999999999,0.5
61.8333,  1.00000000,1,0,0.14999999999999999,0.5
61.8667,  1.00000000,1,0,0.14999999999999999,0.5
61.9000,  1.00000000,1,0,0.14999999999999999,0.5
61.9333,  1.00000000,1,0,0.14999999999999999,0.5
61.9667,  1.00000000,1,0,0.14999999999999999,0.5
62.0000,  1.00000000,1,0,0.14999999999999999,0.5
62.0333,  1.00000000,1,0,0.14999999999999999,0.5
62.0667,  1.00000000,1,0,0.14999999999999999,0.5
62.1000,  1.00000000,1,0,0.14999999999999999,0.5
62.1333,  1.00000000,1,0,0.14999999999999999,0.5
62.1667,  1.00000000,1,0,0.14999999999999999,0.5
62.2000,  1.00000000,1,0,0.14999999999999999,0.5
62.2333,  1.00000000,1,0,0.14999999999999999,0.5
62.2667,  1.00000000,1,0,0.14999999999999999,0.5
62.3000,  1.00000000,1,0,0.14999999999999999,0.5
62.3333,  1.00000000,1,0,0.14999999999999999,0.5
62.3667,  1.00000000,1,0,0.14999999999999999,0.5
62.4000,  1.00000000,1,0,0.27500000000000002,0.5
62.4333,  1.00000000,1,0,0.14999999999999999,0.5
62.4667,  1.00000000,1,0,0.10000000000000001,0.5
62.5000,  1.00000000,1,0,0.14999999999999999,0.5
62.5333,  1.00000000,1,0,0.14999999999999999,0.5
62.5667,  1.00000000,1,0,0.14999999999999999,0.5
62.6000,  1.00000000,1,0,0.14999999999999999,0.5
62.6333,  1.00000000,1,0,0.14999999999999999,0.5
62.6667,  1.00000000,1,0,0.14999999999999999,0.5
62.7000,  1.00000000,1,0,0.14999999999999999,0.5
62.7333,  1.00000000,1,0,0.14999999999999999,0.5
62.7667,  1.00000000,1,0,0.14999999999999999,0.5
62.8000,  1.00000000,1,0,0.14999999999999999,0.5
62.8333,  1.00000000,1,0,0.14999999999999999,0.5
62.8667,  1.00000000,1,0,0.14999999999999999,0.5
62.9000,  1.00000000,1,0,0.14999999999999999,0.5
62.9333,  1.00000000,1,0,0.14999999999999999,0.5
62.9667,  1.00000000,1,0,0.14999999999999999,0.5
63.0000,  1.00000000,1,0,0.14999999999999999,0.5
63.0333,  1.00000000,1,0,0.14999999999999999,0.5
63.0667,  1.00000000,1,0,0.125,0.5
63.1000,  1.00000000,1,0,0.125,0.5
63.1333,  1.00000000,1,0,0.14999999999999999,0.5
63.1667,  1.00000000,1,0,0.125,0.5
63.2000,  1.00000000,1,0,0.14999999999999999,0.5
63.2333,  1.00000000,1,0,0.14999999999999999,0.5
63.2667,  1.00000000,1,0,0.14999999999999999,0.5
63.3000,  1.00000000,1,0,0.14999999999999999,0.5
63.3333,  1.00000000,1,0,0.14999999999999999,0.5
63.3667,  1.00000000,1,0,0.14999999999999999,0.5
63.4000,  1.00000000,1,0,0.14999999999999999,0.5
63.4333,  1.00000000,1,0,0.14999999999999999,0.5
63.4667,  1.00000000,1,0,0.125,0.5
63.5000,  1.00000000,1,0,0.10000000000000001,0.5
63.5333,  1.00000000,1,0,0.10000000000000001,0.5
63.5667,  1.00000000,1,0,0.074999999999999997,0.5
63.6000,  1.00000000,1,0,0.074999999999999997,0.5
63.6333,  1.00000000,1,0,0.074999999999999997,0.5
63.6667,  1.00000000,1,0,0.0,0.5
63.7000,  1.00000000,1,0,0.14999999999999999,0.5
63.7333,  1.00000000,1,0,0.14999999999999999,0.5
63.7667,  1.00000000,1,0,0.14999999999999999,0.5
63.8000,  1.00000000,1,0,0.14999999999999999,0.5
63.8333,  1.00000000,1,0,0.14999999999999999,0.5
63.8667,  1.00000000,1,0,0.14999999999999999,0.5
63.9000,  1.00000000,1,0,0.17499999999999999,0.5
63.9333,  1.00000000,1,0,0.42499999999999999,0.5
63.9667,  1.00000000,1,0,0.625,0.5
64.0000,  1.00000000,1,0,0.45000000000000001,0.5
64.0333,  1.00000000,1,0,0.025000000000000001,0.5
64.0667,  1.00000000,1,0,0.14999999999999999,0.5
64.1000,  1.00000000,1,0,0.14999999999999999,0.5
64.1333,  1.00000000,1,0,0.14999999999999999,0.5
64.1667,  1.00000000,1,0,0.14999999999999999,0.5
64.2000,  1.00000000,1,0,0.14999999999999999,0.5
64.2333,  1.00000000,1,0,0.14999999999999999,0.5
64.2667,  1.00000000,1,0,0.14999999999999999,0.5
64.3000,  1.00000000,1,0,0.14999999999999999,0.5
64.3333,  1.00000000,1,0,0.14999999999999999,0.5
64.3667,  1.00000000,1,0,0.14999999999999999,0.5
64.4000,  1.00000000,1,0,0.14999999999999999,0.5
64.4333,  1.00000000,1,0,0.14999999999999999,0.5
64.4667,  1.00000000,1,0,0.14999999999999999,0.5
64.5000,  1.00000000,1,0,0.14999999999999999,0.5
64.5333,  1.00000000,1,0,0.14999999999999999,0.5
64.5667,  1.00000000,1,0,0.14999999999999999,0.5
64.6000,  1.00000000,1,0,0.14999999999999999,0.5
64.6333,  1.00000000,1,0,0.14999999999999999,0.5
64.6667,  1.00000000,1,0,0.14999999999999999,0.5
64.7000,  1.00000000,1,0,0.14999999999999999,0.5
64.7333,  1.00000000,1,0,0.27500000000000002,0.5
64.7667,  1.00000000,1,0,0.14999999999999999,0.5
64.8000,  1.00000000,1,0,0.14999999999999999,0.5
64.8333,  1.00000000,1,0,0.14999999999999999,0.5
64.8667,  1.00000000,1,0,0.14999999999999999,0.5
64.9000,  1.00000000,1,0,0.074999999999999997,0.5
64.9333,  1.00000000,1,0,0.14999999999999999,0.5
64.9667,  1.00000000,1,0,0.14999999999999999,0.5
65.0000,  1.00000000,1,0,0.14999999999999999,0.5
65.0333,  1.00000000,1,0,0.14999999999999999,0.5
65.0667,  1.00000000,1,0,0.14999999999999999,0.5
65.1000,  1.00000000,1,0,0.14999999999999999,0.5
65.1333,  1.00000000,1,0,0.14999999999999999,0.5
65.1667,  1.00000000,1,0,0.14999999999999999,0.5
65.2000,  1.00000000,1,0,0.14999999999999999,0.5
65.2333,  1.00000000,1,0,0.14999999999999999,0.5
65.2667,  1.00000000,1,0,0.14999999999999999,0.5
65.3000,  1.00000000,1,0,0.14999999999999999,0.5
65.3333,  1.00000000,1,0,0.14999999999999999,0.5
65.3667,  1.00000000,1,0,0.14999999999999999,0.5
65.4000,  1.00000000,1,0,0.14999999999999999,0.5
65.4333,  1.00000000,1,0,0.14999999999999999,0.5
65.4667,  1.00000000,1,0,0.14999999999999999,0.5
65.5000,  1.00000000,1,0,0.14999999999999999,0.5
65.5333,  1.00000000,1,0,0.14999999999999999,0.5
65.5667,  1.00000000,1,0,0.14999999999999999,0.5
65.6000,  1.00000000,1,0,0.14999999999999999,0.5
65.6333,  1.00000000,1,0,0.14999999999999999,0.5
65.6667,  1.00000000,1,0,0.14999999999999999,0.5
65.7000,  1.00000000,1,0,0.14999999999999999,0.5
65.7333,  1.00000000,1,0,0.14999999999999999,0.5
65.7667,  1.00000000,1,0,0.14999999999999999,0.5
65.8000,  1.00000000,1,0,0.14999999999999999,0.5
65.8333,  1.00000000,1,0,0.14999999999999999,0.5
65.8667,  1.00000000,1,0,0.14999999999999999,0.5
65.9000,  1.00000000,1,0,0.14999999999999999,0.5
65.9333,  1.00000000,1,0,0.14999999999999999,0.5
65.9667,  1.00000000,1,0,0.14999999999999999,0.5
66.0000,  1.00000000,1,0,0.14999999999999999,0.5
66.0333,  1.00000000,1,0,0.14999999999999999,0.5
66.0667,  1.00000000,1,0,0.14999999999999999,0.5
66.1000,  1.00000000,1,0,0.14999999999999999,0.5
66.1333,  1.00000000,1,0,0.14999999999999999,0.5
66.1667,  1.00000000,1,0,0.125,0.5
66.2000,  1.00000000,1,0,0.14999999999999999,0.5
66.2333,  1.00000000,1,0,0.14999999999999999,0.5
66.2667,  1.00000000,1,0,0.14999999999999999,0.5
66.3000,  1.00000000,1,0,0.14999999999999999,0.5
66.3333,  1.00000000,1,0,0.14999999999999999,0.5
66.3667,  1.00000000,1,0,0.14999999999999999,0.5
66.4000,  1.00000000,1,0,0.14999999999999999,0.5
66.4333,  1.00000000,1,0,0.14999999999999999,0.5
66.4667,  1.00000000,1,0,0.14999999999999999,0.5
66.5000,  1.00000000,1,0,0.14999999999999999,0.5
66.5333,  1.00000000,1,0,0.125,0.5
66.5667,  1.00000000,1,0,0.14999999999999999,0.5
66.6000,  1.00000000,1,0,0.14999999999999999,0.5
66.6333,  1.00000000,1,0,0.14999999999999999,0.5
66.6667,  1.00000000,1,0,0.14999999999999999,0.5
66.7000,  1.00000000,1,0,0.14999999999999999,0.5
66.7333,  1.00000000,1,0,0.14999999999999999,0.5
66.7667,  1.00000000,1,0,0.14999999999999999,0.5
66.8000,  1.00000000,1,0,0.14999999999999999,0.5
66.8333,  1.00000000,1,0,0.14999999999999999,0.5
66.8667,  1.00000000,1,0,0.14999999999999999,0.5
66.9000,  1.00000000,1,0,0.14999999999999999,0.5
66.9333,  1.00000000,1,0,0.14999999999999999,0.5
66.9667,  1.00000000,1,0,0.14999999999999999,0.5
67.0000,  1.00000000,1,0,0.14999999999999999,0.5
67.0333,  1.00000000,1,0,0.14999999999999999,0.5
67.0667,  1.00000000,1,0,0.14999999999999999,0.5
67.1000,  1.00000000,1,0,0.14999999999999999,0.5
67.1333,  1.00000000,1,0,0.14999999999999999,0.5
67.1667,  1.00000000,1,0,0.050000000000000003,0.5
67.2000,  1.00000000,1,0,0.0,0.5
67.2333,  1.00000000,1,0,0.0,0.5
67.2667,  1.00000000,1,0,0.0,0.5
67.3000,  1.00000000,1,0,0.025000000000000001,0.5
67.3333,  1.00000000,1,0,0.025000000000000001,0.5
67.3667,  1.00000000,1,0,0.050000000000000003,0.5
67.4000,  1.00000000,1,0,0.050000000000000003,0.5
67.4333,  1.00000000,1,0,0.0,0.5
67.4667,  1.00000000,1,0,0.050000000000000003,0.5
67.5000,  1.00000000,1,0,0.025000000000000001,0.5
67.5333,  1.00000000,1,0,0.074999999999999997,0.5
67.5667,  1.00000000,1,0,0.10000000000000001,0.5
67.6000,  1.00000000,1,0,0.10000000000000001,0.5
67.6333,  1.00000000,1,0,0.074999999999999997,0.5
67.6667,  1.00000000,1,0,0.0,0.5
67.7000,  1.00000000,1,0,0.050000000000000003,0.5
67.7333,  1.00000000,1,0,0.025000000000000001,0.5
67.7667,  1.00000000,1,0,0.14999999999999999,0.5
67.8000,  1.00000000,1,0,0.14999999999999999,0.5
67.8333,  1.00000000,1,0,0.14999999999999999,0.5
67.8667,  1.00000000,1,0,0.14999999999999999,0.5
67.9000,  1.00000000,1,0,0.14999999999999999,0.5
67.9333,  1.00000000,1,0,0.14999999999999999,0.5
67.9667,  1.00000000,1,0,0.14999999999999999,0.5
68.0000,  1.00000000,1,0,0.14999999999999999,0.5
68.0333,  1.00000000,1,0,0.14999999999999999,0.5
68.0667,  1.00000000,1,0,0.14999999999999999,0.5
68.1000,  1.00000000,1,0,0.14999999999999999,0.5
68.1333,  1.00000000,1,0,0.14999999999999999,0.5
68.1667,  1.00000000,1,0,0.14999999999999999,0.5
68.2000,  1.00000000,1,0,0.14999999999999999,0.5
68.2333,  1.00000000,1,0,0.14999999999999999,0.5
68.2667,  1.00000000,1,0,0.14999999999999999,0.5
68.3000,  1.00000000,1,0,0.14999999999999999,0.5
68.3333,  1.00000000,1,0,0.14999999999999999,0.5
68.3667,  1.00000000,1,0,0.14999999999999999,0.5
68.4000,  1.00000000,1,0,0.14999999999999999,0.5
68.4333,  1.00000000,1,0,0.14999999999999999,0.5
68.4667,  1.00000000,1,0,0.14999999999999999,0.5
68.5000,  1.00000000,1,0,0.14999999999999999,0.5
68.5333,  1.00000000,1,0,0.14999999999999999,0.5
68.5667,  1.00000000,1,0,0.14999999999999999,0.5
68.6000,  1.00000000,1,0,0.14999999999999999,0.5
68.6333,  1.00000000,1,0,0.14999999999999999,0.5
68.6667,  1.00000000,1,0,0.14999999999999999,0.5
68.7000,  1.00000000,1,0,0.14999999999999999,0.5
68.7333,  1.00000000,1,0,0.14999999999999999,0.5
68.7667,  1.00000000,1,0,0.14999999999999999,0.5
68.8000,  1.00000000,1,0,0.14999999999999999,0.5
68.8333,  1.00000000,1,0,0.14999999999999999,0.5
68.8667,  1.00000000,1,0,0.14999999999999999,0.5
68.9000,  1.00000000,1,0,0.14999999999999999,0.5
68.9333,  1.00000000,1,0,0.14999999999999999,0.5
68.9667,  1.00000000,1,0,0.14999999999999999,0.5
69.0000,  1.00000000,1,0,0.14999999999999999,0.5
69.0333,  1.00000000,1,0,0.14999999999999999,0.5
69.0667,  1.00000000,1,0,0.125,0.5
69.1000,  1.00000000,1,0,0.0,0.5
69.1333,  1.00000000,1,0,0.0,0.5
69.1667,  1.00000000,1,0,0.0,0.5
69.2000,  1.00000000,1,0,0.0,0.5
69.2333,  1.00000000,1,0,0.0,0.5
69.2667,  1.00000000,1,0,0.0,0.5
69.3000,  1.00000000,1,0,0.0,0.5
69.3333,  1.00000000,1,0,0.0,0.5
69.3667,  1.00000000,1,0,0.0,0.5
69.4000,  1.00000000,1,0,0.050000000000000003,0.5
69.4333,  1.00000000,1,0,0.074999999999999997,0.5
69.4667,  1.00000000,1,0,0.050000000000000003,0.5
69.5000,  1.00000000,1,0,0.125,0.5
69.5333,  1.00000000,1,0,0.050000000000000003,0.5
69.5667,  1.00000000,1,0,0.074999999999999997,0.5
69.6000,  1.00000000,1,0,0.14999999999999999,0.5
69.6333,  1.00000000,1,0,0.14999999999999999,0.5
69.6667,  1.00000000,1,0,0.14999999999999999,0.5
69.7000,  1.00000000,1,0,0.14999999999999999,0.5
69.7333,  1.00000000,1,0,0.10000000000000001,0.5
69.7667,  1.00000000,1,0,0.074999999999999997,0.5
69.8000,  1.00000000,1,0,0.125,0.5
69.8333,  1.00000000,1,0,0.10000000000000001,0.5
69.8667,  1.00000000,1,0,0.050000000000000003,0.5
69.9000,  1.00000000,1,0,0.14999999999999999,0.5
69.9333,  1.00000000,1,0,0.074999999999999997,0.5
69.9667,  1.00000000,1,0,0.074999999999999997,0.5
70.0000,  1.00000000,1,0,0.14999999999999999,0.5
70.0333,  1.00000000,1,0,0.14999999999999999,0.5
70.0667,  1.00000000,1,0,0.14999999999999999,0.5
70.1000,  1.00000000,1,0,0.10000000000000001,0.5
70.1333,  1.00000000,1,0,0.0,0.5
70.1667,  1.00000000,1,0,0.0,0.5
70.2000,  1.00000000,1,0,0.0,0.5
70.2333,  1.00000000,1,0,0.0,0.5
70.2667,  1.00000000,1,0,0.0,0.5
70.3000,  1.00000000,1,0,0.0,0.5
70.3333,  1.00000000,1,0,0.0,0.5
70.3667,  1.00000000,1,0,0.0,0.5
70.4000,  1.00000000,1,0,0.0,0.5
70.4333,  1.00000000,1,0,0.0,0.5
70.4667,  1.00000000,1,0,0.0,0.5
70.5000,  1.00000000,1,0,0.0,0.5
70.5333,  1.00000000,1,0,0.0,0.5
70.5667,  1.00000000,1,0,0.0,0.5
70.6000,  1.00000000,1,0,0.0,0.5
70.6333,  1.00000000,1,0,0.0,0.5
70.6667,  1.00000000,1,0,0.0,0.5
70.7000,  1.00000000,1,0,0.0,0.5
70.7333,  1.00000000,1,0,0.0,0.5
70.7667,  1.00000000,1,0,0.0,0.5
70.8000,  1.00000000,1,0,0.0,0.5
70.8333,  1.00000000,1,0,0.0,0.5
70.8667,  1.00000000,1,0,0.0,0.5
70.9000,  1.00000000,1,0,0.0,0.5
70.9333,  1.00000000,1,0,0.0,0.5
70.9667,  1.00000000,1,0,0.025000000000000001,0.5
71.0000,  1.00000000,1,0,0.0,0.5
71.0333,  1.00000000,1,0,0.0,0.5
71.0667,  1.00000000,1,0,0.0,0.5
71.1000,  1.00000000,1,0,0.0,0.5
71.1333,  1.00000000,1,0,0.025000000000000001,0.5
71.1667,  1.00000000,1,0,0.0,0.5
71.2000,  1.00000000,1,0,0.025000000000000001,0.5
71.2333,  1.00000000,1,0,0.0,0.5
71.2667,  1.00000000,1,0,0.0,0.5
71.3000,  1.00000000,1,0,0.0,0.5
71.3333,  1.00000000,1,0,0.025000000000000001,0.5
71.3667,  1.00000000,1,0,0.0,0.5
71.4000,  1.00000000,1,0,0.0,0.5
71.4333,  1.00000000,1,0,0.0,0.5
71.4667,  1.00000000,1,0,0.0,0.5
71.5000,  1.00000000,1,0,0.0,0.5
71.5333,  1.00000000,1,0,0.0,0.5
71.5667,  1.00000000,1,0,0.0,0.5
71.6000,  1.00000000,1,0,0.0,0.5
71.6333,  1.00000000,1,0,0.0,0.5
71.6667,  1.00000000,1,0,0.0,0.5
71.7000,  1.00000000,1,0,0.0,0.5
71.7333,  1.00000000,1,0,0.0,0.5
71.7667,  1.00000000,1,0,0.0,0.5
71.8000,  1.00000000,1,0,0.0,0.5
71.8333,  1.00000000,1,0,0.0,0.5
71.8667,  1.00000000,1,0,0.0,0.5
71.9000,  1.00000000,1,0,0.0,0.5
71.9333,  1.00000000,1,0,0.0,0.5
71.9667,  1.00000000,1,0,0.0,0.5
72.0000,  1.00000000,1,0,0.0,0.5
72.0333,  1.00000000,1,0,0.0,0.5
72.0667,  1.00000000,1,0,0.0,0.5
72.1000,  1.00000000,1,0,0.0,0.5
72.1333,  1.00000000,1,0,0.0,0.5
72.1667,  1.00000000,1,0,0.0,0.5
72.2000,  1.00000000,1,0,0.0,0.5
72.2333,  1.00000000,1,0,0.0,0.5
72.2667,  1.00000000,1,0,0.0,0.5
72.3000,  1.00000000,1,0,0.0,0.5
72.3333,  1.00000000,1,0,0.0,0.5
72.3667,  1.00000000,1,0,0.0,0.5
72.4000,  1.00000000,1,0,0.050000000000000003,0.5
72.4333,  1.00000000,1,0,0.10000000000000001,0.5
72.4667,  1.00000000,1,0,0.125,0.5
72.5000,  1.00000000,1,0,0.10000000000000001,0.5
72.5333,  1.00000000,1,0,0.14999999999999999,0.5
72.5667,  1.00000000,1,0,0.14999999999999999,0.5
72.6000,  1.00000000,1,0,0.14999999999999999,0.5
72.6333,  1.00000000,1,0,0.14999999999999999,0.5
72.6667,  1.00000000,1,0,0.14999999999999999,0.5
72.7000,  1.00000000,1,0,0.14999999999999999,0.5
72.7333,  1.00000000,1,0,0.14999999999999999,0.5
72.7667,  1.00000000,1,0,0.14999999999999999,0.5
72.8000,  1.00000000,1,0,0.14999999999999999,0.5
72.8333,  1.00000000,1,0,0.14999999999999999,0.5
72.8667,  1.00000000,1,0,0.14999999999999999,0.5
72.9000,  1.00000000,1,0,0.14999999999999999,0.5
72.9333,  1.00000000,1,0,0.14999999999999999,0.5
72.9667,  1.00000000,1,0,0.14999999999999999,0.5
73.0000,  1.00000000,1,0,0.14999999999999999,0.5
73.0333,  1.00000000,1,0,0.14999999999999999,0.5
73.0667,  1.00000000,1,0,0.14999999999999999,0.5
73.1000,  1.00000000,1,0,0.14999999999999999,0.5
73.1333,  1.00000000,1,0,0.14999999999999999,0.5
73.1667,  1.00000000,1,0,0.14999999999999999,0.5
73.2000,  1.00000000,1,0,0.14999999999999999,0.5
73.2333,  1.00000000,1,0,0.14999999999999999,0.5
73.2667,  1.00000000,1,0,0.14999999999999999,0.5
73.3000,  1.00000000,1,0,0.050000000000000003,0.5
73.3333,  1.00000000,1,0,0.0,0.5
73.3667,  1.00000000,1,0,0.0,0.5
73.4000,  1.00000000,1,0,0.0,0.5
73.4333,  1.00000000,1,0,0.0,0.5
73.4667,  1.00000000,1,0,0.0,0.5
73.5000,  1.00000000,1,0,0.0,0.5
73.5333,  1.00000000,1,0,0.0,0.5
73.5667,  1.00000000,1,0,0.0,0.5
73.6000,  1.00000000,1,0,0.0,0.5
73.6333,  1.00000000,1,0,0.0,0.5
73.6667,  1.00000000,1,0,0.0,0.5
73.7000,  1.00000000,1,0,0.0,0.5
73.7333,  1.00000000,1,0,0.0,0.5
73.7667,  1.00000000,1,0,0.0,0.5
73.8000,  1.00000000,1,0,0.0,0.5
73.8333,  1.00000000,1,0,0.0,0.5
73.8667,  1.00000000,1,0,0.0,0.5
73.9000,  1.00000000,1,0,0.0,0.5
73.9333,  1.00000000,1,0,0.0,0.5
73.9667,  1.00000000,1,0,0.0,0.5
74.0000,  1.00000000,1,0,0.0,0.5
74.0333,  1.00000000,1,0,0.0,0.5
74.0667,  1.00000000,1,0,0.0,0.5
74.1000,  1.00000000,1,0,0.0,0.5
74.1333,  1.00000000,1,0,0.0,0.5
74.1667,  1.00000000,1,0,0.0,0.5
74.2000,  1.00000000,1,0,0.0,0.5
74.2333,  1.00000000,1,0,0.0,0.5
74.2667,  1.00000000,1,0,0.0,0.5
74.3000,  1.00000000,1,0,0.0,0.5
74.3333,  1.00000000,1,0,0.0,0.5
74.3667,  1.00000000,1,0,0.0,0.5
74.4000,  1.00000000,1,0,0.0,0.5
74.4333,  1.00000000,1,0,0.0,0.5
74.4667,  1.00000000,1,0,0.0,0.5
74.5000,  1.00000000,1,0,0.0,0.5
74.5333,  1.00000000,1,0,0.0,0.5
74.5667,  1.00000000,1,0,0.0,0.5
74.6000,  1.00000000,1,0,0.0,0.5
74.6333,  1.00000000,1,0,0.0,0.5
74.6667,  1.00000000,1,0,0.0,0.5
74.7000,  1.00000000,1,0,0.0,0.5
74.7333,  1.00000000,1,0,0.0,0.5
74.7667,  1.00000000,1,0,0.0,0.5
74.8000,  1.00000000,1,0,0.0,0.5
74.8333,  1.00000000,1,0,0.0,0.5
74.8667,  1.00000000,1,0,0.0,0.5
74.9000,  1.00000000,1,0,0.0,0.5
74.9333,  1.00000000,1,0,0.0,0.5
74.9667,  1.00000000,1,0,0.0,0.5
75.0000,  1.00000000,1,0,0.0,0.5
75.0333,  1.00000000,1,0,0.0,0.5
75.0667,  1.00000000,1,0,0.0,0.5
75.1000,  1.00000000,1,0,0.0,0.5
75.1333,  1.00000000,1,0,0.0,0.5
75.1667,  1.00000000,1,0,0.0,0.5
75.2000,  1.00000000,1,0,0.0,0.5
75.2333,  1.00000000,1,0,0.0,0.5
75.2667,  1.00000000,1,0,0.0,0.5
75.3000,  1.00000000,1,0,0.0,0.5
75.3333,  1.00000000,1,0,0.0,0.5
75.3667,  1.00000000,1,0,0.0,0.5
75.4000,  1.00000000,1,0,0.0,0.5
75.4333,  1.00000000,1,0,0.0,0.5
75.4667,  1.00000000,1,0,0.0,0.5
75.5000,  1.00000000,1,0,0.0,0.5
75.5333,  1.00000000,1,0,0.0,0.5
75.5667,  1.00000000,1,0,0.0,0.5
75.6000,  1.00000000,1,0,0.0,0.5
75.6333,  1.00000000,1,0,0.0,0.5
75.6667,  1.00000000,1,0,0.0,0.5
75.7000,  1.00000000,1,0,0.0,0.5
75.7333,  1.00000000,1,0,0.0,0.5
75.7667,  1.00000000,1,0,0.14999999999999999,0.5
75.8000,  1.00000000,1,0,0.14999999999999999,0.5
75.8333,  1.00000000,1,0,0.10000000000000001,0.5
75.8667,  1.00000000,1,0,0.10000000000000001,0.5
75.9000,  1.00000000,1,0,0.14999999999999999,0.5
75.9333,  1.00000000,1,0,0.125,0.5
75.9667,  1.00000000,1,0,0.14999999999999999,0.5
76.0000,  1.00000000,1,0,0.14999999999999999,0.5
76.0333,  1.00000000,1,0,0.14999999999999999,0.5
76.0667,  1.00000000,1,0,0.14999999999999999,0.5
76.1000,  1.00000000,1,0,0.125,0.5
76.1333,  1.00000000,1,0,0.14999999999999999,0.5
76.1667,  1.00000000,1,0,0.14999999999999999,0.5
76.2000,  1.00000000,1,0,0.125,0.5
76.2333,  1.00000000,1,0,0.0,0.5
76.2667,  1.00000000,1,0,0.0,0.5
76.3000,  1.00000000,1,0,0.0,0.5
76.3333,  1.00000000,1,0,0.0,0.5
76.3667,  1.00000000,1,0,0.0,0.5
76.4000,  1.00000000,1,0,0.0,0.5
76.4333,  1.00000000,1,0,0.0,0.5
76.4667,  1.00000000,1,0,0.0,0.5
76.5000,  1.00000000,1,0,0.0,0.5
76.5333,  1.00000000,1,0,0.0,0.5
76.5667,  1.00000000,1,0,0.0,0.5
76.6000,  1.00000000,1,0,0.0,0.5
76.6333,  1.00000000,1,0,0.0,0.5
76.6667,  1.00000000,1,0,0.0,0.5
76.7000,  1.00000000,1,0,0.0,0.5
76.7333,  1.00000000,1,0,0.0,0.5
76.7667,  1.00000000,1,0,0.0,0.5
76.8000,  1.00000000,1,0,0.0,0.5
76.8333,  1.00000000,1,0,0.0,0.5
76.8667,  1.00000000,1,0,0.0,0.5
76.9000,  1.00000000,1,0,0.0,0.5
76.9333,  1.00000000,1,0,0.0,0.5
76.9667,  1.00000000,1,0,0.0,0.5
77.0000,  1.00000000,1,0,0.0,0.5
77.0333,  1.00000000,1,0,0.0,0.5
77.0667,  1.00000000,1,0,0.0,0.5
77.1000,  1.00000000,1,0,0.0,0.5
77.1333,  1.00000000,1,0,0.0,0.5
77.1667,  1.00000000,1,0,0.0,0.5
77.2000,  1.00000000,1,0,0.0,0.5
77.2333,  1.00000000,1,0,0.0,0.5
77.2667,  1.00000000,1,0,0.0,0.5
77.3000,  1.00000000,1,0,0.0,0.5
77.3333,  1.00000000,1,0,0.0,0.5
77.3667,  1.00000000,1,0,0.0,0.5
77.4000,  1.00000000,1,0,0.0,0.5
77.4333,  1.00000000,1,0,0.0,0.5
77.4667,  1.00000000,1,0,0.0,0.5
77.5000,  1.00000000,1,0,0.0,0.5
77.5333,  1.00000000,1,0,0.0,0.5
77.5667,  1.00000000,1,0,0.0,0.5
77.6000,  1.00000000,1,0,0.0,0.5
77.6333,  1.00000000,1,0,0.0,0.5
77.6667,  1.00000000,1,0,0.0,0.5
77.7000,  1.00000000,1,0,0.0,0.5
77.7333,  1.00000000,1,0,0.0,0.5
77.7667,  1.00000000,1,0,0.0,0.5
77.8000,  1.00000000,1,0,0.0,0.5
77.8333,  1.00000000,1,0,0.0,0.5
77.8667,  1.00000000,1,0,0.0,0.5
77.9000,  1.00000000,1,0,0.0,0.5
77.9333,  1.00000000,1,0,0.0,0.5
77.9667,  1.00000000,1,0,0.0,0.5
78.0000,  1.00000000,1,0,0.0,0.5
78.0333,  1.00000000,1,0,0.0,0.5
78.0667,  1.00000000,1,0,0.0,0.5
78.1000,  1.00000000,1,0,0.0,0.5
78.1333,  1.00000000,1,0,0.0,0.5
78.1667,  1.00000000,1,0,0.0,0.5
78.2000,  1.00000000,1,0,0.0,0.5
78.2333,  1.00000000,1,0,0.0,0.5
78.2667,  1.00000000,1,0,0.0,0.5
78.3000,  1.00000000,1,0,0.0,0.5
78.3333,  1.00000000,1,0,0.0,0.5
78.3667,  1.00000000,1,0,0.0,0.5
78.4000,  1.00000000,1,0,0.0,0.5
78.4333,  1.00000000,1,0,0.0,0.5
78.4667,  1.00000000,1,0,0.0,0.5
78.5000,  1.00000000,1,0,0.0,0.5
78.5333,  1.00000000,1,0,0.0,0.5
78.5667,  1.00000000,1,0,0.0,0.5
78.6000,  1.00000000,1,0,0.0,0.5
78.6333,  1.00000000,1,0,0.0,0.5
78.6667,  1.00000000,1,0,0.0,0.5
78.7000,  1.00000000,1,0,0.0,0.5
78.7333,  1.00000000,1,0,0.0,0.5
78.7667,  1.00000000,1,0,0.0,0.5
78.8000,  1.00000000,1,0,0.0,0.5
78.8333,  1.00000000,1,0,0.0,0.5
78.8667,  1.00000000,1,0,0.0,0.5
78.9000,  1.00000000,1,0,0.0,0.5
78.9333,  1.00000000,1,0,0.0,0.5
78.9667,  1.00000000,1,0,0.0,0.5
79.0000,  1.00000000,1,0,0.0,0.5
79.0333,  1.00000000,1,0,0.0,0.5
79.0667,  1.00000000,1,0,0.0,0.5
79.1000,  1.00000000,1,0,0.0,0.5
79.1333,  1.00000000,1,0,0.0,0.5
79.1667,  1.00000000,1,0,0.0,0.5
79.2000,  1.00000000,1,0,0.0,0.5
79.2333,  1.00000000,1,0,0.0,0.5
79.2667,  1.00000000,1,0,0.0,0.5
79.3000,  1.00000000,1,0,0.0,0.5
79.3333,  1.00000000,1,0,0.0,0.5
79.3667,  1.00000000,1,0,0.0,0.5
79.4000,  1.00000000,1,0,0.0,0.5
79.4333,  1.00000000,1,0,0.0,0.5
79.4667,  1.00000000,1,0,0.0,0.5
79.5000,  1.00000000,1,0,0.0,0.5
79.5333,  1.00000000,1,0,0.0,0.5
79.5667,  1.00000000,1,0,0.0,0.5
79.6000,  1.00000000,1,0,0.0,0.5
79.6333,  1.00000000,1,0,0.0,0.5
79.6667,  1.00000000,1,0,0.0,0.5
79.7000,  1.00000000,1,0,0.0,0.5
79.7333,  1.00000000,1,0,0.0,0.5
79.7667,  1.00000000,1,0,0.0,0.5
79.8000,  1.00000000,1,0,0.0,0.5
79.8333,  1.00000000,1,0,0.0,0.5
79.8667,  1.00000000,1,0,0.0,0.5
79.9000,  1.00000000,1,0,0.0,0.5
79.9333,  1.00000000,1,0,0.0,0.5
79.9667,  1.00000000,1,0,0.0,0.5
80.0000,  1.00000000,1,0,0.0,0.5
80.0333,  1.00000000,1,0,0.0,0.5
80.0667,  1.00000000,1,0,0.0,0.5
80.1000,  1.00000000,1,0,0.0,0.5
80.1333,  1.00000000,1,0,0.0,0.5
80.1667,  1.00000000,1,0,0.0,0.5
80.2000,  1.00000000,1,0,0.0,0.5
80.2333,  1.00000000,1,0,0.0,0.5
80.2667,  1.00000000,1,0,0.0,0.5
80.3000,  1.00000000,1,0,0.0,0.5
80.3333,  1.00000000,1,0,0.0,0.5
80.3667,  1.00000000,1,0,0.0,0.5
80.4000,  1.00000000,1,0,0.0,0.5
80.4333,  1.00000000,1,0,0.0,0.5
80.4667,  1.00000000,1,0,0.0,0.5
80.5000,  1.00000000,1,0,0.0,0.5
80.5333,  1.00000000,1,0,0.0,0.5
80.5667,  1.00000000,1,0,0.0,0.5
80.6000,  1.00000000,1,0,0.0,0.5
80.6333,  1.00000000,1,0,0.0,0.5
80.6667,  1.00000000,1,0,0.0,0.5
80.7000,  1.00000000,1,0,0.0,0.5
80.7333,  1.00000000,1,0,0.0,0.5
80.7667,  1.00000000,1,0,0.0,0.5
80.8000,  1.00000000,1,0,0.0,0.5
80.8333,  1.00000000,1,0,0.0,0.5
80.8667,  1.00000000,1,0,0.0,0.5
80.9000,  1.00000000,1,0,0.0,0.5
80.9333,  1.00000000,1,0,0.0,0.5
80.9667,  1.00000000,1,0,0.0,0.5
81.0000,  1.00000000,1,0,0.0,0.5
81.0333,  1.00000000,1,0,0.0,0.5
81.0667,  1.00000000,1,0,0.0,0.5
81.1000,  1.00000000,1,0,0.0,0.5
81.1333,  1.00000000,1,0,0.0,0.5
81.1667,  1.00000000,1,0,0.0,0.5
81.2000,  1.00000000,1,0,0.0,0.5
81.2333,  1.00000000,1,0,0.0,0.5
81.2667,  1.00000000,1,0,0.0,0.5
81.3000,  1.00000000,1,0,0.0,0.5
81.3333,  1.00000000,1,0,0.0,0.5
81.3667,  1.00000000,1,0,0.0,0.5
81.4000,  1.00000000,1,0,0.0,0.5
81.4333,  1.00000000,1,0,0.0,0.5
81.4667,  1.00000000,1,0,0.0,0.5
81.5000,  1.00000000,1,0,0.050000000000000003,0.5
81.5333,  1.00000000,1,0,0.050000000000000003,0.5
81.5667,  1.00000000,1,0,0.10000000000000001,0.5
81.6000,  1.00000000,1,0,0.14999999999999999,0.5
81.6333,  1.00000000,1,0,0.14999999999999999,0.5
81.6667,  1.00000000,1,0,0.14999999999999999,0.5
81.7000,  1.00000000,1,0,0.14999999999999999,0.5
81.7333,  1.00000000,1,0,0.14999999999999999,0.5
81.7667,  1.00000000,1,0,0.14999999999999999,0.5
81.8000,  1.00000000,1,0,0.14999999999999999,0.5
81.8333,  1.00000000,1,0,0.14999999999999999,0.5
81.8667,  1.00000000,1,0,0.14999999999999999,0.5
81.9000,  1.00000000,1,0,0.14999999999999999,0.5
81.9333,  1.00000000,1,0,0.14999999999999999,0.5
81.9667,  1.00000000,1,0,0.14999999999999999,0.5
82.0000,  1.00000000,1,0,0.0,0.5
82.0333,  1.00000000,1,0,0.0,0.5
82.0667,  1.00000000,1,0,0.0,0.5
82.1000,  1.00000000,1,0,0.025000000000000001,0.5
82.1333,  1.00000000,1,0,0.050000000000000003,0.5
82.1667,  1.00000000,1,0,0.025000000000000001,0.5
82.2000,  1.00000000,1,0,0.050000000000000003,0.5
82.2333,  1.00000000,1,0,0.025000000000000001,0.5
82.2667,  1.00000000,1,0,0.0,0.5
82.3000,  1.00000000,1,0,0.025000000000000001,0.5
82.3333,  1.00000000,1,0,0.025000000000000001,0.5
82.3667,  1.00000000,1,0,0.074999999999999997,0.5
82.4000,  1.00000000,1,0,0.025000000000000001,0.5
82.4333,  1.00000000,1,0,0.0,0.5
82.4667,  1.00000000,1,0,0.050000000000000003,0.5
82.5000,  1.00000000,1,0,0.074999999999999997,0.5
82.5333,  1.00000000,1,0,0.074999999999999997,0.5
82.5667,  1.00000000,1,0,0.074999999999999997,0.5
82.6000,  1.00000000,1,0,0.050000000000000003,0.5
82.6333,  1.00000000,1,0,0.050000000000000003,0.5
82.6667,  1.00000000,1,0,0.074999999999999997,0.5
82.7000,  1.00000000,1,0,0.050000000000000003,0.5
82.7333,  1.00000000,1,0,0.074999999999999997,0.5
82.7667,  1.00000000,1,0,0.050000000000000003,0.5
82.8000,  1.00000000,1,0,0.025000000000000001,0.5
82.8333,  1.00000000,1,0,0.074999999999999997,0.5
82.8667,  1.00000000,1,0,0.050000000000000003,0.5
82.9000,  1.00000000,1,0,0.074999999999999997,0.5
82.9333,  1.00000000,1,0,0.050000000000000003,0.5
82.9667,  1.00000000,1,0,0.025000000000000001,0.5
83.0000,  1.00000000,1,0,0.0,0.5
83.0333,  1.00000000,1,0,0.074999999999999997,0.5
83.0667,  1.00000000,1,0,0.074999999999999997,0.5
83.1000,  1.00000000,1,0,0.025000000000000001,0.5
83.1333,  1.00000000,1,0,0.0,0.5
83.1667,  1.00000000,1,0,0.0,0.5
83.2000,  1.00000000,1,0,0.0,0.5
83.2333,  1.00000000,1,0,0.025000000000000001,0.5
83.2667,  1.00000000,1,0,0.050000000000000003,0.5
83.3000,  1.00000000,1,0,0.025000000000000001,0.5
83.3333,  1.00000000,1,0,0.025000000000000001,0.5
83.3667,  1.00000000,1,0,0.050000000000000003,0.5
83.4000,  1.00000000,1,0,0.050000000000000003,0.5
83.4333,  1.00000000,1,0,0.050000000000000003,0.5
83.4667,  1.00000000,1,0,0.050000000000000003,0.5
83.5000,  1.00000000,1,0,0.050000000000000003,0.5
83.5333,  1.00000000,1,0,0.050000000000000003,0.5
83.5667,  1.00000000,1,0,0.050000000000000003,0.5
83.6000,  1.00000000,1,0,0.050000000000000003,0.5
83.6333,  1.00000000,1,0,0.050000000000000003,0.5
83.6667,  1.00000000,1,0,0.050000000000000003,0.5
83.7000,  1.00000000,1,0,0.050000000000000003,0.5
83.7333,  1.00000000,1,0,0.025000000000000001,0.5
83.7667,  1.00000000,1,0,0.025000000000000001,0.5
83.8000,  1.00000000,1,0,0.050000000000000003,0.5
83.8333,  1.00000000,1,0,0.050000000000000003,0.5
83.8667,  1.00000000,1,0,0.050000000000000003,0.5
83.9000,  1.00000000,1,0,0.050000000000000003,0.5
83.9333,  1.00000000,1,0,0.050000000000000003,0.5
83.9667,  1.00000000,1,0,0.050000000000000003,0.5
84.0000,  1.00000000,1,0,0.050000000000000003,0.5
84.0333,  1.00000000,1,0,0.050000000000000003,0.5
84.0667,  1.00000000,1,0,0.025000000000000001,0.5
84.1000,  1.00000000,1,0,0.025000000000000001,0.5
84.1333,  1.00000000,1,0,0.025000000000000001,0.5
84.1667,  1.00000000,1,0,0.17499999999999999,0.5
84.2000,  1.00000000,1,0,0.10000000000000001,0.5
84.2333,  1.00000000,1,0,0.10000000000000001,0.5
84.2667,  1.00000000,1,0,0.125,0.5
84.3000,  1.00000000,1,0,0.050000000000000003,0.5
84.3333,  1.00000000,1,0,0.050000000000000003,0.5
84.3667,  1.00000000,1,0,0.050000000000000003,0.5
84.4000,  1.00000000,1,0,0.050000000000000003,0.5
84.4333,  1.00000000,1,0,0.10000000000000001,0.5
84.4667,  1.00000000,1,0,0.050000000000000003,0.5
84.5000,  1.00000000,1,0,0.125,0.5
84.5333,  1.00000000,1,0,0.14999999999999999,0.5
84.5667,  1.00000000,1,0,0.20000000000000001,0.5
84.6000,  1.00000000,1,0,0.125,0.5
84.6333,  1.00000000,1,0,0.10000000000000001,0.5
84.6667,  1.00000000,1,0,0.050000000000000003,0.5
84.7000,  1.00000000,1,0,0.050000000000000003,0.5
84.7333,  1.00000000,1,0,0.074999999999999997,0.5
84.7667,  1.00000000,1,0,0.025000000000000001,0.5
84.8000,  1.00000000,1,0,0.074999999999999997,0.5
84.8333,  1.00000000,1,0,0.074999999999999997,0.5
84.8667,  1.00000000,1,0,0.074999999999999997,0.5
84.9000,  1.00000000,1,0,0.10000000000000001,0.5
84.9333,  1.00000000,1,0,0.025000000000000001,0.5
84.9667,  1.00000000,1,0,0.125,0.5
85.0000,  1.00000000,1,0,0.25,0.5
85.0333,  1.00000000,1,0,0.27500000000000002,0.5
85.0667,  1.00000000,1,0,0.17499999999999999,0.5
85.1000,  1.00000000,1,0,0.074999999999999997,0.5
85.1333,  1.00000000,1,0,0.125,0.5
85.1667,  1.00000000,1,0,0.20000000000000001,0.5
85.2000,  1.00000000,1,0,0.14999999999999999,0.5
85.2333,  1.00000000,1,0,0.14999999999999999,0.5
85.2667,  1.00000000,1,0,0.050000000000000003,0.5
85.3000,  1.00000000,1,0,0.050000000000000003,0.5
85.3333,  1.00000000,1,0,0.074999999999999997,0.5
85.3667,  1.00000000,1,0,0.074999999999999997,0.5
85.4000,  1.00000000,1,0,0.125,0.5
85.4333,  1.00000000,1,0,0.10000000000000001,0.5
85.4667,  1.00000000,1,0,0.10000000000000001,0.5
85.5000,  1.00000000,1,0,0.074999999999999997,0.5
85.5333,  1.00000000,1,0,0.20000000000000001,0.5
85.5667,  1.00000000,1,0,0.17499999999999999,0.5
85.6000,  1.00000000,1,0,0.22500000000000001,0.5
85.6333,  1.00000000,1,0,0.125,0.5
85.6667,  1.00000000,1,0,0.025000000000000001,0.5
85.7000,  1.00000000,1,0,0.0,0.5
85.7333,  1.00000000,1,0,0.050000000000000003,0.5
85.7667,  1.00000000,1,0,0.125,0.5
85.8000,  1.00000000,1,0,0.074999999999999997,0.5
85.8333,  1.00000000,1,0,0.10000000000000001,0.5
85.8667,  1.00000000,1,0,0.10000000000000001,0.5
85.9000,  1.00000000,1,0,0.050000000000000003,0.5
85.9333,  1.00000000,1,0,0.074999999999999997,0.5
85.9667,  1.00000000,1,0,0.10000000000000001,0.5
86.0000,  1.00000000,1,0,0.10000000000000001,0.5
86.0333,  1.00000000,1,0,0.10000000000000001,0.5
86.0667,  1.00000000,1,0,0.025000000000000001,0.5
86.1000,  1.00000000,1,0,0.10000000000000001,0.5
86.1333,  1.00000000,1,0,0.074999999999999997,0.5
86.1667,  1.00000000,1,0,0.14999999999999999,0.5
86.2000,  1.00000000,1,0,0.10000000000000001,0.5
86.2333,  1.00000000,1,0,0.125,0.5
86.2667,  1.00000000,1,0,0.050000000000000003,0.5
86.3000,  1.00000000,1,0,0.025000000000000001,0.5
86.3333,  1.00000000,1,0,0.050000000000000003,0.5
86.3667,  1.00000000,1,0,0.025000000000000001,0.5
86.4000,  1.00000000,1,0,0.025000000000000001,0.5
86.4333,  1.00000000,1,0,0.0,0.5
86.4667,  1.00000000,1,0,0.074999999999999997,0.5
86.5000,  1.00000000,1,0,0.050000000000000003,0.5
86.5333,  1.00000000,1,0,0.0,0.5
86.5667,  1.00000000,1,0,0.10000000000000001,0.5
86.6000,  1.00000000,1,0,0.074999999999999997,0.5
86.6333,  1.00000000,1,0,0.0,0.5
86.6667,  1.00000000,1,0,0.20000000000000001,0.5
86.7000,  1.00000000,1,0,0.22500000000000001,0.5
86.7333,  1.00000000,1,0,0.125,0.5
86.7667,  1.00000000,1,0,0.29999999999999999,0.5
86.8000,  1.00000000,1,0,0.074999999999999997,0.5
86.8333,  1.00000000,1,0,0.25,0.5
86.8667,  1.00000000,1,0,0.10000000000000001,0.5
86.9000,  1.00000000,1,0,0.20000000000000001,0.5
86.9333,  1.00000000,1,0,0.14999999999999999,0.5
86.9667,  1.00000000,1,0,0.20000000000000001,0.5
87.0000,  1.00000000,1,0,0.25,0.5
87.0333,  1.00000000,1,0,0.050000000000000003,0.5
87.0667,  1.00000000,1,0,0.10000000000000001,0.5
87.1000,  1.00000000,1,0,0.10000000000000001,0.5
87.1333,  1.00000000,1,0,0.074999999999999997,0.5
87.1667,  1.00000000,1,0,0.10000000000000001,0.5
87.2000,  1.00000000,1,0,0.074999999999999997,0.5
87.2333,  1.00000000,1,0,0.10000000000000001,0.5
87.2667,  1.00000000,1,0,0.17499999999999999,0.5
87.3000,  1.00000000,1,0,0.125,0.5
87.3333,  1.00000000,1,0,0.14999999999999999,0.5
87.3667,  1.00000000,1,0,0.14999999999999999,0.5
87.4000,  1.00000000,1,0,0.20000000000000001,0.5
87.4333,  1.00000000,1,0,0.22500000000000001,0.5
87.4667,  1.00000000,1,0,0.17499999999999999,0.5
87.5000,  1.00000000,1,0,0.0,0.5
87.5333,  1.00000000,1,0,0.10000000000000001,0.5
87.5667,  1.00000000,1,0,0.074999999999999997,0.5
87.6000,  1.00000000,1,0,0.074999999999999997,0.5
87.6333,  1.00000000,1,0,0.074999999999999997,0.5
87.6667,  1.00000000,1,0,0.074999999999999997,0.5
87.7000,  1.00000000,1,0,0.050000000000000003,0.5
87.7333,  1.00000000,1,0,0.10000000000000001,0.5
87.7667,  1.00000000,1,0,0.050000000000000003,0.5
87.8000,  1.00000000,1,0,0.14999999999999999,0.5
87.8333,  1.00000000,1,0,0.074999999999999997,0.5
87.8667,  1.00000000,1,0,0.125,0.5
87.9000,  1.00000000,1,0,0.125,0.5
87.9333,  1.00000000,1,0,0.125,0.5
87.9667,  1.00000000,1,0,0.074999999999999997,0.5
88.0000,  1.00000000,1,0,0.125,0.5
88.0333,  1.00000000,1,0,0.14999999999999999,0.5
88.0667,  1.00000000,1,0,0.125,0.5
88.1000,  1.00000000,1,0,0.14999999999999999,0.5
88.1333,  1.00000000,1,0,0.25,0.5
88.1667,  1.00000000,1,0,0.025000000000000001,0.5
88.2000,  1.00000000,1,0,0.050000000000000003,0.5
88.2333,  1.00000000,1,0,0.025000000000000001,0.5
88.2667,  1.00000000,1,0,0.025000000000000001,0.5
88.3000,  1.00000000,1,0,0.025000000000000001,0.5
88.3333,  1.00000000,1,0,0.050000000000000003,0.5
88.3667,  1.00000000,1,0,0.050000000000000003,0.5
88.4000,  1.00000000,1,0,0.074999999999999997,0.5
88.4333,  1.00000000,1,0,0.025000000000000001,0.5
88.4667,  1.00000000,1,0,0.074999999999999997,0.5
88.5000,  1.00000000,1,0,0.20000000000000001,0.5
88.5333,  1.00000000,1,0,0.074999999999999997,0.5
88.5667,  1.00000000,1,0,0.14999999999999999,0.5
88.6000,  1.00000000,1,0,0.10000000000000001,0.5
88.6333,  1.00000000,1,0,0.10000000000000001,0.5
88.6667,  1.00000000,1,0,0.074999999999999997,0.5
88.7000,  1.00000000,1,0,0.10000000000000001,0.5
88.7333,  1.00000000,1,0,0.074999999999999997,0.5
88.7667,  1.00000000,1,0,0.10000000000000001,0.5
88.8000,  1.00000000,1,0,0.14999999999999999,0.5
88.8333,  1.00000000,1,0,0.25,0.5
88.8667,  1.00000000,1,0,0.20000000000000001,0.5
88.9000,  1.00000000,1,0,0.125,0.5
88.9333,  1.00000000,1,0,0.025000000000000001,0.5
88.9667,  1.00000000,1,0,0.14999999999999999,0.5
89.0000,  1.00000000,1,0,0.14999999999999999,0.5
89.0333,  1.00000000,1,0,0.14999999999999999,0.5
89.0667,  1.00000000,1,0,0.34999999999999998,0.5
89.1000,  1.00000000,1,0,0.34999999999999998,0.5
89.1333,  1.00000000,1,0,0.25,0.5
89.1667,  1.00000000,1,0,0.22500000000000001,0.5
89.2000,  1.00000000,1,0,0.050000000000000003,0.5
89.2333,  1.00000000,1,0,0.074999999999999997,0.5
89.2667,  1.00000000,1,0,0.074999999999999997,0.5
89.3000,  1.00000000,1,0,0.17499999999999999,0.5
89.3333,  1.00000000,1,0,0.14999999999999999,0.5
89.3667,  1.00000000,1,0,0.125,0.5
89.4000,  1.00000000,1,0,0.22500000000000001,0.5
89.4333,  1.00000000,1,0,0.074999999999999997,0.5
89.4667,  1.00000000,1,0,0.17499999999999999,0.5
89.5000,  1.00000000,1,0,0.10000000000000001,0.5
89.5333,  1.00000000,1,0,0.074999999999999997,0.5
89.5667,  1.00000000,1,0,0.125,0.5
89.6000,  1.00000000,1,0,0.22500000000000001,0.5
89.6333,  1.00000000,1,0,0.14999999999999999,0.5
89.6667,  1.00000000,1,0,0.10000000000000001,0.5
89.7000,  1.00000000,1,0,0.050000000000000003,0.5
89.7333,  1.00000000,1,0,0.20000000000000001,0.5
89.7667,  1.00000000,1,0,0.22500000000000001,0.5
89.8000,  1.00000000,1,0,0.14999999999999999,0.5
89.8333,  1.00000000,1,0,0.17499999999999999,0.5
89.8667,  1.00000000,1,0,0.22500000000000001,0.5
89.9000,  1.00000000,1,0,0.10000000000000001,0.5
89.9333,  1.00000000,1,0,0.050000000000000003,0.5
89.9667,  1.00000000,1,0,0.10000000000000001,0.5
90.0000,  1.00000000,1,0,0.10000000000000001,0.5
90.0333,  1.00000000,1,0,0.025000000000000001,0.5
90.0667,  1.00000000,1,0,0.050000000000000003,0.5
90.1000,  1.00000000,1,0,0.025000000000000001,0.5
90.1333,  1.00000000,1,0,0.025000000000000001,0.5
90.1667,  1.00000000,1,0,0.20000000000000001,0.5
90.2000,  1.00000000,1,0,0.10000000000000001,0.5
90.2333,  1.00000000,1,0,0.10000000000000001,0.5
90.2667,  1.00000000,1,0,0.14999999999999999,0.5
90.3000,  1.00000000,1,0,0.10000000000000001,0.5
90.3333,  1.00000000,1,0,0.050000000000000003,0.5
90.3667,  1.00000000,1,0,0.10000000000000001,0.5
90.4000,  1.00000000,1,0,0.10000000000000001,0.5
90.4333,  1.00000000,1,0,0.10000000000000001,0.5
90.4667,  1.00000000,1,0,0.10000000000000001,0.5
90.5000,  1.00000000,1,0,0.14999999999999999,0.5
90.5333,  1.00000000,1,0,0.14999999999999999,0.5
90.5667,  1.00000000,1,0,0.074999999999999997,0.5
90.6000,  1.00000000,1,0,0.10000000000000001,0.5
90.6333,  1.00000000,1,0,0.074999999999999997,0.5
90.6667,  1.00000000,1,0,0.050000000000000003,0.5
90.7000,  1.00000000,1,0,0.025000000000000001,0.5
90.7333,  1.00000000,1,0,0.050000000000000003,0.5
90.7667,  1.00000000,1,0,0.050000000000000003,0.5
90.8000,  1.00000000,1,0,0.025000000000000001,0.5
90.8333,  1.00000000,1,0,0.025000000000000001,0.5
90.8667,  1.00000000,1,0,0.025000000000000001,0.5
90.9000,  1.00000000,1,0,0.050000000000000003,0.5
90.9333,  1.00000000,1,0,0.074999999999999997,0.5
90.9667,  1.00000000,1,0,0.025000000000000001,0.5
91.0000,  1.00000000,1,0,0.025000000000000001,0.5
91.0333,  1.00000000,1,0,0.074999999999999997,0.5
91.0667,  1.00000000,1,0,0.14999999999999999,0.5
91.1000,  1.00000000,1,0,0.125,0.5
91.1333,  1.00000000,1,0,0.074999999999999997,0.5
91.1667,  1.00000000,1,0,0.14999999999999999,0.5
91.2000,  1.00000000,1,0,0.10000000000000001,0.5
91.2333,  1.00000000,1,0,0.050000000000000003,0.5
91.2667,  1.00000000,1,0,0.17499999999999999,0.5
91.3000,  1.00000000,1,0,0.20000000000000001,0.5
91.3333,  1.00000000,1,0,0.125,0.5
91.3667,  1.00000000,1,0,0.074999999999999997,0.5
91.4000,  1.00000000,1,0,0.14999999999999999,0.5
91.4333,  1.00000000,1,0,0.25,0.5
91.4667,  1.00000000,1,0,0.22500000000000001,0.5
91.5000,  1.00000000,1,0,0.025000000000000001,0.5
91.5333,  1.00000000,1,0,0.14999999999999999,0.5
91.5667,  1.00000000,1,0,0.10000000000000001,0.5
91.6000,  1.00000000,1,0,0.14999999999999999,0.5
91.6333,  1.00000000,1,0,0.14999999999999999,0.5
91.6667,  1.00000000,1,0,0.14999999999999999,0.5
91.7000,  1.00000000,1,0,0.14999999999999999,0.5
91.7333,  1.00000000,1,0,0.10000000000000001,0.5
91.7667,  1.00000000,1,0,0.17499999999999999,0.5
91.8000,  1.00000000,1,0,0.074999999999999997,0.5
91.8333,  1.00000000,1,0,0.22500000000000001,0.5
91.8667,  1.00000000,1,0,0.074999999999999997,0.5
91.9000,  1.00000000,1,0,0.14999999999999999,0.5
91.9333,  1.00000000,1,0,0.074999999999999997,0.5
91.9667,  1.00000000,1,0,0.22500000000000001,0.5
92.0000,  1.00000000,1,0,0.050000000000000003,0.5
92.0333,  1.00000000,1,0,0.074999999999999997,0.5
92.0667,  1.00000000,1,0,0.050000000000000003,0.5
92.1000,  1.00000000,1,0,0.025000000000000001,0.5
92.1333,  1.00000000,1,0,0.025000000000000001,0.5
92.1667,  1.00000000,1,0,0.050000000000000003,0.5
92.2000,  1.00000000,1,0,0.050000000000000003,0.5
92.2333,  1.00000000,1,0,0.0,0.5
92.2667,  1.00000000,1,0,0.050000000000000003,0.5
92.3000,  1.00000000,1,0,0.050000000000000003,0.5
92.3333,  1.00000000,1,0,0.10000000000000001,0.5
92.3667,  1.00000000,1,0,0.125,0.5
92.4000,  1.00000000,1,0,0.20000000000000001,0.5
92.4333,  1.00000000,1,0,0.14999999999999999,0.5
92.4667,  1.00000000,1,0,0.10000000000000001,0.5
92.5000,  1.00000000,1,0,0.125,0.5
92.5333,  1.00000000,1,0,0.14999999999999999,0.5
92.5667,  1.00000000,1,0,0.14999999999999999,0.5
92.6000,  1.00000000,1,0,0.10000000000000001,0.5
92.6333,  1.00000000,1,0,0.074999999999999997,0.5
92.6667,  1.00000000,1,0,0.14999999999999999,0.5
92.7000,  1.00000000,1,0,0.10000000000000001,0.5
92.7333,  1.00000000,1,0,0.125,0.5
92.7667,  1.00000000,1,0,0.14999999999999999,0.5
92.8000,  1.00000000,1,0,0.074999999999999997,0.5
92.8333,  1.00000000,1,0,0.050000000000000003,0.5
92.8667,  1.00000000,1,0,0.17499999999999999,0.5
92.9000,  1.00000000,1,0,0.125,0.5
92.9333,  1.00000000,1,0,0.025000000000000001,0.5
92.9667,  1.00000000,1,0,0.025000000000000001,0.5
93.0000,  1.00000000,1,0,0.025000000000000001,0.5
93.0333,  1.00000000,1,0,0.025000000000000001,0.5
93.0667,  1.00000000,1,0,0.025000000000000001,0.5
93.1000,  1.00000000,1,0,0.025000000000000001,0.5
93.1333,  1.00000000,1,0,0.025000000000000001,0.5
93.1667,  1.00000000,1,0,0.025000000000000001,0.5
93.2000,  1.00000000,1,0,0.025000000000000001,0.5
93.2333,  1.00000000,1,0,0.025000000000000001,0.5
93.2667,  1.00000000,1,0,0.074999999999999997,0.5
93.3000,  1.00000000,1,0,0.025000000000000001,0.5
93.3333,  1.00000000,1,0,0.025000000000000001,0.5
93.3667,  1.00000000,1,0,0.050000000000000003,0.5
93.4000,  1.00000000,1,0,0.050000000000000003,0.5
93.4333,  1.00000000,1,0,0.050000000000000003,0.5
93.4667,  1.00000000,1,0,0.025000000000000001,0.5
93.5000,  1.00000000,1,0,0.074999999999999997,0.5
93.5333,  1.00000000,1,0,0.074999999999999997,0.5
93.5667,  1.00000000,1,0,0.025000000000000001,0.5
93.6000,  1.00000000,1,0,0.10000000000000001,0.5
93.6333,  1.00000000,1,0,0.074999999999999997,0.5
93.6667,  1.00000000,1,0,0.050000000000000003,0.5
93.7000,  1.00000000,1,0,0.074999999999999997,0.5
93.7333,  1.00000000,1,0,0.025000000000000001,0.5
93.7667,  1.00000000,1,0,0.074999999999999997,0.5
93.8000,  1.00000000,1,0,0.22500000000000001,0.5
93.8333,  1.00000000,1,0,0.050000000000000003,0.5
93.8667,  1.00000000,1,0,0.10000000000000001,0.5
93.9000,  1.00000000,1,0,0.025000000000000001,0.5
93.9333,  1.00000000,1,0,0.074999999999999997,0.5
93.9667,  1.00000000,1,0,0.10000000000000001,0.5
94.0000,  1.00000000,1,0,0.14999999999999999,0.5
94.0333,  1.00000000,1,0,0.025000000000000001,0.5
94.0667,  1.00000000,1,0,0.074999999999999997,0.5
94.1000,  1.00000000,1,0,0.025000000000000001,0.5
94.1333,  1.00000000,1,0,0.025000000000000001,0.5
94.1667,  1.00000000,1,0,0.025000000000000001,0.5
94.2000,  1.00000000,1,0,0.025000000000000001,0.5
94.2333,  1.00000000,1,0,0.025000000000000001,0.5
94.2667,  1.00000000,1,0,0.025000000000000001,0.5
94.3000,  1.00000000,1,0,0.025000000000000001,0.5
94.3333,  1.00000000,1,0,0.025000000000000001,0.5
94.3667,  1.00000000,1,0,0.0,0.5
94.4000,  1.00000000,1,0,0.025000000000000001,0.5
94.4333,  1.00000000,1,0,0.025000000000000001,0.5
94.4667,  1.00000000,1,0,0.025000000000000001,0.5
94.5000,  1.00000000,1,0,0.025000000000000001,0.5
94.5333,  1.00000000,1,0,0.025000000000000001,0.5
94.5667,  1.00000000,1,0,0.025000000000000001,0.5
94.6000,  1.00000000,1,0,0.025000000000000001,0.5
94.6333,  1.00000000,1,0,0.025000000000000001,0.5
94.6667,  1.00000000,1,0,0.025000000000000001,0.5
94.7000,  1.00000000,1,0,0.0,0.5
94.7333,  1.00000000,1,0,0.025000000000000001,0.5
94.7667,  1.00000000,1,0,0.025000000000000001,0.5
94.8000,  1.00000000,1,0,0.025000000000000001,0.5
94.8333,  1.00000000,1,0,0.025000000000000001,0.5
94.8667,  1.00000000,1,0,0.025000000000000001,0.5
94.9000,  1.00000000,1,0,0.025000000000000001,0.5
94.9333,  1.00000000,1,0,0.025000000000000001,0.5
94.9667,  1.00000000,1,0,0.025000000000000001,0.5
95.0000,  1.00000000,1,0,0.050000000000000003,0.5
95.0333,  1.00000000,1,0,0.14999999999999999,0.5
95.0667,  1.00000000,1,0,0.125,0.5
95.1000,  1.00000000,1,0,0.074999999999999997,0.5
95.1333,  1.00000000,1,0,0.14999999999999999,0.5
95.1667,  1.00000000,1,0,0.10000000000000001,0.5
95.2000,  1.00000000,1,0,0.074999999999999997,0.5
95.2333,  1.00000000,1,0,0.10000000000000001,0.5
95.2667,  1.00000000,1,0,0.125,0.5
95.3000,  1.00000000,1,0,0.10000000000000001,0.5
95.3333,  1.00000000,1,0,0.10000000000000001,0.5
95.3667,  1.00000000,1,0,0.074999999999999997,0.5
95.4000,  1.00000000,1,0,0.10000000000000001,0.5
95.4333,  1.00000000,1,0,0.125,0.5
95.4667,  1.00000000,1,0,0.050000000000000003,0.5
95.5000,  1.00000000,1,0,0.10000000000000001,0.5
95.5333,  1.00000000,1,0,0.10000000000000001,0.5
95.5667,  1.00000000,1,0,0.050000000000000003,0.5
95.6000,  1.00000000,1,0,0.14999999999999999,0.5
95.6333,  1.00000000,1,0,0.10000000000000001,0.5
95.6667,  1.00000000,1,0,0.10000000000000001,0.5
95.7000,  1.00000000,1,0,0.074999999999999997,0.5
95.7333,  1.00000000,1,0,0.14999999999999999,0.5
95.7667,  1.00000000,1,0,0.125,0.5
95.8000,  1.00000000,1,0,0.074999999999999997,0.5
95.8333,  1.00000000,1,0,0.074999999999999997,0.5
95.8667,  1.00000000,1,0,0.125,0.5
95.9000,  1.00000000,1,0,0.17499999999999999,0.5
95.9333,  1.00000000,1,0,0.10000000000000001,0.5
95.9667,  1.00000000,1,0,0.14999999999999999,0.5
96.0000,  1.00000000,1,0,0.125,0.5
96.0333,  1.00000000,1,0,0.14999999999999999,0.5
96.0667,  1.00000000,1,0,0.074999999999999997,0.5
96.1000,  1.00000000,1,0,0.125,0.5
96.1333,  1.00000000,1,0,0.17499999999999999,0.5
96.1667,  1.00000000,1,0,0.050000000000000003,0.5
96.2000,  1.00000000,1,0,0.20000000000000001,0.5
96.2333,  1.00000000,1,0,0.025000000000000001,0.5
96.2667,  1.00000000,1,0,0.025000000000000001,0.5
96.3000,  1.00000000,1,0,0.025000000000000001,0.5
96.3333,  1.00000000,1,0,0.025000000000000001,0.5
96.3667,  1.00000000,1,0,0.025000000000000001,0.5
96.4000,  1.00000000,1,0,0.025000000000000001,0.5
96.4333,  1.00000000,1,0,0.0,0.5
96.4667,  1.00000000,1,0,0.025000000000000001,0.5
96.5000,  1.00000000,1,0,0.025000000000000001,0.5
96.5333,  1.00000000,1,0,0.025000000000000001,0.5
96.5667,  1.00000000,1,0,0.025000000000000001,0.5
96.6000,  1.00000000,1,0,0.025000000000000001,0.5
96.6333,  1.00000000,1,0,0.025000000000000001,0.5
96.6667,  1.00000000,1,0,0.025000000000000001,0.5
96.7000,  1.00000000,1,0,0.025000000000000001,0.5
96.7333,  1.00000000,1,0,0.025000000000000001,0.5
96.7667,  1.00000000,1,0,0.025000000000000001,0.5
96.8000,  1.00000000,1,0,0.025000000000000001,0.5
96.8333,  1.00000000,1,0,0.025000000000000001,0.5
96.8667,  1.00000000,1,0,0.025000000000000001,0.5
96.9000,  1.00000000,1,0,0.025000000000000001,0.5
96.9333,  1.00000000,1,0,0.025000000000000001,0.5
96.9667,  1.00000000,1,0,0.025000000000000001,0.5
97.0000,  1.00000000,1,0,0.025000000000000001,0.5
97.0333,  1.00000000,1,0,0.074999999999999997,0.5
97.0667,  1.00000000,1,0,0.074999999999999997,0.5
97.1000,  1.00000000,1,0,0.074999999999999997,0.5
97.1333,  1.00000000,1,0,0.125,0.5
97.1667,  1.00000000,1,0,0.14999999999999999,0.5
97.2000,  1.00000000,1,0,0.050000000000000003,0.5
97.2333,  1.00000000,1,0,0.074999999999999997,0.5
97.2667,  1.00000000,1,0,0.074999999999999997,0.5
97.3000,  1.00000000,1,0,0.050000000000000003,0.5
97.3333,  1.00000000,1,0,0.125,0.5
97.3667,  1.00000000,1,0,0.074999999999999997,0.5
97.4000,  1.00000000,1,0,0.025000000000000001,0.5
97.4333,  1.00000000,1,0,0.125,0.5
97.4667,  1.00000000,1,0,0.125,0.5
97.5000,  1.00000000,1,0,0.050000000000000003,0.5
97.5333,  1.00000000,1,0,0.10000000000000001,0.5
97.5667,  1.00000000,1,0,0.025000000000000001,0.5
97.6000,  1.00000000,1,0,0.025000000000000001,0.5
97.6333,  1.00000000,1,0,0.025000000000000001,0.5
97.6667,  1.00000000,1,0,0.025000000000000001,0.5
97.7000,  1.00000000,1,0,0.025000000000000001,0.5
97.7333,  1.00000000,1,0,0.025000000000000001,0.5
97.7667,  1.00000000,1,0,0.025000000000000001,0.5
97.8000,  1.00000000,1,0,0.025000000000000001,0.5
97.8333,  1.00000000,1,0,0.025000000000000001,0.5
97.8667,  1.00000000,1,0,0.025000000000000001,0.5
97.9000,  1.00000000,1,0,0.025000000000000001,0.5
97.9333,  1.00000000,1,0,0.025000000000000001,0.5
97.9667,  1.00000000,1,0,0.025000000000000001,0.5
98.0000,  1.00000000,1,0,0.025000000000000001,0.5
98.0333,  1.00000000,1,0,0.0,0.5
98.0667,  1.00000000,1,0,0.025000000000000001,0.5
98.1000,  1.00000000,1,0,0.025000000000000001,0.5
98.1333,  1.00000000,1,0,0.025000000000000001,0.5
98.1667,  1.00000000,1,0,0.025000000000000001,0.5
98.2000,  1.00000000,1,0,0.025000000000000001,0.5
98.2333,  1.00000000,1,0,0.025000000000000001,0.5
98.2667,  1.00000000,1,0,0.025000000000000001,0.5
98.3000,  1.00000000,1,0,0.025000000000000001,0.5
98.3333,  1.00000000,1,0,0.025000000000000001,0.5
98.3667,  1.00000000,1,0,0.0,0.5
98.4000,  1.00000000,1,0,0.0,0.5
98.4333,  1.00000000,1,0,0.025000000000000001,0.5
98.4667,  1.00000000,1,0,0.0,0.5
98.5000,  1.00000000,1,0,0.0,0.5
98.5333,  1.00000000,1,0,0.0,0.5
98.5667,  1.00000000,1,0,0.025000000000000001,0.5
98.6000,  1.00000000,1,0,0.025000000000000001,0.5
98.6333,  1.00000000,1,0,0.025000000000000001,0.5
98.6667,  1.00000000,1,0,0.025000000000000001,0.5
98.7000,  1.00000000,1,0,0.025000000000000001,0.5
98.7333,  1.00000000,1,0,0.025000000000000001,0.5
98.7667,  1.00000000,1,0,0.025000000000000001,0.5
98.8000,  1.00000000,1,0,0.025000000000000001,0.5
98.8333,  1.00000000,1,0,0.025000000000000001,0.5
98.8667,  1.00000000,1,0,0.025000000000000001,0.5
98.9000,  1.00000000,1,0,0.025000000000000001,0.5
98.9333,  1.00000000,1,0,0.025000000000000001,0.5
98.9667,  1.00000000,1,0,0.025000000000000001,0.5
99.0000,  1.00000000,1,0,0.025000000000000001,0.5
99.0333,  1.00000000,1,0,0.025000000000000001,0.5
99.0667,  1.00000000,1,0,0.025000000000000001,0.5
99.1000,  1.00000000,1,0,0.025000000000000001,0.5
99.1333,  1.00000000,1,0,0.025000000000000001,0.5
99.1667,  1.00000000,1,0,0.025000000000000001,0.5
99.2000,  1.00000000,1,0,0.025000000000000001,0.5
99.2333,  1.00000000,1,0,0.025000000000000001,0.5
99.2667,  1.00000000,1,0,0.025000000000000001,0.5
99.3000,  1.00000000,1,0,0.025000000000000001,0.5
99.3333,  1.00000000,1,0,0.025000000000000001,0.5
99.3667,  1.00000000,1,0,0.025000000000000001,0.5
99.4000,  1.00000000,1,0,0.025000000000000001,0.5
99.4333,  1.00000000,1,0,0.025000000000000001,0.5
99.4667,  1.00000000,1,0,0.025000000000000001,0.5
99.5000,  1.00000000,1,0,0.025000000000000001,0.5
99.5333,  1.00000000,1,0,0.025000000000000001,0.5
99.5667,  1.00000000,1,0,0.0,0.5
99.6000,  1.00000000,1,0,0.025000000000000001,0.5
99.6333,  1.00000000,1,0,0.0,0.5
99.6667,  1.00000000,1,0,0.025000000000000001,0.5
99.7000,  1.00000000,1,0,0.025000000000000001,0.5
99.7333,  1.00000000,1,0,0.025000000000000001,0.5
99.7667,  1.00000000,1,0,0.0,0.5
99.8000,  1.00000000,1,0,0.025000000000000001,0.5
99.8333,  1.00000000,1,0,0.0,0.5
99.8667,  1.00000000,1,0,0.0,0.5
99.9000,  1.00000000,1,0,0.0,0.5
99.9333,  1.00000000,1,0,0.0,0.5
99.9667,  1.00000000,1,0,0.0,0.5
100.0000,  1.00000000,1,0,0.0,0.5
100.0333,  1.00000000,1,0,0.0,0.5
100.0667,  1.00000000,1,0,0.0,0.5
100.1000,  1.00000000,1,0,0.0,0.5
100.1333,  1.00000000,1,0,0.0,0.5
100.1667,  1.00000000,1,0,0.0,0.5
100.2000,  1.00000000,1,0,0.0,0.5
100.2333,  1.00000000,1,0,0.0,0.5
100.2667,  1.00000000,1,0,0.0,0.5
100.3000,  1.00000000,1,0,0.0,0.5
100.3333,  1.00000000,1,0,0.0,0.5
100.3667,  1.00000000,1,0,0.0,0.5
100.4000,  1.00000000,1,0,0.0,0.5
100.4333,  1.00000000,1,0,0.0,0.5
100.4667,  1.00000000,1,0,0.0,0.5
100.5000,  1.00000000,1,0,0.0,0.5
100.5333,  1.00000000,1,0,0.0,0.5
100.5667,  1.00000000,1,0,0.0,0.5
100.6000,  1.00000000,1,0,0.0,0.5
100.6333,  1.00000000,1,0,0.0,0.5
100.6667,  1.00000000,1,0,0.025000000000000001,0.5
100.7000,  1.00000000,1,0,0.025000000000000001,0.5
100.7333,  1.00000000,1,0,0.025000000000000001,0.5
100.7667,  1.00000000,1,0,0.025000000000000001,0.5
100.8000,  1.00000000,1,0,0.025000000000000001,0.5
100.8333,  1.00000000,1,0,0.025000000000000001,0.5
100.8667,  1.00000000,1,0,0.025000000000000001,0.5
100.9000,  1.00000000,1,0,0.025000000000000001,0.5
100.9333,  1.00000000,1,0,0.025000000000000001,0.5
100.9667,  1.00000000,1,0,0.025000000000000001,0.5
101.0000,  1.00000000,1,0,0.025000000000000001,0.5
101.0333,  1.00000000,1,0,0.025000000000000001,0.5
101.0667,  1.00000000,1,0,0.0,0.5
101.1000,  1.00000000,1,0,0.0,0.5
101.1333,  1.00000000,1,0,0.025000000000000001,0.5
101.1667,  1.00000000,1,0,0.025000000000000001,0.5
101.2000,  1.00000000,1,0,0.025000000000000001,0.5
101.2333,  1.00000000,1,0,0.025000000000000001,0.5
101.2667,  1.00000000,1,0,0.025000000000000001,0.5
101.3000,  1.00000000,1,0,0.025000000000000001,0.5
101.3333,  1.00000000,1,0,0.025000000000000001,0.5
101.3667,  1.00000000,1,0,0.025000000000000001,0.5
101.4000,  1.00000000,1,0,0.025000000000000001,0.5
101.4333,  1.00000000,1,0,0.025000000000000001,0.5
101.4667,  1.00000000,1,0,0.025000000000000001,0.5
101.5000,  1.00000000,1,0,0.025000000000000001,0.5
101.5333,  1.00000000,1,0,0.025000000000000001,0.5
101.5667,  1.00000000,1,0,0.025000000000000001,0.5
101.6000,  1.00000000,1,0,0.025000000000000001,0.5
101.6333,  1.00000000,1,0,0.025000000000000001,0.5
101.6667,  1.00000000,1,0,0.025000000000000001,0.5
101.7000,  1.00000000,1,0,0.025000000000000001,0.5
101.7333,  1.00000000,1,0,0.025000000000000001,0.5
101.7667,  1.00000000,1,0,0.0,0.5
101.8000,  1.00000000,1,0,0.025000000000000001,0.5
101.8333,  1.00000000,1,0,0.025000000000000001,0.5
101.8667,  1.00000000,1,0,0.025000000000000001,0.5
101.9000,  1.00000000,1,0,0.025000000000000001,0.5
101.9333,  1.00000000,1,0,0.0,0.5
101.9667,  1.00000000,1,0,0.025000000000000001,0.5
102.0000,  1.00000000,1,0,0.025000000000000001,0.5
102.0333,  1.00000000,1,0,0.025000000000000001,0.5
102.0667,  1.00000000,1,0,0.025000000000000001,0.5
102.1000,  1.00000000,1,0,0.025000000000000001,0.5
102.1333,  1.00000000,1,0,0.025000000000000001,0.5
102.1667,  1.00000000,1,0,0.0,0.5
102.2000,  1.00000000,1,0,0.10000000000000001,0.5
102.2333,  1.00000000,1,0,0.125,0.5
102.2667,  1.00000000,1,0,0.14999999999999999,0.5
102.3000,  1.00000000,1,0,0.17499999999999999,0.5
102.3333,  1.00000000,1,0,0.050000000000000003,0.5
102.3667,  1.00000000,1,0,0.10000000000000001,0.5
102.4000,  1.00000000,1,0,0.074999999999999997,0.5
102.4333,  1.00000000,1,0,0.050000000000000003,0.5
102.4667,  1.00000000,1,0,0.074999999999999997,0.5
102.5000,  1.00000000,1,0,0.050000000000000003,0.5
102.5333,  1.00000000,1,0,0.050000000000000003,0.5
102.5667,  1.00000000,1,0,0.125,0.5
102.6000,  1.00000000,1,0,0.10000000000000001,0.5
102.6333,  1.00000000,1,0,0.10000000000000001,0.5
102.6667,  1.00000000,1,0,0.10000000000000001,0.5
102.7000,  1.00000000,1,0,0.025000000000000001,0.5
102.7333,  1.00000000,1,0,0.0,0.5
102.7667,  1.00000000,1,0,0.0,0.5
102.8000,  1.00000000,1,0,0.0,0.5
102.8333,  1.00000000,1,0,0.0,0.5
102.8667,  1.00000000,1,0,0.0,0.5
102.9000,  1.00000000,1,0,0.0,0.5
102.9333,  1.00000000,1,0,0.025000000000000001,0.5
102.9667,  1.00000000,1,0,0.0,0.5
103.0000,  1.00000000,1,0,0.0,0.5
103.0333,  1.00000000,1,0,0.0,0.5
103.0667,  1.00000000,1,0,0.0,0.5
103.1000,  1.00000000,1,0,0.0,0.5
103.1333,  1.00000000,1,0,0.0,0.5
103.1667,  1.00000000,1,0,0.0,0.5
103.2000,  1.00000000,1,0,0.0,0.5
103.2333,  1.00000000,1,0,0.0,0.5
103.2667,  1.00000000,1,0,0.0,0.5
103.3000,  1.00000000,1,0,0.0,0.5
103.3333,  1.00000000,1,0,0.0,0.5
103.3667,  1.00000000,1,0,0.0,0.5
103.4000,  1.00000000,1,0,0.0,0.5
103.4333,  1.00000000,1,0,0.0,0.5
103.4667,  1.00000000,1,0,0.0,0.5
103.5000,  1.00000000,1,0,0.0,0.5
103.5333,  1.00000000,1,0,0.0,0.5
103.5667,  1.00000000,1,0,0.0,0.5
103.6000,  1.00000000,1,0,0.0,0.5
103.6333,  1.00000000,1,0,0.0,0.5
103.6667,  1.00000000,1,0,0.0,0.5
103.7000,  1.00000000,1,0,0.0,0.5
103.7333,  1.00000000,1,0,0.0,0.5
103.7667,  1.00000000,1,0,0.0,0.5
103.8000,  1.00000000,1,0,0.0,0.5
103.8333,  1.00000000,1,0,0.0,0.5
103.8667,  1.00000000,1,0,0.0,0.5
103.9000,  1.00000000,1,0,0.0,0.5
103.9333,  1.00000000,1,0,0.0,0.5
103.9667,  1.00000000,1,0,0.0,0.5
104.0000,  1.00000000,1,0,0.0,0.5
104.0333,  1.00000000,1,0,0.025000000000000001,0.5
104.0667,  1.00000000,1,0,0.025000000000000001,0.5
104.1000,  1.00000000,1,0,0.025000000000000001,0.5
104.1333,  1.00000000,1,0,0.025000000000000001,0.5
104.1667,  1.00000000,1,0,0.025000000000000001,0.5
104.2000,  1.00000000,1,0,0.025000000000000001,0.5
104.2333,  1.00000000,1,0,0.025000000000000001,0.5
104.2667,  1.00000000,1,0,0.025000000000000001,0.5
104.3000,  1.00000000,1,0,0.025000000000000001,0.5
104.3333,  1.00000000,1,0,0.025000000000000001,0.5
104.3667,  1.00000000,1,0,0.025000000000000001,0.5
104.4000,  1.00000000,1,0,0.025000000000000001,0.5
104.4333,  1.00000000,1,0,0.025000000000000001,0.5
104.4667,  1.00000000,1,0,0.025000000000000001,0.5
104.5000,  1.00000000,1,0,0.025000000000000001,0.5
104.5333,  1.00000000,1,0,0.025000000000000001,0.5
104.5667,  1.00000000,1,0,0.025000000000000001,0.5
104.6000,  1.00000000,1,0,0.025000000000000001,0.5
104.6333,  1.00000000,1,0,0.025000000000000001,0.5
104.6667,  1.00000000,1,0,0.025000000000000001,0.5
104.7000,  1.00000000,1,0,0.025000000000000001,0.5
104.7333,  1.00000000,1,0,0.025000000000000001,0.5
104.7667,  1.00000000,1,0,0.025000000000000001,0.5
104.8000,  1.00000000,1,0,0.025000000000000001,0.5
104.8333,  1.00000000,1,0,0.0,0.5
104.8667,  1.00000000,1,0,0.025000000000000001,0.5
104.9000,  1.00000000,1,0,0.0,0.5
104.9333,  1.00000000,1,0,0.025000000000000001,0.5
104.9667,  1.00000000,1,0,0.025000000000000001,0.5
105.0000,  1.00000000,1,0,0.025000000000000001,0.5
105.0333,  1.00000000,1,0,0.025000000000000001,0.5
105.0667,  1.00000000,1,0,0.050000000000000003,0.5
105.1000,  1.00000000,1,0,0.025000000000000001,0.5
105.1333,  1.00000000,1,0,0.0,0.5
105.1667,  1.00000000,1,0,0.025000000000000001,0.5
105.2000,  1.00000000,1,0,0.025000000000000001,0.5
105.2333,  1.00000000,1,0,0.025000000000000001,0.5
105.2667,  1.00000000,1,0,0.025000000000000001,0.5
105.3000,  1.00000000,1,0,0.050000000000000003,0.5
105.3333,  1.00000000,1,0,0.025000000000000001,0.5
105.3667,  1.00000000,1,0,0.025000000000000001,0.5
105.4000,  1.00000000,1,0,0.025000000000000001,0.5
105.4333,  1.00000000,1,0,0.050000000000000003,0.5
105.4667,  1.00000000,1,0,0.025000000000000001,0.5
105.5000,  1.00000000,1,0,0.025000000000000001,0.5
105.5333,  1.00000000,1,0,0.17499999999999999,0.5
105.5667,  1.00000000,1,0,0.125,0.5
105.6000,  1.00000000,1,0,0.10000000000000001,0.5
105.6333,  1.00000000,1,0,0.14999999999999999,0.5
105.6667,  1.00000000,1,0,0.074999999999999997,0.5
105.7000,  1.00000000,1,0,0.125,0.5
105.7333,  1.00000000,1,0,0.0,0.5
105.7667,  1.00000000,1,0,0.0,0.5
105.8000,  1.00000000,1,0,0.050000000000000003,0.5
105.8333,  1.00000000,1,0,0.025000000000000001,0.5
105.8667,  1.00000000,1,0,0.0,0.5
105.9000,  1.00000000,1,0,0.0,0.5
105.9333,  1.00000000,1,0,0.0,0.5
105.9667,  1.00000000,1,0,0.025000000000000001,0.5
106.0000,  1.00000000,1,0,0.0,0.5
106.0333,  1.00000000,1,0,0.025000000000000001,0.5
106.0667,  1.00000000,1,0,0.025000000000000001,0.5
106.1000,  1.00000000,1,0,0.0,0.5
106.1333,  1.00000000,1,0,0.0,0.5
106.1667,  1.00000000,1,0,0.074999999999999997,0.5
106.2000,  1.00000000,1,0,0.025000000000000001,0.5
106.2333,  1.00000000,1,0,0.025000000000000001,0.5
106.2667,  1.00000000,1,0,0.0,0.5
106.3000,  1.00000000,1,0,0.025000000000000001,0.5
106.3333,  1.00000000,1,0,0.0,0.5
106.3667,  1.00000000,1,0,0.0,0.5
106.4000,  1.00000000,1,0,0.0,0.5
106.4333,  1.00000000,1,0,0.025000000000000001,0.5
106.4667,  1.00000000,1,0,0.050000000000000003,0.5
106.5000,  1.00000000,1,0,0.074999999999999997,0.5
106.5333,  1.00000000,1,0,0.025000000000000001,0.5
106.5667,  1.00000000,1,0,0.074999999999999997,0.5
106.6000,  1.00000000,1,0,0.025000000000000001,0.5
106.6333,  1.00000000,1,0,0.074999999999999997,0.5
106.6667,  1.00000000,1,0,0.050000000000000003,0.5
106.7000,  1.00000000,1,0,0.025000000000000001,0.5
106.7333,  1.00000000,1,0,0.025000000000000001,0.5
106.7667,  1.00000000,1,0,0.025000000000000001,0.5
106.8000,  1.00000000,1,0,0.0,0.5
106.8333,  1.00000000,1,0,0.125,0.5
106.8667,  1.00000000,1,0,0.025000000000000001,0.5
106.9000,  1.00000000,1,0,0.0,0.5
106.9333,  1.00000000,1,0,0.0,0.5
106.9667,  1.00000000,1,0,0.0,0.5
107.0000,  1.00000000,1,0,0.025000000000000001,0.5
107.0333,  1.00000000,1,0,0.025000000000000001,0.5
107.0667,  1.00000000,1,0,0.050000000000000003,0.5
107.1000,  1.00000000,1,0,0.050000000000000003,0.5
107.1333,  1.00000000,1,0,0.074999999999999997,0.5
107.1667,  1.00000000,1,0,0.10000000000000001,0.5
107.2000,  1.00000000,1,0,0.074999999999999997,0.5
107.2333,  1.00000000,1,0,0.10000000000000001,0.5
107.2667,  1.00000000,1,0,0.050000000000000003,0.5
107.3000,  1.00000000,1,0,0.050000000000000003,0.5
107.3333,  1.00000000,1,0,0.025000000000000001,0.5
107.3667,  1.00000000,1,0,0.0,0.5
107.4000,  1.00000000,1,0,0.025000000000000001,0.5
107.4333,  1.00000000,1,0,0.050000000000000003,0.5
107.4667,  1.00000000,1,0,0.0,0.5
107.5000,  1.00000000,1,0,0.050000000000000003,0.5
107.5333,  1.00000000,1,0,0.074999999999999997,0.5
107.5667,  1.00000000,1,0,0.050000000000000003,0.5
107.6000,  1.00000000,1,0,0.10000000000000001,0.5
107.6333,  1.00000000,1,0,0.10000000000000001,0.5
107.6667,  1.00000000,1,0,0.074999999999999997,0.5
107.7000,  1.00000000,1,0,0.025000000000000001,0.5
107.7333,  1.00000000,1,0,0.050000000000000003,0.5
107.7667,  1.00000000,1,0,0.050000000000000003,0.5
107.8000,  1.00000000,1,0,0.050000000000000003,0.5
107.8333,  1.00000000,1,0,0.10000000000000001,0.5
107.8667,  1.00000000,1,0,0.050000000000000003,0.5
107.9000,  1.00000000,1,0,0.050000000000000003,0.5
107.9333,  1.00000000,1,0,0.050000000000000003,0.5
107.9667,  1.00000000,1,0,0.125,0.5
108.0000,  1.00000000,1,0,0.074999999999999997,0.5
108.0333,  1.00000000,1,0,0.050000000000000003,0.5
108.0667,  1.00000000,1,0,0.050000000000000003,0.5
108.1000,  1.00000000,1,0,0.074999999999999997,0.5
108.1333,  1.00000000,1,0,0.10000000000000001,0.5
108.1667,  1.00000000,1,0,0.074999999999999997,0.5
108.2000,  1.00000000,1,0,0.050000000000000003,0.5
108.2333,  1.00000000,1,0,0.050000000000000003,0.5
108.2667,  1.00000000,1,0,0.125,0.5
108.3000,  1.00000000,1,0,0.074999999999999997,0.5
108.3333,  1.00000000,1,0,0.074999999999999997,0.5
108.3667,  1.00000000,1,0,0.074999999999999997,0.5
108.4000,  1.00000000,1,0,0.20000000000000001,0.5
108.4333,  1.00000000,1,0,0.050000000000000003,0.5
108.4667,  1.00000000,1,0,0.125,0.5
108.5000,  1.00000000,1,0,0.074999999999999997,0.5
108.5333,  1.00000000,1,0,0.025000000000000001,0.5
108.5667,  1.00000000,1,0,0.050000000000000003,0.5
108.6000,  1.00000000,1,0,0.10000000000000001,0.5
108.6333,  1.00000000,1,0,0.125,0.5
108.6667,  1.00000000,1,0,0.20000000000000001,0.5
108.7000,  1.00000000,1,0,0.025000000000000001,0.5
108.7333,  1.00000000,1,0,0.074999999999999997,0.5
108.7667,  1.00000000,1,0,0.074999999999999997,0.5
108.8000,  1.00000000,1,0,0.125,0.5
108.8333,  1.00000000,1,0,0.14999999999999999,0.5
108.8667,  1.00000000,1,0,0.125,0.5
108.9000,  1.00000000,1,0,0.10000000000000001,0.5
108.9333,  1.00000000,1,0,0.14999999999999999,0.5
108.9667,  1.00000000,1,0,0.050000000000000003,0.5
109.0000,  1.00000000,1,0,0.17499999999999999,0.5
109.0333,  1.00000000,1,0,0.10000000000000001,0.5
109.0667,  1.00000000,1,0,0.17499999999999999,0.5
109.1000,  1.00000000,1,0,0.10000000000000001,0.5
109.1333,  1.00000000,1,0,0.17499999999999999,0.5
109.1667,  1.00000000,1,0,0.050000000000000003,0.5
109.2000,  1.00000000,1,0,0.20000000000000001,0.5
109.2333,  1.00000000,1,0,0.27500000000000002,0.5
109.2667,  1.00000000,1,0,0.14999999999999999,0.5
109.3000,  1.00000000,1,0,0.050000000000000003,0.5
109.3333,  1.00000000,1,0,0.050000000000000003,0.5
109.3667,  1.00000000,1,0,0.14999999999999999,0.5
109.4000,  1.00000000,1,0,0.125,0.5
109.4333,  1.00000000,1,0,0.17499999999999999,0.5
109.4667,  1.00000000,1,0,0.20000000000000001,0.5
109.5000,  1.00000000,1,0,0.10000000000000001,0.5
109.5333,  1.00000000,1,0,0.125,0.5
109.5667,  1.00000000,1,0,0.125,0.5
109.6000,  1.00000000,1,0,0.125,0.5
109.6333,  1.00000000,1,0,0.10000000000000001,0.5
109.6667,  1.00000000,1,0,0.074999999999999997,0.5
109.7000,  1.00000000,1,0,0.050000000000000003,0.5
109.7333,  1.00000000,1,0,0.025000000000000001,0.5
109.7667,  1.00000000,1,0,0.125,0.5
109.8000,  1.00000000,1,0,0.125,0.5
109.8333,  1.00000000,1,0,0.125,0.5
109.8667,  1.00000000,1,0,0.050000000000000003,0.5
109.9000,  1.00000000,1,0,0.050000000000000003,0.5
109.9333,  1.00000000,1,0,0.050000000000000003,0.5
109.9667,  1.00000000,1,0,0.050000000000000003,0.5
110.0000,  1.00000000,1,0,0.074999999999999997,0.5
110.0333,  1.00000000,1,0,0.0,0.5
110.0667,  1.00000000,1,0,0.050000000000000003,0.5
110.1000,  1.00000000,1,0,0.025000000000000001,0.5
110.1333,  1.00000000,1,0,0.074999999999999997,0.5
110.1667,  1.00000000,1,0,0.050000000000000003,0.5
110.2000,  1.00000000,1,0,0.050000000000000003,0.5
110.2333,  1.00000000,1,0,0.125,0.5
110.2667,  1.00000000,1,0,0.050000000000000003,0.5
110.3000,  1.00000000,1,0,0.125,0.5
110.3333,  1.00000000,1,0,0.10000000000000001,0.5
110.3667,  1.00000000,1,0,0.20000000000000001,0.5
110.4000,  1.00000000,1,0,0.050000000000000003,0.5
110.4333,  1.00000000,1,0,0.074999999999999997,0.5
110.4667,  1.00000000,1,0,0.125,0.5
110.5000,  1.00000000,1,0,0.025000000000000001,0.5
110.5333,  1.00000000,1,0,0.125,0.5
110.5667,  1.00000000,1,0,0.074999999999999997,0.5
110.6000,  1.00000000,1,0,0.0,0.5
110.6333,  1.00000000,1,0,0.025000000000000001,0.5
110.6667,  1.00000000,1,0,0.14999999999999999,0.5
110.7000,  1.00000000,1,0,0.125,0.5
110.7333,  1.00000000,1,0,0.14999999999999999,0.5
110.7667,  1.00000000,1,0,0.050000000000000003,0.5
110.8000,  1.00000000,1,0,0.10000000000000001,0.5
110.8333,  1.00000000,1,0,0.074999999999999997,0.5
110.8667,  1.00000000,1,0,0.050000000000000003,0.5
110.9000,  1.00000000,1,0,0.10000000000000001,0.5
110.9333,  1.00000000,1,0,0.050000000000000003,0.5
110.9667,  1.00000000,1,0,0.074999999999999997,0.5
111.0000,  1.00000000,1,0,0.10000000000000001,0.5
111.0333,  1.00000000,1,0,0.074999999999999997,0.5
111.0667,  1.00000000,1,0,0.14999999999999999,0.5
111.1000,  1.00000000,1,0,0.10000000000000001,0.5
111.1333,  1.00000000,1,0,0.074999999999999997,0.5
111.1667,  1.00000000,1,0,0.125,0.5
111.2000,  1.00000000,1,0,0.20000000000000001,0.5
111.2333,  1.00000000,1,0,0.074999999999999997,0.5
111.2667,  1.00000000,1,0,0.050000000000000003,0.5
111.3000,  1.00000000,1,0,0.25,0.5
111.3333,  1.00000000,1,0,0.10000000000000001,0.5
111.3667,  1.00000000,1,0,0.14999999999999999,0.5
111.4000,  1.00000000,1,0,0.074999999999999997,0.5
111.4333,  1.00000000,1,0,0.074999999999999997,0.5
111.4667,  1.00000000,1,0,0.074999999999999997,0.5
111.5000,  1.00000000,1,0,0.050000000000000003,0.5
111.5333,  1.00000000,1,0,0.074999999999999997,0.5
111.5667,  1.00000000,1,0,0.10000000000000001,0.5
111.6000,  1.00000000,1,0,0.17499999999999999,0.5
111.6333,  1.00000000,1,0,0.074999999999999997,0.5
111.6667,  1.00000000,1,0,0.050000000000000003,0.5
111.7000,  1.00000000,1,0,0.050000000000000003,0.5
111.7333,  1.00000000,1,0,0.125,0.5
111.7667,  1.00000000,1,0,0.125,0.5
111.8000,  1.00000000,1,0,0.074999999999999997,0.5
111.8333,  1.00000000,1,0,0.125,0.5
111.8667,  1.00000000,1,0,0.22500000000000001,0.5
111.9000,  1.00000000,1,0,0.125,0.5
111.9333,  1.00000000,1,0,0.22500000000000001,0.5
111.9667,  1.00000000,1,0,0.14999999999999999,0.5
112.0000,  1.00000000,1,0,0.125,0.5
112.0333,  1.00000000,1,0,0.14999999999999999,0.5
112.0667,  1.00000000,1,0,0.17499999999999999,0.5
112.1000,  1.00000000,1,0,0.10000000000000001,0.5
112.1333,  1.00000000,1,0,0.074999999999999997,0.5
112.1667,  1.00000000,1,0,0.14999999999999999,0.5
112.2000,  1.00000000,1,0,0.074999999999999997,0.5
112.2333,  1.00000000,1,0,0.125,0.5
112.2667,  1.00000000,1,0,0.074999999999999997,0.5
112.3000,  1.00000000,1,0,0.074999999999999997,0.5
112.3333,  1.00000000,1,0,0.10000000000000001,0.5
112.3667,  1.00000000,1,0,0.025000000000000001,0.5
112.4000,  1.00000000,1,0,0.050000000000000003,0.5
112.4333,  1.00000000,1,0,0.050000000000000003,0.5
112.4667,  1.00000000,1,0,0.074999999999999997,0.5
112.5000,  1.00000000,1,0,0.10000000000000001,0.5
112.5333,  1.00000000,1,0,0.074999999999999997,0.5
112.5667,  1.00000000,1,0,0.074999999999999997,0.5
112.6000,  1.00000000,1,0,0.074999999999999997,0.5
112.6333,  1.00000000,1,0,0.125,0.5
112.6667,  1.00000000,1,0,0.14999999999999999,0.5
112.7000,  1.00000000,1,0,0.20000000000000001,0.5
112.7333,  1.00000000,1,0,0.14999999999999999,0.5
112.7667,  1.00000000,1,0,0.050000000000000003,0.5
112.8000,  1.00000000,1,0,0.050000000000000003,0.5
112.8333,  1.00000000,1,0,0.050000000000000003,0.5
112.8667,  1.00000000,1,0,0.025000000000000001,0.5
112.9000,  1.00000000,1,0,0.050000000000000003,0.5
112.9333,  1.00000000,1,0,0.025000000000000001,0.5
112.9667,  1.00000000,1,0,0.10000000000000001,0.5
113.0000,  1.00000000,1,0,0.050000000000000003,0.5
113.0333,  1.00000000,1,0,0.125,0.5
113.0667,  1.00000000,1,0,0.050000000000000003,0.5
113.1000,  1.00000000,1,0,0.10000000000000001,0.5
113.1333,  1.00000000,1,0,0.10000000000000001,0.5
113.1667,  1.00000000,1,0,0.10000000000000001,0.5
113.2000,  1.00000000,1,0,0.14999999999999999,0.5
113.2333,  1.00000000,1,0,0.22500000000000001,0.5
113.2667,  1.00000000,1,0,0.125,0.5
113.3000,  1.00000000,1,0,0.10000000000000001,0.5
113.3333,  1.00000000,1,0,0.050000000000000003,0.5
113.3667,  1.00000000,1,0,0.050000000000000003,0.5
113.4000,  1.00000000,1,0,0.050000000000000003,0.5
113.4333,  1.00000000,1,0,0.050000000000000003,0.5
113.4667,  1.00000000,1,0,0.125,0.5
113.5000,  1.00000000,1,0,0.14999999999999999,0.5
113.5333,  1.00000000,1,0,0.125,0.5
113.5667,  1.00000000,1,0,0.074999999999999997,0.5
113.6000,  1.00000000,1,0,0.14999999999999999,0.5
113.6333,  1.00000000,1,0,0.074999999999999997,0.5
113.6667,  1.00000000,1,0,0.10000000000000001,0.5
113.7000,  1.00000000,1,0,0.125,0.5
113.7333,  1.00000000,1,0,0.074999999999999997,0.5
113.7667,  1.00000000,1,0,0.074999999999999997,0.5
113.8000,  1.00000000,1,0,0.10000000000000001,0.5
113.8333,  1.00000000,1,0,0.17499999999999999,0.5
113.8667,  1.00000000,1,0,0.074999999999999997,0.5
113.9000,  1.00000000,1,0,0.17499999999999999,0.5
113.9333,  1.00000000,1,0,0.17499999999999999,0.5
113.9667,  1.00000000,1,0,0.22500000000000001,0.5
114.0000,  1.00000000,1,0,0.22500000000000001,0.5
114.0333,  1.00000000,1,0,0.14999999999999999,0.5
114.0667,  1.00000000,1,0,0.27500000000000002,0.5
114.1000,  1.00000000,1,0,0.27500000000000002,0.5
114.1333,  1.00000000,1,0,0.20000000000000001,0.5
114.1667,  1.00000000,1,0,0.27500000000000002,0.5
114.2000,  1.00000000,1,0,0.27500000000000002,0.5
114.2333,  1.00000000,1,0,0.25,0.5
114.2667,  1.00000000,1,0,0.27500000000000002,0.5
114.3000,  1.00000000,1,0,0.27500000000000002,0.5
114.3333,  1.00000000,1,0,0.25,0.5
114.3667,  1.00000000,1,0,0.025000000000000001,0.5
114.4000,  1.00000000,1,0,0.14999999999999999,0.5
114.4333,  1.00000000,1,0,0.125,0.5
114.4667,  1.00000000,1,0,0.050000000000000003,0.5
114.5000,  1.00000000,1,0,0.0,0.5
114.5333,  1.00000000,1,0,0.050000000000000003,0.5
114.5667,  1.00000000,1,0,0.074999999999999997,0.5
114.6000,  1.00000000,1,0,0.074999999999999997,0.5
114.6333,  1.00000000,1,0,0.10000000000000001,0.5
114.6667,  1.00000000,1,0,0.10000000000000001,0.5
114.7000,  1.00000000,1,0,0.050000000000000003,0.5
114.7333,  1.00000000,1,0,0.125,0.5
114.7667,  1.00000000,1,0,0.125,0.5
114.8000,  1.00000000,1,0,0.14999999999999999,0.5
114.8333,  1.00000000,1,0,0.025000000000000001,0.5
114.8667,  1.00000000,1,0,0.17499999999999999,0.5
114.9000,  1.00000000,1,0,0.074999999999999997,0.5
114.9333,  1.00000000,1,0,0.10000000000000001,0.5
114.9667,  1.00000000,1,0,0.050000000000000003,0.5
115.0000,  1.00000000,1,0,0.125,0.5
115.0333,  1.00000000,1,0,0.17499999999999999,0.5
115.0667,  1.00000000,1,0,0.025000000000000001,0.5
115.1000,  1.00000000,1,0,0.074999999999999997,0.5
115.1333,  1.00000000,1,0,0.20000000000000001,0.5
115.1667,  1.00000000,1,0,0.050000000000000003,0.5
115.2000,  1.00000000,1,0,0.050000000000000003,0.5
115.2333,  1.00000000,1,0,0.050000000000000003,0.5
115.2667,  1.00000000,1,0,0.125,0.5
115.3000,  1.00000000,1,0,0.14999999999999999,0.5
115.3333,  1.00000000,1,0,0.17499999999999999,0.5
115.3667,  1.00000000,1,0,0.20000000000000001,0.5
115.4000,  1.00000000,1,0,0.10000000000000001,0.5
115.4333,  1.00000000,1,0,0.10000000000000001,0.5
115.4667,  1.00000000,1,0,0.10000000000000001,0.5
115.5000,  1.00000000,1,0,0.20000000000000001,0.5
115.5333,  1.00000000,1,0,0.20000000000000001,0.5
115.5667,  1.00000000,1,0,0.10000000000000001,0.5
115.6000,  1.00000000,1,0,0.14999999999999999,0.5
115.6333,  1.00000000,1,0,0.10000000000000001,0.5
115.6667,  1.00000000,1,0,0.17499999999999999,0.5
115.7000,  1.00000000,1,0,0.10000000000000001,0.5
115.7333,  1.00000000,1,0,0.050000000000000003,0.5
115.7667,  1.00000000,1,0,0.125,0.5
115.8000,  1.00000000,1,0,0.050000000000000003,0.5
115.8333,  1.00000000,1,0,0.050000000000000003,0.5
115.8667,  1.00000000,1,0,0.050000000000000003,0.5
115.9000,  1.00000000,1,0,0.050000000000000003,0.5
115.9333,  1.00000000,1,0,0.050000000000000003,0.5
115.9667,  1.00000000,1,0,0.050000000000000003,0.5
116.0000,  1.00000000,1,0,0.10000000000000001,0.5
116.0333,  1.00000000,1,0,0.074999999999999997,0.5
116.0667,  1.00000000,1,0,0.050000000000000003,0.5
116.1000,  1.00000000,1,0,0.050000000000000003,0.5
116.1333,  1.00000000,1,0,0.025000000000000001,0.5
116.1667,  1.00000000,1,0,0.050000000000000003,0.5
116.2000,  1.00000000,1,0,0.125,0.5
116.2333,  1.00000000,1,0,0.10000000000000001,0.5
116.2667,  1.00000000,1,0,0.074999999999999997,0.5
116.3000,  1.00000000,1,0,0.125,0.5
116.3333,  1.00000000,1,0,0.10000000000000001,0.5
116.3667,  1.00000000,1,0,0.050000000000000003,0.5
116.4000,  1.00000000,1,0,0.074999999999999997,0.5
116.4333,  1.00000000,1,0,0.050000000000000003,0.5
116.4667,  1.00000000,1,0,0.074999999999999997,0.5
116.5000,  1.00000000,1,0,0.050000000000000003,0.5
116.5333,  1.00000000,1,0,0.074999999999999997,0.5
116.5667,  1.00000000,1,0,0.074999999999999997,0.5
116.6000,  1.00000000,1,0,0.074999999999999997,0.5
116.6333,  1.00000000,1,0,0.0,0.5
116.6667,  1.00000000,1,0,0.025000000000000001,0.5
116.7000,  1.00000000,1,0,0.050000000000000003,0.5
116.7333,  1.00000000,1,0,0.0,0.5
116.7667,  1.00000000,1,0,0.025000000000000001,0.5
116.8000,  1.00000000,1,0,0.074999999999999997,0.5
116.8333,  1.00000000,1,0,0.074999999999999997,0.5
116.8667,  1.00000000,1,0,0.025000000000000001,0.5
116.9000,  1.00000000,1,0,0.025000000000000001,0.5
116.9333,  1.00000000,1,0,0.025000000000000001,0.5
116.9667,  1.00000000,1,0,0.050000000000000003,0.5
117.0000,  1.00000000,1,0,0.10000000000000001,0.5
117.0333,  1.00000000,1,0,0.125,0.5
117.0667,  1.00000000,1,0,0.17499999999999999,0.5
117.1000,  1.00000000,1,0,0.050000000000000003,0.5
117.1333,  1.00000000,1,0,0.025000000000000001,0.5
117.1667,  1.00000000,1,0,0.125,0.5
117.2000,  1.00000000,1,0,0.10000000000000001,0.5
117.2333,  1.00000000,1,0,0.125,0.5
117.2667,  1.00000000,1,0,0.074999999999999997,0.5
117.3000,  1.00000000,1,0,0.050000000000000003,0.5
117.3333,  1.00000000,1,0,0.22500000000000001,0.5
117.3667,  1.00000000,1,0,0.074999999999999997,0.5
117.4000,  1.00000000,1,0,0.050000000000000003,0.5
117.4333,  1.00000000,1,0,0.050000000000000003,0.5
117.4667,  1.00000000,1,0,0.125,0.5
117.5000,  1.00000000,1,0,0.125,0.5
117.5333,  1.00000000,1,0,0.125,0.5
117.5667,  1.00000000,1,0,0.125,0.5
117.6000,  1.00000000,1,0,0.074999999999999997,0.5
117.6333,  1.00000000,1,0,0.025000000000000001,0.5
117.6667,  1.00000000,1,0,0.17499999999999999,0.5
117.7000,  1.00000000,1,0,0.074999999999999997,0.5
117.7333,  1.00000000,1,0,0.125,0.5
117.7667,  1.00000000,1,0,0.074999999999999997,0.5
117.8000,  1.00000000,1,0,0.10000000000000001,0.5
117.8333,  1.00000000,1,0,0.050000000000000003,0.5
117.8667,  1.00000000,1,0,0.20000000000000001,0.5
117.9000,  1.00000000,1,0,0.050000000000000003,0.5
117.9333,  1.00000000,1,0,0.0,0.5
117.9667,  1.00000000,1,0,0.025000000000000001,0.5
118.0000,  1.00000000,1,0,0.025000000000000001,0.5
118.0333,  1.00000000,1,0,0.025000000000000001,0.5
118.0667,  1.00000000,1,0,0.050000000000000003,0.5
118.1000,  1.00000000,1,0,0.0,0.5
118.1333,  1.00000000,1,0,0.050000000000000003,0.5
118.1667,  1.00000000,1,0,0.10000000000000001,0.5
118.2000,  1.00000000,1,0,0.10000000000000001,0.5
118.2333,  1.00000000,1,0,0.0,0.5
118.2667,  1.00000000,1,0,0.10000000000000001,0.5
118.3000,  1.00000000,1,0,0.25,0.5
118.3333,  1.00000000,1,0,0.10000000000000001,0.5
118.3667,  1.00000000,1,0,0.125,0.5
118.4000,  1.00000000,1,0,0.074999999999999997,0.5
118.4333,  1.00000000,1,0,0.050000000000000003,0.5
118.4667,  1.00000000,1,0,0.025000000000000001,0.5
118.5000,  1.00000000,1,0,0.074999999999999997,0.5
118.5333,  1.00000000,1,0,0.050000000000000003,0.5
118.5667,  1.00000000,1,0,0.050000000000000003,0.5
118.6000,  1.00000000,1,0,0.050000000000000003,0.5
118.6333,  1.00000000,1,0,0.050000000000000003,0.5
118.6667,  1.00000000,1,0,0.125,0.5
118.7000,  1.00000000,1,0,0.025000000000000001,0.5
118.7333,  1.00000000,1,0,0.025000000000000001,0.5
118.7667,  1.00000000,1,0,0.050000000000000003,0.5
118.8000,  1.00000000,1,0,0.074999999999999997,0.5
118.8333,  1.00000000,1,0,0.025000000000000001,0.5
118.8667,  1.00000000,1,0,0.050000000000000003,0.5
118.9000,  1.00000000,1,0,0.0,0.5
118.9333,  1.00000000,1,0,0.050000000000000003,0.5
118.9667,  1.00000000,1,0,0.0,0.5
119.0000,  1.00000000,1,0,0.050000000000000003,0.5
119.0333,  1.00000000,1,0,0.050000000000000003,0.5
119.0667,  1.00000000,1,0,0.025000000000000001,0.5
119.1000,  1.00000000,1,0,0.025000000000000001,0.5
119.1333,  1.00000000,1,0,0.0,0.5
119.1667,  1.00000000,1,0,0.0,0.5
119.2000,  1.00000000,1,0,0.0,0.5
119.2333,  1.00000000,1,0,0.025000000000000001,0.5
119.2667,  1.00000000,1,0,0.050000000000000003,0.5
119.3000,  1.00000000,1,0,0.025000000000000001,0.5
119.3333,  1.00000000,1,0,0.025000000000000001,0.5
119.3667,  1.00000000,1,0,0.025000000000000001,0.5
119.4000,  1.00000000,1,0,0.050000000000000003,0.5
119.4333,  1.00000000,1,0,0.025000000000000001,0.5
119.4667,  1.00000000,1,0,0.050000000000000003,0.5
119.5000,  1.00000000,1,0,0.074999999999999997,0.5
119.5333,  1.00000000,1,0,0.050000000000000003,0.5
119.5667,  1.00000000,1,0,0.025000000000000001,0.5
119.6000,  1.00000000,1,0,0.050000000000000003,0.5
119.6333,  1.00000000,1,0,0.050000000000000003,0.5
119.6667,  1.00000000,1,0,0.025000000000000001,0.5
119.7000,  1.00000000,1,0,0.050000000000000003,0.5
119.7333,  1.00000000,1,0,0.025000000000000001,0.5
119.7667,  1.00000000,1,0,0.050000000000000003,0.5
119.8000,  1.00000000,1,0,0.025000000000000001,0.5
119.8333,  1.00000000,1,0,0.025000000000000001,0.5
119.8667,  1.00000000,1,0,0.074999999999999997,0.5
119.9000,  1.00000000,1,0,0.125,0.5
119.9333,  1.00000000,1,0,0.050000000000000003,0.5
119.9667,  1.00000000,1,0,0.074999999999999997,0.5
120.0000,  1.00000000,1,0,0.0,0.5
120.0333,  1.00000000,1,0,0.0,0.5
120.0667,  1.00000000,1,0,0.074999999999999997,0.5
120.1000,  1.00000000,1,0,0.025000000000000001,0.5
120.1333,  1.00000000,1,0,0.0,0.5
120.1667,  1.00000000,1,0,0.025000000000000001,0.5
120.2000,  1.00000000,1,0,0.050000000000000003,0.5
120.2333,  1.00000000,1,0,0.025000000000000001,0.5
120.2667,  1.00000000,1,0,0.125,0.5
120.3000,  1.00000000,1,0,0.10000000000000001,0.5
120.3333,  1.00000000,1,0,0.050000000000000003,0.5
120.3667,  1.00000000,1,0,0.10000000000000001,0.5
120.4000,  1.00000000,1,0,0.025000000000000001,0.5
120.4333,  1.00000000,1,0,0.0,0.5
120.4667,  1.00000000,1,0,0.025000000000000001,0.5
120.5000,  1.00000000,1,0,0.0,0.5
120.5333,  1.00000000,1,0,0.025000000000000001,0.5
120.5667,  1.00000000,1,0,0.025000000000000001,0.5
120.6000,  1.00000000,1,0,0.025000000000000001,0.5
120.6333,  1.00000000,1,0,0.025000000000000001,0.5
120.6667,  1.00000000,1,0,0.025000000000000001,0.5
120.7000,  1.00000000,1,0,0.074999999999999997,0.5
120.7333,  1.00000000,1,0,0.10000000000000001,0.5
120.7667,  1.00000000,1,0,0.025000000000000001,0.5
120.8000,  1.00000000,1,0,0.050000000000000003,0.5
120.8333,  1.00000000,1,0,0.074999999999999997,0.5
120.8667,  1.00000000,1,0,0.125,0.5
120.9000,  1.00000000,1,0,0.050000000000000003,0.5
120.9333,  1.00000000,1,0,0.025000000000000001,0.5
120.9667,  1.00000000,1,0,0.074999999999999997,0.5
121.0000,  1.00000000,1,0,0.14999999999999999,0.5
121.0333,  1.00000000,1,0,0.050000000000000003,0.5
121.0667,  1.00000000,1,0,0.074999999999999997,0.5
121.1000,  1.00000000,1,0,0.025000000000000001,0.5
121.1333,  1.00000000,1,0,0.050000000000000003,0.5
121.1667,  1.00000000,1,0,0.125,0.5
121.2000,  1.00000000,1,0,0.0,0.5
121.2333,  1.00000000,1,0,0.050000000000000003,0.5
121.2667,  1.00000000,1,0,0.025000000000000001,0.5
121.3000,  1.00000000,1,0,0.025000000000000001,0.5
121.3333,  1.00000000,1,0,0.074999999999999997,0.5
121.3667,  1.00000000,1,0,0.0,0.5
121.4000,  1.00000000,1,0,0.0,0.5
121.4333,  1.00000000,1,0,0.050000000000000003,0.5
121.4667,  1.00000000,1,0,0.0,0.5
121.5000,  1.00000000,1,0,0.025000000000000001,0.5
121.5333,  1.00000000,1,0,0.025000000000000001,0.5
121.5667,  1.00000000,1,0,0.050000000000000003,0.5
121.6000,  1.00000000,1,0,0.025000000000000001,0.5
121.6333,  1.00000000,1,0,0.0,0.5
121.6667,  1.00000000,1,0,0.0,0.5
121.7000,  1.00000000,1,0,0.050000000000000003,0.5
121.7333,  1.00000000,1,0,0.0,0.5
121.7667,  1.00000000,1,0,0.0,0.5
121.8000,  1.00000000,1,0,0.050000000000000003,0.5
121.8333,  1.00000000,1,0,0.0,0.5
121.8667,  1.00000000,1,0,0.025000000000000001,0.5
121.9000,  1.00000000,1,0,0.050000000000000003,0.5
121.9333,  1.00000000,1,0,0.025000000000000001,0.5
121.9667,  1.00000000,1,0,0.025000000000000001,0.5
122.0000,  1.00000000,1,0,0.025000000000000001,0.5
122.0333,  1.00000000,1,0,0.025000000000000001,0.5
122.0667,  1.00000000,1,0,0.025000000000000001,0.5
122.1000,  1.00000000,1,0,0.025000000000000001,0.5
122.1333,  1.00000000,1,0,0.074999999999999997,0.5
122.1667,  1.00000000,1,0,0.0,0.5
122.2000,  1.00000000,1,0,0.0,0.5
122.2333,  1.00000000,1,0,0.025000000000000001,0.5
122.2667,  1.00000000,1,0,0.0,0.5
122.3000,  1.00000000,1,0,0.14999999999999999,0.5
122.3333,  1.00000000,1,0,0.050000000000000003,0.5
122.3667,  1.00000000,1,0,0.10000000000000001,0.5
122.4000,  1.00000000,1,0,0.125,0.5
122.4333,  1.00000000,1,0,0.10000000000000001,0.5
122.4667,  1.00000000,1,0,0.074999999999999997,0.5
122.5000,  1.00000000,1,0,0.050000000000000003,0.5
122.5333,  1.00000000,1,0,0.10000000000000001,0.5
122.5667,  1.00000000,1,0,0.10000000000000001,0.5
122.6000,  1.00000000,1,0,0.050000000000000003,0.5
122.6333,  1.00000000,1,0,0.074999999999999997,0.5
122.6667,  1.00000000,1,0,0.10000000000000001,0.5
122.7000,  1.00000000,1,0,0.050000000000000003,0.5
122.7333,  1.00000000,1,0,0.10000000000000001,0.5
122.7667,  1.00000000,1,0,0.0,0.5
122.8000,  1.00000000,1,0,0.074999999999999997,0.5
122.8333,  1.00000000,1,0,0.025000000000000001,0.5
122.8667,  1.00000000,1,0,0.050000000000000003,0.5
122.9000,  1.00000000,1,0,0.125,0.5
122.9333,  1.00000000,1,0,0.074999999999999997,0.5
122.9667,  1.00000000,1,0,0.074999999999999997,0.5
123.0000,  1.00000000,1,0,0.050000000000000003,0.5
123.0333,  1.00000000,1,0,0.074999999999999997,0.5
123.0667,  1.00000000,1,0,0.125,0.5
123.1000,  1.00000000,1,0,0.10000000000000001,0.5
123.1333,  1.00000000,1,0,0.050000000000000003,0.5
123.1667,  1.00000000,1,0,0.125,0.5
123.2000,  1.00000000,1,0,0.074999999999999997,0.5
123.2333,  1.00000000,1,0,0.10000000000000001,0.5
123.2667,  1.00000000,1,0,0.050000000000000003,0.5
123.3000,  1.00000000,1,0,0.0,0.5
123.3333,  1.00000000,1,0,0.0,0.5
123.3667,  1.00000000,1,0,0.025000000000000001,0.5
123.4000,  1.00000000,1,0,0.025000000000000001,0.5
123.4333,  1.00000000,1,0,0.050000000000000003,0.5
123.4667,  1.00000000,1,0,0.0,0.5
123.5000,  1.00000000,1,0,0.025000000000000001,0.5
123.5333,  1.00000000,1,0,0.0,0.5
123.5667,  1.00000000,1,0,0.050000000000000003,0.5
123.6000,  1.00000000,1,0,0.025000000000000001,0.5
123.6333,  1.00000000,1,0,0.025000000000000001,0.5
123.6667,  1.00000000,1,0,0.0,0.5
123.7000,  1.00000000,1,0,0.0,0.5
123.7333,  1.00000000,1,0,0.074999999999999997,0.5
123.7667,  1.00000000,1,0,0.0,0.5
123.8000,  1.00000000,1,0,0.025000000000000001,0.5
123.8333,  1.00000000,1,0,0.025000000000000001,0.5
123.8667,  1.00000000,1,0,0.0,0.5
123.9000,  1.00000000,1,0,0.050000000000000003,0.5
123.9333,  1.00000000,1,0,0.0,0.5
123.9667,  1.00000000,1,0,0.050000000000000003,0.5
124.0000,  1.00000000,1,0,0.050000000000000003,0.5
124.0333,  1.00000000,1,0,0.025000000000000001,0.5
124.0667,  1.00000000,1,0,0.025000000000000001,0.5
124.1000,  1.00000000,1,0,0.10000000000000001,0.5
124.1333,  1.00000000,1,0,0.025000000000000001,0.5
124.1667,  1.00000000,1,0,0.10000000000000001,0.5
124.2000,  1.00000000,1,0,0.10000000000000001,0.5
124.2333,  1.00000000,1,0,0.025000000000000001,0.5
124.2667,  1.00000000,1,0,0.050000000000000003,0.5
124.3000,  1.00000000,1,0,0.050000000000000003,0.5
124.3333,  1.00000000,1,0,0.050000000000000003,0.5
124.3667,  1.00000000,1,0,0.10000000000000001,0.5
124.4000,  1.00000000,1,0,0.0,0.5
124.4333,  1.00000000,1,0,0.025000000000000001,0.5
124.4667,  1.00000000,1,0,0.050000000000000003,0.5
124.5000,  1.00000000,1,0,0.025000000000000001,0.5
124.5333,  1.00000000,1,0,0.050000000000000003,0.5
124.5667,  1.00000000,1,0,0.074999999999999997,0.5
124.6000,  1.00000000,1,0,0.025000000000000001,0.5
124.6333,  1.00000000,1,0,0.0,0.5
124.6667,  1.00000000,1,0,0.0,0.5
124.7000,  1.00000000,1,0,0.0,0.5
124.7333,  1.00000000,1,0,0.0,0.5
124.7667,  1.00000000,1,0,0.025000000000000001,0.5
124.8000,  1.00000000,1,0,0.0,0.5
124.8333,  1.00000000,1,0,0.0,0.5
124.8667,  1.00000000,1,0,0.025000000000000001,0.5
124.9000,  1.00000000,1,0,0.025000000000000001,0.5
124.9333,  1.00000000,1,0,0.0,0.5
124.9667,  1.00000000,1,0,0.025000000000000001,0.5
125.0000,  1.00000000,1,0,0.0,0.5
125.0333,  1.00000000,1,0,0.025000000000000001,0.5
125.0667,  1.00000000,1,0,0.0,0.5
125.1000,  1.00000000,1,0,0.025000000000000001,0.5
125.1333,  1.00000000,1,0,0.0,0.5
125.1667,  1.00000000,1,0,0.025000000000000001,0.5
125.2000,  1.00000000,1,0,0.025000000000000001,0.5
125.2333,  1.00000000,1,0,0.0,0.5
125.2667,  1.00000000,1,0,0.050000000000000003,0.5
125.3000,  1.00000000,1,0,0.025000000000000001,0.5
125.3333,  1.00000000,1,0,0.0,0.5
125.3667,  1.00000000,1,0,0.0,0.5
125.4000,  1.00000000,1,0,0.025000000000000001,0.5
125.4333,  1.00000000,1,0,0.0,0.5
125.4667,  1.00000000,1,0,0.0,0.5
125.5000,  1.00000000,1,0,0.025000000000000001,0.5
125.5333,  1.00000000,1,0,0.050000000000000003,0.5
125.5667,  1.00000000,1,0,0.025000000000000001,0.5
125.6000,  1.00000000,1,0,0.025000000000000001,0.5
125.6333,  1.00000000,1,0,0.025000000000000001,0.5
125.6667,  1.00000000,1,0,0.025000000000000001,0.5
125.7000,  1.00000000,1,0,0.0,0.5
125.7333,  1.00000000,1,0,0.050000000000000003,0.5
125.7667,  1.00000000,1,0,0.025000000000000001,0.5
125.8000,  1.00000000,1,0,0.025000000000000001,0.5
125.8333,  1.00000000,1,0,0.025000000000000001,0.5
125.8667,  1.00000000,1,0,0.050000000000000003,0.5
125.9000,  1.00000000,1,0,0.050000000000000003,0.5
125.9333,  1.00000000,1,0,0.074999999999999997,0.5
125.9667,  1.00000000,1,0,0.0,0.5
126.0000,  1.00000000,1,0,0.0,0.5
126.0333,  1.00000000,1,0,0.074999999999999997,0.5
126.0667,  1.00000000,1,0,0.0,0.5
126.1000,  1.00000000,1,0,0.025000000000000001,0.5
126.1333,  1.00000000,1,0,0.025000000000000001,0.5
126.1667,  1.00000000,1,0,0.050000000000000003,0.5
126.2000,  1.00000000,1,0,0.025000000000000001,0.5
126.2333,  1.00000000,1,0,0.050000000000000003,0.5
126.2667,  1.00000000,1,0,0.0,0.5
126.3000,  1.00000000,1,0,0.0,0.5
126.3333,  1.00000000,1,0,0.0,0.5
126.3667,  1.00000000,1,0,0.0,0.5
126.4000,  1.00000000,1,0,0.0,0.5
126.4333,  1.00000000,1,0,0.0,0.5
126.4667,  1.00000000,1,0,0.0,0.5
126.5000,  1.00000000,1,0,0.0,0.5
126.5333,  1.00000000,1,0,0.0,0.5
126.5667,  1.00000000,1,0,0.0,0.5
126.6000,  1.00000000,1,0,0.0,0.5
126.6333,  1.00000000,1,0,0.025000000000000001,0.5
126.6667,  1.00000000,1,0,0.0,0.5
126.7000,  1.00000000,1,0,0.0,0.5
126.7333,  1.00000000,1,0,0.0,0.5
126.7667,  1.00000000,1,0,0.0,0.5
126.8000,  1.00000000,1,0,0.050000000000000003,0.5
126.8333,  1.00000000,1,0,0.0,0.5
126.8667,  1.00000000,1,0,0.0,0.5
126.9000,  1.00000000,1,0,0.025000000000000001,0.5
126.9333,  1.00000000,1,0,0.025000000000000001,0.5
126.9667,  1.00000000,1,0,0.0,0.5
127.0000,  1.00000000,1,0,0.0,0.5
127.0333,  1.00000000,1,0,0.050000000000000003,0.5
127.0667,  1.00000000,1,0,0.0,0.5
127.1000,  1.00000000,1,0,0.050000000000000003,0.5
127.1333,  1.00000000,1,0,0.025000000000000001,0.5
127.1667,  1.00000000,1,0,0.0,0.5
127.2000,  1.00000000,1,0,0.025000000000000001,0.5
127.2333,  1.00000000,1,0,0.025000000000000001,0.5
127.2667,  1.00000000,1,0,0.025000000000000001,0.5
127.3000,  1.00000000,1,0,0.0,0.5
127.3333,  1.00000000,1,0,0.0,0.5
127.3667,  1.00000000,1,0,0.025000000000000001,0.5
127.4000,  1.00000000,1,0,0.0,0.5
127.4333,  1.00000000,1,0,0.0,0.5
127.4667,  1.00000000,1,0,0.0,0.5
127.5000,  1.00000000,1,0,0.025000000000000001,0.5
127.5333,  1.00000000,1,0,0.0,0.5
127.5667,  1.00000000,1,0,0.0,0.5
127.6000,  1.00000000,1,0,0.025000000000000001,0.5
127.6333,  1.00000000,1,0,0.025000000000000001,0.5
127.6667,  1.00000000,1,0,0.074999999999999997,0.5
127.7000,  1.00000000,1,0,0.0,0.5
127.7333,  1.00000000,1,0,0.0,0.5
127.7667,  1.00000000,1,0,0.0,0.5
127.8000,  1.00000000,1,0,0.025000000000000001,0.5
127.8333,  1.00000000,1,0,0.050000000000000003,0.5
127.8667,  1.00000000,1,0,0.025000000000000001,0.5
127.9000,  1.00000000,1,0,0.0,0.5
127.9333,  1.00000000,1,0,0.0,0.5
127.9667,  1.00000000,1,0,0.025000000000000001,0.5
128.0000,  1.00000000,1,0,0.050000000000000003,0.5
128.0333,  1.00000000,1,0,0.074999999999999997,0.5
128.0667,  1.00000000,1,0,0.050000000000000003,0.5
128.1000,  1.00000000,1,0,0.10000000000000001,0.5
128.1333,  1.00000000,1,0,0.0,0.5
128.1667,  1.00000000,1,0,0.050000000000000003,0.5
128.2000,  1.00000000,1,0,0.050000000000000003,0.5
128.2333,  1.00000000,1,0,0.074999999999999997,0.5
128.2667,  1.00000000,1,0,0.025000000000000001,0.5
128.3000,  1.00000000,1,0,0.0,0.5
128.3333,  1.00000000,1,0,0.0,0.5
128.3667,  1.00000000,1,0,0.0,0.5
128.4000,  1.00000000,1,0,0.0,0.5
128.4333,  1.00000000,1,0,0.0,0.5
128.4667,  1.00000000,1,0,0.0,0.5
128.5000,  1.00000000,1,0,0.0,0.5
128.5333,  1.00000000,1,0,0.0,0.5
128.5667,  1.00000000,1,0,0.0,0.5
128.6000,  1.00000000,1,0,0.0,0.5
128.6333,  1.00000000,1,0,0.025000000000000001,0.5
128.6667,  1.00000000,1,0,0.0,0.5
128.7000,  1.00000000,1,0,0.025000000000000001,0.5
128.7333,  1.00000000,1,0,0.0,0.5
128.7667,  1.00000000,1,0,0.0,0.5
128.8000,  1.00000000,1,0,0.0,0.5
128.8333,  1.00000000,1,0,0.0,0.5
128.8667,  1.00000000,1,0,0.0,0.5
128.9000,  1.00000000,1,0,0.0,0.5
128.9333,  1.00000000,1,0,0.0,0.5
128.9667,  1.00000000,1,0,0.025000000000000001,0.5
129.0000,  1.00000000,1,0,0.0,0.5
129.0333,  1.00000000,1,0,0.10000000000000001,0.5
129.0667,  1.00000000,1,0,0.025000000000000001,0.5
129.1000,  1.00000000,1,0,0.025000000000000001,0.5
129.1333,  1.00000000,1,0,0.0,0.5
129.1667,  1.00000000,1,0,0.050000000000000003,0.5
129.2000,  1.00000000,1,0,0.025000000000000001,0.5
129.2333,  1.00000000,1,0,0.074999999999999997,0.5
129.2667,  1.00000000,1,0,0.074999999999999997,0.5
129.3000,  1.00000000,1,0,0.074999999999999997,0.5
129.3333,  1.00000000,1,0,0.050000000000000003,0.5
129.3667,  1.00000000,1,0,0.050000000000000003,0.5
129.4000,  1.00000000,1,0,0.025000000000000001,0.5
129.4333,  1.00000000,1,0,0.025000000000000001,0.5
129.4667,  1.00000000,1,0,0.050000000000000003,0.5
129.5000,  1.00000000,1,0,0.025000000000000001,0.5
129.5333,  1.00000000,1,0,0.025000000000000001,0.5
129.5667,  1.00000000,1,0,0.0,0.5
129.6000,  1.00000000,1,0,0.050000000000000003,0.5
129.6333,  1.00000000,1,0,0.025000000000000001,0.5
129.6667,  1.00000000,1,0,0.025000000000000001,0.5
129.7000,  1.00000000,1,0,0.0,0.5
129.7333,  1.00000000,1,0,0.0,0.5
129.7667,  1.00000000,1,0,0.0,0.5
129.8000,  1.00000000,1,0,0.074999999999999997,0.5
129.8333,  1.00000000,1,0,0.025000000000000001,0.5
129.8667,  1.00000000,1,0,0.0,0.5
129.9000,  1.00000000,1,0,0.074999999999999997,0.5
129.9333,  1.00000000,1,0,0.025000000000000001,0.5
129.9667,  1.00000000,1,0,0.0,0.5
130.0000,  1.00000000,1,0,0.025000000000000001,0.5
130.0333,  1.00000000,1,0,0.0,0.5
130.0667,  1.00000000,1,0,0.074999999999999997,0.5
130.1000,  1.00000000,1,0,0.0,0.5
130.1333,  1.00000000,1,0,0.0,0.5
130.1667,  1.00000000,1,0,0.025000000000000001,0.5
130.2000,  1.00000000,1,0,0.025000000000000001,0.5
130.2333,  1.00000000,1,0,0.025000000000000001,0.5
130.2667,  1.00000000,1,0,0.074999999999999997,0.5
130.3000,  1.00000000,1,0,0.10000000000000001,0.5
130.3333,  1.00000000,1,0,0.0,0.5
130.3667,  1.00000000,1,0,0.025000000000000001,0.5
130.4000,  1.00000000,1,0,0.074999999999999997,0.5
130.4333,  1.00000000,1,0,0.050000000000000003,0.5
130.4667,  1.00000000,1,0,0.074999999999999997,0.5
130.5000,  1.00000000,1,0,0.074999999999999997,0.5
130.5333,  1.00000000,1,0,0.050000000000000003,0.5
130.5667,  1.00000000,1,0,0.050000000000000003,0.5
130.6000,  1.00000000,1,0,0.074999999999999997,0.5
130.6333,  1.00000000,1,0,0.0,0.5
130.6667,  1.00000000,1,0,0.10000000000000001,0.5
130.7000,  1.00000000,1,0,0.074999999999999997,0.5
130.7333,  1.00000000,1,0,0.14999999999999999,0.5
130.7667,  1.00000000,1,0,0.025000000000000001,0.5
130.8000,  1.00000000,1,0,0.050000000000000003,0.5
130.8333,  1.00000000,1,0,0.10000000000000001,0.5
130.8667,  1.00000000,1,0,0.025000000000000001,0.5
130.9000,  1.00000000,1,0,0.025000000000000001,0.5
130.9333,  1.00000000,1,0,0.0,0.5
130.9667,  1.00000000,1,0,0.025000000000000001,0.5
131.0000,  1.00000000,1,0,0.025000000000000001,0.5
131.0333,  1.00000000,1,0,0.0,0.5
131.0667,  1.00000000,1,0,0.074999999999999997,0.5
131.1000,  1.00000000,1,0,0.025000000000000001,0.5
131.1333,  1.00000000,1,0,0.10000000000000001,0.5
131.1667,  1.00000000,1,0,0.125,0.5
131.2000,  1.00000000,1,0,0.17499999999999999,0.5
131.2333,  1.00000000,1,0,0.14999999999999999,0.5
131.2667,  1.00000000,1,0,0.125,0.5
131.3000,  1.00000000,1,0,0.125,0.5
131.3333,  1.00000000,1,0,0.074999999999999997,0.5
131.3667,  1.00000000,1,0,0.074999999999999997,0.5
131.4000,  1.00000000,1,0,0.025000000000000001,0.5
131.4333,  1.00000000,1,0,0.10000000000000001,0.5
131.4667,  1.00000000,1,0,0.14999999999999999,0.5
131.5000,  1.00000000,1,0,0.10000000000000001,0.5
131.5333,  1.00000000,1,0,0.074999999999999997,0.5
131.5667,  1.00000000,1,0,0.14999999999999999,0.5
131.6000,  1.00000000,1,0,0.17499999999999999,0.5
131.6333,  1.00000000,1,0,0.050000000000000003,0.5
131.6667,  1.00000000,1,0,0.025000000000000001,0.5
131.7000,  1.00000000,1,0,0.074999999999999997,0.5
131.7333,  1.00000000,1,0,0.10000000000000001,0.5
131.7667,  1.00000000,1,0,0.074999999999999997,0.5
131.8000,  1.00000000,1,0,0.125,0.5
131.8333,  1.00000000,1,0,0.025000000000000001,0.5
131.8667,  1.00000000,1,0,0.10000000000000001,0.5
131.9000,  1.00000000,1,0,0.074999999999999997,0.5
131.9333,  1.00000000,1,0,0.050000000000000003,0.5
131.9667,  1.00000000,1,0,0.025000000000000001,0.5
132.0000,  1.00000000,1,0,0.074999999999999997,0.5
132.0333,  1.00000000,1,0,0.050000000000000003,0.5
132.0667,  1.00000000,1,0,0.050000000000000003,0.5
132.1000,  1.00000000,1,0,0.050000000000000003,0.5
132.1333,  1.00000000,1,0,0.074999999999999997,0.5
132.1667,  1.00000000,1,0,0.050000000000000003,0.5
132.2000,  1.00000000,1,0,0.10000000000000001,0.5
132.2333,  1.00000000,1,0,0.050000000000000003,0.5
132.2667,  1.00000000,1,0,0.125,0.5
132.3000,  1.00000000,1,0,0.14999999999999999,0.5
132.3333,  1.00000000,1,0,0.17499999999999999,0.5
132.3667,  1.00000000,1,0,0.10000000000000001,0.5
132.4000,  1.00000000,1,0,0.050000000000000003,0.5
132.4333,  1.00000000,1,0,0.10000000000000001,0.5
132.4667,  1.00000000,1,0,0.14999999999999999,0.5
132.5000,  1.00000000,1,0,0.14999999999999999,0.5
132.5333,  1.00000000,1,0,0.050000000000000003,0.5
132.5667,  1.00000000,1,0,0.14999999999999999,0.5
132.6000,  1.00000000,1,0,0.050000000000000003,0.5
132.6333,  1.00000000,1,0,0.074999999999999997,0.5
132.6667,  1.00000000,1,0,0.0,0.5
132.7000,  1.00000000,1,0,0.074999999999999997,0.5
132.7333,  1.00000000,1,0,0.125,0.5
132.7667,  1.00000000,1,0,0.025000000000000001,0.5
132.8000,  1.00000000,1,0,0.14999999999999999,0.5
132.8333,  1.00000000,1,0,0.074999999999999997,0.5
132.8667,  1.00000000,1,0,0.074999999999999997,0.5
132.9000,  1.00000000,1,0,0.050000000000000003,0.5
132.9333,  1.00000000,1,0,0.025000000000000001,0.5
132.9667,  1.00000000,1,0,0.074999999999999997,0.5
133.0000,  1.00000000,1,0,0.074999999999999997,0.5
133.0333,  1.00000000,1,0,0.074999999999999997,0.5
133.0667,  1.00000000,1,0,0.050000000000000003,0.5
133.1000,  1.00000000,1,0,0.050000000000000003,0.5
133.1333,  1.00000000,1,0,0.050000000000000003,0.5
133.1667,  1.00000000,1,0,0.050000000000000003,0.5
133.2000,  1.00000000,1,0,0.025000000000000001,0.5
133.2333,  1.00000000,1,0,0.025000000000000001,0.5
133.2667,  1.00000000,1,0,0.025000000000000001,0.5
133.3000,  1.00000000,1,0,0.050000000000000003,0.5
133.3333,  1.00000000,1,0,0.10000000000000001,0.5
133.3667,  1.00000000,1,0,0.050000000000000003,0.5
133.4000,  1.00000000,1,0,0.050000000000000003,0.5
133.4333,  1.00000000,1,0,0.10000000000000001,0.5
133.4667,  1.00000000,1,0,0.050000000000000003,0.5
133.5000,  1.00000000,1,0,0.050000000000000003,0.5
133.5333,  1.00000000,1,0,0.050000000000000003,0.5
133.5667,  1.00000000,1,0,0.20000000000000001,0.5
133.6000,  1.00000000,1,0,0.074999999999999997,0.5
133.6333,  1.00000000,1,0,0.125,0.5
133.6667,  1.00000000,1,0,0.125,0.5
133.7000,  1.00000000,1,0,0.10000000000000001,0.5
133.7333,  1.00000000,1,0,0.14999999999999999,0.5
133.7667,  1.00000000,1,0,0.17499999999999999,0.5
133.8000,  1.00000000,1,0,0.125,0.5
133.8333,  1.00000000,1,0,0.14999999999999999,0.5
133.8667,  1.00000000,1,0,0.10000000000000001,0.5
133.9000,  1.00000000,1,0,0.074999999999999997,0.5
133.9333,  1.00000000,1,0,0.074999999999999997,0.5
133.9667,  1.00000000,1,0,0.074999999999999997,0.5
134.0000,  1.00000000,1,0,0.10000000000000001,0.5
134.0333,  1.00000000,1,0,0.125,0.5
134.0667,  1.00000000,1,0,0.074999999999999997,0.5
134.1000,  1.00000000,1,0,0.050000000000000003,0.5
134.1333,  1.00000000,1,0,0.050000000000000003,0.5
134.1667,  1.00000000,1,0,0.050000000000000003,0.5
134.2000,  1.00000000,1,0,0.125,0.5
134.2333,  1.00000000,1,0,0.025000000000000001,0.5
134.2667,  1.00000000,1,0,0.125,0.5
134.3000,  1.00000000,1,0,0.10000000000000001,0.5
134.3333,  1.00000000,1,0,0.125,0.5
134.3667,  1.00000000,1,0,0.050000000000000003,0.5
134.4000,  1.00000000,1,0,0.074999999999999997,0.5
134.4333,  1.00000000,1,0,0.22500000000000001,0.5
134.4667,  1.00000000,1,0,0.074999999999999997,0.5
134.5000,  1.00000000,1,0,0.125,0.5
134.5333,  1.00000000,1,0,0.074999999999999997,0.5
134.5667,  1.00000000,1,0,0.20000000000000001,0.5
134.6000,  1.00000000,1,0,0.17499999999999999,0.5
134.6333,  1.00000000,1,0,0.17499999999999999,0.5
134.6667,  1.00000000,1,0,0.20000000000000001,0.5
134.7000,  1.00000000,1,0,0.125,0.5
134.7333,  1.00000000,1,0,0.074999999999999997,0.5
134.7667,  1.00000000,1,0,0.0,0.5
134.8000,  1.00000000,1,0,0.125,0.5
134.8333,  1.00000000,1,0,0.050000000000000003,0.5
134.8667,  1.00000000,1,0,0.050000000000000003,0.5
134.9000,  1.00000000,1,0,0.125,0.5
134.9333,  1.00000000,1,0,0.125,0.5
134.9667,  1.00000000,1,0,0.074999999999999997,0.5
135.0000,  1.00000000,1,0,0.125,0.5
135.0333,  1.00000000,1,0,0.074999999999999997,0.5
135.0667,  1.00000000,1,0,0.0,0.5
135.1000,  1.00000000,1,0,0.050000000000000003,0.5
135.1333,  1.00000000,1,0,0.050000000000000003,0.5
135.1667,  1.00000000,1,0,0.10000000000000001,0.5
135.2000,  1.00000000,1,0,0.074999999999999997,0.5
135.2333,  1.00000000,1,0,0.050000000000000003,0.5
135.2667,  1.00000000,1,0,0.10000000000000001,0.5
135.3000,  1.00000000,1,0,0.025000000000000001,0.5
135.3333,  1.00000000,1,0,0.074999999999999997,0.5
135.3667,  1.00000000,1,0,0.050000000000000003,0.5
135.4000,  1.00000000,1,0,0.125,0.5
135.4333,  1.00000000,1,0,0.125,0.5
135.4667,  1.00000000,1,0,0.025000000000000001,0.5
135.5000,  1.00000000,1,0,0.10000000000000001,0.5
135.5333,  1.00000000,1,0,0.050000000000000003,0.5
135.5667,  1.00000000,1,0,0.074999999999999997,0.5
135.6000,  1.00000000,1,0,0.10000000000000001,0.5
135.6333,  1.00000000,1,0,0.025000000000000001,0.5
135.6667,  1.00000000,1,0,0.10000000000000001,0.5
135.7000,  1.00000000,1,0,0.025000000000000001,0.5
135.7333,  1.00000000,1,0,0.14999999999999999,0.5
135.7667,  1.00000000,1,0,0.10000000000000001,0.5
135.8000,  1.00000000,1,0,0.17499999999999999,0.5
135.8333,  1.00000000,1,0,0.125,0.5
135.8667,  1.00000000,1,0,0.074999999999999997,0.5
135.9000,  1.00000000,1,0,0.074999999999999997,0.5
135.9333,  1.00000000,1,0,0.17499999999999999,0.5
135.9667,  1.00000000,1,0,0.17499999999999999,0.5
136.0000,  1.00000000,1,0,0.074999999999999997,0.5
136.0333,  1.00000000,1,0,0.125,0.5
136.0667,  1.00000000,1,0,0.125,0.5
136.1000,  1.00000000,1,0,0.10000000000000001,0.5
136.1333,  1.00000000,1,0,0.17499999999999999,0.5
136.1667,  1.00000000,1,0,0.074999999999999997,0.5
136.2000,  1.00000000,1,0,0.10000000000000001,0.5
136.2333,  1.00000000,1,0,0.025000000000000001,0.5
136.2667,  1.00000000,1,0,0.10000000000000001,0.5
136.3000,  1.00000000,1,0,0.074999999999999997,0.5
136.3333,  1.00000000,1,0,0.074999999999999997,0.5
136.3667,  1.00000000,1,0,0.074999999999999997,0.5
136.4000,  1.00000000,1,0,0.10000000000000001,0.5
136.4333,  1.00000000,1,0,0.050000000000000003,0.5
136.4667,  1.00000000,1,0,0.125,0.5
136.5000,  1.00000000,1,0,0.074999999999999997,0.5
136.5333,  1.00000000,1,0,0.14999999999999999,0.5
136.5667,  1.00000000,1,0,0.10000000000000001,0.5
136.6000,  1.00000000,1,0,0.125,0.5
136.6333,  1.00000000,1,0,0.125,0.5
136.6667,  1.00000000,1,0,0.17499999999999999,0.5
136.7000,  1.00000000,1,0,0.125,0.5
136.7333,  1.00000000,1,0,0.050000000000000003,0.5
136.7667,  1.00000000,1,0,0.14999999999999999,0.5
136.8000,  1.00000000,1,0,0.10000000000000001,0.5
136.8333,  1.00000000,1,0,0.10000000000000001,0.5
136.8667,  1.00000000,1,0,0.22500000000000001,0.5
136.9000,  1.00000000,1,0,0.050000000000000003,0.5
136.9333,  1.00000000,1,0,0.074999999999999997,0.5
136.9667,  1.00000000,1,0,0.074999999999999997,0.5
137.0000,  1.00000000,1,0,0.025000000000000001,0.5
137.0333,  1.00000000,1,0,0.14999999999999999,0.5
137.0667,  1.00000000,1,0,0.14999999999999999,0.5
137.1000,  1.00000000,1,0,0.074999999999999997,0.5
137.1333,  1.00000000,1,0,0.050000000000000003,0.5
137.1667,  1.00000000,1,0,0.074999999999999997,0.5
137.2000,  1.00000000,1,0,0.074999999999999997,0.5
137.2333,  1.00000000,1,0,0.10000000000000001,0.5
137.2667,  1.00000000,1,0,0.074999999999999997,0.5
137.3000,  1.00000000,1,0,0.125,0.5
137.3333,  1.00000000,1,0,0.17499999999999999,0.5
137.3667,  1.00000000,1,0,0.050000000000000003,0.5
137.4000,  1.00000000,1,0,0.10000000000000001,0.5
137.4333,  1.00000000,1,0,0.17499999999999999,0.5
137.4667,  1.00000000,1,0,0.050000000000000003,0.5
137.5000,  1.00000000,1,0,0.050000000000000003,0.5
137.5333,  1.00000000,1,0,0.025000000000000001,0.5
137.5667,  1.00000000,1,0,0.050000000000000003,0.5
137.6000,  1.00000000,1,0,0.050000000000000003,0.5
137.6333,  1.00000000,1,0,0.074999999999999997,0.5
137.6667,  1.00000000,1,0,0.074999999999999997,0.5
137.7000,  1.00000000,1,0,0.10000000000000001,0.5
137.7333,  1.00000000,1,0,0.125,0.5
137.7667,  1.00000000,1,0,0.14999999999999999,0.5
137.8000,  1.00000000,1,0,0.10000000000000001,0.5
137.8333,  1.00000000,1,0,0.10000000000000001,0.5
137.8667,  1.00000000,1,0,0.10000000000000001,0.5
137.9000,  1.00000000,1,0,0.20000000000000001,0.5
137.9333,  1.00000000,1,0,0.10000000000000001,0.5
137.9667,  1.00000000,1,0,0.10000000000000001,0.5
138.0000,  1.00000000,1,0,0.10000000000000001,0.5
138.0333,  1.00000000,1,0,0.10000000000000001,0.5
138.0667,  1.00000000,1,0,0.17499999999999999,0.5
138.1000,  1.00000000,1,0,0.17499999999999999,0.5
138.1333,  1.00000000,1,0,0.20000000000000001,0.5
138.1667,  1.00000000,1,0,0.125,0.5
138.2000,  1.00000000,1,0,0.050000000000000003,0.5
138.2333,  1.00000000,1,0,0.10000000000000001,0.5
138.2667,  1.00000000,1,0,0.17499999999999999,0.5
138.3000,  1.00000000,1,0,0.10000000000000001,0.5
138.3333,  1.00000000,1,0,0.050000000000000003,0.5
138.3667,  1.00000000,1,0,0.074999999999999997,0.5
138.4000,  1.00000000,1,0,0.10000000000000001,0.5
138.4333,  1.00000000,1,0,0.17499999999999999,0.5
138.4667,  1.00000000,1,0,0.074999999999999997,0.5
138.5000,  1.00000000,1,0,0.17499999999999999,0.5
138.5333,  1.00000000,1,0,0.125,0.5
138.5667,  1.00000000,1,0,0.074999999999999997,0.5
138.6000,  1.00000000,1,0,0.050000000000000003,0.5
138.6333,  1.00000000,1,0,0.050000000000000003,0.5
138.6667,  1.00000000,1,0,0.074999999999999997,0.5
138.7000,  1.00000000,1,0,0.125,0.5
138.7333,  1.00000000,1,0,0.17499999999999999,0.5
138.7667,  1.00000000,1,0,0.074999999999999997,0.5
138.8000,  1.00000000,1,0,0.10000000000000001,0.5
138.8333,  1.00000000,1,0,0.10000000000000001,0.5
138.8667,  1.00000000,1,0,0.050000000000000003,0.5
138.9000,  1.00000000,1,0,0.125,0.5
138.9333,  1.00000000,1,0,0.074999999999999997,0.5
138.9667,  1.00000000,1,0,0.050000000000000003,0.5
139.0000,  1.00000000,1,0,0.125,0.5
139.0333,  1.00000000,1,0,0.074999999999999997,0.5
139.0667,  1.00000000,1,0,0.125,0.5
139.1000,  1.00000000,1,0,0.025000000000000001,0.5
139.1333,  1.00000000,1,0,0.025000000000000001,0.5
139.1667,  1.00000000,1,0,0.14999999999999999,0.5
139.2000,  1.00000000,1,0,0.050000000000000003,0.5
139.2333,  1.00000000,1,0,0.10000000000000001,0.5
139.2667,  1.00000000,1,0,0.074999999999999997,0.5
139.3000,  1.00000000,1,0,0.10000000000000001,0.5
139.3333,  1.00000000,1,0,0.20000000000000001,0.5
139.3667,  1.00000000,1,0,0.20000000000000001,0.5
139.4000,  1.00000000,1,0,0.20000000000000001,0.5
139.4333,  1.00000000,1,0,0.14999999999999999,0.5
139.4667,  1.00000000,1,0,0.074999999999999997,0.5
139.5000,  1.00000000,1,0,0.025000000000000001,0.5
139.5333,  1.00000000,1,0,0.074999999999999997,0.5
139.5667,  1.00000000,1,0,0.025000000000000001,0.5
139.6000,  1.00000000,1,0,0.074999999999999997,0.5
139.6333,  1.00000000,1,0,0.074999999999999997,0.5
139.6667,  1.00000000,1,0,0.025000000000000001,0.5
139.7000,  1.00000000,1,0,0.10000000000000001,0.5
139.7333,  1.00000000,1,0,0.10000000000000001,0.5
139.7667,  1.00000000,1,0,0.050000000000000003,0.5
139.8000,  1.00000000,1,0,0.125,0.5
139.8333,  1.00000000,1,0,0.074999999999999997,0.5
139.8667,  1.00000000,1,0,0.025000000000000001,0.5
139.9000,  1.00000000,1,0,0.074999999999999997,0.5
139.9333,  1.00000000,1,0,0.10000000000000001,0.5
139.9667,  1.00000000,1,0,0.050000000000000003,0.5
140.0000,  1.00000000,1,0,0.050000000000000003,0.5
140.0333,  1.00000000,1,0,0.10000000000000001,0.5
140.0667,  1.00000000,1,0,0.050000000000000003,0.5
140.1000,  1.00000000,1,0,0.14999999999999999,0.5
140.1333,  1.00000000,1,0,0.125,0.5
140.1667,  1.00000000,1,0,0.10000000000000001,0.5
140.2000,  1.00000000,1,0,0.050000000000000003,0.5
140.2333,  1.00000000,1,0,0.10000000000000001,0.5
140.2667,  1.00000000,1,0,0.10000000000000001,0.5
140.3000,  1.00000000,1,0,0.125,0.5
140.3333,  1.00000000,1,0,0.025000000000000001,0.5
140.3667,  1.00000000,1,0,0.050000000000000003,0.5
140.4000,  1.00000000,1,0,0.074999999999999997,0.5
140.4333,  1.00000000,1,0,0.050000000000000003,0.5
140.4667,  1.00000000,1,0,0.125,0.5
140.5000,  1.00000000,1,0,0.050000000000000003,0.5
140.5333,  1.00000000,1,0,0.10000000000000001,0.5
140.5667,  1.00000000,1,0,0.10000000000000001,0.5
140.6000,  1.00000000,1,0,0.10000000000000001,0.5
140.6333,  1.00000000,1,0,0.14999999999999999,0.5
140.6667,  1.00000000,1,0,0.074999999999999997,0.5
140.7000,  1.00000000,1,0,0.0,0.5
140.7333,  1.00000000,1,0,0.125,0.5
140.7667,  1.00000000,1,0,0.074999999999999997,0.5
140.8000,  1.00000000,1,0,0.10000000000000001,0.5
140.8333,  1.00000000,1,0,0.10000000000000001,0.5
140.8667,  1.00000000,1,0,0.025000000000000001,0.5
140.9000,  1.00000000,1,0,0.025000000000000001,0.5
140.9333,  1.00000000,1,0,0.074999999999999997,0.5
140.9667,  1.00000000,1,0,0.10000000000000001,0.5
141.0000,  1.00000000,1,0,0.0,0.5
141.0333,  1.00000000,1,0,0.050000000000000003,0.5
141.0667,  1.00000000,1,0,0.050000000000000003,0.5
141.1000,  1.00000000,1,0,0.025000000000000001,0.5
141.1333,  1.00000000,1,0,0.20000000000000001,0.5
141.1667,  1.00000000,1,0,0.10000000000000001,0.5
141.2000,  1.00000000,1,0,0.074999999999999997,0.5
141.2333,  1.00000000,1,0,0.10000000000000001,0.5
141.2667,  1.00000000,1,0,0.050000000000000003,0.5
141.3000,  1.00000000,1,0,0.025000000000000001,0.5
141.3333,  1.00000000,1,0,0.125,0.5
141.3667,  1.00000000,1,0,0.10000000000000001,0.5
141.4000,  1.00000000,1,0,0.10000000000000001,0.5
141.4333,  1.00000000,1,0,0.10000000000000001,0.5
141.4667,  1.00000000,1,0,0.10000000000000001,0.5
141.5000,  1.00000000,1,0,0.025000000000000001,0.5
141.5333,  1.00000000,1,0,0.10000000000000001,0.5
141.5667,  1.00000000,1,0,0.050000000000000003,0.5
141.6000,  1.00000000,1,0,0.050000000000000003,0.5
141.6333,  1.00000000,1,0,0.050000000000000003,0.5
141.6667,  1.00000000,1,0,0.074999999999999997,0.5
141.7000,  1.00000000,1,0,0.125,0.5
141.7333,  1.00000000,1,0,0.074999999999999997,0.5
141.7667,  1.00000000,1,0,0.074999999999999997,0.5
141.8000,  1.00000000,1,0,0.025000000000000001,0.5
141.8333,  1.00000000,1,0,0.17499999999999999,0.5
141.8667,  1.00000000,1,0,0.074999999999999997,0.5
141.9000,  1.00000000,1,0,0.025000000000000001,0.5
141.9333,  1.00000000,1,0,0.074999999999999997,0.5
141.9667,  1.00000000,1,0,0.050000000000000003,0.5
142.0000,  1.00000000,1,0,0.025000000000000001,0.5
142.0333,  1.00000000,1,0,0.050000000000000003,0.5
142.0667,  1.00000000,1,0,0.050000000000000003,0.5
142.1000,  1.00000000,1,0,0.050000000000000003,0.5
142.1333,  1.00000000,1,0,0.050000000000000003,0.5
142.1667,  1.00000000,1,0,0.10000000000000001,0.5
142.2000,  1.00000000,1,0,0.10000000000000001,0.5
142.2333,  1.00000000,1,0,0.125,0.5
142.2667,  1.00000000,1,0,0.050000000000000003,0.5
142.3000,  1.00000000,1,0,0.125,0.5
142.3333,  1.00000000,1,0,0.10000000000000001,0.5
142.3667,  1.00000000,1,0,0.10000000000000001,0.5
142.4000,  1.00000000,1,0,0.025000000000000001,0.5
142.4333,  1.00000000,1,0,0.050000000000000003,0.5
142.4667,  1.00000000,1,0,0.074999999999999997,0.5
142.5000,  1.00000000,1,0,0.050000000000000003,0.5
142.5333,  1.00000000,1,0,0.050000000000000003,0.5
142.5667,  1.00000000,1,0,0.0,0.5
142.6000,  1.00000000,1,0,0.0,0.5
142.6333,  1.00000000,1,0,0.050000000000000003,0.5
142.6667,  1.00000000,1,0,0.025000000000000001,0.5
142.7000,  1.00000000,1,0,0.074999999999999997,0.5
142.7333,  1.00000000,1,0,0.0,0.5
142.7667,  1.00000000,1,0,0.074999999999999997,0.5
142.8000,  1.00000000,1,0,0.074999999999999997,0.5
142.8333,  1.00000000,1,0,0.0,0.5
142.8667,  1.00000000,1,0,0.025000000000000001,0.5
142.9000,  1.00000000,1,0,0.074999999999999997,0.5
142.9333,  1.00000000,1,0,0.025000000000000001,0.5
142.9667,  1.00000000,1,0,0.10000000000000001,0.5
143.0000,  1.00000000,1,0,0.0,0.5
143.0333,  1.00000000,1,0,0.10000000000000001,0.5
143.0667,  1.00000000,1,0,0.025000000000000001,0.5
143.1000,  1.00000000,1,0,0.0,0.5
143.1333,  1.00000000,1,0,0.025000000000000001,0.5
143.1667,  1.00000000,1,0,0.125,0.5
143.2000,  1.00000000,1,0,0.025000000000000001,0.5
143.2333,  1.00000000,1,0,0.10000000000000001,0.5
143.2667,  1.00000000,1,0,0.0,0.5
143.3000,  1.00000000,1,0,0.050000000000000003,0.5
143.3333,  1.00000000,1,0,0.10000000000000001,0.5
143.3667,  1.00000000,1,0,0.10000000000000001,0.5
143.4000,  1.00000000,1,0,0.074999999999999997,0.5
143.4333,  1.00000000,1,0,0.10000000000000001,0.5
143.4667,  1.00000000,1,0,0.074999999999999997,0.5
143.5000,  1.00000000,1,0,0.050000000000000003,0.5
143.5333,  1.00000000,1,0,0.10000000000000001,0.5
143.5667,  1.00000000,1,0,0.074999999999999997,0.5
143.6000,  1.00000000,1,0,0.050000000000000003,0.5
143.6333,  1.00000000,1,0,0.125,0.5
143.6667,  1.00000000,1,0,0.074999999999999997,0.5
143.7000,  1.00000000,1,0,0.10000000000000001,0.5
143.7333,  1.00000000,1,0,0.10000000000000001,0.5
143.7667,  1.00000000,1,0,0.125,0.5
143.8000,  1.00000000,1,0,0.050000000000000003,0.5
143.8333,  1.00000000,1,0,0.025000000000000001,0.5
143.8667,  1.00000000,1,0,0.074999999999999997,0.5
143.9000,  1.00000000,1,0,0.025000000000000001,0.5
143.9333,  1.00000000,1,0,0.025000000000000001,0.5
143.9667,  1.00000000,1,0,0.050000000000000003,0.5
144.0000,  1.00000000,1,0,0.025000000000000001,0.5
144.0333,  1.00000000,1,0,0.025000000000000001,0.5
144.0667,  1.00000000,1,0,0.074999999999999997,0.5
144.1000,  1.00000000,1,0,0.074999999999999997,0.5
144.1333,  1.00000000,1,0,0.025000000000000001,0.5
144.1667,  1.00000000,1,0,0.074999999999999997,0.5
144.2000,  1.00000000,1,0,0.125,0.5
144.2333,  1.00000000,1,0,0.050000000000000003,0.5
144.2667,  1.00000000,1,0,0.074999999999999997,0.5
144.3000,  1.00000000,1,0,0.0,0.5
144.3333,  1.00000000,1,0,0.050000000000000003,0.5
144.3667,  1.00000000,1,0,0.025000000000000001,0.5
144.4000,  1.00000000,1,0,0.10000000000000001,0.5
144.4333,  1.00000000,1,0,0.025000000000000001,0.5
144.4667,  1.00000000,1,0,0.025000000000000001,0.5
144.5000,  1.00000000,1,0,0.0,0.5
144.5333,  1.00000000,1,0,0.0,0.5
144.5667,  1.00000000,1,0,0.025000000000000001,0.5
144.6000,  1.00000000,1,0,0.0,0.5
144.6333,  1.00000000,1,0,0.0,0.5
144.6667,  1.00000000,1,0,0.074999999999999997,0.5
144.7000,  1.00000000,1,0,0.025000000000000001,0.5
144.7333,  1.00000000,1,0,0.025000000000000001,0.5
144.7667,  1.00000000,1,0,0.050000000000000003,0.5
144.8000,  1.00000000,1,0,0.025000000000000001,0.5
144.8333,  1.00000000,1,0,0.050000000000000003,0.5
144.8667,  1.00000000,1,0,0.050000000000000003,0.5
144.9000,  1.00000000,1,0,0.025000000000000001,0.5
144.9333,  1.00000000,1,0,0.0,0.5
144.9667,  1.00000000,1,0,0.0,0.5
145.0000,  1.00000000,1,0,0.0,0.5
145.0333,  1.00000000,1,0,0.050000000000000003,0.5
145.0667,  1.00000000,1,0,0.074999999999999997,0.5
145.1000,  1.00000000,1,0,0.025000000000000001,0.5
145.1333,  1.00000000,1,0,0.025000000000000001,0.5
145.1667,  1.00000000,1,0,0.025000000000000001,0.5
145.2000,  1.00000000,1,0,0.025000000000000001,0.5
145.2333,  1.00000000,1,0,0.025000000000000001,0.5
145.2667,  1.00000000,1,0,0.074999999999999997,0.5
145.3000,  1.00000000,1,0,0.0,0.5
145.3333,  1.00000000,1,0,0.0,0.5
145.3667,  1.00000000,1,0,0.0,0.5
145.4000,  1.00000000,1,0,0.025000000000000001,0.5
145.4333,  1.00000000,1,0,0.050000000000000003,0.5
145.4667,  1.00000000,1,0,0.025000000000000001,0.5
145.5000,  1.00000000,1,0,0.025000000000000001,0.5
145.5333,  1.00000000,1,0,0.050000000000000003,0.5
145.5667,  1.00000000,1,0,0.0,0.5
145.6000,  1.00000000,1,0,0.025000000000000001,0.5
145.6333,  1.00000000,1,0,0.025000000000000001,0.5
145.6667,  1.00000000,1,0,0.125,0.5
145.7000,  1.00000000,1,0,0.050000000000000003,0.5
145.7333,  1.00000000,1,0,0.025000000000000001,0.5
145.7667,  1.00000000,1,0,0.025000000000000001,0.5
145.8000,  1.00000000,1,0,0.074999999999999997,0.5
145.8333,  1.00000000,1,0,0.025000000000000001,0.5
145.8667,  1.00000000,1,0,0.050000000000000003,0.5
145.9000,  1.00000000,1,0,0.0,0.5
145.9333,  1.00000000,1,0,0.025000000000000001,0.5
145.9667,  1.00000000,1,0,0.074999999999999997,0.5
146.0000,  1.00000000,1,0,0.050000000000000003,0.5
146.0333,  1.00000000,1,0,0.074999999999999997,0.5
146.0667,  1.00000000,1,0,0.025000000000000001,0.5
146.1000,  1.00000000,1,0,0.050000000000000003,0.5
146.1333,  1.00000000,1,0,0.10000000000000001,0.5
146.1667,  1.00000000,1,0,0.025000000000000001,0.5
146.2000,  1.00000000,1,0,0.025000000000000001,0.5
146.2333,  1.00000000,1,0,0.025000000000000001,0.5
146.2667,  1.00000000,1,0,0.025000000000000001,0.5
146.3000,  1.00000000,1,0,0.0,0.5
146.3333,  1.00000000,1,0,0.0,0.5
146.3667,  1.00000000,1,0,0.025000000000000001,0.5
146.4000,  1.00000000,1,0,0.0,0.5
146.4333,  1.00000000,1,0,0.0,0.5
146.4667,  1.00000000,1,0,0.025000000000000001,0.5
146.5000,  1.00000000,1,0,0.025000000000000001,0.5
146.5333,  1.00000000,1,0,0.074999999999999997,0.5
146.5667,  1.00000000,1,0,0.050000000000000003,0.5
146.6000,  1.00000000,1,0,0.125,0.5
146.6333,  1.00000000,1,0,0.050000000000000003,0.5
146.6667,  1.00000000,1,0,0.0,0.5
146.7000,  1.00000000,1,0,0.050000000000000003,0.5
146.7333,  1.00000000,1,0,0.025000000000000001,0.5
146.7667,  1.00000000,1,0,0.074999999999999997,0.5
146.8000,  1.00000000,1,0,0.0,0.5
146.8333,  1.00000000,1,0,0.050000000000000003,0.5
146.8667,  1.00000000,1,0,0.050000000000000003,0.5
146.9000,  1.00000000,1,0,0.074999999999999997,0.5
146.9333,  1.00000000,1,0,0.025000000000000001,0.5
146.9667,  1.00000000,1,0,0.074999999999999997,0.5
147.0000,  1.00000000,1,0,0.025000000000000001,0.5
147.0333,  1.00000000,1,0,0.050000000000000003,0.5
147.0667,  1.00000000,1,0,0.025000000000000001,0.5
147.1000,  1.00000000,1,0,0.050000000000000003,0.5
147.1333,  1.00000000,1,0,0.050000000000000003,0.5
147.1667,  1.00000000,1,0,0.0,0.5
147.2000,  1.00000000,1,0,0.025000000000000001,0.5
147.2333,  1.00000000,1,0,0.10000000000000001,0.5
147.2667,  1.00000000,1,0,0.025000000000000001,0.5
147.3000,  1.00000000,1,0,0.0,0.5
147.3333,  1.00000000,1,0,0.025000000000000001,0.5
147.3667,  1.00000000,1,0,0.025000000000000001,0.5
147.4000,  1.00000000,1,0,0.025000000000000001,0.5
147.4333,  1.00000000,1,0,0.025000000000000001,0.5
147.4667,  1.00000000,1,0,0.0,0.5
147.5000,  1.00000000,1,0,0.074999999999999997,0.5
147.5333,  1.00000000,1,0,0.050000000000000003,0.5
147.5667,  1.00000000,1,0,0.0,0.5
147.6000,  1.00000000,1,0,0.125,0.5
147.6333,  1.00000000,1,0,0.025000000000000001,0.5
147.6667,  1.00000000,1,0,0.10000000000000001,0.5
147.7000,  1.00000000,1,0,0.074999999999999997,0.5
147.7333,  1.00000000,1,0,0.0,0.5
147.7667,  1.00000000,1,0,0.050000000000000003,0.5
147.8000,  1.00000000,1,0,0.025000000000000001,0.5
147.8333,  1.00000000,1,0,0.025000000000000001,0.5
147.8667,  1.00000000,1,0,0.10000000000000001,0.5
147.9000,  1.00000000,1,0,0.0,0.5
147.9333,  1.00000000,1,0,0.074999999999999997,0.5
147.9667,  1.00000000,1,0,0.050000000000000003,0.5
148.0000,  1.00000000,1,0,0.025000000000000001,0.5
148.0333,  1.00000000,1,0,0.074999999999999997,0.5
148.0667,  1.00000000,1,0,0.025000000000000001,0.5
148.1000,  1.00000000,1,0,0.14999999999999999,0.5
148.1333,  1.00000000,1,0,0.050000000000000003,0.5
148.1667,  1.00000000,1,0,0.0,0.5
148.2000,  1.00000000,1,0,0.10000000000000001,0.5
148.2333,  1.00000000,1,0,0.10000000000000001,0.5
148.2667,  1.00000000,1,0,0.050000000000000003,0.5
148.3000,  1.00000000,1,0,0.074999999999999997,0.5
148.3333,  1.00000000,1,0,0.074999999999999997,0.5
148.3667,  1.00000000,1,0,0.050000000000000003,0.5
148.4000,  1.00000000,1,0,0.0,0.5
148.4333,  1.00000000,1,0,0.025000000000000001,0.5
148.4667,  1.00000000,1,0,0.025000000000000001,0.5
148.5000,  1.00000000,1,0,0.10000000000000001,0.5
148.5333,  1.00000000,1,0,0.050000000000000003,0.5
148.5667,  1.00000000,1,0,0.050000000000000003,0.5
148.6000,  1.00000000,1,0,0.0,0.5
148.6333,  1.00000000,1,0,0.10000000000000001,0.5
148.6667,  1.00000000,1,0,0.0,0.5
148.7000,  1.00000000,1,0,0.050000000000000003,0.5
148.7333,  1.00000000,1,0,0.050000000000000003,0.5
148.7667,  1.00000000,1,0,0.0,0.5
148.8000,  1.00000000,1,0,0.0,0.5
148.8333,  1.00000000,1,0,0.0,0.5
148.8667,  1.00000000,1,0,0.0,0.5
148.9000,  1.00000000,1,0,0.050000000000000003,0.5
148.9333,  1.00000000,1,0,0.025000000000000001,0.5
148.9667,  1.00000000,1,0,0.025000000000000001,0.5
149.0000,  1.00000000,1,0,0.050000000000000003,0.5
149.0333,  1.00000000,1,0,0.074999999999999997,0.5
149.0667,  1.00000000,1,0,0.0,0.5
149.1000,  1.00000000,1,0,0.0,0.5
149.1333,  1.00000000,1,0,0.025000000000000001,0.5
149.1667,  1.00000000,1,0,0.0,0.5
149.2000,  1.00000000,1,0,0.050000000000000003,0.5
149.2333,  1.00000000,1,0,0.050000000000000003,0.5
149.2667,  1.00000000,1,0,0.074999999999999997,0.5
149.3000,  1.00000000,1,0,0.050000000000000003,0.5
149.3333,  1.00000000,1,0,0.125,0.5
149.3667,  1.00000000,1,0,0.10000000000000001,0.5
149.4000,  1.00000000,1,0,0.025000000000000001,0.5
149.4333,  1.00000000,1,0,0.025000000000000001,0.5
149.4667,  1.00000000,1,0,0.050000000000000003,0.5
149.5000,  1.00000000,1,0,0.050000000000000003,0.5
149.5333,  1.00000000,1,0,0.074999999999999997,0.5
149.5667,  1.00000000,1,0,0.025000000000000001,0.5
149.6000,  1.00000000,1,0,0.025000000000000001,0.5
149.6333,  1.00000000,1,0,0.050000000000000003,0.5
149.6667,  1.00000000,1,0,0.050000000000000003,0.5
149.7000,  1.00000000,1,0,0.025000000000000001,0.5
149.7333,  1.00000000,1,0,0.0,0.5
149.7667,  1.00000000,1,0,0.0,0.5
149.8000,  1.00000000,1,0,0.025000000000000001,0.5
149.8333,  1.00000000,1,0,0.0,0.5
149.8667,  1.00000000,1,0,0.0,0.5
149.9000,  1.00000000,1,0,0.074999999999999997,0.5
149.9333,  1.00000000,1,0,0.025000000000000001,0.5
149.9667,  1.00000000,1,0,0.050000000000000003,0.5
150.0000,  1.00000000,1,0,0.125,0.5
150.0333,  1.00000000,1,0,0.025000000000000001,0.5
150.0667,  1.00000000,1,0,0.074999999999999997,0.5
150.1000,  1.00000000,1,0,0.050000000000000003,0.5
150.1333,  1.00000000,1,0,0.074999999999999997,0.5
150.1667,  1.00000000,1,0,0.050000000000000003,0.5
150.2000,  1.00000000,1,0,0.025000000000000001,0.5
150.2333,  1.00000000,1,0,0.074999999999999997,0.5
150.2667,  1.00000000,1,0,0.0,0.5
150.3000,  1.00000000,1,0,0.10000000000000001,0.5
150.3333,  1.00000000,1,0,0.0,0.5
150.3667,  1.00000000,1,0,0.0,0.5
150.4000,  1.00000000,1,0,0.025000000000000001,0.5
150.4333,  1.00000000,1,0,0.025000000000000001,0.5
150.4667,  1.00000000,1,0,0.0,0.5
150.5000,  1.00000000,1,0,0.0,0.5
150.5333,  1.00000000,1,0,0.0,0.5
150.5667,  1.00000000,1,0,0.050000000000000003,0.5
150.6000,  1.00000000,1,0,0.050000000000000003,0.5
150.6333,  1.00000000,1,0,0.025000000000000001,0.5
150.6667,  1.00000000,1,0,0.025000000000000001,0.5
150.7000,  1.00000000,1,0,0.0,0.5
150.7333,  1.00000000,1,0,0.025000000000000001,0.5
150.7667,  1.00000000,1,0,0.074999999999999997,0.5
150.8000,  1.00000000,1,0,0.050000000000000003,0.5
150.8333,  1.00000000,1,0,0.025000000000000001,0.5
150.8667,  1.00000000,1,0,0.050000000000000003,0.5
150.9000,  1.00000000,1,0,0.050000000000000003,0.5
150.9333,  1.00000000,1,0,0.050000000000000003,0.5
150.9667,  1.00000000,1,0,0.0,0.5
151.0000,  1.00000000,1,0,0.050000000000000003,0.5
151.0333,  1.00000000,1,0,0.025000000000000001,0.5
151.0667,  1.00000000,1,0,0.025000000000000001,0.5
151.1000,  1.00000000,1,0,0.0,0.5
151.1333,  1.00000000,1,0,0.0,0.5
151.1667,  1.00000000,1,0,0.025000000000000001,0.5
151.2000,  1.00000000,1,0,0.025000000000000001,0.5
151.2333,  1.00000000,1,0,0.0,0.5
151.2667,  1.00000000,1,0,0.0,0.5
151.3000,  1.00000000,1,0,0.0,0.5
151.3333,  1.00000000,1,0,0.025000000000000001,0.5
151.3667,  1.00000000,1,0,0.025000000000000001,0.5
151.4000,  1.00000000,1,0,0.025000000000000001,0.5
151.4333,  1.00000000,1,0,0.0,0.5
151.4667,  1.00000000,1,0,0.025000000000000001,0.5
151.5000,  1.00000000,1,0,0.0,0.5
151.5333,  1.00000000,1,0,0.0,0.5
151.5667,  1.00000000,1,0,0.025000000000000001,0.5
151.6000,  1.00000000,1,0,0.0,0.5
151.6333,  1.00000000,1,0,0.10000000000000001,0.5
151.6667,  1.00000000,1,0,0.0,0.5
151.7000,  1.00000000,1,0,0.025000000000000001,0.5
151.7333,  1.00000000,1,0,0.050000000000000003,0.5
151.7667,  1.00000000,1,0,0.050000000000000003,0.5
151.8000,  1.00000000,1,0,0.0,0.5
151.8333,  1.00000000,1,0,0.050000000000000003,0.5
151.8667,  1.00000000,1,0,0.050000000000000003,0.5
151.9000,  1.00000000,1,0,0.050000000000000003,0.5
151.9333,  1.00000000,1,0,0.025000000000000001,0.5
151.9667,  1.00000000,1,0,0.025000000000000001,0.5
152.0000,  1.00000000,1,0,0.050000000000000003,0.5
152.0333,  1.00000000,1,0,0.0,0.5
152.0667,  1.00000000,1,0,0.074999999999999997,0.5
152.1000,  1.00000000,1,0,0.025000000000000001,0.5
152.1333,  1.00000000,1,0,0.0,0.5
152.1667,  1.00000000,1,0,0.050000000000000003,0.5
152.2000,  1.00000000,1,0,0.0,0.5
152.2333,  1.00000000,1,0,0.0,0.5
152.2667,  1.00000000,1,0,0.0,0.5
152.3000,  1.00000000,1,0,0.0,0.5
152.3333,  1.00000000,1,0,0.025000000000000001,0.5
152.3667,  1.00000000,1,0,0.025000000000000001,0.5
152.4000,  1.00000000,1,0,0.0,0.5
152.4333,  1.00000000,1,0,0.025000000000000001,0.5
152.4667,  1.00000000,1,0,0.074999999999999997,0.5
152.5000,  1.00000000,1,0,0.025000000000000001,0.5
152.5333,  1.00000000,1,0,0.025000000000000001,0.5
152.5667,  1.00000000,1,0,0.025000000000000001,0.5
152.6000,  1.00000000,1,0,0.025000000000000001,0.5
152.6333,  1.00000000,1,0,0.0,0.5
152.6667,  1.00000000,1,0,0.10000000000000001,0.5
152.7000,  1.00000000,1,0,0.025000000000000001,0.5
152.7333,  1.00000000,1,0,0.025000000000000001,0.5
152.7667,  1.00000000,1,0,0.050000000000000003,0.5
152.8000,  1.00000000,1,0,0.025000000000000001,0.5
152.8333,  1.00000000,1,0,0.050000000000000003,0.5
152.8667,  1.00000000,1,0,0.050000000000000003,0.5
152.9000,  1.00000000,1,0,0.10000000000000001,0.5
152.9333,  1.00000000,1,0,0.025000000000000001,0.5
152.9667,  1.00000000,1,0,0.025000000000000001,0.5
153.0000,  1.00000000,1,0,0.050000000000000003,0.5
153.0333,  1.00000000,1,0,0.050000000000000003,0.5
153.0667,  1.00000000,1,0,0.025000000000000001,0.5
153.1000,  1.00000000,1,0,0.050000000000000003,0.5
153.1333,  1.00000000,1,0,0.0,0.5
153.1667,  1.00000000,1,0,0.025000000000000001,0.5
153.2000,  1.00000000,1,0,0.050000000000000003,0.5
153.2333,  1.00000000,1,0,0.074999999999999997,0.5
153.2667,  1.00000000,1,0,0.0,0.5
153.3000,  1.00000000,1,0,0.0,0.5
153.3333,  1.00000000,1,0,0.050000000000000003,0.5
153.3667,  1.00000000,1,0,0.025000000000000001,0.5
153.4000,  1.00000000,1,0,0.0,0.5
153.4333,  1.00000000,1,0,0.050000000000000003,0.5
153.4667,  1.00000000,1,0,0.025000000000000001,0.5
153.5000,  1.00000000,1,0,0.050000000000000003,0.5
153.5333,  1.00000000,1,0,0.074999999999999997,0.5
153.5667,  1.00000000,1,0,0.025000000000000001,0.5
153.6000,  1.00000000,1,0,0.0,0.5
153.6333,  1.00000000,1,0,0.0,0.5
153.6667,  1.00000000,1,0,0.074999999999999997,0.5
153.7000,  1.00000000,1,0,0.025000000000000001,0.5
153.7333,  1.00000000,1,0,0.025000000000000001,0.5
153.7667,  1.00000000,1,0,0.0,0.5
153.8000,  1.00000000,1,0,0.025000000000000001,0.5
153.8333,  1.00000000,1,0,0.050000000000000003,0.5
153.8667,  1.00000000,1,0,0.025000000000000001,0.5
153.9000,  1.00000000,1,0,0.074999999999999997,0.5
153.9333,  1.00000000,1,0,0.050000000000000003,0.5
153.9667,  1.00000000,1,0,0.050000000000000003,0.5
154.0000,  1.00000000,1,0,0.125,0.5
154.0333,  1.00000000,1,0,0.074999999999999997,0.5
154.0667,  1.00000000,1,0,0.025000000000000001,0.5
154.1000,  1.00000000,1,0,0.10000000000000001,0.5
154.1333,  1.00000000,1,0,0.125,0.5
154.1667,  1.00000000,1,0,0.10000000000000001,0.5
154.2000,  1.00000000,1,0,0.050000000000000003,0.5
154.2333,  1.00000000,1,0,0.10000000000000001,0.5
154.2667,  1.00000000,1,0,0.074999999999999997,0.5
154.3000,  1.00000000,1,0,0.074999999999999997,0.5
154.3333,  1.00000000,1,0,0.074999999999999997,0.5
154.3667,  1.00000000,1,0,0.074999999999999997,0.5
154.4000,  1.00000000,1,0,0.074999999999999997,0.5
154.4333,  1.00000000,1,0,0.025000000000000001,0.5
154.4667,  1.00000000,1,0,0.074999999999999997,0.5
154.5000,  1.00000000,1,0,0.074999999999999997,0.5
154.5333,  1.00000000,1,0,0.050000000000000003,0.5
154.5667,  1.00000000,1,0,0.0,0.5
154.6000,  1.00000000,1,0,0.050000000000000003,0.5
154.6333,  1.00000000,1,0,0.074999999999999997,0.5
154.6667,  1.00000000,1,0,0.074999999999999997,0.5
154.7000,  1.00000000,1,0,0.074999999999999997,0.5
154.7333,  1.00000000,1,0,0.074999999999999997,0.5
154.7667,  1.00000000,1,0,0.050000000000000003,0.5
154.8000,  1.00000000,1,0,0.025000000000000001,0.5
154.8333,  1.00000000,1,0,0.074999999999999997,0.5
154.8667,  1.00000000,1,0,0.050000000000000003,0.5
154.9000,  1.00000000,1,0,0.025000000000000001,0.5
154.9333,  1.00000000,1,0,0.050000000000000003,0.5
154.9667,  1.00000000,1,0,0.025000000000000001,0.5
155.0000,  1.00000000,1,0,0.074999999999999997,0.5
155.0333,  1.00000000,1,0,0.050000000000000003,0.5
155.0667,  1.00000000,1,0,0.050000000000000003,0.5
155.1000,  1.00000000,1,0,0.074999999999999997,0.5
155.1333,  1.00000000,1,0,0.074999999999999997,0.5
155.1667,  1.00000000,1,0,0.074999999999999997,0.5
155.2000,  1.00000000,1,0,0.074999999999999997,0.5
155.2333,  1.00000000,1,0,0.050000000000000003,0.5
155.2667,  1.00000000,1,0,0.074999999999999997,0.5
155.3000,  1.00000000,1,0,0.074999999999999997,0.5
155.3333,  1.00000000,1,0,0.074999999999999997,0.5
155.3667,  1.00000000,1,0,0.074999999999999997,0.5
155.4000,  1.00000000,1,0,0.074999999999999997,0.5
155.4333,  1.00000000,1,0,0.074999999999999997,0.5
155.4667,  1.00000000,1,0,0.074999999999999997,0.5
155.5000,  1.00000000,1,0,0.074999999999999997,0.5
155.5333,  1.00000000,1,0,0.074999999999999997,0.5
155.5667,  1.00000000,1,0,0.074999999999999997,0.5
155.6000,  1.00000000,1,0,0.074999999999999997,0.5
155.6333,  1.00000000,1,0,0.050000000000000003,0.5
155.6667,  1.00000000,1,0,0.050000000000000003,0.5
155.7000,  1.00000000,1,0,0.050000000000000003,0.5
155.7333,  1.00000000,1,0,0.074999999999999997,0.5
155.7667,  1.00000000,1,0,0.025000000000000001,0.5
155.8000,  1.00000000,1,0,0.074999999999999997,0.5
155.8333,  1.00000000,1,0,0.074999999999999997,0.5
155.8667,  1.00000000,1,0,0.050000000000000003,0.5
155.9000,  1.00000000,1,0,0.074999999999999997,0.5
155.9333,  1.00000000,1,0,0.074999999999999997,0.5
155.9667,  1.00000000,1,0,0.074999999999999997,0.5
156.0000,  1.00000000,1,0,0.074999999999999997,0.5
156.0333,  1.00000000,1,0,0.025000000000000001,0.5
156.0667,  1.00000000,1,0,0.074999999999999997,0.5
156.1000,  1.00000000,1,0,0.074999999999999997,0.5
156.1333,  1.00000000,1,0,0.050000000000000003,0.5
156.1667,  1.00000000,1,0,0.074999999999999997,0.5
156.2000,  1.00000000,1,0,0.074999999999999997,0.5
156.2333,  1.00000000,1,0,0.074999999999999997,0.5
156.2667,  1.00000000,1,0,0.074999999999999997,0.5
156.3000,  1.00000000,1,0,0.074999999999999997,0.5
156.3333,  1.00000000,1,0,0.074999999999999997,0.5
156.3667,  1.00000000,1,0,0.074999999999999997,0.5
156.4000,  1.00000000,1,0,0.074999999999999997,0.5
156.4333,  1.00000000,1,0,0.074999999999999997,0.5
156.4667,  1.00000000,1,0,0.074999999999999997,0.5
156.5000,  1.00000000,1,0,0.074999999999999997,0.5
156.5333,  1.00000000,1,0,0.074999999999999997,0.5
156.5667,  1.00000000,1,0,0.050000000000000003,0.5
156.6000,  1.00000000,1,0,0.074999999999999997,0.5
156.6333,  1.00000000,1,0,0.074999999999999997,0.5
156.6667,  1.00000000,1,0,0.074999999999999997,0.5
156.7000,  1.00000000,1,0,0.074999999999999997,0.5
156.7333,  1.00000000,1,0,0.074999999999999997,0.5
156.7667,  1.00000000,1,0,0.050000000000000003,0.5
156.8000,  1.00000000,1,0,0.074999999999999997,0.5
156.8333,  1.00000000,1,0,0.025000000000000001,0.5
156.8667,  1.00000000,1,0,0.074999999999999997,0.5
156.9000,  1.00000000,1,0,0.050000000000000003,0.5
156.9333,  1.00000000,1,0,0.025000000000000001,0.5
156.9667,  1.00000000,1,0,0.025000000000000001,0.5
157.0000,  1.00000000,1,0,0.0,0.5
157.0333,  1.00000000,1,0,0.0,0.5
157.0667,  1.00000000,1,0,0.025000000000000001,0.5
157.1000,  1.00000000,1,0,0.050000000000000003,0.5
157.1333,  1.00000000,1,0,0.074999999999999997,0.5
157.1667,  1.00000000,1,0,0.074999999999999997,0.5
157.2000,  1.00000000,1,0,0.074999999999999997,0.5
157.2333,  1.00000000,1,0,0.074999999999999997,0.5
157.2667,  1.00000000,1,0,0.074999999999999997,0.5
157.3000,  1.00000000,1,0,0.074999999999999997,0.5
157.3333,  1.00000000,1,0,0.074999999999999997,0.5
157.3667,  1.00000000,1,0,0.050000000000000003,0.5
157.4000,  1.00000000,1,0,0.074999999999999997,0.5
157.4333,  1.00000000,1,0,0.074999999999999997,0.5
157.4667,  1.00000000,1,0,0.074999999999999997,0.5
157.5000,  1.00000000,1,0,0.074999999999999997,0.5
157.5333,  1.00000000,1,0,0.074999999999999997,0.5
157.5667,  1.00000000,1,0,0.074999999999999997,0.5
157.6000,  1.00000000,1,0,0.074999999999999997,0.5
157.6333,  1.00000000,1,0,0.050000000000000003,0.5
157.6667,  1.00000000,1,0,0.074999999999999997,0.5
157.7000,  1.00000000,1,0,0.074999999999999997,0.5
157.7333,  1.00000000,1,0,0.074999999999999997,0.5
157.7667,  1.00000000,1,0,0.074999999999999997,0.5
157.8000,  1.00000000,1,0,0.050000000000000003,0.5
157.8333,  1.00000000,1,0,0.074999999999999997,0.5
157.8667,  1.00000000,1,0,0.050000000000000003,0.5
157.9000,  1.00000000,1,0,0.074999999999999997,0.5
157.9333,  1.00000000,1,0,0.074999999999999997,0.5
157.9667,  1.00000000,1,0,0.074999999999999997,0.5
158.0000,  1.00000000,1,0,0.050000000000000003,0.5
158.0333,  1.00000000,1,0,0.074999999999999997,0.5
158.0667,  1.00000000,1,0,0.074999999999999997,0.5
158.1000,  1.00000000,1,0,0.074999999999999997,0.5
158.1333,  1.00000000,1,0,0.050000000000000003,0.5
158.1667,  1.00000000,1,0,0.050000000000000003,0.5
158.2000,  1.00000000,1,0,0.074999999999999997,0.5
158.2333,  1.00000000,1,0,0.074999999999999997,0.5
158.2667,  1.00000000,1,0,0.074999999999999997,0.5
158.3000,  1.00000000,1,0,0.050000000000000003,0.5
158.3333,  1.00000000,1,0,0.050000000000000003,0.5
158.3667,  1.00000000,1,0,0.074999999999999997,0.5
158.4000,  1.00000000,1,0,0.074999999999999997,0.5
158.4333,  1.00000000,1,0,0.050000000000000003,0.5
158.4667,  1.00000000,1,0,0.074999999999999997,0.5
158.5000,  1.00000000,1,0,0.074999999999999997,0.5
158.5333,  1.00000000,1,0,0.074999999999999997,0.5
158.5667,  1.00000000,1,0,0.074999999999999997,0.5
158.6000,  1.00000000,1,0,0.074999999999999997,0.5
158.6333,  1.00000000,1,0,0.074999999999999997,0.5
158.6667,  1.00000000,1,0,0.050000000000000003,0.5
158.7000,  1.00000000,1,0,0.17499999999999999,0.5
158.7333,  1.00000000,1,0,0.074999999999999997,0.5
158.7667,  1.00000000,1,0,0.074999999999999997,0.5
158.8000,  1.00000000,1,0,0.074999999999999997,0.5
158.8333,  1.00000000,1,0,0.050000000000000003,0.5
158.8667,  1.00000000,1,0,0.074999999999999997,0.5
158.9000,  1.00000000,1,0,0.074999999999999997,0.5
158.9333,  1.00000000,1,0,0.050000000000000003,0.5
158.9667,  1.00000000,1,0,0.125,0.5
159.0000,  1.00000000,1,0,0.10000000000000001,0.5
159.0333,  1.00000000,1,0,0.050000000000000003,0.5
159.0667,  1.00000000,1,0,0.125,0.5
159.1000,  1.00000000,1,0,0.050000000000000003,0.5
159.1333,  1.00000000,1,0,0.10000000000000001,0.5
159.1667,  1.00000000,1,0,0.10000000000000001,0.5
159.2000,  1.00000000,1,0,0.14999999999999999,0.5
159.2333,  1.00000000,1,0,0.17499999999999999,0.5
159.2667,  1.00000000,1,0,0.025000000000000001,0.5
159.3000,  1.00000000,1,0,0.025000000000000001,0.5
159.3333,  1.00000000,1,0,0.074999999999999997,0.5
159.3667,  1.00000000,1,0,0.050000000000000003,0.5
159.4000,  1.00000000,1,0,0.074999999999999997,0.5
159.4333,  1.00000000,1,0,0.074999999999999997,0.5
159.4667,  1.00000000,1,0,0.074999999999999997,0.5
159.5000,  1.00000000,1,0,0.050000000000000003,0.5
159.5333,  1.00000000,1,0,0.050000000000000003,0.5
159.5667,  1.00000000,1,0,0.074999999999999997,0.5
159.6000,  1.00000000,1,0,0.050000000000000003,0.5
159.6333,  1.00000000,1,0,0.050000000000000003,0.5
159.6667,  1.00000000,1,0,0.074999999999999997,0.5
159.7000,  1.00000000,1,0,0.074999999999999997,0.5
159.7333,  1.00000000,1,0,0.074999999999999997,0.5
159.7667,  1.00000000,1,0,0.074999999999999997,0.5
159.8000,  1.00000000,1,0,0.050000000000000003,0.5
159.8333,  1.00000000,1,0,0.050000000000000003,0.5
159.8667,  1.00000000,1,0,0.074999999999999997,0.5
159.9000,  1.00000000,1,0,0.050000000000000003,0.5
159.9333,  1.00000000,1,0,0.074999999999999997,0.5
159.9667,  1.00000000,1,0,0.074999999999999997,0.5
160.0000,  1.00000000,1,0,0.074999999999999997,0.5
160.0333,  1.00000000,1,0,0.050000000000000003,0.5
160.0667,  1.00000000,1,0,0.14999999999999999,0.5
160.1000,  1.00000000,1,0,0.074999999999999997,0.5
160.1333,  1.00000000,1,0,0.125,0.5
160.1667,  1.00000000,1,0,0.074999999999999997,0.5
160.2000,  1.00000000,1,0,0.17499999999999999,0.5
160.2333,  1.00000000,1,0,0.14999999999999999,0.5
160.2667,  1.00000000,1,0,0.074999999999999997,0.5
160.3000,  1.00000000,1,0,0.050000000000000003,0.5
160.3333,  1.00000000,1,0,0.074999999999999997,0.5
160.3667,  1.00000000,1,0,0.125,0.5
160.4000,  1.00000000,1,0,0.14999999999999999,0.5
160.4333,  1.00000000,1,0,0.10000000000000001,0.5
160.4667,  1.00000000,1,0,0.074999999999999997,0.5
160.5000,  1.00000000,1,0,0.10000000000000001,0.5
160.5333,  1.00000000,1,0,0.20000000000000001,0.5
160.5667,  1.00000000,1,0,0.074999999999999997,0.5
160.6000,  1.00000000,1,0,0.074999999999999997,0.5
160.6333,  1.00000000,1,0,0.074999999999999997,0.5
160.6667,  1.00000000,1,0,0.050000000000000003,0.5
160.7000,  1.00000000,1,0,0.050000000000000003,0.5
160.7333,  1.00000000,1,0,0.074999999999999997,0.5
160.7667,  1.00000000,1,0,0.074999999999999997,0.5
160.8000,  1.00000000,1,0,0.074999999999999997,0.5
160.8333,  1.00000000,1,0,0.074999999999999997,0.5
160.8667,  1.00000000,1,0,0.074999999999999997,0.5
160.9000,  1.00000000,1,0,0.17499999999999999,0.5
160.9333,  1.00000000,1,0,0.14999999999999999,0.5
160.9667,  1.00000000,1,0,0.074999999999999997,0.5
161.0000,  1.00000000,1,0,0.074999999999999997,0.5
161.0333,  1.00000000,1,0,0.17499999999999999,0.5
161.0667,  1.00000000,1,0,0.125,0.5
161.1000,  1.00000000,1,0,0.074999999999999997,0.5
161.1333,  1.00000000,1,0,0.14999999999999999,0.5
161.1667,  1.00000000,1,0,0.10000000000000001,0.5
161.2000,  1.00000000,1,0,0.074999999999999997,0.5
161.2333,  1.00000000,1,0,0.074999999999999997,0.5
161.2667,  1.00000000,1,0,0.050000000000000003,0.5
161.3000,  1.00000000,1,0,0.10000000000000001,0.5
161.3333,  1.00000000,1,0,0.125,0.5
161.3667,  1.00000000,1,0,0.074999999999999997,0.5
161.4000,  1.00000000,1,0,0.025000000000000001,0.5
161.4333,  1.00000000,1,0,0.074999999999999997,0.5
161.4667,  1.00000000,1,0,0.125,0.5
161.5000,  1.00000000,1,0,0.14999999999999999,0.5
161.5333,  1.00000000,1,0,0.074999999999999997,0.5
161.5667,  1.00000000,1,0,0.14999999999999999,0.5
161.6000,  1.00000000,1,0,0.074999999999999997,0.5
161.6333,  1.00000000,1,0,0.074999999999999997,0.5
161.6667,  1.00000000,1,0,0.074999999999999997,0.5
161.7000,  1.00000000,1,0,0.125,0.5
161.7333,  1.00000000,1,0,0.20000000000000001,0.5
161.7667,  1.00000000,1,0,0.14999999999999999,0.5
161.8000,  1.00000000,1,0,0.074999999999999997,0.5
161.8333,  1.00000000,1,0,0.10000000000000001,0.5
161.8667,  1.00000000,1,0,0.20000000000000001,0.5
161.9000,  1.00000000,1,0,0.074999999999999997,0.5
161.9333,  1.00000000,1,0,0.14999999999999999,0.5
161.9667,  1.00000000,1,0,0.125,0.5
162.0000,  1.00000000,1,0,0.050000000000000003,0.5
162.0333,  1.00000000,1,0,0.050000000000000003,0.5
162.0667,  1.00000000,1,0,0.025000000000000001,0.5
162.1000,  1.00000000,1,0,0.074999999999999997,0.5
162.1333,  1.00000000,1,0,0.074999999999999997,0.5
162.1667,  1.00000000,1,0,0.074999999999999997,0.5
162.2000,  1.00000000,1,0,0.074999999999999997,0.5
162.2333,  1.00000000,1,0,0.074999999999999997,0.5
162.2667,  1.00000000,1,0,0.10000000000000001,0.5
162.3000,  1.00000000,1,0,0.14999999999999999,0.5
162.3333,  1.00000000,1,0,0.17499999999999999,0.5
162.3667,  1.00000000,1,0,0.074999999999999997,0.5
162.4000,  1.00000000,1,0,0.14999999999999999,0.5
162.4333,  1.00000000,1,0,0.14999999999999999,0.5
162.4667,  1.00000000,1,0,0.074999999999999997,0.5
162.5000,  1.00000000,1,0,0.074999999999999997,0.5
162.5333,  1.00000000,1,0,0.125,0.5
162.5667,  1.00000000,1,0,0.17499999999999999,0.5
162.6000,  1.00000000,1,0,0.074999999999999997,0.5
162.6333,  1.00000000,1,0,0.074999999999999997,0.5
162.6667,  1.00000000,1,0,0.074999999999999997,0.5
162.7000,  1.00000000,1,0,0.074999999999999997,0.5
162.7333,  1.00000000,1,0,0.050000000000000003,0.5
162.7667,  1.00000000,1,0,0.074999999999999997,0.5
162.8000,  1.00000000,1,0,0.050000000000000003,0.5
162.8333,  1.00000000,1,0,0.074999999999999997,0.5
162.8667,  1.00000000,1,0,0.025000000000000001,0.5
162.9000,  1.00000000,1,0,0.050000000000000003,0.5
162.9333,  1.00000000,1,0,0.074999999999999997,0.5
162.9667,  1.00000000,1,0,0.074999999999999997,0.5
163.0000,  1.00000000,1,0,0.074999999999999997,0.5
163.0333,  1.00000000,1,0,0.074999999999999997,0.5
163.0667,  1.00000000,1,0,0.074999999999999997,0.5
163.1000,  1.00000000,1,0,0.074999999999999997,0.5
163.1333,  1.00000000,1,0,0.074999999999999997,0.5
163.1667,  1.00000000,1,0,0.074999999999999997,0.5
163.2000,  1.00000000,1,0,0.074999999999999997,0.5
163.2333,  1.00000000,1,0,0.074999999999999997,0.5
163.2667,  1.00000000,1,0,0.10000000000000001,0.5
163.3000,  1.00000000,1,0,0.074999999999999997,0.5
163.3333,  1.00000000,1,0,0.074999999999999997,0.5
163.3667,  1.00000000,1,0,0.074999999999999997,0.5
163.4000,  1.00000000,1,0,0.025000000000000001,0.5
163.4333,  1.00000000,1,0,0.074999999999999997,0.5
163.4667,  1.00000000,1,0,0.074999999999999997,0.5
163.5000,  1.00000000,1,0,0.074999999999999997,0.5
163.5333,  1.00000000,1,0,0.074999999999999997,0.5
163.5667,  1.00000000,1,0,0.074999999999999997,0.5
163.6000,  1.00000000,1,0,0.14999999999999999,0.5
163.6333,  1.00000000,1,0,0.074999999999999997,0.5
163.6667,  1.00000000,1,0,0.10000000000000001,0.5
163.7000,  1.00000000,1,0,0.074999999999999997,0.5
163.7333,  1.00000000,1,0,0.074999999999999997,0.5
163.7667,  1.00000000,1,0,0.074999999999999997,0.5
163.8000,  1.00000000,1,0,0.074999999999999997,0.5
163.8333,  1.00000000,1,0,0.074999999999999997,0.5
163.8667,  1.00000000,1,0,0.074999999999999997,0.5
163.9000,  1.00000000,1,0,0.074999999999999997,0.5
163.9333,  1.00000000,1,0,0.074999999999999997,0.5
163.9667,  1.00000000,1,0,0.125,0.5
164.0000,  1.00000000,1,0,0.17499999999999999,0.5
164.0333,  1.00000000,1,0,0.10000000000000001,0.5
164.0667,  1.00000000,1,0,0.074999999999999997,0.5
164.1000,  1.00000000,1,0,0.125,0.5
164.1333,  1.00000000,1,0,0.074999999999999997,0.5
164.1667,  1.00000000,1,0,0.10000000000000001,0.5
164.2000,  1.00000000,1,0,0.10000000000000001,0.5
164.2333,  1.00000000,1,0,0.074999999999999997,0.5
164.2667,  1.00000000,1,0,0.125,0.5
164.3000,  1.00000000,1,0,0.074999999999999997,0.5
164.3333,  1.00000000,1,0,0.074999999999999997,0.5
164.3667,  1.00000000,1,0,0.074999999999999997,0.5
164.4000,  1.00000000,1,0,0.074999999999999997,0.5
164.4333,  1.00000000,1,0,0.074999999999999997,0.5
164.4667,  1.00000000,1,0,0.074999999999999997,0.5
164.5000,  1.00000000,1,0,0.074999999999999997,0.5
164.5333,  1.00000000,1,0,0.10000000000000001,0.5
164.5667,  1.00000000,1,0,0.20000000000000001,0.5
164.6000,  1.00000000,1,0,0.074999999999999997,0.5
164.6333,  1.00000000,1,0,0.074999999999999997,0.5
164.6667,  1.00000000,1,0,0.074999999999999997,0.5
164.7000,  1.00000000,1,0,0.074999999999999997,0.5
164.7333,  1.00000000,1,0,0.125,0.5
164.7667,  1.00000000,1,0,0.074999999999999997,0.5
164.8000,  1.00000000,1,0,0.074999999999999997,0.5
164.8333,  1.00000000,1,0,0.10000000000000001,0.5
164.8667,  1.00000000,1,0,0.10000000000000001,0.5
164.9000,  1.00000000,1,0,0.074999999999999997,0.5
164.9333,  1.00000000,1,0,0.10000000000000001,0.5
164.9667,  1.00000000,1,0,0.025000000000000001,0.5
165.0000,  1.00000000,1,0,0.074999999999999997,0.5
165.0333,  1.00000000,1,0,0.025000000000000001,0.5
165.0667,  1.00000000,1,0,0.10000000000000001,0.5
165.1000,  1.00000000,1,0,0.025000000000000001,0.5
165.1333,  1.00000000,1,0,0.050000000000000003,0.5
165.1667,  1.00000000,1,0,0.074999999999999997,0.5
165.2000,  1.00000000,1,0,0.050000000000000003,0.5
165.2333,  1.00000000,1,0,0.074999999999999997,0.5
165.2667,  1.00000000,1,0,0.074999999999999997,0.5
165.3000,  1.00000000,1,0,0.074999999999999997,0.5
165.3333,  1.00000000,1,0,0.050000000000000003,0.5
165.3667,  1.00000000,1,0,0.025000000000000001,0.5
165.4000,  1.00000000,1,0,0.050000000000000003,0.5
165.4333,  1.00000000,1,0,0.074999999999999997,0.5
165.4667,  1.00000000,1,0,0.074999999999999997,0.5
165.5000,  1.00000000,1,0,0.074999999999999997,0.5
165.5333,  1.00000000,1,0,0.074999999999999997,0.5
165.5667,  1.00000000,1,0,0.074999999999999997,0.5
165.6000,  1.00000000,1,0,0.074999999999999997,0.5
165.6333,  1.00000000,1,0,0.074999999999999997,0.5
165.6667,  1.00000000,1,0,0.074999999999999997,0.5
165.7000,  1.00000000,1,0,0.074999999999999997,0.5
165.7333,  1.00000000,1,0,0.074999999999999997,0.5
165.7667,  1.00000000,1,0,0.074999999999999997,0.5
165.8000,  1.00000000,1,0,0.074999999999999997,0.5
165.8333,  1.00000000,1,0,0.050000000000000003,0.5
165.8667,  1.00000000,1,0,0.050000000000000003,0.5
165.9000,  1.00000000,1,0,0.074999999999999997,0.5
165.9333,  1.00000000,1,0,0.050000000000000003,0.5
165.9667,  1.00000000,1,0,0.025000000000000001,0.5
166.0000,  1.00000000,1,0,0.025000000000000001,0.5
166.0333,  1.00000000,1,0,0.074999999999999997,0.5
166.0667,  1.00000000,1,0,0.074999999999999997,0.5
166.1000,  1.00000000,1,0,0.074999999999999997,0.5
166.1333,  1.00000000,1,0,0.050000000000000003,0.5
166.1667,  1.00000000,1,0,0.050000000000000003,0.5
166.2000,  1.00000000,1,0,0.050000000000000003,0.5
166.2333,  1.00000000,1,0,0.074999999999999997,0.5
166.2667,  1.00000000,1,0,0.074999999999999997,0.5
166.3000,  1.00000000,1,0,0.074999999999999997,0.5
166.3333,  1.00000000,1,0,0.074999999999999997,0.5
166.3667,  1.00000000,1,0,0.10000000000000001,0.5
166.4000,  1.00000000,1,0,0.074999999999999997,0.5
166.4333,  1.00000000,1,0,0.050000000000000003,0.5
166.4667,  1.00000000,1,0,0.074999999999999997,0.5
166.5000,  1.00000000,1,0,0.074999999999999997,0.5
166.5333,  1.00000000,1,0,0.050000000000000003,0.5
166.5667,  1.00000000,1,0,0.074999999999999997,0.5
166.6000,  1.00000000,1,0,0.074999999999999997,0.5
166.6333,  1.00000000,1,0,0.050000000000000003,0.5
166.6667,  1.00000000,1,0,0.074999999999999997,0.5
166.7000,  1.00000000,1,0,0.074999999999999997,0.5
166.7333,  1.00000000,1,0,0.074999999999999997,0.5
166.7667,  1.00000000,1,0,0.074999999999999997,0.5
166.8000,  1.00000000,1,0,0.074999999999999997,0.5
166.8333,  1.00000000,1,0,0.074999999999999997,0.5
166.8667,  1.00000000,1,0,0.050000000000000003,0.5
166.9000,  1.00000000,1,0,0.074999999999999997,0.5
166.9333,  1.00000000,1,0,0.074999999999999997,0.5
166.9667,  1.00000000,1,0,0.074999999999999997,0.5
167.0000,  1.00000000,1,0,0.074999999999999997,0.5
167.0333,  1.00000000,1,0,0.074999999999999997,0.5
167.0667,  1.00000000,1,0,0.050000000000000003,0.5
167.1000,  1.00000000,1,0,0.050000000000000003,0.5
167.1333,  1.00000000,1,0,0.074999999999999997,0.5
167.1667,  1.00000000,1,0,0.074999999999999997,0.5
167.2000,  1.00000000,1,0,0.050000000000000003,0.5
167.2333,  1.00000000,1,0,0.050000000000000003,0.5
167.2667,  1.00000000,1,0,0.074999999999999997,0.5
167.3000,  1.00000000,1,0,0.074999999999999997,0.5
167.3333,  1.00000000,1,0,0.074999999999999997,0.5
167.3667,  1.00000000,1,0,0.074999999999999997,0.5
167.4000,  1.00000000,1,0,0.074999999999999997,0.5
167.4333,  1.00000000,1,0,0.025000000000000001,0.5
167.4667,  1.00000000,1,0,0.050000000000000003,0.5
167.5000,  1.00000000,1,0,0.025000000000000001,0.5
167.5333,  1.00000000,1,0,0.074999999999999997,0.5
167.5667,  1.00000000,1,0,0.074999999999999997,0.5
167.6000,  1.00000000,1,0,0.050000000000000003,0.5
167.6333,  1.00000000,1,0,0.074999999999999997,0.5
167.6667,  1.00000000,1,0,0.050000000000000003,0.5
167.7000,  1.00000000,1,0,0.074999999999999997,0.5
167.7333,  1.00000000,1,0,0.074999999999999997,0.5
167.7667,  1.00000000,1,0,0.074999999999999997,0.5
167.8000,  1.00000000,1,0,0.074999999999999997,0.5
167.8333,  1.00000000,1,0,0.074999999999999997,0.5
167.8667,  1.00000000,1,0,0.050000000000000003,0.5
167.9000,  1.00000000,1,0,0.074999999999999997,0.5
167.9333,  1.00000000,1,0,0.074999999999999997,0.5
167.9667,  1.00000000,1,0,0.074999999999999997,0.5
168.0000,  1.00000000,1,0,0.074999999999999997,0.5
168.0333,  1.00000000,1,0,0.074999999999999997,0.5
168.0667,  1.00000000,1,0,0.074999999999999997,0.5
168.1000,  1.00000000,1,0,0.074999999999999997,0.5
168.1333,  1.00000000,1,0,0.074999999999999997,0.5
168.1667,  1.00000000,1,0,0.074999999999999997,0.5
168.2000,  1.00000000,1,0,0.050000000000000003,0.5
168.2333,  1.00000000,1,0,0.074999999999999997,0.5
168.2667,  1.00000000,1,0,0.050000000000000003,0.5
168.3000,  1.00000000,1,0,0.050000000000000003,0.5
168.3333,  1.00000000,1,0,0.074999999999999997,0.5
168.3667,  1.00000000,1,0,0.074999999999999997,0.5
168.4000,  1.00000000,1,0,0.074999999999999997,0.5
168.4333,  1.00000000,1,0,0.074999999999999997,0.5
168.4667,  1.00000000,1,0,0.074999999999999997,0.5
168.5000,  1.00000000,1,0,0.074999999999999997,0.5
168.5333,  1.00000000,1,0,0.074999999999999997,0.5
168.5667,  1.00000000,1,0,0.074999999999999997,0.5
168.6000,  1.00000000,1,0,0.074999999999999997,0.5
168.6333,  1.00000000,1,0,0.074999999999999997,0.5
168.6667,  1.00000000,1,0,0.050000000000000003,0.5
168.7000,  1.00000000,1,0,0.074999999999999997,0.5
168.7333,  1.00000000,1,0,0.025000000000000001,0.5
168.7667,  1.00000000,1,0,0.025000000000000001,0.5
168.8000,  1.00000000,1,0,0.074999999999999997,0.5
168.8333,  1.00000000,1,0,0.0,0.5
168.8667,  1.00000000,1,0,0.074999999999999997,0.5
168.9000,  1.00000000,1,0,0.074999999999999997,0.5
168.9333,  1.00000000,1,0,0.025000000000000001,0.5
168.9667,  1.00000000,1,0,0.025000000000000001,0.5
169.0000,  1.00000000,1,0,0.074999999999999997,0.5
169.0333,  1.00000000,1,0,0.025000000000000001,0.5
169.0667,  1.00000000,1,0,0.050000000000000003,0.5
169.1000,  1.00000000,1,0,0.0,0.5
169.1333,  1.00000000,1,0,0.0,0.5
169.1667,  1.00000000,1,0,0.0,0.5
169.2000,  1.00000000,1,0,0.0,0.5
169.2333,  1.00000000,1,0,0.050000000000000003,0.5
169.2667,  1.00000000,1,0,0.074999999999999997,0.5
169.3000,  1.00000000,1,0,0.074999999999999997,0.5
169.3333,  1.00000000,1,0,0.050000000000000003,0.5
169.3667,  1.00000000,1,0,0.025000000000000001,0.5
169.4000,  1.00000000,1,0,0.0,0.5
169.4333,  1.00000000,1,0,0.025000000000000001,0.5
169.4667,  1.00000000,1,0,0.025000000000000001,0.5
169.5000,  1.00000000,1,0,0.0,0.5
169.5333,  1.00000000,1,0,0.074999999999999997,0.5
169.5667,  1.00000000,1,0,0.050000000000000003,0.5
169.6000,  1.00000000,1,0,0.050000000000000003,0.5
169.6333,  1.00000000,1,0,0.0,0.5
169.6667,  1.00000000,1,0,0.025000000000000001,0.5
169.7000,  1.00000000,1,0,0.050000000000000003,0.5
169.7333,  1.00000000,1,0,0.0,0.5
169.7667,  1.00000000,1,0,0.050000000000000003,0.5
169.8000,  1.00000000,1,0,0.025000000000000001,0.5
169.8333,  1.00000000,1,0,0.074999999999999997,0.5
169.8667,  1.00000000,1,0,0.025000000000000001,0.5
169.9000,  1.00000000,1,0,0.025000000000000001,0.5
169.9333,  1.00000000,1,0,0.0,0.5
169.9667,  1.00000000,1,0,0.025000000000000001,0.5
170.0000,  1.00000000,1,0,0.050000000000000003,0.5
170.0333,  1.00000000,1,0,0.025000000000000001,0.5
170.0667,  1.00000000,1,0,0.074999999999999997,0.5
170.1000,  1.00000000,1,0,0.025000000000000001,0.5
170.1333,  1.00000000,1,0,0.0,0.5
170.1667,  1.00000000,1,0,0.074999999999999997,0.5
170.2000,  1.00000000,1,0,0.050000000000000003,0.5
170.2333,  1.00000000,1,0,0.025000000000000001,0.5
170.2667,  1.00000000,1,0,0.0,0.5
170.3000,  1.00000000,1,0,0.074999999999999997,0.5
170.3333,  1.00000000,1,0,0.0,0.5
170.3667,  1.00000000,1,0,0.050000000000000003,0.5
170.4000,  1.00000000,1,0,0.025000000000000001,0.5
170.4333,  1.00000000,1,0,0.050000000000000003,0.5
170.4667,  1.00000000,1,0,0.074999999999999997,0.5
170.5000,  1.00000000,1,0,0.025000000000000001,0.5
170.5333,  1.00000000,1,0,0.025000000000000001,0.5
170.5667,  1.00000000,1,0,0.025000000000000001,0.5
170.6000,  1.00000000,1,0,0.050000000000000003,0.5
170.6333,  1.00000000,1,0,0.025000000000000001,0.5
170.6667,  1.00000000,1,0,0.074999999999999997,0.5
170.7000,  1.00000000,1,0,0.050000000000000003,0.5
170.7333,  1.00000000,1,0,0.050000000000000003,0.5
170.7667,  1.00000000,1,0,0.050000000000000003,0.5
170.8000,  1.00000000,1,0,0.050000000000000003,0.5
170.8333,  1.00000000,1,0,0.050000000000000003,0.5
170.8667,  1.00000000,1,0,0.0,0.5
170.9000,  1.00000000,1,0,0.025000000000000001,0.5
170.9333,  1.00000000,1,0,0.025000000000000001,0.5
170.9667,  1.00000000,1,0,0.025000000000000001,0.5
171.0000,  1.00000000,1,0,0.025000000000000001,0.5
171.0333,  1.00000000,1,0,0.050000000000000003,0.5
171.0667,  1.00000000,1,0,0.025000000000000001,0.5
171.1000,  1.00000000,1,0,0.050000000000000003,0.5
171.1333,  1.00000000,1,0,0.074999999999999997,0.5
171.1667,  1.00000000,1,0,0.074999999999999997,0.5
171.2000,  1.00000000,1,0,0.050000000000000003,0.5
171.2333,  1.00000000,1,0,0.074999999999999997,0.5
171.2667,  1.00000000,1,0,0.074999999999999997,0.5
171.3000,  1.00000000,1,0,0.050000000000000003,0.5
171.3333,  1.00000000,1,0,0.074999999999999997,0.5
171.3667,  1.00000000,1,0,0.074999999999999997,0.5
171.4000,  1.00000000,1,0,0.025000000000000001,0.5
171.4333,  1.00000000,1,0,0.0,0.5
171.4667,  1.00000000,1,0,0.0,0.5
171.5000,  1.00000000,1,0,0.074999999999999997,0.5
171.5333,  1.00000000,1,0,0.025000000000000001,0.5
171.5667,  1.00000000,1,0,0.050000000000000003,0.5
171.6000,  1.00000000,1,0,0.0,0.5
171.6333,  1.00000000,1,0,0.0,0.5
171.6667,  1.00000000,1,0,0.0,0.5
171.7000,  1.00000000,1,0,0.074999999999999997,0.5
171.7333,  1.00000000,1,0,0.074999999999999997,0.5
171.7667,  1.00000000,1,0,0.050000000000000003,0.5
171.8000,  1.00000000,1,0,0.050000000000000003,0.5
171.8333,  1.00000000,1,0,0.074999999999999997,0.5
171.8667,  1.00000000,1,0,0.050000000000000003,0.5
171.9000,  1.00000000,1,0,0.0,0.5
171.9333,  1.00000000,1,0,0.0,0.5
171.9667,  1.00000000,1,0,0.025000000000000001,0.5
172.0000,  1.00000000,1,0,0.0,0.5
172.0333,  1.00000000,1,0,0.025000000000000001,0.5
172.0667,  1.00000000,1,0,0.050000000000000003,0.5
172.1000,  1.00000000,1,0,0.0,0.5
172.1333,  1.00000000,1,0,0.050000000000000003,0.5
172.1667,  1.00000000,1,0,0.074999999999999997,0.5
172.2000,  1.00000000,1,0,0.074999999999999997,0.5
172.2333,  1.00000000,1,0,0.074999999999999997,0.5
172.2667,  1.00000000,1,0,0.025000000000000001,0.5
172.3000,  1.00000000,1,0,0.0,0.5
172.3333,  1.00000000,1,0,0.050000000000000003,0.5
172.3667,  1.00000000,1,0,0.025000000000000001,0.5
172.4000,  1.00000000,1,0,0.025000000000000001,0.5
172.4333,  1.00000000,1,0,0.074999999999999997,0.5
172.4667,  1.00000000,1,0,0.0,0.5
172.5000,  1.00000000,1,0,0.050000000000000003,0.5
172.5333,  1.00000000,1,0,0.0,0.5
172.5667,  1.00000000,1,0,0.074999999999999997,0.5
172.6000,  1.00000000,1,0,0.074999999999999997,0.5
172.6333,  1.00000000,1,0,0.0,0.5
172.6667,  1.00000000,1,0,0.074999999999999997,0.5
172.7000,  1.00000000,1,0,0.025000000000000001,0.5
172.7333,  1.00000000,1,0,0.050000000000000003,0.5
172.7667,  1.00000000,1,0,0.025000000000000001,0.5
172.8000,  1.00000000,1,0,0.074999999999999997,0.5
172.8333,  1.00000000,1,0,0.025000000000000001,0.5
172.8667,  1.00000000,1,0,0.050000000000000003,0.5
172.9000,  1.00000000,1,0,0.025000000000000001,0.5
172.9333,  1.00000000,1,0,0.0,0.5
172.9667,  1.00000000,1,0,0.025000000000000001,0.5
173.0000,  1.00000000,1,0,0.0,0.5
173.0333,  1.00000000,1,0,0.0,0.5
173.0667,  1.00000000,1,0,0.025000000000000001,0.5
173.1000,  1.00000000,1,0,0.0,0.5
173.1333,  1.00000000,1,0,0.025000000000000001,0.5
173.1667,  1.00000000,1,0,0.025000000000000001,0.5
173.2000,  1.00000000,1,0,0.0,0.5
173.2333,  1.00000000,1,0,0.025000000000000001,0.5
173.2667,  1.00000000,1,0,0.0,0.5
173.3000,  1.00000000,1,0,0.025000000000000001,0.5
173.3333,  1.00000000,1,0,0.0,0.5
173.3667,  1.00000000,1,0,0.0,0.5
173.4000,  1.00000000,1,0,0.0,0.5
173.4333,  1.00000000,1,0,0.025000000000000001,0.5
173.4667,  1.00000000,1,0,0.025000000000000001,0.5
173.5000,  1.00000000,1,0,0.050000000000000003,0.5
173.5333,  1.00000000,1,0,0.050000000000000003,0.5
173.5667,  1.00000000,1,0,0.050000000000000003,0.5
173.6000,  1.00000000,1,0,0.0,0.5
173.6333,  1.00000000,1,0,0.025000000000000001,0.5
173.6667,  1.00000000,1,0,0.025000000000000001,0.5
173.7000,  1.00000000,1,0,0.050000000000000003,0.5
173.7333,  1.00000000,1,0,0.050000000000000003,0.5
173.7667,  1.00000000,1,0,0.050000000000000003,0.5
173.8000,  1.00000000,1,0,0.025000000000000001,0.5
173.8333,  1.00000000,1,0,0.050000000000000003,0.5
173.8667,  1.00000000,1,0,0.0,0.5
173.9000,  1.00000000,1,0,0.025000000000000001,0.5
173.9333,  1.00000000,1,0,0.050000000000000003,0.5
173.9667,  1.00000000,1,0,0.025000000000000001,0.5
174.0000,  1.00000000,1,0,0.050000000000000003,0.5
174.0333,  1.00000000,1,0,0.050000000000000003,0.5
174.0667,  1.00000000,1,0,0.0,0.5
174.1000,  1.00000000,1,0,0.074999999999999997,0.5
174.1333,  1.00000000,1,0,0.074999999999999997,0.5
174.1667,  1.00000000,1,0,0.074999999999999997,0.5
174.2000,  1.00000000,1,0,0.074999999999999997,0.5
174.2333,  1.00000000,1,0,0.074999999999999997,0.5
174.2667,  1.00000000,1,0,0.050000000000000003,0.5
174.3000,  1.00000000,1,0,0.0,0.5
174.3333,  1.00000000,1,0,0.050000000000000003,0.5
174.3667,  1.00000000,1,0,0.074999999999999997,0.5
174.4000,  1.00000000,1,0,0.050000000000000003,0.5
174.4333,  1.00000000,1,0,0.0,0.5
174.4667,  1.00000000,1,0,0.0,0.5
174.5000,  1.00000000,1,0,0.0,0.5
174.5333,  1.00000000,1,0,0.074999999999999997,0.5
174.5667,  1.00000000,1,0,0.074999999999999997,0.5
174.6000,  1.00000000,1,0,0.050000000000000003,0.5
174.6333,  1.00000000,1,0,0.025000000000000001,0.5
174.6667,  1.00000000,1,0,0.025000000000000001,0.5
174.7000,  1.00000000,1,0,0.074999999999999997,0.5
174.7333,  1.00000000,1,0,0.025000000000000001,0.5
174.7667,  1.00000000,1,0,0.074999999999999997,0.5
174.8000,  1.00000000,1,0,0.074999999999999997,0.5
174.8333,  1.00000000,1,0,0.050000000000000003,0.5
174.8667,  1.00000000,1,0,0.0,0.5
174.9000,  1.00000000,1,0,0.050000000000000003,0.5
174.9333,  1.00000000,1,0,0.025000000000000001,0.5
174.9667,  1.00000000,1,0,0.025000000000000001,0.5
175.0000,  1.00000000,1,0,0.025000000000000001,0.5
175.0333,  1.00000000,1,0,0.074999999999999997,0.5
175.0667,  1.00000000,1,0,0.074999999999999997,0.5
175.1000,  1.00000000,1,0,0.074999999999999997,0.5
175.1333,  1.00000000,1,0,0.050000000000000003,0.5
175.1667,  1.00000000,1,0,0.074999999999999997,0.5
175.2000,  1.00000000,1,0,0.074999999999999997,0.5
175.2333,  1.00000000,1,0,0.074999999999999997,0.5
175.2667,  1.00000000,1,0,0.074999999999999997,0.5
175.3000,  1.00000000,1,0,0.050000000000000003,0.5
175.3333,  1.00000000,1,0,0.074999999999999997,0.5
175.3667,  1.00000000,1,0,0.074999999999999997,0.5
175.4000,  1.00000000,1,0,0.074999999999999997,0.5
175.4333,  1.00000000,1,0,0.025000000000000001,0.5
175.4667,  1.00000000,1,0,0.025000000000000001,0.5
175.5000,  1.00000000,1,0,0.074999999999999997,0.5
175.5333,  1.00000000,1,0,0.050000000000000003,0.5
175.5667,  1.00000000,1,0,0.050000000000000003,0.5
175.6000,  1.00000000,1,0,0.025000000000000001,0.5
175.6333,  1.00000000,1,0,0.074999999999999997,0.5
175.6667,  1.00000000,1,0,0.074999999999999997,0.5
175.7000,  1.00000000,1,0,0.050000000000000003,0.5
175.7333,  1.00000000,1,0,0.050000000000000003,0.5
175.7667,  1.00000000,1,0,0.074999999999999997,0.5
175.8000,  1.00000000,1,0,0.074999999999999997,0.5
175.8333,  1.00000000,1,0,0.025000000000000001,0.5
175.8667,  1.00000000,1,0,0.025000000000000001,0.5
175.9000,  1.00000000,1,0,0.025000000000000001,0.5
175.9333,  1.00000000,1,0,0.0,0.5
175.9667,  1.00000000,1,0,0.025000000000000001,0.5
176.0000,  1.00000000,1,0,0.0,0.5
176.0333,  1.00000000,1,0,0.025000000000000001,0.5
176.0667,  1.00000000,1,0,0.025000000000000001,0.5
176.1000,  1.00000000,1,0,0.025000000000000001,0.5
176.1333,  1.00000000,1,0,0.025000000000000001,0.5
176.1667,  1.00000000,1,0,0.025000000000000001,0.5
176.2000,  1.00000000,1,0,0.074999999999999997,0.5
176.2333,  1.00000000,1,0,0.025000000000000001,0.5
176.2667,  1.00000000,1,0,0.074999999999999997,0.5
176.3000,  1.00000000,1,0,0.050000000000000003,0.5
176.3333,  1.00000000,1,0,0.050000000000000003,0.5
176.3667,  1.00000000,1,0,0.050000000000000003,0.5
176.4000,  1.00000000,1,0,0.10000000000000001,0.5
176.4333,  1.00000000,1,0,0.050000000000000003,0.5
176.4667,  1.00000000,1,0,0.0,0.5
176.5000,  1.00000000,1,0,0.0,0.5
176.5333,  1.00000000,1,0,0.025000000000000001,0.5
176.5667,  1.00000000,1,0,0.0,0.5
176.6000,  1.00000000,1,0,0.0,0.5
176.6333,  1.00000000,1,0,0.025000000000000001,0.5
176.6667,  1.00000000,1,0,0.0,0.5
176.7000,  1.00000000,1,0,0.050000000000000003,0.5
176.7333,  1.00000000,1,0,0.025000000000000001,0.5
176.7667,  1.00000000,1,0,0.050000000000000003,0.5
176.8000,  1.00000000,1,0,0.025000000000000001,0.5
176.8333,  1.00000000,1,0,0.050000000000000003,0.5
176.8667,  1.00000000,1,0,0.025000000000000001,0.5
176.9000,  1.00000000,1,0,0.025000000000000001,0.5
176.9333,  1.00000000,1,0,0.050000000000000003,0.5
176.9667,  1.00000000,1,0,0.025000000000000001,0.5
177.0000,  1.00000000,1,0,0.0,0.5
177.0333,  1.00000000,1,0,0.0,0.5
177.0667,  1.00000000,1,0,0.17499999999999999,0.5
177.1000,  1.00000000,1,0,0.050000000000000003,0.5
177.1333,  1.00000000,1,0,0.025000000000000001,0.5
177.1667,  1.00000000,1,0,0.050000000000000003,0.5
177.2000,  1.00000000,1,0,0.074999999999999997,0.5
177.2333,  1.00000000,1,0,0.074999999999999997,0.5
177.2667,  1.00000000,1,0,0.050000000000000003,0.5
177.3000,  1.00000000,1,0,0.050000000000000003,0.5
177.3333,  1.00000000,1,0,0.10000000000000001,0.5
177.3667,  1.00000000,1,0,0.074999999999999997,0.5
177.4000,  1.00000000,1,0,0.074999999999999997,0.5
177.4333,  1.00000000,1,0,0.125,0.5
177.4667,  1.00000000,1,0,0.125,0.5
177.5000,  1.00000000,1,0,0.074999999999999997,0.5
177.5333,  1.00000000,1,0,0.050000000000000003,0.5
177.5667,  1.00000000,1,0,0.050000000000000003,0.5
177.6000,  1.00000000,1,0,0.0,0.5
177.6333,  1.00000000,1,0,0.050000000000000003,0.5
177.6667,  1.00000000,1,0,0.025000000000000001,0.5
177.7000,  1.00000000,1,0,0.025000000000000001,0.5
177.7333,  1.00000000,1,0,0.025000000000000001,0.5
177.7667,  1.00000000,1,0,0.0,0.5
177.8000,  1.00000000,1,0,0.0,0.5
177.8333,  1.00000000,1,0,0.050000000000000003,0.5
177.8667,  1.00000000,1,0,0.074999999999999997,0.5
177.9000,  1.00000000,1,0,0.10000000000000001,0.5
177.9333,  1.00000000,1,0,0.050000000000000003,0.5
177.9667,  1.00000000,1,0,0.074999999999999997,0.5
178.0000,  1.00000000,1,0,0.074999999999999997,0.5
178.0333,  1.00000000,1,0,0.0,0.5
178.0667,  1.00000000,1,0,0.0,0.5
178.1000,  1.00000000,1,0,0.125,0.5
178.1333,  1.00000000,1,0,0.050000000000000003,0.5
178.1667,  1.00000000,1,0,0.025000000000000001,0.5
178.2000,  1.00000000,1,0,0.050000000000000003,0.5
178.2333,  1.00000000,1,0,0.025000000000000001,0.5
178.2667,  1.00000000,1,0,0.10000000000000001,0.5
178.3000,  1.00000000,1,0,0.050000000000000003,0.5
178.3333,  1.00000000,1,0,0.125,0.5
178.3667,  1.00000000,1,0,0.074999999999999997,0.5
178.4000,  1.00000000,1,0,0.050000000000000003,0.5
178.4333,  1.00000000,1,0,0.074999999999999997,0.5
178.4667,  1.00000000,1,0,0.074999999999999997,0.5
178.5000,  1.00000000,1,0,0.025000000000000001,0.5
178.5333,  1.00000000,1,0,0.0,0.5
178.5667,  1.00000000,1,0,0.074999999999999997,0.5
178.6000,  1.00000000,1,0,0.074999999999999997,0.5
178.6333,  1.00000000,1,0,0.10000000000000001,0.5
178.6667,  1.00000000,1,0,0.10000000000000001,0.5
178.7000,  1.00000000,1,0,0.10000000000000001,0.5
178.7333,  1.00000000,1,0,0.125,0.5
178.7667,  1.00000000,1,0,0.050000000000000003,0.5
178.8000,  1.00000000,1,0,0.074999999999999997,0.5
178.8333,  1.00000000,1,0,0.025000000000000001,0.5
178.8667,  1.00000000,1,0,0.050000000000000003,0.5
178.9000,  1.00000000,1,0,0.025000000000000001,0.5
178.9333,  1.00000000,1,0,0.0,0.5
178.9667,  1.00000000,1,0,0.025000000000000001,0.5
179.0000,  1.00000000,1,0,0.050000000000000003,0.5
179.0333,  1.00000000,1,0,0.050000000000000003,0.5
179.0667,  1.00000000,1,0,0.14999999999999999,0.5
179.1000,  1.00000000,1,0,0.050000000000000003,0.5
179.1333,  1.00000000,1,0,0.074999999999999997,0.5
179.1667,  1.00000000,1,0,0.10000000000000001,0.5
179.2000,  1.00000000,1,0,0.10000000000000001,0.5
179.2333,  1.00000000,1,0,0.025000000000000001,0.5
179.2667,  1.00000000,1,0,0.074999999999999997,0.5
179.3000,  1.00000000,1,0,0.025000000000000001,0.5
179.3333,  1.00000000,1,0,0.050000000000000003,0.5
179.3667,  1.00000000,1,0,0.074999999999999997,0.5
179.4000,  1.00000000,1,0,0.050000000000000003,0.5
179.4333,  1.00000000,1,0,0.125,0.5
179.4667,  1.00000000,1,0,0.074999999999999997,0.5
179.5000,  1.00000000,1,0,0.050000000000000003,0.5
179.5333,  1.00000000,1,0,0.125,0.5
179.5667,  1.00000000,1,0,0.074999999999999997,0.5
179.6000,  1.00000000,1,0,0.125,0.5
179.6333,  1.00000000,1,0,0.10000000000000001,0.5
179.6667,  1.00000000,1,0,0.10000000000000001,0.5
179.7000,  1.00000000,1,0,0.074999999999999997,0.5
179.7333,  1.00000000,1,0,0.0,0.5
179.7667,  1.00000000,1,0,0.10000000000000001,0.5
179.8000,  1.00000000,1,0,0.074999999999999997,0.5
179.8333,  1.00000000,1,0,0.050000000000000003,0.5
179.8667,  1.00000000,1,0,0.025000000000000001,0.5
179.9000,  1.00000000,1,0,0.050000000000000003,0.5
179.9333,  1.00000000,1,0,0.050000000000000003,0.5
179.9667,  1.00000000,1,0,0.074999999999999997,0.5
180.0000,  1.00000000,1,0,0.074999999999999997,0.5
180.0333,  1.00000000,1,0,0.050000000000000003,0.5
180.0667,  1.00000000,1,0,0.074999999999999997,0.5
180.1000,  1.00000000,1,0,0.074999999999999997,0.5
180.1333,  1.00000000,1,0,0.074999999999999997,0.5
180.1667,  1.00000000,1,0,0.125,0.5
180.2000,  1.00000000,1,0,0.050000000000000003,0.5
180.2333,  1.00000000,1,0,0.025000000000000001,0.5
180.2667,  1.00000000,1,0,0.10000000000000001,0.5
180.3000,  1.00000000,1,0,0.17499999999999999,0.5
180.3333,  1.00000000,1,0,0.050000000000000003,0.5
180.3667,  1.00000000,1,0,0.050000000000000003,0.5
180.4000,  1.00000000,1,0,0.025000000000000001,0.5
180.4333,  1.00000000,1,0,0.074999999999999997,0.5
180.4667,  1.00000000,1,0,0.074999999999999997,0.5
180.5000,  1.00000000,1,0,0.10000000000000001,0.5
180.5333,  1.00000000,1,0,0.14999999999999999,0.5
180.5667,  1.00000000,1,0,0.125,0.5
180.6000,  1.00000000,1,0,0.050000000000000003,0.5
180.6333,  1.00000000,1,0,0.050000000000000003,0.5
180.6667,  1.00000000,1,0,0.074999999999999997,0.5
180.7000,  1.00000000,1,0,0.10000000000000001,0.5
180.7333,  1.00000000,1,0,0.074999999999999997,0.5
180.7667,  1.00000000,1,0,0.050000000000000003,0.5
180.8000,  1.00000000,1,0,0.050000000000000003,0.5
180.8333,  1.00000000,1,0,0.050000000000000003,0.5
180.8667,  1.00000000,1,0,0.10000000000000001,0.5
180.9000,  1.00000000,1,0,0.125,0.5
180.9333,  1.00000000,1,0,0.074999999999999997,0.5
180.9667,  1.00000000,1,0,0.10000000000000001,0.5
181.0000,  1.00000000,1,0,0.074999999999999997,0.5
181.0333,  1.00000000,1,0,0.074999999999999997,0.5
181.0667,  1.00000000,1,0,0.14999999999999999,0.5
181.1000,  1.00000000,1,0,0.0,0.5
181.1333,  1.00000000,1,0,0.025000000000000001,0.5
181.1667,  1.00000000,1,0,0.025000000000000001,0.5
181.2000,  1.00000000,1,0,0.025000000000000001,0.5
181.2333,  1.00000000,1,0,0.10000000000000001,0.5
181.2667,  1.00000000,1,0,0.050000000000000003,0.5
181.3000,  1.00000000,1,0,0.074999999999999997,0.5
181.3333,  1.00000000,1,0,0.074999999999999997,0.5
181.3667,  1.00000000,1,0,0.074999999999999997,0.5
181.4000,  1.00000000,1,0,0.025000000000000001,0.5
181.4333,  1.00000000,1,0,0.14999999999999999,0.5
181.4667,  1.00000000,1,0,0.050000000000000003,0.5
181.5000,  1.00000000,1,0,0.050000000000000003,0.5
181.5333,  1.00000000,1,0,0.074999999999999997,0.5
181.5667,  1.00000000,1,0,0.050000000000000003,0.5
181.6000,  1.00000000,1,0,0.10000000000000001,0.5
181.6333,  1.00000000,1,0,0.025000000000000001,0.5
181.6667,  1.00000000,1,0,0.074999999999999997,0.5
181.7000,  1.00000000,1,0,0.050000000000000003,0.5
181.7333,  1.00000000,1,0,0.125,0.5
181.7667,  1.00000000,1,0,0.125,0.5
181.8000,  1.00000000,1,0,0.10000000000000001,0.5
181.8333,  1.00000000,1,0,0.025000000000000001,0.5
181.8667,  1.00000000,1,0,0.025000000000000001,0.5
181.9000,  1.00000000,1,0,0.050000000000000003,0.5
181.9333,  1.00000000,1,0,0.025000000000000001,0.5
181.9667,  1.00000000,1,0,0.025000000000000001,0.5
182.0000,  1.00000000,1,0,0.050000000000000003,0.5
182.0333,  1.00000000,1,0,0.050000000000000003,0.5
182.0667,  1.00000000,1,0,0.050000000000000003,0.5
182.1000,  1.00000000,1,0,0.050000000000000003,0.5
182.1333,  1.00000000,1,0,0.10000000000000001,0.5
182.1667,  1.00000000,1,0,0.10000000000000001,0.5
182.2000,  1.00000000,1,0,0.10000000000000001,0.5
182.2333,  1.00000000,1,0,0.074999999999999997,0.5
182.2667,  1.00000000,1,0,0.10000000000000001,0.5
182.3000,  1.00000000,1,0,0.0,0.5
182.3333,  1.00000000,1,0,0.074999999999999997,0.5
182.3667,  1.00000000,1,0,0.050000000000000003,0.5
182.4000,  1.00000000,1,0,0.10000000000000001,0.5
182.4333,  1.00000000,1,0,0.050000000000000003,0.5
182.4667,  1.00000000,1,0,0.050000000000000003,0.5
182.5000,  1.00000000,1,0,0.050000000000000003,0.5
182.5333,  1.00000000,1,0,0.10000000000000001,0.5
182.5667,  1.00000000,1,0,0.074999999999999997,0.5
182.6000,  1.00000000,1,0,0.14999999999999999,0.5
182.6333,  1.00000000,1,0,0.14999999999999999,0.5
182.6667,  1.00000000,1,0,0.125,0.5
182.7000,  1.00000000,1,0,0.074999999999999997,0.5
182.7333,  1.00000000,1,0,0.14999999999999999,0.5
182.7667,  1.00000000,1,0,0.10000000000000001,0.5
182.8000,  1.00000000,1,0,0.22500000000000001,0.5
182.8333,  1.00000000,1,0,0.050000000000000003,0.5
182.8667,  1.00000000,1,0,0.074999999999999997,0.5
182.9000,  1.00000000,1,0,0.074999999999999997,0.5
182.9333,  1.00000000,1,0,0.10000000000000001,0.5
182.9667,  1.00000000,1,0,0.050000000000000003,0.5
183.0000,  1.00000000,1,0,0.074999999999999997,0.5
183.0333,  1.00000000,1,0,0.050000000000000003,0.5
183.0667,  1.00000000,1,0,0.050000000000000003,0.5
183.1000,  1.00000000,1,0,0.074999999999999997,0.5
183.1333,  1.00000000,1,0,0.025000000000000001,0.5
183.1667,  1.00000000,1,0,0.10000000000000001,0.5
183.2000,  1.00000000,1,0,0.074999999999999997,0.5
183.2333,  1.00000000,1,0,0.074999999999999997,0.5
183.2667,  1.00000000,1,0,0.074999999999999997,0.5
183.3000,  1.00000000,1,0,0.10000000000000001,0.5
183.3333,  1.00000000,1,0,0.125,0.5
183.3667,  1.00000000,1,0,0.074999999999999997,0.5
183.4000,  1.00000000,1,0,0.025000000000000001,0.5
183.4333,  1.00000000,1,0,0.074999999999999997,0.5
183.4667,  1.00000000,1,0,0.14999999999999999,0.5
183.5000,  1.00000000,1,0,0.074999999999999997,0.5
183.5333,  1.00000000,1,0,0.074999999999999997,0.5
183.5667,  1.00000000,1,0,0.14999999999999999,0.5
183.6000,  1.00000000,1,0,0.074999999999999997,0.5
183.6333,  1.00000000,1,0,0.074999999999999997,0.5
183.6667,  1.00000000,1,0,0.125,0.5
183.7000,  1.00000000,1,0,0.125,0.5
183.7333,  1.00000000,1,0,0.125,0.5
183.7667,  1.00000000,1,0,0.10000000000000001,0.5
183.8000,  1.00000000,1,0,0.050000000000000003,0.5
183.8333,  1.00000000,1,0,0.10000000000000001,0.5
183.8667,  1.00000000,1,0,0.074999999999999997,0.5
183.9000,  1.00000000,1,0,0.074999999999999997,0.5
183.9333,  1.00000000,1,0,0.14999999999999999,0.5
183.9667,  1.00000000,1,0,0.10000000000000001,0.5
184.0000,  1.00000000,1,0,0.14999999999999999,0.5
184.0333,  1.00000000,1,0,0.074999999999999997,0.5
184.0667,  1.00000000,1,0,0.074999999999999997,0.5
184.1000,  1.00000000,1,0,0.074999999999999997,0.5
184.1333,  1.00000000,1,0,0.10000000000000001,0.5
184.1667,  1.00000000,1,0,0.025000000000000001,0.5
184.2000,  1.00000000,1,0,0.025000000000000001,0.5
184.2333,  1.00000000,1,0,0.050000000000000003,0.5
184.2667,  1.00000000,1,0,0.074999999999999997,0.5
184.3000,  1.00000000,1,0,0.10000000000000001,0.5
184.3333,  1.00000000,1,0,0.050000000000000003,0.5
184.3667,  1.00000000,1,0,0.074999999999999997,0.5
184.4000,  1.00000000,1,0,0.025000000000000001,0.5
184.4333,  1.00000000,1,0,0.125,0.5
184.4667,  1.00000000,1,0,0.14999999999999999,0.5
184.5000,  1.00000000,1,0,0.10000000000000001,0.5
184.5333,  1.00000000,1,0,0.050000000000000003,0.5
184.5667,  1.00000000,1,0,0.050000000000000003,0.5
184.6000,  1.00000000,1,0,0.050000000000000003,0.5
184.6333,  1.00000000,1,0,0.10000000000000001,0.5
184.6667,  1.00000000,1,0,0.074999999999999997,0.5
184.7000,  1.00000000,1,0,0.10000000000000001,0.5
184.7333,  1.00000000,1,0,0.074999999999999997,0.5
184.7667,  1.00000000,1,0,0.074999999999999997,0.5
184.8000,  1.00000000,1,0,0.125,0.5
184.8333,  1.00000000,1,0,0.0,0.5
184.8667,  1.00000000,1,0,0.025000000000000001,0.5
184.9000,  1.00000000,1,0,0.025000000000000001,0.5
184.9333,  1.00000000,1,0,0.125,0.5
184.9667,  1.00000000,1,0,0.10000000000000001,0.5
185.0000,  1.00000000,1,0,0.10000000000000001,0.5
185.0333,  1.00000000,1,0,0.10000000000000001,0.5
185.0667,  1.00000000,1,0,0.074999999999999997,0.5
185.1000,  1.00000000,1,0,0.14999999999999999,0.5
185.1333,  1.00000000,1,0,0.17499999999999999,0.5
185.1667,  1.00000000,1,0,0.050000000000000003,0.5
185.2000,  1.00000000,1,0,0.074999999999999997,0.5
185.2333,  1.00000000,1,0,0.10000000000000001,0.5
185.2667,  1.00000000,1,0,0.074999999999999997,0.5
185.3000,  1.00000000,1,0,0.10000000000000001,0.5
185.3333,  1.00000000,1,0,0.074999999999999997,0.5
185.3667,  1.00000000,1,0,0.10000000000000001,0.5
185.4000,  1.00000000,1,0,0.074999999999999997,0.5
185.4333,  1.00000000,1,0,0.10000000000000001,0.5
185.4667,  1.00000000,1,0,0.025000000000000001,0.5
185.5000,  1.00000000,1,0,0.0,0.5
185.5333,  1.00000000,1,0,0.074999999999999997,0.5
185.5667,  1.00000000,1,0,0.025000000000000001,0.5
185.6000,  1.00000000,1,0,0.074999999999999997,0.5
185.6333,  1.00000000,1,0,0.025000000000000001,0.5
185.6667,  1.00000000,1,0,0.025000000000000001,0.5
185.7000,  1.00000000,1,0,0.10000000000000001,0.5
185.7333,  1.00000000,1,0,0.050000000000000003,0.5
185.7667,  1.00000000,1,0,0.14999999999999999,0.5
185.8000,  1.00000000,1,0,0.17499999999999999,0.5
185.8333,  1.00000000,1,0,0.074999999999999997,0.5
185.8667,  1.00000000,1,0,0.074999999999999997,0.5
185.9000,  1.00000000,1,0,0.074999999999999997,0.5
185.9333,  1.00000000,1,0,0.074999999999999997,0.5
185.9667,  1.00000000,1,0,0.050000000000000003,0.5
186.0000,  1.00000000,1,0,0.050000000000000003,0.5
186.0333,  1.00000000,1,0,0.050000000000000003,0.5
186.0667,  1.00000000,1,0,0.025000000000000001,0.5
186.1000,  1.00000000,1,0,0.050000000000000003,0.5
186.1333,  1.00000000,1,0,0.125,0.5
186.1667,  1.00000000,1,0,0.10000000000000001,0.5
186.2000,  1.00000000,1,0,0.17499999999999999,0.5
186.2333,  1.00000000,1,0,0.074999999999999997,0.5
186.2667,  1.00000000,1,0,0.0,0.5
186.3000,  1.00000000,1,0,0.025000000000000001,0.5
186.3333,  1.00000000,1,0,0.074999999999999997,0.5
186.3667,  1.00000000,1,0,0.14999999999999999,0.5
186.4000,  1.00000000,1,0,0.125,0.5
186.4333,  1.00000000,1,0,0.125,0.5
186.4667,  1.00000000,1,0,0.050000000000000003,0.5
186.5000,  1.00000000,1,0,0.125,0.5
186.5333,  1.00000000,1,0,0.074999999999999997,0.5
186.5667,  1.00000000,1,0,0.10000000000000001,0.5
186.6000,  1.00000000,1,0,0.074999999999999997,0.5
186.6333,  1.00000000,1,0,0.050000000000000003,0.5
186.6667,  1.00000000,1,0,0.10000000000000001,0.5
186.7000,  1.00000000,1,0,0.074999999999999997,0.5
186.7333,  1.00000000,1,0,0.074999999999999997,0.5
186.7667,  1.00000000,1,0,0.10000000000000001,0.5
186.8000,  1.00000000,1,0,0.050000000000000003,0.5
186.8333,  1.00000000,1,0,0.10000000000000001,0.5
186.8667,  1.00000000,1,0,0.10000000000000001,0.5
186.9000,  1.00000000,1,0,0.050000000000000003,0.5
186.9333,  1.00000000,1,0,0.10000000000000001,0.5
186.9667,  1.00000000,1,0,0.125,0.5
187.0000,  1.00000000,1,0,0.074999999999999997,0.5
187.0333,  1.00000000,1,0,0.050000000000000003,0.5
187.0667,  1.00000000,1,0,0.050000000000000003,0.5
187.1000,  1.00000000,1,0,0.125,0.5
187.1333,  1.00000000,1,0,0.074999999999999997,0.5
187.1667,  1.00000000,1,0,0.050000000000000003,0.5
187.2000,  1.00000000,1,0,0.025000000000000001,0.5
187.2333,  1.00000000,1,0,0.074999999999999997,0.5
187.2667,  1.00000000,1,0,0.074999999999999997,0.5
187.3000,  1.00000000,1,0,0.074999999999999997,0.5
187.3333,  1.00000000,1,0,0.074999999999999997,0.5
187.3667,  1.00000000,1,0,0.074999999999999997,0.5
187.4000,  1.00000000,1,0,0.10000000000000001,0.5
187.4333,  1.00000000,1,0,0.125,0.5
187.4667,  1.00000000,1,0,0.074999999999999997,0.5
187.5000,  1.00000000,1,0,0.10000000000000001,0.5
187.5333,  1.00000000,1,0,0.074999999999999997,0.5
187.5667,  1.00000000,1,0,0.074999999999999997,0.5
187.6000,  1.00000000,1,0,0.074999999999999997,0.5
187.6333,  1.00000000,1,0,0.050000000000000003,0.5
187.6667,  1.00000000,1,0,0.025000000000000001,0.5
187.7000,  1.00000000,1,0,0.10000000000000001,0.5
187.7333,  1.00000000,1,0,0.074999999999999997,0.5
187.7667,  1.00000000,1,0,0.025000000000000001,0.5
187.8000,  1.00000000,1,0,0.10000000000000001,0.5
187.8333,  1.00000000,1,0,0.125,0.5
187.8667,  1.00000000,1,0,0.125,0.5
187.9000,  1.00000000,1,0,0.050000000000000003,0.5
187.9333,  1.00000000,1,0,0.050000000000000003,0.5
187.9667,  1.00000000,1,0,0.025000000000000001,0.5
188.0000,  1.00000000,1,0,0.074999999999999997,0.5
188.0333,  1.00000000,1,0,0.14999999999999999,0.5
188.0667,  1.00000000,1,0,0.14999999999999999,0.5
188.1000,  1.00000000,1,0,0.14999999999999999,0.5
188.1333,  1.00000000,1,0,0.10000000000000001,0.5
188.1667,  1.00000000,1,0,0.025000000000000001,0.5
188.2000,  1.00000000,1,0,0.0,0.5
188.2333,  1.00000000,1,0,0.050000000000000003,0.5
188.2667,  1.00000000,1,0,0.050000000000000003,0.5
188.3000,  1.00000000,1,0,0.10000000000000001,0.5
188.3333,  1.00000000,1,0,0.074999999999999997,0.5
188.3667,  1.00000000,1,0,0.125,0.5
188.4000,  1.00000000,1,0,0.074999999999999997,0.5
188.4333,  1.00000000,1,0,0.125,0.5
188.4667,  1.00000000,1,0,0.074999999999999997,0.5
188.5000,  1.00000000,1,0,0.050000000000000003,0.5
188.5333,  1.00000000,1,0,0.050000000000000003,0.5
188.5667,  1.00000000,1,0,0.050000000000000003,0.5
188.6000,  1.00000000,1,0,0.10000000000000001,0.5
188.6333,  1.00000000,1,0,0.10000000000000001,0.5
188.6667,  1.00000000,1,0,0.050000000000000003,0.5
188.7000,  1.00000000,1,0,0.14999999999999999,0.5
188.7333,  1.00000000,1,0,0.074999999999999997,0.5
188.7667,  1.00000000,1,0,0.074999999999999997,0.5
188.8000,  1.00000000,1,0,0.10000000000000001,0.5
188.8333,  1.00000000,1,0,0.125,0.5
188.8667,  1.00000000,1,0,0.10000000000000001,0.5
188.9000,  1.00000000,1,0,0.074999999999999997,0.5
188.9333,  1.00000000,1,0,0.074999999999999997,0.5
188.9667,  1.00000000,1,0,0.10000000000000001,0.5
189.0000,  1.00000000,1,0,0.050000000000000003,0.5
189.0333,  1.00000000,1,0,0.10000000000000001,0.5
189.0667,  1.00000000,1,0,0.050000000000000003,0.5
189.1000,  1.00000000,1,0,0.050000000000000003,0.5
189.1333,  1.00000000,1,0,0.10000000000000001,0.5
189.1667,  1.00000000,1,0,0.074999999999999997,0.5
189.2000,  1.00000000,1,0,0.125,0.5
189.2333,  1.00000000,1,0,0.125,0.5
189.2667,  1.00000000,1,0,0.025000000000000001,0.5
189.3000,  1.00000000,1,0,0.10000000000000001,0.5
189.3333,  1.00000000,1,0,0.125,0.5
189.3667,  1.00000000,1,0,0.125,0.5
189.4000,  1.00000000,1,0,0.10000000000000001,0.5
189.4333,  1.00000000,1,0,0.17499999999999999,0.5
189.4667,  1.00000000,1,0,0.074999999999999997,0.5
189.5000,  1.00000000,1,0,0.10000000000000001,0.5
189.5333,  1.00000000,1,0,0.025000000000000001,0.5
189.5667,  1.00000000,1,0,0.10000000000000001,0.5
189.6000,  1.00000000,1,0,0.050000000000000003,0.5
189.6333,  1.00000000,1,0,0.025000000000000001,0.5
189.6667,  1.00000000,1,0,0.0,0.5
189.7000,  1.00000000,1,0,0.074999999999999997,0.5
189.7333,  1.00000000,1,0,0.050000000000000003,0.5
189.7667,  1.00000000,1,0,0.074999999999999997,0.5
189.8000,  1.00000000,1,0,0.050000000000000003,0.5
189.8333,  1.00000000,1,0,0.050000000000000003,0.5
189.8667,  1.00000000,1,0,0.074999999999999997,0.5
189.9000,  1.00000000,1,0,0.125,0.5
189.9333,  1.00000000,1,0,0.10000000000000001,0.5
189.9667,  1.00000000,1,0,0.025000000000000001,0.5
190.0000,  1.00000000,1,0,0.0,0.5
190.0333,  1.00000000,1,0,0.0,0.5
190.0667,  1.00000000,1,0,0.0,0.5
190.1000,  1.00000000,1,0,0.074999999999999997,0.5
190.1333,  1.00000000,1,0,0.074999999999999997,0.5
190.1667,  1.00000000,1,0,0.025000000000000001,0.5
190.2000,  1.00000000,1,0,0.074999999999999997,0.5
190.2333,  1.00000000,1,0,0.074999999999999997,0.5
190.2667,  1.00000000,1,0,0.074999999999999997,0.5
190.3000,  1.00000000,1,0,0.025000000000000001,0.5
190.3333,  1.00000000,1,0,0.125,0.5
190.3667,  1.00000000,1,0,0.050000000000000003,0.5
190.4000,  1.00000000,1,0,0.025000000000000001,0.5
190.4333,  1.00000000,1,0,0.025000000000000001,0.5
190.4667,  1.00000000,1,0,0.050000000000000003,0.5
190.5000,  1.00000000,1,0,0.074999999999999997,0.5
190.5333,  1.00000000,1,0,0.050000000000000003,0.5
190.5667,  1.00000000,1,0,0.20000000000000001,0.5
190.6000,  1.00000000,1,0,0.074999999999999997,0.5
190.6333,  1.00000000,1,0,0.0,0.5
190.6667,  1.00000000,1,0,0.074999999999999997,0.5
190.7000,  1.00000000,1,0,0.125,0.5
190.7333,  1.00000000,1,0,0.0,0.5
190.7667,  1.00000000,1,0,0.050000000000000003,0.5
190.8000,  1.00000000,1,0,0.050000000000000003,0.5
190.8333,  1.00000000,1,0,0.050000000000000003,0.5
190.8667,  1.00000000,1,0,0.074999999999999997,0.5
190.9000,  1.00000000,1,0,0.050000000000000003,0.5
190.9333,  1.00000000,1,0,0.074999999999999997,0.5
190.9667,  1.00000000,1,0,0.10000000000000001,0.5
191.0000,  1.00000000,1,0,0.0,0.5
191.0333,  1.00000000,1,0,0.10000000000000001,0.5
191.0667,  1.00000000,1,0,0.0,0.5
191.1000,  1.00000000,1,0,0.074999999999999997,0.5
191.1333,  1.00000000,1,0,0.050000000000000003,0.5
191.1667,  1.00000000,1,0,0.025000000000000001,0.5
191.2000,  1.00000000,1,0,0.050000000000000003,0.5
191.2333,  1.00000000,1,0,0.050000000000000003,0.5
191.2667,  1.00000000,1,0,0.074999999999999997,0.5
191.3000,  1.00000000,1,0,0.20000000000000001,0.5
191.3333,  1.00000000,1,0,0.074999999999999997,0.5
191.3667,  1.00000000,1,0,0.074999999999999997,0.5
191.4000,  1.00000000,1,0,0.125,0.5
191.4333,  1.00000000,1,0,0.125,0.5
191.4667,  1.00000000,1,0,0.0,0.5
191.5000,  1.00000000,1,0,0.050000000000000003,0.5
191.5333,  1.00000000,1,0,0.050000000000000003,0.5
191.5667,  1.00000000,1,0,0.025000000000000001,0.5
191.6000,  1.00000000,1,0,0.050000000000000003,0.5
191.6333,  1.00000000,1,0,0.050000000000000003,0.5
191.6667,  1.00000000,1,0,0.025000000000000001,0.5
191.7000,  1.00000000,1,0,0.050000000000000003,0.5
191.7333,  1.00000000,1,0,0.125,0.5
191.7667,  1.00000000,1,0,0.074999999999999997,0.5
191.8000,  1.00000000,1,0,0.050000000000000003,0.5
191.8333,  1.00000000,1,0,0.074999999999999997,0.5
191.8667,  1.00000000,1,0,0.10000000000000001,0.5
191.9000,  1.00000000,1,0,0.050000000000000003,0.5
191.9333,  1.00000000,1,0,0.10000000000000001,0.5
191.9667,  1.00000000,1,0,0.050000000000000003,0.5
192.0000,  1.00000000,1,0,0.025000000000000001,0.5
192.0333,  1.00000000,1,0,0.050000000000000003,0.5
192.0667,  1.00000000,1,0,0.050000000000000003,0.5
192.1000,  1.00000000,1,0,0.125,0.5
192.1333,  1.00000000,1,0,0.050000000000000003,0.5
192.1667,  1.00000000,1,0,0.0,0.5
192.2000,  1.00000000,1,0,0.050000000000000003,0.5
192.2333,  1.00000000,1,0,0.025000000000000001,0.5
192.2667,  1.00000000,1,0,0.074999999999999997,0.5
192.3000,  1.00000000,1,0,0.074999999999999997,0.5
192.3333,  1.00000000,1,0,0.050000000000000003,0.5
192.3667,  1.00000000,1,0,0.025000000000000001,0.5
192.4000,  1.00000000,1,0,0.050000000000000003,0.5
192.4333,  1.00000000,1,0,0.074999999999999997,0.5
192.4667,  1.00000000,1,0,0.050000000000000003,0.5
192.5000,  1.00000000,1,0,0.050000000000000003,0.5
192.5333,  1.00000000,1,0,0.050000000000000003,0.5
192.5667,  1.00000000,1,0,0.0,0.5
192.6000,  1.00000000,1,0,0.050000000000000003,0.5
192.6333,  1.00000000,1,0,0.0,0.5
192.6667,  1.00000000,1,0,0.074999999999999997,0.5
192.7000,  1.00000000,1,0,0.0,0.5
192.7333,  1.00000000,1,0,0.0,0.5
192.7667,  1.00000000,1,0,0.050000000000000003,0.5
192.8000,  1.00000000,1,0,0.025000000000000001,0.5
192.8333,  1.00000000,1,0,0.074999999999999997,0.5
192.8667,  1.00000000,1,0,0.025000000000000001,0.5
192.9000,  1.00000000,1,0,0.025000000000000001,0.5
192.9333,  1.00000000,1,0,0.050000000000000003,0.5
192.9667,  1.00000000,1,0,0.050000000000000003,0.5
193.0000,  1.00000000,1,0,0.10000000000000001,0.5
193.0333,  1.00000000,1,0,0.050000000000000003,0.5
193.0667,  1.00000000,1,0,0.050000000000000003,0.5
193.1000,  1.00000000,1,0,0.025000000000000001,0.5
193.1333,  1.00000000,1,0,0.050000000000000003,0.5
193.1667,  1.00000000,1,0,0.074999999999999997,0.5
193.2000,  1.00000000,1,0,0.025000000000000001,0.5
193.2333,  1.00000000,1,0,0.0,0.5
193.2667,  1.00000000,1,0,0.050000000000000003,0.5
193.3000,  1.00000000,1,0,0.074999999999999997,0.5
193.3333,  1.00000000,1,0,0.025000000000000001,0.5
193.3667,  1.00000000,1,0,0.074999999999999997,0.5
193.4000,  1.00000000,1,0,0.0,0.5
193.4333,  1.00000000,1,0,0.050000000000000003,0.5
193.4667,  1.00000000,1,0,0.0,0.5
193.5000,  1.00000000,1,0,0.074999999999999997,0.5
193.5333,  1.00000000,1,0,0.050000000000000003,0.5
193.5667,  1.00000000,1,0,0.10000000000000001,0.5
193.6000,  1.00000000,1,0,0.050000000000000003,0.5
193.6333,  1.00000000,1,0,0.050000000000000003,0.5
193.6667,  1.00000000,1,0,0.050000000000000003,0.5
193.7000,  1.00000000,1,0,0.050000000000000003,0.5
193.7333,  1.00000000,1,0,0.025000000000000001,0.5
193.7667,  1.00000000,1,0,0.025000000000000001,0.5
193.8000,  1.00000000,1,0,0.050000000000000003,0.5
193.8333,  1.00000000,1,0,0.0,0.5
193.8667,  1.00000000,1,0,0.050000000000000003,0.5
193.9000,  1.00000000,1,0,0.025000000000000001,0.5
193.9333,  1.00000000,1,0,0.025000000000000001,0.5
193.9667,  1.00000000,1,0,0.050000000000000003,0.5
194.0000,  1.00000000,1,0,0.025000000000000001,0.5
194.0333,  1.00000000,1,0,0.074999999999999997,0.5
194.0667,  1.00000000,1,0,0.074999999999999997,0.5
194.1000,  1.00000000,1,0,0.025000000000000001,0.5
194.1333,  1.00000000,1,0,0.050000000000000003,0.5
194.1667,  1.00000000,1,0,0.0,0.5
194.2000,  1.00000000,1,0,0.025000000000000001,0.5
194.2333,  1.00000000,1,0,0.025000000000000001,0.5
194.2667,  1.00000000,1,0,0.025000000000000001,0.5
194.3000,  1.00000000,1,0,0.10000000000000001,0.5
194.3333,  1.00000000,1,0,0.074999999999999997,0.5
194.3667,  1.00000000,1,0,0.074999999999999997,0.5
194.4000,  1.00000000,1,0,0.0,0.5
194.4333,  1.00000000,1,0,0.10000000000000001,0.5
194.4667,  1.00000000,1,0,0.050000000000000003,0.5
194.5000,  1.00000000,1,0,0.050000000000000003,0.5
194.5333,  1.00000000,1,0,0.050000000000000003,0.5
194.5667,  1.00000000,1,0,0.050000000000000003,0.5
194.6000,  1.00000000,1,0,0.050000000000000003,0.5
194.6333,  1.00000000,1,0,0.074999999999999997,0.5
194.6667,  1.00000000,1,0,0.025000000000000001,0.5
194.7000,  1.00000000,1,0,0.0,0.5
194.7333,  1.00000000,1,0,0.025000000000000001,0.5
194.7667,  1.00000000,1,0,0.025000000000000001,0.5
194.8000,  1.00000000,1,0,0.025000000000000001,0.5
194.8333,  1.00000000,1,0,0.025000000000000001,0.5
194.8667,  1.00000000,1,0,0.025000000000000001,0.5
194.9000,  1.00000000,1,0,0.0,0.5
194.9333,  1.00000000,1,0,0.074999999999999997,0.5
194.9667,  1.00000000,1,0,0.050000000000000003,0.5
195.0000,  1.00000000,1,0,0.0,0.5
195.0333,  1.00000000,1,0,0.050000000000000003,0.5
195.0667,  1.00000000,1,0,0.025000000000000001,0.5
195.1000,  1.00000000,1,0,0.050000000000000003,0.5
195.1333,  1.00000000,1,0,0.025000000000000001,0.5
195.1667,  1.00000000,1,0,0.0,0.5
195.2000,  1.00000000,1,0,0.0,0.5
195.2333,  1.00000000,1,0,0.050000000000000003,0.5
195.2667,  1.00000000,1,0,0.025000000000000001,0.5
195.3000,  1.00000000,1,0,0.050000000000000003,0.5
195.3333,  1.00000000,1,0,0.050000000000000003,0.5
195.3667,  1.00000000,1,0,0.0,0.5
195.4000,  1.00000000,1,0,0.0,0.5
195.4333,  1.00000000,1,0,0.050000000000000003,0.5
195.4667,  1.00000000,1,0,0.025000000000000001,0.5
195.5000,  1.00000000,1,0,0.025000000000000001,0.5
195.5333,  1.00000000,1,0,0.10000000000000001,0.5
195.5667,  1.00000000,1,0,0.050000000000000003,0.5
195.6000,  1.00000000,1,0,0.0,0.5
195.6333,  1.00000000,1,0,0.050000000000000003,0.5
195.6667,  1.00000000,1,0,0.025000000000000001,0.5
195.7000,  1.00000000,1,0,0.050000000000000003,0.5
195.7333,  1.00000000,1,0,0.10000000000000001,0.5
195.7667,  1.00000000,1,0,0.074999999999999997,0.5
195.8000,  1.00000000,1,0,0.025000000000000001,0.5
195.8333,  1.00000000,1,0,0.050000000000000003,0.5
195.8667,  1.00000000,1,0,0.050000000000000003,0.5
195.9000,  1.00000000,1,0,0.074999999999999997,0.5
195.9333,  1.00000000,1,0,0.050000000000000003,0.5
195.9667,  1.00000000,1,0,0.050000000000000003,0.5
196.0000,  1.00000000,1,0,0.0,0.5
196.0333,  1.00000000,1,0,0.0,0.5
196.0667,  1.00000000,1,0,0.025000000000000001,0.5
196.1000,  1.00000000,1,0,0.0,0.5
196.1333,  1.00000000,1,0,0.050000000000000003,0.5
196.1667,  1.00000000,1,0,0.0,0.5
196.2000,  1.00000000,1,0,0.050000000000000003,0.5
196.2333,  1.00000000,1,0,0.025000000000000001,0.5
196.2667,  1.00000000,1,0,0.025000000000000001,0.5
196.3000,  1.00000000,1,0,0.10000000000000001,0.5
196.3333,  1.00000000,1,0,0.074999999999999997,0.5
196.3667,  1.00000000,1,0,0.025000000000000001,0.5
196.4000,  1.00000000,1,0,0.050000000000000003,0.5
196.4333,  1.00000000,1,0,0.025000000000000001,0.5
196.4667,  1.00000000,1,0,0.074999999999999997,0.5
196.5000,  1.00000000,1,0,0.050000000000000003,0.5
196.5333,  1.00000000,1,0,0.050000000000000003,0.5
196.5667,  1.00000000,1,0,0.0,0.5
196.6000,  1.00000000,1,0,0.050000000000000003,0.5
196.6333,  1.00000000,1,0,0.025000000000000001,0.5
196.6667,  1.00000000,1,0,0.025000000000000001,0.5
196.7000,  1.00000000,1,0,0.050000000000000003,0.5
196.7333,  1.00000000,1,0,0.0,0.5
196.7667,  1.00000000,1,0,0.025000000000000001,0.5
196.8000,  1.00000000,1,0,0.050000000000000003,0.5
196.8333,  1.00000000,1,0,0.025000000000000001,0.5
196.8667,  1.00000000,1,0,0.074999999999999997,0.5
196.9000,  1.00000000,1,0,0.025000000000000001,0.5
196.9333,  1.00000000,1,0,0.050000000000000003,0.5
196.9667,  1.00000000,1,0,0.025000000000000001,0.5
197.0000,  1.00000000,1,0,0.0,0.5
197.0333,  1.00000000,1,0,0.025000000000000001,0.5
197.0667,  1.00000000,1,0,0.125,0.5
197.1000,  1.00000000,1,0,0.025000000000000001,0.5
197.1333,  1.00000000,1,0,0.025000000000000001,0.5
197.1667,  1.00000000,1,0,0.025000000000000001,0.5
197.2000,  1.00000000,1,0,0.074999999999999997,0.5
197.2333,  1.00000000,1,0,0.074999999999999997,0.5
197.2667,  1.00000000,1,0,0.025000000000000001,0.5
197.3000,  1.00000000,1,0,0.0,0.5
197.3333,  1.00000000,1,0,0.025000000000000001,0.5
197.3667,  1.00000000,1,0,0.025000000000000001,0.5
197.4000,  1.00000000,1,0,0.074999999999999997,0.5
197.4333,  1.00000000,1,0,0.074999999999999997,0.5
197.4667,  1.00000000,1,0,0.074999999999999997,0.5
197.5000,  1.00000000,1,0,0.074999999999999997,0.5
197.5333,  1.00000000,1,0,0.10000000000000001,0.5
197.5667,  1.00000000,1,0,0.025000000000000001,0.5
197.6000,  1.00000000,1,0,0.025000000000000001,0.5
197.6333,  1.00000000,1,0,0.0,0.5
197.6667,  1.00000000,1,0,0.025000000000000001,0.5
197.7000,  1.00000000,1,0,0.0,0.5
197.7333,  1.00000000,1,0,0.050000000000000003,0.5
197.7667,  1.00000000,1,0,0.050000000000000003,0.5
197.8000,  1.00000000,1,0,0.050000000000000003,0.5
197.8333,  1.00000000,1,0,0.025000000000000001,0.5
197.8667,  1.00000000,1,0,0.074999999999999997,0.5
197.9000,  1.00000000,1,0,0.050000000000000003,0.5
197.9333,  1.00000000,1,0,0.025000000000000001,0.5
197.9667,  1.00000000,1,0,0.025000000000000001,0.5
198.0000,  1.00000000,1,0,0.0,0.5
198.0333,  1.00000000,1,0,0.025000000000000001,0.5
198.0667,  1.00000000,1,0,0.025000000000000001,0.5
198.1000,  1.00000000,1,0,0.0,0.5
198.1333,  1.00000000,1,0,0.050000000000000003,0.5
198.1667,  1.00000000,1,0,0.025000000000000001,0.5
198.2000,  1.00000000,1,0,0.025000000000000001,0.5
198.2333,  1.00000000,1,0,0.0,0.5
198.2667,  1.00000000,1,0,0.0,0.5
198.3000,  1.00000000,1,0,0.025000000000000001,0.5
198.3333,  1.00000000,1,0,0.050000000000000003,0.5
198.3667,  1.00000000,1,0,0.10000000000000001,0.5
198.4000,  1.00000000,1,0,0.050000000000000003,0.5
198.4333,  1.00000000,1,0,0.10000000000000001,0.5
198.4667,  1.00000000,1,0,0.050000000000000003,0.5
198.5000,  1.00000000,1,0,0.025000000000000001,0.5
198.5333,  1.00000000,1,0,0.050000000000000003,0.5
198.5667,  1.00000000,1,0,0.025000000000000001,0.5
198.6000,  1.00000000,1,0,0.050000000000000003,0.5
198.6333,  1.00000000,1,0,0.050000000000000003,0.5
198.6667,  1.00000000,1,0,0.025000000000000001,0.5
198.7000,  1.00000000,1,0,0.050000000000000003,0.5
198.7333,  1.00000000,1,0,0.050000000000000003,0.5
198.7667,  1.00000000,1,0,0.0,0.5
198.8000,  1.00000000,1,0,0.050000000000000003,0.5
198.8333,  1.00000000,1,0,0.0,0.5
198.8667,  1.00000000,1,0,0.025000000000000001,0.5
198.9000,  1.00000000,1,0,0.025000000000000001,0.5
198.9333,  1.00000000,1,0,0.0,0.5
198.9667,  1.00000000,1,0,0.0,0.5
199.0000,  1.00000000,1,0,0.074999999999999997,0.5
199.0333,  1.00000000,1,0,0.025000000000000001,0.5
199.0667,  1.00000000,1,0,0.025000000000000001,0.5
199.1000,  1.00000000,1,0,0.074999999999999997,0.5
199.1333,  1.00000000,1,0,0.025000000000000001,0.5
199.1667,  1.00000000,1,0,0.074999999999999997,0.5
199.2000,  1.00000000,1,0,0.050000000000000003,0.5
199.2333,  1.00000000,1,0,0.025000000000000001,0.5
199.2667,  1.00000000,1,0,0.050000000000000003,0.5
199.3000,  1.00000000,1,0,0.050000000000000003,0.5
199.3333,  1.00000000,1,0,0.0,0.5
199.3667,  1.00000000,1,0,0.0,0.5
199.4000,  1.00000000,1,0,0.074999999999999997,0.5
199.4333,  1.00000000,1,0,0.0,0.5
199.4667,  1.00000000,1,0,0.074999999999999997,0.5
199.5000,  1.00000000,1,0,0.025000000000000001,0.5
199.5333,  1.00000000,1,0,0.050000000000000003,0.5
199.5667,  1.00000000,1,0,0.0,0.5
199.6000,  1.00000000,1,0,0.074999999999999997,0.5
199.6333,  1.00000000,1,0,0.074999999999999997,0.5
199.6667,  1.00000000,1,0,0.025000000000000001,0.5
199.7000,  1.00000000,1,0,0.025000000000000001,0.5
199.7333,  1.00000000,1,0,0.0,0.5
199.7667,  1.00000000,1,0,0.050000000000000003,0.5
199.8000,  1.00000000,1,0,0.050000000000000003,0.5
199.8333,  1.00000000,1,0,0.025000000000000001,0.5
199.8667,  1.00000000,1,0,0.025000000000000001,0.5
199.9000,  1.00000000,1,0,0.025000000000000001,0.5
199.9333,  1.00000000,1,0,0.025000000000000001,0.5
199.9667,  1.00000000,1,0,0.0,0.5
200.0000,  1.00000000,1,0,0.0,0.5
200.0333,  1.00000000,1,0,0.0,0.5
200.0667,  1.00000000,1,0,0.074999999999999997,0.5
200.1000,  1.00000000,1,0,0.025000000000000001,0.5
200.1333,  1.00000000,1,0,0.125,0.5
200.1667,  1.00000000,1,0,0.125,0.5
200.2000,  1.00000000,1,0,0.10000000000000001,0.5
200.2333,  1.00000000,1,0,0.025000000000000001,0.5
200.2667,  1.00000000,1,0,0.050000000000000003,0.5
200.3000,  1.00000000,1,0,0.125,0.5
200.3333,  1.00000000,1,0,0.074999999999999997,0.5
200.3667,  1.00000000,1,0,0.074999999999999997,0.5
200.4000,  1.00000000,1,0,0.074999999999999997,0.5
200.4333,  1.00000000,1,0,0.074999999999999997,0.5
200.4667,  1.00000000,1,0,0.125,0.5
200.5000,  1.00000000,1,0,0.050000000000000003,0.5
200.5333,  1.00000000,1,0,0.125,0.5
200.5667,  1.00000000,1,0,0.10000000000000001,0.5
200.6000,  1.00000000,1,0,0.050000000000000003,0.5
200.6333,  1.00000000,1,0,0.074999999999999997,0.5
200.6667,  1.00000000,1,0,0.074999999999999997,0.5
200.7000,  1.00000000,1,0,0.025000000000000001,0.5
200.7333,  1.00000000,1,0,0.074999999999999997,0.5
200.7667,  1.00000000,1,0,0.050000000000000003,0.5
200.8000,  1.00000000,1,0,0.074999999999999997,0.5
200.8333,  1.00000000,1,0,0.074999999999999997,0.5
200.8667,  1.00000000,1,0,0.025000000000000001,0.5
200.9000,  1.00000000,1,0,0.0,0.5
200.9333,  1.00000000,1,0,0.025000000000000001,0.5
200.9667,  1.00000000,1,0,0.050000000000000003,0.5
201.0000,  1.00000000,1,0,0.074999999999999997,0.5
201.0333,  1.00000000,1,0,0.025000000000000001,0.5
201.0667,  1.00000000,1,0,0.125,0.5
201.1000,  1.00000000,1,0,0.050000000000000003,0.5
201.1333,  1.00000000,1,0,0.025000000000000001,0.5
201.1667,  1.00000000,1,0,0.050000000000000003,0.5
201.2000,  1.00000000,1,0,0.050000000000000003,0.5
201.2333,  1.00000000,1,0,0.074999999999999997,0.5
201.2667,  1.00000000,1,0,0.17499999999999999,0.5
201.3000,  1.00000000,1,0,0.050000000000000003,0.5
201.3333,  1.00000000,1,0,0.050000000000000003,0.5
201.3667,  1.00000000,1,0,0.050000000000000003,0.5
201.4000,  1.00000000,1,0,0.050000000000000003,0.5
201.4333,  1.00000000,1,0,0.025000000000000001,0.5
201.4667,  1.00000000,1,0,0.050000000000000003,0.5
201.5000,  1.00000000,1,0,0.074999999999999997,0.5
201.5333,  1.00000000,1,0,0.025000000000000001,0.5
201.5667,  1.00000000,1,0,0.025000000000000001,0.5
201.6000,  1.00000000,1,0,0.050000000000000003,0.5
201.6333,  1.00000000,1,0,0.050000000000000003,0.5
201.6667,  1.00000000,1,0,0.025000000000000001,0.5
201.7000,  1.00000000,1,0,0.025000000000000001,0.5
201.7333,  1.00000000,1,0,0.025000000000000001,0.5
201.7667,  1.00000000,1,0,0.050000000000000003,0.5
201.8000,  1.00000000,1,0,0.025000000000000001,0.5
201.8333,  1.00000000,1,0,0.125,0.5
201.8667,  1.00000000,1,0,0.074999999999999997,0.5
201.9000,  1.00000000,1,0,0.050000000000000003,0.5
201.9333,  1.00000000,1,0,0.074999999999999997,0.5
201.9667,  1.00000000,1,0,0.074999999999999997,0.5
202.0000,  1.00000000,1,0,0.050000000000000003,0.5
202.0333,  1.00000000,1,0,0.025000000000000001,0.5
202.0667,  1.00000000,1,0,0.074999999999999997,0.5
202.1000,  1.00000000,1,0,0.050000000000000003,0.5
202.1333,  1.00000000,1,0,0.025000000000000001,0.5
202.1667,  1.00000000,1,0,0.125,0.5
202.2000,  1.00000000,1,0,0.050000000000000003,0.5
202.2333,  1.00000000,1,0,0.050000000000000003,0.5
202.2667,  1.00000000,1,0,0.074999999999999997,0.5
202.3000,  1.00000000,1,0,0.025000000000000001,0.5
202.3333,  1.00000000,1,0,0.074999999999999997,0.5
202.3667,  1.00000000,1,0,0.10000000000000001,0.5
202.4000,  1.00000000,1,0,0.074999999999999997,0.5
202.4333,  1.00000000,1,0,0.10000000000000001,0.5
202.4667,  1.00000000,1,0,0.025000000000000001,0.5
202.5000,  1.00000000,1,0,0.074999999999999997,0.5
202.5333,  1.00000000,1,0,0.025000000000000001,0.5
202.5667,  1.00000000,1,0,0.050000000000000003,0.5
202.6000,  1.00000000,1,0,0.050000000000000003,0.5
202.6333,  1.00000000,1,0,0.025000000000000001,0.5
202.6667,  1.00000000,1,0,0.025000000000000001,0.5
202.7000,  1.00000000,1,0,0.074999999999999997,0.5
202.7333,  1.00000000,1,0,0.074999999999999997,0.5
202.7667,  1.00000000,1,0,0.025000000000000001,0.5
202.8000,  1.00000000,1,0,0.050000000000000003,0.5
202.8333,  1.00000000,1,0,0.025000000000000001,0.5
202.8667,  1.00000000,1,0,0.10000000000000001,0.5
202.9000,  1.00000000,1,0,0.074999999999999997,0.5
202.9333,  1.00000000,1,0,0.050000000000000003,0.5
202.9667,  1.00000000,1,0,0.074999999999999997,0.5
203.0000,  1.00000000,1,0,0.050000000000000003,0.5
203.0333,  1.00000000,1,0,0.125,0.5
203.0667,  1.00000000,1,0,0.025000000000000001,0.5
203.1000,  1.00000000,1,0,0.10000000000000001,0.5
203.1333,  1.00000000,1,0,0.10000000000000001,0.5
203.1667,  1.00000000,1,0,0.074999999999999997,0.5
203.2000,  1.00000000,1,0,0.10000000000000001,0.5
203.2333,  1.00000000,1,0,0.050000000000000003,0.5
203.2667,  1.00000000,1,0,0.125,0.5
203.3000,  1.00000000,1,0,0.074999999999999997,0.5
203.3333,  1.00000000,1,0,0.025000000000000001,0.5
203.3667,  1.00000000,1,0,0.074999999999999997,0.5
203.4000,  1.00000000,1,0,0.025000000000000001,0.5
203.4333,  1.00000000,1,0,0.0,0.5
203.4667,  1.00000000,1,0,0.025000000000000001,0.5
203.5000,  1.00000000,1,0,0.125,0.5
203.5333,  1.00000000,1,0,0.025000000000000001,0.5
203.5667,  1.00000000,1,0,0.10000000000000001,0.5
203.6000,  1.00000000,1,0,0.14999999999999999,0.5
203.6333,  1.00000000,1,0,0.10000000000000001,0.5
203.6667,  1.00000000,1,0,0.074999999999999997,0.5
203.7000,  1.00000000,1,0,0.074999999999999997,0.5
203.7333,  1.00000000,1,0,0.074999999999999997,0.5
203.7667,  1.00000000,1,0,0.20000000000000001,0.5
203.8000,  1.00000000,1,0,0.050000000000000003,0.5
203.8333,  1.00000000,1,0,0.050000000000000003,0.5
203.8667,  1.00000000,1,0,0.050000000000000003,0.5
203.9000,  1.00000000,1,0,0.125,0.5
203.9333,  1.00000000,1,0,0.10000000000000001,0.5
203.9667,  1.00000000,1,0,0.10000000000000001,0.5
204.0000,  1.00000000,1,0,0.074999999999999997,0.5
204.0333,  1.00000000,1,0,0.050000000000000003,0.5
204.0667,  1.00000000,1,0,0.074999999999999997,0.5
204.1000,  1.00000000,1,0,0.125,0.5
204.1333,  1.00000000,1,0,0.10000000000000001,0.5
204.1667,  1.00000000,1,0,0.050000000000000003,0.5
204.2000,  1.00000000,1,0,0.14999999999999999,0.5
204.2333,  1.00000000,1,0,0.025000000000000001,0.5
204.2667,  1.00000000,1,0,0.0,0.5
204.3000,  1.00000000,1,0,0.025000000000000001,0.5
204.3333,  1.00000000,1,0,0.125,0.5
204.3667,  1.00000000,1,0,0.025000000000000001,0.5
204.4000,  1.00000000,1,0,0.025000000000000001,0.5
204.4333,  1.00000000,1,0,0.025000000000000001,0.5
204.4667,  1.00000000,1,0,0.10000000000000001,0.5
204.5000,  1.00000000,1,0,0.10000000000000001,0.5
204.5333,  1.00000000,1,0,0.050000000000000003,0.5
204.5667,  1.00000000,1,0,0.050000000000000003,0.5
204.6000,  1.00000000,1,0,0.050000000000000003,0.5
204.6333,  1.00000000,1,0,0.050000000000000003,0.5
204.6667,  1.00000000,1,0,0.10000000000000001,0.5
204.7000,  1.00000000,1,0,0.050000000000000003,0.5
204.7333,  1.00000000,1,0,0.074999999999999997,0.5
204.7667,  1.00000000,1,0,0.074999999999999997,0.5
204.8000,  1.00000000,1,0,0.125,0.5
204.8333,  1.00000000,1,0,0.125,0.5
204.8667,  1.00000000,1,0,0.050000000000000003,0.5
204.9000,  1.00000000,1,0,0.125,0.5
204.9333,  1.00000000,1,0,0.050000000000000003,0.5
204.9667,  1.00000000,1,0,0.0,0.5
205.0000,  1.00000000,1,0,0.14999999999999999,0.5
205.0333,  1.00000000,1,0,0.125,0.5
205.0667,  1.00000000,1,0,0.050000000000000003,0.5
205.1000,  1.00000000,1,0,0.10000000000000001,0.5
205.1333,  1.00000000,1,0,0.050000000000000003,0.5
205.1667,  1.00000000,1,0,0.074999999999999997,0.5
205.2000,  1.00000000,1,0,0.17499999999999999,0.5
205.2333,  1.00000000,1,0,0.025000000000000001,0.5
205.2667,  1.00000000,1,0,0.10000000000000001,0.5
205.3000,  1.00000000,1,0,0.025000000000000001,0.5
205.3333,  1.00000000,1,0,0.10000000000000001,0.5
205.3667,  1.00000000,1,0,0.050000000000000003,0.5
205.4000,  1.00000000,1,0,0.050000000000000003,0.5
205.4333,  1.00000000,1,0,0.074999999999999997,0.5
205.4667,  1.00000000,1,0,0.074999999999999997,0.5
205.5000,  1.00000000,1,0,0.10000000000000001,0.5
205.5333,  1.00000000,1,0,0.125,0.5
205.5667,  1.00000000,1,0,0.22500000000000001,0.5
205.6000,  1.00000000,1,0,0.14999999999999999,0.5
205.6333,  1.00000000,1,0,0.17499999999999999,0.5
205.6667,  1.00000000,1,0,0.10000000000000001,0.5
205.7000,  1.00000000,1,0,0.125,0.5
205.7333,  1.00000000,1,0,0.10000000000000001,0.5
205.7667,  1.00000000,1,0,0.074999999999999997,0.5
205.8000,  1.00000000,1,0,0.125,0.5
205.8333,  1.00000000,1,0,0.10000000000000001,0.5
205.8667,  1.00000000,1,0,0.074999999999999997,0.5
205.9000,  1.00000000,1,0,0.050000000000000003,0.5
205.9333,  1.00000000,1,0,0.074999999999999997,0.5
205.9667,  1.00000000,1,0,0.050000000000000003,0.5
206.0000,  1.00000000,1,0,0.050000000000000003,0.5
206.0333,  1.00000000,1,0,0.074999999999999997,0.5
206.0667,  1.00000000,1,0,0.025000000000000001,0.5
206.1000,  1.00000000,1,0,0.025000000000000001,0.5
206.1333,  1.00000000,1,0,0.10000000000000001,0.5
206.1667,  1.00000000,1,0,0.0,0.5
206.2000,  1.00000000,1,0,0.10000000000000001,0.5
206.2333,  1.00000000,1,0,0.0,0.5
206.2667,  1.00000000,1,0,0.025000000000000001,0.5
206.3000,  1.00000000,1,0,0.0,0.5
206.3333,  1.00000000,1,0,0.125,0.5
206.3667,  1.00000000,1,0,0.10000000000000001,0.5
206.4000,  1.00000000,1,0,0.0,0.5
206.4333,  1.00000000,1,0,0.14999999999999999,0.5
206.4667,  1.00000000,1,0,0.050000000000000003,0.5
206.5000,  1.00000000,1,0,0.050000000000000003,0.5
206.5333,  1.00000000,1,0,0.074999999999999997,0.5
206.5667,  1.00000000,1,0,0.050000000000000003,0.5
206.6000,  1.00000000,1,0,0.10000000000000001,0.5
206.6333,  1.00000000,1,0,0.050000000000000003,0.5
206.6667,  1.00000000,1,0,0.14999999999999999,0.5
206.7000,  1.00000000,1,0,0.074999999999999997,0.5
206.7333,  1.00000000,1,0,0.025000000000000001,0.5
206.7667,  1.00000000,1,0,0.14999999999999999,0.5
206.8000,  1.00000000,1,0,0.10000000000000001,0.5
206.8333,  1.00000000,1,0,0.10000000000000001,0.5
206.8667,  1.00000000,1,0,0.125,0.5
206.9000,  1.00000000,1,0,0.10000000000000001,0.5
206.9333,  1.00000000,1,0,0.10000000000000001,0.5
206.9667,  1.00000000,1,0,0.125,0.5
207.0000,  1.00000000,1,0,0.025000000000000001,0.5
207.0333,  1.00000000,1,0,0.10000000000000001,0.5
207.0667,  1.00000000,1,0,0.074999999999999997,0.5
207.1000,  1.00000000,1,0,0.050000000000000003,0.5
207.1333,  1.00000000,1,0,0.050000000000000003,0.5
207.1667,  1.00000000,1,0,0.14999999999999999,0.5
207.2000,  1.00000000,1,0,0.050000000000000003,0.5
207.2333,  1.00000000,1,0,0.14999999999999999,0.5
207.2667,  1.00000000,1,0,0.10000000000000001,0.5
207.3000,  1.00000000,1,0,0.050000000000000003,0.5
207.3333,  1.00000000,1,0,0.125,0.5
207.3667,  1.00000000,1,0,0.10000000000000001,0.5
207.4000,  1.00000000,1,0,0.10000000000000001,0.5
207.4333,  1.00000000,1,0,0.14999999999999999,0.5
207.4667,  1.00000000,1,0,0.074999999999999997,0.5
207.5000,  1.00000000,1,0,0.050000000000000003,0.5
207.5333,  1.00000000,1,0,0.050000000000000003,0.5
207.5667,  1.00000000,1,0,0.050000000000000003,0.5
207.6000,  1.00000000,1,0,0.074999999999999997,0.5
207.6333,  1.00000000,1,0,0.025000000000000001,0.5
207.6667,  1.00000000,1,0,0.074999999999999997,0.5
207.7000,  1.00000000,1,0,0.074999999999999997,0.5
207.7333,  1.00000000,1,0,0.050000000000000003,0.5
207.7667,  1.00000000,1,0,0.050000000000000003,0.5
207.8000,  1.00000000,1,0,0.050000000000000003,0.5
207.8333,  1.00000000,1,0,0.074999999999999997,0.5
207.8667,  1.00000000,1,0,0.10000000000000001,0.5
207.9000,  1.00000000,1,0,0.050000000000000003,0.5
207.9333,  1.00000000,1,0,0.025000000000000001,0.5
207.9667,  1.00000000,1,0,0.0,0.5
208.0000,  1.00000000,1,0,0.17499999999999999,0.5
208.0333,  1.00000000,1,0,0.074999999999999997,0.5
208.0667,  1.00000000,1,0,0.17499999999999999,0.5
208.1000,  1.00000000,1,0,0.074999999999999997,0.5
208.1333,  1.00000000,1,0,0.050000000000000003,0.5
208.1667,  1.00000000,1,0,0.050000000000000003,0.5
208.2000,  1.00000000,1,0,0.074999999999999997,0.5
208.2333,  1.00000000,1,0,0.14999999999999999,0.5
208.2667,  1.00000000,1,0,0.10000000000000001,0.5
208.3000,  1.00000000,1,0,0.10000000000000001,0.5
208.3333,  1.00000000,1,0,0.14999999999999999,0.5
208.3667,  1.00000000,1,0,0.14999999999999999,0.5
208.4000,  1.00000000,1,0,0.10000000000000001,0.5
208.4333,  1.00000000,1,0,0.0,0.5
208.4667,  1.00000000,1,0,0.10000000000000001,0.5
208.5000,  1.00000000,1,0,0.074999999999999997,0.5
208.5333,  1.00000000,1,0,0.10000000000000001,0.5
208.5667,  1.00000000,1,0,0.050000000000000003,0.5
208.6000,  1.00000000,1,0,0.14999999999999999,0.5
208.6333,  1.00000000,1,0,0.10000000000000001,0.5
208.6667,  1.00000000,1,0,0.025000000000000001,0.5
208.7000,  1.00000000,1,0,0.025000000000000001,0.5
208.7333,  1.00000000,1,0,0.074999999999999997,0.5
208.7667,  1.00000000,1,0,0.074999999999999997,0.5
208.8000,  1.00000000,1,0,0.025000000000000001,0.5
208.8333,  1.00000000,1,0,0.050000000000000003,0.5
208.8667,  1.00000000,1,0,0.10000000000000001,0.5
208.9000,  1.00000000,1,0,0.050000000000000003,0.5
208.9333,  1.00000000,1,0,0.125,0.5
208.9667,  1.00000000,1,0,0.074999999999999997,0.5
209.0000,  1.00000000,1,0,0.14999999999999999,0.5
209.0333,  1.00000000,1,0,0.074999999999999997,0.5
209.0667,  1.00000000,1,0,0.10000000000000001,0.5
209.1000,  1.00000000,1,0,0.10000000000000001,0.5
209.1333,  1.00000000,1,0,0.025000000000000001,0.5
209.1667,  1.00000000,1,0,0.14999999999999999,0.5
209.2000,  1.00000000,1,0,0.125,0.5
209.2333,  1.00000000,1,0,0.17499999999999999,0.5
209.2667,  1.00000000,1,0,0.050000000000000003,0.5
209.3000,  1.00000000,1,0,0.0,0.5
209.3333,  1.00000000,1,0,0.17499999999999999,0.5
209.3667,  1.00000000,1,0,0.10000000000000001,0.5
209.4000,  1.00000000,1,0,0.10000000000000001,0.5
209.4333,  1.00000000,1,0,0.050000000000000003,0.5
209.4667,  1.00000000,1,0,0.050000000000000003,0.5
209.5000,  1.00000000,1,0,0.20000000000000001,0.5
209.5333,  1.00000000,1,0,0.125,0.5
209.5667,  1.00000000,1,0,0.10000000000000001,0.5
209.6000,  1.00000000,1,0,0.074999999999999997,0.5
209.6333,  1.00000000,1,0,0.10000000000000001,0.5
209.6667,  1.00000000,1,0,0.0,0.5
209.7000,  1.00000000,1,0,0.10000000000000001,0.5
209.7333,  1.00000000,1,0,0.10000000000000001,0.5
209.7667,  1.00000000,1,0,0.074999999999999997,0.5
209.8000,  1.00000000,1,0,0.025000000000000001,0.5
209.8333,  1.00000000,1,0,0.050000000000000003,0.5
209.8667,  1.00000000,1,0,0.025000000000000001,0.5
209.9000,  1.00000000,1,0,0.025000000000000001,0.5
209.9333,  1.00000000,1,0,0.10000000000000001,0.5
209.9667,  1.00000000,1,0,0.14999999999999999,0.5
210.0000,  1.00000000,1,0,0.0,0.5
210.0333,  1.00000000,1,0,0.050000000000000003,0.5
210.0667,  1.00000000,1,0,0.0,0.5
210.1000,  1.00000000,1,0,0.050000000000000003,0.5
210.1333,  1.00000000,1,0,0.050000000000000003,0.5
210.1667,  1.00000000,1,0,0.074999999999999997,0.5
210.2000,  1.00000000,1,0,0.10000000000000001,0.5
210.2333,  1.00000000,1,0,0.10000000000000001,0.5
210.2667,  1.00000000,1,0,0.074999999999999997,0.5
210.3000,  1.00000000,1,0,0.074999999999999997,0.5
210.3333,  1.00000000,1,0,0.10000000000000001,0.5
210.3667,  1.00000000,1,0,0.125,0.5
210.4000,  1.00000000,1,0,0.125,0.5
210.4333,  1.00000000,1,0,0.025000000000000001,0.5
210.4667,  1.00000000,1,0,0.050000000000000003,0.5
210.5000,  1.00000000,1,0,0.025000000000000001,0.5
210.5333,  1.00000000,1,0,0.050000000000000003,0.5
210.5667,  1.00000000,1,0,0.125,0.5
210.6000,  1.00000000,1,0,0.14999999999999999,0.5
210.6333,  1.00000000,1,0,0.14999999999999999,0.5
210.6667,  1.00000000,1,0,0.050000000000000003,0.5
210.7000,  1.00000000,1,0,0.025000000000000001,0.5
210.7333,  1.00000000,1,0,0.125,0.5
210.7667,  1.00000000,1,0,0.050000000000000003,0.5
210.8000,  1.00000000,1,0,0.10000000000000001,0.5
210.8333,  1.00000000,1,0,0.125,0.5
210.8667,  1.00000000,1,0,0.074999999999999997,0.5
210.9000,  1.00000000,1,0,0.025000000000000001,0.5
210.9333,  1.00000000,1,0,0.10000000000000001,0.5
210.9667,  1.00000000,1,0,0.074999999999999997,0.5
211.0000,  1.00000000,1,0,0.0,0.5
211.0333,  1.00000000,1,0,0.050000000000000003,0.5
211.0667,  1.00000000,1,0,0.050000000000000003,0.5
211.1000,  1.00000000,1,0,0.050000000000000003,0.5
211.1333,  1.00000000,1,0,0.050000000000000003,0.5
211.1667,  1.00000000,1,0,0.10000000000000001,0.5
211.2000,  1.00000000,1,0,0.10000000000000001,0.5
211.2333,  1.00000000,1,0,0.050000000000000003,0.5
211.2667,  1.00000000,1,0,0.050000000000000003,0.5
211.3000,  1.00000000,1,0,0.025000000000000001,0.5
211.3333,  1.00000000,1,0,0.050000000000000003,0.5
211.3667,  1.00000000,1,0,0.10000000000000001,0.5
211.4000,  1.00000000,1,0,0.10000000000000001,0.5
211.4333,  1.00000000,1,0,0.125,0.5
211.4667,  1.00000000,1,0,0.10000000000000001,0.5
211.5000,  1.00000000,1,0,0.074999999999999997,0.5
211.5333,  1.00000000,1,0,0.050000000000000003,0.5
211.5667,  1.00000000,1,0,0.074999999999999997,0.5
211.6000,  1.00000000,1,0,0.074999999999999997,0.5
211.6333,  1.00000000,1,0,0.050000000000000003,0.5
211.6667,  1.00000000,1,0,0.17499999999999999,0.5
211.7000,  1.00000000,1,0,0.074999999999999997,0.5
211.7333,  1.00000000,1,0,0.025000000000000001,0.5
211.7667,  1.00000000,1,0,0.074999999999999997,0.5
211.8000,  1.00000000,1,0,0.074999999999999997,0.5
211.8333,  1.00000000,1,0,0.125,0.5
211.8667,  1.00000000,1,0,0.025000000000000001,0.5
211.9000,  1.00000000,1,0,0.10000000000000001,0.5
211.9333,  1.00000000,1,0,0.10000000000000001,0.5
211.9667,  1.00000000,1,0,0.10000000000000001,0.5
212.0000,  1.00000000,1,0,0.050000000000000003,0.5
212.0333,  1.00000000,1,0,0.074999999999999997,0.5
212.0667,  1.00000000,1,0,0.025000000000000001,0.5
212.1000,  1.00000000,1,0,0.025000000000000001,0.5
212.1333,  1.00000000,1,0,0.125,0.5
212.1667,  1.00000000,1,0,0.074999999999999997,0.5
212.2000,  1.00000000,1,0,0.025000000000000001,0.5
212.2333,  1.00000000,1,0,0.050000000000000003,0.5
212.2667,  1.00000000,1,0,0.050000000000000003,0.5
212.3000,  1.00000000,1,0,0.074999999999999997,0.5
212.3333,  1.00000000,1,0,0.025000000000000001,0.5
212.3667,  1.00000000,1,0,0.025000000000000001,0.5
212.4000,  1.00000000,1,0,0.025000000000000001,0.5
212.4333,  1.00000000,1,0,0.050000000000000003,0.5
212.4667,  1.00000000,1,0,0.10000000000000001,0.5
212.5000,  1.00000000,1,0,0.074999999999999997,0.5
212.5333,  1.00000000,1,0,0.125,0.5
212.5667,  1.00000000,1,0,0.125,0.5
212.6000,  1.00000000,1,0,0.074999999999999997,0.5
212.6333,  1.00000000,1,0,0.050000000000000003,0.5
212.6667,  1.00000000,1,0,0.050000000000000003,0.5
212.7000,  1.00000000,1,0,0.074999999999999997,0.5
212.7333,  1.00000000,1,0,0.14999999999999999,0.5
212.7667,  1.00000000,1,0,0.0,0.5
212.8000,  1.00000000,1,0,0.10000000000000001,0.5
212.8333,  1.00000000,1,0,0.050000000000000003,0.5
212.8667,  1.00000000,1,0,0.10000000000000001,0.5
212.9000,  1.00000000,1,0,0.0,0.5
212.9333,  1.00000000,1,0,0.125,0.5
212.9667,  1.00000000,1,0,0.074999999999999997,0.5
213.0000,  1.00000000,1,0,0.14999999999999999,0.5
213.0333,  1.00000000,1,0,0.125,0.5
213.0667,  1.00000000,1,0,0.10000000000000001,0.5
213.1000,  1.00000000,1,0,0.050000000000000003,0.5
213.1333,  1.00000000,1,0,0.074999999999999997,0.5
213.1667,  1.00000000,1,0,0.10000000000000001,0.5
213.2000,  1.00000000,1,0,0.050000000000000003,0.5
213.2333,  1.00000000,1,0,0.050000000000000003,0.5
213.2667,  1.00000000,1,0,0.14999999999999999,0.5
213.3000,  1.00000000,1,0,0.050000000000000003,0.5
213.3333,  1.00000000,1,0,0.074999999999999997,0.5
213.3667,  1.00000000,1,0,0.074999999999999997,0.5
213.4000,  1.00000000,1,0,0.050000000000000003,0.5
213.4333,  1.00000000,1,0,0.10000000000000001,0.5
213.4667,  1.00000000,1,0,0.050000000000000003,0.5
213.5000,  1.00000000,1,0,0.050000000000000003,0.5
213.5333,  1.00000000,1,0,0.14999999999999999,0.5
213.5667,  1.00000000,1,0,0.050000000000000003,0.5
213.6000,  1.00000000,1,0,0.074999999999999997,0.5
213.6333,  1.00000000,1,0,0.125,0.5
213.6667,  1.00000000,1,0,0.050000000000000003,0.5
213.7000,  1.00000000,1,0,0.074999999999999997,0.5
213.7333,  1.00000000,1,0,0.14999999999999999,0.5
213.7667,  1.00000000,1,0,0.125,0.5
213.8000,  1.00000000,1,0,0.10000000000000001,0.5
213.8333,  1.00000000,1,0,0.025000000000000001,0.5
213.8667,  1.00000000,1,0,0.050000000000000003,0.5
213.9000,  1.00000000,1,0,0.074999999999999997,0.5
213.9333,  1.00000000,1,0,0.050000000000000003,0.5
213.9667,  1.00000000,1,0,0.10000000000000001,0.5
214.0000,  1.00000000,1,0,0.14999999999999999,0.5
214.0333,  1.00000000,1,0,0.074999999999999997,0.5
214.0667,  1.00000000,1,0,0.050000000000000003,0.5
214.1000,  1.00000000,1,0,0.10000000000000001,0.5
214.1333,  1.00000000,1,0,0.10000000000000001,0.5
214.1667,  1.00000000,1,0,0.050000000000000003,0.5
214.2000,  1.00000000,1,0,0.10000000000000001,0.5
214.2333,  1.00000000,1,0,0.050000000000000003,0.5
214.2667,  1.00000000,1,0,0.125,0.5
214.3000,  1.00000000,1,0,0.050000000000000003,0.5
214.3333,  1.00000000,1,0,0.050000000000000003,0.5
214.3667,  1.00000000,1,0,0.025000000000000001,0.5
214.4000,  1.00000000,1,0,0.050000000000000003,0.5
214.4333,  1.00000000,1,0,0.050000000000000003,0.5
214.4667,  1.00000000,1,0,0.050000000000000003,0.5
214.5000,  1.00000000,1,0,0.025000000000000001,0.5
214.5333,  1.00000000,1,0,0.025000000000000001,0.5
214.5667,  1.00000000,1,0,0.074999999999999997,0.5
214.6000,  1.00000000,1,0,0.050000000000000003,0.5
214.6333,  1.00000000,1,0,0.025000000000000001,0.5
214.6667,  1.00000000,1,0,0.0,0.5
214.7000,  1.00000000,1,0,0.10000000000000001,0.5
214.7333,  1.00000000,1,0,0.050000000000000003,0.5
214.7667,  1.00000000,1,0,0.17499999999999999,0.5
214.8000,  1.00000000,1,0,0.025000000000000001,0.5
214.8333,  1.00000000,1,0,0.025000000000000001,0.5
214.8667,  1.00000000,1,0,0.0,0.5
214.9000,  1.00000000,1,0,0.050000000000000003,0.5
214.9333,  1.00000000,1,0,0.074999999999999997,0.5
214.9667,  1.00000000,1,0,0.125,0.5
215.0000,  1.00000000,1,0,0.14999999999999999,0.5
215.0333,  1.00000000,1,0,0.10000000000000001,0.5
215.0667,  1.00000000,1,0,0.050000000000000003,0.5
215.1000,  1.00000000,1,0,0.0,0.5
215.1333,  1.00000000,1,0,0.050000000000000003,0.5
215.1667,  1.00000000,1,0,0.0,0.5
215.2000,  1.00000000,1,0,0.050000000000000003,0.5
215.2333,  1.00000000,1,0,0.025000000000000001,0.5
215.2667,  1.00000000,1,0,0.050000000000000003,0.5
215.3000,  1.00000000,1,0,0.10000000000000001,0.5
215.3333,  1.00000000,1,0,0.050000000000000003,0.5
215.3667,  1.00000000,1,0,0.025000000000000001,0.5
215.4000,  1.00000000,1,0,0.074999999999999997,0.5
215.4333,  1.00000000,1,0,0.025000000000000001,0.5
215.4667,  1.00000000,1,0,0.14999999999999999,0.5
215.5000,  1.00000000,1,0,0.025000000000000001,0.5
215.5333,  1.00000000,1,0,0.050000000000000003,0.5
215.5667,  1.00000000,1,0,0.074999999999999997,0.5
215.6000,  1.00000000,1,0,0.050000000000000003,0.5
215.6333,  1.00000000,1,0,0.10000000000000001,0.5
215.6667,  1.00000000,1,0,0.025000000000000001,0.5
215.7000,  1.00000000,1,0,0.050000000000000003,0.5
215.7333,  1.00000000,1,0,0.050000000000000003,0.5
215.7667,  1.00000000,1,0,0.025000000000000001,0.5
215.8000,  1.00000000,1,0,0.074999999999999997,0.5
215.8333,  1.00000000,1,0,0.074999999999999997,0.5
215.8667,  1.00000000,1,0,0.074999999999999997,0.5
215.9000,  1.00000000,1,0,0.050000000000000003,0.5
215.9333,  1.00000000,1,0,0.074999999999999997,0.5
215.9667,  1.00000000,1,0,0.074999999999999997,0.5
216.0000,  1.00000000,1,0,0.0,0.5
216.0333,  1.00000000,1,0,0.050000000000000003,0.5
216.0667,  1.00000000,1,0,0.074999999999999997,0.5
216.1000,  1.00000000,1,0,0.050000000000000003,0.5
216.1333,  1.00000000,1,0,0.050000000000000003,0.5
216.1667,  1.00000000,1,0,0.074999999999999997,0.5
216.2000,  1.00000000,1,0,0.0,0.5
216.2333,  1.00000000,1,0,0.025000000000000001,0.5
216.2667,  1.00000000,1,0,0.050000000000000003,0.5
216.3000,  1.00000000,1,0,0.025000000000000001,0.5
216.3333,  1.00000000,1,0,0.074999999999999997,0.5
216.3667,  1.00000000,1,0,0.050000000000000003,0.5
216.4000,  1.00000000,1,0,0.0,0.5
216.4333,  1.00000000,1,0,0.025000000000000001,0.5
216.4667,  1.00000000,1,0,0.050000000000000003,0.5
216.5000,  1.00000000,1,0,0.025000000000000001,0.5
216.5333,  1.00000000,1,0,0.025000000000000001,0.5
216.5667,  1.00000000,1,0,0.050000000000000003,0.5
216.6000,  1.00000000,1,0,0.050000000000000003,0.5
216.6333,  1.00000000,1,0,0.074999999999999997,0.5
216.6667,  1.00000000,1,0,0.0,0.5
216.7000,  1.00000000,1,0,0.074999999999999997,0.5
216.7333,  1.00000000,1,0,0.050000000000000003,0.5
216.7667,  1.00000000,1,0,0.025000000000000001,0.5
216.8000,  1.00000000,1,0,0.074999999999999997,0.5
216.8333,  1.00000000,1,0,0.0,0.5
216.8667,  1.00000000,1,0,0.074999999999999997,0.5
216.9000,  1.00000000,1,0,0.0,0.5
216.9333,  1.00000000,1,0,0.025000000000000001,0.5
216.9667,  1.00000000,1,0,0.10000000000000001,0.5
217.0000,  1.00000000,1,0,0.10000000000000001,0.5
217.0333,  1.00000000,1,0,0.074999999999999997,0.5
217.0667,  1.00000000,1,0,0.050000000000000003,0.5
217.1000,  1.00000000,1,0,0.050000000000000003,0.5
217.1333,  1.00000000,1,0,0.074999999999999997,0.5
217.1667,  1.00000000,1,0,0.074999999999999997,0.5
217.2000,  1.00000000,1,0,0.025000000000000001,0.5
217.2333,  1.00000000,1,0,0.050000000000000003,0.5
217.2667,  1.00000000,1,0,0.10000000000000001,0.5
217.3000,  1.00000000,1,0,0.050000000000000003,0.5
217.3333,  1.00000000,1,0,0.050000000000000003,0.5
217.3667,  1.00000000,1,0,0.125,0.5
217.4000,  1.00000000,1,0,0.050000000000000003,0.5
217.4333,  1.00000000,1,0,0.050000000000000003,0.5
217.4667,  1.00000000,1,0,0.025000000000000001,0.5
217.5000,  1.00000000,1,0,0.074999999999999997,0.5
217.5333,  1.00000000,1,0,0.074999999999999997,0.5
217.5667,  1.00000000,1,0,0.050000000000000003,0.5
217.6000,  1.00000000,1,0,0.050000000000000003,0.5
217.6333,  1.00000000,1,0,0.0,0.5
217.6667,  1.00000000,1,0,0.0,0.5
217.7000,  1.00000000,1,0,0.10000000000000001,0.5
217.7333,  1.00000000,1,0,0.14999999999999999,0.5
217.7667,  1.00000000,1,0,0.050000000000000003,0.5
217.8000,  1.00000000,1,0,0.025000000000000001,0.5
217.8333,  1.00000000,1,0,0.025000000000000001,0.5
217.8667,  1.00000000,1,0,0.074999999999999997,0.5
217.9000,  1.00000000,1,0,0.074999999999999997,0.5
217.9333,  1.00000000,1,0,0.0,0.5
217.9667,  1.00000000,1,0,0.074999999999999997,0.5
218.0000,  1.00000000,1,0,0.050000000000000003,0.5
218.0333,  1.00000000,1,0,0.025000000000000001,0.5
218.0667,  1.00000000,1,0,0.074999999999999997,0.5
218.1000,  1.00000000,1,0,0.074999999999999997,0.5
218.1333,  1.00000000,1,0,0.0,0.5
218.1667,  1.00000000,1,0,0.050000000000000003,0.5
218.2000,  1.00000000,1,0,0.074999999999999997,0.5
218.2333,  1.00000000,1,0,0.10000000000000001,0.5
218.2667,  1.00000000,1,0,0.025000000000000001,0.5
218.3000,  1.00000000,1,0,0.050000000000000003,0.5
218.3333,  1.00000000,1,0,0.025000000000000001,0.5
218.3667,  1.00000000,1,0,0.025000000000000001,0.5
218.4000,  1.00000000,1,0,0.0,0.5
218.4333,  1.00000000,1,0,0.025000000000000001,0.5
218.4667,  1.00000000,1,0,0.050000000000000003,0.5
218.5000,  1.00000000,1,0,0.025000000000000001,0.5
218.5333,  1.00000000,1,0,0.050000000000000003,0.5
218.5667,  1.00000000,1,0,0.025000000000000001,0.5
218.6000,  1.00000000,1,0,0.025000000000000001,0.5
218.6333,  1.00000000,1,0,0.025000000000000001,0.5
218.6667,  1.00000000,1,0,0.10000000000000001,0.5
218.7000,  1.00000000,1,0,0.050000000000000003,0.5
218.7333,  1.00000000,1,0,0.050000000000000003,0.5
218.7667,  1.00000000,1,0,0.074999999999999997,0.5
218.8000,  1.00000000,1,0,0.050000000000000003,0.5
218.8333,  1.00000000,1,0,0.050000000000000003,0.5
218.8667,  1.00000000,1,0,0.0,0.5
218.9000,  1.00000000,1,0,0.025000000000000001,0.5
218.9333,  1.00000000,1,0,0.0,0.5
218.9667,  1.00000000,1,0,0.025000000000000001,0.5
219.0000,  1.00000000,1,0,0.050000000000000003,0.5
219.0333,  1.00000000,1,0,0.074999999999999997,0.5
219.0667,  1.00000000,1,0,0.050000000000000003,0.5
219.1000,  1.00000000,1,0,0.025000000000000001,0.5
219.1333,  1.00000000,1,0,0.0,0.5
219.1667,  1.00000000,1,0,0.025000000000000001,0.5
219.2000,  1.00000000,1,0,0.025000000000000001,0.5
219.2333,  1.00000000,1,0,0.0,0.5
219.2667,  1.00000000,1,0,0.050000000000000003,0.5
219.3000,  1.00000000,1,0,0.025000000000000001,0.5
219.3333,  1.00000000,1,0,0.025000000000000001,0.5
219.3667,  1.00000000,1,0,0.0,0.5
219.4000,  1.00000000,1,0,0.074999999999999997,0.5
219.4333,  1.00000000,1,0,0.050000000000000003,0.5
219.4667,  1.00000000,1,0,0.050000000000000003,0.5
219.5000,  1.00000000,1,0,0.0,0.5
219.5333,  1.00000000,1,0,0.074999999999999997,0.5
219.5667,  1.00000000,1,0,0.0,0.5
219.6000,  1.00000000,1,0,0.0,0.5
219.6333,  1.00000000,1,0,0.025000000000000001,0.5
219.6667,  1.00000000,1,0,0.025000000000000001,0.5
219.7000,  1.00000000,1,0,0.050000000000000003,0.5
219.7333,  1.00000000,1,0,0.025000000000000001,0.5
219.7667,  1.00000000,1,0,0.074999999999999997,0.5
219.8000,  1.00000000,1,0,0.0,0.5
219.8333,  1.00000000,1,0,0.025000000000000001,0.5
219.8667,  1.00000000,1,0,0.025000000000000001,0.5
219.9000,  1.00000000,1,0,0.074999999999999997,0.5
219.9333,  1.00000000,1,0,0.0,0.5
219.9667,  1.00000000,1,0,0.025000000000000001,0.5
220.0000,  1.00000000,1,0,0.050000000000000003,0.5
220.0333,  1.00000000,1,0,0.0,0.5
220.0667,  1.00000000,1,0,0.074999999999999997,0.5
220.1000,  1.00000000,1,0,0.0,0.5
220.1333,  1.00000000,1,0,0.0,0.5
220.1667,  1.00000000,1,0,0.0,0.5
220.2000,  1.00000000,1,0,0.025000000000000001,0.5
220.2333,  1.00000000,1,0,0.074999999999999997,0.5
220.2667,  1.00000000,1,0,0.0,0.5
220.3000,  1.00000000,1,0,0.025000000000000001,0.5
220.3333,  1.00000000,1,0,0.0,0.5
220.3667,  1.00000000,1,0,0.0,0.5
220.4000,  1.00000000,1,0,0.025000000000000001,0.5
220.4333,  1.00000000,1,0,0.050000000000000003,0.5
220.4667,  1.00000000,1,0,0.0,0.5
220.5000,  1.00000000,1,0,0.0,0.5
220.5333,  1.00000000,1,0,0.025000000000000001,0.5
220.5667,  1.00000000,1,0,0.074999999999999997,0.5
220.6000,  1.00000000,1,0,0.050000000000000003,0.5
220.6333,  1.00000000,1,0,0.14999999999999999,0.5
220.6667,  1.00000000,1,0,0.025000000000000001,0.5
220.7000,  1.00000000,1,0,0.050000000000000003,0.5
220.7333,  1.00000000,1,0,0.025000000000000001,0.5
220.7667,  1.00000000,1,0,0.025000000000000001,0.5
220.8000,  1.00000000,1,0,0.025000000000000001,0.5
220.8333,  1.00000000,1,0,0.0,0.5
220.8667,  1.00000000,1,0,0.025000000000000001,0.5
220.9000,  1.00000000,1,0,0.050000000000000003,0.5
220.9333,  1.00000000,1,0,0.025000000000000001,0.5
220.9667,  1.00000000,1,0,0.074999999999999997,0.5
221.0000,  1.00000000,1,0,0.050000000000000003,0.5
221.0333,  1.00000000,1,0,0.050000000000000003,0.5
221.0667,  1.00000000,1,0,0.074999999999999997,0.5
221.1000,  1.00000000,1,0,0.025000000000000001,0.5
221.1333,  1.00000000,1,0,0.025000000000000001,0.5
221.1667,  1.00000000,1,0,0.0,0.5
221.2000,  1.00000000,1,0,0.0,0.5
221.2333,  1.00000000,1,0,0.050000000000000003,0.5
221.2667,  1.00000000,1,0,0.025000000000000001,0.5
221.3000,  1.00000000,1,0,0.0,0.5
221.3333,  1.00000000,1,0,0.050000000000000003,0.5
221.3667,  1.00000000,1,0,0.050000000000000003,0.5
221.4000,  1.00000000,1,0,0.0,0.5
221.4333,  1.00000000,1,0,0.0,0.5
221.4667,  1.00000000,1,0,0.0,0.5
221.5000,  1.00000000,1,0,0.050000000000000003,0.5
221.5333,  1.00000000,1,0,0.025000000000000001,0.5
221.5667,  1.00000000,1,0,0.074999999999999997,0.5
221.6000,  1.00000000,1,0,0.050000000000000003,0.5
221.6333,  1.00000000,1,0,0.074999999999999997,0.5
221.6667,  1.00000000,1,0,0.0,0.5
221.7000,  1.00000000,1,0,0.0,0.5
221.7333,  1.00000000,1,0,0.10000000000000001,0.5
221.7667,  1.00000000,1,0,0.050000000000000003,0.5
221.8000,  1.00000000,1,0,0.025000000000000001,0.5
221.8333,  1.00000000,1,0,0.025000000000000001,0.5
221.8667,  1.00000000,1,0,0.050000000000000003,0.5
221.9000,  1.00000000,1,0,0.0,0.5
221.9333,  1.00000000,1,0,0.050000000000000003,0.5
221.9667,  1.00000000,1,0,0.025000000000000001,0.5
222.0000,  1.00000000,1,0,0.074999999999999997,0.5
222.0333,  1.00000000,1,0,0.0,0.5
222.0667,  1.00000000,1,0,0.050000000000000003,0.5
222.1000,  1.00000000,1,0,0.10000000000000001,0.5
222.1333,  1.00000000,1,0,0.025000000000000001,0.5
222.1667,  1.00000000,1,0,0.050000000000000003,0.5
222.2000,  1.00000000,1,0,0.025000000000000001,0.5
222.2333,  1.00000000,1,0,0.074999999999999997,0.5
222.2667,  1.00000000,1,0,0.0,0.5
222.3000,  1.00000000,1,0,0.0,0.5
222.3333,  1.00000000,1,0,0.025000000000000001,0.5
222.3667,  1.00000000,1,0,0.025000000000000001,0.5
222.4000,  1.00000000,1,0,0.10000000000000001,0.5
222.4333,  1.00000000,1,0,0.0,0.5
222.4667,  1.00000000,1,0,0.0,0.5
222.5000,  1.00000000,1,0,0.025000000000000001,0.5
222.5333,  1.00000000,1,0,0.025000000000000001,0.5
222.5667,  1.00000000,1,0,0.074999999999999997,0.5
222.6000,  1.00000000,1,0,0.050000000000000003,0.5
222.6333,  1.00000000,1,0,0.025000000000000001,0.5
222.6667,  1.00000000,1,0,0.074999999999999997,0.5
222.7000,  1.00000000,1,0,0.025000000000000001,0.5
222.7333,  1.00000000,1,0,0.074999999999999997,0.5
222.7667,  1.00000000,1,0,0.050000000000000003,0.5
222.8000,  1.00000000,1,0,0.10000000000000001,0.5
222.8333,  1.00000000,1,0,0.025000000000000001,0.5
222.8667,  1.00000000,1,0,0.074999999999999997,0.5
222.9000,  1.00000000,1,0,0.074999999999999997,0.5
222.9333,  1.00000000,1,0,0.10000000000000001,0.5
222.9667,  1.00000000,1,0,0.074999999999999997,0.5
223.0000,  1.00000000,1,0,0.050000000000000003,0.5
223.0333,  1.00000000,1,0,0.10000000000000001,0.5
223.0667,  1.00000000,1,0,0.050000000000000003,0.5
223.1000,  1.00000000,1,0,0.125,0.5
223.1333,  1.00000000,1,0,0.10000000000000001,0.5
223.1667,  1.00000000,1,0,0.050000000000000003,0.5
223.2000,  1.00000000,1,0,0.025000000000000001,0.5
223.2333,  1.00000000,1,0,0.050000000000000003,0.5
223.2667,  1.00000000,1,0,0.025000000000000001,0.5
223.3000,  1.00000000,1,0,0.074999999999999997,0.5
223.3333,  1.00000000,1,0,0.050000000000000003,0.5
223.3667,  1.00000000,1,0,0.074999999999999997,0.5
223.4000,  1.00000000,1,0,0.10000000000000001,0.5
223.4333,  1.00000000,1,0,0.125,0.5
223.4667,  1.00000000,1,0,0.0,0.5
223.5000,  1.00000000,1,0,0.074999999999999997,0.5
223.5333,  1.00000000,1,0,0.050000000000000003,0.5
223.5667,  1.00000000,1,0,0.0,0.5
223.6000,  1.00000000,1,0,0.025000000000000001,0.5
223.6333,  1.00000000,1,0,0.025000000000000001,0.5
223.6667,  1.00000000,1,0,0.074999999999999997,0.5
223.7000,  1.00000000,1,0,0.0,0.5
223.7333,  1.00000000,1,0,0.050000000000000003,0.5
223.7667,  1.00000000,1,0,0.025000000000000001,0.5
223.8000,  1.00000000,1,0,0.074999999999999997,0.5
223.8333,  1.00000000,1,0,0.074999999999999997,0.5
223.8667,  1.00000000,1,0,0.0,0.5
223.9000,  1.00000000,1,0,0.025000000000000001,0.5
223.9333,  1.00000000,1,0,0.025000000000000001,0.5
223.9667,  1.00000000,1,0,0.125,0.5
224.0000,  1.00000000,1,0,0.025000000000000001,0.5
224.0333,  1.00000000,1,0,0.074999999999999997,0.5
224.0667,  1.00000000,1,0,0.050000000000000003,0.5
224.1000,  1.00000000,1,0,0.025000000000000001,0.5
224.1333,  1.00000000,1,0,0.025000000000000001,0.5
224.1667,  1.00000000,1,0,0.050000000000000003,0.5
224.2000,  1.00000000,1,0,0.050000000000000003,0.5
224.2333,  1.00000000,1,0,0.025000000000000001,0.5
224.2667,  1.00000000,1,0,0.025000000000000001,0.5
224.3000,  1.00000000,1,0,0.025000000000000001,0.5
224.3333,  1.00000000,1,0,0.025000000000000001,0.5
224.3667,  1.00000000,1,0,0.10000000000000001,0.5
224.4000,  1.00000000,1,0,0.050000000000000003,0.5
224.4333,  1.00000000,1,0,0.025000000000000001,0.5
224.4667,  1.00000000,1,0,0.14999999999999999,0.5
224.5000,  1.00000000,1,0,0.10000000000000001,0.5
224.5333,  1.00000000,1,0,0.025000000000000001,0.5
224.5667,  1.00000000,1,0,0.074999999999999997,0.5
224.6000,  1.00000000,1,0,0.050000000000000003,0.5
224.6333,  1.00000000,1,0,0.050000000000000003,0.5
224.6667,  1.00000000,1,0,0.14999999999999999,0.5
224.7000,  1.00000000,1,0,0.050000000000000003,0.5
224.7333,  1.00000000,1,0,0.125,0.5
224.7667,  1.00000000,1,0,0.025000000000000001,0.5
224.8000,  1.00000000,1,0,0.10000000000000001,0.5
224.8333,  1.00000000,1,0,0.025000000000000001,0.5
224.8667,  1.00000000,1,0,0.074999999999999997,0.5
224.9000,  1.00000000,1,0,0.050000000000000003,0.5
224.9333,  1.00000000,1,0,0.050000000000000003,0.5
224.9667,  1.00000000,1,0,0.025000000000000001,0.5
225.0000,  1.00000000,1,0,0.050000000000000003,0.5
225.0333,  1.00000000,1,0,0.025000000000000001,0.5
225.0667,  1.00000000,1,0,0.050000000000000003,0.5
225.1000,  1.00000000,1,0,0.074999999999999997,0.5
225.1333,  1.00000000,1,0,0.025000000000000001,0.5
225.1667,  1.00000000,1,0,0.074999999999999997,0.5
225.2000,  1.00000000,1,0,0.025000000000000001,0.5
225.2333,  1.00000000,1,0,0.0,0.5
225.2667,  1.00000000,1,0,0.0,0.5
225.3000,  1.00000000,1,0,0.025000000000000001,0.5
225.3333,  1.00000000,1,0,0.050000000000000003,0.5
225.3667,  1.00000000,1,0,0.050000000000000003,0.5
225.4000,  1.00000000,1,0,0.10000000000000001,0.5
225.4333,  1.00000000,1,0,0.074999999999999997,0.5
225.4667,  1.00000000,1,0,0.14999999999999999,0.5
225.5000,  1.00000000,1,0,0.050000000000000003,0.5
225.5333,  1.00000000,1,0,0.10000000000000001,0.5
225.5667,  1.00000000,1,0,0.025000000000000001,0.5
225.6000,  1.00000000,1,0,0.074999999999999997,0.5
225.6333,  1.00000000,1,0,0.074999999999999997,0.5
225.6667,  1.00000000,1,0,0.0,0.5
225.7000,  1.00000000,1,0,0.050000000000000003,0.5
225.7333,  1.00000000,1,0,0.0,0.5
225.7667,  1.00000000,1,0,0.050000000000000003,0.5
225.8000,  1.00000000,1,0,0.10000000000000001,0.5
225.8333,  1.00000000,1,0,0.074999999999999997,0.5
225.8667,  1.00000000,1,0,0.0,0.5
225.9000,  1.00000000,1,0,0.074999999999999997,0.5
225.9333,  1.00000000,1,0,0.074999999999999997,0.5
225.9667,  1.00000000,1,0,0.10000000000000001,0.5
226.0000,  1.00000000,1,0,0.025000000000000001,0.5
226.0333,  1.00000000,1,0,0.025000000000000001,0.5
226.0667,  1.00000000,1,0,0.0,0.5
226.1000,  1.00000000,1,0,0.050000000000000003,0.5
226.1333,  1.00000000,1,0,0.050000000000000003,0.5
226.1667,  1.00000000,1,0,0.050000000000000003,0.5
226.2000,  1.00000000,1,0,0.025000000000000001,0.5
226.2333,  1.00000000,1,0,0.025000000000000001,0.5
226.2667,  1.00000000,1,0,0.10000000000000001,0.5
226.3000,  1.00000000,1,0,0.050000000000000003,0.5
226.3333,  1.00000000,1,0,0.025000000000000001,0.5
226.3667,  1.00000000,1,0,0.050000000000000003,0.5
226.4000,  1.00000000,1,0,0.025000000000000001,0.5
226.4333,  1.00000000,1,0,0.025000000000000001,0.5
226.4667,  1.00000000,1,0,0.050000000000000003,0.5
226.5000,  1.00000000,1,0,0.050000000000000003,0.5
226.5333,  1.00000000,1,0,0.025000000000000001,0.5
226.5667,  1.00000000,1,0,0.025000000000000001,0.5
226.6000,  1.00000000,1,0,0.050000000000000003,0.5
226.6333,  1.00000000,1,0,0.10000000000000001,0.5
226.6667,  1.00000000,1,0,0.0,0.5
226.7000,  1.00000000,1,0,0.10000000000000001,0.5
226.7333,  1.00000000,1,0,0.125,0.5
226.7667,  1.00000000,1,0,0.025000000000000001,0.5
226.8000,  1.00000000,1,0,0.050000000000000003,0.5
226.8333,  1.00000000,1,0,0.10000000000000001,0.5
226.8667,  1.00000000,1,0,0.074999999999999997,0.5
226.9000,  1.00000000,1,0,0.125,0.5
226.9333,  1.00000000,1,0,0.050000000000000003,0.5
226.9667,  1.00000000,1,0,0.10000000000000001,0.5
227.0000,  1.00000000,1,0,0.14999999999999999,0.5
227.0333,  1.00000000,1,0,0.074999999999999997,0.5
227.0667,  1.00000000,1,0,0.14999999999999999,0.5
227.1000,  1.00000000,1,0,0.125,0.5
227.1333,  1.00000000,1,0,0.10000000000000001,0.5
227.1667,  1.00000000,1,0,0.10000000000000001,0.5
227.2000,  1.00000000,1,0,0.125,0.5
227.2333,  1.00000000,1,0,0.050000000000000003,0.5
227.2667,  1.00000000,1,0,0.074999999999999997,0.5
227.3000,  1.00000000,1,0,0.125,0.5
227.3333,  1.00000000,1,0,0.074999999999999997,0.5
227.3667,  1.00000000,1,0,0.14999999999999999,0.5
227.4000,  1.00000000,1,0,0.10000000000000001,0.5
227.4333,  1.00000000,1,0,0.14999999999999999,0.5
227.4667,  1.00000000,1,0,0.14999999999999999,0.5
227.5000,  1.00000000,1,0,0.125,0.5
227.5333,  1.00000000,1,0,0.050000000000000003,0.5
227.5667,  1.00000000,1,0,0.10000000000000001,0.5
227.6000,  1.00000000,1,0,0.125,0.5
227.6333,  1.00000000,1,0,0.074999999999999997,0.5
227.6667,  1.00000000,1,0,0.0,0.5
227.7000,  1.00000000,1,0,0.025000000000000001,0.5
227.7333,  1.00000000,1,0,0.025000000000000001,0.5
227.7667,  1.00000000,1,0,0.10000000000000001,0.5
227.8000,  1.00000000,1,0,0.050000000000000003,0.5
227.8333,  1.00000000,1,0,0.074999999999999997,0.5
227.8667,  1.00000000,1,0,0.125,0.5
227.9000,  1.00000000,1,0,0.10000000000000001,0.5
227.9333,  1.00000000,1,0,0.025000000000000001,0.5
227.9667,  1.00000000,1,0,0.074999999999999997,0.5
228.0000,  1.00000000,1,0,0.025000000000000001,0.5
228.0333,  1.00000000,1,0,0.074999999999999997,0.5
228.0667,  1.00000000,1,0,0.10000000000000001,0.5
228.1000,  1.00000000,1,0,0.074999999999999997,0.5
228.1333,  1.00000000,1,0,0.050000000000000003,0.5
228.1667,  1.00000000,1,0,0.050000000000000003,0.5
228.2000,  1.00000000,1,0,0.050000000000000003,0.5
228.2333,  1.00000000,1,0,0.10000000000000001,0.5
228.2667,  1.00000000,1,0,0.125,0.5
228.3000,  1.00000000,1,0,0.050000000000000003,0.5
228.3333,  1.00000000,1,0,0.025000000000000001,0.5
228.3667,  1.00000000,1,0,0.074999999999999997,0.5
228.4000,  1.00000000,1,0,0.074999999999999997,0.5
228.4333,  1.00000000,1,0,0.074999999999999997,0.5
228.4667,  1.00000000,1,0,0.050000000000000003,0.5
228.5000,  1.00000000,1,0,0.10000000000000001,0.5
228.5333,  1.00000000,1,0,0.074999999999999997,0.5
228.5667,  1.00000000,1,0,0.0,0.5
228.6000,  1.00000000,1,0,0.10000000000000001,0.5
228.6333,  1.00000000,1,0,0.050000000000000003,0.5
228.6667,  1.00000000,1,0,0.050000000000000003,0.5
228.7000,  1.00000000,1,0,0.125,0.5
228.7333,  1.00000000,1,0,0.074999999999999997,0.5
228.7667,  1.00000000,1,0,0.050000000000000003,0.5
228.8000,  1.00000000,1,0,0.050000000000000003,0.5
228.8333,  1.00000000,1,0,0.025000000000000001,0.5
228.8667,  1.00000000,1,0,0.050000000000000003,0.5
228.9000,  1.00000000,1,0,0.125,0.5
228.9333,  1.00000000,1,0,0.025000000000000001,0.5
228.9667,  1.00000000,1,0,0.050000000000000003,0.5
229.0000,  1.00000000,1,0,0.025000000000000001,0.5
229.0333,  1.00000000,1,0,0.025000000000000001,0.5
229.0667,  1.00000000,1,0,0.074999999999999997,0.5
229.1000,  1.00000000,1,0,0.050000000000000003,0.5
229.1333,  1.00000000,1,0,0.050000000000000003,0.5
229.1667,  1.00000000,1,0,0.125,0.5
229.2000,  1.00000000,1,0,0.050000000000000003,0.5
229.2333,  1.00000000,1,0,0.050000000000000003,0.5
229.2667,  1.00000000,1,0,0.10000000000000001,0.5
229.3000,  1.00000000,1,0,0.10000000000000001,0.5
229.3333,  1.00000000,1,0,0.025000000000000001,0.5
229.3667,  1.00000000,1,0,0.10000000000000001,0.5
229.4000,  1.00000000,1,0,0.125,0.5
229.4333,  1.00000000,1,0,0.10000000000000001,0.5
229.4667,  1.00000000,1,0,0.050000000000000003,0.5
229.5000,  1.00000000,1,0,0.10000000000000001,0.5
229.5333,  1.00000000,1,0,0.125,0.5
229.5667,  1.00000000,1,0,0.074999999999999997,0.5
229.6000,  1.00000000,1,0,0.125,0.5
229.6333,  1.00000000,1,0,0.10000000000000001,0.5
229.6667,  1.00000000,1,0,0.074999999999999997,0.5
229.7000,  1.00000000,1,0,0.025000000000000001,0.5
229.7333,  1.00000000,1,0,0.025000000000000001,0.5
229.7667,  1.00000000,1,0,0.050000000000000003,0.5
229.8000,  1.00000000,1,0,0.10000000000000001,0.5
229.8333,  1.00000000,1,0,0.025000000000000001,0.5
229.8667,  1.00000000,1,0,0.10000000000000001,0.5
229.9000,  1.00000000,1,0,0.074999999999999997,0.5
229.9333,  1.00000000,1,0,0.074999999999999997,0.5
229.9667,  1.00000000,1,0,0.074999999999999997,0.5
230.0000,  1.00000000,1,0,0.10000000000000001,0.5
230.0333,  1.00000000,1,0,0.074999999999999997,0.5
230.0667,  1.00000000,1,0,0.025000000000000001,0.5
230.1000,  1.00000000,1,0,0.025000000000000001,0.5
230.1333,  1.00000000,1,0,0.10000000000000001,0.5
230.1667,  1.00000000,1,0,0.10000000000000001,0.5
230.2000,  1.00000000,1,0,0.10000000000000001,0.5
230.2333,  1.00000000,1,0,0.10000000000000001,0.5
230.2667,  1.00000000,1,0,0.10000000000000001,0.5
230.3000,  1.00000000,1,0,0.074999999999999997,0.5
230.3333,  1.00000000,1,0,0.10000000000000001,0.5
230.3667,  1.00000000,1,0,0.10000000000000001,0.5
230.4000,  1.00000000,1,0,0.10000000000000001,0.5
230.4333,  1.00000000,1,0,0.10000000000000001,0.5
230.4667,  1.00000000,1,0,0.10000000000000001,0.5
230.5000,  1.00000000,1,0,0.10000000000000001,0.5
230.5333,  1.00000000,1,0,0.074999999999999997,0.5
230.5667,  1.00000000,1,0,0.10000000000000001,0.5
230.6000,  1.00000000,1,0,0.10000000000000001,0.5
230.6333,  1.00000000,1,0,0.10000000000000001,0.5
230.6667,  1.00000000,1,0,0.10000000000000001,0.5
230.7000,  1.00000000,1,0,0.10000000000000001,0.5
230.7333,  1.00000000,1,0,0.10000000000000001,0.5
230.7667,  1.00000000,1,0,0.050000000000000003,0.5
230.8000,  1.00000000,1,0,0.074999999999999997,0.5
230.8333,  1.00000000,1,0,0.074999999999999997,0.5
230.8667,  1.00000000,1,0,0.074999999999999997,0.5
230.9000,  1.00000000,1,0,0.10000000000000001,0.5
230.9333,  1.00000000,1,0,0.10000000000000001,0.5
230.9667,  1.00000000,1,0,0.10000000000000001,0.5
231.0000,  1.00000000,1,0,0.025000000000000001,0.5
231.0333,  1.00000000,1,0,0.10000000000000001,0.5
231.0667,  1.00000000,1,0,0.10000000000000001,0.5
231.1000,  1.00000000,1,0,0.10000000000000001,0.5
231.1333,  1.00000000,1,0,0.074999999999999997,0.5
231.1667,  1.00000000,1,0,0.074999999999999997,0.5
231.2000,  1.00000000,1,0,0.10000000000000001,0.5
231.2333,  1.00000000,1,0,0.10000000000000001,0.5
231.2667,  1.00000000,1,0,0.10000000000000001,0.5
231.3000,  1.00000000,1,0,0.074999999999999997,0.5
231.3333,  1.00000000,1,0,0.10000000000000001,0.5
231.3667,  1.00000000,1,0,0.10000000000000001,0.5
231.4000,  1.00000000,1,0,0.10000000000000001,0.5
231.4333,  1.00000000,1,0,0.10000000000000001,0.5
231.4667,  1.00000000,1,0,0.10000000000000001,0.5
231.5000,  1.00000000,1,0,0.10000000000000001,0.5
231.5333,  1.00000000,1,0,0.10000000000000001,0.5
231.5667,  1.00000000,1,0,0.050000000000000003,0.5
231.6000,  1.00000000,1,0,0.074999999999999997,0.5
231.6333,  1.00000000,1,0,0.10000000000000001,0.5
231.6667,  1.00000000,1,0,0.10000000000000001,0.5
231.7000,  1.00000000,1,0,0.10000000000000001,0.5
231.7333,  1.00000000,1,0,0.050000000000000003,0.5
231.7667,  1.00000000,1,0,0.10000000000000001,0.5
231.8000,  1.00000000,1,0,0.074999999999999997,0.5
231.8333,  1.00000000,1,0,0.074999999999999997,0.5
231.8667,  1.00000000,1,0,0.10000000000000001,0.5
231.9000,  1.00000000,1,0,0.074999999999999997,0.5
231.9333,  1.00000000,1,0,0.10000000000000001,0.5
231.9667,  1.00000000,1,0,0.074999999999999997,0.5
232.0000,  1.00000000,1,0,0.050000000000000003,0.5
232.0333,  1.00000000,1,0,0.074999999999999997,0.5
232.0667,  1.00000000,1,0,0.074999999999999997,0.5
232.1000,  1.00000000,1,0,0.074999999999999997,0.5
232.1333,  1.00000000,1,0,0.074999999999999997,0.5
232.1667,  1.00000000,1,0,0.10000000000000001,0.5
232.2000,  1.00000000,1,0,0.10000000000000001,0.5
232.2333,  1.00000000,1,0,0.025000000000000001,0.5
232.2667,  1.00000000,1,0,0.050000000000000003,0.5
232.3000,  1.00000000,1,0,0.10000000000000001,0.5
232.3333,  1.00000000,1,0,0.10000000000000001,0.5
232.3667,  1.00000000,1,0,0.074999999999999997,0.5
232.4000,  1.00000000,1,0,0.10000000000000001,0.5
232.4333,  1.00000000,1,0,0.074999999999999997,0.5
232.4667,  1.00000000,1,0,0.074999999999999997,0.5
232.5000,  1.00000000,1,0,0.10000000000000001,0.5
232.5333,  1.00000000,1,0,0.10000000000000001,0.5
232.5667,  1.00000000,1,0,0.074999999999999997,0.5
232.6000,  1.00000000,1,0,0.10000000000000001,0.5
232.6333,  1.00000000,1,0,0.050000000000000003,0.5
232.6667,  1.00000000,1,0,0.10000000000000001,0.5
232.7000,  1.00000000,1,0,0.074999999999999997,0.5
232.7333,  1.00000000,1,0,0.050000000000000003,0.5
232.7667,  1.00000000,1,0,0.050000000000000003,0.5
232.8000,  1.00000000,1,0,0.10000000000000001,0.5
232.8333,  1.00000000,1,0,0.10000000000000001,0.5
232.8667,  1.00000000,1,0,0.074999999999999997,0.5
232.9000,  1.00000000,1,0,0.025000000000000001,0.5
232.9333,  1.00000000,1,0,0.074999999999999997,0.5
232.9667,  1.00000000,1,0,0.10000000000000001,0.5
233.0000,  1.00000000,1,0,0.10000000000000001,0.5
233.0333,  1.00000000,1,0,0.10000000000000001,0.5
233.0667,  1.00000000,1,0,0.10000000000000001,0.5
233.1000,  1.00000000,1,0,0.050000000000000003,0.5
233.1333,  1.00000000,1,0,0.10000000000000001,0.5
233.1667,  1.00000000,1,0,0.10000000000000001,0.5
233.2000,  1.00000000,1,0,0.10000000000000001,0.5
233.2333,  1.00000000,1,0,0.050000000000000003,0.5
233.2667,  1.00000000,1,0,0.050000000000000003,0.5
233.3000,  1.00000000,1,0,0.025000000000000001,0.5
233.3333,  1.00000000,1,0,0.074999999999999997,0.5
233.3667,  1.00000000,1,0,0.10000000000000001,0.5
233.4000,  1.00000000,1,0,0.074999999999999997,0.5
233.4333,  1.00000000,1,0,0.10000000000000001,0.5
233.4667,  1.00000000,1,0,0.10000000000000001,0.5
233.5000,  1.00000000,1,0,0.074999999999999997,0.5
233.5333,  1.00000000,1,0,0.10000000000000001,0.5
233.5667,  1.00000000,1,0,0.10000000000000001,0.5
233.6000,  1.00000000,1,0,0.050000000000000003,0.5
233.6333,  1.00000000,1,0,0.050000000000000003,0.5
233.6667,  1.00000000,1,0,0.10000000000000001,0.5
233.7000,  1.00000000,1,0,0.074999999999999997,0.5
233.7333,  1.00000000,1,0,0.10000000000000001,0.5
233.7667,  1.00000000,1,0,0.074999999999999997,0.5
233.8000,  1.00000000,1,0,0.074999999999999997,0.5
233.8333,  1.00000000,1,0,0.074999999999999997,0.5
233.8667,  1.00000000,1,0,0.025000000000000001,0.5
233.9000,  1.00000000,1,0,0.074999999999999997,0.5
233.9333,  1.00000000,1,0,0.10000000000000001,0.5
233.9667,  1.00000000,1,0,0.10000000000000001,0.5
234.0000,  1.00000000,1,0,0.074999999999999997,0.5
234.0333,  1.00000000,1,0,0.074999999999999997,0.5
234.0667,  1.00000000,1,0,0.074999999999999997,0.5
234.1000,  1.00000000,1,0,0.050000000000000003,0.5
234.1333,  1.00000000,1,0,0.074999999999999997,0.5
234.1667,  1.00000000,1,0,0.074999999999999997,0.5
234.2000,  1.00000000,1,0,0.074999999999999997,0.5
234.2333,  1.00000000,1,0,0.10000000000000001,0.5
234.2667,  1.00000000,1,0,0.050000000000000003,0.5
234.3000,  1.00000000,1,0,0.074999999999999997,0.5
234.3333,  1.00000000,1,0,0.074999999999999997,0.5
234.3667,  1.00000000,1,0,0.074999999999999997,0.5
234.4000,  1.00000000,1,0,0.10000000000000001,0.5
234.4333,  1.00000000,1,0,0.074999999999999997,0.5
234.4667,  1.00000000,1,0,0.10000000000000001,0.5
234.5000,  1.00000000,1,0,0.074999999999999997,0.5
234.5333,  1.00000000,1,0,0.025000000000000001,0.5
234.5667,  1.00000000,1,0,0.10000000000000001,0.5
234.6000,  1.00000000,1,0,0.050000000000000003,0.5
234.6333,  1.00000000,1,0,0.074999999999999997,0.5
234.6667,  1.00000000,1,0,0.10000000000000001,0.5
234.7000,  1.00000000,1,0,0.074999999999999997,0.5
234.7333,  1.00000000,1,0,0.050000000000000003,0.5
234.7667,  1.00000000,1,0,0.10000000000000001,0.5
234.8000,  1.00000000,1,0,0.10000000000000001,0.5
234.8333,  1.00000000,1,0,0.074999999999999997,0.5
234.8667,  1.00000000,1,0,0.10000000000000001,0.5
234.9000,  1.00000000,1,0,0.074999999999999997,0.5
234.9333,  1.00000000,1,0,0.10000000000000001,0.5
234.9667,  1.00000000,1,0,0.10000000000000001,0.5
235.0000,  1.00000000,1,0,0.025000000000000001,0.5
235.0333,  1.00000000,1,0,0.074999999999999997,0.5
235.0667,  1.00000000,1,0,0.025000000000000001,0.5
235.1000,  1.00000000,1,0,0.025000000000000001,0.5
235.1333,  1.00000000,1,0,0.074999999999999997,0.5
235.1667,  1.00000000,1,0,0.074999999999999997,0.5
235.2000,  1.00000000,1,0,0.10000000000000001,0.5
235.2333,  1.00000000,1,0,0.050000000000000003,0.5
235.2667,  1.00000000,1,0,0.10000000000000001,0.5
235.3000,  1.00000000,1,0,0.10000000000000001,0.5
235.3333,  1.00000000,1,0,0.050000000000000003,0.5
235.3667,  1.00000000,1,0,0.074999999999999997,0.5
235.4000,  1.00000000,1,0,0.10000000000000001,0.5
235.4333,  1.00000000,1,0,0.025000000000000001,0.5
235.4667,  1.00000000,1,0,0.074999999999999997,0.5
235.5000,  1.00000000,1,0,0.074999999999999997,0.5
235.5333,  1.00000000,1,0,0.025000000000000001,0.5
235.5667,  1.00000000,1,0,0.10000000000000001,0.5
235.6000,  1.00000000,1,0,0.10000000000000001,0.5
235.6333,  1.00000000,1,0,0.050000000000000003,0.5
235.6667,  1.00000000,1,0,0.050000000000000003,0.5
235.7000,  1.00000000,1,0,0.050000000000000003,0.5
235.7333,  1.00000000,1,0,0.10000000000000001,0.5
235.7667,  1.00000000,1,0,0.10000000000000001,0.5
235.8000,  1.00000000,1,0,0.10000000000000001,0.5
235.8333,  1.00000000,1,0,0.10000000000000001,0.5
235.8667,  1.00000000,1,0,0.10000000000000001,0.5
235.9000,  1.00000000,1,0,0.074999999999999997,0.5
235.9333,  1.00000000,1,0,0.050000000000000003,0.5
235.9667,  1.00000000,1,0,0.10000000000000001,0.5
236.0000,  1.00000000,1,0,0.10000000000000001,0.5
236.0333,  1.00000000,1,0,0.050000000000000003,0.5
236.0667,  1.00000000,1,0,0.050000000000000003,0.5
236.1000,  1.00000000,1,0,0.10000000000000001,0.5
236.1333,  1.00000000,1,0,0.074999999999999997,0.5
236.1667,  1.00000000,1,0,0.0,0.5
236.2000,  1.00000000,1,0,0.074999999999999997,0.5
236.2333,  1.00000000,1,0,0.025000000000000001,0.5
236.2667,  1.00000000,1,0,0.050000000000000003,0.5
236.3000,  1.00000000,1,0,0.10000000000000001,0.5
236.3333,  1.00000000,1,0,0.074999999999999997,0.5
236.3667,  1.00000000,1,0,0.10000000000000001,0.5
236.4000,  1.00000000,1,0,0.10000000000000001,0.5
236.4333,  1.00000000,1,0,0.10000000000000001,0.5
236.4667,  1.00000000,1,0,0.050000000000000003,0.5
236.5000,  1.00000000,1,0,0.074999999999999997,0.5
236.5333,  1.00000000,1,0,0.050000000000000003,0.5
236.5667,  1.00000000,1,0,0.050000000000000003,0.5
236.6000,  1.00000000,1,0,0.10000000000000001,0.5
236.6333,  1.00000000,1,0,0.025000000000000001,0.5
236.6667,  1.00000000,1,0,0.050000000000000003,0.5
236.7000,  1.00000000,1,0,0.025000000000000001,0.5
236.7333,  1.00000000,1,0,0.0,0.5
236.7667,  1.00000000,1,0,0.074999999999999997,0.5
236.8000,  1.00000000,1,0,0.050000000000000003,0.5
236.8333,  1.00000000,1,0,0.074999999999999997,0.5
236.8667,  1.00000000,1,0,0.074999999999999997,0.5
236.9000,  1.00000000,1,0,0.10000000000000001,0.5
236.9333,  1.00000000,1,0,0.074999999999999997,0.5
236.9667,  1.00000000,1,0,0.10000000000000001,0.5
237.0000,  1.00000000,1,0,0.025000000000000001,0.5
237.0333,  1.00000000,1,0,0.10000000000000001,0.5
237.0667,  1.00000000,1,0,0.10000000000000001,0.5
237.1000,  1.00000000,1,0,0.025000000000000001,0.5
237.1333,  1.00000000,1,0,0.050000000000000003,0.5
237.1667,  1.00000000,1,0,0.074999999999999997,0.5
237.2000,  1.00000000,1,0,0.050000000000000003,0.5
237.2333,  1.00000000,1,0,0.050000000000000003,0.5
237.2667,  1.00000000,1,0,0.050000000000000003,0.5
237.3000,  1.00000000,1,0,0.074999999999999997,0.5
237.3333,  1.00000000,1,0,0.050000000000000003,0.5
237.3667,  1.00000000,1,0,0.10000000000000001,0.5
237.4000,  1.00000000,1,0,0.074999999999999997,0.5
237.4333,  1.00000000,1,0,0.025000000000000001,0.5
237.4667,  1.00000000,1,0,0.10000000000000001,0.5
237.5000,  1.00000000,1,0,0.074999999999999997,0.5
237.5333,  1.00000000,1,0,0.050000000000000003,0.5
237.5667,  1.00000000,1,0,0.050000000000000003,0.5
237.6000,  1.00000000,1,0,0.074999999999999997,0.5
237.6333,  1.00000000,1,0,0.025000000000000001,0.5
237.6667,  1.00000000,1,0,0.10000000000000001,0.5
237.7000,  1.00000000,1,0,0.10000000000000001,0.5
237.7333,  1.00000000,1,0,0.10000000000000001,0.5
237.7667,  1.00000000,1,0,0.074999999999999997,0.5
237.8000,  1.00000000,1,0,0.10000000000000001,0.5
237.8333,  1.00000000,1,0,0.10000000000000001,0.5
237.8667,  1.00000000,1,0,0.10000000000000001,0.5
237.9000,  1.00000000,1,0,0.0,0.5
237.9333,  1.00000000,1,0,0.050000000000000003,0.5
237.9667,  1.00000000,1,0,0.050000000000000003,0.5
238.0000,  1.00000000,1,0,0.10000000000000001,0.5
238.0333,  1.00000000,1,0,0.025000000000000001,0.5
238.0667,  1.00000000,1,0,0.074999999999999997,0.5
238.1000,  1.00000000,1,0,0.050000000000000003,0.5
238.1333,  1.00000000,1,0,0.050000000000000003,0.5
238.1667,  1.00000000,1,0,0.050000000000000003,0.5
238.2000,  1.00000000,1,0,0.050000000000000003,0.5
238.2333,  1.00000000,1,0,0.074999999999999997,0.5
238.2667,  1.00000000,1,0,0.074999999999999997,0.5
238.3000,  1.00000000,1,0,0.050000000000000003,0.5
238.3333,  1.00000000,1,0,0.050000000000000003,0.5
238.3667,  1.00000000,1,0,0.074999999999999997,0.5
238.4000,  1.00000000,1,0,0.0,0.5
238.4333,  1.00000000,1,0,0.10000000000000001,0.5
238.4667,  1.00000000,1,0,0.050000000000000003,0.5
238.5000,  1.00000000,1,0,0.10000000000000001,0.5
238.5333,  1.00000000,1,0,0.025000000000000001,0.5
238.5667,  1.00000000,1,0,0.050000000000000003,0.5
238.6000,  1.00000000,1,0,0.050000000000000003,0.5
238.6333,  1.00000000,1,0,0.074999999999999997,0.5
238.6667,  1.00000000,1,0,0.025000000000000001,0.5
238.7000,  1.00000000,1,0,0.074999999999999997,0.5
238.7333,  1.00000000,1,0,0.10000000000000001,0.5
238.7667,  1.00000000,1,0,0.10000000000000001,0.5
238.8000,  1.00000000,1,0,0.10000000000000001,0.5
238.8333,  1.00000000,1,0,0.050000000000000003,0.5
238.8667,  1.00000000,1,0,0.10000000000000001,0.5
238.9000,  1.00000000,1,0,0.025000000000000001,0.5
238.9333,  1.00000000,1,0,0.0,0.5
238.9667,  1.00000000,1,0,0.050000000000000003,0.5
239.0000,  1.00000000,1,0,0.074999999999999997,0.5
239.0333,  1.00000000,1,0,0.074999999999999997,0.5
239.0667,  1.00000000,1,0,0.025000000000000001,0.5
239.1000,  1.00000000,1,0,0.050000000000000003,0.5
239.1333,  1.00000000,1,0,0.10000000000000001,0.5
239.1667,  1.00000000,1,0,0.10000000000000001,0.5
239.2000,  1.00000000,1,0,0.10000000000000001,0.5
239.2333,  1.00000000,1,0,0.10000000000000001,0.5
239.2667,  1.00000000,1,0,0.074999999999999997,0.5
239.3000,  1.00000000,1,0,0.074999999999999997,0.5
239.3333,  1.00000000,1,0,0.10000000000000001,0.5
239.3667,  1.00000000,1,0,0.025000000000000001,0.5
239.4000,  1.00000000,1,0,0.050000000000000003,0.5
239.4333,  1.00000000,1,0,0.025000000000000001,0.5
239.4667,  1.00000000,1,0,0.050000000000000003,0.5
239.5000,  1.00000000,1,0,0.025000000000000001,0.5
239.5333,  1.00000000,1,0,0.025000000000000001,0.5
239.5667,  1.00000000,1,0,0.050000000000000003,0.5
239.6000,  1.00000000,1,0,0.074999999999999997,0.5
239.6333,  1.00000000,1,0,0.10000000000000001,0.5
239.6667,  1.00000000,1,0,0.050000000000000003,0.5
239.7000,  1.00000000,1,0,0.0,0.5
239.7333,  1.00000000,1,0,0.025000000000000001,0.5
239.7667,  1.00000000,1,0,0.025000000000000001,0.5
239.8000,  1.00000000,1,0,0.050000000000000003,0.5
239.8333,  1.00000000,1,0,0.074999999999999997,0.5
239.8667,  1.00000000,1,0,0.050000000000000003,0.5
239.9000,  1.00000000,1,0,0.074999999999999997,0.5
239.9333,  1.00000000,1,0,0.10000000000000001,0.5
239.9667,  1.00000000,1,0,0.074999999999999997,0.5
240.0000,  1.00000000,1,0,0.025000000000000001,0.5
240.0333,  1.00000000,1,0,0.050000000000000003,0.5
240.0667,  1.00000000,1,0,0.0,0.5
240.1000,  1.00000000,1,0,0.025000000000000001,0.5
240.1333,  1.00000000,1,0,0.074999999999999997,0.5
240.1667,  1.00000000,1,0,0.074999999999999997,0.5
240.2000,  1.00000000,1,0,0.050000000000000003,0.5
240.2333,  1.00000000,1,0,0.074999999999999997,0.5
240.2667,  1.00000000,1,0,0.10000000000000001,0.5
240.3000,  1.00000000,1,0,0.0,0.5
240.3333,  1.00000000,1,0,0.074999999999999997,0.5
240.3667,  1.00000000,1,0,0.074999999999999997,0.5
240.4000,  1.00000000,1,0,0.025000000000000001,0.5
240.4333,  1.00000000,1,0,0.050000000000000003,0.5
240.4667,  1.00000000,1,0,0.025000000000000001,0.5
240.5000,  1.00000000,1,0,0.050000000000000003,0.5
240.5333,  1.00000000,1,0,0.074999999999999997,0.5
240.5667,  1.00000000,1,0,0.0,0.5
240.6000,  1.00000000,1,0,0.0,0.5
240.6333,  1.00000000,1,0,0.025000000000000001,0.5
240.6667,  1.00000000,1,0,0.050000000000000003,0.5
240.7000,  1.00000000,1,0,0.025000000000000001,0.5
240.7333,  1.00000000,1,0,0.025000000000000001,0.5
240.7667,  1.00000000,1,0,0.074999999999999997,0.5
240.8000,  1.00000000,1,0,0.025000000000000001,0.5
240.8333,  1.00000000,1,0,0.074999999999999997,0.5
240.8667,  1.00000000,1,0,0.025000000000000001,0.5
240.9000,  1.00000000,1,0,0.050000000000000003,0.5
240.9333,  1.00000000,1,0,0.025000000000000001,0.5
240.9667,  1.00000000,1,0,0.050000000000000003,0.5
241.0000,  1.00000000,1,0,0.025000000000000001,0.5
241.0333,  1.00000000,1,0,0.074999999999999997,0.5
241.0667,  1.00000000,1,0,0.050000000000000003,0.5
241.1000,  1.00000000,1,0,0.025000000000000001,0.5
241.1333,  1.00000000,1,0,0.025000000000000001,0.5
241.1667,  1.00000000,1,0,0.025000000000000001,0.5
241.2000,  1.00000000,1,0,0.025000000000000001,0.5
241.2333,  1.00000000,1,0,0.050000000000000003,0.5
241.2667,  1.00000000,1,0,0.025000000000000001,0.5
241.3000,  1.00000000,1,0,0.10000000000000001,0.5
241.3333,  1.00000000,1,0,0.10000000000000001,0.5
241.3667,  1.00000000,1,0,0.050000000000000003,0.5
241.4000,  1.00000000,1,0,0.074999999999999997,0.5
241.4333,  1.00000000,1,0,0.025000000000000001,0.5
241.4667,  1.00000000,1,0,0.025000000000000001,0.5
241.5000,  1.00000000,1,0,0.050000000000000003,0.5
241.5333,  1.00000000,1,0,0.074999999999999997,0.5
241.5667,  1.00000000,1,0,0.0,0.5
241.6000,  1.00000000,1,0,0.074999999999999997,0.5
241.6333,  1.00000000,1,0,0.0,0.5
241.6667,  1.00000000,1,0,0.025000000000000001,0.5
241.7000,  1.00000000,1,0,0.050000000000000003,0.5
241.7333,  1.00000000,1,0,0.074999999999999997,0.5
241.7667,  1.00000000,1,0,0.0,0.5
241.8000,  1.00000000,1,0,0.050000000000000003,0.5
241.8333,  1.00000000,1,0,0.074999999999999997,0.5
241.8667,  1.00000000,1,0,0.025000000000000001,0.5
241.9000,  1.00000000,1,0,0.025000000000000001,0.5
241.9333,  1.00000000,1,0,0.025000000000000001,0.5
241.9667,  1.00000000,1,0,0.025000000000000001,0.5
242.0000,  1.00000000,1,0,0.025000000000000001,0.5
242.0333,  1.00000000,1,0,0.050000000000000003,0.5
242.0667,  1.00000000,1,0,0.025000000000000001,0.5
242.1000,  1.00000000,1,0,0.0,0.5
242.1333,  1.00000000,1,0,0.10000000000000001,0.5
242.1667,  1.00000000,1,0,0.050000000000000003,0.5
242.2000,  1.00000000,1,0,0.0,0.5
242.2333,  1.00000000,1,0,0.025000000000000001,0.5
242.2667,  1.00000000,1,0,0.050000000000000003,0.5
242.3000,  1.00000000,1,0,0.050000000000000003,0.5
242.3333,  1.00000000,1,0,0.025000000000000001,0.5
242.3667,  1.00000000,1,0,0.025000000000000001,0.5
242.4000,  1.00000000,1,0,0.050000000000000003,0.5
242.4333,  1.00000000,1,0,0.0,0.5
242.4667,  1.00000000,1,0,0.025000000000000001,0.5
242.5000,  1.00000000,1,0,0.050000000000000003,0.5
242.5333,  1.00000000,1,0,0.050000000000000003,0.5
242.5667,  1.00000000,1,0,0.10000000000000001,0.5
242.6000,  1.00000000,1,0,0.074999999999999997,0.5
242.6333,  1.00000000,1,0,0.074999999999999997,0.5
242.6667,  1.00000000,1,0,0.025000000000000001,0.5
242.7000,  1.00000000,1,0,0.0,0.5
242.7333,  1.00000000,1,0,0.050000000000000003,0.5
242.7667,  1.00000000,1,0,0.074999999999999997,0.5
242.8000,  1.00000000,1,0,0.025000000000000001,0.5
242.8333,  1.00000000,1,0,0.074999999999999997,0.5
242.8667,  1.00000000,1,0,0.050000000000000003,0.5
242.9000,  1.00000000,1,0,0.074999999999999997,0.5
242.9333,  1.00000000,1,0,0.025000000000000001,0.5
242.9667,  1.00000000,1,0,0.050000000000000003,0.5
243.0000,  1.00000000,1,0,0.0,0.5
243.0333,  1.00000000,1,0,0.025000000000000001,0.5
243.0667,  1.00000000,1,0,0.074999999999999997,0.5
243.1000,  1.00000000,1,0,0.050000000000000003,0.5
243.1333,  1.00000000,1,0,0.0,0.5
243.1667,  1.00000000,1,0,0.10000000000000001,0.5
243.2000,  1.00000000,1,0,0.074999999999999997,0.5
243.2333,  1.00000000,1,0,0.0,0.5
243.2667,  1.00000000,1,0,0.0,0.5
243.3000,  1.00000000,1,0,0.0,0.5
243.3333,  1.00000000,1,0,0.0,0.5
243.3667,  1.00000000,1,0,0.0,0.5
243.4000,  1.00000000,1,0,0.0,0.5
243.4333,  1.00000000,1,0,0.025000000000000001,0.5
243.4667,  1.00000000,1,0,0.0,0.5
243.5000,  1.00000000,1,0,0.050000000000000003,0.5
243.5333,  1.00000000,1,0,0.025000000000000001,0.5
243.5667,  1.00000000,1,0,0.050000000000000003,0.5
243.6000,  1.00000000,1,0,0.025000000000000001,0.5
243.6333,  1.00000000,1,0,0.050000000000000003,0.5
243.6667,  1.00000000,1,0,0.10000000000000001,0.5
243.7000,  1.00000000,1,0,0.074999999999999997,0.5
243.7333,  1.00000000,1,0,0.050000000000000003,0.5
243.7667,  1.00000000,1,0,0.074999999999999997,0.5
243.8000,  1.00000000,1,0,0.025000000000000001,0.5
243.8333,  1.00000000,1,0,0.10000000000000001,0.5
243.8667,  1.00000000,1,0,0.050000000000000003,0.5
243.9000,  1.00000000,1,0,0.074999999999999997,0.5
243.9333,  1.00000000,1,0,0.0,0.5
243.9667,  1.00000000,1,0,0.074999999999999997,0.5
244.0000,  1.00000000,1,0,0.10000000000000001,0.5
244.0333,  1.00000000,1,0,0.0,0.5
244.0667,  1.00000000,1,0,0.025000000000000001,0.5
244.1000,  1.00000000,1,0,0.050000000000000003,0.5
244.1333,  1.00000000,1,0,0.074999999999999997,0.5
244.1667,  1.00000000,1,0,0.074999999999999997,0.5
244.2000,  1.00000000,1,0,0.050000000000000003,0.5
244.2333,  1.00000000,1,0,0.0,0.5
244.2667,  1.00000000,1,0,0.050000000000000003,0.5
244.3000,  1.00000000,1,0,0.10000000000000001,0.5
244.3333,  1.00000000,1,0,0.074999999999999997,0.5
244.3667,  1.00000000,1,0,0.050000000000000003,0.5
244.4000,  1.00000000,1,0,0.025000000000000001,0.5
244.4333,  1.00000000,1,0,0.025000000000000001,0.5
244.4667,  1.00000000,1,0,0.050000000000000003,0.5
244.5000,  1.00000000,1,0,0.025000000000000001,0.5
244.5333,  1.00000000,1,0,0.025000000000000001,0.5
244.5667,  1.00000000,1,0,0.025000000000000001,0.5
244.6000,  1.00000000,1,0,0.074999999999999997,0.5
244.6333,  1.00000000,1,0,0.050000000000000003,0.5
244.6667,  1.00000000,1,0,0.050000000000000003,0.5
244.7000,  1.00000000,1,0,0.025000000000000001,0.5
244.7333,  1.00000000,1,0,0.074999999999999997,0.5
244.7667,  1.00000000,1,0,0.050000000000000003,0.5
244.8000,  1.00000000,1,0,0.050000000000000003,0.5
244.8333,  1.00000000,1,0,0.0,0.5
244.8667,  1.00000000,1,0,0.025000000000000001,0.5
244.9000,  1.00000000,1,0,0.025000000000000001,0.5
244.9333,  1.00000000,1,0,0.025000000000000001,0.5
244.9667,  1.00000000,1,0,0.025000000000000001,0.5
245.0000,  1.00000000,1,0,0.0,0.5
245.0333,  1.00000000,1,0,0.0,0.5
245.0667,  1.00000000,1,0,0.025000000000000001,0.5
245.1000,  1.00000000,1,0,0.050000000000000003,0.5
245.1333,  1.00000000,1,0,0.0,0.5
245.1667,  1.00000000,1,0,0.025000000000000001,0.5
245.2000,  1.00000000,1,0,0.0,0.5
245.2333,  1.00000000,1,0,0.050000000000000003,0.5
245.2667,  1.00000000,1,0,0.050000000000000003,0.5
245.3000,  1.00000000,1,0,0.074999999999999997,0.5
245.3333,  1.00000000,1,0,0.074999999999999997,0.5
245.3667,  1.00000000,1,0,0.0,0.5
245.4000,  1.00000000,1,0,0.050000000000000003,0.5
245.4333,  1.00000000,1,0,0.025000000000000001,0.5
245.4667,  1.00000000,1,0,0.0,0.5
245.5000,  1.00000000,1,0,0.025000000000000001,0.5
245.5333,  1.00000000,1,0,0.025000000000000001,0.5
245.5667,  1.00000000,1,0,0.0,0.5
245.6000,  1.00000000,1,0,0.050000000000000003,0.5
245.6333,  1.00000000,1,0,0.0,0.5
245.6667,  1.00000000,1,0,0.025000000000000001,0.5
245.7000,  1.00000000,1,0,0.074999999999999997,0.5
245.7333,  1.00000000,1,0,0.025000000000000001,0.5
245.7667,  1.00000000,1,0,0.0,0.5
245.8000,  1.00000000,1,0,0.074999999999999997,0.5
245.8333,  1.00000000,1,0,0.074999999999999997,0.5
245.8667,  1.00000000,1,0,0.050000000000000003,0.5
245.9000,  1.00000000,1,0,0.025000000000000001,0.5
245.9333,  1.00000000,1,0,0.0,0.5
245.9667,  1.00000000,1,0,0.10000000000000001,0.5
246.0000,  1.00000000,1,0,0.025000000000000001,0.5
246.0333,  1.00000000,1,0,0.025000000000000001,0.5
246.0667,  1.00000000,1,0,0.050000000000000003,0.5
246.1000,  1.00000000,1,0,0.074999999999999997,0.5
246.1333,  1.00000000,1,0,0.025000000000000001,0.5
246.1667,  1.00000000,1,0,0.050000000000000003,0.5
246.2000,  1.00000000,1,0,0.074999999999999997,0.5
246.2333,  1.00000000,1,0,0.050000000000000003,0.5
246.2667,  1.00000000,1,0,0.074999999999999997,0.5
246.3000,  1.00000000,1,0,0.0,0.5
246.3333,  1.00000000,1,0,0.050000000000000003,0.5
246.3667,  1.00000000,1,0,0.050000000000000003,0.5
246.4000,  1.00000000,1,0,0.050000000000000003,0.5
246.4333,  1.00000000,1,0,0.10000000000000001,0.5
246.4667,  1.00000000,1,0,0.050000000000000003,0.5
246.5000,  1.00000000,1,0,0.050000000000000003,0.5
246.5333,  1.00000000,1,0,0.050000000000000003,0.5
246.5667,  1.00000000,1,0,0.050000000000000003,0.5
246.6000,  1.00000000,1,0,0.050000000000000003,0.5
246.6333,  1.00000000,1,0,0.050000000000000003,0.5
246.6667,  1.00000000,1,0,0.074999999999999997,0.5
246.7000,  1.00000000,1,0,0.050000000000000003,0.5
246.7333,  1.00000000,1,0,0.025000000000000001,0.5
246.7667,  1.00000000,1,0,0.025000000000000001,0.5
246.8000,  1.00000000,1,0,0.0,0.5
246.8333,  1.00000000,1,0,0.074999999999999997,0.5
246.8667,  1.00000000,1,0,0.025000000000000001,0.5
246.9000,  1.00000000,1,0,0.025000000000000001,0.5
246.9333,  1.00000000,1,0,0.074999999999999997,0.5
246.9667,  1.00000000,1,0,0.074999999999999997,0.5
247.0000,  1.00000000,1,0,0.025000000000000001,0.5
247.0333,  1.00000000,1,0,0.050000000000000003,0.5
247.0667,  1.00000000,1,0,0.050000000000000003,0.5
247.1000,  1.00000000,1,0,0.0,0.5
247.1333,  1.00000000,1,0,0.025000000000000001,0.5
247.1667,  1.00000000,1,0,0.0,0.5
247.2000,  1.00000000,1,0,0.050000000000000003,0.5
247.2333,  1.00000000,1,0,0.0,0.5
247.2667,  1.00000000,1,0,0.0,0.5
247.3000,  1.00000000,1,0,0.0,0.5
247.3333,  1.00000000,1,0,0.025000000000000001,0.5
247.3667,  1.00000000,1,0,0.025000000000000001,0.5
247.4000,  1.00000000,1,0,0.0,0.5
247.4333,  1.00000000,1,0,0.025000000000000001,0.5
247.4667,  1.00000000,1,0,0.050000000000000003,0.5
247.5000,  1.00000000,1,0,0.050000000000000003,0.5
247.5333,  1.00000000,1,0,0.025000000000000001,0.5
247.5667,  1.00000000,1,0,0.074999999999999997,0.5
247.6000,  1.00000000,1,0,0.074999999999999997,0.5
247.6333,  1.00000000,1,0,0.10000000000000001,0.5
247.6667,  1.00000000,1,0,0.074999999999999997,0.5
247.7000,  1.00000000,1,0,0.025000000000000001,0.5
247.7333,  1.00000000,1,0,0.050000000000000003,0.5
247.7667,  1.00000000,1,0,0.025000000000000001,0.5
247.8000,  1.00000000,1,0,0.10000000000000001,0.5
247.8333,  1.00000000,1,0,0.074999999999999997,0.5
247.8667,  1.00000000,1,0,0.074999999999999997,0.5
247.9000,  1.00000000,1,0,0.10000000000000001,0.5
247.9333,  1.00000000,1,0,0.025000000000000001,0.5
247.9667,  1.00000000,1,0,0.050000000000000003,0.5
248.0000,  1.00000000,1,0,0.074999999999999997,0.5
248.0333,  1.00000000,1,0,0.10000000000000001,0.5
248.0667,  1.00000000,1,0,0.10000000000000001,0.5
248.1000,  1.00000000,1,0,0.0,0.5
248.1333,  1.00000000,1,0,0.074999999999999997,0.5
248.1667,  1.00000000,1,0,0.025000000000000001,0.5
248.2000,  1.00000000,1,0,0.0,0.5
248.2333,  1.00000000,1,0,0.074999999999999997,0.5
248.2667,  1.00000000,1,0,0.0,0.5
248.3000,  1.00000000,1,0,0.050000000000000003,0.5
248.3333,  1.00000000,1,0,0.074999999999999997,0.5
248.3667,  1.00000000,1,0,0.0,0.5
248.4000,  1.00000000,1,0,0.050000000000000003,0.5
248.4333,  1.00000000,1,0,0.10000000000000001,0.5
248.4667,  1.00000000,1,0,0.074999999999999997,0.5
248.5000,  1.00000000,1,0,0.050000000000000003,0.5
248.5333,  1.00000000,1,0,0.0,0.5
248.5667,  1.00000000,1,0,0.025000000000000001,0.5
248.6000,  1.00000000,1,0,0.0,0.5
248.6333,  1.00000000,1,0,0.0,0.5
248.6667,  1.00000000,1,0,0.050000000000000003,0.5
248.7000,  1.00000000,1,0,0.050000000000000003,0.5
248.7333,  1.00000000,1,0,0.025000000000000001,0.5
248.7667,  1.00000000,1,0,0.050000000000000003,0.5
248.8000,  1.00000000,1,0,0.10000000000000001,0.5
248.8333,  1.00000000,1,0,0.10000000000000001,0.5
248.8667,  1.00000000,1,0,0.10000000000000001,0.5
248.9000,  1.00000000,1,0,0.050000000000000003,0.5
248.9333,  1.00000000,1,0,0.050000000000000003,0.5
248.9667,  1.00000000,1,0,0.050000000000000003,0.5
249.0000,  1.00000000,1,0,0.025000000000000001,0.5
249.0333,  1.00000000,1,0,0.10000000000000001,0.5
249.0667,  1.00000000,1,0,0.025000000000000001,0.5
249.1000,  1.00000000,1,0,0.050000000000000003,0.5
249.1333,  1.00000000,1,0,0.025000000000000001,0.5
249.1667,  1.00000000,1,0,0.025000000000000001,0.5
249.2000,  1.00000000,1,0,0.050000000000000003,0.5
249.2333,  1.00000000,1,0,0.10000000000000001,0.5
249.2667,  1.00000000,1,0,0.025000000000000001,0.5
249.3000,  1.00000000,1,0,0.025000000000000001,0.5
249.3333,  1.00000000,1,0,0.050000000000000003,0.5
249.3667,  1.00000000,1,0,0.050000000000000003,0.5
249.4000,  1.00000000,1,0,0.025000000000000001,0.5
249.4333,  1.00000000,1,0,0.0,0.5
249.4667,  1.00000000,1,0,0.050000000000000003,0.5
249.5000,  1.00000000,1,0,0.025000000000000001,0.5
249.5333,  1.00000000,1,0,0.050000000000000003,0.5
249.5667,  1.00000000,1,0,0.025000000000000001,0.5
249.6000,  1.00000000,1,0,0.074999999999999997,0.5
249.6333,  1.00000000,1,0,0.025000000000000001,0.5
249.6667,  1.00000000,1,0,0.074999999999999997,0.5
249.7000,  1.00000000,1,0,0.10000000000000001,0.5
249.7333,  1.00000000,1,0,0.050000000000000003,0.5
249.7667,  1.00000000,1,0,0.025000000000000001,0.5
249.8000,  1.00000000,1,0,0.074999999999999997,0.5
249.8333,  1.00000000,1,0,0.10000000000000001,0.5
249.8667,  1.00000000,1,0,0.10000000000000001,0.5
249.9000,  1.00000000,1,0,0.10000000000000001,0.5
249.9333,  1.00000000,1,0,0.050000000000000003,0.5
249.9667,  1.00000000,1,0,0.10000000000000001,0.5
250.0000,  1.00000000,1,0,0.050000000000000003,0.5
250.0333,  1.00000000,1,0,0.074999999999999997,0.5
250.0667,  1.00000000,1,0,0.074999999999999997,0.5
250.1000,  1.00000000,1,0,0.10000000000000001,0.5
250.1333,  1.00000000,1,0,0.074999999999999997,0.5
250.1667,  1.00000000,1,0,0.025000000000000001,0.5
250.2000,  1.00000000,1,0,0.050000000000000003,0.5
250.2333,  1.00000000,1,0,0.050000000000000003,0.5
250.2667,  1.00000000,1,0,0.025000000000000001,0.5
250.3000,  1.00000000,1,0,0.025000000000000001,0.5
250.3333,  1.00000000,1,0,0.050000000000000003,0.5
250.3667,  1.00000000,1,0,0.025000000000000001,0.5
250.4000,  1.00000000,1,0,0.050000000000000003,0.5
250.4333,  1.00000000,1,0,0.050000000000000003,0.5
250.4667,  1.00000000,1,0,0.050000000000000003,0.5
250.5000,  1.00000000,1,0,0.025000000000000001,0.5
250.5333,  1.00000000,1,0,0.025000000000000001,0.5
250.5667,  1.00000000,1,0,0.074999999999999997,0.5
250.6000,  1.00000000,1,0,0.074999999999999997,0.5
250.6333,  1.00000000,1,0,0.10000000000000001,0.5
250.6667,  1.00000000,1,0,0.10000000000000001,0.5
250.7000,  1.00000000,1,0,0.074999999999999997,0.5
250.7333,  1.00000000,1,0,0.074999999999999997,0.5
250.7667,  1.00000000,1,0,0.074999999999999997,0.5
250.8000,  1.00000000,1,0,0.10000000000000001,0.5
250.8333,  1.00000000,1,0,0.10000000000000001,0.5
250.8667,  1.00000000,1,0,0.10000000000000001,0.5
250.9000,  1.00000000,1,0,0.074999999999999997,0.5
250.9333,  1.00000000,1,0,0.050000000000000003,0.5
250.9667,  1.00000000,1,0,0.074999999999999997,0.5
251.0000,  1.00000000,1,0,0.074999999999999997,0.5
251.0333,  1.00000000,1,0,0.050000000000000003,0.5
251.0667,  1.00000000,1,0,0.050000000000000003,0.5
251.1000,  1.00000000,1,0,0.025000000000000001,0.5
251.1333,  1.00000000,1,0,0.074999999999999997,0.5
251.1667,  1.00000000,1,0,0.050000000000000003,0.5
251.2000,  1.00000000,1,0,0.074999999999999997,0.5
251.2333,  1.00000000,1,0,0.050000000000000003,0.5
251.2667,  1.00000000,1,0,0.074999999999999997,0.5
251.3000,  1.00000000,1,0,0.074999999999999997,0.5
251.3333,  1.00000000,1,0,0.050000000000000003,0.5
251.3667,  1.00000000,1,0,0.074999999999999997,0.5
251.4000,  1.00000000,1,0,0.025000000000000001,0.5
251.4333,  1.00000000,1,0,0.050000000000000003,0.5
251.4667,  1.00000000,1,0,0.025000000000000001,0.5
251.5000,  1.00000000,1,0,0.074999999999999997,0.5
251.5333,  1.00000000,1,0,0.025000000000000001,0.5
251.5667,  1.00000000,1,0,0.050000000000000003,0.5
251.6000,  1.00000000,1,0,0.050000000000000003,0.5
251.6333,  1.00000000,1,0,0.050000000000000003,0.5
251.6667,  1.00000000,1,0,0.074999999999999997,0.5
251.7000,  1.00000000,1,0,0.025000000000000001,0.5
251.7333,  1.00000000,1,0,0.050000000000000003,0.5
251.7667,  1.00000000,1,0,0.025000000000000001,0.5
251.8000,  1.00000000,1,0,0.074999999999999997,0.5
251.8333,  1.00000000,1,0,0.074999999999999997,0.5
251.8667,  1.00000000,1,0,0.050000000000000003,0.5
251.9000,  1.00000000,1,0,0.025000000000000001,0.5
251.9333,  1.00000000,1,0,0.074999999999999997,0.5
251.9667,  1.00000000,1,0,0.074999999999999997,0.5
252.0000,  1.00000000,1,0,0.074999999999999997,0.5
252.0333,  1.00000000,1,0,0.074999999999999997,0.5
252.0667,  1.00000000,1,0,0.074999999999999997,0.5
252.1000,  1.00000000,1,0,0.050000000000000003,0.5
252.1333,  1.00000000,1,0,0.050000000000000003,0.5
252.1667,  1.00000000,1,0,0.025000000000000001,0.5
252.2000,  1.00000000,1,0,0.025000000000000001,0.5
252.2333,  1.00000000,1,0,0.074999999999999997,0.5
252.2667,  1.00000000,1,0,0.074999999999999997,0.5
252.3000,  1.00000000,1,0,0.074999999999999997,0.5
252.3333,  1.00000000,1,0,0.0,0.5
252.3667,  1.00000000,1,0,0.025000000000000001,0.5
252.4000,  1.00000000,1,0,0.025000000000000001,0.5
252.4333,  1.00000000,1,0,0.074999999999999997,0.5
252.4667,  1.00000000,1,0,0.050000000000000003,0.5
252.5000,  1.00000000,1,0,0.0,0.5
252.5333,  1.00000000,1,0,0.025000000000000001,0.5
252.5667,  1.00000000,1,0,0.074999999999999997,0.5
252.6000,  1.00000000,1,0,0.050000000000000003,0.5
252.6333,  1.00000000,1,0,0.074999999999999997,0.5
252.6667,  1.00000000,1,0,0.074999999999999997,0.5
252.7000,  1.00000000,1,0,0.074999999999999997,0.5
252.7333,  1.00000000,1,0,0.074999999999999997,0.5
252.7667,  1.00000000,1,0,0.050000000000000003,0.5
252.8000,  1.00000000,1,0,0.074999999999999997,0.5
252.8333,  1.00000000,1,0,0.050000000000000003,0.5
252.8667,  1.00000000,1,0,0.074999999999999997,0.5
252.9000,  1.00000000,1,0,0.074999999999999997,0.5
252.9333,  1.00000000,1,0,0.074999999999999997,0.5
252.9667,  1.00000000,1,0,0.074999999999999997,0.5
253.0000,  1.00000000,1,0,0.074999999999999997,0.5
253.0333,  1.00000000,1,0,0.074999999999999997,0.5
253.0667,  1.00000000,1,0,0.074999999999999997,0.5
253.1000,  1.00000000,1,0,0.050000000000000003,0.5
253.1333,  1.00000000,1,0,0.074999999999999997,0.5
253.1667,  1.00000000,1,0,0.050000000000000003,0.5
253.2000,  1.00000000,1,0,0.050000000000000003,0.5
253.2333,  1.00000000,1,0,0.074999999999999997,0.5
253.2667,  1.00000000,1,0,0.074999999999999997,0.5
253.3000,  1.00000000,1,0,0.074999999999999997,0.5
253.3333,  1.00000000,1,0,0.074999999999999997,0.5
253.3667,  1.00000000,1,0,0.074999999999999997,0.5
253.4000,  1.00000000,1,0,0.074999999999999997,0.5
253.4333,  1.00000000,1,0,0.050000000000000003,0.5
253.4667,  1.00000000,1,0,0.074999999999999997,0.5
253.5000,  1.00000000,1,0,0.074999999999999997,0.5
253.5333,  1.00000000,1,0,0.074999999999999997,0.5
253.5667,  1.00000000,1,0,0.074999999999999997,0.5
253.6000,  1.00000000,1,0,0.074999999999999997,0.5
253.6333,  1.00000000,1,0,0.074999999999999997,0.5
253.6667,  1.00000000,1,0,0.074999999999999997,0.5
253.7000,  1.00000000,1,0,0.074999999999999997,0.5
253.7333,  1.00000000,1,0,0.074999999999999997,0.5
253.7667,  1.00000000,1,0,0.074999999999999997,0.5
253.8000,  1.00000000,1,0,0.074999999999999997,0.5
253.8333,  1.00000000,1,0,0.074999999999999997,0.5
253.8667,  1.00000000,1,0,0.050000000000000003,0.5
253.9000,  1.00000000,1,0,0.074999999999999997,0.5
253.9333,  1.00000000,1,0,0.050000000000000003,0.5
253.9667,  1.00000000,1,0,0.074999999999999997,0.5
254.0000,  1.00000000,1,0,0.074999999999999997,0.5
254.0333,  1.00000000,1,0,0.074999999999999997,0.5
254.0667,  1.00000000,1,0,0.074999999999999997,0.5
254.1000,  1.00000000,1,0,0.074999999999999997,0.5
254.1333,  1.00000000,1,0,0.050000000000000003,0.5
254.1667,  1.00000000,1,0,0.074999999999999997,0.5
254.2000,  1.00000000,1,0,0.074999999999999997,0.5
254.2333,  1.00000000,1,0,0.050000000000000003,0.5
254.2667,  1.00000000,1,0,0.050000000000000003,0.5
254.3000,  1.00000000,1,0,0.050000000000000003,0.5
254.3333,  1.00000000,1,0,0.074999999999999997,0.5
254.3667,  1.00000000,1,0,0.074999999999999997,0.5
254.4000,  1.00000000,1,0,0.074999999999999997,0.5
254.4333,  1.00000000,1,0,0.025000000000000001,0.5
254.4667,  1.00000000,1,0,0.074999999999999997,0.5
254.5000,  1.00000000,1,0,0.074999999999999997,0.5
254.5333,  1.00000000,1,0,0.025000000000000001,0.5
254.5667,  1.00000000,1,0,0.050000000000000003,0.5
254.6000,  1.00000000,1,0,0.074999999999999997,0.5
254.6333,  1.00000000,1,0,0.074999999999999997,0.5
254.6667,  1.00000000,1,0,0.050000000000000003,0.5
254.7000,  1.00000000,1,0,0.074999999999999997,0.5
254.7333,  1.00000000,1,0,0.074999999999999997,0.5
254.7667,  1.00000000,1,0,0.074999999999999997,0.5
254.8000,  1.00000000,1,0,0.074999999999999997,0.5
254.8333,  1.00000000,1,0,0.074999999999999997,0.5
254.8667,  1.00000000,1,0,0.025000000000000001,0.5
254.9000,  1.00000000,1,0,0.050000000000000003,0.5
254.9333,  1.00000000,1,0,0.050000000000000003,0.5
254.9667,  1.00000000,1,0,0.074999999999999997,0.5
255.0000,  1.00000000,1,0,0.074999999999999997,0.5
255.0333,  1.00000000,1,0,0.050000000000000003,0.5
255.0667,  1.00000000,1,0,0.050000000000000003,0.5
255.1000,  1.00000000,1,0,0.074999999999999997,0.5
255.1333,  1.00000000,1,0,0.025000000000000001,0.5
255.1667,  1.00000000,1,0,0.025000000000000001,0.5
255.2000,  1.00000000,1,0,0.074999999999999997,0.5
255.2333,  1.00000000,1,0,0.074999999999999997,0.5
255.2667,  1.00000000,1,0,0.074999999999999997,0.5
255.3000,  1.00000000,1,0,0.074999999999999997,0.5
255.3333,  1.00000000,1,0,0.074999999999999997,0.5
255.3667,  1.00000000,1,0,0.025000000000000001,0.5
255.4000,  1.00000000,1,0,0.074999999999999997,0.5
255.4333,  1.00000000,1,0,0.074999999999999997,0.5
255.4667,  1.00000000,1,0,0.050000000000000003,0.5
255.5000,  1.00000000,1,0,0.074999999999999997,0.5
255.5333,  1.00000000,1,0,0.074999999999999997,0.5
255.5667,  1.00000000,1,0,0.074999999999999997,0.5
255.6000,  1.00000000,1,0,0.074999999999999997,0.5
255.6333,  1.00000000,1,0,0.074999999999999997,0.5
255.6667,  1.00000000,1,0,0.074999999999999997,0.5
255.7000,  1.00000000,1,0,0.050000000000000003,0.5
255.7333,  1.00000000,1,0,0.074999999999999997,0.5
255.7667,  1.00000000,1,0,0.050000000000000003,0.5
255.8000,  1.00000000,1,0,0.050000000000000003,0.5
255.8333,  1.00000000,1,0,0.074999999999999997,0.5
255.8667,  1.00000000,1,0,0.074999999999999997,0.5
255.9000,  1.00000000,1,0,0.074999999999999997,0.5
255.9333,  1.00000000,1,0,0.074999999999999997,0.5
255.9667,  1.00000000,1,0,0.074999999999999997,0.5
256.0000,  1.00000000,1,0,0.074999999999999997,0.5
256.0333,  1.00000000,1,0,0.074999999999999997,0.5
256.0667,  1.00000000,1,0,0.125,0.5
256.1000,  1.00000000,1,0,0.125,0.5
256.1333,  1.00000000,1,0,0.050000000000000003,0.5
256.1667,  1.00000000,1,0,0.074999999999999997,0.5
256.2000,  1.00000000,1,0,0.074999999999999997,0.5
256.2333,  1.00000000,1,0,0.10000000000000001,0.5
256.2667,  1.00000000,1,0,0.17499999999999999,0.5
256.3000,  1.00000000,1,0,0.125,0.5
256.3333,  1.00000000,1,0,0.14999999999999999,0.5
256.3667,  1.00000000,1,0,0.074999999999999997,0.5
256.4000,  1.00000000,1,0,0.050000000000000003,0.5
256.4333,  1.00000000,1,0,0.074999999999999997,0.5
256.4667,  1.00000000,1,0,0.050000000000000003,0.5
256.5000,  1.00000000,1,0,0.074999999999999997,0.5
256.5333,  1.00000000,1,0,0.074999999999999997,0.5
256.5667,  1.00000000,1,0,0.074999999999999997,0.5
256.6000,  1.00000000,1,0,0.125,0.5
256.6333,  1.00000000,1,0,0.125,0.5
256.6667,  1.00000000,1,0,0.10000000000000001,0.5
256.7000,  1.00000000,1,0,0.074999999999999997,0.5
256.7333,  1.00000000,1,0,0.074999999999999997,0.5
256.7667,  1.00000000,1,0,0.025000000000000001,0.5
256.8000,  1.00000000,1,0,0.050000000000000003,0.5
256.8333,  1.00000000,1,0,0.050000000000000003,0.5
256.8667,  1.00000000,1,0,0.074999999999999997,0.5
256.9000,  1.00000000,1,0,0.050000000000000003,0.5
256.9333,  1.00000000,1,0,0.025000000000000001,0.5
256.9667,  1.00000000,1,0,0.074999999999999997,0.5
257.0000,  1.00000000,1,0,0.074999999999999997,0.5
257.0333,  1.00000000,1,0,0.074999999999999997,0.5
257.0667,  1.00000000,1,0,0.074999999999999997,0.5
257.1000,  1.00000000,1,0,0.10000000000000001,0.5
257.1333,  1.00000000,1,0,0.14999999999999999,0.5
257.1667,  1.00000000,1,0,0.10000000000000001,0.5
257.2000,  1.00000000,1,0,0.074999999999999997,0.5
257.2333,  1.00000000,1,0,0.050000000000000003,0.5
257.2667,  1.00000000,1,0,0.125,0.5
257.3000,  1.00000000,1,0,0.125,0.5
257.3333,  1.00000000,1,0,0.050000000000000003,0.5
257.3667,  1.00000000,1,0,0.074999999999999997,0.5
257.4000,  1.00000000,1,0,0.050000000000000003,0.5
257.4333,  1.00000000,1,0,0.050000000000000003,0.5
257.4667,  1.00000000,1,0,0.025000000000000001,0.5
257.5000,  1.00000000,1,0,0.074999999999999997,0.5
257.5333,  1.00000000,1,0,0.074999999999999997,0.5
257.5667,  1.00000000,1,0,0.074999999999999997,0.5
257.6000,  1.00000000,1,0,0.074999999999999997,0.5
257.6333,  1.00000000,1,0,0.050000000000000003,0.5
257.6667,  1.00000000,1,0,0.050000000000000003,0.5
257.7000,  1.00000000,1,0,0.025000000000000001,0.5
257.7333,  1.00000000,1,0,0.074999999999999997,0.5
257.7667,  1.00000000,1,0,0.074999999999999997,0.5
257.8000,  1.00000000,1,0,0.074999999999999997,0.5
257.8333,  1.00000000,1,0,0.074999999999999997,0.5
257.8667,  1.00000000,1,0,0.074999999999999997,0.5
257.9000,  1.00000000,1,0,0.050000000000000003,0.5
257.9333,  1.00000000,1,0,0.074999999999999997,0.5
257.9667,  1.00000000,1,0,0.050000000000000003,0.5
258.0000,  1.00000000,1,0,0.050000000000000003,0.5
258.0333,  1.00000000,1,0,0.050000000000000003,0.5
258.0667,  1.00000000,1,0,0.050000000000000003,0.5
258.1000,  1.00000000,1,0,0.050000000000000003,0.5
258.1333,  1.00000000,1,0,0.050000000000000003,0.5
258.1667,  1.00000000,1,0,0.025000000000000001,0.5
258.2000,  1.00000000,1,0,0.074999999999999997,0.5
258.2333,  1.00000000,1,0,0.050000000000000003,0.5
258.2667,  1.00000000,1,0,0.074999999999999997,0.5
258.3000,  1.00000000,1,0,0.074999999999999997,0.5
258.3333,  1.00000000,1,0,0.050000000000000003,0.5
258.3667,  1.00000000,1,0,0.074999999999999997,0.5
258.4000,  1.00000000,1,0,0.074999999999999997,0.5
258.4333,  1.00000000,1,0,0.074999999999999997,0.5
258.4667,  1.00000000,1,0,0.074999999999999997,0.5
258.5000,  1.00000000,1,0,0.074999999999999997,0.5
258.5333,  1.00000000,1,0,0.074999999999999997,0.5
258.5667,  1.00000000,1,0,0.10000000000000001,0.5
258.6000,  1.00000000,1,0,0.10000000000000001,0.5
258.6333,  1.00000000,1,0,0.050000000000000003,0.5
258.6667,  1.00000000,1,0,0.074999999999999997,0.5
258.7000,  1.00000000,1,0,0.074999999999999997,0.5
258.7333,  1.00000000,1,0,0.050000000000000003,0.5
258.7667,  1.00000000,1,0,0.025000000000000001,0.5
258.8000,  1.00000000,1,0,0.050000000000000003,0.5
258.8333,  1.00000000,1,0,0.10000000000000001,0.5
258.8667,  1.00000000,1,0,0.074999999999999997,0.5
258.9000,  1.00000000,1,0,0.074999999999999997,0.5
258.9333,  1.00000000,1,0,0.074999999999999997,0.5
258.9667,  1.00000000,1,0,0.074999999999999997,0.5
259.0000,  1.00000000,1,0,0.074999999999999997,0.5
259.0333,  1.00000000,1,0,0.074999999999999997,0.5
259.0667,  1.00000000,1,0,0.050000000000000003,0.5
259.1000,  1.00000000,1,0,0.050000000000000003,0.5
259.1333,  1.00000000,1,0,0.025000000000000001,0.5
259.1667,  1.00000000,1,0,0.074999999999999997,0.5
259.2000,  1.00000000,1,0,0.025000000000000001,0.5
259.2333,  1.00000000,1,0,0.074999999999999997,0.5
259.2667,  1.00000000,1,0,0.050000000000000003,0.5
259.3000,  1.00000000,1,0,0.074999999999999997,0.5
259.3333,  1.00000000,1,0,0.074999999999999997,0.5
259.3667,  1.00000000,1,0,0.025000000000000001,0.5
259.4000,  1.00000000,1,0,0.074999999999999997,0.5
259.4333,  1.00000000,1,0,0.050000000000000003,0.5
259.4667,  1.00000000,1,0,0.074999999999999997,0.5
259.5000,  1.00000000,1,0,0.050000000000000003,0.5
259.5333,  1.00000000,1,0,0.074999999999999997,0.5
259.5667,  1.00000000,1,0,0.074999999999999997,0.5
259.6000,  1.00000000,1,0,0.074999999999999997,0.5
259.6333,  1.00000000,1,0,0.074999999999999997,0.5
259.6667,  1.00000000,1,0,0.074999999999999997,0.5
259.7000,  1.00000000,1,0,0.074999999999999997,0.5
259.7333,  1.00000000,1,0,0.074999999999999997,0.5
259.7667,  1.00000000,1,0,0.074999999999999997,0.5
259.8000,  1.00000000,1,0,0.074999999999999997,0.5
259.8333,  1.00000000,1,0,0.050000000000000003,0.5
259.8667,  1.00000000,1,0,0.050000000000000003,0.5
259.9000,  1.00000000,1,0,0.074999999999999997,0.5
259.9333,  1.00000000,1,0,0.074999999999999997,0.5
259.9667,  1.00000000,1,0,0.074999999999999997,0.5
260.0000,  1.00000000,1,0,0.050000000000000003,0.5
260.0333,  1.00000000,1,0,0.050000000000000003,0.5
260.0667,  1.00000000,1,0,0.074999999999999997,0.5
260.1000,  1.00000000,1,0,0.074999999999999997,0.5
260.1333,  1.00000000,1,0,0.025000000000000001,0.5
260.1667,  1.00000000,1,0,0.025000000000000001,0.5
260.2000,  1.00000000,1,0,0.074999999999999997,0.5
260.2333,  1.00000000,1,0,0.074999999999999997,0.5
260.2667,  1.00000000,1,0,0.074999999999999997,0.5
260.3000,  1.00000000,1,0,0.074999999999999997,0.5
260.3333,  1.00000000,1,0,0.074999999999999997,0.5
260.3667,  1.00000000,1,0,0.074999999999999997,0.5
260.4000,  1.00000000,1,0,0.050000000000000003,0.5
260.4333,  1.00000000,1,0,0.074999999999999997,0.5
260.4667,  1.00000000,1,0,0.074999999999999997,0.5
260.5000,  1.00000000,1,0,0.050000000000000003,0.5
260.5333,  1.00000000,1,0,0.050000000000000003,0.5
260.5667,  1.00000000,1,0,0.074999999999999997,0.5
260.6000,  1.00000000,1,0,0.074999999999999997,0.5
260.6333,  1.00000000,1,0,0.074999999999999997,0.5
260.6667,  1.00000000,1,0,0.0,0.5
260.7000,  1.00000000,1,0,0.074999999999999997,0.5
260.7333,  1.00000000,1,0,0.050000000000000003,0.5
260.7667,  1.00000000,1,0,0.074999999999999997,0.5
260.8000,  1.00000000,1,0,0.050000000000000003,0.5
260.8333,  1.00000000,1,0,0.074999999999999997,0.5
260.8667,  1.00000000,1,0,0.074999999999999997,0.5
260.9000,  1.00000000,1,0,0.074999999999999997,0.5
260.9333,  1.00000000,1,0,0.074999999999999997,0.5
260.9667,  1.00000000,1,0,0.10000000000000001,0.5
261.0000,  1.00000000,1,0,0.074999999999999997,0.5
261.0333,  1.00000000,1,0,0.074999999999999997,0.5
261.0667,  1.00000000,1,0,0.050000000000000003,0.5
261.1000,  1.00000000,1,0,0.074999999999999997,0.5
261.1333,  1.00000000,1,0,0.050000000000000003,0.5
261.1667,  1.00000000,1,0,0.074999999999999997,0.5
261.2000,  1.00000000,1,0,0.050000000000000003,0.5
261.2333,  1.00000000,1,0,0.074999999999999997,0.5
261.2667,  1.00000000,1,0,0.074999999999999997,0.5
261.3000,  1.00000000,1,0,0.074999999999999997,0.5
261.3333,  1.00000000,1,0,0.074999999999999997,0.5
261.3667,  1.00000000,1,0,0.050000000000000003,0.5
261.4000,  1.00000000,1,0,0.074999999999999997,0.5
261.4333,  1.00000000,1,0,0.050000000000000003,0.5
261.4667,  1.00000000,1,0,0.10000000000000001,0.5
261.5000,  1.00000000,1,0,0.074999999999999997,0.5
261.5333,  1.00000000,1,0,0.050000000000000003,0.5
261.5667,  1.00000000,1,0,0.050000000000000003,0.5
261.6000,  1.00000000,1,0,0.025000000000000001,0.5
261.6333,  1.00000000,1,0,0.050000000000000003,0.5
261.6667,  1.00000000,1,0,0.074999999999999997,0.5
261.7000,  1.00000000,1,0,0.074999999999999997,0.5
261.7333,  1.00000000,1,0,0.074999999999999997,0.5
261.7667,  1.00000000,1,0,0.050000000000000003,0.5
261.8000,  1.00000000,1,0,0.050000000000000003,0.5
261.8333,  1.00000000,1,0,0.125,0.5
261.8667,  1.00000000,1,0,0.25,0.5
261.9000,  1.00000000,1,0,0.025000000000000001,0.5
261.9333,  1.00000000,1,0,0.050000000000000003,0.5
261.9667,  1.00000000,1,0,0.074999999999999997,0.5
262.0000,  1.00000000,1,0,0.074999999999999997,0.5
262.0333,  1.00000000,1,0,0.074999999999999997,0.5
262.0667,  1.00000000,1,0,0.074999999999999997,0.5
262.1000,  1.00000000,1,0,0.074999999999999997,0.5
262.1333,  1.00000000,1,0,0.074999999999999997,0.5
262.1667,  1.00000000,1,0,0.074999999999999997,0.5
262.2000,  1.00000000,1,0,0.074999999999999997,0.5
262.2333,  1.00000000,1,0,0.074999999999999997,0.5
262.2667,  1.00000000,1,0,0.074999999999999997,0.5
262.3000,  1.00000000,1,0,0.050000000000000003,0.5
262.3333,  1.00000000,1,0,0.074999999999999997,0.5
262.3667,  1.00000000,1,0,0.025000000000000001,0.5
262.4000,  1.00000000,1,0,0.074999999999999997,0.5
262.4333,  1.00000000,1,0,0.050000000000000003,0.5
262.4667,  1.00000000,1,0,0.050000000000000003,0.5
262.5000,  1.00000000,1,0,0.074999999999999997,0.5
262.5333,  1.00000000,1,0,0.074999999999999997,0.5
262.5667,  1.00000000,1,0,0.050000000000000003,0.5
262.6000,  1.00000000,1,0,0.074999999999999997,0.5
262.6333,  1.00000000,1,0,0.074999999999999997,0.5
262.6667,  1.00000000,1,0,0.050000000000000003,0.5
262.7000,  1.00000000,1,0,0.074999999999999997,0.5
262.7333,  1.00000000,1,0,0.074999999999999997,0.5
262.7667,  1.00000000,1,0,0.050000000000000003,0.5
262.8000,  1.00000000,1,0,0.074999999999999997,0.5
262.8333,  1.00000000,1,0,0.050000000000000003,0.5
262.8667,  1.00000000,1,0,0.074999999999999997,0.5
262.9000,  1.00000000,1,0,0.074999999999999997,0.5
262.9333,  1.00000000,1,0,0.074999999999999997,0.5
262.9667,  1.00000000,1,0,0.074999999999999997,0.5
263.0000,  1.00000000,1,0,0.050000000000000003,0.5
263.0333,  1.00000000,1,0,0.050000000000000003,0.5
263.0667,  1.00000000,1,0,0.050000000000000003,0.5
263.1000,  1.00000000,1,0,0.050000000000000003,0.5
263.1333,  1.00000000,1,0,0.050000000000000003,0.5
263.1667,  1.00000000,1,0,0.074999999999999997,0.5
263.2000,  1.00000000,1,0,0.050000000000000003,0.5
263.2333,  1.00000000,1,0,0.074999999999999997,0.5
263.2667,  1.00000000,1,0,0.050000000000000003,0.5
263.3000,  1.00000000,1,0,0.074999999999999997,0.5
263.3333,  1.00000000,1,0,0.050000000000000003,0.5
263.3667,  1.00000000,1,0,0.074999999999999997,0.5
263.4000,  1.00000000,1,0,0.050000000000000003,0.5
263.4333,  1.00000000,1,0,0.074999999999999997,0.5
263.4667,  1.00000000,1,0,0.050000000000000003,0.5
263.5000,  1.00000000,1,0,0.074999999999999997,0.5
263.5333,  1.00000000,1,0,0.074999999999999997,0.5
263.5667,  1.00000000,1,0,0.074999999999999997,0.5
263.6000,  1.00000000,1,0,0.074999999999999997,0.5
263.6333,  1.00000000,1,0,0.050000000000000003,0.5
263.6667,  1.00000000,1,0,0.074999999999999997,0.5
263.7000,  1.00000000,1,0,0.074999999999999997,0.5
263.7333,  1.00000000,1,0,0.025000000000000001,0.5
263.7667,  1.00000000,1,0,0.074999999999999997,0.5
263.8000,  1.00000000,1,0,0.050000000000000003,0.5
263.8333,  1.00000000,1,0,0.074999999999999997,0.5
263.8667,  1.00000000,1,0,0.050000000000000003,0.5
263.9000,  1.00000000,1,0,0.050000000000000003,0.5
263.9333,  1.00000000,1,0,0.025000000000000001,0.5
263.9667,  1.00000000,1,0,0.074999999999999997,0.5
264.0000,  1.00000000,1,0,0.050000000000000003,0.5
264.0333,  1.00000000,1,0,0.074999999999999997,0.5
264.0667,  1.00000000,1,0,0.074999999999999997,0.5
264.1000,  1.00000000,1,0,0.050000000000000003,0.5
264.1333,  1.00000000,1,0,0.025000000000000001,0.5
264.1667,  1.00000000,1,0,0.074999999999999997,0.5
264.2000,  1.00000000,1,0,0.050000000000000003,0.5
264.2333,  1.00000000,1,0,0.074999999999999997,0.5
264.2667,  1.00000000,1,0,0.074999999999999997,0.5
264.3000,  1.00000000,1,0,0.050000000000000003,0.5
264.3333,  1.00000000,1,0,0.050000000000000003,0.5
264.3667,  1.00000000,1,0,0.074999999999999997,0.5
264.4000,  1.00000000,1,0,0.050000000000000003,0.5
264.4333,  1.00000000,1,0,0.074999999999999997,0.5
264.4667,  1.00000000,1,0,0.050000000000000003,0.5
264.5000,  1.00000000,1,0,0.025000000000000001,0.5
264.5333,  1.00000000,1,0,0.025000000000000001,0.5
264.5667,  1.00000000,1,0,0.025000000000000001,0.5
264.6000,  1.00000000,1,0,0.050000000000000003,0.5
264.6333,  1.00000000,1,0,0.0,0.5
264.6667,  1.00000000,1,0,0.050000000000000003,0.5
264.7000,  1.00000000,1,0,0.0,0.5
264.7333,  1.00000000,1,0,0.050000000000000003,0.5
264.7667,  1.00000000,1,0,0.074999999999999997,0.5
264.8000,  1.00000000,1,0,0.074999999999999997,0.5
264.8333,  1.00000000,1,0,0.074999999999999997,0.5
264.8667,  1.00000000,1,0,0.050000000000000003,0.5
264.9000,  1.00000000,1,0,0.025000000000000001,0.5
264.9333,  1.00000000,1,0,0.025000000000000001,0.5
264.9667,  1.00000000,1,0,0.074999999999999997,0.5
265.0000,  1.00000000,1,0,0.074999999999999997,0.5
265.0333,  1.00000000,1,0,0.050000000000000003,0.5
265.0667,  1.00000000,1,0,0.050000000000000003,0.5
265.1000,  1.00000000,1,0,0.050000000000000003,0.5
265.1333,  1.00000000,1,0,0.0,0.5
265.1667,  1.00000000,1,0,0.025000000000000001,0.5
265.2000,  1.00000000,1,0,0.050000000000000003,0.5
265.2333,  1.00000000,1,0,0.074999999999999997,0.5
265.2667,  1.00000000,1,0,0.025000000000000001,0.5
265.3000,  1.00000000,1,0,0.025000000000000001,0.5
265.3333,  1.00000000,1,0,0.025000000000000001,0.5
265.3667,  1.00000000,1,0,0.025000000000000001,0.5
265.4000,  1.00000000,1,0,0.025000000000000001,0.5
265.4333,  1.00000000,1,0,0.074999999999999997,0.5
265.4667,  1.00000000,1,0,0.050000000000000003,0.5
265.5000,  1.00000000,1,0,0.074999999999999997,0.5
265.5333,  1.00000000,1,0,0.050000000000000003,0.5
265.5667,  1.00000000,1,0,0.074999999999999997,0.5
265.6000,  1.00000000,1,0,0.025000000000000001,0.5
265.6333,  1.00000000,1,0,0.0,0.5
265.6667,  1.00000000,1,0,0.025000000000000001,0.5
265.7000,  1.00000000,1,0,0.074999999999999997,0.5
265.7333,  1.00000000,1,0,0.074999999999999997,0.5
265.7667,  1.00000000,1,0,0.074999999999999997,0.5
265.8000,  1.00000000,1,0,0.025000000000000001,0.5
265.8333,  1.00000000,1,0,0.074999999999999997,0.5
265.8667,  1.00000000,1,0,0.074999999999999997,0.5
265.9000,  1.00000000,1,0,0.050000000000000003,0.5
265.9333,  1.00000000,1,0,0.025000000000000001,0.5
265.9667,  1.00000000,1,0,0.025000000000000001,0.5
266.0000,  1.00000000,1,0,0.025000000000000001,0.5
266.0333,  1.00000000,1,0,0.074999999999999997,0.5
266.0667,  1.00000000,1,0,0.025000000000000001,0.5
266.1000,  1.00000000,1,0,0.025000000000000001,0.5
266.1333,  1.00000000,1,0,0.025000000000000001,0.5
266.1667,  1.00000000,1,0,0.050000000000000003,0.5
266.2000,  1.00000000,1,0,0.0,0.5
266.2333,  1.00000000,1,0,0.050000000000000003,0.5
266.2667,  1.00000000,1,0,0.025000000000000001,0.5
266.3000,  1.00000000,1,0,0.050000000000000003,0.5
266.3333,  1.00000000,1,0,0.050000000000000003,0.5
266.3667,  1.00000000,1,0,0.074999999999999997,0.5
266.4000,  1.00000000,1,0,0.074999999999999997,0.5
266.4333,  1.00000000,1,0,0.0,0.5
266.4667,  1.00000000,1,0,0.0,0.5
266.5000,  1.00000000,1,0,0.025000000000000001,0.5
266.5333,  1.00000000,1,0,0.050000000000000003,0.5
266.5667,  1.00000000,1,0,0.050000000000000003,0.5
266.6000,  1.00000000,1,0,0.050000000000000003,0.5
266.6333,  1.00000000,1,0,0.025000000000000001,0.5
266.6667,  1.00000000,1,0,0.074999999999999997,0.5
266.7000,  1.00000000,1,0,0.025000000000000001,0.5
266.7333,  1.00000000,1,0,0.074999999999999997,0.5
266.7667,  1.00000000,1,0,0.074999999999999997,0.5
266.8000,  1.00000000,1,0,0.074999999999999997,0.5
266.8333,  1.00000000,1,0,0.025000000000000001,0.5
266.8667,  1.00000000,1,0,0.074999999999999997,0.5
266.9000,  1.00000000,1,0,0.074999999999999997,0.5
266.9333,  1.00000000,1,0,0.050000000000000003,0.5
266.9667,  1.00000000,1,0,0.0,0.5
267.0000,  1.00000000,1,0,0.050000000000000003,0.5
267.0333,  1.00000000,1,0,0.074999999999999997,0.5
267.0667,  1.00000000,1,0,0.050000000000000003,0.5
267.1000,  1.00000000,1,0,0.074999999999999997,0.5
267.1333,  1.00000000,1,0,0.025000000000000001,0.5
267.1667,  1.00000000,1,0,0.025000000000000001,0.5
267.2000,  1.00000000,1,0,0.050000000000000003,0.5
267.2333,  1.00000000,1,0,0.025000000000000001,0.5
267.2667,  1.00000000,1,0,0.074999999999999997,0.5
267.3000,  1.00000000,1,0,0.074999999999999997,0.5
267.3333,  1.00000000,1,0,0.0,0.5
267.3667,  1.00000000,1,0,0.0,0.5
267.4000,  1.00000000,1,0,0.050000000000000003,0.5
267.4333,  1.00000000,1,0,0.074999999999999997,0.5
267.4667,  1.00000000,1,0,0.025000000000000001,0.5
267.5000,  1.00000000,1,0,0.025000000000000001,0.5
267.5333,  1.00000000,1,0,0.050000000000000003,0.5
267.5667,  1.00000000,1,0,0.025000000000000001,0.5
267.6000,  1.00000000,1,0,0.050000000000000003,0.5
267.6333,  1.00000000,1,0,0.0,0.5
267.6667,  1.00000000,1,0,0.074999999999999997,0.5
267.7000,  1.00000000,1,0,0.025000000000000001,0.5
267.7333,  1.00000000,1,0,0.025000000000000001,0.5
267.7667,  1.00000000,1,0,0.074999999999999997,0.5
267.8000,  1.00000000,1,0,0.074999999999999997,0.5
267.8333,  1.00000000,1,0,0.025000000000000001,0.5
267.8667,  1.00000000,1,0,0.074999999999999997,0.5
267.9000,  1.00000000,1,0,0.050000000000000003,0.5
267.9333,  1.00000000,1,0,0.025000000000000001,0.5
267.9667,  1.00000000,1,0,0.025000000000000001,0.5
268.0000,  1.00000000,1,0,0.025000000000000001,0.5
268.0333,  1.00000000,1,0,0.025000000000000001,0.5
268.0667,  1.00000000,1,0,0.050000000000000003,0.5
268.1000,  1.00000000,1,0,0.050000000000000003,0.5
268.1333,  1.00000000,1,0,0.025000000000000001,0.5
268.1667,  1.00000000,1,0,0.050000000000000003,0.5
268.2000,  1.00000000,1,0,0.025000000000000001,0.5
268.2333,  1.00000000,1,0,0.050000000000000003,0.5
268.2667,  1.00000000,1,0,0.0,0.5
268.3000,  1.00000000,1,0,0.0,0.5
268.3333,  1.00000000,1,0,0.025000000000000001,0.5
268.3667,  1.00000000,1,0,0.025000000000000001,0.5
268.4000,  1.00000000,1,0,0.074999999999999997,0.5
268.4333,  1.00000000,1,0,0.074999999999999997,0.5
268.4667,  1.00000000,1,0,0.050000000000000003,0.5
268.5000,  1.00000000,1,0,0.0,0.5
268.5333,  1.00000000,1,0,0.050000000000000003,0.5
268.5667,  1.00000000,1,0,0.025000000000000001,0.5
268.6000,  1.00000000,1,0,0.025000000000000001,0.5
268.6333,  1.00000000,1,0,0.050000000000000003,0.5
268.6667,  1.00000000,1,0,0.0,0.5
268.7000,  1.00000000,1,0,0.050000000000000003,0.5
268.7333,  1.00000000,1,0,0.050000000000000003,0.5
268.7667,  1.00000000,1,0,0.050000000000000003,0.5
268.8000,  1.00000000,1,0,0.074999999999999997,0.5
268.8333,  1.00000000,1,0,0.074999999999999997,0.5
268.8667,  1.00000000,1,0,0.074999999999999997,0.5
268.9000,  1.00000000,1,0,0.025000000000000001,0.5
268.9333,  1.00000000,1,0,0.050000000000000003,0.5
268.9667,  1.00000000,1,0,0.0,0.5
269.0000,  1.00000000,1,0,0.074999999999999997,0.5
269.0333,  1.00000000,1,0,0.074999999999999997,0.5
269.0667,  1.00000000,1,0,0.074999999999999997,0.5
269.1000,  1.00000000,1,0,0.025000000000000001,0.5
269.1333,  1.00000000,1,0,0.025000000000000001,0.5
269.1667,  1.00000000,1,0,0.050000000000000003,0.5
269.2000,  1.00000000,1,0,0.050000000000000003,0.5
269.2333,  1.00000000,1,0,0.025000000000000001,0.5
269.2667,  1.00000000,1,0,0.025000000000000001,0.5
269.3000,  1.00000000,1,0,0.0,0.5
269.3333,  1.00000000,1,0,0.0,0.5
269.3667,  1.00000000,1,0,0.074999999999999997,0.5
269.4000,  1.00000000,1,0,0.025000000000000001,0.5
269.4333,  1.00000000,1,0,0.0,0.5
269.4667,  1.00000000,1,0,0.074999999999999997,0.5
269.5000,  1.00000000,1,0,0.050000000000000003,0.5
269.5333,  1.00000000,1,0,0.050000000000000003,0.5
269.5667,  1.00000000,1,0,0.0,0.5
269.6000,  1.00000000,1,0,0.0,0.5
269.6333,  1.00000000,1,0,0.025000000000000001,0.5
269.6667,  1.00000000,1,0,0.050000000000000003,0.5
269.7000,  1.00000000,1,0,0.0,0.5
269.7333,  1.00000000,1,0,0.050000000000000003,0.5
269.7667,  1.00000000,1,0,0.074999999999999997,0.5
269.8000,  1.00000000,1,0,0.074999999999999997,0.5
269.8333,  1.00000000,1,0,0.074999999999999997,0.5
269.8667,  1.00000000,1,0,0.074999999999999997,0.5
269.9000,  1.00000000,1,0,0.074999999999999997,0.5
269.9333,  1.00000000,1,0,0.074999999999999997,0.5
269.9667,  1.00000000,1,0,0.074999999999999997,0.5
270.0000,  1.00000000,1,0,0.0,0.5
270.0333,  1.00000000,1,0,0.0,0.5
270.0667,  1.00000000,1,0,0.074999999999999997,0.5
270.1000,  1.00000000,1,0,0.050000000000000003,0.5
270.1333,  1.00000000,1,0,0.050000000000000003,0.5
270.1667,  1.00000000,1,0,0.0,0.5
270.2000,  1.00000000,1,0,0.050000000000000003,0.5
270.2333,  1.00000000,1,0,0.050000000000000003,0.5
270.2667,  1.00000000,1,0,0.025000000000000001,0.5
270.3000,  1.00000000,1,0,0.025000000000000001,0.5
270.3333,  1.00000000,1,0,0.050000000000000003,0.5
270.3667,  1.00000000,1,0,0.050000000000000003,0.5
270.4000,  1.00000000,1,0,0.050000000000000003,0.5
270.4333,  1.00000000,1,0,0.050000000000000003,0.5
270.4667,  1.00000000,1,0,0.050000000000000003,0.5
270.5000,  1.00000000,1,0,0.0,0.5
270.5333,  1.00000000,1,0,0.050000000000000003,0.5
270.5667,  1.00000000,1,0,0.074999999999999997,0.5
270.6000,  1.00000000,1,0,0.074999999999999997,0.5
270.6333,  1.00000000,1,0,0.074999999999999997,0.5
270.6667,  1.00000000,1,0,0.050000000000000003,0.5
270.7000,  1.00000000,1,0,0.074999999999999997,0.5
270.7333,  1.00000000,1,0,0.074999999999999997,0.5
270.7667,  1.00000000,1,0,0.074999999999999997,0.5
270.8000,  1.00000000,1,0,0.074999999999999997,0.5
270.8333,  1.00000000,1,0,0.074999999999999997,0.5
270.8667,  1.00000000,1,0,0.074999999999999997,0.5
270.9000,  1.00000000,1,0,0.025000000000000001,0.5
270.9333,  1.00000000,1,0,0.074999999999999997,0.5
270.9667,  1.00000000,1,0,0.025000000000000001,0.5
271.0000,  1.00000000,1,0,0.050000000000000003,0.5
271.0333,  1.00000000,1,0,0.025000000000000001,0.5
271.0667,  1.00000000,1,0,0.050000000000000003,0.5
271.1000,  1.00000000,1,0,0.050000000000000003,0.5
271.1333,  1.00000000,1,0,0.025000000000000001,0.5
271.1667,  1.00000000,1,0,0.050000000000000003,0.5
271.2000,  1.00000000,1,0,0.025000000000000001,0.5
271.2333,  1.00000000,1,0,0.0,0.5
271.2667,  1.00000000,1,0,0.074999999999999997,0.5
271.3000,  1.00000000,1,0,0.050000000000000003,0.5
271.3333,  1.00000000,1,0,0.074999999999999997,0.5
271.3667,  1.00000000,1,0,0.074999999999999997,0.5
271.4000,  1.00000000,1,0,0.025000000000000001,0.5
271.4333,  1.00000000,1,0,0.050000000000000003,0.5
271.4667,  1.00000000,1,0,0.074999999999999997,0.5
271.5000,  1.00000000,1,0,0.050000000000000003,0.5
271.5333,  1.00000000,1,0,0.074999999999999997,0.5
271.5667,  1.00000000,1,0,0.050000000000000003,0.5
271.6000,  1.00000000,1,0,0.074999999999999997,0.5
271.6333,  1.00000000,1,0,0.074999999999999997,0.5
271.6667,  1.00000000,1,0,0.050000000000000003,0.5
271.7000,  1.00000000,1,0,0.025000000000000001,0.5
271.7333,  1.00000000,1,0,0.050000000000000003,0.5
271.7667,  1.00000000,1,0,0.0,0.5
271.8000,  1.00000000,1,0,0.074999999999999997,0.5
271.8333,  1.00000000,1,0,0.074999999999999997,0.5
271.8667,  1.00000000,1,0,0.074999999999999997,0.5
271.9000,  1.00000000,1,0,0.074999999999999997,0.5
271.9333,  1.00000000,1,0,0.074999999999999997,0.5
271.9667,  1.00000000,1,0,0.025000000000000001,0.5
272.0000,  1.00000000,1,0,0.050000000000000003,0.5
272.0333,  1.00000000,1,0,0.074999999999999997,0.5
272.0667,  1.00000000,1,0,0.074999999999999997,0.5
272.1000,  1.00000000,1,0,0.074999999999999997,0.5
272.1333,  1.00000000,1,0,0.074999999999999997,0.5
272.1667,  1.00000000,1,0,0.074999999999999997,0.5
272.2000,  1.00000000,1,0,0.050000000000000003,0.5
272.2333,  1.00000000,1,0,0.050000000000000003,0.5
272.2667,  1.00000000,1,0,0.0,0.5
272.3000,  1.00000000,1,0,0.074999999999999997,0.5
272.3333,  1.00000000,1,0,0.074999999999999997,0.5
272.3667,  1.00000000,1,0,0.074999999999999997,0.5
272.4000,  1.00000000,1,0,0.074999999999999997,0.5
272.4333,  1.00000000,1,0,0.050000000000000003,0.5
272.4667,  1.00000000,1,0,0.074999999999999997,0.5
272.5000,  1.00000000,1,0,0.050000000000000003,0.5
272.5333,  1.00000000,1,0,0.025000000000000001,0.5
272.5667,  1.00000000,1,0,0.025000000000000001,0.5
272.6000,  1.00000000,1,0,0.025000000000000001,0.5
272.6333,  1.00000000,1,0,0.074999999999999997,0.5
272.6667,  1.00000000,1,0,0.074999999999999997,0.5
272.7000,  1.00000000,1,0,0.074999999999999997,0.5
272.7333,  1.00000000,1,0,0.074999999999999997,0.5
272.7667,  1.00000000,1,0,0.074999999999999997,0.5
272.8000,  1.00000000,1,0,0.074999999999999997,0.5
272.8333,  1.00000000,1,0,0.074999999999999997,0.5
272.8667,  1.00000000,1,0,0.050000000000000003,0.5
272.9000,  1.00000000,1,0,0.050000000000000003,0.5
272.9333,  1.00000000,1,0,0.074999999999999997,0.5
272.9667,  1.00000000,1,0,0.050000000000000003,0.5
273.0000,  1.00000000,1,0,0.0,0.5
273.0333,  1.00000000,1,0,0.074999999999999997,0.5
273.0667,  1.00000000,1,0,0.025000000000000001,0.5
273.1000,  1.00000000,1,0,0.074999999999999997,0.5
273.1333,  1.00000000,1,0,0.074999999999999997,0.5
273.1667,  1.00000000,1,0,0.050000000000000003,0.5
273.2000,  1.00000000,1,0,0.025000000000000001,0.5
273.2333,  1.00000000,1,0,0.050000000000000003,0.5
273.2667,  1.00000000,1,0,0.074999999999999997,0.5
273.3000,  1.00000000,1,0,0.050000000000000003,0.5
273.3333,  1.00000000,1,0,0.050000000000000003,0.5
273.3667,  1.00000000,1,0,0.074999999999999997,0.5
273.4000,  1.00000000,1,0,0.074999999999999997,0.5
273.4333,  1.00000000,1,0,0.074999999999999997,0.5
273.4667,  1.00000000,1,0,0.074999999999999997,0.5
273.5000,  1.00000000,1,0,0.074999999999999997,0.5
273.5333,  1.00000000,1,0,0.074999999999999997,0.5
273.5667,  1.00000000,1,0,0.074999999999999997,0.5
273.6000,  1.00000000,1,0,0.074999999999999997,0.5
273.6333,  1.00000000,1,0,0.074999999999999997,0.5
273.6667,  1.00000000,1,0,0.074999999999999997,0.5
273.7000,  1.00000000,1,0,0.074999999999999997,0.5
273.7333,  1.00000000,1,0,0.074999999999999997,0.5
273.7667,  1.00000000,1,0,0.074999999999999997,0.5
273.8000,  1.00000000,1,0,0.074999999999999997,0.5
273.8333,  1.00000000,1,0,0.074999999999999997,0.5
273.8667,  1.00000000,1,0,0.074999999999999997,0.5
273.9000,  1.00000000,1,0,0.074999999999999997,0.5
273.9333,  1.00000000,1,0,0.074999999999999997,0.5
273.9667,  1.00000000,1,0,0.074999999999999997,0.5
274.0000,  1.00000000,1,0,0.050000000000000003,0.5
274.0333,  1.00000000,1,0,0.025000000000000001,0.5
274.0667,  1.00000000,1,0,0.074999999999999997,0.5
274.1000,  1.00000000,1,0,0.050000000000000003,0.5
274.1333,  1.00000000,1,0,0.050000000000000003,0.5
274.1667,  1.00000000,1,0,0.074999999999999997,0.5
274.2000,  1.00000000,1,0,0.050000000000000003,0.5
274.2333,  1.00000000,1,0,0.050000000000000003,0.5
274.2667,  1.00000000,1,0,0.050000000000000003,0.5
274.3000,  1.00000000,1,0,0.025000000000000001,0.5
274.3333,  1.00000000,1,0,0.074999999999999997,0.5
274.3667,  1.00000000,1,0,0.074999999999999997,0.5
274.4000,  1.00000000,1,0,0.074999999999999997,0.5
274.4333,  1.00000000,1,0,0.025000000000000001,0.5
274.4667,  1.00000000,1,0,0.050000000000000003,0.5
274.5000,  1.00000000,1,0,0.050000000000000003,0.5
274.5333,  1.00000000,1,0,0.025000000000000001,0.5
274.5667,  1.00000000,1,0,0.074999999999999997,0.5
274.6000,  1.00000000,1,0,0.025000000000000001,0.5
274.6333,  1.00000000,1,0,0.074999999999999997,0.5
274.6667,  1.00000000,1,0,0.074999999999999997,0.5
274.7000,  1.00000000,1,0,0.074999999999999997,0.5
274.7333,  1.00000000,1,0,0.074999999999999997,0.5
274.7667,  1.00000000,1,0,0.050000000000000003,0.5
274.8000,  1.00000000,1,0,0.074999999999999997,0.5
274.8333,  1.00000000,1,0,0.050000000000000003,0.5
274.8667,  1.00000000,1,0,0.050000000000000003,0.5
274.9000,  1.00000000,1,0,0.074999999999999997,0.5
274.9333,  1.00000000,1,0,0.050000000000000003,0.5
274.9667,  1.00000000,1,0,0.074999999999999997,0.5
275.0000,  1.00000000,1,0,0.050000000000000003,0.5
275.0333,  1.00000000,1,0,0.074999999999999997,0.5
275.0667,  1.00000000,1,0,0.074999999999999997,0.5
275.1000,  1.00000000,1,0,0.074999999999999997,0.5
275.1333,  1.00000000,1,0,0.074999999999999997,0.5
275.1667,  1.00000000,1,0,0.074999999999999997,0.5
275.2000,  1.00000000,1,0,0.025000000000000001,0.5
275.2333,  1.00000000,1,0,0.025000000000000001,0.5
275.2667,  1.00000000,1,0,0.074999999999999997,0.5
275.3000,  1.00000000,1,0,0.074999999999999997,0.5
275.3333,  1.00000000,1,0,0.050000000000000003,0.5
275.3667,  1.00000000,1,0,0.074999999999999997,0.5
275.4000,  1.00000000,1,0,0.074999999999999997,0.5
275.4333,  1.00000000,1,0,0.074999999999999997,0.5
275.4667,  1.00000000,1,0,0.074999999999999997,0.5
275.5000,  1.00000000,1,0,0.050000000000000003,0.5
275.5333,  1.00000000,1,0,0.025000000000000001,0.5
275.5667,  1.00000000,1,0,0.025000000000000001,0.5
275.6000,  1.00000000,1,0,0.074999999999999997,0.5
275.6333,  1.00000000,1,0,0.074999999999999997,0.5
275.6667,  1.00000000,1,0,0.074999999999999997,0.5
275.7000,  1.00000000,1,0,0.074999999999999997,0.5
275.7333,  1.00000000,1,0,0.050000000000000003,0.5
275.7667,  1.00000000,1,0,0.050000000000000003,0.5
275.8000,  1.00000000,1,0,0.074999999999999997,0.5
275.8333,  1.00000000,1,0,0.050000000000000003,0.5
275.8667,  1.00000000,1,0,0.074999999999999997,0.5
275.9000,  1.00000000,1,0,0.074999999999999997,0.5
275.9333,  1.00000000,1,0,0.074999999999999997,0.5
275.9667,  1.00000000,1,0,0.050000000000000003,0.5
276.0000,  1.00000000,1,0,0.074999999999999997,0.5
276.0333,  1.00000000,1,0,0.074999999999999997,0.5
276.0667,  1.00000000,1,0,0.074999999999999997,0.5
276.1000,  1.00000000,1,0,0.074999999999999997,0.5
276.1333,  1.00000000,1,0,0.074999999999999997,0.5
276.1667,  1.00000000,1,0,0.074999999999999997,0.5
276.2000,  1.00000000,1,0,0.074999999999999997,0.5
276.2333,  1.00000000,1,0,0.0,0.5
276.2667,  1.00000000,1,0,0.0,0.5
276.3000,  1.00000000,1,0,0.074999999999999997,0.5
276.3333,  1.00000000,1,0,0.050000000000000003,0.5
276.3667,  1.00000000,1,0,0.025000000000000001,0.5
276.4000,  1.00000000,1,0,0.050000000000000003,0.5
276.4333,  1.00000000,1,0,0.050000000000000003,0.5
276.4667,  1.00000000,1,0,0.074999999999999997,0.5
276.5000,  1.00000000,1,0,0.050000000000000003,0.5
276.5333,  1.00000000,1,0,0.050000000000000003,0.5
276.5667,  1.00000000,1,0,0.074999999999999997,0.5
276.6000,  1.00000000,1,0,0.050000000000000003,0.5
276.6333,  1.00000000,1,0,0.074999999999999997,0.5
276.6667,  1.00000000,1,0,0.050000000000000003,0.5
276.7000,  1.00000000,1,0,0.074999999999999997,0.5
276.7333,  1.00000000,1,0,0.050000000000000003,0.5
276.7667,  1.00000000,1,0,0.050000000000000003,0.5
276.8000,  1.00000000,1,0,0.074999999999999997,0.5
276.8333,  1.00000000,1,0,0.050000000000000003,0.5
276.8667,  1.00000000,1,0,0.025000000000000001,0.5
276.9000,  1.00000000,1,0,0.050000000000000003,0.5
276.9333,  1.00000000,1,0,0.050000000000000003,0.5
276.9667,  1.00000000,1,0,0.074999999999999997,0.5
277.0000,  1.00000000,1,0,0.074999999999999997,0.5
277.0333,  1.00000000,1,0,0.074999999999999997,0.5
277.0667,  1.00000000,1,0,0.074999999999999997,0.5
277.1000,  1.00000000,1,0,0.050000000000000003,0.5
277.1333,  1.00000000,1,0,0.050000000000000003,0.5
277.1667,  1.00000000,1,0,0.050000000000000003,0.5
277.2000,  1.00000000,1,0,0.050000000000000003,0.5
277.2333,  1.00000000,1,0,0.050000000000000003,0.5
277.2667,  1.00000000,1,0,0.050000000000000003,0.5
277.3000,  1.00000000,1,0,0.074999999999999997,0.5
277.3333,  1.00000000,1,0,0.074999999999999997,0.5
277.3667,  1.00000000,1,0,0.050000000000000003,0.5
277.4000,  1.00000000,1,0,0.025000000000000001,0.5
277.4333,  1.00000000,1,0,0.074999999999999997,0.5
277.4667,  1.00000000,1,0,0.074999999999999997,0.5
277.5000,  1.00000000,1,0,0.050000000000000003,0.5
277.5333,  1.00000000,1,0,0.074999999999999997,0.5
277.5667,  1.00000000,1,0,0.074999999999999997,0.5
277.6000,  1.00000000,1,0,0.074999999999999997,0.5
277.6333,  1.00000000,1,0,0.074999999999999997,0.5
277.6667,  1.00000000,1,0,0.050000000000000003,0.5
277.7000,  1.00000000,1,0,0.074999999999999997,0.5
277.7333,  1.00000000,1,0,0.074999999999999997,0.5
277.7667,  1.00000000,1,0,0.025000000000000001,0.5
277.8000,  1.00000000,1,0,0.050000000000000003,0.5
277.8333,  1.00000000,1,0,0.074999999999999997,0.5
277.8667,  1.00000000,1,0,0.074999999999999997,0.5
277.9000,  1.00000000,1,0,0.050000000000000003,0.5
277.9333,  1.00000000,1,0,0.074999999999999997,0.5
277.9667,  1.00000000,1,0,0.074999999999999997,0.5
278.0000,  1.00000000,1,0,0.050000000000000003,0.5
278.0333,  1.00000000,1,0,0.050000000000000003,0.5
278.0667,  1.00000000,1,0,0.074999999999999997,0.5
278.1000,  1.00000000,1,0,0.050000000000000003,0.5
278.1333,  1.00000000,1,0,0.074999999999999997,0.5
278.1667,  1.00000000,1,0,0.074999999999999997,0.5
278.2000,  1.00000000,1,0,0.050000000000000003,0.5
278.2333,  1.00000000,1,0,0.050000000000000003,0.5
278.2667,  1.00000000,1,0,0.074999999999999997,0.5
278.3000,  1.00000000,1,0,0.050000000000000003,0.5
278.3333,  1.00000000,1,0,0.074999999999999997,0.5
278.3667,  1.00000000,1,0,0.050000000000000003,0.5
278.4000,  1.00000000,1,0,0.074999999999999997,0.5
278.4333,  1.00000000,1,0,0.050000000000000003,0.5
278.4667,  1.00000000,1,0,0.050000000000000003,0.5
278.5000,  1.00000000,1,0,0.074999999999999997,0.5
278.5333,  1.00000000,1,0,0.074999999999999997,0.5
278.5667,  1.00000000,1,0,0.074999999999999997,0.5
278.6000,  1.00000000,1,0,0.050000000000000003,0.5
278.6333,  1.00000000,1,0,0.074999999999999997,0.5
278.6667,  1.00000000,1,0,0.074999999999999997,0.5
278.7000,  1.00000000,1,0,0.074999999999999997,0.5
278.7333,  1.00000000,1,0,0.025000000000000001,0.5
278.7667,  1.00000000,1,0,0.050000000000000003,0.5
278.8000,  1.00000000,1,0,0.025000000000000001,0.5
278.8333,  1.00000000,1,0,0.074999999999999997,0.5
278.8667,  1.00000000,1,0,0.074999999999999997,0.5
278.9000,  1.00000000,1,0,0.074999999999999997,0.5
278.9333,  1.00000000,1,0,0.074999999999999997,0.5
278.9667,  1.00000000,1,0,0.074999999999999997,0.5
279.0000,  1.00000000,1,0,0.074999999999999997,0.5
279.0333,  1.00000000,1,0,0.025000000000000001,0.5
279.0667,  1.00000000,1,0,0.050000000000000003,0.5
279.1000,  1.00000000,1,0,0.050000000000000003,0.5
279.1333,  1.00000000,1,0,0.074999999999999997,0.5
279.1667,  1.00000000,1,0,0.050000000000000003,0.5
279.2000,  1.00000000,1,0,0.074999999999999997,0.5
279.2333,  1.00000000,1,0,0.074999999999999997,0.5
279.2667,  1.00000000,1,0,0.074999999999999997,0.5
279.3000,  1.00000000,1,0,0.074999999999999997,0.5
279.3333,  1.00000000,1,0,0.025000000000000001,0.5
279.3667,  1.00000000,1,0,0.074999999999999997,0.5
279.4000,  1.00000000,1,0,0.050000000000000003,0.5
279.4333,  1.00000000,1,0,0.050000000000000003,0.5
279.4667,  1.00000000,1,0,0.074999999999999997,0.5
279.5000,  1.00000000,1,0,0.050000000000000003,0.5
279.5333,  1.00000000,1,0,0.050000000000000003,0.5
279.5667,  1.00000000,1,0,0.050000000000000003,0.5
279.6000,  1.00000000,1,0,0.074999999999999997,0.5
279.6333,  1.00000000,1,0,0.074999999999999997,0.5
279.6667,  1.00000000,1,0,0.074999999999999997,0.5
279.7000,  1.00000000,1,0,0.074999999999999997,0.5
279.7333,  1.00000000,1,0,0.074999999999999997,0.5
279.7667,  1.00000000,1,0,0.025000000000000001,0.5
279.8000,  1.00000000,1,0,0.074999999999999997,0.5
279.8333,  1.00000000,1,0,0.050000000000000003,0.5
279.8667,  1.00000000,1,0,0.074999999999999997,0.5
279.9000,  1.00000000,1,0,0.0,0.5
279.9333,  1.00000000,1,0,0.050000000000000003,0.5
279.9667,  1.00000000,1,0,0.074999999999999997,0.5
280.0000,  1.00000000,1,0,0.025000000000000001,0.5
280.0333,  1.00000000,1,0,0.074999999999999997,0.5
280.0667,  1.00000000,1,0,0.025000000000000001,0.5
280.1000,  1.00000000,1,0,0.050000000000000003,0.5
280.1333,  1.00000000,1,0,0.074999999999999997,0.5
280.1667,  1.00000000,1,0,0.050000000000000003,0.5
280.2000,  1.00000000,1,0,0.074999999999999997,0.5
280.2333,  1.00000000,1,0,0.0,0.5
280.2667,  1.00000000,1,0,0.074999999999999997,0.5
280.3000,  1.00000000,1,0,0.074999999999999997,0.5
280.3333,  1.00000000,1,0,0.050000000000000003,0.5
280.3667,  1.00000000,1,0,0.025000000000000001,0.5
280.4000,  1.00000000,1,0,0.074999999999999997,0.5
280.4333,  1.00000000,1,0,0.050000000000000003,0.5
280.4667,  1.00000000,1,0,0.074999999999999997,0.5
280.5000,  1.00000000,1,0,0.074999999999999997,0.5
280.5333,  1.00000000,1,0,0.074999999999999997,0.5
280.5667,  1.00000000,1,0,0.074999999999999997,0.5
280.6000,  1.00000000,1,0,0.074999999999999997,0.5
280.6333,  1.00000000,1,0,0.074999999999999997,0.5
280.6667,  1.00000000,1,0,0.074999999999999997,0.5
280.7000,  1.00000000,1,0,0.074999999999999997,0.5
280.7333,  1.00000000,1,0,0.074999999999999997,0.5
280.7667,  1.00000000,1,0,0.050000000000000003,0.5
280.8000,  1.00000000,1,0,0.050000000000000003,0.5
280.8333,  1.00000000,1,0,0.074999999999999997,0.5
280.8667,  1.00000000,1,0,0.074999999999999997,0.5
280.9000,  1.00000000,1,0,0.14999999999999999,0.5
280.9333,  1.00000000,1,0,0.10000000000000001,0.5
280.9667,  1.00000000,1,0,0.074999999999999997,0.5
281.0000,  1.00000000,1,0,0.074999999999999997,0.5
281.0333,  1.00000000,1,0,0.025000000000000001,0.5
281.0667,  1.00000000,1,0,0.050000000000000003,0.5
281.1000,  1.00000000,1,0,0.050000000000000003,0.5
281.1333,  1.00000000,1,0,0.050000000000000003,0.5
281.1667,  1.00000000,1,0,0.125,0.5
281.2000,  1.00000000,1,0,0.074999999999999997,0.5
281.2333,  1.00000000,1,0,0.074999999999999997,0.5
281.2667,  1.00000000,1,0,0.074999999999999997,0.5
281.3000,  1.00000000,1,0,0.050000000000000003,0.5
281.3333,  1.00000000,1,0,0.074999999999999997,0.5
281.3667,  1.00000000,1,0,0.050000000000000003,0.5
281.4000,  1.00000000,1,0,0.074999999999999997,0.5
281.4333,  1.00000000,1,0,0.025000000000000001,0.5
281.4667,  1.00000000,1,0,0.050000000000000003,0.5
281.5000,  1.00000000,1,0,0.0,0.5
281.5333,  1.00000000,1,0,0.050000000000000003,0.5
281.5667,  1.00000000,1,0,0.050000000000000003,0.5
281.6000,  1.00000000,1,0,0.074999999999999997,0.5
281.6333,  1.00000000,1,0,0.074999999999999997,0.5
281.6667,  1.00000000,1,0,0.074999999999999997,0.5
281.7000,  1.00000000,1,0,0.074999999999999997,0.5
281.7333,  1.00000000,1,0,0.074999999999999997,0.5
281.7667,  1.00000000,1,0,0.074999999999999997,0.5
281.8000,  1.00000000,1,0,0.050000000000000003,0.5
281.8333,  1.00000000,1,0,0.025000000000000001,0.5
281.8667,  1.00000000,1,0,0.074999999999999997,0.5
281.9000,  1.00000000,1,0,0.074999999999999997,0.5
281.9333,  1.00000000,1,0,0.074999999999999997,0.5
281.9667,  1.00000000,1,0,0.074999999999999997,0.5
282.0000,  1.00000000,1,0,0.074999999999999997,0.5
282.0333,  1.00000000,1,0,0.074999999999999997,0.5
282.0667,  1.00000000,1,0,0.074999999999999997,0.5
282.1000,  1.00000000,1,0,0.074999999999999997,0.5
282.1333,  1.00000000,1,0,0.074999999999999997,0.5
282.1667,  1.00000000,1,0,0.074999999999999997,0.5
282.2000,  1.00000000,1,0,0.050000000000000003,0.5
282.2333,  1.00000000,1,0,0.074999999999999997,0.5
282.2667,  1.00000000,1,0,0.074999999999999997,0.5
282.3000,  1.00000000,1,0,0.050000000000000003,0.5
282.3333,  1.00000000,1,0,0.050000000000000003,0.5
282.3667,  1.00000000,1,0,0.074999999999999997,0.5
282.4000,  1.00000000,1,0,0.074999999999999997,0.5
282.4333,  1.00000000,1,0,0.050000000000000003,0.5
282.4667,  1.00000000,1,0,0.050000000000000003,0.5
282.5000,  1.00000000,1,0,0.074999999999999997,0.5
282.5333,  1.00000000,1,0,0.074999999999999997,0.5
282.5667,  1.00000000,1,0,0.050000000000000003,0.5
282.6000,  1.00000000,1,0,0.050000000000000003,0.5
282.6333,  1.00000000,1,0,0.074999999999999997,0.5
282.6667,  1.00000000,1,0,0.074999999999999997,0.5
282.7000,  1.00000000,1,0,0.074999999999999997,0.5
282.7333,  1.00000000,1,0,0.074999999999999997,0.5
282.7667,  1.00000000,1,0,0.074999999999999997,0.5
282.8000,  1.00000000,1,0,0.074999999999999997,0.5
282.8333,  1.00000000,1,0,0.050000000000000003,0.5
282.8667,  1.00000000,1,0,0.074999999999999997,0.5
282.9000,  1.00000000,1,0,0.074999999999999997,0.5
282.9333,  1.00000000,1,0,0.050000000000000003,0.5
282.9667,  1.00000000,1,0,0.074999999999999997,0.5
283.0000,  1.00000000,1,0,0.074999999999999997,0.5
283.0333,  1.00000000,1,0,0.050000000000000003,0.5
283.0667,  1.00000000,1,0,0.074999999999999997,0.5
283.1000,  1.00000000,1,0,0.050000000000000003,0.5
283.1333,  1.00000000,1,0,0.074999999999999997,0.5
283.1667,  1.00000000,1,0,0.074999999999999997,0.5
283.2000,  1.00000000,1,0,0.050000000000000003,0.5
283.2333,  1.00000000,1,0,0.074999999999999997,0.5
283.2667,  1.00000000,1,0,0.074999999999999997,0.5
283.3000,  1.00000000,1,0,0.050000000000000003,0.5
283.3333,  1.00000000,1,0,0.074999999999999997,0.5
283.3667,  1.00000000,1,0,0.025000000000000001,0.5
283.4000,  1.00000000,1,0,0.074999999999999997,0.5
283.4333,  1.00000000,1,0,0.074999999999999997,0.5
283.4667,  1.00000000,1,0,0.050000000000000003,0.5
283.5000,  1.00000000,1,0,0.074999999999999997,0.5
283.5333,  1.00000000,1,0,0.074999999999999997,0.5
283.5667,  1.00000000,1,0,0.074999999999999997,0.5
283.6000,  1.00000000,1,0,0.050000000000000003,0.5
283.6333,  1.00000000,1,0,0.074999999999999997,0.5
283.6667,  1.00000000,1,0,0.050000000000000003,0.5
283.7000,  1.00000000,1,0,0.074999999999999997,0.5
283.7333,  1.00000000,1,0,0.074999999999999997,0.5
283.7667,  1.00000000,1,0,0.074999999999999997,0.5
283.8000,  1.00000000,1,0,0.074999999999999997,0.5
283.8333,  1.00000000,1,0,0.050000000000000003,0.5
283.8667,  1.00000000,1,0,0.074999999999999997,0.5
283.9000,  1.00000000,1,0,0.074999999999999997,0.5
283.9333,  1.00000000,1,0,0.074999999999999997,0.5
283.9667,  1.00000000,1,0,0.074999999999999997,0.5
284.0000,  1.00000000,1,0,0.074999999999999997,0.5
284.0333,  1.00000000,1,0,0.074999999999999997,0.5
284.0667,  1.00000000,1,0,0.074999999999999997,0.5
284.1000,  1.00000000,1,0,0.074999999999999997,0.5
284.1333,  1.00000000,1,0,0.050000000000000003,0.5
284.1667,  1.00000000,1,0,0.050000000000000003,0.5
284.2000,  1.00000000,1,0,0.074999999999999997,0.5
284.2333,  1.00000000,1,0,0.050000000000000003,0.5
284.2667,  1.00000000,1,0,0.074999999999999997,0.5
284.3000,  1.00000000,1,0,0.074999999999999997,0.5
284.3333,  1.00000000,1,0,0.074999999999999997,0.5
284.3667,  1.00000000,1,0,0.050000000000000003,0.5
284.4000,  1.00000000,1,0,0.074999999999999997,0.5
284.4333,  1.00000000,1,0,0.074999999999999997,0.5
284.4667,  1.00000000,1,0,0.074999999999999997,0.5
284.5000,  1.00000000,1,0,0.074999999999999997,0.5
284.5333,  1.00000000,1,0,0.074999999999999997,0.5
284.5667,  1.00000000,1,0,0.074999999999999997,0.5
284.6000,  1.00000000,1,0,0.074999999999999997,0.5
284.6333,  1.00000000,1,0,0.074999999999999997,0.5
284.6667,  1.00000000,1,0,0.050000000000000003,0.5
284.7000,  1.00000000,1,0,0.025000000000000001,0.5
284.7333,  1.00000000,1,0,0.050000000000000003,0.5
284.7667,  1.00000000,1,0,0.025000000000000001,0.5
284.8000,  1.00000000,1,0,0.074999999999999997,0.5
284.8333,  1.00000000,1,0,0.074999999999999997,0.5
284.8667,  1.00000000,1,0,0.050000000000000003,0.5
284.9000,  1.00000000,1,0,0.074999999999999997,0.5
284.9333,  1.00000000,1,0,0.074999999999999997,0.5
284.9667,  1.00000000,1,0,0.050000000000000003,0.5
285.0000,  1.00000000,1,0,0.050000000000000003,0.5
285.0333,  1.00000000,1,0,0.050000000000000003,0.5
285.0667,  1.00000000,1,0,0.074999999999999997,0.5
285.1000,  1.00000000,1,0,0.074999999999999997,0.5
285.1333,  1.00000000,1,0,0.074999999999999997,0.5
285.1667,  1.00000000,1,0,0.074999999999999997,0.5
285.2000,  1.00000000,1,0,0.074999999999999997,0.5
285.2333,  1.00000000,1,0,0.074999999999999997,0.5
285.2667,  1.00000000,1,0,0.074999999999999997,0.5
285.3000,  1.00000000,1,0,0.074999999999999997,0.5
285.3333,  1.00000000,1,0,0.074999999999999997,0.5
285.3667,  1.00000000,1,0,0.025000000000000001,0.5
285.4000,  1.00000000,1,0,0.050000000000000003,0.5
285.4333,  1.00000000,1,0,0.074999999999999997,0.5
285.4667,  1.00000000,1,0,0.074999999999999997,0.5
285.5000,  1.00000000,1,0,0.074999999999999997,0.5
285.5333,  1.00000000,1,0,0.074999999999999997,0.5
285.5667,  1.00000000,1,0,0.074999999999999997,0.5
285.6000,  1.00000000,1,0,0.074999999999999997,0.5
285.6333,  1.00000000,1,0,0.074999999999999997,0.5
285.6667,  1.00000000,1,0,0.074999999999999997,0.5
285.7000,  1.00000000,1,0,0.074999999999999997,0.5
285.7333,  1.00000000,1,0,0.074999999999999997,0.5
285.7667,  1.00000000,1,0,0.074999999999999997,0.5
285.8000,  1.00000000,1,0,0.050000000000000003,0.5
285.8333,  1.00000000,1,0,0.025000000000000001,0.5
285.8667,  1.00000000,1,0,0.074999999999999997,0.5
285.9000,  1.00000000,1,0,0.050000000000000003,0.5
285.9333,  1.00000000,1,0,0.074999999999999997,0.5
285.9667,  1.00000000,1,0,0.025000000000000001,0.5
286.0000,  1.00000000,1,0,0.050000000000000003,0.5
286.0333,  1.00000000,1,0,0.0,0.5
286.0667,  1.00000000,1,0,0.050000000000000003,0.5
286.1000,  1.00000000,1,0,0.074999999999999997,0.5
286.1333,  1.00000000,1,0,0.074999999999999997,0.5
286.1667,  1.00000000,1,0,0.074999999999999997,0.5
286.2000,  1.00000000,1,0,0.025000000000000001,0.5
286.2333,  1.00000000,1,0,0.050000000000000003,0.5
286.2667,  1.00000000,1,0,0.074999999999999997,0.5
286.3000,  1.00000000,1,0,0.0,0.5
286.3333,  1.00000000,1,0,0.050000000000000003,0.5
286.3667,  1.00000000,1,0,0.074999999999999997,0.5
286.4000,  1.00000000,1,0,0.050000000000000003,0.5
286.4333,  1.00000000,1,0,0.074999999999999997,0.5
286.4667,  1.00000000,1,0,0.074999999999999997,0.5
286.5000,  1.00000000,1,0,0.074999999999999997,0.5
286.5333,  1.00000000,1,0,0.074999999999999997,0.5
286.5667,  1.00000000,1,0,0.050000000000000003,0.5
286.6000,  1.00000000,1,0,0.074999999999999997,0.5
286.6333,  1.00000000,1,0,0.050000000000000003,0.5
286.6667,  1.00000000,1,0,0.074999999999999997,0.5
286.7000,  1.00000000,1,0,0.074999999999999997,0.5
286.7333,  1.00000000,1,0,0.025000000000000001,0.5
286.7667,  1.00000000,1,0,0.050000000000000003,0.5
286.8000,  1.00000000,1,0,0.074999999999999997,0.5
286.8333,  1.00000000,1,0,0.025000000000000001,0.5
286.8667,  1.00000000,1,0,0.074999999999999997,0.5
286.9000,  1.00000000,1,0,0.074999999999999997,0.5
286.9333,  1.00000000,1,0,0.050000000000000003,0.5
286.9667,  1.00000000,1,0,0.074999999999999997,0.5
287.0000,  1.00000000,1,0,0.050000000000000003,0.5
287.0333,  1.00000000,1,0,0.025000000000000001,0.5
287.0667,  1.00000000,1,0,0.050000000000000003,0.5
287.1000,  1.00000000,1,0,0.050000000000000003,0.5
287.1333,  1.00000000,1,0,0.074999999999999997,0.5
287.1667,  1.00000000,1,0,0.074999999999999997,0.5
287.2000,  1.00000000,1,0,0.050000000000000003,0.5
287.2333,  1.00000000,1,0,0.050000000000000003,0.5
287.2667,  1.00000000,1,0,0.050000000000000003,0.5
287.3000,  1.00000000,1,0,0.050000000000000003,0.5
287.3333,  1.00000000,1,0,0.074999999999999997,0.5
287.3667,  1.00000000,1,0,0.025000000000000001,0.5
287.4000,  1.00000000,1,0,0.025000000000000001,0.5
287.4333,  1.00000000,1,0,0.050000000000000003,0.5
287.4667,  1.00000000,1,0,0.074999999999999997,0.5
287.5000,  1.00000000,1,0,0.074999999999999997,0.5
287.5333,  1.00000000,1,0,0.050000000000000003,0.5
287.5667,  1.00000000,1,0,0.050000000000000003,0.5
287.6000,  1.00000000,1,0,0.074999999999999997,0.5
287.6333,  1.00000000,1,0,0.074999999999999997,0.5
287.6667,  1.00000000,1,0,0.074999999999999997,0.5
287.7000,  1.00000000,1,0,0.074999999999999997,0.5
287.7333,  1.00000000,1,0,0.074999999999999997,0.5
287.7667,  1.00000000,1,0,0.074999999999999997,0.5
287.8000,  1.00000000,1,0,0.074999999999999997,0.5
287.8333,  1.00000000,1,0,0.0,0.5
287.8667,  1.00000000,1,0,0.025000000000000001,0.5
287.9000,  1.00000000,1,0,0.050000000000000003,0.5
287.9333,  1.00000000,1,0,0.025000000000000001,0.5
287.9667,  1.00000000,1,0,0.074999999999999997,0.5
288.0000,  1.00000000,1,0,0.074999999999999997,0.5
288.0333,  1.00000000,1,0,0.074999999999999997,0.5
288.0667,  1.00000000,1,0,0.074999999999999997,0.5
288.1000,  1.00000000,1,0,0.050000000000000003,0.5
288.1333,  1.00000000,1,0,0.050000000000000003,0.5
288.1667,  1.00000000,1,0,0.050000000000000003,0.5
288.2000,  1.00000000,1,0,0.050000000000000003,0.5
288.2333,  1.00000000,1,0,0.074999999999999997,0.5
288.2667,  1.00000000,1,0,0.074999999999999997,0.5
288.3000,  1.00000000,1,0,0.050000000000000003,0.5
288.3333,  1.00000000,1,0,0.050000000000000003,0.5
288.3667,  1.00000000,1,0,0.074999999999999997,0.5
288.4000,  1.00000000,1,0,0.074999999999999997,0.5
288.4333,  1.00000000,1,0,0.074999999999999997,0.5
288.4667,  1.00000000,1,0,0.050000000000000003,0.5
288.5000,  1.00000000,1,0,0.074999999999999997,0.5
288.5333,  1.00000000,1,0,0.025000000000000001,0.5
288.5667,  1.00000000,1,0,0.050000000000000003,0.5
288.6000,  1.00000000,1,0,0.050000000000000003,0.5
288.6333,  1.00000000,1,0,0.025000000000000001,0.5
288.6667,  1.00000000,1,0,0.050000000000000003,0.5
288.7000,  1.00000000,1,0,0.074999999999999997,0.5
288.7333,  1.00000000,1,0,0.074999999999999997,0.5
288.7667,  1.00000000,1,0,0.050000000000000003,0.5
288.8000,  1.00000000,1,0,0.050000000000000003,0.5
288.8333,  1.00000000,1,0,0.025000000000000001,0.5
288.8667,  1.00000000,1,0,0.0,0.5
288.9000,  1.00000000,1,0,0.025000000000000001,0.5
288.9333,  1.00000000,1,0,0.0,0.5
288.9667,  1.00000000,1,0,0.074999999999999997,0.5
289.0000,  1.00000000,1,0,0.025000000000000001,0.5
289.0333,  1.00000000,1,0,0.050000000000000003,0.5
289.0667,  1.00000000,1,0,0.074999999999999997,0.5
289.1000,  1.00000000,1,0,0.074999999999999997,0.5
289.1333,  1.00000000,1,0,0.074999999999999997,0.5
289.1667,  1.00000000,1,0,0.0,0.5
289.2000,  1.00000000,1,0,0.025000000000000001,0.5
289.2333,  1.00000000,1,0,0.0,0.5
289.2667,  1.00000000,1,0,0.050000000000000003,0.5
289.3000,  1.00000000,1,0,0.050000000000000003,0.5
289.3333,  1.00000000,1,0,0.050000000000000003,0.5
289.3667,  1.00000000,1,0,0.050000000000000003,0.5
289.4000,  1.00000000,1,0,0.025000000000000001,0.5
289.4333,  1.00000000,1,0,0.025000000000000001,0.5
289.4667,  1.00000000,1,0,0.0,0.5
289.5000,  1.00000000,1,0,0.025000000000000001,0.5
289.5333,  1.00000000,1,0,0.074999999999999997,0.5
289.5667,  1.00000000,1,0,0.025000000000000001,0.5
289.6000,  1.00000000,1,0,0.0,0.5
289.6333,  1.00000000,1,0,0.0,0.5
289.6667,  1.00000000,1,0,0.074999999999999997,0.5
289.7000,  1.00000000,1,0,0.050000000000000003,0.5
289.7333,  1.00000000,1,0,0.025000000000000001,0.5
289.7667,  1.00000000,1,0,0.074999999999999997,0.5
289.8000,  1.00000000,1,0,0.025000000000000001,0.5
289.8333,  1.00000000,1,0,0.0,0.5
289.8667,  1.00000000,1,0,0.025000000000000001,0.5
289.9000,  1.00000000,1,0,0.050000000000000003,0.5
289.9333,  1.00000000,1,0,0.050000000000000003,0.5
289.9667,  1.00000000,1,0,0.050000000000000003,0.5
290.0000,  1.00000000,1,0,0.025000000000000001,0.5
290.0333,  1.00000000,1,0,0.025000000000000001,0.5
290.0667,  1.00000000,1,0,0.050000000000000003,0.5
290.1000,  1.00000000,1,0,0.025000000000000001,0.5
290.1333,  1.00000000,1,0,0.050000000000000003,0.5
290.1667,  1.00000000,1,0,0.050000000000000003,0.5
290.2000,  1.00000000,1,0,0.050000000000000003,0.5
290.2333,  1.00000000,1,0,0.025000000000000001,0.5
290.2667,  1.00000000,1,0,0.074999999999999997,0.5
290.3000,  1.00000000,1,0,0.025000000000000001,0.5
290.3333,  1.00000000,1,0,0.0,0.5
290.3667,  1.00000000,1,0,0.0,0.5
290.4000,  1.00000000,1,0,0.025000000000000001,0.5
290.4333,  1.00000000,1,0,0.025000000000000001,0.5
290.4667,  1.00000000,1,0,0.050000000000000003,0.5
290.5000,  1.00000000,1,0,0.0,0.5
290.5333,  1.00000000,1,0,0.0,0.5
290.5667,  1.00000000,1,0,0.0,0.5
290.6000,  1.00000000,1,0,0.0,0.5
290.6333,  1.00000000,1,0,0.0,0.5
290.6667,  1.00000000,1,0,0.0,0.5
290.7000,  1.00000000,1,0,0.025000000000000001,0.5
290.7333,  1.00000000,1,0,0.074999999999999997,0.5
290.7667,  1.00000000,1,0,0.074999999999999997,0.5
290.8000,  1.00000000,1,0,0.0,0.5
290.8333,  1.00000000,1,0,0.025000000000000001,0.5
290.8667,  1.00000000,1,0,0.074999999999999997,0.5
290.9000,  1.00000000,1,0,0.0,0.5
290.9333,  1.00000000,1,0,0.0,0.5
290.9667,  1.00000000,1,0,0.025000000000000001,0.5
291.0000,  1.00000000,1,0,0.025000000000000001,0.5
291.0333,  1.00000000,1,0,0.074999999999999997,0.5
291.0667,  1.00000000,1,0,0.050000000000000003,0.5
291.1000,  1.00000000,1,0,0.0,0.5
291.1333,  1.00000000,1,0,0.074999999999999997,0.5
291.1667,  1.00000000,1,0,0.050000000000000003,0.5
291.2000,  1.00000000,1,0,0.0,0.5
291.2333,  1.00000000,1,0,0.074999999999999997,0.5
291.2667,  1.00000000,1,0,0.025000000000000001,0.5
291.3000,  1.00000000,1,0,0.0,0.5
291.3333,  1.00000000,1,0,0.050000000000000003,0.5
291.3667,  1.00000000,1,0,0.074999999999999997,0.5
291.4000,  1.00000000,1,0,0.074999999999999997,0.5
291.4333,  1.00000000,1,0,0.074999999999999997,0.5
291.4667,  1.00000000,1,0,0.074999999999999997,0.5
291.5000,  1.00000000,1,0,0.050000000000000003,0.5
291.5333,  1.00000000,1,0,0.050000000000000003,0.5
291.5667,  1.00000000,1,0,0.025000000000000001,0.5
291.6000,  1.00000000,1,0,0.074999999999999997,0.5
291.6333,  1.00000000,1,0,0.074999999999999997,0.5
291.6667,  1.00000000,1,0,0.025000000000000001,0.5
291.7000,  1.00000000,1,0,0.0,0.5
291.7333,  1.00000000,1,0,0.050000000000000003,0.5
291.7667,  1.00000000,1,0,0.074999999999999997,0.5
291.8000,  1.00000000,1,0,0.074999999999999997,0.5
291.8333,  1.00000000,1,0,0.050000000000000003,0.5
291.8667,  1.00000000,1,0,0.050000000000000003,0.5
291.9000,  1.00000000,1,0,0.050000000000000003,0.5
291.9333,  1.00000000,1,0,0.050000000000000003,0.5
291.9667,  1.00000000,1,0,0.025000000000000001,0.5
292.0000,  1.00000000,1,0,0.025000000000000001,0.5
292.0333,  1.00000000,1,0,0.050000000000000003,0.5
292.0667,  1.00000000,1,0,0.025000000000000001,0.5
292.1000,  1.00000000,1,0,0.050000000000000003,0.5
292.1333,  1.00000000,1,0,0.074999999999999997,0.5
292.1667,  1.00000000,1,0,0.025000000000000001,0.5
292.2000,  1.00000000,1,0,0.025000000000000001,0.5
292.2333,  1.00000000,1,0,0.074999999999999997,0.5
292.2667,  1.00000000,1,0,0.0,0.5
292.3000,  1.00000000,1,0,0.074999999999999997,0.5
292.3333,  1.00000000,1,0,0.074999999999999997,0.5
292.3667,  1.00000000,1,0,0.050000000000000003,0.5
292.4000,  1.00000000,1,0,0.025000000000000001,0.5
292.4333,  1.00000000,1,0,0.050000000000000003,0.5
292.4667,  1.00000000,1,0,0.050000000000000003,0.5
292.5000,  1.00000000,1,0,0.025000000000000001,0.5
292.5333,  1.00000000,1,0,0.050000000000000003,0.5
292.5667,  1.00000000,1,0,0.050000000000000003,0.5
292.6000,  1.00000000,1,0,0.074999999999999997,0.5
292.6333,  1.00000000,1,0,0.025000000000000001,0.5
292.6667,  1.00000000,1,0,0.025000000000000001,0.5
292.7000,  1.00000000,1,0,0.074999999999999997,0.5
292.7333,  1.00000000,1,0,0.025000000000000001,0.5
292.7667,  1.00000000,1,0,0.074999999999999997,0.5
292.8000,  1.00000000,1,0,0.074999999999999997,0.5
292.8333,  1.00000000,1,0,0.074999999999999997,0.5
292.8667,  1.00000000,1,0,0.050000000000000003,0.5
292.9000,  1.00000000,1,0,0.050000000000000003,0.5
292.9333,  1.00000000,1,0,0.0,0.5
292.9667,  1.00000000,1,0,0.0,0.5
293.0000,  1.00000000,1,0,0.025000000000000001,0.5
293.0333,  1.00000000,1,0,0.0,0.5
293.0667,  1.00000000,1,0,0.025000000000000001,0.5
293.1000,  1.00000000,1,0,0.050000000000000003,0.5
293.1333,  1.00000000,1,0,0.025000000000000001,0.5
293.1667,  1.00000000,1,0,0.050000000000000003,0.5
293.2000,  1.00000000,1,0,0.074999999999999997,0.5
293.2333,  1.00000000,1,0,0.050000000000000003,0.5
293.2667,  1.00000000,1,0,0.050000000000000003,0.5
293.3000,  1.00000000,1,0,0.074999999999999997,0.5
293.3333,  1.00000000,1,0,0.074999999999999997,0.5
293.3667,  1.00000000,1,0,0.074999999999999997,0.5
293.4000,  1.00000000,1,0,0.0,0.5
293.4333,  1.00000000,1,0,0.025000000000000001,0.5
293.4667,  1.00000000,1,0,0.0,0.5
293.5000,  1.00000000,1,0,0.0,0.5
293.5333,  1.00000000,1,0,0.074999999999999997,0.5
293.5667,  1.00000000,1,0,0.050000000000000003,0.5
293.6000,  1.00000000,1,0,0.074999999999999997,0.5
293.6333,  1.00000000,1,0,0.025000000000000001,0.5
293.6667,  1.00000000,1,0,0.025000000000000001,0.5
293.7000,  1.00000000,1,0,0.050000000000000003,0.5
293.7333,  1.00000000,1,0,0.074999999999999997,0.5
293.7667,  1.00000000,1,0,0.025000000000000001,0.5
293.8000,  1.00000000,1,0,0.0,0.5
293.8333,  1.00000000,1,0,0.050000000000000003,0.5
293.8667,  1.00000000,1,0,0.074999999999999997,0.5
293.9000,  1.00000000,1,0,0.025000000000000001,0.5
293.9333,  1.00000000,1,0,0.074999999999999997,0.5
293.9667,  1.00000000,1,0,0.074999999999999997,0.5
294.0000,  1.00000000,1,0,0.074999999999999997,0.5
294.0333,  1.00000000,1,0,0.050000000000000003,0.5
294.0667,  1.00000000,1,0,0.050000000000000003,0.5
294.1000,  1.00000000,1,0,0.050000000000000003,0.5
294.1333,  1.00000000,1,0,0.025000000000000001,0.5
294.1667,  1.00000000,1,0,0.050000000000000003,0.5
294.2000,  1.00000000,1,0,0.025000000000000001,0.5
294.2333,  1.00000000,1,0,0.050000000000000003,0.5
294.2667,  1.00000000,1,0,0.0,0.5
294.3000,  1.00000000,1,0,0.050000000000000003,0.5
294.3333,  1.00000000,1,0,0.025000000000000001,0.5
294.3667,  1.00000000,1,0,0.025000000000000001,0.5
294.4000,  1.00000000,1,0,0.025000000000000001,0.5
294.4333,  1.00000000,1,0,0.050000000000000003,0.5
294.4667,  1.00000000,1,0,0.025000000000000001,0.5
294.5000,  1.00000000,1,0,0.025000000000000001,0.5
294.5333,  1.00000000,1,0,0.025000000000000001,0.5
294.5667,  1.00000000,1,0,0.050000000000000003,0.5
294.6000,  1.00000000,1,0,0.025000000000000001,0.5
294.6333,  1.00000000,1,0,0.074999999999999997,0.5
294.6667,  1.00000000,1,0,0.025000000000000001,0.5
294.7000,  1.00000000,1,0,0.050000000000000003,0.5
294.7333,  1.00000000,1,0,0.074999999999999997,0.5
294.7667,  1.00000000,1,0,0.074999999999999997,0.5
294.8000,  1.00000000,1,0,0.025000000000000001,0.5
294.8333,  1.00000000,1,0,0.074999999999999997,0.5
294.8667,  1.00000000,1,0,0.050000000000000003,0.5
294.9000,  1.00000000,1,0,0.025000000000000001,0.5
294.9333,  1.00000000,1,0,0.025000000000000001,0.5
294.9667,  1.00000000,1,0,0.0,0.5
295.0000,  1.00000000,1,0,0.050000000000000003,0.5
295.0333,  1.00000000,1,0,0.074999999999999997,0.5
295.0667,  1.00000000,1,0,0.074999999999999997,0.5
295.1000,  1.00000000,1,0,0.074999999999999997,0.5
295.1333,  1.00000000,1,0,0.074999999999999997,0.5
295.1667,  1.00000000,1,0,0.074999999999999997,0.5
295.2000,  1.00000000,1,0,0.074999999999999997,0.5
295.2333,  1.00000000,1,0,0.050000000000000003,0.5
295.2667,  1.00000000,1,0,0.074999999999999997,0.5
295.3000,  1.00000000,1,0,0.074999999999999997,0.5
295.3333,  1.00000000,1,0,0.050000000000000003,0.5
295.3667,  1.00000000,1,0,0.050000000000000003,0.5
295.4000,  1.00000000,1,0,0.050000000000000003,0.5
295.4333,  1.00000000,1,0,0.074999999999999997,0.5
295.4667,  1.00000000,1,0,0.074999999999999997,0.5
295.5000,  1.00000000,1,0,0.0,0.5
295.5333,  1.00000000,1,0,0.0,0.5
295.5667,  1.00000000,1,0,0.025000000000000001,0.5
295.6000,  1.00000000,1,0,0.050000000000000003,0.5
295.6333,  1.00000000,1,0,0.074999999999999997,0.5
295.6667,  1.00000000,1,0,0.074999999999999997,0.5
295.7000,  1.00000000,1,0,0.050000000000000003,0.5
295.7333,  1.00000000,1,0,0.074999999999999997,0.5
295.7667,  1.00000000,1,0,0.074999999999999997,0.5
295.8000,  1.00000000,1,0,0.050000000000000003,0.5
295.8333,  1.00000000,1,0,0.074999999999999997,0.5
295.8667,  1.00000000,1,0,0.050000000000000003,0.5
295.9000,  1.00000000,1,0,0.074999999999999997,0.5
295.9333,  1.00000000,1,0,0.074999999999999997,0.5
295.9667,  1.00000000,1,0,0.074999999999999997,0.5
296.0000,  1.00000000,1,0,0.050000000000000003,0.5
296.0333,  1.00000000,1,0,0.074999999999999997,0.5
296.0667,  1.00000000,1,0,0.074999999999999997,0.5
296.1000,  1.00000000,1,0,0.074999999999999997,0.5
296.1333,  1.00000000,1,0,0.074999999999999997,0.5
296.1667,  1.00000000,1,0,0.074999999999999997,0.5
296.2000,  1.00000000,1,0,0.050000000000000003,0.5
296.2333,  1.00000000,1,0,0.025000000000000001,0.5
296.2667,  1.00000000,1,0,0.074999999999999997,0.5
296.3000,  1.00000000,1,0,0.025000000000000001,0.5
296.3333,  1.00000000,1,0,0.050000000000000003,0.5
296.3667,  1.00000000,1,0,0.074999999999999997,0.5
296.4000,  1.00000000,1,0,0.050000000000000003,0.5
296.4333,  1.00000000,1,0,0.074999999999999997,0.5
296.4667,  1.00000000,1,0,0.074999999999999997,0.5
296.5000,  1.00000000,1,0,0.050000000000000003,0.5
296.5333,  1.00000000,1,0,0.074999999999999997,0.5
296.5667,  1.00000000,1,0,0.050000000000000003,0.5
296.6000,  1.00000000,1,0,0.025000000000000001,0.5
296.6333,  1.00000000,1,0,0.025000000000000001,0.5
296.6667,  1.00000000,1,0,0.025000000000000001,0.5
296.7000,  1.00000000,1,0,0.025000000000000001,0.5
296.7333,  1.00000000,1,0,0.0,0.5
296.7667,  1.00000000,1,0,0.050000000000000003,0.5
296.8000,  1.00000000,1,0,0.025000000000000001,0.5
296.8333,  1.00000000,1,0,0.050000000000000003,0.5
296.8667,  1.00000000,1,0,0.050000000000000003,0.5
296.9000,  1.00000000,1,0,0.074999999999999997,0.5
296.9333,  1.00000000,1,0,0.025000000000000001,0.5
296.9667,  1.00000000,1,0,0.074999999999999997,0.5
297.0000,  1.00000000,1,0,0.050000000000000003,0.5
297.0333,  1.00000000,1,0,0.050000000000000003,0.5
297.0667,  1.00000000,1,0,0.025000000000000001,0.5
297.1000,  1.00000000,1,0,0.074999999999999997,0.5
297.1333,  1.00000000,1,0,0.050000000000000003,0.5
297.1667,  1.00000000,1,0,0.074999999999999997,0.5
297.2000,  1.00000000,1,0,0.050000000000000003,0.5
297.2333,  1.00000000,1,0,0.074999999999999997,0.5
297.2667,  1.00000000,1,0,0.050000000000000003,0.5
297.3000,  1.00000000,1,0,0.074999999999999997,0.5
297.3333,  1.00000000,1,0,0.074999999999999997,0.5
297.3667,  1.00000000,1,0,0.050000000000000003,0.5
297.4000,  1.00000000,1,0,0.074999999999999997,0.5
297.4333,  1.00000000,1,0,0.074999999999999997,0.5
297.4667,  1.00000000,1,0,0.074999999999999997,0.5
297.5000,  1.00000000,1,0,0.074999999999999997,0.5
297.5333,  1.00000000,1,0,0.050000000000000003,0.5
297.5667,  1.00000000,1,0,0.074999999999999997,0.5
297.6000,  1.00000000,1,0,0.050000000000000003,0.5
297.6333,  1.00000000,1,0,0.050000000000000003,0.5
297.6667,  1.00000000,1,0,0.050000000000000003,0.5
297.7000,  1.00000000,1,0,0.025000000000000001,0.5
297.7333,  1.00000000,1,0,0.050000000000000003,0.5
297.7667,  1.00000000,1,0,0.025000000000000001,0.5
297.8000,  1.00000000,1,0,0.074999999999999997,0.5
297.8333,  1.00000000,1,0,0.050000000000000003,0.5
297.8667,  1.00000000,1,0,0.074999999999999997,0.5
297.9000,  1.00000000,1,0,0.050000000000000003,0.5
297.9333,  1.00000000,1,0,0.074999999999999997,0.5
297.9667,  1.00000000,1,0,0.050000000000000003,0.5
298.0000,  1.00000000,1,0,0.074999999999999997,0.5
298.0333,  1.00000000,1,0,0.074999999999999997,0.5
298.0667,  1.00000000,1,0,0.025000000000000001,0.5
298.1000,  1.00000000,1,0,0.074999999999999997,0.5
298.1333,  1.00000000,1,0,0.074999999999999997,0.5
298.1667,  1.00000000,1,0,0.074999999999999997,0.5
298.2000,  1.00000000,1,0,0.074999999999999997,0.5
298.2333,  1.00000000,1,0,0.050000000000000003,0.5
298.2667,  1.00000000,1,0,0.074999999999999997,0.5
298.3000,  1.00000000,1,0,0.074999999999999997,0.5
298.3333,  1.00000000,1,0,0.025000000000000001,0.5
298.3667,  1.00000000,1,0,0.050000000000000003,0.5
298.4000,  1.00000000,1,0,0.050000000000000003,0.5
298.4333,  1.00000000,1,0,0.050000000000000003,0.5
298.4667,  1.00000000,1,0,0.050000000000000003,0.5
298.5000,  1.00000000,1,0,0.025000000000000001,0.5
298.5333,  1.00000000,1,0,0.050000000000000003,0.5
298.5667,  1.00000000,1,0,0.074999999999999997,0.5
298.6000,  1.00000000,1,0,0.050000000000000003,0.5
298.6333,  1.00000000,1,0,0.050000000000000003,0.5
298.6667,  1.00000000,1,0,0.074999999999999997,0.5
298.7000,  1.00000000,1,0,0.025000000000000001,0.5
298.7333,  1.00000000,1,0,0.074999999999999997,0.5
298.7667,  1.00000000,1,0,0.074999999999999997,0.5
298.8000,  1.00000000,1,0,0.050000000000000003,0.5
298.8333,  1.00000000,1,0,0.025000000000000001,0.5
298.8667,  1.00000000,1,0,0.050000000000000003,0.5
298.9000,  1.00000000,1,0,0.074999999999999997,0.5
298.9333,  1.00000000,1,0,0.050000000000000003,0.5
298.9667,  1.00000000,1,0,0.074999999999999997,0.5
299.0000,  1.00000000,1,0,0.074999999999999997,0.5
299.0333,  1.00000000,1,0,0.074999999999999997,0.5
299.0667,  1.00000000,1,0,0.050000000000000003,0.5
299.1000,  1.00000000,1,0,0.074999999999999997,0.5
299.1333,  1.00000000,1,0,0.025000000000000001,0.5
299.1667,  1.00000000,1,0,0.074999999999999997,0.5
299.2000,  1.00000000,1,0,0.074999999999999997,0.5
299.2333,  1.00000000,1,0,0.074999999999999997,0.5
299.2667,  1.00000000,1,0,0.050000000000000003,0.5
299.3000,  1.00000000,1,0,0.074999999999999997,0.5
299.3333,  1.00000000,1,0,0.025000000000000001,0.5
299.3667,  1.00000000,1,0,0.050000000000000003,0.5
299.4000,  1.00000000,1,0,0.074999999999999997,0.5
299.4333,  1.00000000,1,0,0.074999999999999997,0.5
299.4667,  1.00000000,1,0,0.050000000000000003,0.5
299.5000,  1.00000000,1,0,0.074999999999999997,0.5
299.5333,  1.00000000,1,0,0.050000000000000003,0.5
299.5667,  1.00000000,1,0,0.074999999999999997,0.5
299.6000,  1.00000000,1,0,0.074999999999999997,0.5
299.6333,  1.00000000,1,0,0.050000000000000003,0.5
299.6667,  1.00000000,1,0,0.074999999999999997,0.5
299.7000,  1.00000000,1,0,0.050000000000000003,0.5
299.7333,  1.00000000,1,0,0.050000000000000003,0.5
299.7667,  1.00000000,1,0,0.074999999999999997,0.5
299.8000,  1.00000000,1,0,0.050000000000000003,0.5
299.8333,  1.00000000,1,0,0.050000000000000003,0.5
299.8667,  1.00000000,1,0,0.074999999999999997,0.5
299.9000,  1.00000000,1,0,0.025000000000000001,0.5
299.9333,  1.00000000,1,0,0.074999999999999997,0.5
299.9667,  1.00000000,1,0,0.050000000000000003,0.5
300.0000,  1.00000000,1,0,0.074999999999999997,0.5
300.0333,  1.00000000,1,0,0.025000000000000001,0.5
300.0667,  1.00000000,1,0,0.074999999999999997,0.5
300.1000,  1.00000000,1,0,0.074999999999999997,0.5
300.1333,  1.00000000,1,0,0.050000000000000003,0.5
300.1667,  1.00000000,1,0,0.074999999999999997,0.5
300.2000,  1.00000000,1,0,0.074999999999999997,0.5
300.2333,  1.00000000,1,0,0.074999999999999997,0.5
300.2667,  1.00000000,1,0,0.050000000000000003,0.5
300.3000,  1.00000000,1,0,0.050000000000000003,0.5
300.3333,  1.00000000,1,0,0.074999999999999997,0.5
300.3667,  1.00000000,1,0,0.074999999999999997,0.5
300.4000,  1.00000000,1,0,0.074999999999999997,0.5
300.4333,  1.00000000,1,0,0.074999999999999997,0.5
300.4667,  1.00000000,1,0,0.074999999999999997,0.5
300.5000,  1.00000000,1,0,0.074999999999999997,0.5
300.5333,  1.00000000,1,0,0.050000000000000003,0.5
300.5667,  1.00000000,1,0,0.050000000000000003,0.5
300.6000,  1.00000000,1,0,0.074999999999999997,0.5
300.6333,  1.00000000,1,0,0.074999999999999997,0.5
300.6667,  1.00000000,1,0,0.074999999999999997,0.5
300.7000,  1.00000000,1,0,0.074999999999999997,0.5
300.7333,  1.00000000,1,0,0.074999999999999997,0.5
300.7667,  1.00000000,1,0,0.074999999999999997,0.5
300.8000,  1.00000000,1,0,0.050000000000000003,0.5
300.8333,  1.00000000,1,0,0.074999999999999997,0.5
300.8667,  1.00000000,1,0,0.074999999999999997,0.5
300.9000,  1.00000000,1,0,0.050000000000000003,0.5
300.9333,  1.00000000,1,0,0.050000000000000003,0.5
300.9667,  1.00000000,1,0,0.074999999999999997,0.5
301.0000,  1.00000000,1,0,0.050000000000000003,0.5
301.0333,  1.00000000,1,0,0.074999999999999997,0.5
301.0667,  1.00000000,1,0,0.074999999999999997,0.5
301.1000,  1.00000000,1,0,0.074999999999999997,0.5
301.1333,  1.00000000,1,0,0.050000000000000003,0.5
301.1667,  1.00000000,1,0,0.050000000000000003,0.5
301.2000,  1.00000000,1,0,0.074999999999999997,0.5
301.2333,  1.00000000,1,0,0.074999999999999997,0.5
301.2667,  1.00000000,1,0,0.050000000000000003,0.5
301.3000,  1.00000000,1,0,0.025000000000000001,0.5
301.3333,  1.00000000,1,0,0.074999999999999997,0.5
301.3667,  1.00000000,1,0,0.074999999999999997,0.5
301.4000,  1.00000000,1,0,0.050000000000000003,0.5
301.4333,  1.00000000,1,0,0.074999999999999997,0.5
301.4667,  1.00000000,1,0,0.050000000000000003,0.5
301.5000,  1.00000000,1,0,0.050000000000000003,0.5
301.5333,  1.00000000,1,0,0.050000000000000003,0.5
301.5667,  1.00000000,1,0,0.0,0.5
301.6000,  1.00000000,1,0,0.050000000000000003,0.5
301.6333,  1.00000000,1,0,0.025000000000000001,0.5
301.6667,  1.00000000,1,0,0.0,0.5
301.7000,  1.00000000,1,0,0.025000000000000001,0.5
301.7333,  1.00000000,1,0,0.0,0.5
301.7667,  1.00000000,1,0,0.050000000000000003,0.5
301.8000,  1.00000000,1,0,0.074999999999999997,0.5
301.8333,  1.00000000,1,0,0.025000000000000001,0.5
301.8667,  1.00000000,1,0,0.074999999999999997,0.5
301.9000,  1.00000000,1,0,0.074999999999999997,0.5
301.9333,  1.00000000,1,0,0.050000000000000003,0.5
301.9667,  1.00000000,1,0,0.074999999999999997,0.5
302.0000,  1.00000000,1,0,0.074999999999999997,0.5
302.0333,  1.00000000,1,0,0.050000000000000003,0.5
302.0667,  1.00000000,1,0,0.050000000000000003,0.5
302.1000,  1.00000000,1,0,0.074999999999999997,0.5
302.1333,  1.00000000,1,0,0.050000000000000003,0.5
302.1667,  1.00000000,1,0,0.050000000000000003,0.5
302.2000,  1.00000000,1,0,0.074999999999999997,0.5
302.2333,  1.00000000,1,0,0.074999999999999997,0.5
302.2667,  1.00000000,1,0,0.074999999999999997,0.5
302.3000,  1.00000000,1,0,0.074999999999999997,0.5
302.3333,  1.00000000,1,0,0.074999999999999997,0.5
302.3667,  1.00000000,1,0,0.050000000000000003,0.5
302.4000,  1.00000000,1,0,0.074999999999999997,0.5
302.4333,  1.00000000,1,0,0.074999999999999997,0.5
302.4667,  1.00000000,1,0,0.050000000000000003,0.5
302.5000,  1.00000000,1,0,0.050000000000000003,0.5
302.5333,  1.00000000,1,0,0.050000000000000003,0.5
302.5667,  1.00000000,1,0,0.074999999999999997,0.5
302.6000,  1.00000000,1,0,0.050000000000000003,0.5
302.6333,  1.00000000,1,0,0.074999999999999997,0.5
302.6667,  1.00000000,1,0,0.074999999999999997,0.5
302.7000,  1.00000000,1,0,0.074999999999999997,0.5
302.7333,  1.00000000,1,0,0.074999999999999997,0.5
302.7667,  1.00000000,1,0,0.074999999999999997,0.5
302.8000,  1.00000000,1,0,0.050000000000000003,0.5
302.8333,  1.00000000,1,0,0.074999999999999997,0.5
302.8667,  1.00000000,1,0,0.074999999999999997,0.5
302.9000,  1.00000000,1,0,0.074999999999999997,0.5
302.9333,  1.00000000,1,0,0.050000000000000003,0.5
302.9667,  1.00000000,1,0,0.074999999999999997,0.5
303.0000,  1.00000000,1,0,0.074999999999999997,0.5
303.0333,  1.00000000,1,0,0.050000000000000003,0.5
303.0667,  1.00000000,1,0,0.074999999999999997,0.5
303.1000,  1.00000000,1,0,0.050000000000000003,0.5
303.1333,  1.00000000,1,0,0.074999999999999997,0.5
303.1667,  1.00000000,1,0,0.074999999999999997,0.5
303.2000,  1.00000000,1,0,0.050000000000000003,0.5
303.2333,  1.00000000,1,0,0.074999999999999997,0.5
303.2667,  1.00000000,1,0,0.025000000000000001,0.5
303.3000,  1.00000000,1,0,0.074999999999999997,0.5
303.3333,  1.00000000,1,0,0.050000000000000003,0.5
303.3667,  1.00000000,1,0,0.074999999999999997,0.5
303.4000,  1.00000000,1,0,0.074999999999999997,0.5
303.4333,  1.00000000,1,0,0.050000000000000003,0.5
303.4667,  1.00000000,1,0,0.074999999999999997,0.5
303.5000,  1.00000000,1,0,0.074999999999999997,0.5
303.5333,  1.00000000,1,0,0.050000000000000003,0.5
303.5667,  1.00000000,1,0,0.074999999999999997,0.5
303.6000,  1.00000000,1,0,0.050000000000000003,0.5
303.6333,  1.00000000,1,0,0.025000000000000001,0.5
303.6667,  1.00000000,1,0,0.074999999999999997,0.5
303.7000,  1.00000000,1,0,0.074999999999999997,0.5
303.7333,  1.00000000,1,0,0.050000000000000003,0.5
303.7667,  1.00000000,1,0,0.074999999999999997,0.5
303.8000,  1.00000000,1,0,0.074999999999999997,0.5
303.8333,  1.00000000,1,0,0.074999999999999997,0.5
303.8667,  1.00000000,1,0,0.074999999999999997,0.5
303.9000,  1.00000000,1,0,0.074999999999999997,0.5
303.9333,  1.00000000,1,0,0.074999999999999997,0.5
303.9667,  1.00000000,1,0,0.050000000000000003,0.5
304.0000,  1.00000000,1,0,0.050000000000000003,0.5
304.0333,  1.00000000,1,0,0.074999999999999997,0.5
304.0667,  1.00000000,1,0,0.050000000000000003,0.5
304.1000,  1.00000000,1,0,0.050000000000000003,0.5
304.1333,  1.00000000,1,0,0.050000000000000003,0.5
304.1667,  1.00000000,1,0,0.050000000000000003,0.5
304.2000,  1.00000000,1,0,0.050000000000000003,0.5
304.2333,  1.00000000,1,0,0.074999999999999997,0.5
304.2667,  1.00000000,1,0,0.074999999999999997,0.5
304.3000,  1.00000000,1,0,0.074999999999999997,0.5
304.3333,  1.00000000,1,0,0.074999999999999997,0.5
304.3667,  1.00000000,1,0,0.074999999999999997,0.5
304.4000,  1.00000000,1,0,0.050000000000000003,0.5
304.4333,  1.00000000,1,0,0.050000000000000003,0.5
304.4667,  1.00000000,1,0,0.074999999999999997,0.5
304.5000,  1.00000000,1,0,0.050000000000000003,0.5
304.5333,  1.00000000,1,0,0.050000000000000003,0.5
304.5667,  1.00000000,1,0,0.074999999999999997,0.5
304.6000,  1.00000000,1,0,0.050000000000000003,0.5
304.6333,  1.00000000,1,0,0.074999999999999997,0.5
304.6667,  1.00000000,1,0,0.050000000000000003,0.5
304.7000,  1.00000000,1,0,0.050000000000000003,0.5
304.7333,  1.00000000,1,0,0.074999999999999997,0.5
304.7667,  1.00000000,1,0,0.074999999999999997,0.5
304.8000,  1.00000000,1,0,0.074999999999999997,0.5
304.8333,  1.00000000,1,0,0.025000000000000001,0.5
304.8667,  1.00000000,1,0,0.050000000000000003,0.5
304.9000,  1.00000000,1,0,0.074999999999999997,0.5
304.9333,  1.00000000,1,0,0.050000000000000003,0.5
304.9667,  1.00000000,1,0,0.025000000000000001,0.5
305.0000,  1.00000000,1,0,0.050000000000000003,0.5
305.0333,  1.00000000,1,0,0.074999999999999997,0.5
305.0667,  1.00000000,1,0,0.074999999999999997,0.5
305.1000,  1.00000000,1,0,0.074999999999999997,0.5
305.1333,  1.00000000,1,0,0.074999999999999997,0.5
305.1667,  1.00000000,1,0,0.074999999999999997,0.5
305.2000,  1.00000000,1,0,0.074999999999999997,0.5
305.2333,  1.00000000,1,0,0.050000000000000003,0.5
305.2667,  1.00000000,1,0,0.074999999999999997,0.5
305.3000,  1.00000000,1,0,0.074999999999999997,0.5
305.3333,  1.00000000,1,0,0.074999999999999997,0.5
305.3667,  1.00000000,1,0,0.050000000000000003,0.5
305.4000,  1.00000000,1,0,0.074999999999999997,0.5
305.4333,  1.00000000,1,0,0.025000000000000001,0.5
305.4667,  1.00000000,1,0,0.050000000000000003,0.5
305.5000,  1.00000000,1,0,0.050000000000000003,0.5
305.5333,  1.00000000,1,0,0.050000000000000003,0.5
305.5667,  1.00000000,1,0,0.050000000000000003,0.5
305.6000,  1.00000000,1,0,0.025000000000000001,0.5
305.6333,  1.00000000,1,0,0.025000000000000001,0.5
305.6667,  1.00000000,1,0,0.074999999999999997,0.5
305.7000,  1.00000000,1,0,0.050000000000000003,0.5
305.7333,  1.00000000,1,0,0.074999999999999997,0.5
305.7667,  1.00000000,1,0,0.025000000000000001,0.5
305.8000,  1.00000000,1,0,0.050000000000000003,0.5
305.8333,  1.00000000,1,0,0.050000000000000003,0.5
305.8667,  1.00000000,1,0,0.050000000000000003,0.5
305.9000,  1.00000000,1,0,0.050000000000000003,0.5
305.9333,  1.00000000,1,0,0.050000000000000003,0.5
305.9667,  1.00000000,1,0,0.050000000000000003,0.5
306.0000,  1.00000000,1,0,0.025000000000000001,0.5
306.0333,  1.00000000,1,0,0.050000000000000003,0.5
306.0667,  1.00000000,1,0,0.025000000000000001,0.5
306.1000,  1.00000000,1,0,0.050000000000000003,0.5
306.1333,  1.00000000,1,0,0.050000000000000003,0.5
306.1667,  1.00000000,1,0,0.050000000000000003,0.5
306.2000,  1.00000000,1,0,0.050000000000000003,0.5
306.2333,  1.00000000,1,0,0.074999999999999997,0.5
306.2667,  1.00000000,1,0,0.074999999999999997,0.5
306.3000,  1.00000000,1,0,0.050000000000000003,0.5
306.3333,  1.00000000,1,0,0.074999999999999997,0.5
306.3667,  1.00000000,1,0,0.050000000000000003,0.5
306.4000,  1.00000000,1,0,0.074999999999999997,0.5
306.4333,  1.00000000,1,0,0.074999999999999997,0.5
306.4667,  1.00000000,1,0,0.025000000000000001,0.5
306.5000,  1.00000000,1,0,0.074999999999999997,0.5
306.5333,  1.00000000,1,0,0.050000000000000003,0.5
306.5667,  1.00000000,1,0,0.025000000000000001,0.5
306.6000,  1.00000000,1,0,0.050000000000000003,0.5
306.6333,  1.00000000,1,0,0.074999999999999997,0.5
306.6667,  1.00000000,1,0,0.025000000000000001,0.5
306.7000,  1.00000000,1,0,0.074999999999999997,0.5
306.7333,  1.00000000,1,0,0.074999999999999997,0.5
306.7667,  1.00000000,1,0,0.050000000000000003,0.5
306.8000,  1.00000000,1,0,0.050000000000000003,0.5
306.8333,  1.00000000,1,0,0.050000000000000003,0.5
306.8667,  1.00000000,1,0,0.050000000000000003,0.5
306.9000,  1.00000000,1,0,0.050000000000000003,0.5
306.9333,  1.00000000,1,0,0.050000000000000003,0.5
306.9667,  1.00000000,1,0,0.074999999999999997,0.5
307.0000,  1.00000000,1,0,0.050000000000000003,0.5
307.0333,  1.00000000,1,0,0.050000000000000003,0.5
307.0667,  1.00000000,1,0,0.050000000000000003,0.5
307.1000,  1.00000000,1,0,0.050000000000000003,0.5
307.1333,  1.00000000,1,0,0.025000000000000001,0.5
307.1667,  1.00000000,1,0,0.074999999999999997,0.5
307.2000,  1.00000000,1,0,0.074999999999999997,0.5
307.2333,  1.00000000,1,0,0.025000000000000001,0.5
307.2667,  1.00000000,1,0,0.074999999999999997,0.5
307.3000,  1.00000000,1,0,0.074999999999999997,0.5
307.3333,  1.00000000,1,0,0.074999999999999997,0.5
307.3667,  1.00000000,1,0,0.074999999999999997,0.5
307.4000,  1.00000000,1,0,0.074999999999999997,0.5
307.4333,  1.00000000,1,0,0.074999999999999997,0.5
307.4667,  1.00000000,1,0,0.074999999999999997,0.5
307.5000,  1.00000000,1,0,0.050000000000000003,0.5
307.5333,  1.00000000,1,0,0.074999999999999997,0.5
307.5667,  1.00000000,1,0,0.074999999999999997,0.5
307.6000,  1.00000000,1,0,0.074999999999999997,0.5
307.6333,  1.00000000,1,0,0.074999999999999997,0.5
307.6667,  1.00000000,1,0,0.050000000000000003,0.5
307.7000,  1.00000000,1,0,0.025000000000000001,0.5
307.7333,  1.00000000,1,0,0.050000000000000003,0.5
307.7667,  1.00000000,1,0,0.050000000000000003,0.5
307.8000,  1.00000000,1,0,0.025000000000000001,0.5
307.8333,  1.00000000,1,0,0.050000000000000003,0.5
307.8667,  1.00000000,1,0,0.025000000000000001,0.5
307.9000,  1.00000000,1,0,0.074999999999999997,0.5
307.9333,  1.00000000,1,0,0.074999999999999997,0.5
307.9667,  1.00000000,1,0,0.050000000000000003,0.5
308.0000,  1.00000000,1,0,0.050000000000000003,0.5
308.0333,  1.00000000,1,0,0.074999999999999997,0.5
308.0667,  1.00000000,1,0,0.050000000000000003,0.5
308.1000,  1.00000000,1,0,0.074999999999999997,0.5
308.1333,  1.00000000,1,0,0.074999999999999997,0.5
308.1667,  1.00000000,1,0,0.074999999999999997,0.5
308.2000,  1.00000000,1,0,0.050000000000000003,0.5
308.2333,  1.00000000,1,0,0.025000000000000001,0.5
308.2667,  1.00000000,1,0,0.050000000000000003,0.5
308.3000,  1.00000000,1,0,0.050000000000000003,0.5
308.3333,  1.00000000,1,0,0.074999999999999997,0.5
308.3667,  1.00000000,1,0,0.074999999999999997,0.5
308.4000,  1.00000000,1,0,0.025000000000000001,0.5
308.4333,  1.00000000,1,0,0.050000000000000003,0.5
308.4667,  1.00000000,1,0,0.050000000000000003,0.5
308.5000,  1.00000000,1,0,0.025000000000000001,0.5
308.5333,  1.00000000,1,0,0.025000000000000001,0.5
308.5667,  1.00000000,1,0,0.050000000000000003,0.5
308.6000,  1.00000000,1,0,0.074999999999999997,0.5
308.6333,  1.00000000,1,0,0.074999999999999997,0.5
308.6667,  1.00000000,1,0,0.074999999999999997,0.5
308.7000,  1.00000000,1,0,0.050000000000000003,0.5
308.7333,  1.00000000,1,0,0.074999999999999997,0.5
308.7667,  1.00000000,1,0,0.074999999999999997,0.5
308.8000,  1.00000000,1,0,0.074999999999999997,0.5
308.8333,  1.00000000,1,0,0.074999999999999997,0.5
308.8667,  1.00000000,1,0,0.074999999999999997,0.5
308.9000,  1.00000000,1,0,0.074999999999999997,0.5
308.9333,  1.00000000,1,0,0.025000000000000001,0.5
308.9667,  1.00000000,1,0,0.074999999999999997,0.5
309.0000,  1.00000000,1,0,0.074999999999999997,0.5
309.0333,  1.00000000,1,0,0.025000000000000001,0.5
309.0667,  1.00000000,1,0,0.050000000000000003,0.5
309.1000,  1.00000000,1,0,0.050000000000000003,0.5
309.1333,  1.00000000,1,0,0.050000000000000003,0.5
309.1667,  1.00000000,1,0,0.025000000000000001,0.5
309.2000,  1.00000000,1,0,0.050000000000000003,0.5
309.2333,  1.00000000,1,0,0.050000000000000003,0.5
309.2667,  1.00000000,1,0,0.050000000000000003,0.5
309.3000,  1.00000000,1,0,0.050000000000000003,0.5
309.3333,  1.00000000,1,0,0.074999999999999997,0.5
309.3667,  1.00000000,1,0,0.050000000000000003,0.5
309.4000,  1.00000000,1,0,0.074999999999999997,0.5
309.4333,  1.00000000,1,0,0.050000000000000003,0.5
309.4667,  1.00000000,1,0,0.074999999999999997,0.5
309.5000,  1.00000000,1,0,0.074999999999999997,0.5
309.5333,  1.00000000,1,0,0.074999999999999997,0.5
309.5667,  1.00000000,1,0,0.025000000000000001,0.5
309.6000,  1.00000000,1,0,0.050000000000000003,0.5
309.6333,  1.00000000,1,0,0.050000000000000003,0.5
309.6667,  1.00000000,1,0,0.050000000000000003,0.5
309.7000,  1.00000000,1,0,0.074999999999999997,0.5
309.7333,  1.00000000,1,0,0.074999999999999997,0.5
309.7667,  1.00000000,1,0,0.074999999999999997,0.5
309.8000,  1.00000000,1,0,0.074999999999999997,0.5
309.8333,  1.00000000,1,0,0.074999999999999997,0.5
309.8667,  1.00000000,1,0,0.074999999999999997,0.5
309.9000,  1.00000000,1,0,0.074999999999999997,0.5
309.9333,  1.00000000,1,0,0.074999999999999997,0.5
309.9667,  1.00000000,1,0,0.074999999999999997,0.5
310.0000,  1.00000000,1,0,0.074999999999999997,0.5
310.0333,  1.00000000,1,0,0.074999999999999997,0.5
310.0667,  1.00000000,1,0,0.074999999999999997,0.5
310.1000,  1.00000000,1,0,0.025000000000000001,0.5
310.1333,  1.00000000,1,0,0.074999999999999997,0.5
310.1667,  1.00000000,1,0,0.074999999999999997,0.5
310.2000,  1.00000000,1,0,0.074999999999999997,0.5
310.2333,  1.00000000,1,0,0.074999999999999997,0.5
310.2667,  1.00000000,1,0,0.074999999999999997,0.5
310.3000,  1.00000000,1,0,0.074999999999999997,0.5
310.3333,  1.00000000,1,0,0.050000000000000003,0.5
310.3667,  1.00000000,1,0,0.050000000000000003,0.5
310.4000,  1.00000000,1,0,0.074999999999999997,0.5
310.4333,  1.00000000,1,0,0.050000000000000003,0.5
310.4667,  1.00000000,1,0,0.025000000000000001,0.5
310.5000,  1.00000000,1,0,0.050000000000000003,0.5
310.5333,  1.00000000,1,0,0.050000000000000003,0.5
310.5667,  1.00000000,1,0,0.074999999999999997,0.5
310.6000,  1.00000000,1,0,0.050000000000000003,0.5
310.6333,  1.00000000,1,0,0.050000000000000003,0.5
310.6667,  1.00000000,1,0,0.074999999999999997,0.5
310.7000,  1.00000000,1,0,0.025000000000000001,0.5
310.7333,  1.00000000,1,0,0.025000000000000001,0.5
310.7667,  1.00000000,1,0,0.025000000000000001,0.5
310.8000,  1.00000000,1,0,0.025000000000000001,0.5
310.8333,  1.00000000,1,0,0.074999999999999997,0.5
310.8667,  1.00000000,1,0,0.074999999999999997,0.5
310.9000,  1.00000000,1,0,0.050000000000000003,0.5
310.9333,  1.00000000,1,0,0.074999999999999997,0.5
310.9667,  1.00000000,1,0,0.0,0.5
311.0000,  1.00000000,1,0,0.025000000000000001,0.5
311.0333,  1.00000000,1,0,0.025000000000000001,0.5
311.0667,  1.00000000,1,0,0.050000000000000003,0.5
311.1000,  1.00000000,1,0,0.074999999999999997,0.5
311.1333,  1.00000000,1,0,0.050000000000000003,0.5
311.1667,  1.00000000,1,0,0.025000000000000001,0.5
311.2000,  1.00000000,1,0,0.074999999999999997,0.5
311.2333,  1.00000000,1,0,0.074999999999999997,0.5
311.2667,  1.00000000,1,0,0.050000000000000003,0.5
311.3000,  1.00000000,1,0,0.050000000000000003,0.5
311.3333,  1.00000000,1,0,0.050000000000000003,0.5
311.3667,  1.00000000,1,0,0.025000000000000001,0.5
311.4000,  1.00000000,1,0,0.025000000000000001,0.5
311.4333,  1.00000000,1,0,0.074999999999999997,0.5
311.4667,  1.00000000,1,0,0.050000000000000003,0.5
311.5000,  1.00000000,1,0,0.074999999999999997,0.5
311.5333,  1.00000000,1,0,0.050000000000000003,0.5
311.5667,  1.00000000,1,0,0.074999999999999997,0.5
311.6000,  1.00000000,1,0,0.074999999999999997,0.5
311.6333,  1.00000000,1,0,0.0,0.5
311.6667,  1.00000000,1,0,0.074999999999999997,0.5
311.7000,  1.00000000,1,0,0.074999999999999997,0.5
311.7333,  1.00000000,1,0,0.074999999999999997,0.5
311.7667,  1.00000000,1,0,0.074999999999999997,0.5
311.8000,  1.00000000,1,0,0.050000000000000003,0.5
311.8333,  1.00000000,1,0,0.050000000000000003,0.5
311.8667,  1.00000000,1,0,0.025000000000000001,0.5
311.9000,  1.00000000,1,0,0.074999999999999997,0.5
311.9333,  1.00000000,1,0,0.0,0.5
311.9667,  1.00000000,1,0,0.074999999999999997,0.5
312.0000,  1.00000000,1,0,0.074999999999999997,0.5
312.0333,  1.00000000,1,0,0.074999999999999997,0.5
312.0667,  1.00000000,1,0,0.050000000000000003,0.5
312.1000,  1.00000000,1,0,0.074999999999999997,0.5
312.1333,  1.00000000,1,0,0.074999999999999997,0.5
312.1667,  1.00000000,1,0,0.0,0.5
312.2000,  1.00000000,1,0,0.025000000000000001,0.5
312.2333,  1.00000000,1,0,0.050000000000000003,0.5
312.2667,  1.00000000,1,0,0.050000000000000003,0.5
312.3000,  1.00000000,1,0,0.050000000000000003,0.5
312.3333,  1.00000000,1,0,0.050000000000000003,0.5
312.3667,  1.00000000,1,0,0.025000000000000001,0.5
312.4000,  1.00000000,1,0,0.050000000000000003,0.5
312.4333,  1.00000000,1,0,0.074999999999999997,0.5
312.4667,  1.00000000,1,0,0.050000000000000003,0.5
312.5000,  1.00000000,1,0,0.050000000000000003,0.5
312.5333,  1.00000000,1,0,0.025000000000000001,0.5
312.5667,  1.00000000,1,0,0.074999999999999997,0.5
312.6000,  1.00000000,1,0,0.025000000000000001,0.5
312.6333,  1.00000000,1,0,0.025000000000000001,0.5
312.6667,  1.00000000,1,0,0.0,0.5
312.7000,  1.00000000,1,0,0.025000000000000001,0.5
312.7333,  1.00000000,1,0,0.074999999999999997,0.5
312.7667,  1.00000000,1,0,0.025000000000000001,0.5
312.8000,  1.00000000,1,0,0.050000000000000003,0.5
312.8333,  1.00000000,1,0,0.025000000000000001,0.5
312.8667,  1.00000000,1,0,0.050000000000000003,0.5
312.9000,  1.00000000,1,0,0.050000000000000003,0.5
312.9333,  1.00000000,1,0,0.025000000000000001,0.5
312.9667,  1.00000000,1,0,0.050000000000000003,0.5
313.0000,  1.00000000,1,0,0.050000000000000003,0.5
313.0333,  1.00000000,1,0,0.050000000000000003,0.5
313.0667,  1.00000000,1,0,0.050000000000000003,0.5
313.1000,  1.00000000,1,0,0.050000000000000003,0.5
313.1333,  1.00000000,1,0,0.050000000000000003,0.5
313.1667,  1.00000000,1,0,0.050000000000000003,0.5
313.2000,  1.00000000,1,0,0.050000000000000003,0.5
313.2333,  1.00000000,1,0,0.0,0.5
313.2667,  1.00000000,1,0,0.050000000000000003,0.5
313.3000,  1.00000000,1,0,0.050000000000000003,0.5
313.3333,  1.00000000,1,0,0.050000000000000003,0.5
313.3667,  1.00000000,1,0,0.050000000000000003,0.5
313.4000,  1.00000000,1,0,0.050000000000000003,0.5
313.4333,  1.00000000,1,0,0.074999999999999997,0.5
313.4667,  1.00000000,1,0,0.025000000000000001,0.5
313.5000,  1.00000000,1,0,0.025000000000000001,0.5
313.5333,  1.00000000,1,0,0.025000000000000001,0.5
313.5667,  1.00000000,1,0,0.0,0.5
313.6000,  1.00000000,1,0,0.025000000000000001,0.5
313.6333,  1.00000000,1,0,0.050000000000000003,0.5
313.6667,  1.00000000,1,0,0.050000000000000003,0.5
313.7000,  1.00000000,1,0,0.074999999999999997,0.5
313.7333,  1.00000000,1,0,0.074999999999999997,0.5
313.7667,  1.00000000,1,0,0.074999999999999997,0.5
313.8000,  1.00000000,1,0,0.050000000000000003,0.5
313.8333,  1.00000000,1,0,0.074999999999999997,0.5
313.8667,  1.00000000,1,0,0.050000000000000003,0.5
313.9000,  1.00000000,1,0,0.050000000000000003,0.5
313.9333,  1.00000000,1,0,0.074999999999999997,0.5
313.9667,  1.00000000,1,0,0.050000000000000003,0.5
314.0000,  1.00000000,1,0,0.050000000000000003,0.5
314.0333,  1.00000000,1,0,0.025000000000000001,0.5
314.0667,  1.00000000,1,0,0.025000000000000001,0.5
314.1000,  1.00000000,1,0,0.050000000000000003,0.5
314.1333,  1.00000000,1,0,0.0,0.5
314.1667,  1.00000000,1,0,0.025000000000000001,0.5
314.2000,  1.00000000,1,0,0.025000000000000001,0.5
314.2333,  1.00000000,1,0,0.025000000000000001,0.5
314.2667,  1.00000000,1,0,0.074999999999999997,0.5
314.3000,  1.00000000,1,0,0.050000000000000003,0.5
314.3333,  1.00000000,1,0,0.025000000000000001,0.5
314.3667,  1.00000000,1,0,0.074999999999999997,0.5
314.4000,  1.00000000,1,0,0.050000000000000003,0.5
314.4333,  1.00000000,1,0,0.0,0.5
314.4667,  1.00000000,1,0,0.050000000000000003,0.5
314.5000,  1.00000000,1,0,0.025000000000000001,0.5
314.5333,  1.00000000,1,0,0.0,0.5
314.5667,  1.00000000,1,0,0.074999999999999997,0.5
314.6000,  1.00000000,1,0,0.074999999999999997,0.5
314.6333,  1.00000000,1,0,0.074999999999999997,0.5
314.6667,  1.00000000,1,0,0.0,0.5
314.7000,  1.00000000,1,0,0.074999999999999997,0.5
314.7333,  1.00000000,1,0,0.074999999999999997,0.5
314.7667,  1.00000000,1,0,0.050000000000000003,0.5
314.8000,  1.00000000,1,0,0.0,0.5
314.8333,  1.00000000,1,0,0.074999999999999997,0.5
314.8667,  1.00000000,1,0,0.0,0.5
314.9000,  1.00000000,1,0,0.0,0.5
314.9333,  1.00000000,1,0,0.025000000000000001,0.5
314.9667,  1.00000000,1,0,0.0,0.5
315.0000,  1.00000000,1,0,0.025000000000000001,0.5
315.0333,  1.00000000,1,0,0.0,0.5
315.0667,  1.00000000,1,0,0.025000000000000001,0.5
315.1000,  1.00000000,1,0,0.025000000000000001,0.5
315.1333,  1.00000000,1,0,0.025000000000000001,0.5
315.1667,  1.00000000,1,0,0.0,0.5
315.2000,  1.00000000,1,0,0.050000000000000003,0.5
315.2333,  1.00000000,1,0,0.025000000000000001,0.5
315.2667,  1.00000000,1,0,0.025000000000000001,0.5
315.3000,  1.00000000,1,0,0.0,0.5
315.3333,  1.00000000,1,0,0.0,0.5
315.3667,  1.00000000,1,0,0.0,0.5
315.4000,  1.00000000,1,0,0.050000000000000003,0.5
315.4333,  1.00000000,1,0,0.025000000000000001,0.5
315.4667,  1.00000000,1,0,0.074999999999999997,0.5
315.5000,  1.00000000,1,0,0.074999999999999997,0.5
315.5333,  1.00000000,1,0,0.025000000000000001,0.5
315.5667,  1.00000000,1,0,0.074999999999999997,0.5
315.6000,  1.00000000,1,0,0.050000000000000003,0.5
315.6333,  1.00000000,1,0,0.025000000000000001,0.5
315.6667,  1.00000000,1,0,0.0,0.5
315.7000,  1.00000000,1,0,0.025000000000000001,0.5
315.7333,  1.00000000,1,0,0.025000000000000001,0.5
315.7667,  1.00000000,1,0,0.0,0.5
315.8000,  1.00000000,1,0,0.074999999999999997,0.5
315.8333,  1.00000000,1,0,0.0,0.5
315.8667,  1.00000000,1,0,0.050000000000000003,0.5
315.9000,  1.00000000,1,0,0.025000000000000001,0.5
315.9333,  1.00000000,1,0,0.025000000000000001,0.5
315.9667,  1.00000000,1,0,0.074999999999999997,0.5
316.0000,  1.00000000,1,0,0.025000000000000001,0.5
316.0333,  1.00000000,1,0,0.050000000000000003,0.5
316.0667,  1.00000000,1,0,0.050000000000000003,0.5
316.1000,  1.00000000,1,0,0.050000000000000003,0.5
316.1333,  1.00000000,1,0,0.050000000000000003,0.5
316.1667,  1.00000000,1,0,0.025000000000000001,0.5
316.2000,  1.00000000,1,0,0.050000000000000003,0.5
316.2333,  1.00000000,1,0,0.025000000000000001,0.5
316.2667,  1.00000000,1,0,0.025000000000000001,0.5
316.3000,  1.00000000,1,0,0.074999999999999997,0.5
316.3333,  1.00000000,1,0,0.050000000000000003,0.5
316.3667,  1.00000000,1,0,0.050000000000000003,0.5
316.4000,  1.00000000,1,0,0.025000000000000001,0.5
316.4333,  1.00000000,1,0,0.074999999999999997,0.5
316.4667,  1.00000000,1,0,0.050000000000000003,0.5
316.5000,  1.00000000,1,0,0.050000000000000003,0.5
316.5333,  1.00000000,1,0,0.025000000000000001,0.5
316.5667,  1.00000000,1,0,0.074999999999999997,0.5
316.6000,  1.00000000,1,0,0.050000000000000003,0.5
316.6333,  1.00000000,1,0,0.025000000000000001,0.5
316.6667,  1.00000000,1,0,0.025000000000000001,0.5
316.7000,  1.00000000,1,0,0.050000000000000003,0.5
316.7333,  1.00000000,1,0,0.050000000000000003,0.5
316.7667,  1.00000000,1,0,0.050000000000000003,0.5
316.8000,  1.00000000,1,0,0.074999999999999997,0.5
316.8333,  1.00000000,1,0,0.025000000000000001,0.5
316.8667,  1.00000000,1,0,0.0,0.5
316.9000,  1.00000000,1,0,0.025000000000000001,0.5
316.9333,  1.00000000,1,0,0.050000000000000003,0.5
316.9667,  1.00000000,1,0,0.050000000000000003,0.5
317.0000,  1.00000000,1,0,0.074999999999999997,0.5
317.0333,  1.00000000,1,0,0.074999999999999997,0.5
317.0667,  1.00000000,1,0,0.050000000000000003,0.5
317.1000,  1.00000000,1,0,0.074999999999999997,0.5
317.1333,  1.00000000,1,0,0.050000000000000003,0.5
317.1667,  1.00000000,1,0,0.025000000000000001,0.5
317.2000,  1.00000000,1,0,0.025000000000000001,0.5
317.2333,  1.00000000,1,0,0.0,0.5
317.2667,  1.00000000,1,0,0.074999999999999997,0.5
317.3000,  1.00000000,1,0,0.074999999999999997,0.5
317.3333,  1.00000000,1,0,0.050000000000000003,0.5
317.3667,  1.00000000,1,0,0.050000000000000003,0.5
317.4000,  1.00000000,1,0,0.025000000000000001,0.5
317.4333,  1.00000000,1,0,0.0,0.5
317.4667,  1.00000000,1,0,0.050000000000000003,0.5
317.5000,  1.00000000,1,0,0.074999999999999997,0.5
317.5333,  1.00000000,1,0,0.0,0.5
317.5667,  1.00000000,1,0,0.050000000000000003,0.5
317.6000,  1.00000000,1,0,0.074999999999999997,0.5
317.6333,  1.00000000,1,0,0.074999999999999997,0.5
317.6667,  1.00000000,1,0,0.074999999999999997,0.5
317.7000,  1.00000000,1,0,0.074999999999999997,0.5
317.7333,  1.00000000,1,0,0.074999999999999997,0.5
317.7667,  1.00000000,1,0,0.050000000000000003,0.5
317.8000,  1.00000000,1,0,0.074999999999999997,0.5
317.8333,  1.00000000,1,0,0.074999999999999997,0.5
317.8667,  1.00000000,1,0,0.074999999999999997,0.5
317.9000,  1.00000000,1,0,0.025000000000000001,0.5
317.9333,  1.00000000,1,0,0.025000000000000001,0.5
317.9667,  1.00000000,1,0,0.050000000000000003,0.5
318.0000,  1.00000000,1,0,0.074999999999999997,0.5
318.0333,  1.00000000,1,0,0.050000000000000003,0.5
318.0667,  1.00000000,1,0,0.074999999999999997,0.5
318.1000,  1.00000000,1,0,0.074999999999999997,0.5
318.1333,  1.00000000,1,0,0.074999999999999997,0.5
318.1667,  1.00000000,1,0,0.050000000000000003,0.5
318.2000,  1.00000000,1,0,0.074999999999999997,0.5
318.2333,  1.00000000,1,0,0.074999999999999997,0.5
318.2667,  1.00000000,1,0,0.074999999999999997,0.5
318.3000,  1.00000000,1,0,0.050000000000000003,0.5
318.3333,  1.00000000,1,0,0.074999999999999997,0.5
318.3667,  1.00000000,1,0,0.025000000000000001,0.5
318.4000,  1.00000000,1,0,0.050000000000000003,0.5
318.4333,  1.00000000,1,0,0.074999999999999997,0.5
318.4667,  1.00000000,1,0,0.025000000000000001,0.5
318.5000,  1.00000000,1,0,0.050000000000000003,0.5
318.5333,  1.00000000,1,0,0.0,0.5
318.5667,  1.00000000,1,0,0.050000000000000003,0.5
318.6000,  1.00000000,1,0,0.050000000000000003,0.5
318.6333,  1.00000000,1,0,0.050000000000000003,0.5
318.6667,  1.00000000,1,0,0.050000000000000003,0.5
318.7000,  1.00000000,1,0,0.074999999999999997,0.5
318.7333,  1.00000000,1,0,0.050000000000000003,0.5
318.7667,  1.00000000,1,0,0.050000000000000003,0.5
318.8000,  1.00000000,1,0,0.050000000000000003,0.5
318.8333,  1.00000000,1,0,0.050000000000000003,0.5
318.8667,  1.00000000,1,0,0.0,0.5
318.9000,  1.00000000,1,0,0.025000000000000001,0.5
318.9333,  1.00000000,1,0,0.025000000000000001,0.5
318.9667,  1.00000000,1,0,0.025000000000000001,0.5
319.0000,  1.00000000,1,0,0.025000000000000001,0.5
319.0333,  1.00000000,1,0,0.050000000000000003,0.5
319.0667,  1.00000000,1,0,0.050000000000000003,0.5
319.1000,  1.00000000,1,0,0.074999999999999997,0.5
319.1333,  1.00000000,1,0,0.050000000000000003,0.5
319.1667,  1.00000000,1,0,0.050000000000000003,0.5
319.2000,  1.00000000,1,0,0.050000000000000003,0.5
319.2333,  1.00000000,1,0,0.050000000000000003,0.5
319.2667,  1.00000000,1,0,0.050000000000000003,0.5
319.3000,  1.00000000,1,0,0.050000000000000003,0.5
319.3333,  1.00000000,1,0,0.025000000000000001,0.5
319.3667,  1.00000000,1,0,0.050000000000000003,0.5
319.4000,  1.00000000,1,0,0.050000000000000003,0.5
319.4333,  1.00000000,1,0,0.050000000000000003,0.5
319.4667,  1.00000000,1,0,0.074999999999999997,0.5
319.5000,  1.00000000,1,0,0.074999999999999997,0.5
319.5333,  1.00000000,1,0,0.025000000000000001,0.5
319.5667,  1.00000000,1,0,0.074999999999999997,0.5
319.6000,  1.00000000,1,0,0.025000000000000001,0.5
319.6333,  1.00000000,1,0,0.025000000000000001,0.5
319.6667,  1.00000000,1,0,0.074999999999999997,0.5
319.7000,  1.00000000,1,0,0.050000000000000003,0.5
319.7333,  1.00000000,1,0,0.050000000000000003,0.5
319.7667,  1.00000000,1,0,0.050000000000000003,0.5
319.8000,  1.00000000,1,0,0.0,0.5
319.8333,  1.00000000,1,0,0.050000000000000003,0.5
319.8667,  1.00000000,1,0,0.050000000000000003,0.5
319.9000,  1.00000000,1,0,0.074999999999999997,0.5
319.9333,  1.00000000,1,0,0.074999999999999997,0.5
319.9667,  1.00000000,1,0,0.074999999999999997,0.5
320.0000,  1.00000000,1,0,0.074999999999999997,0.5
320.0333,  1.00000000,1,0,0.050000000000000003,0.5
320.0667,  1.00000000,1,0,0.074999999999999997,0.5
320.1000,  1.00000000,1,0,0.074999999999999997,0.5
320.1333,  1.00000000,1,0,0.025000000000000001,0.5
320.1667,  1.00000000,1,0,0.074999999999999997,0.5
320.2000,  1.00000000,1,0,0.050000000000000003,0.5
320.2333,  1.00000000,1,0,0.074999999999999997,0.5
320.2667,  1.00000000,1,0,0.074999999999999997,0.5
320.3000,  1.00000000,1,0,0.074999999999999997,0.5
320.3333,  1.00000000,1,0,0.050000000000000003,0.5
320.3667,  1.00000000,1,0,0.050000000000000003,0.5
320.4000,  1.00000000,1,0,0.0,0.5
320.4333,  1.00000000,1,0,0.0,0.5
320.4667,  1.00000000,1,0,0.050000000000000003,0.5
320.5000,  1.00000000,1,0,0.050000000000000003,0.5
320.5333,  1.00000000,1,0,0.025000000000000001,0.5
320.5667,  1.00000000,1,0,0.025000000000000001,0.5
320.6000,  1.00000000,1,0,0.050000000000000003,0.5
320.6333,  1.00000000,1,0,0.050000000000000003,0.5
320.6667,  1.00000000,1,0,0.074999999999999997,0.5
320.7000,  1.00000000,1,0,0.025000000000000001,0.5
320.7333,  1.00000000,1,0,0.0,0.5
320.7667,  1.00000000,1,0,0.050000000000000003,0.5
320.8000,  1.00000000,1,0,0.050000000000000003,0.5
320.8333,  1.00000000,1,0,0.050000000000000003,0.5
320.8667,  1.00000000,1,0,0.050000000000000003,0.5
320.9000,  1.00000000,1,0,0.074999999999999997,0.5
320.9333,  1.00000000,1,0,0.074999999999999997,0.5
320.9667,  1.00000000,1,0,0.074999999999999997,0.5
321.0000,  1.00000000,1,0,0.074999999999999997,0.5
321.0333,  1.00000000,1,0,0.074999999999999997,0.5
321.0667,  1.00000000,1,0,0.050000000000000003,0.5
321.1000,  1.00000000,1,0,0.050000000000000003,0.5
321.1333,  1.00000000,1,0,0.025000000000000001,0.5
321.1667,  1.00000000,1,0,0.025000000000000001,0.5
321.2000,  1.00000000,1,0,0.074999999999999997,0.5
321.2333,  1.00000000,1,0,0.074999999999999997,0.5
321.2667,  1.00000000,1,0,0.050000000000000003,0.5
321.3000,  1.00000000,1,0,0.025000000000000001,0.5
321.3333,  1.00000000,1,0,0.050000000000000003,0.5
321.3667,  1.00000000,1,0,0.074999999999999997,0.5
321.4000,  1.00000000,1,0,0.050000000000000003,0.5
321.4333,  1.00000000,1,0,0.074999999999999997,0.5
321.4667,  1.00000000,1,0,0.074999999999999997,0.5
321.5000,  1.00000000,1,0,0.050000000000000003,0.5
321.5333,  1.00000000,1,0,0.025000000000000001,0.5
321.5667,  1.00000000,1,0,0.050000000000000003,0.5
321.6000,  1.00000000,1,0,0.0,0.5
321.6333,  1.00000000,1,0,0.050000000000000003,0.5
321.6667,  1.00000000,1,0,0.050000000000000003,0.5
321.7000,  1.00000000,1,0,0.050000000000000003,0.5
321.7333,  1.00000000,1,0,0.050000000000000003,0.5
321.7667,  1.00000000,1,0,0.074999999999999997,0.5
321.8000,  1.00000000,1,0,0.074999999999999997,0.5
321.8333,  1.00000000,1,0,0.025000000000000001,0.5
321.8667,  1.00000000,1,0,0.074999999999999997,0.5
321.9000,  1.00000000,1,0,0.050000000000000003,0.5
321.9333,  1.00000000,1,0,0.025000000000000001,0.5
321.9667,  1.00000000,1,0,0.050000000000000003,0.5
322.0000,  1.00000000,1,0,0.025000000000000001,0.5
322.0333,  1.00000000,1,0,0.025000000000000001,0.5
322.0667,  1.00000000,1,0,0.0,0.5
322.1000,  1.00000000,1,0,0.025000000000000001,0.5
322.1333,  1.00000000,1,0,0.074999999999999997,0.5
322.1667,  1.00000000,1,0,0.050000000000000003,0.5
322.2000,  1.00000000,1,0,0.050000000000000003,0.5
322.2333,  1.00000000,1,0,0.050000000000000003,0.5
322.2667,  1.00000000,1,0,0.025000000000000001,0.5
322.3000,  1.00000000,1,0,0.074999999999999997,0.5
322.3333,  1.00000000,1,0,0.050000000000000003,0.5
322.3667,  1.00000000,1,0,0.074999999999999997,0.5
322.4000,  1.00000000,1,0,0.050000000000000003,0.5
322.4333,  1.00000000,1,0,0.050000000000000003,0.5
322.4667,  1.00000000,1,0,0.074999999999999997,0.5
322.5000,  1.00000000,1,0,0.074999999999999997,0.5
322.5333,  1.00000000,1,0,0.074999999999999997,0.5
322.5667,  1.00000000,1,0,0.074999999999999997,0.5
322.6000,  1.00000000,1,0,0.074999999999999997,0.5
322.6333,  1.00000000,1,0,0.025000000000000001,0.5
322.6667,  1.00000000,1,0,0.074999999999999997,0.5
322.7000,  1.00000000,1,0,0.050000000000000003,0.5
322.7333,  1.00000000,1,0,0.074999999999999997,0.5
322.7667,  1.00000000,1,0,0.074999999999999997,0.5
322.8000,  1.00000000,1,0,0.074999999999999997,0.5
322.8333,  1.00000000,1,0,0.074999999999999997,0.5
322.8667,  1.00000000,1,0,0.074999999999999997,0.5
322.9000,  1.00000000,1,0,0.074999999999999997,0.5
322.9333,  1.00000000,1,0,0.074999999999999997,0.5
322.9667,  1.00000000,1,0,0.074999999999999997,0.5
323.0000,  1.00000000,1,0,0.050000000000000003,0.5
323.0333,  1.00000000,1,0,0.074999999999999997,0.5
323.0667,  1.00000000,1,0,0.074999999999999997,0.5
323.1000,  1.00000000,1,0,0.074999999999999997,0.5
323.1333,  1.00000000,1,0,0.074999999999999997,0.5
323.1667,  1.00000000,1,0,0.025000000000000001,0.5
323.2000,  1.00000000,1,0,0.074999999999999997,0.5
323.2333,  1.00000000,1,0,0.074999999999999997,0.5
323.2667,  1.00000000,1,0,0.050000000000000003,0.5
323.3000,  1.00000000,1,0,0.074999999999999997,0.5
323.3333,  1.00000000,1,0,0.050000000000000003,0.5
323.3667,  1.00000000,1,0,0.074999999999999997,0.5
323.4000,  1.00000000,1,0,0.074999999999999997,0.5
323.4333,  1.00000000,1,0,0.074999999999999997,0.5
323.4667,  1.00000000,1,0,0.050000000000000003,0.5
323.5000,  1.00000000,1,0,0.074999999999999997,0.5
323.5333,  1.00000000,1,0,0.074999999999999997,0.5
323.5667,  1.00000000,1,0,0.050000000000000003,0.5
323.6000,  1.00000000,1,0,0.074999999999999997,0.5
323.6333,  1.00000000,1,0,0.050000000000000003,0.5
323.6667,  1.00000000,1,0,0.025000000000000001,0.5
323.7000,  1.00000000,1,0,0.074999999999999997,0.5
323.7333,  1.00000000,1,0,0.074999999999999997,0.5
323.7667,  1.00000000,1,0,0.074999999999999997,0.5
323.8000,  1.00000000,1,0,0.050000000000000003,0.5
323.8333,  1.00000000,1,0,0.074999999999999997,0.5
323.8667,  1.00000000,1,0,0.074999999999999997,0.5
323.9000,  1.00000000,1,0,0.074999999999999997,0.5
323.9333,  1.00000000,1,0,0.050000000000000003,0.5
323.9667,  1.00000000,1,0,0.074999999999999997,0.5
324.0000,  1.00000000,1,0,0.074999999999999997,0.5
324.0333,  1.00000000,1,0,0.050000000000000003,0.5
324.0667,  1.00000000,1,0,0.074999999999999997,0.5
324.1000,  1.00000000,1,0,0.074999999999999997,0.5
324.1333,  1.00000000,1,0,0.074999999999999997,0.5
324.1667,  1.00000000,1,0,0.074999999999999997,0.5
324.2000,  1.00000000,1,0,0.050000000000000003,0.5
324.2333,  1.00000000,1,0,0.074999999999999997,0.5
324.2667,  1.00000000,1,0,0.074999999999999997,0.5
324.3000,  1.00000000,1,0,0.074999999999999997,0.5
324.3333,  1.00000000,1,0,0.050000000000000003,0.5
324.3667,  1.00000000,1,0,0.074999999999999997,0.5
324.4000,  1.00000000,1,0,0.074999999999999997,0.5
324.4333,  1.00000000,1,0,0.050000000000000003,0.5
324.4667,  1.00000000,1,0,0.050000000000000003,0.5
324.5000,  1.00000000,1,0,0.074999999999999997,0.5
324.5333,  1.00000000,1,0,0.074999999999999997,0.5
324.5667,  1.00000000,1,0,0.050000000000000003,0.5
324.6000,  1.00000000,1,0,0.050000000000000003,0.5
324.6333,  1.00000000,1,0,0.050000000000000003,0.5
324.6667,  1.00000000,1,0,0.074999999999999997,0.5
324.7000,  1.00000000,1,0,0.025000000000000001,0.5
324.7333,  1.00000000,1,0,0.050000000000000003,0.5
324.7667,  1.00000000,1,0,0.025000000000000001,0.5
324.8000,  1.00000000,1,0,0.025000000000000001,0.5
324.8333,  1.00000000,1,0,0.074999999999999997,0.5
324.8667,  1.00000000,1,0,0.0,0.5
324.9000,  1.00000000,1,0,0.074999999999999997,0.5
324.9333,  1.00000000,1,0,0.050000000000000003,0.5
324.9667,  1.00000000,1,0,0.025000000000000001,0.5
325.0000,  1.00000000,1,0,0.025000000000000001,0.5
325.0333,  1.00000000,1,0,0.025000000000000001,0.5
325.0667,  1.00000000,1,0,0.050000000000000003,0.5
325.1000,  1.00000000,1,0,0.050000000000000003,0.5
325.1333,  1.00000000,1,0,0.050000000000000003,0.5
325.1667,  1.00000000,1,0,0.050000000000000003,0.5
325.2000,  1.00000000,1,0,0.025000000000000001,0.5
325.2333,  1.00000000,1,0,0.074999999999999997,0.5
325.2667,  1.00000000,1,0,0.074999999999999997,0.5
325.3000,  1.00000000,1,0,0.050000000000000003,0.5
325.3333,  1.00000000,1,0,0.074999999999999997,0.5
325.3667,  1.00000000,1,0,0.050000000000000003,0.5
325.4000,  1.00000000,1,0,0.025000000000000001,0.5
325.4333,  1.00000000,1,0,0.050000000000000003,0.5
325.4667,  1.00000000,1,0,0.050000000000000003,0.5
325.5000,  1.00000000,1,0,0.0,0.5
325.5333,  1.00000000,1,0,0.050000000000000003,0.5
325.5667,  1.00000000,1,0,0.025000000000000001,0.5
325.6000,  1.00000000,1,0,0.025000000000000001,0.5
325.6333,  1.00000000,1,0,0.050000000000000003,0.5
325.6667,  1.00000000,1,0,0.050000000000000003,0.5
325.7000,  1.00000000,1,0,0.025000000000000001,0.5
325.7333,  1.00000000,1,0,0.050000000000000003,0.5
325.7667,  1.00000000,1,0,0.074999999999999997,0.5
325.8000,  1.00000000,1,0,0.074999999999999997,0.5
325.8333,  1.00000000,1,0,0.050000000000000003,0.5
325.8667,  1.00000000,1,0,0.074999999999999997,0.5
325.9000,  1.00000000,1,0,0.074999999999999997,0.5
325.9333,  1.00000000,1,0,0.074999999999999997,0.5
325.9667,  1.00000000,1,0,0.074999999999999997,0.5
326.0000,  1.00000000,1,0,0.074999999999999997,0.5
326.0333,  1.00000000,1,0,0.050000000000000003,0.5
326.0667,  1.00000000,1,0,0.050000000000000003,0.5
326.1000,  1.00000000,1,0,0.074999999999999997,0.5
326.1333,  1.00000000,1,0,0.074999999999999997,0.5
326.1667,  1.00000000,1,0,0.050000000000000003,0.5
326.2000,  1.00000000,1,0,0.050000000000000003,0.5
326.2333,  1.00000000,1,0,0.074999999999999997,0.5
326.2667,  1.00000000,1,0,0.050000000000000003,0.5
326.3000,  1.00000000,1,0,0.050000000000000003,0.5
326.3333,  1.00000000,1,0,0.074999999999999997,0.5
326.3667,  1.00000000,1,0,0.074999999999999997,0.5
326.4000,  1.00000000,1,0,0.074999999999999997,0.5
326.4333,  1.00000000,1,0,0.074999999999999997,0.5
326.4667,  1.00000000,1,0,0.074999999999999997,0.5
326.5000,  1.00000000,1,0,0.074999999999999997,0.5
326.5333,  1.00000000,1,0,0.050000000000000003,0.5
326.5667,  1.00000000,1,0,0.074999999999999997,0.5
326.6000,  1.00000000,1,0,0.074999999999999997,0.5
326.6333,  1.00000000,1,0,0.074999999999999997,0.5
326.6667,  1.00000000,1,0,0.050000000000000003,0.5
326.7000,  1.00000000,1,0,0.050000000000000003,0.5
326.7333,  1.00000000,1,0,0.050000000000000003,0.5
326.7667,  1.00000000,1,0,0.074999999999999997,0.5
326.8000,  1.00000000,1,0,0.050000000000000003,0.5
326.8333,  1.00000000,1,0,0.025000000000000001,0.5
326.8667,  1.00000000,1,0,0.050000000000000003,0.5
326.9000,  1.00000000,1,0,0.050000000000000003,0.5
326.9333,  1.00000000,1,0,0.074999999999999997,0.5
326.9667,  1.00000000,1,0,0.025000000000000001,0.5
327.0000,  1.00000000,1,0,0.074999999999999997,0.5
327.0333,  1.00000000,1,0,0.074999999999999997,0.5
327.0667,  1.00000000,1,0,0.0,0.5
327.1000,  1.00000000,1,0,0.050000000000000003,0.5
327.1333,  1.00000000,1,0,0.074999999999999997,0.5
327.1667,  1.00000000,1,0,0.074999999999999997,0.5
327.2000,  1.00000000,1,0,0.050000000000000003,0.5
327.2333,  1.00000000,1,0,0.025000000000000001,0.5
327.2667,  1.00000000,1,0,0.0,0.5
327.3000,  1.00000000,1,0,0.050000000000000003,0.5
327.3333,  1.00000000,1,0,0.074999999999999997,0.5
327.3667,  1.00000000,1,0,0.074999999999999997,0.5
327.4000,  1.00000000,1,0,0.074999999999999997,0.5
327.4333,  1.00000000,1,0,0.074999999999999997,0.5
327.4667,  1.00000000,1,0,0.074999999999999997,0.5
327.5000,  1.00000000,1,0,0.050000000000000003,0.5
327.5333,  1.00000000,1,0,0.074999999999999997,0.5
327.5667,  1.00000000,1,0,0.050000000000000003,0.5
327.6000,  1.00000000,1,0,0.074999999999999997,0.5
327.6333,  1.00000000,1,0,0.074999999999999997,0.5
327.6667,  1.00000000,1,0,0.074999999999999997,0.5
327.7000,  1.00000000,1,0,0.050000000000000003,0.5
327.7333,  1.00000000,1,0,0.050000000000000003,0.5
327.7667,  1.00000000,1,0,0.025000000000000001,0.5
327.8000,  1.00000000,1,0,0.050000000000000003,0.5
327.8333,  1.00000000,1,0,0.050000000000000003,0.5
327.8667,  1.00000000,1,0,0.050000000000000003,0.5
327.9000,  1.00000000,1,0,0.050000000000000003,0.5
327.9333,  1.00000000,1,0,0.025000000000000001,0.5
327.9667,  1.00000000,1,0,0.025000000000000001,0.5
328.0000,  1.00000000,1,0,0.050000000000000003,0.5
328.0333,  1.00000000,1,0,0.025000000000000001,0.5
328.0667,  1.00000000,1,0,0.025000000000000001,0.5
328.1000,  1.00000000,1,0,0.025000000000000001,0.5
328.1333,  1.00000000,1,0,0.074999999999999997,0.5
328.1667,  1.00000000,1,0,0.025000000000000001,0.5
328.2000,  1.00000000,1,0,0.074999999999999997,0.5
328.2333,  1.00000000,1,0,0.050000000000000003,0.5
328.2667,  1.00000000,1,0,0.074999999999999997,0.5
328.3000,  1.00000000,1,0,0.025000000000000001,0.5
328.3333,  1.00000000,1,0,0.074999999999999997,0.5
328.3667,  1.00000000,1,0,0.074999999999999997,0.5
328.4000,  1.00000000,1,0,0.074999999999999997,0.5
328.4333,  1.00000000,1,0,0.074999999999999997,0.5
328.4667,  1.00000000,1,0,0.074999999999999997,0.5
328.5000,  1.00000000,1,0,0.050000000000000003,0.5
328.5333,  1.00000000,1,0,0.074999999999999997,0.5
328.5667,  1.00000000,1,0,0.074999999999999997,0.5
328.6000,  1.00000000,1,0,0.074999999999999997,0.5
328.6333,  1.00000000,1,0,0.074999999999999997,0.5
328.6667,  1.00000000,1,0,0.050000000000000003,0.5
328.7000,  1.00000000,1,0,0.050000000000000003,0.5
328.7333,  1.00000000,1,0,0.074999999999999997,0.5
328.7667,  1.00000000,1,0,0.074999999999999997,0.5
328.8000,  1.00000000,1,0,0.074999999999999997,0.5
328.8333,  1.00000000,1,0,0.050000000000000003,0.5
328.8667,  1.00000000,1,0,0.074999999999999997,0.5
328.9000,  1.00000000,1,0,0.074999999999999997,0.5
328.9333,  1.00000000,1,0,0.050000000000000003,0.5
328.9667,  1.00000000,1,0,0.050000000000000003,0.5
329.0000,  1.00000000,1,0,0.050000000000000003,0.5
329.0333,  1.00000000,1,0,0.050000000000000003,0.5
329.0667,  1.00000000,1,0,0.025000000000000001,0.5
329.1000,  1.00000000,1,0,0.074999999999999997,0.5
329.1333,  1.00000000,1,0,0.074999999999999997,0.5
329.1667,  1.00000000,1,0,0.050000000000000003,0.5
329.2000,  1.00000000,1,0,0.074999999999999997,0.5
329.2333,  1.00000000,1,0,0.074999999999999997,0.5
329.2667,  1.00000000,1,0,0.074999999999999997,0.5
329.3000,  1.00000000,1,0,0.074999999999999997,0.5
329.3333,  1.00000000,1,0,0.074999999999999997,0.5
329.3667,  1.00000000,1,0,0.050000000000000003,0.5
329.4000,  1.00000000,1,0,0.074999999999999997,0.5
329.4333,  1.00000000,1,0,0.074999999999999997,0.5
329.4667,  1.00000000,1,0,0.074999999999999997,0.5
329.5000,  1.00000000,1,0,0.050000000000000003,0.5
329.5333,  1.00000000,1,0,0.050000000000000003,0.5
329.5667,  1.00000000,1,0,0.025000000000000001,0.5
329.6000,  1.00000000,1,0,0.074999999999999997,0.5
329.6333,  1.00000000,1,0,0.074999999999999997,0.5
329.6667,  1.00000000,1,0,0.050000000000000003,0.5
329.7000,  1.00000000,1,0,0.074999999999999997,0.5
329.7333,  1.00000000,1,0,0.025000000000000001,0.5
329.7667,  1.00000000,1,0,0.025000000000000001,0.5
329.8000,  1.00000000,1,0,0.050000000000000003,0.5
329.8333,  1.00000000,1,0,0.074999999999999997,0.5
329.8667,  1.00000000,1,0,0.074999999999999997,0.5
329.9000,  1.00000000,1,0,0.074999999999999997,0.5
329.9333,  1.00000000,1,0,0.050000000000000003,0.5
329.9667,  1.00000000,1,0,0.074999999999999997,0.5
330.0000,  1.00000000,1,0,0.074999999999999997,0.5
330.0333,  1.00000000,1,0,0.074999999999999997,0.5
330.0667,  1.00000000,1,0,0.050000000000000003,0.5
330.1000,  1.00000000,1,0,0.050000000000000003,0.5
330.1333,  1.00000000,1,0,0.050000000000000003,0.5
330.1667,  1.00000000,1,0,0.074999999999999997,0.5
330.2000,  1.00000000,1,0,0.074999999999999997,0.5
330.2333,  1.00000000,1,0,0.025000000000000001,0.5
330.2667,  1.00000000,1,0,0.050000000000000003,0.5
330.3000,  1.00000000,1,0,0.050000000000000003,0.5
330.3333,  1.00000000,1,0,0.050000000000000003,0.5
330.3667,  1.00000000,1,0,0.050000000000000003,0.5
330.4000,  1.00000000,1,0,0.074999999999999997,0.5
330.4333,  1.00000000,1,0,0.050000000000000003,0.5
330.4667,  1.00000000,1,0,0.074999999999999997,0.5
330.5000,  1.00000000,1,0,0.074999999999999997,0.5
330.5333,  1.00000000,1,0,0.074999999999999997,0.5
330.5667,  1.00000000,1,0,0.050000000000000003,0.5
330.6000,  1.00000000,1,0,0.074999999999999997,0.5
330.6333,  1.00000000,1,0,0.050000000000000003,0.5
330.6667,  1.00000000,1,0,0.074999999999999997,0.5
330.7000,  1.00000000,1,0,0.074999999999999997,0.5
330.7333,  1.00000000,1,0,0.050000000000000003,0.5
330.7667,  1.00000000,1,0,0.025000000000000001,0.5
330.8000,  1.00000000,1,0,0.050000000000000003,0.5
330.8333,  1.00000000,1,0,0.074999999999999997,0.5
330.8667,  1.00000000,1,0,0.074999999999999997,0.5
330.9000,  1.00000000,1,0,0.074999999999999997,0.5
330.9333,  1.00000000,1,0,0.050000000000000003,0.5
330.9667,  1.00000000,1,0,0.074999999999999997,0.5
331.0000,  1.00000000,1,0,0.074999999999999997,0.5
331.0333,  1.00000000,1,0,0.025000000000000001,0.5
331.0667,  1.00000000,1,0,0.074999999999999997,0.5
331.1000,  1.00000000,1,0,0.074999999999999997,0.5
331.1333,  1.00000000,1,0,0.074999999999999997,0.5
331.1667,  1.00000000,1,0,0.025000000000000001,0.5
331.2000,  1.00000000,1,0,0.074999999999999997,0.5
331.2333,  1.00000000,1,0,0.074999999999999997,0.5
331.2667,  1.00000000,1,0,0.050000000000000003,0.5
331.3000,  1.00000000,1,0,0.025000000000000001,0.5
331.3333,  1.00000000,1,0,0.050000000000000003,0.5
331.3667,  1.00000000,1,0,0.050000000000000003,0.5
331.4000,  1.00000000,1,0,0.074999999999999997,0.5
331.4333,  1.00000000,1,0,0.025000000000000001,0.5
331.4667,  1.00000000,1,0,0.050000000000000003,0.5
331.5000,  1.00000000,1,0,0.050000000000000003,0.5
331.5333,  1.00000000,1,0,0.074999999999999997,0.5
331.5667,  1.00000000,1,0,0.074999999999999997,0.5
331.6000,  1.00000000,1,0,0.0,0.5
331.6333,  1.00000000,1,0,0.050000000000000003,0.5
331.6667,  1.00000000,1,0,0.025000000000000001,0.5
331.7000,  1.00000000,1,0,0.074999999999999997,0.5
331.7333,  1.00000000,1,0,0.025000000000000001,0.5
331.7667,  1.00000000,1,0,0.050000000000000003,0.5
331.8000,  1.00000000,1,0,0.025000000000000001,0.5
331.8333,  1.00000000,1,0,0.025000000000000001,0.5
331.8667,  1.00000000,1,0,0.050000000000000003,0.5
331.9000,  1.00000000,1,0,0.0,0.5
331.9333,  1.00000000,1,0,0.025000000000000001,0.5
331.9667,  1.00000000,1,0,0.074999999999999997,0.5
332.0000,  1.00000000,1,0,0.074999999999999997,0.5
332.0333,  1.00000000,1,0,0.074999999999999997,0.5
332.0667,  1.00000000,1,0,0.074999999999999997,0.5
332.1000,  1.00000000,1,0,0.050000000000000003,0.5
332.1333,  1.00000000,1,0,0.050000000000000003,0.5
332.1667,  1.00000000,1,0,0.074999999999999997,0.5
332.2000,  1.00000000,1,0,0.050000000000000003,0.5
332.2333,  1.00000000,1,0,0.050000000000000003,0.5
332.2667,  1.00000000,1,0,0.0,0.5
332.3000,  1.00000000,1,0,0.050000000000000003,0.5
332.3333,  1.00000000,1,0,0.074999999999999997,0.5
332.3667,  1.00000000,1,0,0.074999999999999997,0.5
332.4000,  1.00000000,1,0,0.050000000000000003,0.5
332.4333,  1.00000000,1,0,0.025000000000000001,0.5
332.4667,  1.00000000,1,0,0.074999999999999997,0.5
332.5000,  1.00000000,1,0,0.025000000000000001,0.5
332.5333,  1.00000000,1,0,0.050000000000000003,0.5
332.5667,  1.00000000,1,0,0.050000000000000003,0.5
332.6000,  1.00000000,1,0,0.050000000000000003,0.5
332.6333,  1.00000000,1,0,0.0,0.5
332.6667,  1.00000000,1,0,0.050000000000000003,0.5
332.7000,  1.00000000,1,0,0.074999999999999997,0.5
332.7333,  1.00000000,1,0,0.050000000000000003,0.5
332.7667,  1.00000000,1,0,0.025000000000000001,0.5
332.8000,  1.00000000,1,0,0.074999999999999997,0.5
332.8333,  1.00000000,1,0,0.025000000000000001,0.5
332.8667,  1.00000000,1,0,0.074999999999999997,0.5
332.9000,  1.00000000,1,0,0.050000000000000003,0.5
332.9333,  1.00000000,1,0,0.074999999999999997,0.5
332.9667,  1.00000000,1,0,0.050000000000000003,0.5
333.0000,  1.00000000,1,0,0.050000000000000003,0.5
333.0333,  1.00000000,1,0,0.074999999999999997,0.5
333.0667,  1.00000000,1,0,0.050000000000000003,0.5
333.1000,  1.00000000,1,0,0.050000000000000003,0.5
333.1333,  1.00000000,1,0,0.074999999999999997,0.5
333.1667,  1.00000000,1,0,0.074999999999999997,0.5
333.2000,  1.00000000,1,0,0.050000000000000003,0.5
333.2333,  1.00000000,1,0,0.074999999999999997,0.5
333.2667,  1.00000000,1,0,0.074999999999999997,0.5
333.3000,  1.00000000,1,0,0.050000000000000003,0.5
333.3333,  1.00000000,1,0,0.050000000000000003,0.5
333.3667,  1.00000000,1,0,0.074999999999999997,0.5
333.4000,  1.00000000,1,0,0.074999999999999997,0.5
333.4333,  1.00000000,1,0,0.025000000000000001,0.5
333.4667,  1.00000000,1,0,0.050000000000000003,0.5
333.5000,  1.00000000,1,0,0.050000000000000003,0.5
333.5333,  1.00000000,1,0,0.050000000000000003,0.5
333.5667,  1.00000000,1,0,0.074999999999999997,0.5
333.6000,  1.00000000,1,0,0.074999999999999997,0.5
333.6333,  1.00000000,1,0,0.050000000000000003,0.5
333.6667,  1.00000000,1,0,0.050000000000000003,0.5
333.7000,  1.00000000,1,0,0.050000000000000003,0.5
333.7333,  1.00000000,1,0,0.050000000000000003,0.5
333.7667,  1.00000000,1,0,0.050000000000000003,0.5
333.8000,  1.00000000,1,0,0.074999999999999997,0.5
333.8333,  1.00000000,1,0,0.050000000000000003,0.5
333.8667,  1.00000000,1,0,0.025000000000000001,0.5
333.9000,  1.00000000,1,0,0.050000000000000003,0.5
333.9333,  1.00000000,1,0,0.025000000000000001,0.5
333.9667,  1.00000000,1,0,0.074999999999999997,0.5
334.0000,  1.00000000,1,0,0.025000000000000001,0.5
334.0333,  1.00000000,1,0,0.074999999999999997,0.5
334.0667,  1.00000000,1,0,0.074999999999999997,0.5
334.1000,  1.00000000,1,0,0.025000000000000001,0.5
334.1333,  1.00000000,1,0,0.050000000000000003,0.5
334.1667,  1.00000000,1,0,0.074999999999999997,0.5
334.2000,  1.00000000,1,0,0.0,0.5
334.2333,  1.00000000,1,0,0.025000000000000001,0.5
334.2667,  1.00000000,1,0,0.025000000000000001,0.5
334.3000,  1.00000000,1,0,0.050000000000000003,0.5
334.3333,  1.00000000,1,0,0.025000000000000001,0.5
334.3667,  1.00000000,1,0,0.025000000000000001,0.5
334.4000,  1.00000000,1,0,0.050000000000000003,0.5
334.4333,  1.00000000,1,0,0.025000000000000001,0.5
334.4667,  1.00000000,1,0,0.050000000000000003,0.5
334.5000,  1.00000000,1,0,0.050000000000000003,0.5
334.5333,  1.00000000,1,0,0.025000000000000001,0.5
334.5667,  1.00000000,1,0,0.025000000000000001,0.5
334.6000,  1.00000000,1,0,0.025000000000000001,0.5
334.6333,  1.00000000,1,0,0.025000000000000001,0.5
334.6667,  1.00000000,1,0,0.025000000000000001,0.5
334.7000,  1.00000000,1,0,0.074999999999999997,0.5
334.7333,  1.00000000,1,0,0.0,0.5
334.7667,  1.00000000,1,0,0.050000000000000003,0.5
334.8000,  1.00000000,1,0,0.025000000000000001,0.5
334.8333,  1.00000000,1,0,0.025000000000000001,0.5
334.8667,  1.00000000,1,0,0.050000000000000003,0.5
334.9000,  1.00000000,1,0,0.025000000000000001,0.5
334.9333,  1.00000000,1,0,0.050000000000000003,0.5
334.9667,  1.00000000,1,0,0.074999999999999997,0.5
335.0000,  1.00000000,1,0,0.074999999999999997,0.5
335.0333,  1.00000000,1,0,0.050000000000000003,0.5
335.0667,  1.00000000,1,0,0.050000000000000003,0.5
335.1000,  1.00000000,1,0,0.074999999999999997,0.5
335.1333,  1.00000000,1,0,0.025000000000000001,0.5
335.1667,  1.00000000,1,0,0.025000000000000001,0.5
335.2000,  1.00000000,1,0,0.025000000000000001,0.5
335.2333,  1.00000000,1,0,0.025000000000000001,0.5
335.2667,  1.00000000,1,0,0.050000000000000003,0.5
335.3000,  1.00000000,1,0,0.050000000000000003,0.5
335.3333,  1.00000000,1,0,0.074999999999999997,0.5
335.3667,  1.00000000,1,0,0.074999999999999997,0.5
335.4000,  1.00000000,1,0,0.074999999999999997,0.5
335.4333,  1.00000000,1,0,0.074999999999999997,0.5
335.4667,  1.00000000,1,0,0.050000000000000003,0.5
335.5000,  1.00000000,1,0,0.025000000000000001,0.5
335.5333,  1.00000000,1,0,0.074999999999999997,0.5
335.5667,  1.00000000,1,0,0.074999999999999997,0.5
335.6000,  1.00000000,1,0,0.050000000000000003,0.5
335.6333,  1.00000000,1,0,0.025000000000000001,0.5
335.6667,  1.00000000,1,0,0.074999999999999997,0.5
335.7000,  1.00000000,1,0,0.050000000000000003,0.5
335.7333,  1.00000000,1,0,0.050000000000000003,0.5
335.7667,  1.00000000,1,0,0.050000000000000003,0.5
335.8000,  1.00000000,1,0,0.025000000000000001,0.5
335.8333,  1.00000000,1,0,0.025000000000000001,0.5
335.8667,  1.00000000,1,0,0.050000000000000003,0.5
335.9000,  1.00000000,1,0,0.025000000000000001,0.5
335.9333,  1.00000000,1,0,0.050000000000000003,0.5
335.9667,  1.00000000,1,0,0.025000000000000001,0.5
336.0000,  1.00000000,1,0,0.074999999999999997,0.5
336.0333,  1.00000000,1,0,0.074999999999999997,0.5
336.0667,  1.00000000,1,0,0.050000000000000003,0.5
336.1000,  1.00000000,1,0,0.050000000000000003,0.5
336.1333,  1.00000000,1,0,0.074999999999999997,0.5
336.1667,  1.00000000,1,0,0.050000000000000003,0.5
336.2000,  1.00000000,1,0,0.074999999999999997,0.5
336.2333,  1.00000000,1,0,0.074999999999999997,0.5
336.2667,  1.00000000,1,0,0.074999999999999997,0.5
336.3000,  1.00000000,1,0,0.050000000000000003,0.5
336.3333,  1.00000000,1,0,0.074999999999999997,0.5
336.3667,  1.00000000,1,0,0.074999999999999997,0.5
336.4000,  1.00000000,1,0,0.050000000000000003,0.5
336.4333,  1.00000000,1,0,0.074999999999999997,0.5
336.4667,  1.00000000,1,0,0.050000000000000003,0.5
336.5000,  1.00000000,1,0,0.050000000000000003,0.5
336.5333,  1.00000000,1,0,0.025000000000000001,0.5
336.5667,  1.00000000,1,0,0.074999999999999997,0.5
336.6000,  1.00000000,1,0,0.074999999999999997,0.5
336.6333,  1.00000000,1,0,0.074999999999999997,0.5
336.6667,  1.00000000,1,0,0.025000000000000001,0.5
336.7000,  1.00000000,1,0,0.074999999999999997,0.5
336.7333,  1.00000000,1,0,0.050000000000000003,0.5
336.7667,  1.00000000,1,0,0.050000000000000003,0.5
336.8000,  1.00000000,1,0,0.074999999999999997,0.5
336.8333,  1.00000000,1,0,0.025000000000000001,0.5
336.8667,  1.00000000,1,0,0.0,0.5
336.9000,  1.00000000,1,0,0.025000000000000001,0.5
336.9333,  1.00000000,1,0,0.025000000000000001,0.5
336.9667,  1.00000000,1,0,0.050000000000000003,0.5
337.0000,  1.00000000,1,0,0.025000000000000001,0.5
337.0333,  1.00000000,1,0,0.0,0.5
337.0667,  1.00000000,1,0,0.0,0.5
337.1000,  1.00000000,1,0,0.0,0.5
337.1333,  1.00000000,1,0,0.0,0.5
337.1667,  1.00000000,1,0,0.0,0.5
337.2000,  1.00000000,1,0,0.050000000000000003,0.5
337.2333,  1.00000000,1,0,0.050000000000000003,0.5
337.2667,  1.00000000,1,0,0.025000000000000001,0.5
337.3000,  1.00000000,1,0,0.050000000000000003,0.5
337.3333,  1.00000000,1,0,0.050000000000000003,0.5
337.3667,  1.00000000,1,0,0.050000000000000003,0.5
337.4000,  1.00000000,1,0,0.025000000000000001,0.5
337.4333,  1.00000000,1,0,0.074999999999999997,0.5
337.4667,  1.00000000,1,0,0.050000000000000003,0.5
337.5000,  1.00000000,1,0,0.025000000000000001,0.5
337.5333,  1.00000000,1,0,0.050000000000000003,0.5
337.5667,  1.00000000,1,0,0.025000000000000001,0.5
337.6000,  1.00000000,1,0,0.025000000000000001,0.5
337.6333,  1.00000000,1,0,0.050000000000000003,0.5
337.6667,  1.00000000,1,0,0.050000000000000003,0.5
337.7000,  1.00000000,1,0,0.025000000000000001,0.5
337.7333,  1.00000000,1,0,0.074999999999999997,0.5
337.7667,  1.00000000,1,0,0.025000000000000001,0.5
337.8000,  1.00000000,1,0,0.0,0.5
337.8333,  1.00000000,1,0,0.025000000000000001,0.5
337.8667,  1.00000000,1,0,0.025000000000000001,0.5
337.9000,  1.00000000,1,0,0.050000000000000003,0.5
337.9333,  1.00000000,1,0,0.025000000000000001,0.5
337.9667,  1.00000000,1,0,0.074999999999999997,0.5
338.0000,  1.00000000,1,0,0.0,0.5
338.0333,  1.00000000,1,0,0.0,0.5
338.0667,  1.00000000,1,0,0.025000000000000001,0.5
338.1000,  1.00000000,1,0,0.074999999999999997,0.5
338.1333,  1.00000000,1,0,0.074999999999999997,0.5
338.1667,  1.00000000,1,0,0.050000000000000003,0.5
338.2000,  1.00000000,1,0,0.050000000000000003,0.5
338.2333,  1.00000000,1,0,0.050000000000000003,0.5
338.2667,  1.00000000,1,0,0.050000000000000003,0.5
338.3000,  1.00000000,1,0,0.050000000000000003,0.5
338.3333,  1.00000000,1,0,0.0,0.5
338.3667,  1.00000000,1,0,0.050000000000000003,0.5
338.4000,  1.00000000,1,0,0.074999999999999997,0.5
338.4333,  1.00000000,1,0,0.074999999999999997,0.5
338.4667,  1.00000000,1,0,0.025000000000000001,0.5
338.5000,  1.00000000,1,0,0.025000000000000001,0.5
338.5333,  1.00000000,1,0,0.050000000000000003,0.5
338.5667,  1.00000000,1,0,0.050000000000000003,0.5
338.6000,  1.00000000,1,0,0.050000000000000003,0.5
338.6333,  1.00000000,1,0,0.074999999999999997,0.5
338.6667,  1.00000000,1,0,0.025000000000000001,0.5
338.7000,  1.00000000,1,0,0.025000000000000001,0.5
338.7333,  1.00000000,1,0,0.074999999999999997,0.5
338.7667,  1.00000000,1,0,0.0,0.5
338.8000,  1.00000000,1,0,0.074999999999999997,0.5
338.8333,  1.00000000,1,0,0.074999999999999997,0.5
338.8667,  1.00000000,1,0,0.025000000000000001,0.5
338.9000,  1.00000000,1,0,0.025000000000000001,0.5
338.9333,  1.00000000,1,0,0.025000000000000001,0.5
338.9667,  1.00000000,1,0,0.050000000000000003,0.5
339.0000,  1.00000000,1,0,0.050000000000000003,0.5
339.0333,  1.00000000,1,0,0.074999999999999997,0.5
339.0667,  1.00000000,1,0,0.0,0.5
339.1000,  1.00000000,1,0,0.025000000000000001,0.5
339.1333,  1.00000000,1,0,0.074999999999999997,0.5
339.1667,  1.00000000,1,0,0.074999999999999997,0.5
339.2000,  1.00000000,1,0,0.050000000000000003,0.5
339.2333,  1.00000000,1,0,0.074999999999999997,0.5
339.2667,  1.00000000,1,0,0.050000000000000003,0.5
339.3000,  1.00000000,1,0,0.0,0.5
339.3333,  1.00000000,1,0,0.025000000000000001,0.5
339.3667,  1.00000000,1,0,0.025000000000000001,0.5
339.4000,  1.00000000,1,0,0.0,0.5
339.4333,  1.00000000,1,0,0.074999999999999997,0.5
339.4667,  1.00000000,1,0,0.025000000000000001,0.5
339.5000,  1.00000000,1,0,0.025000000000000001,0.5
339.5333,  1.00000000,1,0,0.025000000000000001,0.5
339.5667,  1.00000000,1,0,0.050000000000000003,0.5
339.6000,  1.00000000,1,0,0.025000000000000001,0.5
339.6333,  1.00000000,1,0,0.050000000000000003,0.5
339.6667,  1.00000000,1,0,0.050000000000000003,0.5
339.7000,  1.00000000,1,0,0.050000000000000003,0.5
339.7333,  1.00000000,1,0,0.050000000000000003,0.5
339.7667,  1.00000000,1,0,0.050000000000000003,0.5
339.8000,  1.00000000,1,0,0.025000000000000001,0.5
339.8333,  1.00000000,1,0,0.0,0.5
339.8667,  1.00000000,1,0,0.0,0.5
339.9000,  1.00000000,1,0,0.074999999999999997,0.5
339.9333,  1.00000000,1,0,0.050000000000000003,0.5
339.9667,  1.00000000,1,0,0.0,0.5
340.0000,  1.00000000,1,0,0.074999999999999997,0.5
340.0333,  1.00000000,1,0,0.025000000000000001,0.5
340.0667,  1.00000000,1,0,0.050000000000000003,0.5
340.1000,  1.00000000,1,0,0.050000000000000003,0.5
340.1333,  1.00000000,1,0,0.050000000000000003,0.5
340.1667,  1.00000000,1,0,0.025000000000000001,0.5
340.2000,  1.00000000,1,0,0.0,0.5
340.2333,  1.00000000,1,0,0.025000000000000001,0.5
340.2667,  1.00000000,1,0,0.025000000000000001,0.5
340.3000,  1.00000000,1,0,0.050000000000000003,0.5
340.3333,  1.00000000,1,0,0.074999999999999997,0.5
340.3667,  1.00000000,1,0,0.025000000000000001,0.5
340.4000,  1.00000000,1,0,0.025000000000000001,0.5
340.4333,  1.00000000,1,0,0.050000000000000003,0.5
340.4667,  1.00000000,1,0,0.074999999999999997,0.5
340.5000,  1.00000000,1,0,0.074999999999999997,0.5
340.5333,  1.00000000,1,0,0.074999999999999997,0.5
340.5667,  1.00000000,1,0,0.0,0.5
340.6000,  1.00000000,1,0,0.050000000000000003,0.5
340.6333,  1.00000000,1,0,0.050000000000000003,0.5
340.6667,  1.00000000,1,0,0.050000000000000003,0.5
340.7000,  1.00000000,1,0,0.074999999999999997,0.5
340.7333,  1.00000000,1,0,0.025000000000000001,0.5
340.7667,  1.00000000,1,0,0.074999999999999997,0.5
340.8000,  1.00000000,1,0,0.0,0.5
340.8333,  1.00000000,1,0,0.050000000000000003,0.5
340.8667,  1.00000000,1,0,0.025000000000000001,0.5
340.9000,  1.00000000,1,0,0.025000000000000001,0.5
340.9333,  1.00000000,1,0,0.074999999999999997,0.5
340.9667,  1.00000000,1,0,0.050000000000000003,0.5
341.0000,  1.00000000,1,0,0.074999999999999997,0.5
341.0333,  1.00000000,1,0,0.050000000000000003,0.5
341.0667,  1.00000000,1,0,0.074999999999999997,0.5
341.1000,  1.00000000,1,0,0.050000000000000003,0.5
341.1333,  1.00000000,1,0,0.025000000000000001,0.5
341.1667,  1.00000000,1,0,0.050000000000000003,0.5
341.2000,  1.00000000,1,0,0.074999999999999997,0.5
341.2333,  1.00000000,1,0,0.025000000000000001,0.5
341.2667,  1.00000000,1,0,0.0,0.5
341.3000,  1.00000000,1,0,0.050000000000000003,0.5
341.3333,  1.00000000,1,0,0.074999999999999997,0.5
341.3667,  1.00000000,1,0,0.025000000000000001,0.5
341.4000,  1.00000000,1,0,0.0,0.5
341.4333,  1.00000000,1,0,0.025000000000000001,0.5
341.4667,  1.00000000,1,0,0.074999999999999997,0.5
341.5000,  1.00000000,1,0,0.074999999999999997,0.5
341.5333,  1.00000000,1,0,0.074999999999999997,0.5
341.5667,  1.00000000,1,0,0.050000000000000003,0.5
341.6000,  1.00000000,1,0,0.050000000000000003,0.5
341.6333,  1.00000000,1,0,0.074999999999999997,0.5
341.6667,  1.00000000,1,0,0.074999999999999997,0.5
341.7000,  1.00000000,1,0,0.050000000000000003,0.5
341.7333,  1.00000000,1,0,0.074999999999999997,0.5
341.7667,  1.00000000,1,0,0.074999999999999997,0.5
341.8000,  1.00000000,1,0,0.074999999999999997,0.5
341.8333,  1.00000000,1,0,0.025000000000000001,0.5
341.8667,  1.00000000,1,0,0.074999999999999997,0.5
341.9000,  1.00000000,1,0,0.050000000000000003,0.5
341.9333,  1.00000000,1,0,0.074999999999999997,0.5
341.9667,  1.00000000,1,0,0.074999999999999997,0.5
342.0000,  1.00000000,1,0,0.074999999999999997,0.5
342.0333,  1.00000000,1,0,0.074999999999999997,0.5
342.0667,  1.00000000,1,0,0.050000000000000003,0.5
342.1000,  1.00000000,1,0,0.074999999999999997,0.5
342.1333,  1.00000000,1,0,0.074999999999999997,0.5
342.1667,  1.00000000,1,0,0.074999999999999997,0.5
342.2000,  1.00000000,1,0,0.074999999999999997,0.5
342.2333,  1.00000000,1,0,0.050000000000000003,0.5
342.2667,  1.00000000,1,0,0.050000000000000003,0.5
342.3000,  1.00000000,1,0,0.050000000000000003,0.5
342.3333,  1.00000000,1,0,0.074999999999999997,0.5
342.3667,  1.00000000,1,0,0.025000000000000001,0.5
342.4000,  1.00000000,1,0,0.074999999999999997,0.5
342.4333,  1.00000000,1,0,0.050000000000000003,0.5
342.4667,  1.00000000,1,0,0.050000000000000003,0.5
342.5000,  1.00000000,1,0,0.025000000000000001,0.5
342.5333,  1.00000000,1,0,0.074999999999999997,0.5
342.5667,  1.00000000,1,0,0.050000000000000003,0.5
342.6000,  1.00000000,1,0,0.074999999999999997,0.5
342.6333,  1.00000000,1,0,0.074999999999999997,0.5
342.6667,  1.00000000,1,0,0.050000000000000003,0.5
342.7000,  1.00000000,1,0,0.050000000000000003,0.5
342.7333,  1.00000000,1,0,0.050000000000000003,0.5
342.7667,  1.00000000,1,0,0.025000000000000001,0.5
342.8000,  1.00000000,1,0,0.025000000000000001,0.5
342.8333,  1.00000000,1,0,0.025000000000000001,0.5
342.8667,  1.00000000,1,0,0.025000000000000001,0.5
342.9000,  1.00000000,1,0,0.074999999999999997,0.5
342.9333,  1.00000000,1,0,0.025000000000000001,0.5
342.9667,  1.00000000,1,0,0.050000000000000003,0.5
343.0000,  1.00000000,1,0,0.074999999999999997,0.5
343.0333,  1.00000000,1,0,0.0,0.5
343.0667,  1.00000000,1,0,0.025000000000000001,0.5
343.1000,  1.00000000,1,0,0.050000000000000003,0.5
343.1333,  1.00000000,1,0,0.050000000000000003,0.5
343.1667,  1.00000000,1,0,0.025000000000000001,0.5
343.2000,  1.00000000,1,0,0.074999999999999997,0.5
343.2333,  1.00000000,1,0,0.074999999999999997,0.5
343.2667,  1.00000000,1,0,0.050000000000000003,0.5
343.3000,  1.00000000,1,0,0.074999999999999997,0.5
343.3333,  1.00000000,1,0,0.050000000000000003,0.5
343.3667,  1.00000000,1,0,0.050000000000000003,0.5
343.4000,  1.00000000,1,0,0.074999999999999997,0.5
343.4333,  1.00000000,1,0,0.074999999999999997,0.5
343.4667,  1.00000000,1,0,0.074999999999999997,0.5
343.5000,  1.00000000,1,0,0.050000000000000003,0.5
343.5333,  1.00000000,1,0,0.050000000000000003,0.5
343.5667,  1.00000000,1,0,0.025000000000000001,0.5
343.6000,  1.00000000,1,0,0.074999999999999997,0.5
343.6333,  1.00000000,1,0,0.074999999999999997,0.5
343.6667,  1.00000000,1,0,0.050000000000000003,0.5
343.7000,  1.00000000,1,0,0.050000000000000003,0.5
343.7333,  1.00000000,1,0,0.050000000000000003,0.5
343.7667,  1.00000000,1,0,0.074999999999999997,0.5
343.8000,  1.00000000,1,0,0.025000000000000001,0.5
343.8333,  1.00000000,1,0,0.0,0.5
343.8667,  1.00000000,1,0,0.074999999999999997,0.5
343.9000,  1.00000000,1,0,0.074999999999999997,0.5
343.9333,  1.00000000,1,0,0.074999999999999997,0.5
343.9667,  1.00000000,1,0,0.074999999999999997,0.5
344.0000,  1.00000000,1,0,0.050000000000000003,0.5
344.0333,  1.00000000,1,0,0.074999999999999997,0.5
344.0667,  1.00000000,1,0,0.025000000000000001,0.5
344.1000,  1.00000000,1,0,0.050000000000000003,0.5
344.1333,  1.00000000,1,0,0.074999999999999997,0.5
344.1667,  1.00000000,1,0,0.074999999999999997,0.5
344.2000,  1.00000000,1,0,0.074999999999999997,0.5
344.2333,  1.00000000,1,0,0.074999999999999997,0.5
344.2667,  1.00000000,1,0,0.074999999999999997,0.5
344.3000,  1.00000000,1,0,0.074999999999999997,0.5
344.3333,  1.00000000,1,0,0.050000000000000003,0.5
344.3667,  1.00000000,1,0,0.074999999999999997,0.5
344.4000,  1.00000000,1,0,0.050000000000000003,0.5
344.4333,  1.00000000,1,0,0.074999999999999997,0.5
344.4667,  1.00000000,1,0,0.074999999999999997,0.5
344.5000,  1.00000000,1,0,0.050000000000000003,0.5
344.5333,  1.00000000,1,0,0.074999999999999997,0.5
344.5667,  1.00000000,1,0,0.050000000000000003,0.5
344.6000,  1.00000000,1,0,0.025000000000000001,0.5
344.6333,  1.00000000,1,0,0.050000000000000003,0.5
344.6667,  1.00000000,1,0,0.025000000000000001,0.5
344.7000,  1.00000000,1,0,0.050000000000000003,0.5
344.7333,  1.00000000,1,0,0.025000000000000001,0.5
344.7667,  1.00000000,1,0,0.025000000000000001,0.5
344.8000,  1.00000000,1,0,0.0,0.5
344.8333,  1.00000000,1,0,0.050000000000000003,0.5
344.8667,  1.00000000,1,0,0.074999999999999997,0.5
344.9000,  1.00000000,1,0,0.050000000000000003,0.5
344.9333,  1.00000000,1,0,0.0,0.5
344.9667,  1.00000000,1,0,0.074999999999999997,0.5
345.0000,  1.00000000,1,0,0.025000000000000001,0.5
345.0333,  1.00000000,1,0,0.025000000000000001,0.5
345.0667,  1.00000000,1,0,0.074999999999999997,0.5
345.1000,  1.00000000,1,0,0.050000000000000003,0.5
345.1333,  1.00000000,1,0,0.074999999999999997,0.5
345.1667,  1.00000000,1,0,0.050000000000000003,0.5
345.2000,  1.00000000,1,0,0.074999999999999997,0.5
345.2333,  1.00000000,1,0,0.025000000000000001,0.5
345.2667,  1.00000000,1,0,0.050000000000000003,0.5
345.3000,  1.00000000,1,0,0.074999999999999997,0.5
345.3333,  1.00000000,1,0,0.050000000000000003,0.5
345.3667,  1.00000000,1,0,0.074999999999999997,0.5
345.4000,  1.00000000,1,0,0.025000000000000001,0.5
345.4333,  1.00000000,1,0,0.050000000000000003,0.5
345.4667,  1.00000000,1,0,0.074999999999999997,0.5
345.5000,  1.00000000,1,0,0.074999999999999997,0.5
345.5333,  1.00000000,1,0,0.074999999999999997,0.5
345.5667,  1.00000000,1,0,0.074999999999999997,0.5
345.6000,  1.00000000,1,0,0.074999999999999997,0.5
345.6333,  1.00000000,1,0,0.050000000000000003,0.5
345.6667,  1.00000000,1,0,0.025000000000000001,0.5
345.7000,  1.00000000,1,0,0.025000000000000001,0.5
345.7333,  1.00000000,1,0,0.025000000000000001,0.5
345.7667,  1.00000000,1,0,0.074999999999999997,0.5
345.8000,  1.00000000,1,0,0.025000000000000001,0.5
345.8333,  1.00000000,1,0,0.050000000000000003,0.5
345.8667,  1.00000000,1,0,0.025000000000000001,0.5
345.9000,  1.00000000,1,0,0.025000000000000001,0.5
345.9333,  1.00000000,1,0,0.025000000000000001,0.5
345.9667,  1.00000000,1,0,0.025000000000000001,0.5
346.0000,  1.00000000,1,0,0.074999999999999997,0.5
346.0333,  1.00000000,1,0,0.025000000000000001,0.5
346.0667,  1.00000000,1,0,0.025000000000000001,0.5
346.1000,  1.00000000,1,0,0.025000000000000001,0.5
346.1333,  1.00000000,1,0,0.025000000000000001,0.5
346.1667,  1.00000000,1,0,0.050000000000000003,0.5
346.2000,  1.00000000,1,0,0.050000000000000003,0.5
346.2333,  1.00000000,1,0,0.050000000000000003,0.5
346.2667,  1.00000000,1,0,0.025000000000000001,0.5
346.3000,  1.00000000,1,0,0.025000000000000001,0.5
346.3333,  1.00000000,1,0,0.050000000000000003,0.5
346.3667,  1.00000000,1,0,0.074999999999999997,0.5
346.4000,  1.00000000,1,0,0.074999999999999997,0.5
346.4333,  1.00000000,1,0,0.074999999999999997,0.5
346.4667,  1.00000000,1,0,0.074999999999999997,0.5
346.5000,  1.00000000,1,0,0.050000000000000003,0.5
346.5333,  1.00000000,1,0,0.074999999999999997,0.5
346.5667,  1.00000000,1,0,0.074999999999999997,0.5
346.6000,  1.00000000,1,0,0.050000000000000003,0.5
346.6333,  1.00000000,1,0,0.074999999999999997,0.5
346.6667,  1.00000000,1,0,0.074999999999999997,0.5
346.7000,  1.00000000,1,0,0.074999999999999997,0.5
346.7333,  1.00000000,1,0,0.0,0.5
346.7667,  1.00000000,1,0,0.074999999999999997,0.5
346.8000,  1.00000000,1,0,0.050000000000000003,0.5
346.8333,  1.00000000,1,0,0.0,0.5
346.8667,  1.00000000,1,0,0.050000000000000003,0.5
346.9000,  1.00000000,1,0,0.050000000000000003,0.5
346.9333,  1.00000000,1,0,0.074999999999999997,0.5
346.9667,  1.00000000,1,0,0.050000000000000003,0.5
347.0000,  1.00000000,1,0,0.074999999999999997,0.5
347.0333,  1.00000000,1,0,0.050000000000000003,0.5
347.0667,  1.00000000,1,0,0.074999999999999997,0.5
347.1000,  1.00000000,1,0,0.050000000000000003,0.5
347.1333,  1.00000000,1,0,0.050000000000000003,0.5
347.1667,  1.00000000,1,0,0.074999999999999997,0.5
347.2000,  1.00000000,1,0,0.050000000000000003,0.5
347.2333,  1.00000000,1,0,0.074999999999999997,0.5
347.2667,  1.00000000,1,0,0.025000000000000001,0.5
347.3000,  1.00000000,1,0,0.025000000000000001,0.5
347.3333,  1.00000000,1,0,0.074999999999999997,0.5
347.3667,  1.00000000,1,0,0.050000000000000003,0.5
347.4000,  1.00000000,1,0,0.025000000000000001,0.5
347.4333,  1.00000000,1,0,0.050000000000000003,0.5
347.4667,  1.00000000,1,0,0.050000000000000003,0.5
347.5000,  1.00000000,1,0,0.025000000000000001,0.5
347.5333,  1.00000000,1,0,0.074999999999999997,0.5
347.5667,  1.00000000,1,0,0.050000000000000003,0.5
347.6000,  1.00000000,1,0,0.050000000000000003,0.5
347.6333,  1.00000000,1,0,0.050000000000000003,0.5
347.6667,  1.00000000,1,0,0.0,0.5
347.7000,  1.00000000,1,0,0.074999999999999997,0.5
347.7333,  1.00000000,1,0,0.074999999999999997,0.5
347.7667,  1.00000000,1,0,0.074999999999999997,0.5
347.8000,  1.00000000,1,0,0.050000000000000003,0.5
347.8333,  1.00000000,1,0,0.074999999999999997,0.5
347.8667,  1.00000000,1,0,0.050000000000000003,0.5
347.9000,  1.00000000,1,0,0.074999999999999997,0.5
347.9333,  1.00000000,1,0,0.074999999999999997,0.5
347.9667,  1.00000000,1,0,0.074999999999999997,0.5
348.0000,  1.00000000,1,0,0.025000000000000001,0.5
348.0333,  1.00000000,1,0,0.074999999999999997,0.5
348.0667,  1.00000000,1,0,0.074999999999999997,0.5
348.1000,  1.00000000,1,0,0.050000000000000003,0.5
348.1333,  1.00000000,1,0,0.074999999999999997,0.5
348.1667,  1.00000000,1,0,0.050000000000000003,0.5
348.2000,  1.00000000,1,0,0.050000000000000003,0.5
348.2333,  1.00000000,1,0,0.050000000000000003,0.5
348.2667,  1.00000000,1,0,0.050000000000000003,0.5
348.3000,  1.00000000,1,0,0.050000000000000003,0.5
348.3333,  1.00000000,1,0,0.050000000000000003,0.5
348.3667,  1.00000000,1,0,0.074999999999999997,0.5
348.4000,  1.00000000,1,0,0.050000000000000003,0.5
348.4333,  1.00000000,1,0,0.074999999999999997,0.5
348.4667,  1.00000000,1,0,0.050000000000000003,0.5
348.5000,  1.00000000,1,0,0.050000000000000003,0.5
348.5333,  1.00000000,1,0,0.050000000000000003,0.5
348.5667,  1.00000000,1,0,0.0,0.5
348.6000,  1.00000000,1,0,0.025000000000000001,0.5
348.6333,  1.00000000,1,0,0.025000000000000001,0.5
348.6667,  1.00000000,1,0,0.074999999999999997,0.5
348.7000,  1.00000000,1,0,0.050000000000000003,0.5
348.7333,  1.00000000,1,0,0.050000000000000003,0.5
348.7667,  1.00000000,1,0,0.074999999999999997,0.5
348.8000,  1.00000000,1,0,0.0,0.5
348.8333,  1.00000000,1,0,0.074999999999999997,0.5
348.8667,  1.00000000,1,0,0.050000000000000003,0.5
348.9000,  1.00000000,1,0,0.050000000000000003,0.5
348.9333,  1.00000000,1,0,0.050000000000000003,0.5
348.9667,  1.00000000,1,0,0.0,0.5
349.0000,  1.00000000,1,0,0.050000000000000003,0.5
349.0333,  1.00000000,1,0,0.025000000000000001,0.5
349.0667,  1.00000000,1,0,0.074999999999999997,0.5
349.1000,  1.00000000,1,0,0.074999999999999997,0.5
349.1333,  1.00000000,1,0,0.074999999999999997,0.5
349.1667,  1.00000000,1,0,0.050000000000000003,0.5
349.2000,  1.00000000,1,0,0.050000000000000003,0.5
349.2333,  1.00000000,1,0,0.050000000000000003,0.5
349.2667,  1.00000000,1,0,0.074999999999999997,0.5
349.3000,  1.00000000,1,0,0.074999999999999997,0.5
349.3333,  1.00000000,1,0,0.074999999999999997,0.5
349.3667,  1.00000000,1,0,0.050000000000000003,0.5
349.4000,  1.00000000,1,0,0.074999999999999997,0.5
349.4333,  1.00000000,1,0,0.074999999999999997,0.5
349.4667,  1.00000000,1,0,0.074999999999999997,0.5
349.5000,  1.00000000,1,0,0.074999999999999997,0.5
349.5333,  1.00000000,1,0,0.025000000000000001,0.5
349.5667,  1.00000000,1,0,0.050000000000000003,0.5
349.6000,  1.00000000,1,0,0.050000000000000003,0.5
349.6333,  1.00000000,1,0,0.074999999999999997,0.5
349.6667,  1.00000000,1,0,0.050000000000000003,0.5
349.7000,  1.00000000,1,0,0.074999999999999997,0.5
349.7333,  1.00000000,1,0,0.050000000000000003,0.5
349.7667,  1.00000000,1,0,0.074999999999999997,0.5
349.8000,  1.00000000,1,0,0.074999999999999997,0.5
349.8333,  1.00000000,1,0,0.074999999999999997,0.5
349.8667,  1.00000000,1,0,0.050000000000000003,0.5
349.9000,  1.00000000,1,0,0.074999999999999997,0.5
349.9333,  1.00000000,1,0,0.074999999999999997,0.5
349.9667,  1.00000000,1,0,0.050000000000000003,0.5
350.0000,  1.00000000,1,0,0.050000000000000003,0.5
350.0333,  1.00000000,1,0,0.050000000000000003,0.5
350.0667,  1.00000000,1,0,0.074999999999999997,0.5
350.1000,  1.00000000,1,0,0.074999999999999997,0.5
350.1333,  1.00000000,1,0,0.050000000000000003,0.5
350.1667,  1.00000000,1,0,0.025000000000000001,0.5
350.2000,  1.00000000,1,0,0.074999999999999997,0.5
350.2333,  1.00000000,1,0,0.074999999999999997,0.5
350.2667,  1.00000000,1,0,0.050000000000000003,0.5
350.3000,  1.00000000,1,0,0.074999999999999997,0.5
350.3333,  1.00000000,1,0,0.074999999999999997,0.5
350.3667,  1.00000000,1,0,0.050000000000000003,0.5
350.4000,  1.00000000,1,0,0.074999999999999997,0.5
350.4333,  1.00000000,1,0,0.025000000000000001,0.5
350.4667,  1.00000000,1,0,0.074999999999999997,0.5
350.5000,  1.00000000,1,0,0.074999999999999997,0.5
350.5333,  1.00000000,1,0,0.050000000000000003,0.5
350.5667,  1.00000000,1,0,0.074999999999999997,0.5
350.6000,  1.00000000,1,0,0.050000000000000003,0.5
350.6333,  1.00000000,1,0,0.074999999999999997,0.5
350.6667,  1.00000000,1,0,0.050000000000000003,0.5
350.7000,  1.00000000,1,0,0.050000000000000003,0.5
350.7333,  1.00000000,1,0,0.074999999999999997,0.5
350.7667,  1.00000000,1,0,0.050000000000000003,0.5
350.8000,  1.00000000,1,0,0.074999999999999997,0.5
350.8333,  1.00000000,1,0,0.074999999999999997,0.5
350.8667,  1.00000000,1,0,0.025000000000000001,0.5
350.9000,  1.00000000,1,0,0.074999999999999997,0.5
350.9333,  1.00000000,1,0,0.050000000000000003,0.5
350.9667,  1.00000000,1,0,0.074999999999999997,0.5
351.0000,  1.00000000,1,0,0.074999999999999997,0.5
351.0333,  1.00000000,1,0,0.025000000000000001,0.5
351.0667,  1.00000000,1,0,0.050000000000000003,0.5
351.1000,  1.00000000,1,0,0.050000000000000003,0.5
351.1333,  1.00000000,1,0,0.050000000000000003,0.5
351.1667,  1.00000000,1,0,0.050000000000000003,0.5
351.2000,  1.00000000,1,0,0.050000000000000003,0.5
351.2333,  1.00000000,1,0,0.074999999999999997,0.5
351.2667,  1.00000000,1,0,0.074999999999999997,0.5
351.3000,  1.00000000,1,0,0.050000000000000003,0.5
351.3333,  1.00000000,1,0,0.025000000000000001,0.5
351.3667,  1.00000000,1,0,0.025000000000000001,0.5
351.4000,  1.00000000,1,0,0.050000000000000003,0.5
351.4333,  1.00000000,1,0,0.025000000000000001,0.5
351.4667,  1.00000000,1,0,0.074999999999999997,0.5
351.5000,  1.00000000,1,0,0.074999999999999997,0.5
351.5333,  1.00000000,1,0,0.074999999999999997,0.5
351.5667,  1.00000000,1,0,0.074999999999999997,0.5
351.6000,  1.00000000,1,0,0.050000000000000003,0.5
351.6333,  1.00000000,1,0,0.050000000000000003,0.5
351.6667,  1.00000000,1,0,0.074999999999999997,0.5
351.7000,  1.00000000,1,0,0.050000000000000003,0.5
351.7333,  1.00000000,1,0,0.050000000000000003,0.5
351.7667,  1.00000000,1,0,0.074999999999999997,0.5
351.8000,  1.00000000,1,0,0.050000000000000003,0.5
351.8333,  1.00000000,1,0,0.025000000000000001,0.5
351.8667,  1.00000000,1,0,0.025000000000000001,0.5
351.9000,  1.00000000,1,0,0.050000000000000003,0.5
351.9333,  1.00000000,1,0,0.050000000000000003,0.5
351.9667,  1.00000000,1,0,0.050000000000000003,0.5
352.0000,  1.00000000,1,0,0.050000000000000003,0.5
352.0333,  1.00000000,1,0,0.025000000000000001,0.5
352.0667,  1.00000000,1,0,0.050000000000000003,0.5
352.1000,  1.00000000,1,0,0.0,0.5
352.1333,  1.00000000,1,0,0.050000000000000003,0.5
352.1667,  1.00000000,1,0,0.025000000000000001,0.5
352.2000,  1.00000000,1,0,0.074999999999999997,0.5
352.2333,  1.00000000,1,0,0.074999999999999997,0.5
352.2667,  1.00000000,1,0,0.050000000000000003,0.5
352.3000,  1.00000000,1,0,0.050000000000000003,0.5
352.3333,  1.00000000,1,0,0.025000000000000001,0.5
352.3667,  1.00000000,1,0,0.025000000000000001,0.5
352.4000,  1.00000000,1,0,0.050000000000000003,0.5
352.4333,  1.00000000,1,0,0.050000000000000003,0.5
352.4667,  1.00000000,1,0,0.050000000000000003,0.5
352.5000,  1.00000000,1,0,0.0,0.5
352.5333,  1.00000000,1,0,0.074999999999999997,0.5
352.5667,  1.00000000,1,0,0.074999999999999997,0.5
352.6000,  1.00000000,1,0,0.025000000000000001,0.5
352.6333,  1.00000000,1,0,0.050000000000000003,0.5
352.6667,  1.00000000,1,0,0.074999999999999997,0.5
352.7000,  1.00000000,1,0,0.050000000000000003,0.5
352.7333,  1.00000000,1,0,0.074999999999999997,0.5
352.7667,  1.00000000,1,0,0.050000000000000003,0.5
352.8000,  1.00000000,1,0,0.025000000000000001,0.5
352.8333,  1.00000000,1,0,0.050000000000000003,0.5
352.8667,  1.00000000,1,0,0.050000000000000003,0.5
352.9000,  1.00000000,1,0,0.025000000000000001,0.5
352.9333,  1.00000000,1,0,0.074999999999999997,0.5
352.9667,  1.00000000,1,0,0.050000000000000003,0.5
353.0000,  1.00000000,1,0,0.074999999999999997,0.5
353.0333,  1.00000000,1,0,0.025000000000000001,0.5
353.0667,  1.00000000,1,0,0.025000000000000001,0.5
353.1000,  1.00000000,1,0,0.050000000000000003,0.5
353.1333,  1.00000000,1,0,0.074999999999999997,0.5
353.1667,  1.00000000,1,0,0.074999999999999997,0.5
353.2000,  1.00000000,1,0,0.074999999999999997,0.5
353.2333,  1.00000000,1,0,0.050000000000000003,0.5
353.2667,  1.00000000,1,0,0.074999999999999997,0.5
353.3000,  1.00000000,1,0,0.050000000000000003,0.5
353.3333,  1.00000000,1,0,0.050000000000000003,0.5
353.3667,  1.00000000,1,0,0.025000000000000001,0.5
353.4000,  1.00000000,1,0,0.050000000000000003,0.5
353.4333,  1.00000000,1,0,0.050000000000000003,0.5
353.4667,  1.00000000,1,0,0.025000000000000001,0.5
353.5000,  1.00000000,1,0,0.074999999999999997,0.5
353.5333,  1.00000000,1,0,0.050000000000000003,0.5
353.5667,  1.00000000,1,0,0.074999999999999997,0.5
353.6000,  1.00000000,1,0,0.050000000000000003,0.5
353.6333,  1.00000000,1,0,0.050000000000000003,0.5
353.6667,  1.00000000,1,0,0.074999999999999997,0.5
353.7000,  1.00000000,1,0,0.050000000000000003,0.5
353.7333,  1.00000000,1,0,0.074999999999999997,0.5
353.7667,  1.00000000,1,0,0.074999999999999997,0.5
353.8000,  1.00000000,1,0,0.050000000000000003,0.5
353.8333,  1.00000000,1,0,0.025000000000000001,0.5
353.8667,  1.00000000,1,0,0.074999999999999997,0.5
353.9000,  1.00000000,1,0,0.074999999999999997,0.5
353.9333,  1.00000000,1,0,0.0,0.5
353.9667,  1.00000000,1,0,0.074999999999999997,0.5
354.0000,  1.00000000,1,0,0.074999999999999997,0.5
354.0333,  1.00000000,1,0,0.074999999999999997,0.5
354.0667,  1.00000000,1,0,0.050000000000000003,0.5
354.1000,  1.00000000,1,0,0.050000000000000003,0.5
354.1333,  1.00000000,1,0,0.074999999999999997,0.5
354.1667,  1.00000000,1,0,0.025000000000000001,0.5
354.2000,  1.00000000,1,0,0.050000000000000003,0.5
354.2333,  1.00000000,1,0,0.074999999999999997,0.5
354.2667,  1.00000000,1,0,0.050000000000000003,0.5
354.3000,  1.00000000,1,0,0.050000000000000003,0.5
354.3333,  1.00000000,1,0,0.050000000000000003,0.5
354.3667,  1.00000000,1,0,0.074999999999999997,0.5
354.4000,  1.00000000,1,0,0.050000000000000003,0.5
354.4333,  1.00000000,1,0,0.074999999999999997,0.5
354.4667,  1.00000000,1,0,0.025000000000000001,0.5
354.5000,  1.00000000,1,0,0.050000000000000003,0.5
354.5333,  1.00000000,1,0,0.050000000000000003,0.5
354.5667,  1.00000000,1,0,0.050000000000000003,0.5
354.6000,  1.00000000,1,0,0.050000000000000003,0.5
354.6333,  1.00000000,1,0,0.050000000000000003,0.5
354.6667,  1.00000000,1,0,0.025000000000000001,0.5
354.7000,  1.00000000,1,0,0.074999999999999997,0.5
354.7333,  1.00000000,1,0,0.025000000000000001,0.5
354.7667,  1.00000000,1,0,0.074999999999999997,0.5
354.8000,  1.00000000,1,0,0.074999999999999997,0.5
354.8333,  1.00000000,1,0,0.074999999999999997,0.5
354.8667,  1.00000000,1,0,0.050000000000000003,0.5
354.9000,  1.00000000,1,0,0.050000000000000003,0.5
354.9333,  1.00000000,1,0,0.050000000000000003,0.5
354.9667,  1.00000000,1,0,0.050000000000000003,0.5
355.0000,  1.00000000,1,0,0.050000000000000003,0.5
355.0333,  1.00000000,1,0,0.050000000000000003,0.5
355.0667,  1.00000000,1,0,0.025000000000000001,0.5
355.1000,  1.00000000,1,0,0.0,0.5
355.1333,  1.00000000,1,0,0.025000000000000001,0.5
355.1667,  1.00000000,1,0,0.025000000000000001,0.5
355.2000,  1.00000000,1,0,0.074999999999999997,0.5
355.2333,  1.00000000,1,0,0.025000000000000001,0.5
355.2667,  1.00000000,1,0,0.074999999999999997,0.5
355.3000,  1.00000000,1,0,0.074999999999999997,0.5
355.3333,  1.00000000,1,0,0.074999999999999997,0.5
355.3667,  1.00000000,1,0,0.050000000000000003,0.5
355.4000,  1.00000000,1,0,0.074999999999999997,0.5
355.4333,  1.00000000,1,0,0.050000000000000003,0.5
355.4667,  1.00000000,1,0,0.025000000000000001,0.5
355.5000,  1.00000000,1,0,0.074999999999999997,0.5
355.5333,  1.00000000,1,0,0.050000000000000003,0.5
355.5667,  1.00000000,1,0,0.025000000000000001,0.5
355.6000,  1.00000000,1,0,0.050000000000000003,0.5
355.6333,  1.00000000,1,0,0.074999999999999997,0.5
355.6667,  1.00000000,1,0,0.050000000000000003,0.5
355.7000,  1.00000000,1,0,0.050000000000000003,0.5
355.7333,  1.00000000,1,0,0.025000000000000001,0.5
355.7667,  1.00000000,1,0,0.025000000000000001,0.5
355.8000,  1.00000000,1,0,0.025000000000000001,0.5
355.8333,  1.00000000,1,0,0.025000000000000001,0.5
355.8667,  1.00000000,1,0,0.050000000000000003,0.5
355.9000,  1.00000000,1,0,0.074999999999999997,0.5
355.9333,  1.00000000,1,0,0.050000000000000003,0.5
355.9667,  1.00000000,1,0,0.074999999999999997,0.5
356.0000,  1.00000000,1,0,0.050000000000000003,0.5
356.0333,  1.00000000,1,0,0.074999999999999997,0.5
356.0667,  1.00000000,1,0,0.074999999999999997,0.5
356.1000,  1.00000000,1,0,0.074999999999999997,0.5
356.1333,  1.00000000,1,0,0.074999999999999997,0.5
356.1667,  1.00000000,1,0,0.050000000000000003,0.5
356.2000,  1.00000000,1,0,0.050000000000000003,0.5
356.2333,  1.00000000,1,0,0.074999999999999997,0.5
356.2667,  1.00000000,1,0,0.074999999999999997,0.5
356.3000,  1.00000000,1,0,0.074999999999999997,0.5
356.3333,  1.00000000,1,0,0.050000000000000003,0.5
356.3667,  1.00000000,1,0,0.050000000000000003,0.5
356.4000,  1.00000000,1,0,0.025000000000000001,0.5
356.4333,  1.00000000,1,0,0.050000000000000003,0.5
356.4667,  1.00000000,1,0,0.050000000000000003,0.5
356.5000,  1.00000000,1,0,0.0,0.5
356.5333,  1.00000000,1,0,0.050000000000000003,0.5
356.5667,  1.00000000,1,0,0.025000000000000001,0.5
356.6000,  1.00000000,1,0,0.025000000000000001,0.5
356.6333,  1.00000000,1,0,0.025000000000000001,0.5
356.6667,  1.00000000,1,0,0.025000000000000001,0.5
356.7000,  1.00000000,1,0,0.050000000000000003,0.5
356.7333,  1.00000000,1,0,0.050000000000000003,0.5
356.7667,  1.00000000,1,0,0.025000000000000001,0.5
356.8000,  1.00000000,1,0,0.074999999999999997,0.5
356.8333,  1.00000000,1,0,0.025000000000000001,0.5
356.8667,  1.00000000,1,0,0.025000000000000001,0.5
356.9000,  1.00000000,1,0,0.074999999999999997,0.5
356.9333,  1.00000000,1,0,0.025000000000000001,0.5
356.9667,  1.00000000,1,0,0.050000000000000003,0.5
357.0000,  1.00000000,1,0,0.050000000000000003,0.5
357.0333,  1.00000000,1,0,0.074999999999999997,0.5
357.0667,  1.00000000,1,0,0.074999999999999997,0.5
357.1000,  1.00000000,1,0,0.074999999999999997,0.5
357.1333,  1.00000000,1,0,0.025000000000000001,0.5
357.1667,  1.00000000,1,0,0.0,0.5
357.2000,  1.00000000,1,0,0.074999999999999997,0.5
357.2333,  1.00000000,1,0,0.074999999999999997,0.5
357.2667,  1.00000000,1,0,0.050000000000000003,0.5
357.3000,  1.00000000,1,0,0.074999999999999997,0.5
357.3333,  1.00000000,1,0,0.074999999999999997,0.5
357.3667,  1.00000000,1,0,0.074999999999999997,0.5
357.4000,  1.00000000,1,0,0.050000000000000003,0.5
357.4333,  1.00000000,1,0,0.074999999999999997,0.5
357.4667,  1.00000000,1,0,0.050000000000000003,0.5
357.5000,  1.00000000,1,0,0.0,0.5
357.5333,  1.00000000,1,0,0.0,0.5
357.5667,  1.00000000,1,0,0.050000000000000003,0.5
357.6000,  1.00000000,1,0,0.025000000000000001,0.5
357.6333,  1.00000000,1,0,0.050000000000000003,0.5
357.6667,  1.00000000,1,0,0.025000000000000001,0.5
357.7000,  1.00000000,1,0,0.050000000000000003,0.5
357.7333,  1.00000000,1,0,0.0,0.5
357.7667,  1.00000000,1,0,0.050000000000000003,0.5
357.8000,  1.00000000,1,0,0.025000000000000001,0.5
357.8333,  1.00000000,1,0,0.050000000000000003,0.5
357.8667,  1.00000000,1,0,0.074999999999999997,0.5
357.9000,  1.00000000,1,0,0.074999999999999997,0.5
357.9333,  1.00000000,1,0,0.074999999999999997,0.5
357.9667,  1.00000000,1,0,0.050000000000000003,0.5
358.0000,  1.00000000,1,0,0.025000000000000001,0.5
358.0333,  1.00000000,1,0,0.050000000000000003,0.5
358.0667,  1.00000000,1,0,0.050000000000000003,0.5
358.1000,  1.00000000,1,0,0.074999999999999997,0.5
358.1333,  1.00000000,1,0,0.050000000000000003,0.5
358.1667,  1.00000000,1,0,0.050000000000000003,0.5
358.2000,  1.00000000,1,0,0.050000000000000003,0.5
358.2333,  1.00000000,1,0,0.074999999999999997,0.5
358.2667,  1.00000000,1,0,0.074999999999999997,0.5
358.3000,  1.00000000,1,0,0.0,0.5
358.3333,  1.00000000,1,0,0.050000000000000003,0.5
358.3667,  1.00000000,1,0,0.074999999999999997,0.5
358.4000,  1.00000000,1,0,0.050000000000000003,0.5
358.4333,  1.00000000,1,0,0.050000000000000003,0.5
358.4667,  1.00000000,1,0,0.050000000000000003,0.5
358.5000,  1.00000000,1,0,0.074999999999999997,0.5
358.5333,  1.00000000,1,0,0.025000000000000001,0.5
358.5667,  1.00000000,1,0,0.050000000000000003,0.5
358.6000,  1.00000000,1,0,0.025000000000000001,0.5
358.6333,  1.00000000,1,0,0.025000000000000001,0.5
358.6667,  1.00000000,1,0,0.025000000000000001,0.5
358.7000,  1.00000000,1,0,0.025000000000000001,0.5
358.7333,  1.00000000,1,0,0.050000000000000003,0.5
358.7667,  1.00000000,1,0,0.050000000000000003,0.5
358.8000,  1.00000000,1,0,0.050000000000000003,0.5
358.8333,  1.00000000,1,0,0.074999999999999997,0.5
358.8667,  1.00000000,1,0,0.025000000000000001,0.5
358.9000,  1.00000000,1,0,0.074999999999999997,0.5
358.9333,  1.00000000,1,0,0.074999999999999997,0.5
358.9667,  1.00000000,1,0,0.025000000000000001,0.5
359.0000,  1.00000000,1,0,0.025000000000000001,0.5
359.0333,  1.00000000,1,0,0.074999999999999997,0.5
359.0667,  1.00000000,1,0,0.050000000000000003,0.5
359.1000,  1.00000000,1,0,0.0,0.5
359.1333,  1.00000000,1,0,0.025000000000000001,0.5
359.1667,  1.00000000,1,0,0.050000000000000003,0.5
359.2000,  1.00000000,1,0,0.025000000000000001,0.5
359.2333,  1.00000000,1,0,0.050000000000000003,0.5
359.2667,  1.00000000,1,0,0.074999999999999997,0.5
359.3000,  1.00000000,1,0,0.050000000000000003,0.5
359.3333,  1.00000000,1,0,0.025000000000000001,0.5
359.3667,  1.00000000,1,0,0.0,0.5
359.4000,  1.00000000,1,0,0.050000000000000003,0.5
359.4333,  1.00000000,1,0,0.050000000000000003,0.5
359.4667,  1.00000000,1,0,0.074999999999999997,0.5
359.5000,  1.00000000,1,0,0.050000000000000003,0.5
359.5333,  1.00000000,1,0,0.0,0.5
359.5667,  1.00000000,1,0,0.050000000000000003,0.5
359.6000,  1.00000000,1,0,0.025000000000000001,0.5
359.6333,  1.00000000,1,0,0.0,0.5
359.6667,  1.00000000,1,0,0.050000000000000003,0.5
359.7000,  1.00000000,1,0,0.0,0.5
359.7333,  1.00000000,1,0,0.0,0.5
359.7667,  1.00000000,1,0,0.025000000000000001,0.5
359.8000,  1.00000000,1,0,0.025000000000000001,0.5
359.8333,  1.00000000,1,0,0.025000000000000001,0.5
359.8667,  1.00000000,1,0,0.0,0.5
359.9000,  1.00000000,1,0,0.050000000000000003,0.5
359.9333,  1.00000000,1,0,0.074999999999999997,0.5
359.9667,  1.00000000,1,0,0.074999999999999997,0.5
360.0000,  1.00000000,1,0,0.074999999999999997,0.5
360.0333,  1.00000000,1,0,0.050000000000000003,0.5
360.0667,  1.00000000,1,0,0.0,0.5
360.1000,  1.00000000,1,0,0.074999999999999997,0.5
360.1333,  1.00000000,1,0,0.050000000000000003,0.5
360.1667,  1.00000000,1,0,0.050000000000000003,0.5
360.2000,  1.00000000,1,0,0.025000000000000001,0.5
360.2333,  1.00000000,1,0,0.025000000000000001,0.5
360.2667,  1.00000000,1,0,0.050000000000000003,0.5
360.3000,  1.00000000,1,0,0.025000000000000001,0.5
360.3333,  1.00000000,1,0,0.050000000000000003,0.5
360.3667,  1.00000000,1,0,0.050000000000000003,0.5
360.4000,  1.00000000,1,0,0.0,0.5
360.4333,  1.00000000,1,0,0.050000000000000003,0.5
360.4667,  1.00000000,1,0,0.050000000000000003,0.5
360.5000,  1.00000000,1,0,0.074999999999999997,0.5
360.5333,  1.00000000,1,0,0.074999999999999997,0.5
360.5667,  1.00000000,1,0,0.025000000000000001,0.5
360.6000,  1.00000000,1,0,0.0,0.5
360.6333,  1.00000000,1,0,0.025000000000000001,0.5
360.6667,  1.00000000,1,0,0.074999999999999997,0.5
360.7000,  1.00000000,1,0,0.025000000000000001,0.5
360.7333,  1.00000000,1,0,0.025000000000000001,0.5
360.7667,  1.00000000,1,0,0.050000000000000003,0.5
360.8000,  1.00000000,1,0,0.0,0.5
360.8333,  1.00000000,1,0,0.025000000000000001,0.5
360.8667,  1.00000000,1,0,0.0,0.5
360.9000,  1.00000000,1,0,0.025000000000000001,0.5
360.9333,  1.00000000,1,0,0.050000000000000003,0.5
360.9667,  1.00000000,1,0,0.0,0.5
361.0000,  1.00000000,1,0,0.050000000000000003,0.5
361.0333,  1.00000000,1,0,0.050000000000000003,0.5
361.0667,  1.00000000,1,0,0.0,0.5
361.1000,  1.00000000,1,0,0.0,0.5
361.1333,  1.00000000,1,0,0.025000000000000001,0.5
361.1667,  1.00000000,1,0,0.0,0.5
361.2000,  1.00000000,1,0,0.025000000000000001,0.5
361.2333,  1.00000000,1,0,0.025000000000000001,0.5
361.2667,  1.00000000,1,0,0.025000000000000001,0.5
361.3000,  1.00000000,1,0,0.050000000000000003,0.5
361.3333,  1.00000000,1,0,0.0,0.5
361.3667,  1.00000000,1,0,0.025000000000000001,0.5
361.4000,  1.00000000,1,0,0.050000000000000003,0.5
361.4333,  1.00000000,1,0,0.050000000000000003,0.5
361.4667,  1.00000000,1,0,0.050000000000000003,0.5
361.5000,  1.00000000,1,0,0.074999999999999997,0.5
361.5333,  1.00000000,1,0,0.074999999999999997,0.5
361.5667,  1.00000000,1,0,0.074999999999999997,0.5
361.6000,  1.00000000,1,0,0.050000000000000003,0.5
361.6333,  1.00000000,1,0,0.050000000000000003,0.5
361.6667,  1.00000000,1,0,0.050000000000000003,0.5
361.7000,  1.00000000,1,0,0.025000000000000001,0.5
361.7333,  1.00000000,1,0,0.025000000000000001,0.5
361.7667,  1.00000000,1,0,0.074999999999999997,0.5
361.8000,  1.00000000,1,0,0.074999999999999997,0.5
361.8333,  1.00000000,1,0,0.074999999999999997,0.5
361.8667,  1.00000000,1,0,0.025000000000000001,0.5
361.9000,  1.00000000,1,0,0.0,0.5
361.9333,  1.00000000,1,0,0.074999999999999997,0.5
361.9667,  1.00000000,1,0,0.074999999999999997,0.5
362.0000,  1.00000000,1,0,0.0,0.5
362.0333,  1.00000000,1,0,0.074999999999999997,0.5
362.0667,  1.00000000,1,0,0.074999999999999997,0.5
362.1000,  1.00000000,1,0,0.050000000000000003,0.5
362.1333,  1.00000000,1,0,0.025000000000000001,0.5
362.1667,  1.00000000,1,0,0.025000000000000001,0.5
362.2000,  1.00000000,1,0,0.0,0.5
362.2333,  1.00000000,1,0,0.050000000000000003,0.5
362.2667,  1.00000000,1,0,0.0,0.5
362.3000,  1.00000000,1,0,0.0,0.5
362.3333,  1.00000000,1,0,0.050000000000000003,0.5
362.3667,  1.00000000,1,0,0.025000000000000001,0.5
362.4000,  1.00000000,1,0,0.050000000000000003,0.5
362.4333,  1.00000000,1,0,0.074999999999999997,0.5
362.4667,  1.00000000,1,0,0.0,0.5
362.5000,  1.00000000,1,0,0.074999999999999997,0.5
362.5333,  1.00000000,1,0,0.050000000000000003,0.5
362.5667,  1.00000000,1,0,0.050000000000000003,0.5
362.6000,  1.00000000,1,0,0.074999999999999997,0.5
362.6333,  1.00000000,1,0,0.025000000000000001,0.5
362.6667,  1.00000000,1,0,0.025000000000000001,0.5
362.7000,  1.00000000,1,0,0.074999999999999997,0.5
362.7333,  1.00000000,1,0,0.074999999999999997,0.5
362.7667,  1.00000000,1,0,0.050000000000000003,0.5
362.8000,  1.00000000,1,0,0.025000000000000001,0.5
362.8333,  1.00000000,1,0,0.050000000000000003,0.5
362.8667,  1.00000000,1,0,0.050000000000000003,0.5
362.9000,  1.00000000,1,0,0.025000000000000001,0.5
362.9333,  1.00000000,1,0,0.074999999999999997,0.5
362.9667,  1.00000000,1,0,0.025000000000000001,0.5
363.0000,  1.00000000,1,0,0.050000000000000003,0.5
363.0333,  1.00000000,1,0,0.050000000000000003,0.5
363.0667,  1.00000000,1,0,0.025000000000000001,0.5
363.1000,  1.00000000,1,0,0.0,0.5
363.1333,  1.00000000,1,0,0.050000000000000003,0.5
363.1667,  1.00000000,1,0,0.050000000000000003,0.5
363.2000,  1.00000000,1,0,0.074999999999999997,0.5
363.2333,  1.00000000,1,0,0.025000000000000001,0.5
363.2667,  1.00000000,1,0,0.050000000000000003,0.5
363.3000,  1.00000000,1,0,0.025000000000000001,0.5
363.3333,  1.00000000,1,0,0.050000000000000003,0.5
363.3667,  1.00000000,1,0,0.074999999999999997,0.5
363.4000,  1.00000000,1,0,0.050000000000000003,0.5
363.4333,  1.00000000,1,0,0.025000000000000001,0.5
363.4667,  1.00000000,1,0,0.050000000000000003,0.5
363.5000,  1.00000000,1,0,0.050000000000000003,0.5
363.5333,  1.00000000,1,0,0.074999999999999997,0.5
363.5667,  1.00000000,1,0,0.050000000000000003,0.5
363.6000,  1.00000000,1,0,0.074999999999999997,0.5
363.6333,  1.00000000,1,0,0.050000000000000003,0.5
363.6667,  1.00000000,1,0,0.074999999999999997,0.5
363.7000,  1.00000000,1,0,0.025000000000000001,0.5
363.7333,  1.00000000,1,0,0.050000000000000003,0.5
363.7667,  1.00000000,1,0,0.050000000000000003,0.5
363.8000,  1.00000000,1,0,0.050000000000000003,0.5
363.8333,  1.00000000,1,0,0.074999999999999997,0.5
363.8667,  1.00000000,1,0,0.050000000000000003,0.5
363.9000,  1.00000000,1,0,0.0,0.5
363.9333,  1.00000000,1,0,0.050000000000000003,0.5
363.9667,  1.00000000,1,0,0.050000000000000003,0.5
364.0000,  1.00000000,1,0,0.074999999999999997,0.5
364.0333,  1.00000000,1,0,0.025000000000000001,0.5
364.0667,  1.00000000,1,0,0.025000000000000001,0.5
364.1000,  1.00000000,1,0,0.050000000000000003,0.5
364.1333,  1.00000000,1,0,0.074999999999999997,0.5
364.1667,  1.00000000,1,0,0.0,0.5
364.2000,  1.00000000,1,0,0.050000000000000003,0.5
364.2333,  1.00000000,1,0,0.050000000000000003,0.5
364.2667,  1.00000000,1,0,0.050000000000000003,0.5
364.3000,  1.00000000,1,0,0.050000000000000003,0.5
364.3333,  1.00000000,1,0,0.050000000000000003,0.5
364.3667,  1.00000000,1,0,0.025000000000000001,0.5
364.4000,  1.00000000,1,0,0.050000000000000003,0.5
364.4333,  1.00000000,1,0,0.074999999999999997,0.5
364.4667,  1.00000000,1,0,0.074999999999999997,0.5
364.5000,  1.00000000,1,0,0.050000000000000003,0.5
364.5333,  1.00000000,1,0,0.050000000000000003,0.5
364.5667,  1.00000000,1,0,0.050000000000000003,0.5
364.6000,  1.00000000,1,0,0.025000000000000001,0.5
364.6333,  1.00000000,1,0,0.025000000000000001,0.5
364.6667,  1.00000000,1,0,0.050000000000000003,0.5
364.7000,  1.00000000,1,0,0.025000000000000001,0.5
364.7333,  1.00000000,1,0,0.050000000000000003,0.5
364.7667,  1.00000000,1,0,0.074999999999999997,0.5
364.8000,  1.00000000,1,0,0.074999999999999997,0.5
364.8333,  1.00000000,1,0,0.0,0.5
364.8667,  1.00000000,1,0,0.025000000000000001,0.5
364.9000,  1.00000000,1,0,0.050000000000000003,0.5
364.9333,  1.00000000,1,0,0.050000000000000003,0.5
364.9667,  1.00000000,1,0,0.074999999999999997,0.5
365.0000,  1.00000000,1,0,0.074999999999999997,0.5
365.0333,  1.00000000,1,0,0.025000000000000001,0.5
365.0667,  1.00000000,1,0,0.050000000000000003,0.5
365.1000,  1.00000000,1,0,0.050000000000000003,0.5
365.1333,  1.00000000,1,0,0.050000000000000003,0.5
365.1667,  1.00000000,1,0,0.074999999999999997,0.5
365.2000,  1.00000000,1,0,0.050000000000000003,0.5
365.2333,  1.00000000,1,0,0.050000000000000003,0.5
365.2667,  1.00000000,1,0,0.074999999999999997,0.5
365.3000,  1.00000000,1,0,0.025000000000000001,0.5
365.3333,  1.00000000,1,0,0.050000000000000003,0.5
365.3667,  1.00000000,1,0,0.0,0.5
365.4000,  1.00000000,1,0,0.050000000000000003,0.5
365.4333,  1.00000000,1,0,0.0,0.5
365.4667,  1.00000000,1,0,0.025000000000000001,0.5
365.5000,  1.00000000,1,0,0.025000000000000001,0.5
365.5333,  1.00000000,1,0,0.074999999999999997,0.5
365.5667,  1.00000000,1,0,0.074999999999999997,0.5
365.6000,  1.00000000,1,0,0.025000000000000001,0.5
365.6333,  1.00000000,1,0,0.0,0.5
365.6667,  1.00000000,1,0,0.025000000000000001,0.5
365.7000,  1.00000000,1,0,0.050000000000000003,0.5
365.7333,  1.00000000,1,0,0.050000000000000003,0.5
365.7667,  1.00000000,1,0,0.0,0.5
365.8000,  1.00000000,1,0,0.025000000000000001,0.5
365.8333,  1.00000000,1,0,0.050000000000000003,0.5
365.8667,  1.00000000,1,0,0.050000000000000003,0.5
365.9000,  1.00000000,1,0,0.074999999999999997,0.5
365.9333,  1.00000000,1,0,0.025000000000000001,0.5
365.9667,  1.00000000,1,0,0.074999999999999997,0.5
366.0000,  1.00000000,1,0,0.050000000000000003,0.5
366.0333,  1.00000000,1,0,0.074999999999999997,0.5
366.0667,  1.00000000,1,0,0.074999999999999997,0.5
366.1000,  1.00000000,1,0,0.025000000000000001,0.5
366.1333,  1.00000000,1,0,0.050000000000000003,0.5
366.1667,  1.00000000,1,0,0.050000000000000003,0.5
366.2000,  1.00000000,1,0,0.050000000000000003,0.5
366.2333,  1.00000000,1,0,0.050000000000000003,0.5
366.2667,  1.00000000,1,0,0.050000000000000003,0.5
366.3000,  1.00000000,1,0,0.025000000000000001,0.5
366.3333,  1.00000000,1,0,0.074999999999999997,0.5
366.3667,  1.00000000,1,0,0.074999999999999997,0.5
366.4000,  1.00000000,1,0,0.050000000000000003,0.5
366.4333,  1.00000000,1,0,0.074999999999999997,0.5
366.4667,  1.00000000,1,0,0.074999999999999997,0.5
366.5000,  1.00000000,1,0,0.074999999999999997,0.5
366.5333,  1.00000000,1,0,0.074999999999999997,0.5
366.5667,  1.00000000,1,0,0.025000000000000001,0.5
366.6000,  1.00000000,1,0,0.074999999999999997,0.5
366.6333,  1.00000000,1,0,0.074999999999999997,0.5
366.6667,  1.00000000,1,0,0.025000000000000001,0.5
366.7000,  1.00000000,1,0,0.050000000000000003,0.5
366.7333,  1.00000000,1,0,0.074999999999999997,0.5
366.7667,  1.00000000,1,0,0.074999999999999997,0.5
366.8000,  1.00000000,1,0,0.074999999999999997,0.5
366.8333,  1.00000000,1,0,0.074999999999999997,0.5
366.8667,  1.00000000,1,0,0.025000000000000001,0.5
366.9000,  1.00000000,1,0,0.050000000000000003,0.5
366.9333,  1.00000000,1,0,0.050000000000000003,0.5
366.9667,  1.00000000,1,0,0.050000000000000003,0.5
367.0000,  1.00000000,1,0,0.074999999999999997,0.5
367.0333,  1.00000000,1,0,0.025000000000000001,0.5
367.0667,  1.00000000,1,0,0.074999999999999997,0.5
367.1000,  1.00000000,1,0,0.074999999999999997,0.5
367.1333,  1.00000000,1,0,0.025000000000000001,0.5
367.1667,  1.00000000,1,0,0.074999999999999997,0.5
367.2000,  1.00000000,1,0,0.074999999999999997,0.5
367.2333,  1.00000000,1,0,0.074999999999999997,0.5
367.2667,  1.00000000,1,0,0.074999999999999997,0.5
367.3000,  1.00000000,1,0,0.074999999999999997,0.5
367.3333,  1.00000000,1,0,0.050000000000000003,0.5
367.3667,  1.00000000,1,0,0.050000000000000003,0.5
367.4000,  1.00000000,1,0,0.074999999999999997,0.5
367.4333,  1.00000000,1,0,0.050000000000000003,0.5
367.4667,  1.00000000,1,0,0.050000000000000003,0.5
367.5000,  1.00000000,1,0,0.050000000000000003,0.5
367.5333,  1.00000000,1,0,0.074999999999999997,0.5
367.5667,  1.00000000,1,0,0.050000000000000003,0.5
367.6000,  1.00000000,1,0,0.074999999999999997,0.5
367.6333,  1.00000000,1,0,0.050000000000000003,0.5
367.6667,  1.00000000,1,0,0.074999999999999997,0.5
367.7000,  1.00000000,1,0,0.050000000000000003,0.5
367.7333,  1.00000000,1,0,0.074999999999999997,0.5
367.7667,  1.00000000,1,0,0.050000000000000003,0.5
367.8000,  1.00000000,1,0,0.025000000000000001,0.5
367.8333,  1.00000000,1,0,0.050000000000000003,0.5
367.8667,  1.00000000,1,0,0.074999999999999997,0.5
367.9000,  1.00000000,1,0,0.025000000000000001,0.5
367.9333,  1.00000000,1,0,0.025000000000000001,0.5
367.9667,  1.00000000,1,0,0.074999999999999997,0.5
368.0000,  1.00000000,1,0,0.050000000000000003,0.5
368.0333,  1.00000000,1,0,0.050000000000000003,0.5
368.0667,  1.00000000,1,0,0.025000000000000001,0.5
368.1000,  1.00000000,1,0,0.074999999999999997,0.5
368.1333,  1.00000000,1,0,0.050000000000000003,0.5
368.1667,  1.00000000,1,0,0.050000000000000003,0.5
368.2000,  1.00000000,1,0,0.025000000000000001,0.5
368.2333,  1.00000000,1,0,0.025000000000000001,0.5
368.2667,  1.00000000,1,0,0.050000000000000003,0.5
368.3000,  1.00000000,1,0,0.074999999999999997,0.5
368.3333,  1.00000000,1,0,0.074999999999999997,0.5
368.3667,  1.00000000,1,0,0.050000000000000003,0.5
368.4000,  1.00000000,1,0,0.074999999999999997,0.5
368.4333,  1.00000000,1,0,0.050000000000000003,0.5
368.4667,  1.00000000,1,0,0.050000000000000003,0.5
368.5000,  1.00000000,1,0,0.050000000000000003,0.5
368.5333,  1.00000000,1,0,0.074999999999999997,0.5
368.5667,  1.00000000,1,0,0.050000000000000003,0.5
368.6000,  1.00000000,1,0,0.025000000000000001,0.5
368.6333,  1.00000000,1,0,0.074999999999999997,0.5
368.6667,  1.00000000,1,0,0.050000000000000003,0.5
368.7000,  1.00000000,1,0,0.025000000000000001,0.5
368.7333,  1.00000000,1,0,0.025000000000000001,0.5
368.7667,  1.00000000,1,0,0.025000000000000001,0.5
368.8000,  1.00000000,1,0,0.050000000000000003,0.5
368.8333,  1.00000000,1,0,0.050000000000000003,0.5
368.8667,  1.00000000,1,0,0.074999999999999997,0.5
368.9000,  1.00000000,1,0,0.0,0.5
368.9333,  1.00000000,1,0,0.025000000000000001,0.5
368.9667,  1.00000000,1,0,0.025000000000000001,0.5
369.0000,  1.00000000,1,0,0.074999999999999997,0.5
369.0333,  1.00000000,1,0,0.074999999999999997,0.5
369.0667,  1.00000000,1,0,0.025000000000000001,0.5
369.1000,  1.00000000,1,0,0.074999999999999997,0.5
369.1333,  1.00000000,1,0,0.025000000000000001,0.5
369.1667,  1.00000000,1,0,0.0,0.5
369.2000,  1.00000000,1,0,0.050000000000000003,0.5
369.2333,  1.00000000,1,0,0.074999999999999997,0.5
369.2667,  1.00000000,1,0,0.050000000000000003,0.5
369.3000,  1.00000000,1,0,0.0,0.5
369.3333,  1.00000000,1,0,0.050000000000000003,0.5
369.3667,  1.00000000,1,0,0.025000000000000001,0.5
369.4000,  1.00000000,1,0,0.074999999999999997,0.5
369.4333,  1.00000000,1,0,0.074999999999999997,0.5
369.4667,  1.00000000,1,0,0.050000000000000003,0.5
369.5000,  1.00000000,1,0,0.050000000000000003,0.5
369.5333,  1.00000000,1,0,0.074999999999999997,0.5
369.5667,  1.00000000,1,0,0.025000000000000001,0.5
369.6000,  1.00000000,1,0,0.0,0.5
369.6333,  1.00000000,1,0,0.050000000000000003,0.5
369.6667,  1.00000000,1,0,0.025000000000000001,0.5
369.7000,  1.00000000,1,0,0.074999999999999997,0.5
369.7333,  1.00000000,1,0,0.050000000000000003,0.5
369.7667,  1.00000000,1,0,0.025000000000000001,0.5
369.8000,  1.00000000,1,0,0.025000000000000001,0.5
369.8333,  1.00000000,1,0,0.025000000000000001,0.5
369.8667,  1.00000000,1,0,0.074999999999999997,0.5
369.9000,  1.00000000,1,0,0.025000000000000001,0.5
369.9333,  1.00000000,1,0,0.074999999999999997,0.5
369.9667,  1.00000000,1,0,0.074999999999999997,0.5
370.0000,  1.00000000,1,0,0.074999999999999997,0.5
370.0333,  1.00000000,1,0,0.050000000000000003,0.5
370.0667,  1.00000000,1,0,0.025000000000000001,0.5
370.1000,  1.00000000,1,0,0.074999999999999997,0.5
370.1333,  1.00000000,1,0,0.050000000000000003,0.5
370.1667,  1.00000000,1,0,0.050000000000000003,0.5
370.2000,  1.00000000,1,0,0.050000000000000003,0.5
370.2333,  1.00000000,1,0,0.050000000000000003,0.5
370.2667,  1.00000000,1,0,0.074999999999999997,0.5
370.3000,  1.00000000,1,0,0.074999999999999997,0.5
370.3333,  1.00000000,1,0,0.050000000000000003,0.5
370.3667,  1.00000000,1,0,0.074999999999999997,0.5
370.4000,  1.00000000,1,0,0.074999999999999997,0.5
370.4333,  1.00000000,1,0,0.050000000000000003,0.5
370.4667,  1.00000000,1,0,0.050000000000000003,0.5
370.5000,  1.00000000,1,0,0.050000000000000003,0.5
370.5333,  1.00000000,1,0,0.025000000000000001,0.5
370.5667,  1.00000000,1,0,0.074999999999999997,0.5
370.6000,  1.00000000,1,0,0.074999999999999997,0.5
370.6333,  1.00000000,1,0,0.050000000000000003,0.5
370.6667,  1.00000000,1,0,0.025000000000000001,0.5
370.7000,  1.00000000,1,0,0.074999999999999997,0.5
370.7333,  1.00000000,1,0,0.074999999999999997,0.5
370.7667,  1.00000000,1,0,0.050000000000000003,0.5
370.8000,  1.00000000,1,0,0.050000000000000003,0.5
370.8333,  1.00000000,1,0,0.0,0.5
370.8667,  1.00000000,1,0,0.050000000000000003,0.5
370.9000,  1.00000000,1,0,0.025000000000000001,0.5
370.9333,  1.00000000,1,0,0.074999999999999997,0.5
370.9667,  1.00000000,1,0,0.025000000000000001,0.5
371.0000,  1.00000000,1,0,0.074999999999999997,0.5
371.0333,  1.00000000,1,0,0.074999999999999997,0.5
371.0667,  1.00000000,1,0,0.050000000000000003,0.5
371.1000,  1.00000000,1,0,0.050000000000000003,0.5
371.1333,  1.00000000,1,0,0.025000000000000001,0.5
371.1667,  1.00000000,1,0,0.074999999999999997,0.5
371.2000,  1.00000000,1,0,0.050000000000000003,0.5
371.2333,  1.00000000,1,0,0.050000000000000003,0.5
371.2667,  1.00000000,1,0,0.074999999999999997,0.5
371.3000,  1.00000000,1,0,0.050000000000000003,0.5
371.3333,  1.00000000,1,0,0.025000000000000001,0.5
371.3667,  1.00000000,1,0,0.050000000000000003,0.5
371.4000,  1.00000000,1,0,0.050000000000000003,0.5
371.4333,  1.00000000,1,0,0.050000000000000003,0.5
371.4667,  1.00000000,1,0,0.025000000000000001,0.5
371.5000,  1.00000000,1,0,0.050000000000000003,0.5
371.5333,  1.00000000,1,0,0.074999999999999997,0.5
371.5667,  1.00000000,1,0,0.074999999999999997,0.5
371.6000,  1.00000000,1,0,0.074999999999999997,0.5
371.6333,  1.00000000,1,0,0.050000000000000003,0.5
371.6667,  1.00000000,1,0,0.074999999999999997,0.5
371.7000,  1.00000000,1,0,0.025000000000000001,0.5
371.7333,  1.00000000,1,0,0.074999999999999997,0.5
371.7667,  1.00000000,1,0,0.050000000000000003,0.5
371.8000,  1.00000000,1,0,0.074999999999999997,0.5
371.8333,  1.00000000,1,0,0.074999999999999997,0.5
371.8667,  1.00000000,1,0,0.050000000000000003,0.5
371.9000,  1.00000000,1,0,0.050000000000000003,0.5
371.9333,  1.00000000,1,0,0.074999999999999997,0.5
371.9667,  1.00000000,1,0,0.050000000000000003,0.5
372.0000,  1.00000000,1,0,0.074999999999999997,0.5
372.0333,  1.00000000,1,0,0.050000000000000003,0.5
372.0667,  1.00000000,1,0,0.074999999999999997,0.5
372.1000,  1.00000000,1,0,0.074999999999999997,0.5
372.1333,  1.00000000,1,0,0.074999999999999997,0.5
372.1667,  1.00000000,1,0,0.074999999999999997,0.5
372.2000,  1.00000000,1,0,0.074999999999999997,0.5
372.2333,  1.00000000,1,0,0.050000000000000003,0.5
372.2667,  1.00000000,1,0,0.050000000000000003,0.5
372.3000,  1.00000000,1,0,0.074999999999999997,0.5
372.3333,  1.00000000,1,0,0.074999999999999997,0.5
372.3667,  1.00000000,1,0,0.074999999999999997,0.5
372.4000,  1.00000000,1,0,0.050000000000000003,0.5
372.4333,  1.00000000,1,0,0.025000000000000001,0.5
372.4667,  1.00000000,1,0,0.050000000000000003,0.5
372.5000,  1.00000000,1,0,0.074999999999999997,0.5
372.5333,  1.00000000,1,0,0.074999999999999997,0.5
372.5667,  1.00000000,1,0,0.025000000000000001,0.5
372.6000,  1.00000000,1,0,0.074999999999999997,0.5
372.6333,  1.00000000,1,0,0.050000000000000003,0.5
372.6667,  1.00000000,1,0,0.074999999999999997,0.5
372.7000,  1.00000000,1,0,0.050000000000000003,0.5
372.7333,  1.00000000,1,0,0.050000000000000003,0.5
372.7667,  1.00000000,1,0,0.074999999999999997,0.5
372.8000,  1.00000000,1,0,0.074999999999999997,0.5
372.8333,  1.00000000,1,0,0.050000000000000003,0.5
372.8667,  1.00000000,1,0,0.074999999999999997,0.5
372.9000,  1.00000000,1,0,0.074999999999999997,0.5
372.9333,  1.00000000,1,0,0.050000000000000003,0.5
372.9667,  1.00000000,1,0,0.050000000000000003,0.5
373.0000,  1.00000000,1,0,0.050000000000000003,0.5
373.0333,  1.00000000,1,0,0.025000000000000001,0.5
373.0667,  1.00000000,1,0,0.074999999999999997,0.5
373.1000,  1.00000000,1,0,0.050000000000000003,0.5
373.1333,  1.00000000,1,0,0.0,0.5
373.1667,  1.00000000,1,0,0.025000000000000001,0.5
373.2000,  1.00000000,1,0,0.0,0.5
373.2333,  1.00000000,1,0,0.074999999999999997,0.5
373.2667,  1.00000000,1,0,0.050000000000000003,0.5
373.3000,  1.00000000,1,0,0.025000000000000001,0.5
373.3333,  1.00000000,1,0,0.025000000000000001,0.5
373.3667,  1.00000000,1,0,0.025000000000000001,0.5
373.4000,  1.00000000,1,0,0.050000000000000003,0.5
373.4333,  1.00000000,1,0,0.050000000000000003,0.5
373.4667,  1.00000000,1,0,0.050000000000000003,0.5
373.5000,  1.00000000,1,0,0.050000000000000003,0.5
373.5333,  1.00000000,1,0,0.0,0.5
373.5667,  1.00000000,1,0,0.050000000000000003,0.5
373.6000,  1.00000000,1,0,0.050000000000000003,0.5
373.6333,  1.00000000,1,0,0.050000000000000003,0.5
373.6667,  1.00000000,1,0,0.074999999999999997,0.5
373.7000,  1.00000000,1,0,0.050000000000000003,0.5
373.7333,  1.00000000,1,0,0.050000000000000003,0.5
373.7667,  1.00000000,1,0,0.050000000000000003,0.5
373.8000,  1.00000000,1,0,0.074999999999999997,0.5
373.8333,  1.00000000,1,0,0.050000000000000003,0.5
373.8667,  1.00000000,1,0,0.025000000000000001,0.5
373.9000,  1.00000000,1,0,0.025000000000000001,0.5
373.9333,  1.00000000,1,0,0.050000000000000003,0.5
373.9667,  1.00000000,1,0,0.050000000000000003,0.5
374.0000,  1.00000000,1,0,0.074999999999999997,0.5
374.0333,  1.00000000,1,0,0.074999999999999997,0.5
374.0667,  1.00000000,1,0,0.074999999999999997,0.5
374.1000,  1.00000000,1,0,0.025000000000000001,0.5
374.1333,  1.00000000,1,0,0.074999999999999997,0.5
374.1667,  1.00000000,1,0,0.050000000000000003,0.5
374.2000,  1.00000000,1,0,0.050000000000000003,0.5
374.2333,  1.00000000,1,0,0.050000000000000003,0.5
374.2667,  1.00000000,1,0,0.074999999999999997,0.5
374.3000,  1.00000000,1,0,0.050000000000000003,0.5
374.3333,  1.00000000,1,0,0.050000000000000003,0.5
374.3667,  1.00000000,1,0,0.074999999999999997,0.5
374.4000,  1.00000000,1,0,0.050000000000000003,0.5
374.4333,  1.00000000,1,0,0.074999999999999997,0.5
374.4667,  1.00000000,1,0,0.050000000000000003,0.5
374.5000,  1.00000000,1,0,0.074999999999999997,0.5
374.5333,  1.00000000,1,0,0.074999999999999997,0.5
374.5667,  1.00000000,1,0,0.050000000000000003,0.5
374.6000,  1.00000000,1,0,0.025000000000000001,0.5
374.6333,  1.00000000,1,0,0.050000000000000003,0.5
374.6667,  1.00000000,1,0,0.074999999999999997,0.5
374.7000,  1.00000000,1,0,0.074999999999999997,0.5
374.7333,  1.00000000,1,0,0.074999999999999997,0.5
374.7667,  1.00000000,1,0,0.074999999999999997,0.5
374.8000,  1.00000000,1,0,0.074999999999999997,0.5
374.8333,  1.00000000,1,0,0.050000000000000003,0.5
374.8667,  1.00000000,1,0,0.074999999999999997,0.5
374.9000,  1.00000000,1,0,0.074999999999999997,0.5
374.9333,  1.00000000,1,0,0.074999999999999997,0.5
374.9667,  1.00000000,1,0,0.050000000000000003,0.5
375.0000,  1.00000000,1,0,0.074999999999999997,0.5
375.0333,  1.00000000,1,0,0.025000000000000001,0.5
375.0667,  1.00000000,1,0,0.0,0.5
375.1000,  1.00000000,1,0,0.025000000000000001,0.5
375.1333,  1.00000000,1,0,0.074999999999999997,0.5
375.1667,  1.00000000,1,0,0.074999999999999997,0.5
375.2000,  1.00000000,1,0,0.074999999999999997,0.5
375.2333,  1.00000000,1,0,0.050000000000000003,0.5
375.2667,  1.00000000,1,0,0.074999999999999997,0.5
375.3000,  1.00000000,1,0,0.074999999999999997,0.5
375.3333,  1.00000000,1,0,0.050000000000000003,0.5
375.3667,  1.00000000,1,0,0.074999999999999997,0.5
375.4000,  1.00000000,1,0,0.050000000000000003,0.5
375.4333,  1.00000000,1,0,0.050000000000000003,0.5
375.4667,  1.00000000,1,0,0.050000000000000003,0.5
375.5000,  1.00000000,1,0,0.025000000000000001,0.5
375.5333,  1.00000000,1,0,0.050000000000000003,0.5
375.5667,  1.00000000,1,0,0.025000000000000001,0.5
375.6000,  1.00000000,1,0,0.050000000000000003,0.5
375.6333,  1.00000000,1,0,0.050000000000000003,0.5
375.6667,  1.00000000,1,0,0.025000000000000001,0.5
375.7000,  1.00000000,1,0,0.050000000000000003,0.5
375.7333,  1.00000000,1,0,0.0,0.5
375.7667,  1.00000000,1,0,0.025000000000000001,0.5
375.8000,  1.00000000,1,0,0.025000000000000001,0.5
375.8333,  1.00000000,1,0,0.050000000000000003,0.5
375.8667,  1.00000000,1,0,0.025000000000000001,0.5
375.9000,  1.00000000,1,0,0.0,0.5
375.9333,  1.00000000,1,0,0.050000000000000003,0.5
375.9667,  1.00000000,1,0,0.050000000000000003,0.5
376.0000,  1.00000000,1,0,0.074999999999999997,0.5
376.0333,  1.00000000,1,0,0.050000000000000003,0.5
376.0667,  1.00000000,1,0,0.050000000000000003,0.5
376.1000,  1.00000000,1,0,0.0,0.5
376.1333,  1.00000000,1,0,0.025000000000000001,0.5
376.1667,  1.00000000,1,0,0.074999999999999997,0.5
376.2000,  1.00000000,1,0,0.074999999999999997,0.5
376.2333,  1.00000000,1,0,0.074999999999999997,0.5
376.2667,  1.00000000,1,0,0.050000000000000003,0.5
376.3000,  1.00000000,1,0,0.050000000000000003,0.5
376.3333,  1.00000000,1,0,0.050000000000000003,0.5
376.3667,  1.00000000,1,0,0.074999999999999997,0.5
376.4000,  1.00000000,1,0,0.074999999999999997,0.5
376.4333,  1.00000000,1,0,0.025000000000000001,0.5
376.4667,  1.00000000,1,0,0.050000000000000003,0.5
376.5000,  1.00000000,1,0,0.050000000000000003,0.5
376.5333,  1.00000000,1,0,0.0,0.5
376.5667,  1.00000000,1,0,0.050000000000000003,0.5
376.6000,  1.00000000,1,0,0.074999999999999997,0.5
376.6333,  1.00000000,1,0,0.050000000000000003,0.5
376.6667,  1.00000000,1,0,0.074999999999999997,0.5
376.7000,  1.00000000,1,0,0.050000000000000003,0.5
376.7333,  1.00000000,1,0,0.074999999999999997,0.5
376.7667,  1.00000000,1,0,0.074999999999999997,0.5
376.8000,  1.00000000,1,0,0.074999999999999997,0.5
376.8333,  1.00000000,1,0,0.050000000000000003,0.5
376.8667,  1.00000000,1,0,0.074999999999999997,0.5
376.9000,  1.00000000,1,0,0.074999999999999997,0.5
376.9333,  1.00000000,1,0,0.0,0.5
376.9667,  1.00000000,1,0,0.050000000000000003,0.5
377.0000,  1.00000000,1,0,0.050000000000000003,0.5
377.0333,  1.00000000,1,0,0.074999999999999997,0.5
377.0667,  1.00000000,1,0,0.050000000000000003,0.5
377.1000,  1.00000000,1,0,0.050000000000000003,0.5
377.1333,  1.00000000,1,0,0.050000000000000003,0.5
377.1667,  1.00000000,1,0,0.050000000000000003,0.5
377.2000,  1.00000000,1,0,0.050000000000000003,0.5
377.2333,  1.00000000,1,0,0.050000000000000003,0.5
377.2667,  1.00000000,1,0,0.050000000000000003,0.5
377.3000,  1.00000000,1,0,0.050000000000000003,0.5
377.3333,  1.00000000,1,0,0.050000000000000003,0.5
377.3667,  1.00000000,1,0,0.074999999999999997,0.5
377.4000,  1.00000000,1,0,0.074999999999999997,0.5
377.4333,  1.00000000,1,0,0.074999999999999997,0.5
377.4667,  1.00000000,1,0,0.050000000000000003,0.5
377.5000,  1.00000000,1,0,0.074999999999999997,0.5
377.5333,  1.00000000,1,0,0.074999999999999997,0.5
377.5667,  1.00000000,1,0,0.074999999999999997,0.5
377.6000,  1.00000000,1,0,0.025000000000000001,0.5
377.6333,  1.00000000,1,0,0.050000000000000003,0.5
377.6667,  1.00000000,1,0,0.025000000000000001,0.5
377.7000,  1.00000000,1,0,0.050000000000000003,0.5
377.7333,  1.00000000,1,0,0.050000000000000003,0.5
377.7667,  1.00000000,1,0,0.074999999999999997,0.5
377.8000,  1.00000000,1,0,0.0,0.5
377.8333,  1.00000000,1,0,0.025000000000000001,0.5
377.8667,  1.00000000,1,0,0.025000000000000001,0.5
377.9000,  1.00000000,1,0,0.050000000000000003,0.5
377.9333,  1.00000000,1,0,0.074999999999999997,0.5
377.9667,  1.00000000,1,0,0.050000000000000003,0.5
378.0000,  1.00000000,1,0,0.025000000000000001,0.5
378.0333,  1.00000000,1,0,0.0,0.5
378.0667,  1.00000000,1,0,0.050000000000000003,0.5
378.1000,  1.00000000,1,0,0.025000000000000001,0.5
378.1333,  1.00000000,1,0,0.025000000000000001,0.5
378.1667,  1.00000000,1,0,0.025000000000000001,0.5
378.2000,  1.00000000,1,0,0.050000000000000003,0.5
378.2333,  1.00000000,1,0,0.074999999999999997,0.5
378.2667,  1.00000000,1,0,0.050000000000000003,0.5
378.3000,  1.00000000,1,0,0.050000000000000003,0.5
378.3333,  1.00000000,1,0,0.025000000000000001,0.5
378.3667,  1.00000000,1,0,0.074999999999999997,0.5
378.4000,  1.00000000,1,0,0.050000000000000003,0.5
378.4333,  1.00000000,1,0,0.025000000000000001,0.5
378.4667,  1.00000000,1,0,0.050000000000000003,0.5
378.5000,  1.00000000,1,0,0.050000000000000003,0.5
378.5333,  1.00000000,1,0,0.050000000000000003,0.5
378.5667,  1.00000000,1,0,0.074999999999999997,0.5
378.6000,  1.00000000,1,0,0.074999999999999997,0.5
378.6333,  1.00000000,1,0,0.050000000000000003,0.5
378.6667,  1.00000000,1,0,0.050000000000000003,0.5
378.7000,  1.00000000,1,0,0.074999999999999997,0.5
378.7333,  1.00000000,1,0,0.050000000000000003,0.5
378.7667,  1.00000000,1,0,0.025000000000000001,0.5
378.8000,  1.00000000,1,0,0.050000000000000003,0.5
378.8333,  1.00000000,1,0,0.050000000000000003,0.5
378.8667,  1.00000000,1,0,0.074999999999999997,0.5
378.9000,  1.00000000,1,0,0.074999999999999997,0.5
378.9333,  1.00000000,1,0,0.050000000000000003,0.5
378.9667,  1.00000000,1,0,0.074999999999999997,0.5
379.0000,  1.00000000,1,0,0.050000000000000003,0.5
379.0333,  1.00000000,1,0,0.074999999999999997,0.5
379.0667,  1.00000000,1,0,0.074999999999999997,0.5
379.1000,  1.00000000,1,0,0.025000000000000001,0.5
379.1333,  1.00000000,1,0,0.0,0.5
379.1667,  1.00000000,1,0,0.0,0.5
379.2000,  1.00000000,1,0,0.050000000000000003,0.5
379.2333,  1.00000000,1,0,0.074999999999999997,0.5
379.2667,  1.00000000,1,0,0.050000000000000003,0.5
379.3000,  1.00000000,1,0,0.050000000000000003,0.5
379.3333,  1.00000000,1,0,0.050000000000000003,0.5
379.3667,  1.00000000,1,0,0.050000000000000003,0.5
379.4000,  1.00000000,1,0,0.050000000000000003,0.5
379.4333,  1.00000000,1,0,0.050000000000000003,0.5
379.4667,  1.00000000,1,0,0.050000000000000003,0.5
379.5000,  1.00000000,1,0,0.050000000000000003,0.5
379.5333,  1.00000000,1,0,0.074999999999999997,0.5
379.5667,  1.00000000,1,0,0.0,0.5
379.6000,  1.00000000,1,0,0.050000000000000003,0.5
379.6333,  1.00000000,1,0,0.074999999999999997,0.5
379.6667,  1.00000000,1,0,0.025000000000000001,0.5
379.7000,  1.00000000,1,0,0.074999999999999997,0.5
379.7333,  1.00000000,1,0,0.050000000000000003,0.5
379.7667,  1.00000000,1,0,0.050000000000000003,0.5
379.8000,  1.00000000,1,0,0.050000000000000003,0.5
379.8333,  1.00000000,1,0,0.050000000000000003,0.5
379.8667,  1.00000000,1,0,0.074999999999999997,0.5
379.9000,  1.00000000,1,0,0.050000000000000003,0.5
379.9333,  1.00000000,1,0,0.050000000000000003,0.5
379.9667,  1.00000000,1,0,0.074999999999999997,0.5
380.0000,  1.00000000,1,0,0.074999999999999997,0.5
380.0333,  1.00000000,1,0,0.050000000000000003,0.5
380.0667,  1.00000000,1,0,0.074999999999999997,0.5
380.1000,  1.00000000,1,0,0.050000000000000003,0.5
380.1333,  1.00000000,1,0,0.050000000000000003,0.5
380.1667,  1.00000000,1,0,0.050000000000000003,0.5
380.2000,  1.00000000,1,0,0.050000000000000003,0.5
380.2333,  1.00000000,1,0,0.050000000000000003,0.5
380.2667,  1.00000000,1,0,0.0,0.5
380.3000,  1.00000000,1,0,0.025000000000000001,0.5
380.3333,  1.00000000,1,0,0.050000000000000003,0.5
380.3667,  1.00000000,1,0,0.025000000000000001,0.5
380.4000,  1.00000000,1,0,0.050000000000000003,0.5
380.4333,  1.00000000,1,0,0.050000000000000003,0.5
380.4667,  1.00000000,1,0,0.074999999999999997,0.5
380.5000,  1.00000000,1,0,0.025000000000000001,0.5
380.5333,  1.00000000,1,0,0.074999999999999997,0.5
380.5667,  1.00000000,1,0,0.074999999999999997,0.5
380.6000,  1.00000000,1,0,0.074999999999999997,0.5
380.6333,  1.00000000,1,0,0.074999999999999997,0.5
380.6667,  1.00000000,1,0,0.050000000000000003,0.5
380.7000,  1.00000000,1,0,0.025000000000000001,0.5
380.7333,  1.00000000,1,0,0.050000000000000003,0.5
380.7667,  1.00000000,1,0,0.025000000000000001,0.5
380.8000,  1.00000000,1,0,0.050000000000000003,0.5
380.8333,  1.00000000,1,0,0.074999999999999997,0.5
380.8667,  1.00000000,1,0,0.050000000000000003,0.5
380.9000,  1.00000000,1,0,0.050000000000000003,0.5
380.9333,  1.00000000,1,0,0.074999999999999997,0.5
380.9667,  1.00000000,1,0,0.050000000000000003,0.5
381.0000,  1.00000000,1,0,0.050000000000000003,0.5
381.0333,  1.00000000,1,0,0.025000000000000001,0.5
381.0667,  1.00000000,1,0,0.074999999999999997,0.5
381.1000,  1.00000000,1,0,0.050000000000000003,0.5
381.1333,  1.00000000,1,0,0.050000000000000003,0.5
381.1667,  1.00000000,1,0,0.050000000000000003,0.5
381.2000,  1.00000000,1,0,0.050000000000000003,0.5
381.2333,  1.00000000,1,0,0.025000000000000001,0.5
381.2667,  1.00000000,1,0,0.025000000000000001,0.5
381.3000,  1.00000000,1,0,0.050000000000000003,0.5
381.3333,  1.00000000,1,0,0.025000000000000001,0.5
381.3667,  1.00000000,1,0,0.025000000000000001,0.5
381.4000,  1.00000000,1,0,0.025000000000000001,0.5
381.4333,  1.00000000,1,0,0.0,0.5
381.4667,  1.00000000,1,0,0.050000000000000003,0.5
381.5000,  1.00000000,1,0,0.0,0.5
381.5333,  1.00000000,1,0,0.050000000000000003,0.5
381.5667,  1.00000000,1,0,0.050000000000000003,0.5
381.6000,  1.00000000,1,0,0.025000000000000001,0.5
381.6333,  1.00000000,1,0,0.050000000000000003,0.5
381.6667,  1.00000000,1,0,0.025000000000000001,0.5
381.7000,  1.00000000,1,0,0.074999999999999997,0.5
381.7333,  1.00000000,1,0,0.050000000000000003,0.5
381.7667,  1.00000000,1,0,0.050000000000000003,0.5
381.8000,  1.00000000,1,0,0.050000000000000003,0.5
381.8333,  1.00000000,1,0,0.0,0.5
381.8667,  1.00000000,1,0,0.025000000000000001,0.5
381.9000,  1.00000000,1,0,0.050000000000000003,0.5
381.9333,  1.00000000,1,0,0.074999999999999997,0.5
381.9667,  1.00000000,1,0,0.025000000000000001,0.5
382.0000,  1.00000000,1,0,0.025000000000000001,0.5
382.0333,  1.00000000,1,0,0.050000000000000003,0.5
382.0667,  1.00000000,1,0,0.025000000000000001,0.5
382.1000,  1.00000000,1,0,0.050000000000000003,0.5
382.1333,  1.00000000,1,0,0.0,0.5
382.1667,  1.00000000,1,0,0.025000000000000001,0.5
382.2000,  1.00000000,1,0,0.025000000000000001,0.5
382.2333,  1.00000000,1,0,0.050000000000000003,0.5
382.2667,  1.00000000,1,0,0.025000000000000001,0.5
382.3000,  1.00000000,1,0,0.025000000000000001,0.5
382.3333,  1.00000000,1,0,0.074999999999999997,0.5
382.3667,  1.00000000,1,0,0.0,0.5
382.4000,  1.00000000,1,0,0.050000000000000003,0.5
382.4333,  1.00000000,1,0,0.050000000000000003,0.5
382.4667,  1.00000000,1,0,0.050000000000000003,0.5
382.5000,  1.00000000,1,0,0.074999999999999997,0.5
382.5333,  1.00000000,1,0,0.050000000000000003,0.5
382.5667,  1.00000000,1,0,0.074999999999999997,0.5
382.6000,  1.00000000,1,0,0.025000000000000001,0.5
382.6333,  1.00000000,1,0,0.074999999999999997,0.5
382.6667,  1.00000000,1,0,0.050000000000000003,0.5
382.7000,  1.00000000,1,0,0.074999999999999997,0.5
382.7333,  1.00000000,1,0,0.074999999999999997,0.5
382.7667,  1.00000000,1,0,0.050000000000000003,0.5
382.8000,  1.00000000,1,0,0.050000000000000003,0.5
382.8333,  1.00000000,1,0,0.050000000000000003,0.5
382.8667,  1.00000000,1,0,0.025000000000000001,0.5
382.9000,  1.00000000,1,0,0.074999999999999997,0.5
382.9333,  1.00000000,1,0,0.050000000000000003,0.5
382.9667,  1.00000000,1,0,0.050000000000000003,0.5
383.0000,  1.00000000,1,0,0.025000000000000001,0.5
383.0333,  1.00000000,1,0,0.0,0.5
383.0667,  1.00000000,1,0,0.025000000000000001,0.5
383.1000,  1.00000000,1,0,0.025000000000000001,0.5
383.1333,  1.00000000,1,0,0.025000000000000001,0.5
383.1667,  1.00000000,1,0,0.025000000000000001,0.5
383.2000,  1.00000000,1,0,0.050000000000000003,0.5
383.2333,  1.00000000,1,0,0.0,0.5
383.2667,  1.00000000,1,0,0.050000000000000003,0.5
383.3000,  1.00000000,1,0,0.0,0.5
383.3333,  1.00000000,1,0,0.025000000000000001,0.5
383.3667,  1.00000000,1,0,0.0,0.5
383.4000,  1.00000000,1,0,0.074999999999999997,0.5
383.4333,  1.00000000,1,0,0.025000000000000001,0.5
383.4667,  1.00000000,1,0,0.050000000000000003,0.5
383.5000,  1.00000000,1,0,0.025000000000000001,0.5
383.5333,  1.00000000,1,0,0.074999999999999997,0.5
383.5667,  1.00000000,1,0,0.074999999999999997,0.5
383.6000,  1.00000000,1,0,0.074999999999999997,0.5
383.6333,  1.00000000,1,0,0.050000000000000003,0.5
383.6667,  1.00000000,1,0,0.050000000000000003,0.5
383.7000,  1.00000000,1,0,0.074999999999999997,0.5
383.7333,  1.00000000,1,0,0.074999999999999997,0.5
383.7667,  1.00000000,1,0,0.025000000000000001,0.5
383.8000,  1.00000000,1,0,0.074999999999999997,0.5
383.8333,  1.00000000,1,0,0.050000000000000003,0.5
383.8667,  1.00000000,1,0,0.050000000000000003,0.5
383.9000,  1.00000000,1,0,0.074999999999999997,0.5
383.9333,  1.00000000,1,0,0.050000000000000003,0.5
383.9667,  1.00000000,1,0,0.025000000000000001,0.5
384.0000,  1.00000000,1,0,0.074999999999999997,0.5
384.0333,  1.00000000,1,0,0.050000000000000003,0.5
384.0667,  1.00000000,1,0,0.050000000000000003,0.5
384.1000,  1.00000000,1,0,0.025000000000000001,0.5
384.1333,  1.00000000,1,0,0.025000000000000001,0.5
384.1667,  1.00000000,1,0,0.074999999999999997,0.5
384.2000,  1.00000000,1,0,0.0,0.5
384.2333,  1.00000000,1,0,0.074999999999999997,0.5
384.2667,  1.00000000,1,0,0.025000000000000001,0.5
384.3000,  1.00000000,1,0,0.050000000000000003,0.5
384.3333,  1.00000000,1,0,0.050000000000000003,0.5
384.3667,  1.00000000,1,0,0.050000000000000003,0.5
384.4000,  1.00000000,1,0,0.074999999999999997,0.5
384.4333,  1.00000000,1,0,0.050000000000000003,0.5
384.4667,  1.00000000,1,0,0.025000000000000001,0.5
384.5000,  1.00000000,1,0,0.050000000000000003,0.5
384.5333,  1.00000000,1,0,0.050000000000000003,0.5
384.5667,  1.00000000,1,0,0.050000000000000003,0.5
384.6000,  1.00000000,1,0,0.050000000000000003,0.5
384.6333,  1.00000000,1,0,0.050000000000000003,0.5
384.6667,  1.00000000,1,0,0.025000000000000001,0.5
384.7000,  1.00000000,1,0,0.050000000000000003,0.5
384.7333,  1.00000000,1,0,0.025000000000000001,0.5
384.7667,  1.00000000,1,0,0.074999999999999997,0.5
384.8000,  1.00000000,1,0,0.050000000000000003,0.5
384.8333,  1.00000000,1,0,0.074999999999999997,0.5
384.8667,  1.00000000,1,0,0.025000000000000001,0.5
384.9000,  1.00000000,1,0,0.050000000000000003,0.5
384.9333,  1.00000000,1,0,0.025000000000000001,0.5
384.9667,  1.00000000,1,0,0.050000000000000003,0.5
385.0000,  1.00000000,1,0,0.050000000000000003,0.5
385.0333,  1.00000000,1,0,0.025000000000000001,0.5
385.0667,  1.00000000,1,0,0.074999999999999997,0.5
385.1000,  1.00000000,1,0,0.074999999999999997,0.5
385.1333,  1.00000000,1,0,0.050000000000000003,0.5
385.1667,  1.00000000,1,0,0.025000000000000001,0.5
385.2000,  1.00000000,1,0,0.025000000000000001,0.5
385.2333,  1.00000000,1,0,0.0,0.5
385.2667,  1.00000000,1,0,0.0,0.5
385.3000,  1.00000000,1,0,0.0,0.5
385.3333,  1.00000000,1,0,0.0,0.5
385.3667,  1.00000000,1,0,0.025000000000000001,0.5
385.4000,  1.00000000,1,0,0.050000000000000003,0.5
385.4333,  1.00000000,1,0,0.050000000000000003,0.5
385.4667,  1.00000000,1,0,0.0,0.5
385.5000,  1.00000000,1,0,0.0,0.5
385.5333,  1.00000000,1,0,0.050000000000000003,0.5
385.5667,  1.00000000,1,0,0.025000000000000001,0.5
385.6000,  1.00000000,1,0,0.050000000000000003,0.5
385.6333,  1.00000000,1,0,0.025000000000000001,0.5
385.6667,  1.00000000,1,0,0.050000000000000003,0.5
385.7000,  1.00000000,1,0,0.025000000000000001,0.5
385.7333,  1.00000000,1,0,0.050000000000000003,0.5
385.7667,  1.00000000,1,0,0.050000000000000003,0.5
385.8000,  1.00000000,1,0,0.025000000000000001,0.5
385.8333,  1.00000000,1,0,0.025000000000000001,0.5
385.8667,  1.00000000,1,0,0.074999999999999997,0.5
385.9000,  1.00000000,1,0,0.0,0.5
385.9333,  1.00000000,1,0,0.025000000000000001,0.5
385.9667,  1.00000000,1,0,0.025000000000000001,0.5
386.0000,  1.00000000,1,0,0.025000000000000001,0.5
386.0333,  1.00000000,1,0,0.025000000000000001,0.5
386.0667,  1.00000000,1,0,0.025000000000000001,0.5
386.1000,  1.00000000,1,0,0.050000000000000003,0.5
386.1333,  1.00000000,1,0,0.050000000000000003,0.5
386.1667,  1.00000000,1,0,0.050000000000000003,0.5
386.2000,  1.00000000,1,0,0.025000000000000001,0.5
386.2333,  1.00000000,1,0,0.025000000000000001,0.5
386.2667,  1.00000000,1,0,0.050000000000000003,0.5
386.3000,  1.00000000,1,0,0.074999999999999997,0.5
386.3333,  1.00000000,1,0,0.025000000000000001,0.5
386.3667,  1.00000000,1,0,0.050000000000000003,0.5
386.4000,  1.00000000,1,0,0.074999999999999997,0.5
386.4333,  1.00000000,1,0,0.050000000000000003,0.5
386.4667,  1.00000000,1,0,0.074999999999999997,0.5
386.5000,  1.00000000,1,0,0.074999999999999997,0.5
386.5333,  1.00000000,1,0,0.050000000000000003,0.5
386.5667,  1.00000000,1,0,0.050000000000000003,0.5
386.6000,  1.00000000,1,0,0.074999999999999997,0.5
386.6333,  1.00000000,1,0,0.050000000000000003,0.5
386.6667,  1.00000000,1,0,0.025000000000000001,0.5
386.7000,  1.00000000,1,0,0.025000000000000001,0.5
386.7333,  1.00000000,1,0,0.050000000000000003,0.5
386.7667,  1.00000000,1,0,0.025000000000000001,0.5
386.8000,  1.00000000,1,0,0.0,0.5
386.8333,  1.00000000,1,0,0.025000000000000001,0.5
386.8667,  1.00000000,1,0,0.025000000000000001,0.5
386.9000,  1.00000000,1,0,0.050000000000000003,0.5
386.9333,  1.00000000,1,0,0.074999999999999997,0.5
386.9667,  1.00000000,1,0,0.050000000000000003,0.5
387.0000,  1.00000000,1,0,0.074999999999999997,0.5
387.0333,  1.00000000,1,0,0.050000000000000003,0.5
387.0667,  1.00000000,1,0,0.025000000000000001,0.5
387.1000,  1.00000000,1,0,0.074999999999999997,0.5
387.1333,  1.00000000,1,0,0.074999999999999997,0.5
387.1667,  1.00000000,1,0,0.0,0.5
387.2000,  1.00000000,1,0,0.025000000000000001,0.5
387.2333,  1.00000000,1,0,0.0,0.5
387.2667,  1.00000000,1,0,0.050000000000000003,0.5
387.3000,  1.00000000,1,0,0.050000000000000003,0.5
387.3333,  1.00000000,1,0,0.074999999999999997,0.5
387.3667,  1.00000000,1,0,0.074999999999999997,0.5
387.4000,  1.00000000,1,0,0.025000000000000001,0.5
387.4333,  1.00000000,1,0,0.0,0.5
387.4667,  1.00000000,1,0,0.074999999999999997,0.5
387.5000,  1.00000000,1,0,0.074999999999999997,0.5
387.5333,  1.00000000,1,0,0.050000000000000003,0.5
387.5667,  1.00000000,1,0,0.074999999999999997,0.5
387.6000,  1.00000000,1,0,0.025000000000000001,0.5
387.6333,  1.00000000,1,0,0.025000000000000001,0.5
387.6667,  1.00000000,1,0,0.050000000000000003,0.5
387.7000,  1.00000000,1,0,0.0,0.5
387.7333,  1.00000000,1,0,0.050000000000000003,0.5
387.7667,  1.00000000,1,0,0.050000000000000003,0.5
387.8000,  1.00000000,1,0,0.025000000000000001,0.5
387.8333,  1.00000000,1,0,0.074999999999999997,0.5
387.8667,  1.00000000,1,0,0.074999999999999997,0.5
387.9000,  1.00000000,1,0,0.025000000000000001,0.5
387.9333,  1.00000000,1,0,0.025000000000000001,0.5
387.9667,  1.00000000,1,0,0.050000000000000003,0.5
388.0000,  1.00000000,1,0,0.025000000000000001,0.5
388.0333,  1.00000000,1,0,0.074999999999999997,0.5
388.0667,  1.00000000,1,0,0.050000000000000003,0.5
388.1000,  1.00000000,1,0,0.074999999999999997,0.5
388.1333,  1.00000000,1,0,0.074999999999999997,0.5
388.1667,  1.00000000,1,0,0.050000000000000003,0.5
388.2000,  1.00000000,1,0,0.050000000000000003,0.5
388.2333,  1.00000000,1,0,0.050000000000000003,0.5
388.2667,  1.00000000,1,0,0.025000000000000001,0.5
388.3000,  1.00000000,1,0,0.025000000000000001,0.5
388.3333,  1.00000000,1,0,0.074999999999999997,0.5
388.3667,  1.00000000,1,0,0.025000000000000001,0.5
388.4000,  1.00000000,1,0,0.025000000000000001,0.5
388.4333,  1.00000000,1,0,0.050000000000000003,0.5
388.4667,  1.00000000,1,0,0.050000000000000003,0.5
388.5000,  1.00000000,1,0,0.025000000000000001,0.5
388.5333,  1.00000000,1,0,0.025000000000000001,0.5
388.5667,  1.00000000,1,0,0.074999999999999997,0.5
388.6000,  1.00000000,1,0,0.074999999999999997,0.5
388.6333,  1.00000000,1,0,0.074999999999999997,0.5
388.6667,  1.00000000,1,0,0.074999999999999997,0.5
388.7000,  1.00000000,1,0,0.025000000000000001,0.5
388.7333,  1.00000000,1,0,0.050000000000000003,0.5
388.7667,  1.00000000,1,0,0.074999999999999997,0.5
388.8000,  1.00000000,1,0,0.074999999999999997,0.5
388.8333,  1.00000000,1,0,0.074999999999999997,0.5
388.8667,  1.00000000,1,0,0.074999999999999997,0.5
388.9000,  1.00000000,1,0,0.025000000000000001,0.5
388.9333,  1.00000000,1,0,0.025000000000000001,0.5
388.9667,  1.00000000,1,0,0.050000000000000003,0.5
389.0000,  1.00000000,1,0,0.074999999999999997,0.5
389.0333,  1.00000000,1,0,0.050000000000000003,0.5
389.0667,  1.00000000,1,0,0.074999999999999997,0.5
389.1000,  1.00000000,1,0,0.025000000000000001,0.5
389.1333,  1.00000000,1,0,0.0,0.5
389.1667,  1.00000000,1,0,0.025000000000000001,0.5
389.2000,  1.00000000,1,0,0.074999999999999997,0.5
389.2333,  1.00000000,1,0,0.050000000000000003,0.5
389.2667,  1.00000000,1,0,0.050000000000000003,0.5
389.3000,  1.00000000,1,0,0.074999999999999997,0.5
389.3333,  1.00000000,1,0,0.0,0.5
389.3667,  1.00000000,1,0,0.050000000000000003,0.5
389.4000,  1.00000000,1,0,0.050000000000000003,0.5
389.4333,  1.00000000,1,0,0.050000000000000003,0.5
389.4667,  1.00000000,1,0,0.074999999999999997,0.5
389.5000,  1.00000000,1,0,0.050000000000000003,0.5
389.5333,  1.00000000,1,0,0.025000000000000001,0.5
389.5667,  1.00000000,1,0,0.050000000000000003,0.5
389.6000,  1.00000000,1,0,0.025000000000000001,0.5
389.6333,  1.00000000,1,0,0.025000000000000001,0.5
389.6667,  1.00000000,1,0,0.025000000000000001,0.5
389.7000,  1.00000000,1,0,0.050000000000000003,0.5
389.7333,  1.00000000,1,0,0.025000000000000001,0.5
389.7667,  1.00000000,1,0,0.074999999999999997,0.5
389.8000,  1.00000000,1,0,0.074999999999999997,0.5
389.8333,  1.00000000,1,0,0.050000000000000003,0.5
389.8667,  1.00000000,1,0,0.050000000000000003,0.5
389.9000,  1.00000000,1,0,0.025000000000000001,0.5
389.9333,  1.00000000,1,0,0.025000000000000001,0.5
389.9667,  1.00000000,1,0,0.0,0.5
390.0000,  1.00000000,1,0,0.0,0.5
390.0333,  1.00000000,1,0,0.025000000000000001,0.5
390.0667,  1.00000000,1,0,0.050000000000000003,0.5
390.1000,  1.00000000,1,0,0.074999999999999997,0.5
390.1333,  1.00000000,1,0,0.025000000000000001,0.5
390.1667,  1.00000000,1,0,0.074999999999999997,0.5
390.2000,  1.00000000,1,0,0.025000000000000001,0.5
390.2333,  1.00000000,1,0,0.025000000000000001,0.5
390.2667,  1.00000000,1,0,0.050000000000000003,0.5
390.3000,  1.00000000,1,0,0.025000000000000001,0.5
390.3333,  1.00000000,1,0,0.074999999999999997,0.5
390.3667,  1.00000000,1,0,0.025000000000000001,0.5
390.4000,  1.00000000,1,0,0.050000000000000003,0.5
390.4333,  1.00000000,1,0,0.050000000000000003,0.5
390.4667,  1.00000000,1,0,0.050000000000000003,0.5
390.5000,  1.00000000,1,0,0.050000000000000003,0.5
390.5333,  1.00000000,1,0,0.025000000000000001,0.5
390.5667,  1.00000000,1,0,0.050000000000000003,0.5
390.6000,  1.00000000,1,0,0.074999999999999997,0.5
390.6333,  1.00000000,1,0,0.050000000000000003,0.5
390.6667,  1.00000000,1,0,0.025000000000000001,0.5
390.7000,  1.00000000,1,0,0.050000000000000003,0.5
390.7333,  1.00000000,1,0,0.050000000000000003,0.5
390.7667,  1.00000000,1,0,0.074999999999999997,0.5
390.8000,  1.00000000,1,0,0.050000000000000003,0.5
390.8333,  1.00000000,1,0,0.074999999999999997,0.5
390.8667,  1.00000000,1,0,0.050000000000000003,0.5
390.9000,  1.00000000,1,0,0.050000000000000003,0.5
390.9333,  1.00000000,1,0,0.074999999999999997,0.5
390.9667,  1.00000000,1,0,0.074999999999999997,0.5
391.0000,  1.00000000,1,0,0.074999999999999997,0.5
391.0333,  1.00000000,1,0,0.074999999999999997,0.5
391.0667,  1.00000000,1,0,0.074999999999999997,0.5
391.1000,  1.00000000,1,0,0.074999999999999997,0.5
391.1333,  1.00000000,1,0,0.050000000000000003,0.5
391.1667,  1.00000000,1,0,0.050000000000000003,0.5
391.2000,  1.00000000,1,0,0.050000000000000003,0.5
391.2333,  1.00000000,1,0,0.074999999999999997,0.5
391.2667,  1.00000000,1,0,0.050000000000000003,0.5
391.3000,  1.00000000,1,0,0.074999999999999997,0.5
391.3333,  1.00000000,1,0,0.025000000000000001,0.5
391.3667,  1.00000000,1,0,0.074999999999999997,0.5
391.4000,  1.00000000,1,0,0.025000000000000001,0.5
391.4333,  1.00000000,1,0,0.050000000000000003,0.5
391.4667,  1.00000000,1,0,0.074999999999999997,0.5
391.5000,  1.00000000,1,0,0.074999999999999997,0.5
391.5333,  1.00000000,1,0,0.074999999999999997,0.5
391.5667,  1.00000000,1,0,0.074999999999999997,0.5
391.6000,  1.00000000,1,0,0.074999999999999997,0.5
391.6333,  1.00000000,1,0,0.074999999999999997,0.5
391.6667,  1.00000000,1,0,0.050000000000000003,0.5
391.7000,  1.00000000,1,0,0.050000000000000003,0.5
391.7333,  1.00000000,1,0,0.025000000000000001,0.5
391.7667,  1.00000000,1,0,0.074999999999999997,0.5
391.8000,  1.00000000,1,0,0.074999999999999997,0.5
391.8333,  1.00000000,1,0,0.074999999999999997,0.5
391.8667,  1.00000000,1,0,0.074999999999999997,0.5
391.9000,  1.00000000,1,0,0.074999999999999997,0.5
391.9333,  1.00000000,1,0,0.074999999999999997,0.5
391.9667,  1.00000000,1,0,0.050000000000000003,0.5
392.0000,  1.00000000,1,0,0.074999999999999997,0.5
392.0333,  1.00000000,1,0,0.074999999999999997,0.5
392.0667,  1.00000000,1,0,0.050000000000000003,0.5
392.1000,  1.00000000,1,0,0.074999999999999997,0.5
392.1333,  1.00000000,1,0,0.050000000000000003,0.5
392.1667,  1.00000000,1,0,0.025000000000000001,0.5
392.2000,  1.00000000,1,0,0.025000000000000001,0.5
392.2333,  1.00000000,1,0,0.0,0.5
392.2667,  1.00000000,1,0,0.050000000000000003,0.5
392.3000,  1.00000000,1,0,0.050000000000000003,0.5
392.3333,  1.00000000,1,0,0.050000000000000003,0.5
392.3667,  1.00000000,1,0,0.050000000000000003,0.5
392.4000,  1.00000000,1,0,0.050000000000000003,0.5
392.4333,  1.00000000,1,0,0.050000000000000003,0.5
392.4667,  1.00000000,1,0,0.050000000000000003,0.5
392.5000,  1.00000000,1,0,0.050000000000000003,0.5
392.5333,  1.00000000,1,0,0.050000000000000003,0.5
392.5667,  1.00000000,1,0,0.025000000000000001,0.5
392.6000,  1.00000000,1,0,0.050000000000000003,0.5
392.6333,  1.00000000,1,0,0.074999999999999997,0.5
392.6667,  1.00000000,1,0,0.050000000000000003,0.5
392.7000,  1.00000000,1,0,0.050000000000000003,0.5
392.7333,  1.00000000,1,0,0.074999999999999997,0.5
392.7667,  1.00000000,1,0,0.050000000000000003,0.5
392.8000,  1.00000000,1,0,0.050000000000000003,0.5
392.8333,  1.00000000,1,0,0.074999999999999997,0.5
392.8667,  1.00000000,1,0,0.025000000000000001,0.5
392.9000,  1.00000000,1,0,0.074999999999999997,0.5
392.9333,  1.00000000,1,0,0.050000000000000003,0.5
392.9667,  1.00000000,1,0,0.025000000000000001,0.5
393.0000,  1.00000000,1,0,0.050000000000000003,0.5
393.0333,  1.00000000,1,0,0.050000000000000003,0.5
393.0667,  1.00000000,1,0,0.074999999999999997,0.5
393.1000,  1.00000000,1,0,0.074999999999999997,0.5
393.1333,  1.00000000,1,0,0.050000000000000003,0.5
393.1667,  1.00000000,1,0,0.050000000000000003,0.5
393.2000,  1.00000000,1,0,0.025000000000000001,0.5
393.2333,  1.00000000,1,0,0.050000000000000003,0.5
393.2667,  1.00000000,1,0,0.050000000000000003,0.5
393.3000,  1.00000000,1,0,0.025000000000000001,0.5
393.3333,  1.00000000,1,0,0.050000000000000003,0.5
393.3667,  1.00000000,1,0,0.050000000000000003,0.5
393.4000,  1.00000000,1,0,0.025000000000000001,0.5
393.4333,  1.00000000,1,0,0.074999999999999997,0.5
393.4667,  1.00000000,1,0,0.050000000000000003,0.5
393.5000,  1.00000000,1,0,0.074999999999999997,0.5
393.5333,  1.00000000,1,0,0.074999999999999997,0.5
393.5667,  1.00000000,1,0,0.050000000000000003,0.5
393.6000,  1.00000000,1,0,0.050000000000000003,0.5
393.6333,  1.00000000,1,0,0.025000000000000001,0.5
393.6667,  1.00000000,1,0,0.074999999999999997,0.5
393.7000,  1.00000000,1,0,0.050000000000000003,0.5
393.7333,  1.00000000,1,0,0.050000000000000003,0.5
393.7667,  1.00000000,1,0,0.074999999999999997,0.5
393.8000,  1.00000000,1,0,0.050000000000000003,0.5
393.8333,  1.00000000,1,0,0.025000000000000001,0.5
393.8667,  1.00000000,1,0,0.025000000000000001,0.5
393.9000,  1.00000000,1,0,0.074999999999999997,0.5
393.9333,  1.00000000,1,0,0.050000000000000003,0.5
393.9667,  1.00000000,1,0,0.050000000000000003,0.5
394.0000,  1.00000000,1,0,0.074999999999999997,0.5
394.0333,  1.00000000,1,0,0.050000000000000003,0.5
394.0667,  1.00000000,1,0,0.050000000000000003,0.5
394.1000,  1.00000000,1,0,0.050000000000000003,0.5
394.1333,  1.00000000,1,0,0.050000000000000003,0.5
394.1667,  1.00000000,1,0,0.074999999999999997,0.5
394.2000,  1.00000000,1,0,0.074999999999999997,0.5
394.2333,  1.00000000,1,0,0.050000000000000003,0.5
394.2667,  1.00000000,1,0,0.050000000000000003,0.5
394.3000,  1.00000000,1,0,0.050000000000000003,0.5
394.3333,  1.00000000,1,0,0.025000000000000001,0.5
394.3667,  1.00000000,1,0,0.074999999999999997,0.5
394.4000,  1.00000000,1,0,0.0,0.5
394.4333,  1.00000000,1,0,0.050000000000000003,0.5
394.4667,  1.00000000,1,0,0.050000000000000003,0.5
394.5000,  1.00000000,1,0,0.025000000000000001,0.5
394.5333,  1.00000000,1,0,0.074999999999999997,0.5
394.5667,  1.00000000,1,0,0.025000000000000001,0.5
394.6000,  1.00000000,1,0,0.074999999999999997,0.5
394.6333,  1.00000000,1,0,0.050000000000000003,0.5
394.6667,  1.00000000,1,0,0.074999999999999997,0.5
394.7000,  1.00000000,1,0,0.074999999999999997,0.5
394.7333,  1.00000000,1,0,0.074999999999999997,0.5
394.7667,  1.00000000,1,0,0.074999999999999997,0.5
394.8000,  1.00000000,1,0,0.074999999999999997,0.5
394.8333,  1.00000000,1,0,0.074999999999999997,0.5
394.8667,  1.00000000,1,0,0.025000000000000001,0.5
394.9000,  1.00000000,1,0,0.025000000000000001,0.5
394.9333,  1.00000000,1,0,0.050000000000000003,0.5
394.9667,  1.00000000,1,0,0.050000000000000003,0.5
395.0000,  1.00000000,1,0,0.074999999999999997,0.5
395.0333,  1.00000000,1,0,0.050000000000000003,0.5
395.0667,  1.00000000,1,0,0.050000000000000003,0.5
395.1000,  1.00000000,1,0,0.074999999999999997,0.5
395.1333,  1.00000000,1,0,0.074999999999999997,0.5
395.1667,  1.00000000,1,0,0.050000000000000003,0.5
395.2000,  1.00000000,1,0,0.025000000000000001,0.5
395.2333,  1.00000000,1,0,0.025000000000000001,0.5
395.2667,  1.00000000,1,0,0.050000000000000003,0.5
395.3000,  1.00000000,1,0,0.050000000000000003,0.5
395.3333,  1.00000000,1,0,0.025000000000000001,0.5
395.3667,  1.00000000,1,0,0.074999999999999997,0.5
395.4000,  1.00000000,1,0,0.025000000000000001,0.5
395.4333,  1.00000000,1,0,0.074999999999999997,0.5
395.4667,  1.00000000,1,0,0.050000000000000003,0.5
395.5000,  1.00000000,1,0,0.0,0.5
395.5333,  1.00000000,1,0,0.050000000000000003,0.5
395.5667,  1.00000000,1,0,0.025000000000000001,0.5
395.6000,  1.00000000,1,0,0.0,0.5
395.6333,  1.00000000,1,0,0.050000000000000003,0.5
395.6667,  1.00000000,1,0,0.025000000000000001,0.5
395.7000,  1.00000000,1,0,0.025000000000000001,0.5
395.7333,  1.00000000,1,0,0.025000000000000001,0.5
395.7667,  1.00000000,1,0,0.050000000000000003,0.5
395.8000,  1.00000000,1,0,0.074999999999999997,0.5
395.8333,  1.00000000,1,0,0.050000000000000003,0.5
395.8667,  1.00000000,1,0,0.025000000000000001,0.5
395.9000,  1.00000000,1,0,0.050000000000000003,0.5
395.9333,  1.00000000,1,0,0.025000000000000001,0.5
395.9667,  1.00000000,1,0,0.050000000000000003,0.5
396.0000,  1.00000000,1,0,0.050000000000000003,0.5
396.0333,  1.00000000,1,0,0.074999999999999997,0.5
396.0667,  1.00000000,1,0,0.074999999999999997,0.5
396.1000,  1.00000000,1,0,0.025000000000000001,0.5
396.1333,  1.00000000,1,0,0.074999999999999997,0.5
396.1667,  1.00000000,1,0,0.074999999999999997,0.5
396.2000,  1.00000000,1,0,0.025000000000000001,0.5
396.2333,  1.00000000,1,0,0.0,0.5
396.2667,  1.00000000,1,0,0.025000000000000001,0.5
396.3000,  1.00000000,1,0,0.025000000000000001,0.5
396.3333,  1.00000000,1,0,0.050000000000000003,0.5
396.3667,  1.00000000,1,0,0.050000000000000003,0.5
396.4000,  1.00000000,1,0,0.025000000000000001,0.5
396.4333,  1.00000000,1,0,0.025000000000000001,0.5
396.4667,  1.00000000,1,0,0.050000000000000003,0.5
396.5000,  1.00000000,1,0,0.025000000000000001,0.5
396.5333,  1.00000000,1,0,0.050000000000000003,0.5
396.5667,  1.00000000,1,0,0.050000000000000003,0.5
396.6000,  1.00000000,1,0,0.074999999999999997,0.5
396.6333,  1.00000000,1,0,0.050000000000000003,0.5
396.6667,  1.00000000,1,0,0.050000000000000003,0.5
396.7000,  1.00000000,1,0,0.025000000000000001,0.5
396.7333,  1.00000000,1,0,0.074999999999999997,0.5
396.7667,  1.00000000,1,0,0.0,0.5
396.8000,  1.00000000,1,0,0.0,0.5
396.8333,  1.00000000,1,0,0.050000000000000003,0.5
396.8667,  1.00000000,1,0,0.050000000000000003,0.5
396.9000,  1.00000000,1,0,0.025000000000000001,0.5
396.9333,  1.00000000,1,0,0.025000000000000001,0.5
396.9667,  1.00000000,1,0,0.074999999999999997,0.5
397.0000,  1.00000000,1,0,0.074999999999999997,0.5
397.0333,  1.00000000,1,0,0.050000000000000003,0.5
397.0667,  1.00000000,1,0,0.050000000000000003,0.5
397.1000,  1.00000000,1,0,0.074999999999999997,0.5
397.1333,  1.00000000,1,0,0.050000000000000003,0.5
397.1667,  1.00000000,1,0,0.074999999999999997,0.5
397.2000,  1.00000000,1,0,0.050000000000000003,0.5
397.2333,  1.00000000,1,0,0.050000000000000003,0.5
397.2667,  1.00000000,1,0,0.050000000000000003,0.5
397.3000,  1.00000000,1,0,0.050000000000000003,0.5
397.3333,  1.00000000,1,0,0.050000000000000003,0.5
397.3667,  1.00000000,1,0,0.074999999999999997,0.5
397.4000,  1.00000000,1,0,0.074999999999999997,0.5
397.4333,  1.00000000,1,0,0.074999999999999997,0.5
397.4667,  1.00000000,1,0,0.074999999999999997,0.5
397.5000,  1.00000000,1,0,0.050000000000000003,0.5
397.5333,  1.00000000,1,0,0.050000000000000003,0.5
397.5667,  1.00000000,1,0,0.050000000000000003,0.5
397.6000,  1.00000000,1,0,0.050000000000000003,0.5
397.6333,  1.00000000,1,0,0.050000000000000003,0.5
397.6667,  1.00000000,1,0,0.050000000000000003,0.5
397.7000,  1.00000000,1,0,0.074999999999999997,0.5
397.7333,  1.00000000,1,0,0.050000000000000003,0.5
397.7667,  1.00000000,1,0,0.074999999999999997,0.5
397.8000,  1.00000000,1,0,0.074999999999999997,0.5
397.8333,  1.00000000,1,0,0.074999999999999997,0.5
397.8667,  1.00000000,1,0,0.074999999999999997,0.5
397.9000,  1.00000000,1,0,0.050000000000000003,0.5
397.9333,  1.00000000,1,0,0.074999999999999997,0.5
397.9667,  1.00000000,1,0,0.050000000000000003,0.5
398.0000,  1.00000000,1,0,0.074999999999999997,0.5
398.0333,  1.00000000,1,0,0.050000000000000003,0.5
398.0667,  1.00000000,1,0,0.050000000000000003,0.5
398.1000,  1.00000000,1,0,0.050000000000000003,0.5
398.1333,  1.00000000,1,0,0.074999999999999997,0.5
398.1667,  1.00000000,1,0,0.025000000000000001,0.5
398.2000,  1.00000000,1,0,0.050000000000000003,0.5
398.2333,  1.00000000,1,0,0.025000000000000001,0.5
398.2667,  1.00000000,1,0,0.074999999999999997,0.5
398.3000,  1.00000000,1,0,0.050000000000000003,0.5
398.3333,  1.00000000,1,0,0.074999999999999997,0.5
398.3667,  1.00000000,1,0,0.050000000000000003,0.5
398.4000,  1.00000000,1,0,0.050000000000000003,0.5
398.4333,  1.00000000,1,0,0.025000000000000001,0.5
398.4667,  1.00000000,1,0,0.050000000000000003,0.5
398.5000,  1.00000000,1,0,0.074999999999999997,0.5
398.5333,  1.00000000,1,0,0.050000000000000003,0.5
398.5667,  1.00000000,1,0,0.074999999999999997,0.5
398.6000,  1.00000000,1,0,0.074999999999999997,0.5
398.6333,  1.00000000,1,0,0.074999999999999997,0.5
398.6667,  1.00000000,1,0,0.050000000000000003,0.5
398.7000,  1.00000000,1,0,0.050000000000000003,0.5
398.7333,  1.00000000,1,0,0.050000000000000003,0.5
398.7667,  1.00000000,1,0,0.050000000000000003,0.5
398.8000,  1.00000000,1,0,0.074999999999999997,0.5
398.8333,  1.00000000,1,0,0.025000000000000001,0.5
398.8667,  1.00000000,1,0,0.025000000000000001,0.5
398.9000,  1.00000000,1,0,0.0,0.5
398.9333,  1.00000000,1,0,0.050000000000000003,0.5
398.9667,  1.00000000,1,0,0.050000000000000003,0.5
399.0000,  1.00000000,1,0,0.0,0.5
399.0333,  1.00000000,1,0,0.050000000000000003,0.5
399.0667,  1.00000000,1,0,0.050000000000000003,0.5
399.1000,  1.00000000,1,0,0.074999999999999997,0.5
399.1333,  1.00000000,1,0,0.050000000000000003,0.5
399.1667,  1.00000000,1,0,0.074999999999999997,0.5
399.2000,  1.00000000,1,0,0.050000000000000003,0.5
399.2333,  1.00000000,1,0,0.025000000000000001,0.5
399.2667,  1.00000000,1,0,0.0,0.5
399.3000,  1.00000000,1,0,0.050000000000000003,0.5
399.3333,  1.00000000,1,0,0.025000000000000001,0.5
399.3667,  1.00000000,1,0,0.025000000000000001,0.5
399.4000,  1.00000000,1,0,0.074999999999999997,0.5
399.4333,  1.00000000,1,0,0.025000000000000001,0.5
399.4667,  1.00000000,1,0,0.050000000000000003,0.5
399.5000,  1.00000000,1,0,0.050000000000000003,0.5
399.5333,  1.00000000,1,0,0.074999999999999997,0.5
399.5667,  1.00000000,1,0,0.074999999999999997,0.5
399.6000,  1.00000000,1,0,0.050000000000000003,0.5
399.6333,  1.00000000,1,0,0.074999999999999997,0.5
399.6667,  1.00000000,1,0,0.074999999999999997,0.5
399.7000,  1.00000000,1,0,0.050000000000000003,0.5
399.7333,  1.00000000,1,0,0.0,0.5
399.7667,  1.00000000,1,0,0.025000000000000001,0.5
399.8000,  1.00000000,1,0,0.074999999999999997,0.5
399.8333,  1.00000000,1,0,0.050000000000000003,0.5
399.8667,  1.00000000,1,0,0.025000000000000001,0.5
399.9000,  1.00000000,1,0,0.050000000000000003,0.5
399.9333,  1.00000000,1,0,0.025000000000000001,0.5
399.9667,  1.00000000,1,0,0.025000000000000001,0.5
400.0000,  1.00000000,1,0,0.050000000000000003,0.5
400.0333,  1.00000000,1,0,0.050000000000000003,0.5
400.0667,  1.00000000,1,0,0.050000000000000003,0.5
400.1000,  1.00000000,1,0,0.074999999999999997,0.5
400.1333,  1.00000000,1,0,0.074999999999999997,0.5
400.1667,  1.00000000,1,0,0.050000000000000003,0.5
400.2000,  1.00000000,1,0,0.025000000000000001,0.5
400.2333,  1.00000000,1,0,0.074999999999999997,0.5
400.2667,  1.00000000,1,0,0.074999999999999997,0.5
400.3000,  1.00000000,1,0,0.074999999999999997,0.5
400.3333,  1.00000000,1,0,0.050000000000000003,0.5
400.3667,  1.00000000,1,0,0.050000000000000003,0.5
400.4000,  1.00000000,1,0,0.074999999999999997,0.5
400.4333,  1.00000000,1,0,0.074999999999999997,0.5
400.4667,  1.00000000,1,0,0.050000000000000003,0.5
400.5000,  1.00000000,1,0,0.050000000000000003,0.5
400.5333,  1.00000000,1,0,0.074999999999999997,0.5
400.5667,  1.00000000,1,0,0.050000000000000003,0.5
400.6000,  1.00000000,1,0,0.050000000000000003,0.5
400.6333,  1.00000000,1,0,0.050000000000000003,0.5
400.6667,  1.00000000,1,0,0.050000000000000003,0.5
400.7000,  1.00000000,1,0,0.050000000000000003,0.5
400.7333,  1.00000000,1,0,0.074999999999999997,0.5
400.7667,  1.00000000,1,0,0.074999999999999997,0.5
400.8000,  1.00000000,1,0,0.025000000000000001,0.5
400.8333,  1.00000000,1,0,0.074999999999999997,0.5
400.8667,  1.00000000,1,0,0.050000000000000003,0.5
400.9000,  1.00000000,1,0,0.025000000000000001,0.5
400.9333,  1.00000000,1,0,0.074999999999999997,0.5
400.9667,  1.00000000,1,0,0.050000000000000003,0.5
401.0000,  1.00000000,1,0,0.050000000000000003,0.5
401.0333,  1.00000000,1,0,0.050000000000000003,0.5
401.0667,  1.00000000,1,0,0.050000000000000003,0.5
401.1000,  1.00000000,1,0,0.050000000000000003,0.5
401.1333,  1.00000000,1,0,0.050000000000000003,0.5
401.1667,  1.00000000,1,0,0.025000000000000001,0.5
401.2000,  1.00000000,1,0,0.025000000000000001,0.5
401.2333,  1.00000000,1,0,0.050000000000000003,0.5
401.2667,  1.00000000,1,0,0.050000000000000003,0.5
401.3000,  1.00000000,1,0,0.050000000000000003,0.5
401.3333,  1.00000000,1,0,0.025000000000000001,0.5
401.3667,  1.00000000,1,0,0.0,0.5
401.4000,  1.00000000,1,0,0.050000000000000003,0.5
401.4333,  1.00000000,1,0,0.050000000000000003,0.5
401.4667,  1.00000000,1,0,0.050000000000000003,0.5
401.5000,  1.00000000,1,0,0.050000000000000003,0.5
401.5333,  1.00000000,1,0,0.074999999999999997,0.5
401.5667,  1.00000000,1,0,0.050000000000000003,0.5
401.6000,  1.00000000,1,0,0.074999999999999997,0.5
401.6333,  1.00000000,1,0,0.025000000000000001,0.5
401.6667,  1.00000000,1,0,0.074999999999999997,0.5
401.7000,  1.00000000,1,0,0.074999999999999997,0.5
401.7333,  1.00000000,1,0,0.050000000000000003,0.5
401.7667,  1.00000000,1,0,0.025000000000000001,0.5
401.8000,  1.00000000,1,0,0.025000000000000001,0.5
401.8333,  1.00000000,1,0,0.025000000000000001,0.5
401.8667,  1.00000000,1,0,0.025000000000000001,0.5
401.9000,  1.00000000,1,0,0.074999999999999997,0.5
401.9333,  1.00000000,1,0,0.025000000000000001,0.5
401.9667,  1.00000000,1,0,0.0,0.5
402.0000,  1.00000000,1,0,0.050000000000000003,0.5
402.0333,  1.00000000,1,0,0.0,0.5
402.0667,  1.00000000,1,0,0.025000000000000001,0.5
402.1000,  1.00000000,1,0,0.0,0.5
402.1333,  1.00000000,1,0,0.025000000000000001,0.5
402.1667,  1.00000000,1,0,0.050000000000000003,0.5
402.2000,  1.00000000,1,0,0.050000000000000003,0.5
402.2333,  1.00000000,1,0,0.050000000000000003,0.5
402.2667,  1.00000000,1,0,0.074999999999999997,0.5
402.3000,  1.00000000,1,0,0.050000000000000003,0.5
402.3333,  1.00000000,1,0,0.050000000000000003,0.5
402.3667,  1.00000000,1,0,0.074999999999999997,0.5
402.4000,  1.00000000,1,0,0.025000000000000001,0.5
402.4333,  1.00000000,1,0,0.074999999999999997,0.5
402.4667,  1.00000000,1,0,0.074999999999999997,0.5
402.5000,  1.00000000,1,0,0.074999999999999997,0.5
402.5333,  1.00000000,1,0,0.074999999999999997,0.5
402.5667,  1.00000000,1,0,0.050000000000000003,0.5
402.6000,  1.00000000,1,0,0.050000000000000003,0.5
402.6333,  1.00000000,1,0,0.025000000000000001,0.5
402.6667,  1.00000000,1,0,0.050000000000000003,0.5
402.7000,  1.00000000,1,0,0.074999999999999997,0.5
402.7333,  1.00000000,1,0,0.050000000000000003,0.5
402.7667,  1.00000000,1,0,0.025000000000000001,0.5
402.8000,  1.00000000,1,0,0.074999999999999997,0.5
402.8333,  1.00000000,1,0,0.074999999999999997,0.5
402.8667,  1.00000000,1,0,0.025000000000000001,0.5
402.9000,  1.00000000,1,0,0.050000000000000003,0.5
402.9333,  1.00000000,1,0,0.025000000000000001,0.5
402.9667,  1.00000000,1,0,0.074999999999999997,0.5
403.0000,  1.00000000,1,0,0.050000000000000003,0.5
403.0333,  1.00000000,1,0,0.074999999999999997,0.5
403.0667,  1.00000000,1,0,0.050000000000000003,0.5
403.1000,  1.00000000,1,0,0.050000000000000003,0.5
403.1333,  1.00000000,1,0,0.0,0.5
403.1667,  1.00000000,1,0,0.050000000000000003,0.5
403.2000,  1.00000000,1,0,0.050000000000000003,0.5
403.2333,  1.00000000,1,0,0.050000000000000003,0.5
403.2667,  1.00000000,1,0,0.050000000000000003,0.5
403.3000,  1.00000000,1,0,0.074999999999999997,0.5
403.3333,  1.00000000,1,0,0.025000000000000001,0.5
403.3667,  1.00000000,1,0,0.050000000000000003,0.5
403.4000,  1.00000000,1,0,0.050000000000000003,0.5
403.4333,  1.00000000,1,0,0.025000000000000001,0.5
403.4667,  1.00000000,1,0,0.050000000000000003,0.5
403.5000,  1.00000000,1,0,0.050000000000000003,0.5
403.5333,  1.00000000,1,0,0.025000000000000001,0.5
403.5667,  1.00000000,1,0,0.050000000000000003,0.5
403.6000,  1.00000000,1,0,0.050000000000000003,0.5
403.6333,  1.00000000,1,0,0.025000000000000001,0.5
403.6667,  1.00000000,1,0,0.0,0.5
403.7000,  1.00000000,1,0,0.025000000000000001,0.5
403.7333,  1.00000000,1,0,0.050000000000000003,0.5
403.7667,  1.00000000,1,0,0.0,0.5
403.8000,  1.00000000,1,0,0.0,0.5
403.8333,  1.00000000,1,0,0.025000000000000001,0.5
403.8667,  1.00000000,1,0,0.025000000000000001,0.5
403.9000,  1.00000000,1,0,0.050000000000000003,0.5
403.9333,  1.00000000,1,0,0.050000000000000003,0.5
403.9667,  1.00000000,1,0,0.074999999999999997,0.5
404.0000,  1.00000000,1,0,0.025000000000000001,0.5
404.0333,  1.00000000,1,0,0.074999999999999997,0.5
404.0667,  1.00000000,1,0,0.025000000000000001,0.5
404.1000,  1.00000000,1,0,0.050000000000000003,0.5
404.1333,  1.00000000,1,0,0.050000000000000003,0.5
404.1667,  1.00000000,1,0,0.025000000000000001,0.5
404.2000,  1.00000000,1,0,0.050000000000000003,0.5
404.2333,  1.00000000,1,0,0.050000000000000003,0.5
404.2667,  1.00000000,1,0,0.0,0.5
404.3000,  1.00000000,1,0,0.074999999999999997,0.5
404.3333,  1.00000000,1,0,0.025000000000000001,0.5
404.3667,  1.00000000,1,0,0.050000000000000003,0.5
404.4000,  1.00000000,1,0,0.074999999999999997,0.5
404.4333,  1.00000000,1,0,0.050000000000000003,0.5
404.4667,  1.00000000,1,0,0.050000000000000003,0.5
404.5000,  1.00000000,1,0,0.074999999999999997,0.5
404.5333,  1.00000000,1,0,0.025000000000000001,0.5
404.5667,  1.00000000,1,0,0.074999999999999997,0.5
404.6000,  1.00000000,1,0,0.050000000000000003,0.5
404.6333,  1.00000000,1,0,0.050000000000000003,0.5
404.6667,  1.00000000,1,0,0.050000000000000003,0.5
404.7000,  1.00000000,1,0,0.074999999999999997,0.5
404.7333,  1.00000000,1,0,0.074999999999999997,0.5
404.7667,  1.00000000,1,0,0.074999999999999997,0.5
404.8000,  1.00000000,1,0,0.050000000000000003,0.5
404.8333,  1.00000000,1,0,0.074999999999999997,0.5
404.8667,  1.00000000,1,0,0.050000000000000003,0.5
404.9000,  1.00000000,1,0,0.050000000000000003,0.5
404.9333,  1.00000000,1,0,0.0,0.5
404.9667,  1.00000000,1,0,0.025000000000000001,0.5
405.0000,  1.00000000,1,0,0.050000000000000003,0.5
405.0333,  1.00000000,1,0,0.025000000000000001,0.5
405.0667,  1.00000000,1,0,0.050000000000000003,0.5
405.1000,  1.00000000,1,0,0.050000000000000003,0.5
405.1333,  1.00000000,1,0,0.074999999999999997,0.5
405.1667,  1.00000000,1,0,0.074999999999999997,0.5
405.2000,  1.00000000,1,0,0.0,0.5
405.2333,  1.00000000,1,0,0.0,0.5
405.2667,  1.00000000,1,0,0.025000000000000001,0.5
405.3000,  1.00000000,1,0,0.050000000000000003,0.5
405.3333,  1.00000000,1,0,0.025000000000000001,0.5
405.3667,  1.00000000,1,0,0.050000000000000003,0.5
405.4000,  1.00000000,1,0,0.074999999999999997,0.5
405.4333,  1.00000000,1,0,0.074999999999999997,0.5
405.4667,  1.00000000,1,0,0.025000000000000001,0.5
405.5000,  1.00000000,1,0,0.074999999999999997,0.5
405.5333,  1.00000000,1,0,0.025000000000000001,0.5
405.5667,  1.00000000,1,0,0.050000000000000003,0.5
405.6000,  1.00000000,1,0,0.025000000000000001,0.5
405.6333,  1.00000000,1,0,0.050000000000000003,0.5
405.6667,  1.00000000,1,0,0.074999999999999997,0.5
405.7000,  1.00000000,1,0,0.025000000000000001,0.5
405.7333,  1.00000000,1,0,0.025000000000000001,0.5
405.7667,  1.00000000,1,0,0.025000000000000001,0.5
405.8000,  1.00000000,1,0,0.025000000000000001,0.5
405.8333,  1.00000000,1,0,0.025000000000000001,0.5
405.8667,  1.00000000,1,0,0.050000000000000003,0.5
405.9000,  1.00000000,1,0,0.025000000000000001,0.5
405.9333,  1.00000000,1,0,0.0,0.5
405.9667,  1.00000000,1,0,0.074999999999999997,0.5
406.0000,  1.00000000,1,0,0.050000000000000003,0.5
406.0333,  1.00000000,1,0,0.025000000000000001,0.5
406.0667,  1.00000000,1,0,0.025000000000000001,0.5
406.1000,  1.00000000,1,0,0.074999999999999997,0.5
406.1333,  1.00000000,1,0,0.050000000000000003,0.5
406.1667,  1.00000000,1,0,0.050000000000000003,0.5
406.2000,  1.00000000,1,0,0.074999999999999997,0.5
406.2333,  1.00000000,1,0,0.0,0.5
406.2667,  1.00000000,1,0,0.025000000000000001,0.5
406.3000,  1.00000000,1,0,0.050000000000000003,0.5
406.3333,  1.00000000,1,0,0.074999999999999997,0.5
406.3667,  1.00000000,1,0,0.025000000000000001,0.5
406.4000,  1.00000000,1,0,0.074999999999999997,0.5
406.4333,  1.00000000,1,0,0.050000000000000003,0.5
406.4667,  1.00000000,1,0,0.050000000000000003,0.5
406.5000,  1.00000000,1,0,0.050000000000000003,0.5
406.5333,  1.00000000,1,0,0.025000000000000001,0.5
406.5667,  1.00000000,1,0,0.0,0.5
406.6000,  1.00000000,1,0,0.050000000000000003,0.5
406.6333,  1.00000000,1,0,0.025000000000000001,0.5
406.6667,  1.00000000,1,0,0.050000000000000003,0.5
406.7000,  1.00000000,1,0,0.025000000000000001,0.5
406.7333,  1.00000000,1,0,0.074999999999999997,0.5
406.7667,  1.00000000,1,0,0.074999999999999997,0.5
406.8000,  1.00000000,1,0,0.025000000000000001,0.5
406.8333,  1.00000000,1,0,0.0,0.5
406.8667,  1.00000000,1,0,0.025000000000000001,0.5
406.9000,  1.00000000,1,0,0.050000000000000003,0.5
406.9333,  1.00000000,1,0,0.050000000000000003,0.5
406.9667,  1.00000000,1,0,0.074999999999999997,0.5
407.0000,  1.00000000,1,0,0.074999999999999997,0.5
407.0333,  1.00000000,1,0,0.050000000000000003,0.5
407.0667,  1.00000000,1,0,0.0,0.5
407.1000,  1.00000000,1,0,0.050000000000000003,0.5
407.1333,  1.00000000,1,0,0.074999999999999997,0.5
407.1667,  1.00000000,1,0,0.050000000000000003,0.5
407.2000,  1.00000000,1,0,0.025000000000000001,0.5
407.2333,  1.00000000,1,0,0.050000000000000003,0.5
407.2667,  1.00000000,1,0,0.050000000000000003,0.5
407.3000,  1.00000000,1,0,0.050000000000000003,0.5
407.3333,  1.00000000,1,0,0.025000000000000001,0.5
407.3667,  1.00000000,1,0,0.025000000000000001,0.5
407.4000,  1.00000000,1,0,0.025000000000000001,0.5
407.4333,  1.00000000,1,0,0.050000000000000003,0.5
407.4667,  1.00000000,1,0,0.025000000000000001,0.5
407.5000,  1.00000000,1,0,0.025000000000000001,0.5
407.5333,  1.00000000,1,0,0.025000000000000001,0.5
407.5667,  1.00000000,1,0,0.050000000000000003,0.5
407.6000,  1.00000000,1,0,0.025000000000000001,0.5
407.6333,  1.00000000,1,0,0.0,0.5
407.6667,  1.00000000,1,0,0.025000000000000001,0.5
407.7000,  1.00000000,1,0,0.025000000000000001,0.5
407.7333,  1.00000000,1,0,0.050000000000000003,0.5
407.7667,  1.00000000,1,0,0.050000000000000003,0.5
407.8000,  1.00000000,1,0,0.050000000000000003,0.5
407.8333,  1.00000000,1,0,0.025000000000000001,0.5
407.8667,  1.00000000,1,0,0.025000000000000001,0.5
407.9000,  1.00000000,1,0,0.025000000000000001,0.5
407.9333,  1.00000000,1,0,0.025000000000000001,0.5
407.9667,  1.00000000,1,0,0.025000000000000001,0.5
408.0000,  1.00000000,1,0,0.025000000000000001,0.5
408.0333,  1.00000000,1,0,0.0,0.5
408.0667,  1.00000000,1,0,0.074999999999999997,0.5
408.1000,  1.00000000,1,0,0.050000000000000003,0.5
408.1333,  1.00000000,1,0,0.074999999999999997,0.5
408.1667,  1.00000000,1,0,0.050000000000000003,0.5
408.2000,  1.00000000,1,0,0.025000000000000001,0.5
408.2333,  1.00000000,1,0,0.025000000000000001,0.5
408.2667,  1.00000000,1,0,0.0,0.5
408.3000,  1.00000000,1,0,0.025000000000000001,0.5
408.3333,  1.00000000,1,0,0.025000000000000001,0.5
408.3667,  1.00000000,1,0,0.025000000000000001,0.5
408.4000,  1.00000000,1,0,0.0,0.5
408.4333,  1.00000000,1,0,0.025000000000000001,0.5
408.4667,  1.00000000,1,0,0.025000000000000001,0.5
408.5000,  1.00000000,1,0,0.025000000000000001,0.5
408.5333,  1.00000000,1,0,0.025000000000000001,0.5
408.5667,  1.00000000,1,0,0.025000000000000001,0.5
408.6000,  1.00000000,1,0,0.074999999999999997,0.5
408.6333,  1.00000000,1,0,0.050000000000000003,0.5
408.6667,  1.00000000,1,0,0.025000000000000001,0.5
408.7000,  1.00000000,1,0,0.074999999999999997,0.5
408.7333,  1.00000000,1,0,0.0,0.5
408.7667,  1.00000000,1,0,0.050000000000000003,0.5
408.8000,  1.00000000,1,0,0.050000000000000003,0.5
408.8333,  1.00000000,1,0,0.025000000000000001,0.5
408.8667,  1.00000000,1,0,0.074999999999999997,0.5
408.9000,  1.00000000,1,0,0.0,0.5
408.9333,  1.00000000,1,0,0.050000000000000003,0.5
408.9667,  1.00000000,1,0,0.050000000000000003,0.5
409.0000,  1.00000000,1,0,0.050000000000000003,0.5
409.0333,  1.00000000,1,0,0.050000000000000003,0.5
409.0667,  1.00000000,1,0,0.025000000000000001,0.5
409.1000,  1.00000000,1,0,0.025000000000000001,0.5
409.1333,  1.00000000,1,0,0.025000000000000001,0.5
409.1667,  1.00000000,1,0,0.025000000000000001,0.5
409.2000,  1.00000000,1,0,0.025000000000000001,0.5
409.2333,  1.00000000,1,0,0.050000000000000003,0.5
409.2667,  1.00000000,1,0,0.025000000000000001,0.5
409.3000,  1.00000000,1,0,0.0,0.5
409.3333,  1.00000000,1,0,0.025000000000000001,0.5
409.3667,  1.00000000,1,0,0.0,0.5
409.4000,  1.00000000,1,0,0.0,0.5
409.4333,  1.00000000,1,0,0.025000000000000001,0.5
409.4667,  1.00000000,1,0,0.074999999999999997,0.5
409.5000,  1.00000000,1,0,0.050000000000000003,0.5
409.5333,  1.00000000,1,0,0.050000000000000003,0.5
409.5667,  1.00000000,1,0,0.050000000000000003,0.5
409.6000,  1.00000000,1,0,0.074999999999999997,0.5
409.6333,  1.00000000,1,0,0.074999999999999997,0.5
409.6667,  1.00000000,1,0,0.025000000000000001,0.5
409.7000,  1.00000000,1,0,0.074999999999999997,0.5
409.7333,  1.00000000,1,0,0.050000000000000003,0.5
409.7667,  1.00000000,1,0,0.074999999999999997,0.5
409.8000,  1.00000000,1,0,0.050000000000000003,0.5
409.8333,  1.00000000,1,0,0.074999999999999997,0.5
409.8667,  1.00000000,1,0,0.074999999999999997,0.5
409.9000,  1.00000000,1,0,0.025000000000000001,0.5
409.9333,  1.00000000,1,0,0.050000000000000003,0.5
409.9667,  1.00000000,1,0,0.050000000000000003,0.5
410.0000,  1.00000000,1,0,0.050000000000000003,0.5
410.0333,  1.00000000,1,0,0.050000000000000003,0.5
410.0667,  1.00000000,1,0,0.050000000000000003,0.5
410.1000,  1.00000000,1,0,0.0,0.5
410.1333,  1.00000000,1,0,0.025000000000000001,0.5
410.1667,  1.00000000,1,0,0.025000000000000001,0.5
410.2000,  1.00000000,1,0,0.025000000000000001,0.5
410.2333,  1.00000000,1,0,0.050000000000000003,0.5
410.2667,  1.00000000,1,0,0.050000000000000003,0.5
410.3000,  1.00000000,1,0,0.050000000000000003,0.5
410.3333,  1.00000000,1,0,0.025000000000000001,0.5
410.3667,  1.00000000,1,0,0.074999999999999997,0.5
410.4000,  1.00000000,1,0,0.025000000000000001,0.5
410.4333,  1.00000000,1,0,0.050000000000000003,0.5
410.4667,  1.00000000,1,0,0.050000000000000003,0.5
410.5000,  1.00000000,1,0,0.074999999999999997,0.5
410.5333,  1.00000000,1,0,0.050000000000000003,0.5
410.5667,  1.00000000,1,0,0.0,0.5
410.6000,  1.00000000,1,0,0.050000000000000003,0.5
410.6333,  1.00000000,1,0,0.050000000000000003,0.5
410.6667,  1.00000000,1,0,0.074999999999999997,0.5
410.7000,  1.00000000,1,0,0.050000000000000003,0.5
410.7333,  1.00000000,1,0,0.050000000000000003,0.5
410.7667,  1.00000000,1,0,0.025000000000000001,0.5
410.8000,  1.00000000,1,0,0.025000000000000001,0.5
410.8333,  1.00000000,1,0,0.050000000000000003,0.5
410.8667,  1.00000000,1,0,0.025000000000000001,0.5
410.9000,  1.00000000,1,0,0.050000000000000003,0.5
410.9333,  1.00000000,1,0,0.050000000000000003,0.5
410.9667,  1.00000000,1,0,0.050000000000000003,0.5
411.0000,  1.00000000,1,0,0.050000000000000003,0.5
411.0333,  1.00000000,1,0,0.025000000000000001,0.5
411.0667,  1.00000000,1,0,0.025000000000000001,0.5
411.1000,  1.00000000,1,0,0.025000000000000001,0.5
411.1333,  1.00000000,1,0,0.0,0.5
411.1667,  1.00000000,1,0,0.050000000000000003,0.5
411.2000,  1.00000000,1,0,0.074999999999999997,0.5
411.2333,  1.00000000,1,0,0.050000000000000003,0.5
411.2667,  1.00000000,1,0,0.074999999999999997,0.5
411.3000,  1.00000000,1,0,0.025000000000000001,0.5
411.3333,  1.00000000,1,0,0.025000000000000001,0.5
411.3667,  1.00000000,1,0,0.050000000000000003,0.5
411.4000,  1.00000000,1,0,0.050000000000000003,0.5
411.4333,  1.00000000,1,0,0.050000000000000003,0.5
411.4667,  1.00000000,1,0,0.074999999999999997,0.5
411.5000,  1.00000000,1,0,0.025000000000000001,0.5
411.5333,  1.00000000,1,0,0.025000000000000001,0.5
411.5667,  1.00000000,1,0,0.050000000000000003,0.5
411.6000,  1.00000000,1,0,0.050000000000000003,0.5
411.6333,  1.00000000,1,0,0.074999999999999997,0.5
411.6667,  1.00000000,1,0,0.074999999999999997,0.5
411.7000,  1.00000000,1,0,0.074999999999999997,0.5
411.7333,  1.00000000,1,0,0.074999999999999997,0.5
411.7667,  1.00000000,1,0,0.050000000000000003,0.5
411.8000,  1.00000000,1,0,0.025000000000000001,0.5
411.8333,  1.00000000,1,0,0.0,0.5
411.8667,  1.00000000,1,0,0.050000000000000003,0.5
411.9000,  1.00000000,1,0,0.050000000000000003,0.5
411.9333,  1.00000000,1,0,0.074999999999999997,0.5
411.9667,  1.00000000,1,0,0.074999999999999997,0.5
412.0000,  1.00000000,1,0,0.025000000000000001,0.5
412.0333,  1.00000000,1,0,0.074999999999999997,0.5
412.0667,  1.00000000,1,0,0.050000000000000003,0.5
412.1000,  1.00000000,1,0,0.074999999999999997,0.5
412.1333,  1.00000000,1,0,0.050000000000000003,0.5
412.1667,  1.00000000,1,0,0.0,0.5
412.2000,  1.00000000,1,0,0.025000000000000001,0.5
412.2333,  1.00000000,1,0,0.050000000000000003,0.5
412.2667,  1.00000000,1,0,0.025000000000000001,0.5
412.3000,  1.00000000,1,0,0.025000000000000001,0.5
412.3333,  1.00000000,1,0,0.074999999999999997,0.5
412.3667,  1.00000000,1,0,0.074999999999999997,0.5
412.4000,  1.00000000,1,0,0.050000000000000003,0.5
412.4333,  1.00000000,1,0,0.050000000000000003,0.5
412.4667,  1.00000000,1,0,0.050000000000000003,0.5
412.5000,  1.00000000,1,0,0.050000000000000003,0.5
412.5333,  1.00000000,1,0,0.025000000000000001,0.5
412.5667,  1.00000000,1,0,0.050000000000000003,0.5
412.6000,  1.00000000,1,0,0.050000000000000003,0.5
412.6333,  1.00000000,1,0,0.025000000000000001,0.5
412.6667,  1.00000000,1,0,0.050000000000000003,0.5
412.7000,  1.00000000,1,0,0.050000000000000003,0.5
412.7333,  1.00000000,1,0,0.025000000000000001,0.5
412.7667,  1.00000000,1,0,0.025000000000000001,0.5
412.8000,  1.00000000,1,0,0.050000000000000003,0.5
412.8333,  1.00000000,1,0,0.025000000000000001,0.5
412.8667,  1.00000000,1,0,0.025000000000000001,0.5
412.9000,  1.00000000,1,0,0.050000000000000003,0.5
412.9333,  1.00000000,1,0,0.074999999999999997,0.5
412.9667,  1.00000000,1,0,0.074999999999999997,0.5
413.0000,  1.00000000,1,0,0.025000000000000001,0.5
413.0333,  1.00000000,1,0,0.074999999999999997,0.5
413.0667,  1.00000000,1,0,0.050000000000000003,0.5
413.1000,  1.00000000,1,0,0.050000000000000003,0.5
413.1333,  1.00000000,1,0,0.050000000000000003,0.5
413.1667,  1.00000000,1,0,0.074999999999999997,0.5
413.2000,  1.00000000,1,0,0.025000000000000001,0.5
413.2333,  1.00000000,1,0,0.025000000000000001,0.5
413.2667,  1.00000000,1,0,0.074999999999999997,0.5
413.3000,  1.00000000,1,0,0.0,0.5
413.3333,  1.00000000,1,0,0.074999999999999997,0.5
413.3667,  1.00000000,1,0,0.025000000000000001,0.5
413.4000,  1.00000000,1,0,0.050000000000000003,0.5
413.4333,  1.00000000,1,0,0.025000000000000001,0.5
413.4667,  1.00000000,1,0,0.074999999999999997,0.5
413.5000,  1.00000000,1,0,0.074999999999999997,0.5
413.5333,  1.00000000,1,0,0.050000000000000003,0.5
413.5667,  1.00000000,1,0,0.025000000000000001,0.5
413.6000,  1.00000000,1,0,0.074999999999999997,0.5
413.6333,  1.00000000,1,0,0.025000000000000001,0.5
413.6667,  1.00000000,1,0,0.050000000000000003,0.5
413.7000,  1.00000000,1,0,0.050000000000000003,0.5
413.7333,  1.00000000,1,0,0.050000000000000003,0.5
413.7667,  1.00000000,1,0,0.025000000000000001,0.5
413.8000,  1.00000000,1,0,0.050000000000000003,0.5
413.8333,  1.00000000,1,0,0.074999999999999997,0.5
413.8667,  1.00000000,1,0,0.025000000000000001,0.5
413.9000,  1.00000000,1,0,0.0,0.5
413.9333,  1.00000000,1,0,0.0,0.5
413.9667,  1.00000000,1,0,0.050000000000000003,0.5
414.0000,  1.00000000,1,0,0.074999999999999997,0.5
414.0333,  1.00000000,1,0,0.074999999999999997,0.5
414.0667,  1.00000000,1,0,0.074999999999999997,0.5
414.1000,  1.00000000,1,0,0.074999999999999997,0.5
414.1333,  1.00000000,1,0,0.074999999999999997,0.5
414.1667,  1.00000000,1,0,0.074999999999999997,0.5
414.2000,  1.00000000,1,0,0.025000000000000001,0.5
414.2333,  1.00000000,1,0,0.025000000000000001,0.5
414.2667,  1.00000000,1,0,0.025000000000000001,0.5
414.3000,  1.00000000,1,0,0.050000000000000003,0.5
414.3333,  1.00000000,1,0,0.050000000000000003,0.5
414.3667,  1.00000000,1,0,0.074999999999999997,0.5
414.4000,  1.00000000,1,0,0.050000000000000003,0.5
414.4333,  1.00000000,1,0,0.050000000000000003,0.5
414.4667,  1.00000000,1,0,0.074999999999999997,0.5
414.5000,  1.00000000,1,0,0.050000000000000003,0.5
414.5333,  1.00000000,1,0,0.074999999999999997,0.5
414.5667,  1.00000000,1,0,0.074999999999999997,0.5
414.6000,  1.00000000,1,0,0.074999999999999997,0.5
414.6333,  1.00000000,1,0,0.050000000000000003,0.5
414.6667,  1.00000000,1,0,0.050000000000000003,0.5
414.7000,  1.00000000,1,0,0.025000000000000001,0.5
414.7333,  1.00000000,1,0,0.025000000000000001,0.5
414.7667,  1.00000000,1,0,0.025000000000000001,0.5
414.8000,  1.00000000,1,0,0.025000000000000001,0.5
414.8333,  1.00000000,1,0,0.074999999999999997,0.5
414.8667,  1.00000000,1,0,0.050000000000000003,0.5
414.9000,  1.00000000,1,0,0.025000000000000001,0.5
414.9333,  1.00000000,1,0,0.025000000000000001,0.5
414.9667,  1.00000000,1,0,0.025000000000000001,0.5
415.0000,  1.00000000,1,0,0.050000000000000003,0.5
415.0333,  1.00000000,1,0,0.050000000000000003,0.5
415.0667,  1.00000000,1,0,0.074999999999999997,0.5
415.1000,  1.00000000,1,0,0.050000000000000003,0.5
415.1333,  1.00000000,1,0,0.025000000000000001,0.5
415.1667,  1.00000000,1,0,0.050000000000000003,0.5
415.2000,  1.00000000,1,0,0.074999999999999997,0.5
415.2333,  1.00000000,1,0,0.050000000000000003,0.5
415.2667,  1.00000000,1,0,0.050000000000000003,0.5
415.3000,  1.00000000,1,0,0.050000000000000003,0.5
415.3333,  1.00000000,1,0,0.074999999999999997,0.5
415.3667,  1.00000000,1,0,0.074999999999999997,0.5
415.4000,  1.00000000,1,0,0.074999999999999997,0.5
415.4333,  1.00000000,1,0,0.074999999999999997,0.5
415.4667,  1.00000000,1,0,0.050000000000000003,0.5
415.5000,  1.00000000,1,0,0.050000000000000003,0.5
415.5333,  1.00000000,1,0,0.074999999999999997,0.5
415.5667,  1.00000000,1,0,0.050000000000000003,0.5
415.6000,  1.00000000,1,0,0.074999999999999997,0.5
415.6333,  1.00000000,1,0,0.050000000000000003,0.5
415.6667,  1.00000000,1,0,0.050000000000000003,0.5
415.7000,  1.00000000,1,0,0.074999999999999997,0.5
415.7333,  1.00000000,1,0,0.074999999999999997,0.5
415.7667,  1.00000000,1,0,0.074999999999999997,0.5
415.8000,  1.00000000,1,0,0.025000000000000001,0.5
415.8333,  1.00000000,1,0,0.050000000000000003,0.5
415.8667,  1.00000000,1,0,0.050000000000000003,0.5
415.9000,  1.00000000,1,0,0.0,0.5
415.9333,  1.00000000,1,0,0.025000000000000001,0.5
415.9667,  1.00000000,1,0,0.050000000000000003,0.5
416.0000,  1.00000000,1,0,0.074999999999999997,0.5
416.0333,  1.00000000,1,0,0.050000000000000003,0.5
416.0667,  1.00000000,1,0,0.074999999999999997,0.5
416.1000,  1.00000000,1,0,0.050000000000000003,0.5
416.1333,  1.00000000,1,0,0.050000000000000003,0.5
416.1667,  1.00000000,1,0,0.050000000000000003,0.5
416.2000,  1.00000000,1,0,0.0,0.5
416.2333,  1.00000000,1,0,0.050000000000000003,0.5
416.2667,  1.00000000,1,0,0.050000000000000003,0.5
416.3000,  1.00000000,1,0,0.0,0.5
416.3333,  1.00000000,1,0,0.050000000000000003,0.5
416.3667,  1.00000000,1,0,0.050000000000000003,0.5
416.4000,  1.00000000,1,0,0.050000000000000003,0.5
416.4333,  1.00000000,1,0,0.050000000000000003,0.5
416.4667,  1.00000000,1,0,0.074999999999999997,0.5
416.5000,  1.00000000,1,0,0.025000000000000001,0.5
416.5333,  1.00000000,1,0,0.025000000000000001,0.5
416.5667,  1.00000000,1,0,0.074999999999999997,0.5
416.6000,  1.00000000,1,0,0.025000000000000001,0.5
416.6333,  1.00000000,1,0,0.025000000000000001,0.5
416.6667,  1.00000000,1,0,0.0,0.5
416.7000,  1.00000000,1,0,0.050000000000000003,0.5
416.7333,  1.00000000,1,0,0.074999999999999997,0.5
416.7667,  1.00000000,1,0,0.050000000000000003,0.5
416.8000,  1.00000000,1,0,0.074999999999999997,0.5
416.8333,  1.00000000,1,0,0.025000000000000001,0.5
416.8667,  1.00000000,1,0,0.025000000000000001,0.5
416.9000,  1.00000000,1,0,0.025000000000000001,0.5
416.9333,  1.00000000,1,0,0.025000000000000001,0.5
416.9667,  1.00000000,1,0,0.074999999999999997,0.5
417.0000,  1.00000000,1,0,0.0,0.5
417.0333,  1.00000000,1,0,0.074999999999999997,0.5
417.0667,  1.00000000,1,0,0.025000000000000001,0.5
417.1000,  1.00000000,1,0,0.025000000000000001,0.5
417.1333,  1.00000000,1,0,0.074999999999999997,0.5
417.1667,  1.00000000,1,0,0.025000000000000001,0.5
417.2000,  1.00000000,1,0,0.025000000000000001,0.5
417.2333,  1.00000000,1,0,0.050000000000000003,0.5
417.2667,  1.00000000,1,0,0.0,0.5
417.3000,  1.00000000,1,0,0.050000000000000003,0.5
417.3333,  1.00000000,1,0,0.074999999999999997,0.5
417.3667,  1.00000000,1,0,0.074999999999999997,0.5
417.4000,  1.00000000,1,0,0.050000000000000003,0.5
417.4333,  1.00000000,1,0,0.074999999999999997,0.5
417.4667,  1.00000000,1,0,0.074999999999999997,0.5
417.5000,  1.00000000,1,0,0.050000000000000003,0.5
417.5333,  1.00000000,1,0,0.025000000000000001,0.5
417.5667,  1.00000000,1,0,0.025000000000000001,0.5
417.6000,  1.00000000,1,0,0.050000000000000003,0.5
417.6333,  1.00000000,1,0,0.074999999999999997,0.5
417.6667,  1.00000000,1,0,0.074999999999999997,0.5
417.7000,  1.00000000,1,0,0.025000000000000001,0.5
417.7333,  1.00000000,1,0,0.050000000000000003,0.5
417.7667,  1.00000000,1,0,0.074999999999999997,0.5
417.8000,  1.00000000,1,0,0.074999999999999997,0.5
417.8333,  1.00000000,1,0,0.050000000000000003,0.5
417.8667,  1.00000000,1,0,0.050000000000000003,0.5
417.9000,  1.00000000,1,0,0.074999999999999997,0.5
417.9333,  1.00000000,1,0,0.050000000000000003,0.5
417.9667,  1.00000000,1,0,0.050000000000000003,0.5
418.0000,  1.00000000,1,0,0.074999999999999997,0.5
418.0333,  1.00000000,1,0,0.074999999999999997,0.5
418.0667,  1.00000000,1,0,0.074999999999999997,0.5
418.1000,  1.00000000,1,0,0.074999999999999997,0.5
418.1333,  1.00000000,1,0,0.074999999999999997,0.5
418.1667,  1.00000000,1,0,0.074999999999999997,0.5
418.2000,  1.00000000,1,0,0.050000000000000003,0.5
418.2333,  1.00000000,1,0,0.074999999999999997,0.5
418.2667,  1.00000000,1,0,0.050000000000000003,0.5
418.3000,  1.00000000,1,0,0.050000000000000003,0.5
418.3333,  1.00000000,1,0,0.025000000000000001,0.5
418.3667,  1.00000000,1,0,0.025000000000000001,0.5
418.4000,  1.00000000,1,0,0.050000000000000003,0.5
418.4333,  1.00000000,1,0,0.025000000000000001,0.5
418.4667,  1.00000000,1,0,0.0,0.5
418.5000,  1.00000000,1,0,0.050000000000000003,0.5
418.5333,  1.00000000,1,0,0.0,0.5
418.5667,  1.00000000,1,0,0.050000000000000003,0.5
418.6000,  1.00000000,1,0,0.074999999999999997,0.5
418.6333,  1.00000000,1,0,0.050000000000000003,0.5
418.6667,  1.00000000,1,0,0.025000000000000001,0.5
418.7000,  1.00000000,1,0,0.025000000000000001,0.5
418.7333,  1.00000000,1,0,0.050000000000000003,0.5
418.7667,  1.00000000,1,0,0.025000000000000001,0.5
418.8000,  1.00000000,1,0,0.050000000000000003,0.5
418.8333,  1.00000000,1,0,0.050000000000000003,0.5
418.8667,  1.00000000,1,0,0.074999999999999997,0.5
418.9000,  1.00000000,1,0,0.050000000000000003,0.5
418.9333,  1.00000000,1,0,0.050000000000000003,0.5
418.9667,  1.00000000,1,0,0.025000000000000001,0.5
419.0000,  1.00000000,1,0,0.050000000000000003,0.5
419.0333,  1.00000000,1,0,0.025000000000000001,0.5
419.0667,  1.00000000,1,0,0.074999999999999997,0.5
419.1000,  1.00000000,1,0,0.050000000000000003,0.5
419.1333,  1.00000000,1,0,0.050000000000000003,0.5
419.1667,  1.00000000,1,0,0.074999999999999997,0.5
419.2000,  1.00000000,1,0,0.050000000000000003,0.5
419.2333,  1.00000000,1,0,0.074999999999999997,0.5
419.2667,  1.00000000,1,0,0.025000000000000001,0.5
419.3000,  1.00000000,1,0,0.074999999999999997,0.5
419.3333,  1.00000000,1,0,0.050000000000000003,0.5
419.3667,  1.00000000,1,0,0.025000000000000001,0.5
419.4000,  1.00000000,1,0,0.074999999999999997,0.5
419.4333,  1.00000000,1,0,0.074999999999999997,0.5
419.4667,  1.00000000,1,0,0.074999999999999997,0.5
419.5000,  1.00000000,1,0,0.050000000000000003,0.5
419.5333,  1.00000000,1,0,0.050000000000000003,0.5
419.5667,  1.00000000,1,0,0.050000000000000003,0.5
419.6000,  1.00000000,1,0,0.074999999999999997,0.5
419.6333,  1.00000000,1,0,0.025000000000000001,0.5
419.6667,  1.00000000,1,0,0.025000000000000001,0.5
419.7000,  1.00000000,1,0,0.025000000000000001,0.5
419.7333,  1.00000000,1,0,0.050000000000000003,0.5
419.7667,  1.00000000,1,0,0.050000000000000003,0.5
419.8000,  1.00000000,1,0,0.025000000000000001,0.5
419.8333,  1.00000000,1,0,0.025000000000000001,0.5
419.8667,  1.00000000,1,0,0.025000000000000001,0.5
419.9000,  1.00000000,1,0,0.074999999999999997,0.5
419.9333,  1.00000000,1,0,0.074999999999999997,0.5
419.9667,  1.00000000,1,0,0.074999999999999997,0.5
420.0000,  1.00000000,1,0,0.025000000000000001,0.5
420.0333,  1.00000000,1,0,0.050000000000000003,0.5
420.0667,  1.00000000,1,0,0.050000000000000003,0.5
420.1000,  1.00000000,1,0,0.0,0.5
420.1333,  1.00000000,1,0,0.050000000000000003,0.5
420.1667,  1.00000000,1,0,0.050000000000000003,0.5
420.2000,  1.00000000,1,0,0.050000000000000003,0.5
420.2333,  1.00000000,1,0,0.025000000000000001,0.5
420.2667,  1.00000000,1,0,0.025000000000000001,0.5
420.3000,  1.00000000,1,0,0.025000000000000001,0.5
420.3333,  1.00000000,1,0,0.050000000000000003,0.5
420.3667,  1.00000000,1,0,0.025000000000000001,0.5
420.4000,  1.00000000,1,0,0.025000000000000001,0.5
420.4333,  1.00000000,1,0,0.074999999999999997,0.5
420.4667,  1.00000000,1,0,0.074999999999999997,0.5
420.5000,  1.00000000,1,0,0.050000000000000003,0.5
420.5333,  1.00000000,1,0,0.025000000000000001,0.5
420.5667,  1.00000000,1,0,0.025000000000000001,0.5
420.6000,  1.00000000,1,0,0.074999999999999997,0.5
420.6333,  1.00000000,1,0,0.074999999999999997,0.5
420.6667,  1.00000000,1,0,0.074999999999999997,0.5
420.7000,  1.00000000,1,0,0.025000000000000001,0.5
420.7333,  1.00000000,1,0,0.050000000000000003,0.5
420.7667,  1.00000000,1,0,0.074999999999999997,0.5
420.8000,  1.00000000,1,0,0.050000000000000003,0.5
420.8333,  1.00000000,1,0,0.050000000000000003,0.5
420.8667,  1.00000000,1,0,0.025000000000000001,0.5
420.9000,  1.00000000,1,0,0.025000000000000001,0.5
420.9333,  1.00000000,1,0,0.050000000000000003,0.5
420.9667,  1.00000000,1,0,0.025000000000000001,0.5
421.0000,  1.00000000,1,0,0.025000000000000001,0.5
421.0333,  1.00000000,1,0,0.0,0.5
421.0667,  1.00000000,1,0,0.050000000000000003,0.5
421.1000,  1.00000000,1,0,0.050000000000000003,0.5
421.1333,  1.00000000,1,0,0.074999999999999997,0.5
421.1667,  1.00000000,1,0,0.074999999999999997,0.5
421.2000,  1.00000000,1,0,0.025000000000000001,0.5
421.2333,  1.00000000,1,0,0.025000000000000001,0.5
421.2667,  1.00000000,1,0,0.050000000000000003,0.5
421.3000,  1.00000000,1,0,0.050000000000000003,0.5
421.3333,  1.00000000,1,0,0.050000000000000003,0.5
421.3667,  1.00000000,1,0,0.050000000000000003,0.5
421.4000,  1.00000000,1,0,0.0,0.5
421.4333,  1.00000000,1,0,0.050000000000000003,0.5
421.4667,  1.00000000,1,0,0.050000000000000003,0.5
421.5000,  1.00000000,1,0,0.050000000000000003,0.5
421.5333,  1.00000000,1,0,0.074999999999999997,0.5
421.5667,  1.00000000,1,0,0.0,0.5
421.6000,  1.00000000,1,0,0.050000000000000003,0.5
421.6333,  1.00000000,1,0,0.050000000000000003,0.5
421.6667,  1.00000000,1,0,0.050000000000000003,0.5
421.7000,  1.00000000,1,0,0.074999999999999997,0.5
421.7333,  1.00000000,1,0,0.050000000000000003,0.5
421.7667,  1.00000000,1,0,0.050000000000000003,0.5
421.8000,  1.00000000,1,0,0.050000000000000003,0.5
421.8333,  1.00000000,1,0,0.050000000000000003,0.5
421.8667,  1.00000000,1,0,0.050000000000000003,0.5
421.9000,  1.00000000,1,0,0.074999999999999997,0.5
421.9333,  1.00000000,1,0,0.050000000000000003,0.5
421.9667,  1.00000000,1,0,0.074999999999999997,0.5
422.0000,  1.00000000,1,0,0.025000000000000001,0.5
422.0333,  1.00000000,1,0,0.074999999999999997,0.5
422.0667,  1.00000000,1,0,0.074999999999999997,0.5
422.1000,  1.00000000,1,0,0.0,0.5
422.1333,  1.00000000,1,0,0.050000000000000003,0.5
422.1667,  1.00000000,1,0,0.025000000000000001,0.5
422.2000,  1.00000000,1,0,0.074999999999999997,0.5
422.2333,  1.00000000,1,0,0.050000000000000003,0.5
422.2667,  1.00000000,1,0,0.050000000000000003,0.5
422.3000,  1.00000000,1,0,0.025000000000000001,0.5
422.3333,  1.00000000,1,0,0.025000000000000001,0.5
422.3667,  1.00000000,1,0,0.025000000000000001,0.5
422.4000,  1.00000000,1,0,0.050000000000000003,0.5
422.4333,  1.00000000,1,0,0.025000000000000001,0.5
422.4667,  1.00000000,1,0,0.074999999999999997,0.5
422.5000,  1.00000000,1,0,0.050000000000000003,0.5
422.5333,  1.00000000,1,0,0.050000000000000003,0.5
422.5667,  1.00000000,1,0,0.025000000000000001,0.5
422.6000,  1.00000000,1,0,0.025000000000000001,0.5
422.6333,  1.00000000,1,0,0.050000000000000003,0.5
422.6667,  1.00000000,1,0,0.025000000000000001,0.5
422.7000,  1.00000000,1,0,0.050000000000000003,0.5
422.7333,  1.00000000,1,0,0.025000000000000001,0.5
422.7667,  1.00000000,1,0,0.0,0.5
422.8000,  1.00000000,1,0,0.050000000000000003,0.5
422.8333,  1.00000000,1,0,0.050000000000000003,0.5
422.8667,  1.00000000,1,0,0.025000000000000001,0.5
422.9000,  1.00000000,1,0,0.050000000000000003,0.5
422.9333,  1.00000000,1,0,0.025000000000000001,0.5
422.9667,  1.00000000,1,0,0.074999999999999997,0.5
423.0000,  1.00000000,1,0,0.025000000000000001,0.5
423.0333,  1.00000000,1,0,0.050000000000000003,0.5
423.0667,  1.00000000,1,0,0.050000000000000003,0.5
423.1000,  1.00000000,1,0,0.074999999999999997,0.5
423.1333,  1.00000000,1,0,0.074999999999999997,0.5
423.1667,  1.00000000,1,0,0.050000000000000003,0.5
423.2000,  1.00000000,1,0,0.050000000000000003,0.5
423.2333,  1.00000000,1,0,0.025000000000000001,0.5
423.2667,  1.00000000,1,0,0.050000000000000003,0.5
423.3000,  1.00000000,1,0,0.025000000000000001,0.5
423.3333,  1.00000000,1,0,0.074999999999999997,0.5
423.3667,  1.00000000,1,0,0.025000000000000001,0.5
423.4000,  1.00000000,1,0,0.025000000000000001,0.5
423.4333,  1.00000000,1,0,0.050000000000000003,0.5
423.4667,  1.00000000,1,0,0.050000000000000003,0.5
423.5000,  1.00000000,1,0,0.025000000000000001,0.5
423.5333,  1.00000000,1,0,0.074999999999999997,0.5
423.5667,  1.00000000,1,0,0.0,0.5
423.6000,  1.00000000,1,0,0.025000000000000001,0.5
423.6333,  1.00000000,1,0,0.025000000000000001,0.5
423.6667,  1.00000000,1,0,0.050000000000000003,0.5
423.7000,  1.00000000,1,0,0.050000000000000003,0.5
423.7333,  1.00000000,1,0,0.050000000000000003,0.5
423.7667,  1.00000000,1,0,0.050000000000000003,0.5
423.8000,  1.00000000,1,0,0.025000000000000001,0.5
423.8333,  1.00000000,1,0,0.025000000000000001,0.5
423.8667,  1.00000000,1,0,0.050000000000000003,0.5
423.9000,  1.00000000,1,0,0.050000000000000003,0.5
423.9333,  1.00000000,1,0,0.050000000000000003,0.5
423.9667,  1.00000000,1,0,0.050000000000000003,0.5
424.0000,  1.00000000,1,0,0.050000000000000003,0.5
424.0333,  1.00000000,1,0,0.050000000000000003,0.5
424.0667,  1.00000000,1,0,0.050000000000000003,0.5
424.1000,  1.00000000,1,0,0.0,0.5
424.1333,  1.00000000,1,0,0.050000000000000003,0.5
424.1667,  1.00000000,1,0,0.025000000000000001,0.5
424.2000,  1.00000000,1,0,0.025000000000000001,0.5
424.2333,  1.00000000,1,0,0.074999999999999997,0.5
424.2667,  1.00000000,1,0,0.025000000000000001,0.5
424.3000,  1.00000000,1,0,0.025000000000000001,0.5
424.3333,  1.00000000,1,0,0.050000000000000003,0.5
424.3667,  1.00000000,1,0,0.074999999999999997,0.5
424.4000,  1.00000000,1,0,0.025000000000000001,0.5
424.4333,  1.00000000,1,0,0.050000000000000003,0.5
424.4667,  1.00000000,1,0,0.050000000000000003,0.5
424.5000,  1.00000000,1,0,0.050000000000000003,0.5
424.5333,  1.00000000,1,0,0.074999999999999997,0.5
424.5667,  1.00000000,1,0,0.074999999999999997,0.5
424.6000,  1.00000000,1,0,0.050000000000000003,0.5
424.6333,  1.00000000,1,0,0.050000000000000003,0.5
424.6667,  1.00000000,1,0,0.074999999999999997,0.5
424.7000,  1.00000000,1,0,0.074999999999999997,0.5
424.7333,  1.00000000,1,0,0.050000000000000003,0.5
424.7667,  1.00000000,1,0,0.050000000000000003,0.5
424.8000,  1.00000000,1,0,0.050000000000000003,0.5
424.8333,  1.00000000,1,0,0.050000000000000003,0.5
424.8667,  1.00000000,1,0,0.074999999999999997,0.5
424.9000,  1.00000000,1,0,0.074999999999999997,0.5
424.9333,  1.00000000,1,0,0.050000000000000003,0.5
424.9667,  1.00000000,1,0,0.074999999999999997,0.5
425.0000,  1.00000000,1,0,0.050000000000000003,0.5
425.0333,  1.00000000,1,0,0.050000000000000003,0.5
425.0667,  1.00000000,1,0,0.050000000000000003,0.5
425.1000,  1.00000000,1,0,0.074999999999999997,0.5
425.1333,  1.00000000,1,0,0.050000000000000003,0.5
425.1667,  1.00000000,1,0,0.050000000000000003,0.5
425.2000,  1.00000000,1,0,0.050000000000000003,0.5
425.2333,  1.00000000,1,0,0.050000000000000003,0.5
425.2667,  1.00000000,1,0,0.025000000000000001,0.5
425.3000,  1.00000000,1,0,0.074999999999999997,0.5
425.3333,  1.00000000,1,0,0.050000000000000003,0.5
425.3667,  1.00000000,1,0,0.0,0.5
425.4000,  1.00000000,1,0,0.025000000000000001,0.5
425.4333,  1.00000000,1,0,0.074999999999999997,0.5
425.4667,  1.00000000,1,0,0.025000000000000001,0.5
425.5000,  1.00000000,1,0,0.025000000000000001,0.5
425.5333,  1.00000000,1,0,0.025000000000000001,0.5
425.5667,  1.00000000,1,0,0.025000000000000001,0.5
425.6000,  1.00000000,1,0,0.0,0.5
425.6333,  1.00000000,1,0,0.050000000000000003,0.5
425.6667,  1.00000000,1,0,0.050000000000000003,0.5
425.7000,  1.00000000,1,0,0.025000000000000001,0.5
425.7333,  1.00000000,1,0,0.025000000000000001,0.5
425.7667,  1.00000000,1,0,0.025000000000000001,0.5
425.8000,  1.00000000,1,0,0.050000000000000003,0.5
425.8333,  1.00000000,1,0,0.025000000000000001,0.5
425.8667,  1.00000000,1,0,0.050000000000000003,0.5
425.9000,  1.00000000,1,0,0.074999999999999997,0.5
425.9333,  1.00000000,1,0,0.050000000000000003,0.5
425.9667,  1.00000000,1,0,0.0,0.5
426.0000,  1.00000000,1,0,0.074999999999999997,0.5
426.0333,  1.00000000,1,0,0.074999999999999997,0.5
426.0667,  1.00000000,1,0,0.074999999999999997,0.5
426.1000,  1.00000000,1,0,0.050000000000000003,0.5
426.1333,  1.00000000,1,0,0.025000000000000001,0.5
426.1667,  1.00000000,1,0,0.025000000000000001,0.5
426.2000,  1.00000000,1,0,0.074999999999999997,0.5
426.2333,  1.00000000,1,0,0.050000000000000003,0.5
426.2667,  1.00000000,1,0,0.074999999999999997,0.5
426.3000,  1.00000000,1,0,0.0,0.5
426.3333,  1.00000000,1,0,0.050000000000000003,0.5
426.3667,  1.00000000,1,0,0.074999999999999997,0.5
426.4000,  1.00000000,1,0,0.025000000000000001,0.5
426.4333,  1.00000000,1,0,0.025000000000000001,0.5
426.4667,  1.00000000,1,0,0.074999999999999997,0.5
426.5000,  1.00000000,1,0,0.050000000000000003,0.5
426.5333,  1.00000000,1,0,0.074999999999999997,0.5
426.5667,  1.00000000,1,0,0.050000000000000003,0.5
426.6000,  1.00000000,1,0,0.050000000000000003,0.5
426.6333,  1.00000000,1,0,0.025000000000000001,0.5
426.6667,  1.00000000,1,0,0.050000000000000003,0.5
426.7000,  1.00000000,1,0,0.074999999999999997,0.5
426.7333,  1.00000000,1,0,0.050000000000000003,0.5
426.7667,  1.00000000,1,0,0.050000000000000003,0.5
426.8000,  1.00000000,1,0,0.025000000000000001,0.5
426.8333,  1.00000000,1,0,0.025000000000000001,0.5
426.8667,  1.00000000,1,0,0.074999999999999997,0.5
426.9000,  1.00000000,1,0,0.050000000000000003,0.5
426.9333,  1.00000000,1,0,0.074999999999999997,0.5
426.9667,  1.00000000,1,0,0.025000000000000001,0.5
427.0000,  1.00000000,1,0,0.025000000000000001,0.5
427.0333,  1.00000000,1,0,0.050000000000000003,0.5
427.0667,  1.00000000,1,0,0.025000000000000001,0.5
427.1000,  1.00000000,1,0,0.0,0.5
427.1333,  1.00000000,1,0,0.050000000000000003,0.5
427.1667,  1.00000000,1,0,0.0,0.5
427.2000,  1.00000000,1,0,0.050000000000000003,0.5
427.2333,  1.00000000,1,0,0.0,0.5
427.2667,  1.00000000,1,0,0.050000000000000003,0.5
427.3000,  1.00000000,1,0,0.050000000000000003,0.5
427.3333,  1.00000000,1,0,0.074999999999999997,0.5
427.3667,  1.00000000,1,0,0.074999999999999997,0.5
427.4000,  1.00000000,1,0,0.050000000000000003,0.5
427.4333,  1.00000000,1,0,0.074999999999999997,0.5
427.4667,  1.00000000,1,0,0.050000000000000003,0.5
427.5000,  1.00000000,1,0,0.050000000000000003,0.5
427.5333,  1.00000000,1,0,0.050000000000000003,0.5
427.5667,  1.00000000,1,0,0.050000000000000003,0.5
427.6000,  1.00000000,1,0,0.050000000000000003,0.5
427.6333,  1.00000000,1,0,0.074999999999999997,0.5
427.6667,  1.00000000,1,0,0.050000000000000003,0.5
427.7000,  1.00000000,1,0,0.050000000000000003,0.5
427.7333,  1.00000000,1,0,0.050000000000000003,0.5
427.7667,  1.00000000,1,0,0.050000000000000003,0.5
427.8000,  1.00000000,1,0,0.050000000000000003,0.5
427.8333,  1.00000000,1,0,0.074999999999999997,0.5
427.8667,  1.00000000,1,0,0.025000000000000001,0.5
427.9000,  1.00000000,1,0,0.025000000000000001,0.5
427.9333,  1.00000000,1,0,0.050000000000000003,0.5
427.9667,  1.00000000,1,0,0.0,0.5
428.0000,  1.00000000,1,0,0.025000000000000001,0.5
428.0333,  1.00000000,1,0,0.074999999999999997,0.5
428.0667,  1.00000000,1,0,0.050000000000000003,0.5
428.1000,  1.00000000,1,0,0.050000000000000003,0.5
428.1333,  1.00000000,1,0,0.025000000000000001,0.5
428.1667,  1.00000000,1,0,0.050000000000000003,0.5
428.2000,  1.00000000,1,0,0.050000000000000003,0.5
428.2333,  1.00000000,1,0,0.025000000000000001,0.5
428.2667,  1.00000000,1,0,0.025000000000000001,0.5
428.3000,  1.00000000,1,0,0.025000000000000001,0.5
428.3333,  1.00000000,1,0,0.050000000000000003,0.5
428.3667,  1.00000000,1,0,0.074999999999999997,0.5
428.4000,  1.00000000,1,0,0.0,0.5
428.4333,  1.00000000,1,0,0.025000000000000001,0.5
428.4667,  1.00000000,1,0,0.025000000000000001,0.5
428.5000,  1.00000000,1,0,0.025000000000000001,0.5
428.5333,  1.00000000,1,0,0.050000000000000003,0.5
428.5667,  1.00000000,1,0,0.025000000000000001,0.5
428.6000,  1.00000000,1,0,0.074999999999999997,0.5
428.6333,  1.00000000,1,0,0.050000000000000003,0.5
428.6667,  1.00000000,1,0,0.050000000000000003,0.5
428.7000,  1.00000000,1,0,0.025000000000000001,0.5
428.7333,  1.00000000,1,0,0.025000000000000001,0.5
428.7667,  1.00000000,1,0,0.0,0.5
428.8000,  1.00000000,1,0,0.050000000000000003,0.5
428.8333,  1.00000000,1,0,0.050000000000000003,0.5
428.8667,  1.00000000,1,0,0.074999999999999997,0.5
428.9000,  1.00000000,1,0,0.050000000000000003,0.5
428.9333,  1.00000000,1,0,0.050000000000000003,0.5
428.9667,  1.00000000,1,0,0.050000000000000003,0.5
429.0000,  1.00000000,1,0,0.050000000000000003,0.5
429.0333,  1.00000000,1,0,0.025000000000000001,0.5
429.0667,  1.00000000,1,0,0.025000000000000001,0.5
429.1000,  1.00000000,1,0,0.0,0.5
429.1333,  1.00000000,1,0,0.050000000000000003,0.5
429.1667,  1.00000000,1,0,0.050000000000000003,0.5
429.2000,  1.00000000,1,0,0.025000000000000001,0.5
429.2333,  1.00000000,1,0,0.050000000000000003,0.5
429.2667,  1.00000000,1,0,0.0,0.5
429.3000,  1.00000000,1,0,0.050000000000000003,0.5
429.3333,  1.00000000,1,0,0.0,0.5
429.3667,  1.00000000,1,0,0.025000000000000001,0.5
429.4000,  1.00000000,1,0,0.025000000000000001,0.5
429.4333,  1.00000000,1,0,0.025000000000000001,0.5
429.4667,  1.00000000,1,0,0.050000000000000003,0.5
429.5000,  1.00000000,1,0,0.050000000000000003,0.5
429.5333,  1.00000000,1,0,0.050000000000000003,0.5
429.5667,  1.00000000,1,0,0.050000000000000003,0.5
429.6000,  1.00000000,1,0,0.050000000000000003,0.5
429.6333,  1.00000000,1,0,0.0,0.5
429.6667,  1.00000000,1,0,0.025000000000000001,0.5
429.7000,  1.00000000,1,0,0.074999999999999997,0.5
429.7333,  1.00000000,1,0,0.050000000000000003,0.5
429.7667,  1.00000000,1,0,0.074999999999999997,0.5
429.8000,  1.00000000,1,0,0.050000000000000003,0.5
429.8333,  1.00000000,1,0,0.025000000000000001,0.5
429.8667,  1.00000000,1,0,0.050000000000000003,0.5
429.9000,  1.00000000,1,0,0.025000000000000001,0.5
429.9333,  1.00000000,1,0,0.0,0.5
429.9667,  1.00000000,1,0,0.050000000000000003,0.5
430.0000,  1.00000000,1,0,0.074999999999999997,0.5
430.0333,  1.00000000,1,0,0.025000000000000001,0.5
430.0667,  1.00000000,1,0,0.025000000000000001,0.5
430.1000,  1.00000000,1,0,0.074999999999999997,0.5
430.1333,  1.00000000,1,0,0.050000000000000003,0.5
430.1667,  1.00000000,1,0,0.074999999999999997,0.5
430.2000,  1.00000000,1,0,0.050000000000000003,0.5
430.2333,  1.00000000,1,0,0.025000000000000001,0.5
430.2667,  1.00000000,1,0,0.050000000000000003,0.5
430.3000,  1.00000000,1,0,0.050000000000000003,0.5
430.3333,  1.00000000,1,0,0.025000000000000001,0.5
430.3667,  1.00000000,1,0,0.025000000000000001,0.5
430.4000,  1.00000000,1,0,0.025000000000000001,0.5
430.4333,  1.00000000,1,0,0.0,0.5
430.4667,  1.00000000,1,0,0.025000000000000001,0.5
430.5000,  1.00000000,1,0,0.0,0.5
430.5333,  1.00000000,1,0,0.050000000000000003,0.5
430.5667,  1.00000000,1,0,0.025000000000000001,0.5
430.6000,  1.00000000,1,0,0.0,0.5
430.6333,  1.00000000,1,0,0.025000000000000001,0.5
430.6667,  1.00000000,1,0,0.025000000000000001,0.5
430.7000,  1.00000000,1,0,0.050000000000000003,0.5
430.7333,  1.00000000,1,0,0.074999999999999997,0.5
430.7667,  1.00000000,1,0,0.050000000000000003,0.5
430.8000,  1.00000000,1,0,0.050000000000000003,0.5
430.8333,  1.00000000,1,0,0.025000000000000001,0.5
430.8667,  1.00000000,1,0,0.025000000000000001,0.5
430.9000,  1.00000000,1,0,0.025000000000000001,0.5
430.9333,  1.00000000,1,0,0.050000000000000003,0.5
430.9667,  1.00000000,1,0,0.025000000000000001,0.5
431.0000,  1.00000000,1,0,0.074999999999999997,0.5
431.0333,  1.00000000,1,0,0.050000000000000003,0.5
431.0667,  1.00000000,1,0,0.050000000000000003,0.5
431.1000,  1.00000000,1,0,0.025000000000000001,0.5
431.1333,  1.00000000,1,0,0.050000000000000003,0.5
431.1667,  1.00000000,1,0,0.0,0.5
431.2000,  1.00000000,1,0,0.025000000000000001,0.5
431.2333,  1.00000000,1,0,0.025000000000000001,0.5
431.2667,  1.00000000,1,0,0.025000000000000001,0.5
431.3000,  1.00000000,1,0,0.0,0.5
431.3333,  1.00000000,1,0,0.0,0.5
431.3667,  1.00000000,1,0,0.025000000000000001,0.5
431.4000,  1.00000000,1,0,0.050000000000000003,0.5
431.4333,  1.00000000,1,0,0.0,0.5
431.4667,  1.00000000,1,0,0.025000000000000001,0.5
431.5000,  1.00000000,1,0,0.025000000000000001,0.5
431.5333,  1.00000000,1,0,0.050000000000000003,0.5
431.5667,  1.00000000,1,0,0.025000000000000001,0.5
431.6000,  1.00000000,1,0,0.025000000000000001,0.5
431.6333,  1.00000000,1,0,0.050000000000000003,0.5
431.6667,  1.00000000,1,0,0.025000000000000001,0.5
431.7000,  1.00000000,1,0,0.074999999999999997,0.5
431.7333,  1.00000000,1,0,0.0,0.5
431.7667,  1.00000000,1,0,0.050000000000000003,0.5
431.8000,  1.00000000,1,0,0.074999999999999997,0.5
431.8333,  1.00000000,1,0,0.050000000000000003,0.5
431.8667,  1.00000000,1,0,0.050000000000000003,0.5
431.9000,  1.00000000,1,0,0.025000000000000001,0.5
431.9333,  1.00000000,1,0,0.074999999999999997,0.5
431.9667,  1.00000000,1,0,0.025000000000000001,0.5
432.0000,  1.00000000,1,0,0.050000000000000003,0.5
432.0333,  1.00000000,1,0,0.050000000000000003,0.5
432.0667,  1.00000000,1,0,0.025000000000000001,0.5
432.1000,  1.00000000,1,0,0.025000000000000001,0.5
432.1333,  1.00000000,1,0,0.0,0.5
432.1667,  1.00000000,1,0,0.050000000000000003,0.5
432.2000,  1.00000000,1,0,0.074999999999999997,0.5
432.2333,  1.00000000,1,0,0.074999999999999997,0.5
432.2667,  1.00000000,1,0,0.025000000000000001,0.5
432.3000,  1.00000000,1,0,0.025000000000000001,0.5
432.3333,  1.00000000,1,0,0.050000000000000003,0.5
432.3667,  1.00000000,1,0,0.025000000000000001,0.5
432.4000,  1.00000000,1,0,0.025000000000000001,0.5
432.4333,  1.00000000,1,0,0.025000000000000001,0.5
432.4667,  1.00000000,1,0,0.074999999999999997,0.5
432.5000,  1.00000000,1,0,0.050000000000000003,0.5
432.5333,  1.00000000,1,0,0.025000000000000001,0.5
432.5667,  1.00000000,1,0,0.050000000000000003,0.5
432.6000,  1.00000000,1,0,0.050000000000000003,0.5
432.6333,  1.00000000,1,0,0.050000000000000003,0.5
432.6667,  1.00000000,1,0,0.050000000000000003,0.5
432.7000,  1.00000000,1,0,0.025000000000000001,0.5
432.7333,  1.00000000,1,0,0.050000000000000003,0.5
432.7667,  1.00000000,1,0,0.050000000000000003,0.5
432.8000,  1.00000000,1,0,0.074999999999999997,0.5
432.8333,  1.00000000,1,0,0.050000000000000003,0.5
432.8667,  1.00000000,1,0,0.050000000000000003,0.5
432.9000,  1.00000000,1,0,0.025000000000000001,0.5
432.9333,  1.00000000,1,0,0.025000000000000001,0.5
432.9667,  1.00000000,1,0,0.050000000000000003,0.5
433.0000,  1.00000000,1,0,0.025000000000000001,0.5
433.0333,  1.00000000,1,0,0.025000000000000001,0.5
433.0667,  1.00000000,1,0,0.0,0.5
433.1000,  1.00000000,1,0,0.0,0.5
433.1333,  1.00000000,1,0,0.025000000000000001,0.5
433.1667,  1.00000000,1,0,0.050000000000000003,0.5
433.2000,  1.00000000,1,0,0.074999999999999997,0.5
433.2333,  1.00000000,1,0,0.025000000000000001,0.5
433.2667,  1.00000000,1,0,0.050000000000000003,0.5
433.3000,  1.00000000,1,0,0.050000000000000003,0.5
433.3333,  1.00000000,1,0,0.025000000000000001,0.5
433.3667,  1.00000000,1,0,0.050000000000000003,0.5
433.4000,  1.00000000,1,0,0.050000000000000003,0.5
433.4333,  1.00000000,1,0,0.0,0.5
433.4667,  1.00000000,1,0,0.0,0.5
433.5000,  1.00000000,1,0,0.0,0.5
433.5333,  1.00000000,1,0,0.0,0.5
433.5667,  1.00000000,1,0,0.025000000000000001,0.5
433.6000,  1.00000000,1,0,0.025000000000000001,0.5
433.6333,  1.00000000,1,0,0.025000000000000001,0.5
433.6667,  1.00000000,1,0,0.0,0.5
433.7000,  1.00000000,1,0,0.0,0.5
433.7333,  1.00000000,1,0,0.050000000000000003,0.5
433.7667,  1.00000000,1,0,0.050000000000000003,0.5
433.8000,  1.00000000,1,0,0.050000000000000003,0.5
433.8333,  1.00000000,1,0,0.074999999999999997,0.5
433.8667,  1.00000000,1,0,0.050000000000000003,0.5
433.9000,  1.00000000,1,0,0.025000000000000001,0.5
433.9333,  1.00000000,1,0,0.025000000000000001,0.5
433.9667,  1.00000000,1,0,0.050000000000000003,0.5
434.0000,  1.00000000,1,0,0.050000000000000003,0.5
434.0333,  1.00000000,1,0,0.0,0.5
434.0667,  1.00000000,1,0,0.050000000000000003,0.5
434.1000,  1.00000000,1,0,0.050000000000000003,0.5
434.1333,  1.00000000,1,0,0.050000000000000003,0.5
434.1667,  1.00000000,1,0,0.025000000000000001,0.5
434.2000,  1.00000000,1,0,0.050000000000000003,0.5
434.2333,  1.00000000,1,0,0.025000000000000001,0.5
434.2667,  1.00000000,1,0,0.074999999999999997,0.5
434.3000,  1.00000000,1,0,0.074999999999999997,0.5
434.3333,  1.00000000,1,0,0.025000000000000001,0.5
434.3667,  1.00000000,1,0,0.050000000000000003,0.5
434.4000,  1.00000000,1,0,0.025000000000000001,0.5
434.4333,  1.00000000,1,0,0.050000000000000003,0.5
434.4667,  1.00000000,1,0,0.050000000000000003,0.5
434.5000,  1.00000000,1,0,0.025000000000000001,0.5
434.5333,  1.00000000,1,0,0.050000000000000003,0.5
434.5667,  1.00000000,1,0,0.0,0.5
434.6000,  1.00000000,1,0,0.0,0.5
434.6333,  1.00000000,1,0,0.050000000000000003,0.5
434.6667,  1.00000000,1,0,0.050000000000000003,0.5
434.7000,  1.00000000,1,0,0.025000000000000001,0.5
434.7333,  1.00000000,1,0,0.025000000000000001,0.5
434.7667,  1.00000000,1,0,0.050000000000000003,0.5
434.8000,  1.00000000,1,0,0.025000000000000001,0.5
434.8333,  1.00000000,1,0,0.025000000000000001,0.5
434.8667,  1.00000000,1,0,0.050000000000000003,0.5
434.9000,  1.00000000,1,0,0.050000000000000003,0.5
434.9333,  1.00000000,1,0,0.074999999999999997,0.5
434.9667,  1.00000000,1,0,0.050000000000000003,0.5
435.0000,  1.00000000,1,0,0.025000000000000001,0.5
435.0333,  1.00000000,1,0,0.050000000000000003,0.5
435.0667,  1.00000000,1,0,0.050000000000000003,0.5
435.1000,  1.00000000,1,0,0.050000000000000003,0.5
435.1333,  1.00000000,1,0,0.025000000000000001,0.5
435.1667,  1.00000000,1,0,0.074999999999999997,0.5
435.2000,  1.00000000,1,0,0.025000000000000001,0.5
435.2333,  1.00000000,1,0,0.0,0.5
435.2667,  1.00000000,1,0,0.050000000000000003,0.5
435.3000,  1.00000000,1,0,0.050000000000000003,0.5
435.3333,  1.00000000,1,0,0.074999999999999997,0.5
435.3667,  1.00000000,1,0,0.074999999999999997,0.5
435.4000,  1.00000000,1,0,0.074999999999999997,0.5
435.4333,  1.00000000,1,0,0.074999999999999997,0.5
435.4667,  1.00000000,1,0,0.074999999999999997,0.5
435.5000,  1.00000000,1,0,0.025000000000000001,0.5
435.5333,  1.00000000,1,0,0.025000000000000001,0.5
435.5667,  1.00000000,1,0,0.050000000000000003,0.5
435.6000,  1.00000000,1,0,0.074999999999999997,0.5
435.6333,  1.00000000,1,0,0.050000000000000003,0.5
435.6667,  1.00000000,1,0,0.074999999999999997,0.5
435.7000,  1.00000000,1,0,0.025000000000000001,0.5
435.7333,  1.00000000,1,0,0.050000000000000003,0.5
435.7667,  1.00000000,1,0,0.074999999999999997,0.5
435.8000,  1.00000000,1,0,0.074999999999999997,0.5
435.8333,  1.00000000,1,0,0.050000000000000003,0.5
435.8667,  1.00000000,1,0,0.074999999999999997,0.5
435.9000,  1.00000000,1,0,0.050000000000000003,0.5
435.9333,  1.00000000,1,0,0.025000000000000001,0.5
435.9667,  1.00000000,1,0,0.050000000000000003,0.5
436.0000,  1.00000000,1,0,0.050000000000000003,0.5
436.0333,  1.00000000,1,0,0.025000000000000001,0.5
436.0667,  1.00000000,1,0,0.074999999999999997,0.5
436.1000,  1.00000000,1,0,0.074999999999999997,0.5
436.1333,  1.00000000,1,0,0.050000000000000003,0.5
436.1667,  1.00000000,1,0,0.050000000000000003,0.5
436.2000,  1.00000000,1,0,0.050000000000000003,0.5
436.2333,  1.00000000,1,0,0.050000000000000003,0.5
436.2667,  1.00000000,1,0,0.025000000000000001,0.5
436.3000,  1.00000000,1,0,0.0,0.5
436.3333,  1.00000000,1,0,0.025000000000000001,0.5
436.3667,  1.00000000,1,0,0.050000000000000003,0.5
436.4000,  1.00000000,1,0,0.074999999999999997,0.5
436.4333,  1.00000000,1,0,0.074999999999999997,0.5
436.4667,  1.00000000,1,0,0.0,0.5
436.5000,  1.00000000,1,0,0.0,0.5
436.5333,  1.00000000,1,0,0.050000000000000003,0.5
436.5667,  1.00000000,1,0,0.050000000000000003,0.5
436.6000,  1.00000000,1,0,0.074999999999999997,0.5
436.6333,  1.00000000,1,0,0.050000000000000003,0.5
436.6667,  1.00000000,1,0,0.025000000000000001,0.5
436.7000,  1.00000000,1,0,0.074999999999999997,0.5
436.7333,  1.00000000,1,0,0.025000000000000001,0.5
436.7667,  1.00000000,1,0,0.025000000000000001,0.5
436.8000,  1.00000000,1,0,0.050000000000000003,0.5
436.8333,  1.00000000,1,0,0.074999999999999997,0.5
436.8667,  1.00000000,1,0,0.074999999999999997,0.5
436.9000,  1.00000000,1,0,0.074999999999999997,0.5
436.9333,  1.00000000,1,0,0.050000000000000003,0.5
436.9667,  1.00000000,1,0,0.0,0.5
437.0000,  1.00000000,1,0,0.025000000000000001,0.5
437.0333,  1.00000000,1,0,0.074999999999999997,0.5
437.0667,  1.00000000,1,0,0.050000000000000003,0.5
437.1000,  1.00000000,1,0,0.025000000000000001,0.5
437.1333,  1.00000000,1,0,0.074999999999999997,0.5
437.1667,  1.00000000,1,0,0.050000000000000003,0.5
437.2000,  1.00000000,1,0,0.025000000000000001,0.5
437.2333,  1.00000000,1,0,0.050000000000000003,0.5
437.2667,  1.00000000,1,0,0.050000000000000003,0.5
437.3000,  1.00000000,1,0,0.025000000000000001,0.5
437.3333,  1.00000000,1,0,0.074999999999999997,0.5
437.3667,  1.00000000,1,0,0.025000000000000001,0.5
437.4000,  1.00000000,1,0,0.025000000000000001,0.5
437.4333,  1.00000000,1,0,0.050000000000000003,0.5
437.4667,  1.00000000,1,0,0.025000000000000001,0.5
437.5000,  1.00000000,1,0,0.074999999999999997,0.5
437.5333,  1.00000000,1,0,0.074999999999999997,0.5
437.5667,  1.00000000,1,0,0.050000000000000003,0.5
437.6000,  1.00000000,1,0,0.025000000000000001,0.5
437.6333,  1.00000000,1,0,0.050000000000000003,0.5
437.6667,  1.00000000,1,0,0.074999999999999997,0.5
437.7000,  1.00000000,1,0,0.025000000000000001,0.5
437.7333,  1.00000000,1,0,0.025000000000000001,0.5
437.7667,  1.00000000,1,0,0.074999999999999997,0.5
437.8000,  1.00000000,1,0,0.074999999999999997,0.5
437.8333,  1.00000000,1,0,0.074999999999999997,0.5
437.8667,  1.00000000,1,0,0.025000000000000001,0.5
437.9000,  1.00000000,1,0,0.074999999999999997,0.5
437.9333,  1.00000000,1,0,0.074999999999999997,0.5
437.9667,  1.00000000,1,0,0.074999999999999997,0.5
438.0000,  1.00000000,1,0,0.074999999999999997,0.5
438.0333,  1.00000000,1,0,0.050000000000000003,0.5
438.0667,  1.00000000,1,0,0.074999999999999997,0.5
438.1000,  1.00000000,1,0,0.074999999999999997,0.5
438.1333,  1.00000000,1,0,0.074999999999999997,0.5
438.1667,  1.00000000,1,0,0.074999999999999997,0.5
438.2000,  1.00000000,1,0,0.0,0.5
438.2333,  1.00000000,1,0,0.074999999999999997,0.5
438.2667,  1.00000000,1,0,0.050000000000000003,0.5
438.3000,  1.00000000,1,0,0.074999999999999997,0.5
438.3333,  1.00000000,1,0,0.050000000000000003,0.5
438.3667,  1.00000000,1,0,0.025000000000000001,0.5
438.4000,  1.00000000,1,0,0.074999999999999997,0.5
438.4333,  1.00000000,1,0,0.074999999999999997,0.5
438.4667,  1.00000000,1,0,0.050000000000000003,0.5
438.5000,  1.00000000,1,0,0.074999999999999997,0.5
438.5333,  1.00000000,1,0,0.025000000000000001,0.5
438.5667,  1.00000000,1,0,0.050000000000000003,0.5
438.6000,  1.00000000,1,0,0.074999999999999997,0.5
438.6333,  1.00000000,1,0,0.050000000000000003,0.5
438.6667,  1.00000000,1,0,0.025000000000000001,0.5
438.7000,  1.00000000,1,0,0.050000000000000003,0.5
438.7333,  1.00000000,1,0,0.025000000000000001,0.5
438.7667,  1.00000000,1,0,0.025000000000000001,0.5
438.8000,  1.00000000,1,0,0.050000000000000003,0.5
438.8333,  1.00000000,1,0,0.050000000000000003,0.5
438.8667,  1.00000000,1,0,0.025000000000000001,0.5
438.9000,  1.00000000,1,0,0.050000000000000003,0.5
438.9333,  1.00000000,1,0,0.050000000000000003,0.5
438.9667,  1.00000000,1,0,0.050000000000000003,0.5
439.0000,  1.00000000,1,0,0.050000000000000003,0.5
439.0333,  1.00000000,1,0,0.050000000000000003,0.5
439.0667,  1.00000000,1,0,0.050000000000000003,0.5
439.1000,  1.00000000,1,0,0.050000000000000003,0.5
439.1333,  1.00000000,1,0,0.025000000000000001,0.5
439.1667,  1.00000000,1,0,0.074999999999999997,0.5
439.2000,  1.00000000,1,0,0.050000000000000003,0.5
439.2333,  1.00000000,1,0,0.074999999999999997,0.5
439.2667,  1.00000000,1,0,0.050000000000000003,0.5
439.3000,  1.00000000,1,0,0.050000000000000003,0.5
439.3333,  1.00000000,1,0,0.074999999999999997,0.5
439.3667,  1.00000000,1,0,0.025000000000000001,0.5
439.4000,  1.00000000,1,0,0.025000000000000001,0.5
439.4333,  1.00000000,1,0,0.050000000000000003,0.5
439.4667,  1.00000000,1,0,0.0,0.5
439.5000,  1.00000000,1,0,0.050000000000000003,0.5
439.5333,  1.00000000,1,0,0.0,0.5
439.5667,  1.00000000,1,0,0.050000000000000003,0.5
439.6000,  1.00000000,1,0,0.074999999999999997,0.5
439.6333,  1.00000000,1,0,0.050000000000000003,0.5
439.6667,  1.00000000,1,0,0.074999999999999997,0.5
439.7000,  1.00000000,1,0,0.025000000000000001,0.5
439.7333,  1.00000000,1,0,0.025000000000000001,0.5
439.7667,  1.00000000,1,0,0.025000000000000001,0.5
439.8000,  1.00000000,1,0,0.025000000000000001,0.5
439.8333,  1.00000000,1,0,0.025000000000000001,0.5
439.8667,  1.00000000,1,0,0.050000000000000003,0.5
439.9000,  1.00000000,1,0,0.074999999999999997,0.5
439.9333,  1.00000000,1,0,0.050000000000000003,0.5
439.9667,  1.00000000,1,0,0.025000000000000001,0.5
440.0000,  1.00000000,1,0,0.025000000000000001,0.5
440.0333,  1.00000000,1,0,0.025000000000000001,0.5
440.0667,  1.00000000,1,0,0.050000000000000003,0.5
440.1000,  1.00000000,1,0,0.025000000000000001,0.5
440.1333,  1.00000000,1,0,0.025000000000000001,0.5
440.1667,  1.00000000,1,0,0.050000000000000003,0.5
440.2000,  1.00000000,1,0,0.050000000000000003,0.5
440.2333,  1.00000000,1,0,0.0,0.5
440.2667,  1.00000000,1,0,0.050000000000000003,0.5
440.3000,  1.00000000,1,0,0.074999999999999997,0.5
440.3333,  1.00000000,1,0,0.025000000000000001,0.5
440.3667,  1.00000000,1,0,0.074999999999999997,0.5
440.4000,  1.00000000,1,0,0.0,0.5
440.4333,  1.00000000,1,0,0.050000000000000003,0.5
440.4667,  1.00000000,1,0,0.025000000000000001,0.5
440.5000,  1.00000000,1,0,0.050000000000000003,0.5
440.5333,  1.00000000,1,0,0.074999999999999997,0.5
440.5667,  1.00000000,1,0,0.074999999999999997,0.5
440.6000,  1.00000000,1,0,0.050000000000000003,0.5
440.6333,  1.00000000,1,0,0.074999999999999997,0.5
440.6667,  1.00000000,1,0,0.074999999999999997,0.5
440.7000,  1.00000000,1,0,0.050000000000000003,0.5
440.7333,  1.00000000,1,0,0.025000000000000001,0.5
440.7667,  1.00000000,1,0,0.0,0.5
440.8000,  1.00000000,1,0,0.050000000000000003,0.5
440.8333,  1.00000000,1,0,0.050000000000000003,0.5
440.8667,  1.00000000,1,0,0.074999999999999997,0.5
440.9000,  1.00000000,1,0,0.025000000000000001,0.5
440.9333,  1.00000000,1,0,0.050000000000000003,0.5
440.9667,  1.00000000,1,0,0.025000000000000001,0.5
441.0000,  1.00000000,1,0,0.050000000000000003,0.5
441.0333,  1.00000000,1,0,0.025000000000000001,0.5
441.0667,  1.00000000,1,0,0.025000000000000001,0.5
441.1000,  1.00000000,1,0,0.074999999999999997,0.5
441.1333,  1.00000000,1,0,0.025000000000000001,0.5
441.1667,  1.00000000,1,0,0.025000000000000001,0.5
441.2000,  1.00000000,1,0,0.050000000000000003,0.5
441.2333,  1.00000000,1,0,0.050000000000000003,0.5
441.2667,  1.00000000,1,0,0.050000000000000003,0.5
441.3000,  1.00000000,1,0,0.050000000000000003,0.5
441.3333,  1.00000000,1,0,0.050000000000000003,0.5
441.3667,  1.00000000,1,0,0.050000000000000003,0.5
441.4000,  1.00000000,1,0,0.050000000000000003,0.5
441.4333,  1.00000000,1,0,0.050000000000000003,0.5
441.4667,  1.00000000,1,0,0.074999999999999997,0.5
441.5000,  1.00000000,1,0,0.050000000000000003,0.5
441.5333,  1.00000000,1,0,0.074999999999999997,0.5
441.5667,  1.00000000,1,0,0.074999999999999997,0.5
441.6000,  1.00000000,1,0,0.050000000000000003,0.5
441.6333,  1.00000000,1,0,0.025000000000000001,0.5
441.6667,  1.00000000,1,0,0.074999999999999997,0.5
441.7000,  1.00000000,1,0,0.074999999999999997,0.5
441.7333,  1.00000000,1,0,0.074999999999999997,0.5
441.7667,  1.00000000,1,0,0.074999999999999997,0.5
441.8000,  1.00000000,1,0,0.050000000000000003,0.5
441.8333,  1.00000000,1,0,0.050000000000000003,0.5
441.8667,  1.00000000,1,0,0.025000000000000001,0.5
441.9000,  1.00000000,1,0,0.025000000000000001,0.5
441.9333,  1.00000000,1,0,0.050000000000000003,0.5
441.9667,  1.00000000,1,0,0.025000000000000001,0.5
442.0000,  1.00000000,1,0,0.050000000000000003,0.5
442.0333,  1.00000000,1,0,0.050000000000000003,0.5
442.0667,  1.00000000,1,0,0.025000000000000001,0.5
442.1000,  1.00000000,1,0,0.025000000000000001,0.5
442.1333,  1.00000000,1,0,0.025000000000000001,0.5
442.1667,  1.00000000,1,0,0.025000000000000001,0.5
442.2000,  1.00000000,1,0,0.074999999999999997,0.5
442.2333,  1.00000000,1,0,0.025000000000000001,0.5
442.2667,  1.00000000,1,0,0.025000000000000001,0.5
442.3000,  1.00000000,1,0,0.050000000000000003,0.5
442.3333,  1.00000000,1,0,0.050000000000000003,0.5
442.3667,  1.00000000,1,0,0.074999999999999997,0.5
442.4000,  1.00000000,1,0,0.050000000000000003,0.5
442.4333,  1.00000000,1,0,0.050000000000000003,0.5
442.4667,  1.00000000,1,0,0.074999999999999997,0.5
442.5000,  1.00000000,1,0,0.025000000000000001,0.5
442.5333,  1.00000000,1,0,0.025000000000000001,0.5
442.5667,  1.00000000,1,0,0.0,0.5
442.6000,  1.00000000,1,0,0.074999999999999997,0.5
442.6333,  1.00000000,1,0,0.050000000000000003,0.5
442.6667,  1.00000000,1,0,0.074999999999999997,0.5
442.7000,  1.00000000,1,0,0.050000000000000003,0.5
442.7333,  1.00000000,1,0,0.050000000000000003,0.5
442.7667,  1.00000000,1,0,0.025000000000000001,0.5
442.8000,  1.00000000,1,0,0.025000000000000001,0.5
442.8333,  1.00000000,1,0,0.074999999999999997,0.5
442.8667,  1.00000000,1,0,0.074999999999999997,0.5
442.9000,  1.00000000,1,0,0.074999999999999997,0.5
442.9333,  1.00000000,1,0,0.074999999999999997,0.5
442.9667,  1.00000000,1,0,0.074999999999999997,0.5
443.0000,  1.00000000,1,0,0.074999999999999997,0.5
443.0333,  1.00000000,1,0,0.025000000000000001,0.5
443.0667,  1.00000000,1,0,0.050000000000000003,0.5
443.1000,  1.00000000,1,0,0.050000000000000003,0.5
443.1333,  1.00000000,1,0,0.050000000000000003,0.5
443.1667,  1.00000000,1,0,0.050000000000000003,0.5
443.2000,  1.00000000,1,0,0.050000000000000003,0.5
443.2333,  1.00000000,1,0,0.074999999999999997,0.5
443.2667,  1.00000000,1,0,0.074999999999999997,0.5
443.3000,  1.00000000,1,0,0.074999999999999997,0.5
443.3333,  1.00000000,1,0,0.074999999999999997,0.5
443.3667,  1.00000000,1,0,0.050000000000000003,0.5
443.4000,  1.00000000,1,0,0.074999999999999997,0.5
443.4333,  1.00000000,1,0,0.025000000000000001,0.5
443.4667,  1.00000000,1,0,0.0,0.5
443.5000,  1.00000000,1,0,0.050000000000000003,0.5
443.5333,  1.00000000,1,0,0.025000000000000001,0.5
443.5667,  1.00000000,1,0,0.050000000000000003,0.5
443.6000,  1.00000000,1,0,0.050000000000000003,0.5
443.6333,  1.00000000,1,0,0.0,0.5
443.6667,  1.00000000,1,0,0.050000000000000003,0.5
443.7000,  1.00000000,1,0,0.0,0.5
443.7333,  1.00000000,1,0,0.050000000000000003,0.5
443.7667,  1.00000000,1,0,0.074999999999999997,0.5
443.8000,  1.00000000,1,0,0.025000000000000001,0.5
443.8333,  1.00000000,1,0,0.0,0.5
443.8667,  1.00000000,1,0,0.050000000000000003,0.5
443.9000,  1.00000000,1,0,0.025000000000000001,0.5
443.9333,  1.00000000,1,0,0.025000000000000001,0.5
443.9667,  1.00000000,1,0,0.050000000000000003,0.5
444.0000,  1.00000000,1,0,0.025000000000000001,0.5
444.0333,  1.00000000,1,0,0.050000000000000003,0.5
444.0667,  1.00000000,1,0,0.0,0.5
444.1000,  1.00000000,1,0,0.050000000000000003,0.5
444.1333,  1.00000000,1,0,0.050000000000000003,0.5
444.1667,  1.00000000,1,0,0.050000000000000003,0.5
444.2000,  1.00000000,1,0,0.050000000000000003,0.5
444.2333,  1.00000000,1,0,0.074999999999999997,0.5
444.2667,  1.00000000,1,0,0.050000000000000003,0.5
444.3000,  1.00000000,1,0,0.074999999999999997,0.5
444.3333,  1.00000000,1,0,0.074999999999999997,0.5
444.3667,  1.00000000,1,0,0.050000000000000003,0.5
444.4000,  1.00000000,1,0,0.074999999999999997,0.5
444.4333,  1.00000000,1,0,0.025000000000000001,0.5
444.4667,  1.00000000,1,0,0.025000000000000001,0.5
444.5000,  1.00000000,1,0,0.050000000000000003,0.5
444.5333,  1.00000000,1,0,0.074999999999999997,0.5
444.5667,  1.00000000,1,0,0.025000000000000001,0.5
444.6000,  1.00000000,1,0,0.0,0.5
444.6333,  1.00000000,1,0,0.074999999999999997,0.5
444.6667,  1.00000000,1,0,0.074999999999999997,0.5
444.7000,  1.00000000,1,0,0.074999999999999997,0.5
444.7333,  1.00000000,1,0,0.050000000000000003,0.5
444.7667,  1.00000000,1,0,0.074999999999999997,0.5
444.8000,  1.00000000,1,0,0.050000000000000003,0.5
444.8333,  1.00000000,1,0,0.074999999999999997,0.5
444.8667,  1.00000000,1,0,0.074999999999999997,0.5
444.9000,  1.00000000,1,0,0.050000000000000003,0.5
444.9333,  1.00000000,1,0,0.050000000000000003,0.5
444.9667,  1.00000000,1,0,0.0,0.5
445.0000,  1.00000000,1,0,0.050000000000000003,0.5
445.0333,  1.00000000,1,0,0.0,0.5
445.0667,  1.00000000,1,0,0.050000000000000003,0.5
445.1000,  1.00000000,1,0,0.050000000000000003,0.5
445.1333,  1.00000000,1,0,0.050000000000000003,0.5
445.1667,  1.00000000,1,0,0.025000000000000001,0.5
445.2000,  1.00000000,1,0,0.025000000000000001,0.5
445.2333,  1.00000000,1,0,0.050000000000000003,0.5
445.2667,  1.00000000,1,0,0.0,0.5
445.3000,  1.00000000,1,0,0.0,0.5
445.3333,  1.00000000,1,0,0.050000000000000003,0.5
445.3667,  1.00000000,1,0,0.025000000000000001,0.5
445.4000,  1.00000000,1,0,0.0,0.5
445.4333,  1.00000000,1,0,0.025000000000000001,0.5
445.4667,  1.00000000,1,0,0.0,0.5
445.5000,  1.00000000,1,0,0.025000000000000001,0.5
445.5333,  1.00000000,1,0,0.050000000000000003,0.5
445.5667,  1.00000000,1,0,0.025000000000000001,0.5
445.6000,  1.00000000,1,0,0.050000000000000003,0.5
445.6333,  1.00000000,1,0,0.025000000000000001,0.5
445.6667,  1.00000000,1,0,0.050000000000000003,0.5
445.7000,  1.00000000,1,0,0.0,0.5
445.7333,  1.00000000,1,0,0.074999999999999997,0.5
445.7667,  1.00000000,1,0,0.025000000000000001,0.5
445.8000,  1.00000000,1,0,0.025000000000000001,0.5
445.8333,  1.00000000,1,0,0.050000000000000003,0.5
445.8667,  1.00000000,1,0,0.050000000000000003,0.5
445.9000,  1.00000000,1,0,0.025000000000000001,0.5
445.9333,  1.00000000,1,0,0.074999999999999997,0.5
445.9667,  1.00000000,1,0,0.074999999999999997,0.5
446.0000,  1.00000000,1,0,0.025000000000000001,0.5
446.0333,  1.00000000,1,0,0.025000000000000001,0.5
446.0667,  1.00000000,1,0,0.025000000000000001,0.5
446.1000,  1.00000000,1,0,0.050000000000000003,0.5
446.1333,  1.00000000,1,0,0.074999999999999997,0.5
446.1667,  1.00000000,1,0,0.025000000000000001,0.5
446.2000,  1.00000000,1,0,0.050000000000000003,0.5
446.2333,  1.00000000,1,0,0.025000000000000001,0.5
446.2667,  1.00000000,1,0,0.050000000000000003,0.5
446.3000,  1.00000000,1,0,0.074999999999999997,0.5
446.3333,  1.00000000,1,0,0.050000000000000003,0.5
446.3667,  1.00000000,1,0,0.050000000000000003,0.5
446.4000,  1.00000000,1,0,0.074999999999999997,0.5
446.4333,  1.00000000,1,0,0.074999999999999997,0.5
446.4667,  1.00000000,1,0,0.074999999999999997,0.5
446.5000,  1.00000000,1,0,0.050000000000000003,0.5
446.5333,  1.00000000,1,0,0.050000000000000003,0.5
446.5667,  1.00000000,1,0,0.074999999999999997,0.5
446.6000,  1.00000000,1,0,0.074999999999999997,0.5
446.6333,  1.00000000,1,0,0.025000000000000001,0.5
446.6667,  1.00000000,1,0,0.050000000000000003,0.5
446.7000,  1.00000000,1,0,0.025000000000000001,0.5
446.7333,  1.00000000,1,0,0.050000000000000003,0.5
446.7667,  1.00000000,1,0,0.025000000000000001,0.5
446.8000,  1.00000000,1,0,0.050000000000000003,0.5
446.8333,  1.00000000,1,0,0.050000000000000003,0.5
446.8667,  1.00000000,1,0,0.050000000000000003,0.5
446.9000,  1.00000000,1,0,0.025000000000000001,0.5
446.9333,  1.00000000,1,0,0.050000000000000003,0.5
446.9667,  1.00000000,1,0,0.050000000000000003,0.5
447.0000,  1.00000000,1,0,0.025000000000000001,0.5
447.0333,  1.00000000,1,0,0.025000000000000001,0.5
447.0667,  1.00000000,1,0,0.050000000000000003,0.5
447.1000,  1.00000000,1,0,0.050000000000000003,0.5
447.1333,  1.00000000,1,0,0.025000000000000001,0.5
447.1667,  1.00000000,1,0,0.025000000000000001,0.5
447.2000,  1.00000000,1,0,0.050000000000000003,0.5
447.2333,  1.00000000,1,0,0.050000000000000003,0.5
447.2667,  1.00000000,1,0,0.050000000000000003,0.5
447.3000,  1.00000000,1,0,0.050000000000000003,0.5
447.3333,  1.00000000,1,0,0.074999999999999997,0.5
447.3667,  1.00000000,1,0,0.050000000000000003,0.5
447.4000,  1.00000000,1,0,0.025000000000000001,0.5
447.4333,  1.00000000,1,0,0.025000000000000001,0.5
447.4667,  1.00000000,1,0,0.074999999999999997,0.5
447.5000,  1.00000000,1,0,0.050000000000000003,0.5
447.5333,  1.00000000,1,0,0.0,0.5
447.5667,  1.00000000,1,0,0.074999999999999997,0.5
447.6000,  1.00000000,1,0,0.074999999999999997,0.5
447.6333,  1.00000000,1,0,0.025000000000000001,0.5
447.6667,  1.00000000,1,0,0.050000000000000003,0.5
447.7000,  1.00000000,1,0,0.074999999999999997,0.5
447.7333,  1.00000000,1,0,0.050000000000000003,0.5
447.7667,  1.00000000,1,0,0.050000000000000003,0.5
447.8000,  1.00000000,1,0,0.074999999999999997,0.5
447.8333,  1.00000000,1,0,0.025000000000000001,0.5
447.8667,  1.00000000,1,0,0.0,0.5
447.9000,  1.00000000,1,0,0.074999999999999997,0.5
447.9333,  1.00000000,1,0,0.050000000000000003,0.5
447.9667,  1.00000000,1,0,0.050000000000000003,0.5
448.0000,  1.00000000,1,0,0.050000000000000003,0.5
448.0333,  1.00000000,1,0,0.074999999999999997,0.5
448.0667,  1.00000000,1,0,0.050000000000000003,0.5
448.1000,  1.00000000,1,0,0.050000000000000003,0.5
448.1333,  1.00000000,1,0,0.074999999999999997,0.5
448.1667,  1.00000000,1,0,0.074999999999999997,0.5
448.2000,  1.00000000,1,0,0.074999999999999997,0.5
448.2333,  1.00000000,1,0,0.074999999999999997,0.5
448.2667,  1.00000000,1,0,0.074999999999999997,0.5
448.3000,  1.00000000,1,0,0.074999999999999997,0.5
448.3333,  1.00000000,1,0,0.074999999999999997,0.5
448.3667,  1.00000000,1,0,0.050000000000000003,0.5
448.4000,  1.00000000,1,0,0.074999999999999997,0.5
448.4333,  1.00000000,1,0,0.074999999999999997,0.5
448.4667,  1.00000000,1,0,0.074999999999999997,0.5
448.5000,  1.00000000,1,0,0.074999999999999997,0.5
448.5333,  1.00000000,1,0,0.050000000000000003,0.5
448.5667,  1.00000000,1,0,0.025000000000000001,0.5
448.6000,  1.00000000,1,0,0.050000000000000003,0.5
448.6333,  1.00000000,1,0,0.050000000000000003,0.5
448.6667,  1.00000000,1,0,0.0,0.5
448.7000,  1.00000000,1,0,0.025000000000000001,0.5
448.7333,  1.00000000,1,0,0.025000000000000001,0.5
448.7667,  1.00000000,1,0,0.050000000000000003,0.5
448.8000,  1.00000000,1,0,0.025000000000000001,0.5
448.8333,  1.00000000,1,0,0.025000000000000001,0.5
448.8667,  1.00000000,1,0,0.025000000000000001,0.5
448.9000,  1.00000000,1,0,0.050000000000000003,0.5
448.9333,  1.00000000,1,0,0.025000000000000001,0.5
448.9667,  1.00000000,1,0,0.050000000000000003,0.5
449.0000,  1.00000000,1,0,0.025000000000000001,0.5
449.0333,  1.00000000,1,0,0.074999999999999997,0.5
449.0667,  1.00000000,1,0,0.074999999999999997,0.5
449.1000,  1.00000000,1,0,0.025000000000000001,0.5
449.1333,  1.00000000,1,0,0.050000000000000003,0.5
449.1667,  1.00000000,1,0,0.0,0.5
449.2000,  1.00000000,1,0,0.0,0.5
449.2333,  1.00000000,1,0,0.025000000000000001,0.5
449.2667,  1.00000000,1,0,0.050000000000000003,0.5
449.3000,  1.00000000,1,0,0.050000000000000003,0.5
449.3333,  1.00000000,1,0,0.050000000000000003,0.5
449.3667,  1.00000000,1,0,0.050000000000000003,0.5
449.4000,  1.00000000,1,0,0.074999999999999997,0.5
449.4333,  1.00000000,1,0,0.074999999999999997,0.5
449.4667,  1.00000000,1,0,0.025000000000000001,0.5
449.5000,  1.00000000,1,0,0.050000000000000003,0.5
449.5333,  1.00000000,1,0,0.025000000000000001,0.5
449.5667,  1.00000000,1,0,0.074999999999999997,0.5
449.6000,  1.00000000,1,0,0.074999999999999997,0.5
449.6333,  1.00000000,1,0,0.025000000000000001,0.5
449.6667,  1.00000000,1,0,0.050000000000000003,0.5
449.7000,  1.00000000,1,0,0.050000000000000003,0.5
449.7333,  1.00000000,1,0,0.050000000000000003,0.5
449.7667,  1.00000000,1,0,0.074999999999999997,0.5
449.8000,  1.00000000,1,0,0.050000000000000003,0.5
449.8333,  1.00000000,1,0,0.074999999999999997,0.5
449.8667,  1.00000000,1,0,0.074999999999999997,0.5
449.9000,  1.00000000,1,0,0.025000000000000001,0.5
449.9333,  1.00000000,1,0,0.0,0.5
449.9667,  1.00000000,1,0,0.0,0.5
450.0000,  1.00000000,1,0,0.025000000000000001,0.5
450.0333,  1.00000000,1,0,0.074999999999999997,0.5
450.0667,  1.00000000,1,0,0.050000000000000003,0.5
450.1000,  1.00000000,1,0,0.025000000000000001,0.5
450.1333,  1.00000000,1,0,0.074999999999999997,0.5
450.1667,  1.00000000,1,0,0.0,0.5
450.2000,  1.00000000,1,0,0.050000000000000003,0.5
450.2333,  1.00000000,1,0,0.025000000000000001,0.5
450.2667,  1.00000000,1,0,0.025000000000000001,0.5
450.3000,  1.00000000,1,0,0.025000000000000001,0.5
450.3333,  1.00000000,1,0,0.074999999999999997,0.5
450.3667,  1.00000000,1,0,0.025000000000000001,0.5
450.4000,  1.00000000,1,0,0.0,0.5
450.4333,  1.00000000,1,0,0.025000000000000001,0.5
450.4667,  1.00000000,1,0,0.025000000000000001,0.5
450.5000,  1.00000000,1,0,0.050000000000000003,0.5
450.5333,  1.00000000,1,0,0.025000000000000001,0.5
450.5667,  1.00000000,1,0,0.025000000000000001,0.5
450.6000,  1.00000000,1,0,0.0,0.5
450.6333,  1.00000000,1,0,0.050000000000000003,0.5
450.6667,  1.00000000,1,0,0.025000000000000001,0.5
450.7000,  1.00000000,1,0,0.050000000000000003,0.5
450.7333,  1.00000000,1,0,0.025000000000000001,0.5
450.7667,  1.00000000,1,0,0.050000000000000003,0.5
450.8000,  1.00000000,1,0,0.0,0.5
450.8333,  1.00000000,1,0,0.050000000000000003,0.5
450.8667,  1.00000000,1,0,0.050000000000000003,0.5
450.9000,  1.00000000,1,0,0.025000000000000001,0.5
450.9333,  1.00000000,1,0,0.050000000000000003,0.5
450.9667,  1.00000000,1,0,0.025000000000000001,0.5
451.0000,  1.00000000,1,0,0.074999999999999997,0.5
451.0333,  1.00000000,1,0,0.025000000000000001,0.5
451.0667,  1.00000000,1,0,0.025000000000000001,0.5
451.1000,  1.00000000,1,0,0.050000000000000003,0.5
451.1333,  1.00000000,1,0,0.050000000000000003,0.5
451.1667,  1.00000000,1,0,0.0,0.5
451.2000,  1.00000000,1,0,0.025000000000000001,0.5
451.2333,  1.00000000,1,0,0.025000000000000001,0.5
451.2667,  1.00000000,1,0,0.050000000000000003,0.5
451.3000,  1.00000000,1,0,0.025000000000000001,0.5
451.3333,  1.00000000,1,0,0.025000000000000001,0.5
451.3667,  1.00000000,1,0,0.074999999999999997,0.5
451.4000,  1.00000000,1,0,0.050000000000000003,0.5
451.4333,  1.00000000,1,0,0.050000000000000003,0.5
451.4667,  1.00000000,1,0,0.025000000000000001,0.5
451.5000,  1.00000000,1,0,0.025000000000000001,0.5
451.5333,  1.00000000,1,0,0.0,0.5
451.5667,  1.00000000,1,0,0.050000000000000003,0.5
451.6000,  1.00000000,1,0,0.050000000000000003,0.5
451.6333,  1.00000000,1,0,0.050000000000000003,0.5
451.6667,  1.00000000,1,0,0.074999999999999997,0.5
451.7000,  1.00000000,1,0,0.0,0.5
451.7333,  1.00000000,1,0,0.025000000000000001,0.5
451.7667,  1.00000000,1,0,0.074999999999999997,0.5
451.8000,  1.00000000,1,0,0.074999999999999997,0.5
451.8333,  1.00000000,1,0,0.050000000000000003,0.5
451.8667,  1.00000000,1,0,0.025000000000000001,0.5
451.9000,  1.00000000,1,0,0.0,0.5
451.9333,  1.00000000,1,0,0.074999999999999997,0.5
451.9667,  1.00000000,1,0,0.074999999999999997,0.5
452.0000,  1.00000000,1,0,0.050000000000000003,0.5
452.0333,  1.00000000,1,0,0.074999999999999997,0.5
452.0667,  1.00000000,1,0,0.074999999999999997,0.5
452.1000,  1.00000000,1,0,0.074999999999999997,0.5
452.1333,  1.00000000,1,0,0.074999999999999997,0.5
452.1667,  1.00000000,1,0,0.074999999999999997,0.5
452.2000,  1.00000000,1,0,0.074999999999999997,0.5
452.2333,  1.00000000,1,0,0.074999999999999997,0.5
452.2667,  1.00000000,1,0,0.025000000000000001,0.5
452.3000,  1.00000000,1,0,0.025000000000000001,0.5
452.3333,  1.00000000,1,0,0.050000000000000003,0.5
452.3667,  1.00000000,1,0,0.025000000000000001,0.5
452.4000,  1.00000000,1,0,0.050000000000000003,0.5
452.4333,  1.00000000,1,0,0.074999999999999997,0.5
452.4667,  1.00000000,1,0,0.025000000000000001,0.5
452.5000,  1.00000000,1,0,0.074999999999999997,0.5
452.5333,  1.00000000,1,0,0.025000000000000001,0.5
452.5667,  1.00000000,1,0,0.050000000000000003,0.5
452.6000,  1.00000000,1,0,0.025000000000000001,0.5
452.6333,  1.00000000,1,0,0.050000000000000003,0.5
452.6667,  1.00000000,1,0,0.0,0.5
452.7000,  1.00000000,1,0,0.0,0.5
452.7333,  1.00000000,1,0,0.074999999999999997,0.5
452.7667,  1.00000000,1,0,0.025000000000000001,0.5
452.8000,  1.00000000,1,0,0.050000000000000003,0.5
452.8333,  1.00000000,1,0,0.025000000000000001,0.5
452.8667,  1.00000000,1,0,0.050000000000000003,0.5
452.9000,  1.00000000,1,0,0.050000000000000003,0.5
452.9333,  1.00000000,1,0,0.025000000000000001,0.5
452.9667,  1.00000000,1,0,0.025000000000000001,0.5
453.0000,  1.00000000,1,0,0.074999999999999997,0.5
453.0333,  1.00000000,1,0,0.050000000000000003,0.5
453.0667,  1.00000000,1,0,0.074999999999999997,0.5
453.1000,  1.00000000,1,0,0.074999999999999997,0.5
453.1333,  1.00000000,1,0,0.025000000000000001,0.5
453.1667,  1.00000000,1,0,0.0,0.5
453.2000,  1.00000000,1,0,0.025000000000000001,0.5
453.2333,  1.00000000,1,0,0.050000000000000003,0.5
453.2667,  1.00000000,1,0,0.050000000000000003,0.5
453.3000,  1.00000000,1,0,0.025000000000000001,0.5
453.3333,  1.00000000,1,0,0.050000000000000003,0.5
453.3667,  1.00000000,1,0,0.025000000000000001,0.5
453.4000,  1.00000000,1,0,0.050000000000000003,0.5
453.4333,  1.00000000,1,0,0.0,0.5
453.4667,  1.00000000,1,0,0.025000000000000001,0.5
453.5000,  1.00000000,1,0,0.074999999999999997,0.5
453.5333,  1.00000000,1,0,0.025000000000000001,0.5
453.5667,  1.00000000,1,0,0.050000000000000003,0.5
453.6000,  1.00000000,1,0,0.025000000000000001,0.5
453.6333,  1.00000000,1,0,0.050000000000000003,0.5
453.6667,  1.00000000,1,0,0.050000000000000003,0.5
453.7000,  1.00000000,1,0,0.025000000000000001,0.5
453.7333,  1.00000000,1,0,0.0,0.5
453.7667,  1.00000000,1,0,0.025000000000000001,0.5
453.8000,  1.00000000,1,0,0.074999999999999997,0.5
453.8333,  1.00000000,1,0,0.025000000000000001,0.5
453.8667,  1.00000000,1,0,0.050000000000000003,0.5
453.9000,  1.00000000,1,0,0.025000000000000001,0.5
453.9333,  1.00000000,1,0,0.050000000000000003,0.5
453.9667,  1.00000000,1,0,0.050000000000000003,0.5
454.0000,  1.00000000,1,0,0.050000000000000003,0.5
454.0333,  1.00000000,1,0,0.074999999999999997,0.5
454.0667,  1.00000000,1,0,0.074999999999999997,0.5
454.1000,  1.00000000,1,0,0.050000000000000003,0.5
454.1333,  1.00000000,1,0,0.074999999999999997,0.5
454.1667,  1.00000000,1,0,0.074999999999999997,0.5
454.2000,  1.00000000,1,0,0.050000000000000003,0.5
454.2333,  1.00000000,1,0,0.074999999999999997,0.5
454.2667,  1.00000000,1,0,0.050000000000000003,0.5
454.3000,  1.00000000,1,0,0.050000000000000003,0.5
454.3333,  1.00000000,1,0,0.074999999999999997,0.5
454.3667,  1.00000000,1,0,0.074999999999999997,0.5
454.4000,  1.00000000,1,0,0.050000000000000003,0.5
454.4333,  1.00000000,1,0,0.074999999999999997,0.5
454.4667,  1.00000000,1,0,0.050000000000000003,0.5
454.5000,  1.00000000,1,0,0.025000000000000001,0.5
454.5333,  1.00000000,1,0,0.0,0.5
454.5667,  1.00000000,1,0,0.025000000000000001,0.5
454.6000,  1.00000000,1,0,0.050000000000000003,0.5
454.6333,  1.00000000,1,0,0.050000000000000003,0.5
454.6667,  1.00000000,1,0,0.050000000000000003,0.5
454.7000,  1.00000000,1,0,0.025000000000000001,0.5
454.7333,  1.00000000,1,0,0.050000000000000003,0.5
454.7667,  1.00000000,1,0,0.074999999999999997,0.5
454.8000,  1.00000000,1,0,0.025000000000000001,0.5
454.8333,  1.00000000,1,0,0.050000000000000003,0.5
454.8667,  1.00000000,1,0,0.025000000000000001,0.5
454.9000,  1.00000000,1,0,0.050000000000000003,0.5
454.9333,  1.00000000,1,0,0.025000000000000001,0.5
454.9667,  1.00000000,1,0,0.025000000000000001,0.5
455.0000,  1.00000000,1,0,0.050000000000000003,0.5
455.0333,  1.00000000,1,0,0.050000000000000003,0.5
455.0667,  1.00000000,1,0,0.025000000000000001,0.5
455.1000,  1.00000000,1,0,0.025000000000000001,0.5
455.1333,  1.00000000,1,0,0.050000000000000003,0.5
455.1667,  1.00000000,1,0,0.050000000000000003,0.5
455.2000,  1.00000000,1,0,0.050000000000000003,0.5
455.2333,  1.00000000,1,0,0.0,0.5
455.2667,  1.00000000,1,0,0.025000000000000001,0.5
455.3000,  1.00000000,1,0,0.025000000000000001,0.5
455.3333,  1.00000000,1,0,0.025000000000000001,0.5
455.3667,  1.00000000,1,0,0.025000000000000001,0.5
455.4000,  1.00000000,1,0,0.025000000000000001,0.5
455.4333,  1.00000000,1,0,0.025000000000000001,0.5
455.4667,  1.00000000,1,0,0.025000000000000001,0.5
455.5000,  1.00000000,1,0,0.0,0.5
455.5333,  1.00000000,1,0,0.025000000000000001,0.5
455.5667,  1.00000000,1,0,0.0,0.5
455.6000,  1.00000000,1,0,0.050000000000000003,0.5
455.6333,  1.00000000,1,0,0.025000000000000001,0.5
455.6667,  1.00000000,1,0,0.0,0.5
455.7000,  1.00000000,1,0,0.050000000000000003,0.5
455.7333,  1.00000000,1,0,0.050000000000000003,0.5
455.7667,  1.00000000,1,0,0.050000000000000003,0.5
455.8000,  1.00000000,1,0,0.074999999999999997,0.5
455.8333,  1.00000000,1,0,0.050000000000000003,0.5
455.8667,  1.00000000,1,0,0.050000000000000003,0.5
455.9000,  1.00000000,1,0,0.025000000000000001,0.5
455.9333,  1.00000000,1,0,0.050000000000000003,0.5
455.9667,  1.00000000,1,0,0.074999999999999997,0.5
456.0000,  1.00000000,1,0,0.025000000000000001,0.5
456.0333,  1.00000000,1,0,0.074999999999999997,0.5
456.0667,  1.00000000,1,0,0.074999999999999997,0.5
456.1000,  1.00000000,1,0,0.074999999999999997,0.5
456.1333,  1.00000000,1,0,0.050000000000000003,0.5
456.1667,  1.00000000,1,0,0.074999999999999997,0.5
456.2000,  1.00000000,1,0,0.074999999999999997,0.5
456.2333,  1.00000000,1,0,0.050000000000000003,0.5
456.2667,  1.00000000,1,0,0.050000000000000003,0.5
456.3000,  1.00000000,1,0,0.050000000000000003,0.5
456.3333,  1.00000000,1,0,0.074999999999999997,0.5
456.3667,  1.00000000,1,0,0.0,0.5
456.4000,  1.00000000,1,0,0.050000000000000003,0.5
456.4333,  1.00000000,1,0,0.050000000000000003,0.5
456.4667,  1.00000000,1,0,0.025000000000000001,0.5
456.5000,  1.00000000,1,0,0.074999999999999997,0.5
456.5333,  1.00000000,1,0,0.025000000000000001,0.5
456.5667,  1.00000000,1,0,0.025000000000000001,0.5
456.6000,  1.00000000,1,0,0.025000000000000001,0.5
456.6333,  1.00000000,1,0,0.025000000000000001,0.5
456.6667,  1.00000000,1,0,0.0,0.5
456.7000,  1.00000000,1,0,0.025000000000000001,0.5
456.7333,  1.00000000,1,0,0.050000000000000003,0.5
456.7667,  1.00000000,1,0,0.025000000000000001,0.5
456.8000,  1.00000000,1,0,0.050000000000000003,0.5
456.8333,  1.00000000,1,0,0.0,0.5
456.8667,  1.00000000,1,0,0.050000000000000003,0.5
456.9000,  1.00000000,1,0,0.025000000000000001,0.5
456.9333,  1.00000000,1,0,0.025000000000000001,0.5
456.9667,  1.00000000,1,0,0.025000000000000001,0.5
457.0000,  1.00000000,1,0,0.025000000000000001,0.5
457.0333,  1.00000000,1,0,0.025000000000000001,0.5
457.0667,  1.00000000,1,0,0.0,0.5
457.1000,  1.00000000,1,0,0.0,0.5
457.1333,  1.00000000,1,0,0.0,0.5
457.1667,  1.00000000,1,0,0.074999999999999997,0.5
457.2000,  1.00000000,1,0,0.025000000000000001,0.5
457.2333,  1.00000000,1,0,0.025000000000000001,0.5
457.2667,  1.00000000,1,0,0.074999999999999997,0.5
457.3000,  1.00000000,1,0,0.025000000000000001,0.5
457.3333,  1.00000000,1,0,0.050000000000000003,0.5
457.3667,  1.00000000,1,0,0.0,0.5
457.4000,  1.00000000,1,0,0.025000000000000001,0.5
457.4333,  1.00000000,1,0,0.050000000000000003,0.5
457.4667,  1.00000000,1,0,0.0,0.5
457.5000,  1.00000000,1,0,0.050000000000000003,0.5
457.5333,  1.00000000,1,0,0.025000000000000001,0.5
457.5667,  1.00000000,1,0,0.025000000000000001,0.5
457.6000,  1.00000000,1,0,0.025000000000000001,0.5
457.6333,  1.00000000,1,0,0.025000000000000001,0.5
457.6667,  1.00000000,1,0,0.074999999999999997,0.5
457.7000,  1.00000000,1,0,0.025000000000000001,0.5
457.7333,  1.00000000,1,0,0.050000000000000003,0.5
457.7667,  1.00000000,1,0,0.050000000000000003,0.5
457.8000,  1.00000000,1,0,0.074999999999999997,0.5
457.8333,  1.00000000,1,0,0.050000000000000003,0.5
457.8667,  1.00000000,1,0,0.025000000000000001,0.5
457.9000,  1.00000000,1,0,0.050000000000000003,0.5
457.9333,  1.00000000,1,0,0.025000000000000001,0.5
457.9667,  1.00000000,1,0,0.025000000000000001,0.5
458.0000,  1.00000000,1,0,0.025000000000000001,0.5
458.0333,  1.00000000,1,0,0.025000000000000001,0.5
458.0667,  1.00000000,1,0,0.025000000000000001,0.5
458.1000,  1.00000000,1,0,0.025000000000000001,0.5
458.1333,  1.00000000,1,0,0.074999999999999997,0.5
458.1667,  1.00000000,1,0,0.025000000000000001,0.5
458.2000,  1.00000000,1,0,0.074999999999999997,0.5
458.2333,  1.00000000,1,0,0.050000000000000003,0.5
458.2667,  1.00000000,1,0,0.074999999999999997,0.5
458.3000,  1.00000000,1,0,0.074999999999999997,0.5
458.3333,  1.00000000,1,0,0.074999999999999997,0.5
458.3667,  1.00000000,1,0,0.025000000000000001,0.5
458.4000,  1.00000000,1,0,0.050000000000000003,0.5
458.4333,  1.00000000,1,0,0.050000000000000003,0.5
458.4667,  1.00000000,1,0,0.050000000000000003,0.5
458.5000,  1.00000000,1,0,0.074999999999999997,0.5
458.5333,  1.00000000,1,0,0.050000000000000003,0.5
458.5667,  1.00000000,1,0,0.0,0.5
458.6000,  1.00000000,1,0,0.050000000000000003,0.5
458.6333,  1.00000000,1,0,0.050000000000000003,0.5
458.6667,  1.00000000,1,0,0.050000000000000003,0.5
458.7000,  1.00000000,1,0,0.050000000000000003,0.5
458.7333,  1.00000000,1,0,0.074999999999999997,0.5
458.7667,  1.00000000,1,0,0.074999999999999997,0.5
458.8000,  1.00000000,1,0,0.050000000000000003,0.5
458.8333,  1.00000000,1,0,0.074999999999999997,0.5
458.8667,  1.00000000,1,0,0.050000000000000003,0.5
458.9000,  1.00000000,1,0,0.074999999999999997,0.5
458.9333,  1.00000000,1,0,0.050000000000000003,0.5
458.9667,  1.00000000,1,0,0.050000000000000003,0.5
459.0000,  1.00000000,1,0,0.025000000000000001,0.5
459.0333,  1.00000000,1,0,0.050000000000000003,0.5
459.0667,  1.00000000,1,0,0.074999999999999997,0.5
459.1000,  1.00000000,1,0,0.025000000000000001,0.5
459.1333,  1.00000000,1,0,0.025000000000000001,0.5
459.1667,  1.00000000,1,0,0.050000000000000003,0.5
459.2000,  1.00000000,1,0,0.025000000000000001,0.5
459.2333,  1.00000000,1,0,0.025000000000000001,0.5
459.2667,  1.00000000,1,0,0.025000000000000001,0.5
459.3000,  1.00000000,1,0,0.0,0.5
459.3333,  1.00000000,1,0,0.0,0.5
459.3667,  1.00000000,1,0,0.0,0.5
459.4000,  1.00000000,1,0,0.050000000000000003,0.5
459.4333,  1.00000000,1,0,0.025000000000000001,0.5
459.4667,  1.00000000,1,0,0.074999999999999997,0.5
459.5000,  1.00000000,1,0,0.025000000000000001,0.5
459.5333,  1.00000000,1,0,0.025000000000000001,0.5
459.5667,  1.00000000,1,0,0.025000000000000001,0.5
459.6000,  1.00000000,1,0,0.050000000000000003,0.5
459.6333,  1.00000000,1,0,0.0,0.5
459.6667,  1.00000000,1,0,0.050000000000000003,0.5
459.7000,  1.00000000,1,0,0.025000000000000001,0.5
459.7333,  1.00000000,1,0,0.025000000000000001,0.5
459.7667,  1.00000000,1,0,0.050000000000000003,0.5
459.8000,  1.00000000,1,0,0.025000000000000001,0.5
459.8333,  1.00000000,1,0,0.050000000000000003,0.5
459.8667,  1.00000000,1,0,0.050000000000000003,0.5
459.9000,  1.00000000,1,0,0.0,0.5
459.9333,  1.00000000,1,0,0.025000000000000001,0.5
459.9667,  1.00000000,1,0,0.0,0.5
460.0000,  1.00000000,1,0,0.025000000000000001,0.5
460.0333,  1.00000000,1,0,0.025000000000000001,0.5
460.0667,  1.00000000,1,0,0.025000000000000001,0.5
460.1000,  1.00000000,1,0,0.050000000000000003,0.5
460.1333,  1.00000000,1,0,0.0,0.5
460.1667,  1.00000000,1,0,0.074999999999999997,0.5
460.2000,  1.00000000,1,0,0.074999999999999997,0.5
460.2333,  1.00000000,1,0,0.050000000000000003,0.5
460.2667,  1.00000000,1,0,0.074999999999999997,0.5
460.3000,  1.00000000,1,0,0.074999999999999997,0.5
460.3333,  1.00000000,1,0,0.074999999999999997,0.5
460.3667,  1.00000000,1,0,0.050000000000000003,0.5
460.4000,  1.00000000,1,0,0.025000000000000001,0.5
460.4333,  1.00000000,1,0,0.074999999999999997,0.5
460.4667,  1.00000000,1,0,0.025000000000000001,0.5
460.5000,  1.00000000,1,0,0.025000000000000001,0.5
460.5333,  1.00000000,1,0,0.025000000000000001,0.5
460.5667,  1.00000000,1,0,0.074999999999999997,0.5
460.6000,  1.00000000,1,0,0.050000000000000003,0.5
460.6333,  1.00000000,1,0,0.0,0.5
460.6667,  1.00000000,1,0,0.050000000000000003,0.5
460.7000,  1.00000000,1,0,0.074999999999999997,0.5
460.7333,  1.00000000,1,0,0.025000000000000001,0.5
460.7667,  1.00000000,1,0,0.050000000000000003,0.5
460.8000,  1.00000000,1,0,0.025000000000000001,0.5
460.8333,  1.00000000,1,0,0.0,0.5
460.8667,  1.00000000,1,0,0.050000000000000003,0.5
460.9000,  1.00000000,1,0,0.074999999999999997,0.5
460.9333,  1.00000000,1,0,0.050000000000000003,0.5
460.9667,  1.00000000,1,0,0.050000000000000003,0.5
461.0000,  1.00000000,1,0,0.025000000000000001,0.5
461.0333,  1.00000000,1,0,0.050000000000000003,0.5
461.0667,  1.00000000,1,0,0.050000000000000003,0.5
461.1000,  1.00000000,1,0,0.025000000000000001,0.5
461.1333,  1.00000000,1,0,0.025000000000000001,0.5
461.1667,  1.00000000,1,0,0.050000000000000003,0.5
461.2000,  1.00000000,1,0,0.050000000000000003,0.5
461.2333,  1.00000000,1,0,0.050000000000000003,0.5
461.2667,  1.00000000,1,0,0.074999999999999997,0.5
461.3000,  1.00000000,1,0,0.050000000000000003,0.5
461.3333,  1.00000000,1,0,0.050000000000000003,0.5
461.3667,  1.00000000,1,0,0.050000000000000003,0.5
461.4000,  1.00000000,1,0,0.050000000000000003,0.5
461.4333,  1.00000000,1,0,0.074999999999999997,0.5
461.4667,  1.00000000,1,0,0.050000000000000003,0.5
461.5000,  1.00000000,1,0,0.074999999999999997,0.5
461.5333,  1.00000000,1,0,0.025000000000000001,0.5
461.5667,  1.00000000,1,0,0.025000000000000001,0.5
461.6000,  1.00000000,1,0,0.025000000000000001,0.5
461.6333,  1.00000000,1,0,0.0,0.5
461.6667,  1.00000000,1,0,0.0,0.5
461.7000,  1.00000000,1,0,0.074999999999999997,0.5
461.7333,  1.00000000,1,0,0.025000000000000001,0.5
461.7667,  1.00000000,1,0,0.050000000000000003,0.5
461.8000,  1.00000000,1,0,0.050000000000000003,0.5
461.8333,  1.00000000,1,0,0.074999999999999997,0.5
461.8667,  1.00000000,1,0,0.050000000000000003,0.5
461.9000,  1.00000000,1,0,0.050000000000000003,0.5
461.9333,  1.00000000,1,0,0.050000000000000003,0.5
461.9667,  1.00000000,1,0,0.025000000000000001,0.5
462.0000,  1.00000000,1,0,0.025000000000000001,0.5
462.0333,  1.00000000,1,0,0.025000000000000001,0.5
462.0667,  1.00000000,1,0,0.0,0.5
462.1000,  1.00000000,1,0,0.025000000000000001,0.5
462.1333,  1.00000000,1,0,0.025000000000000001,0.5
462.1667,  1.00000000,1,0,0.074999999999999997,0.5
462.2000,  1.00000000,1,0,0.074999999999999997,0.5
462.2333,  1.00000000,1,0,0.050000000000000003,0.5
462.2667,  1.00000000,1,0,0.074999999999999997,0.5
462.3000,  1.00000000,1,0,0.050000000000000003,0.5
462.3333,  1.00000000,1,0,0.025000000000000001,0.5
462.3667,  1.00000000,1,0,0.025000000000000001,0.5
462.4000,  1.00000000,1,0,0.050000000000000003,0.5
462.4333,  1.00000000,1,0,0.074999999999999997,0.5
462.4667,  1.00000000,1,0,0.074999999999999997,0.5
462.5000,  1.00000000,1,0,0.050000000000000003,0.5
462.5333,  1.00000000,1,0,0.074999999999999997,0.5
462.5667,  1.00000000,1,0,0.0,0.5
462.6000,  1.00000000,1,0,0.050000000000000003,0.5
462.6333,  1.00000000,1,0,0.050000000000000003,0.5
462.6667,  1.00000000,1,0,0.025000000000000001,0.5
462.7000,  1.00000000,1,0,0.050000000000000003,0.5
462.7333,  1.00000000,1,0,0.025000000000000001,0.5
462.7667,  1.00000000,1,0,0.025000000000000001,0.5
462.8000,  1.00000000,1,0,0.050000000000000003,0.5
462.8333,  1.00000000,1,0,0.050000000000000003,0.5
462.8667,  1.00000000,1,0,0.025000000000000001,0.5
462.9000,  1.00000000,1,0,0.050000000000000003,0.5
462.9333,  1.00000000,1,0,0.074999999999999997,0.5
462.9667,  1.00000000,1,0,0.074999999999999997,0.5
463.0000,  1.00000000,1,0,0.074999999999999997,0.5
463.0333,  1.00000000,1,0,0.050000000000000003,0.5
463.0667,  1.00000000,1,0,0.050000000000000003,0.5
463.1000,  1.00000000,1,0,0.074999999999999997,0.5
463.1333,  1.00000000,1,0,0.050000000000000003,0.5
463.1667,  1.00000000,1,0,0.050000000000000003,0.5
463.2000,  1.00000000,1,0,0.074999999999999997,0.5
463.2333,  1.00000000,1,0,0.0,0.5
463.2667,  1.00000000,1,0,0.050000000000000003,0.5
463.3000,  1.00000000,1,0,0.025000000000000001,0.5
463.3333,  1.00000000,1,0,0.025000000000000001,0.5
463.3667,  1.00000000,1,0,0.025000000000000001,0.5
463.4000,  1.00000000,1,0,0.050000000000000003,0.5
463.4333,  1.00000000,1,0,0.025000000000000001,0.5
463.4667,  1.00000000,1,0,0.074999999999999997,0.5
463.5000,  1.00000000,1,0,0.025000000000000001,0.5
463.5333,  1.00000000,1,0,0.050000000000000003,0.5
463.5667,  1.00000000,1,0,0.025000000000000001,0.5
463.6000,  1.00000000,1,0,0.025000000000000001,0.5
463.6333,  1.00000000,1,0,0.025000000000000001,0.5
463.6667,  1.00000000,1,0,0.0,0.5
463.7000,  1.00000000,1,0,0.050000000000000003,0.5
463.7333,  1.00000000,1,0,0.050000000000000003,0.5
463.7667,  1.00000000,1,0,0.025000000000000001,0.5
463.8000,  1.00000000,1,0,0.025000000000000001,0.5
463.8333,  1.00000000,1,0,0.025000000000000001,0.5
463.8667,  1.00000000,1,0,0.050000000000000003,0.5
463.9000,  1.00000000,1,0,0.074999999999999997,0.5
463.9333,  1.00000000,1,0,0.050000000000000003,0.5
463.9667,  1.00000000,1,0,0.025000000000000001,0.5
464.0000,  1.00000000,1,0,0.050000000000000003,0.5
464.0333,  1.00000000,1,0,0.025000000000000001,0.5
464.0667,  1.00000000,1,0,0.025000000000000001,0.5
464.1000,  1.00000000,1,0,0.074999999999999997,0.5
464.1333,  1.00000000,1,0,0.074999999999999997,0.5
464.1667,  1.00000000,1,0,0.0,0.5
464.2000,  1.00000000,1,0,0.0,0.5
464.2333,  1.00000000,1,0,0.025000000000000001,0.5
464.2667,  1.00000000,1,0,0.050000000000000003,0.5
464.3000,  1.00000000,1,0,0.025000000000000001,0.5
464.3333,  1.00000000,1,0,0.025000000000000001,0.5
464.3667,  1.00000000,1,0,0.050000000000000003,0.5
464.4000,  1.00000000,1,0,0.025000000000000001,0.5
464.4333,  1.00000000,1,0,0.050000000000000003,0.5
464.4667,  1.00000000,1,0,0.074999999999999997,0.5
464.5000,  1.00000000,1,0,0.050000000000000003,0.5
464.5333,  1.00000000,1,0,0.025000000000000001,0.5
464.5667,  1.00000000,1,0,0.074999999999999997,0.5
464.6000,  1.00000000,1,0,0.074999999999999997,0.5
464.6333,  1.00000000,1,0,0.050000000000000003,0.5
464.6667,  1.00000000,1,0,0.050000000000000003,0.5
464.7000,  1.00000000,1,0,0.025000000000000001,0.5
464.7333,  1.00000000,1,0,0.074999999999999997,0.5
464.7667,  1.00000000,1,0,0.074999999999999997,0.5
464.8000,  1.00000000,1,0,0.074999999999999997,0.5
464.8333,  1.00000000,1,0,0.074999999999999997,0.5
464.8667,  1.00000000,1,0,0.074999999999999997,0.5
464.9000,  1.00000000,1,0,0.074999999999999997,0.5
464.9333,  1.00000000,1,0,0.0,0.5
464.9667,  1.00000000,1,0,0.025000000000000001,0.5
465.0000,  1.00000000,1,0,0.025000000000000001,0.5
465.0333,  1.00000000,1,0,0.074999999999999997,0.5
465.0667,  1.00000000,1,0,0.074999999999999997,0.5
465.1000,  1.00000000,1,0,0.050000000000000003,0.5
465.1333,  1.00000000,1,0,0.025000000000000001,0.5
465.1667,  1.00000000,1,0,0.074999999999999997,0.5
465.2000,  1.00000000,1,0,0.0,0.5
465.2333,  1.00000000,1,0,0.0,0.5
465.2667,  1.00000000,1,0,0.074999999999999997,0.5
465.3000,  1.00000000,1,0,0.050000000000000003,0.5
465.3333,  1.00000000,1,0,0.050000000000000003,0.5
465.3667,  1.00000000,1,0,0.025000000000000001,0.5
465.4000,  1.00000000,1,0,0.050000000000000003,0.5
465.4333,  1.00000000,1,0,0.050000000000000003,0.5
465.4667,  1.00000000,1,0,0.074999999999999997,0.5
465.5000,  1.00000000,1,0,0.050000000000000003,0.5
465.5333,  1.00000000,1,0,0.025000000000000001,0.5
465.5667,  1.00000000,1,0,0.074999999999999997,0.5
465.6000,  1.00000000,1,0,0.074999999999999997,0.5
465.6333,  1.00000000,1,0,0.025000000000000001,0.5
465.6667,  1.00000000,1,0,0.050000000000000003,0.5
465.7000,  1.00000000,1,0,0.050000000000000003,0.5
465.7333,  1.00000000,1,0,0.074999999999999997,0.5
465.7667,  1.00000000,1,0,0.050000000000000003,0.5
465.8000,  1.00000000,1,0,0.050000000000000003,0.5
465.8333,  1.00000000,1,0,0.074999999999999997,0.5
465.8667,  1.00000000,1,0,0.074999999999999997,0.5
465.9000,  1.00000000,1,0,0.074999999999999997,0.5
465.9333,  1.00000000,1,0,0.050000000000000003,0.5
465.9667,  1.00000000,1,0,0.050000000000000003,0.5
466.0000,  1.00000000,1,0,0.025000000000000001,0.5
466.0333,  1.00000000,1,0,0.050000000000000003,0.5
466.0667,  1.00000000,1,0,0.050000000000000003,0.5
466.1000,  1.00000000,1,0,0.074999999999999997,0.5
466.1333,  1.00000000,1,0,0.074999999999999997,0.5
466.1667,  1.00000000,1,0,0.074999999999999997,0.5
466.2000,  1.00000000,1,0,0.050000000000000003,0.5
466.2333,  1.00000000,1,0,0.025000000000000001,0.5
466.2667,  1.00000000,1,0,0.025000000000000001,0.5
466.3000,  1.00000000,1,0,0.050000000000000003,0.5
466.3333,  1.00000000,1,0,0.050000000000000003,0.5
466.3667,  1.00000000,1,0,0.025000000000000001,0.5
466.4000,  1.00000000,1,0,0.025000000000000001,0.5
466.4333,  1.00000000,1,0,0.050000000000000003,0.5
466.4667,  1.00000000,1,0,0.025000000000000001,0.5
466.5000,  1.00000000,1,0,0.050000000000000003,0.5
466.5333,  1.00000000,1,0,0.050000000000000003,0.5
466.5667,  1.00000000,1,0,0.025000000000000001,0.5
466.6000,  1.00000000,1,0,0.025000000000000001,0.5
466.6333,  1.00000000,1,0,0.050000000000000003,0.5
466.6667,  1.00000000,1,0,0.025000000000000001,0.5
466.7000,  1.00000000,1,0,0.050000000000000003,0.5
466.7333,  1.00000000,1,0,0.074999999999999997,0.5
466.7667,  1.00000000,1,0,0.074999999999999997,0.5
466.8000,  1.00000000,1,0,0.050000000000000003,0.5
466.8333,  1.00000000,1,0,0.050000000000000003,0.5
466.8667,  1.00000000,1,0,0.025000000000000001,0.5
466.9000,  1.00000000,1,0,0.025000000000000001,0.5
466.9333,  1.00000000,1,0,0.025000000000000001,0.5
466.9667,  1.00000000,1,0,0.074999999999999997,0.5
467.0000,  1.00000000,1,0,0.050000000000000003,0.5
467.0333,  1.00000000,1,0,0.050000000000000003,0.5
467.0667,  1.00000000,1,0,0.050000000000000003,0.5
467.1000,  1.00000000,1,0,0.050000000000000003,0.5
467.1333,  1.00000000,1,0,0.074999999999999997,0.5
467.1667,  1.00000000,1,0,0.050000000000000003,0.5
467.2000,  1.00000000,1,0,0.050000000000000003,0.5
467.2333,  1.00000000,1,0,0.074999999999999997,0.5
467.2667,  1.00000000,1,0,0.025000000000000001,0.5
467.3000,  1.00000000,1,0,0.025000000000000001,0.5
467.3333,  1.00000000,1,0,0.074999999999999997,0.5
467.3667,  1.00000000,1,0,0.050000000000000003,0.5
467.4000,  1.00000000,1,0,0.074999999999999997,0.5
467.4333,  1.00000000,1,0,0.050000000000000003,0.5
467.4667,  1.00000000,1,0,0.050000000000000003,0.5
467.5000,  1.00000000,1,0,0.050000000000000003,0.5
467.5333,  1.00000000,1,0,0.074999999999999997,0.5
467.5667,  1.00000000,1,0,0.074999999999999997,0.5
467.6000,  1.00000000,1,0,0.074999999999999997,0.5
467.6333,  1.00000000,1,0,0.074999999999999997,0.5
467.6667,  1.00000000,1,0,0.074999999999999997,0.5
467.7000,  1.00000000,1,0,0.0,0.5
467.7333,  1.00000000,1,0,0.025000000000000001,0.5
467.7667,  1.00000000,1,0,0.025000000000000001,0.5
467.8000,  1.00000000,1,0,0.050000000000000003,0.5
467.8333,  1.00000000,1,0,0.025000000000000001,0.5
467.8667,  1.00000000,1,0,0.025000000000000001,0.5
467.9000,  1.00000000,1,0,0.074999999999999997,0.5
467.9333,  1.00000000,1,0,0.050000000000000003,0.5
467.9667,  1.00000000,1,0,0.050000000000000003,0.5
468.0000,  1.00000000,1,0,0.074999999999999997,0.5
468.0333,  1.00000000,1,0,0.025000000000000001,0.5
468.0667,  1.00000000,1,0,0.025000000000000001,0.5
468.1000,  1.00000000,1,0,0.050000000000000003,0.5
468.1333,  1.00000000,1,0,0.025000000000000001,0.5
468.1667,  1.00000000,1,0,0.074999999999999997,0.5
468.2000,  1.00000000,1,0,0.050000000000000003,0.5
468.2333,  1.00000000,1,0,0.050000000000000003,0.5
468.2667,  1.00000000,1,0,0.050000000000000003,0.5
468.3000,  1.00000000,1,0,0.074999999999999997,0.5
468.3333,  1.00000000,1,0,0.050000000000000003,0.5
468.3667,  1.00000000,1,0,0.050000000000000003,0.5
468.4000,  1.00000000,1,0,0.050000000000000003,0.5
468.4333,  1.00000000,1,0,0.050000000000000003,0.5
468.4667,  1.00000000,1,0,0.074999999999999997,0.5
468.5000,  1.00000000,1,0,0.074999999999999997,0.5
468.5333,  1.00000000,1,0,0.074999999999999997,0.5
468.5667,  1.00000000,1,0,0.074999999999999997,0.5
468.6000,  1.00000000,1,0,0.074999999999999997,0.5
468.6333,  1.00000000,1,0,0.050000000000000003,0.5
468.6667,  1.00000000,1,0,0.050000000000000003,0.5
468.7000,  1.00000000,1,0,0.025000000000000001,0.5
468.7333,  1.00000000,1,0,0.050000000000000003,0.5
468.7667,  1.00000000,1,0,0.025000000000000001,0.5
468.8000,  1.00000000,1,0,0.025000000000000001,0.5
468.8333,  1.00000000,1,0,0.074999999999999997,0.5
468.8667,  1.00000000,1,0,0.050000000000000003,0.5
468.9000,  1.00000000,1,0,0.0,0.5
468.9333,  1.00000000,1,0,0.025000000000000001,0.5
468.9667,  1.00000000,1,0,0.050000000000000003,0.5
469.0000,  1.00000000,1,0,0.025000000000000001,0.5
469.0333,  1.00000000,1,0,0.050000000000000003,0.5
469.0667,  1.00000000,1,0,0.0,0.5
469.1000,  1.00000000,1,0,0.0,0.5
469.1333,  1.00000000,1,0,0.0,0.5
469.1667,  1.00000000,1,0,0.025000000000000001,0.5
469.2000,  1.00000000,1,0,0.074999999999999997,0.5
469.2333,  1.00000000,1,0,0.074999999999999997,0.5
469.2667,  1.00000000,1,0,0.050000000000000003,0.5
469.3000,  1.00000000,1,0,0.050000000000000003,0.5
469.3333,  1.00000000,1,0,0.050000000000000003,0.5
469.3667,  1.00000000,1,0,0.074999999999999997,0.5
469.4000,  1.00000000,1,0,0.050000000000000003,0.5
469.4333,  1.00000000,1,0,0.050000000000000003,0.5
469.4667,  1.00000000,1,0,0.050000000000000003,0.5
469.5000,  1.00000000,1,0,0.025000000000000001,0.5
469.5333,  1.00000000,1,0,0.050000000000000003,0.5
469.5667,  1.00000000,1,0,0.074999999999999997,0.5
469.6000,  1.00000000,1,0,0.025000000000000001,0.5
469.6333,  1.00000000,1,0,0.025000000000000001,0.5
469.6667,  1.00000000,1,0,0.050000000000000003,0.5
469.7000,  1.00000000,1,0,0.074999999999999997,0.5
469.7333,  1.00000000,1,0,0.074999999999999997,0.5
469.7667,  1.00000000,1,0,0.025000000000000001,0.5
469.8000,  1.00000000,1,0,0.050000000000000003,0.5
469.8333,  1.00000000,1,0,0.025000000000000001,0.5
469.8667,  1.00000000,1,0,0.025000000000000001,0.5
469.9000,  1.00000000,1,0,0.050000000000000003,0.5
469.9333,  1.00000000,1,0,0.074999999999999997,0.5
469.9667,  1.00000000,1,0,0.0,0.5
470.0000,  1.00000000,1,0,0.050000000000000003,0.5
470.0333,  1.00000000,1,0,0.050000000000000003,0.5
470.0667,  1.00000000,1,0,0.0,0.5
470.1000,  1.00000000,1,0,0.025000000000000001,0.5
470.1333,  1.00000000,1,0,0.025000000000000001,0.5
470.1667,  1.00000000,1,0,0.025000000000000001,0.5
470.2000,  1.00000000,1,0,0.025000000000000001,0.5
470.2333,  1.00000000,1,0,0.050000000000000003,0.5
470.2667,  1.00000000,1,0,0.050000000000000003,0.5
470.3000,  1.00000000,1,0,0.025000000000000001,0.5
470.3333,  1.00000000,1,0,0.025000000000000001,0.5
470.3667,  1.00000000,1,0,0.050000000000000003,0.5
470.4000,  1.00000000,1,0,0.050000000000000003,0.5
470.4333,  1.00000000,1,0,0.025000000000000001,0.5
470.4667,  1.00000000,1,0,0.050000000000000003,0.5
470.5000,  1.00000000,1,0,0.050000000000000003,0.5
470.5333,  1.00000000,1,0,0.0,0.5
470.5667,  1.00000000,1,0,0.0,0.5
470.6000,  1.00000000,1,0,0.074999999999999997,0.5
470.6333,  1.00000000,1,0,0.074999999999999997,0.5
470.6667,  1.00000000,1,0,0.050000000000000003,0.5
470.7000,  1.00000000,1,0,0.0,0.5
470.7333,  1.00000000,1,0,0.025000000000000001,0.5
470.7667,  1.00000000,1,0,0.025000000000000001,0.5
470.8000,  1.00000000,1,0,0.025000000000000001,0.5
470.8333,  1.00000000,1,0,0.074999999999999997,0.5
470.8667,  1.00000000,1,0,0.025000000000000001,0.5
470.9000,  1.00000000,1,0,0.050000000000000003,0.5
470.9333,  1.00000000,1,0,0.050000000000000003,0.5
470.9667,  1.00000000,1,0,0.050000000000000003,0.5
471.0000,  1.00000000,1,0,0.025000000000000001,0.5
471.0333,  1.00000000,1,0,0.074999999999999997,0.5
471.0667,  1.00000000,1,0,0.025000000000000001,0.5
471.1000,  1.00000000,1,0,0.050000000000000003,0.5
471.1333,  1.00000000,1,0,0.025000000000000001,0.5
471.1667,  1.00000000,1,0,0.074999999999999997,0.5
471.2000,  1.00000000,1,0,0.0,0.5
471.2333,  1.00000000,1,0,0.0,0.5
471.2667,  1.00000000,1,0,0.074999999999999997,0.5
471.3000,  1.00000000,1,0,0.0,0.5
471.3333,  1.00000000,1,0,0.050000000000000003,0.5
471.3667,  1.00000000,1,0,0.050000000000000003,0.5
471.4000,  1.00000000,1,0,0.050000000000000003,0.5
471.4333,  1.00000000,1,0,0.025000000000000001,0.5
471.4667,  1.00000000,1,0,0.050000000000000003,0.5
471.5000,  1.00000000,1,0,0.025000000000000001,0.5
471.5333,  1.00000000,1,0,0.025000000000000001,0.5
471.5667,  1.00000000,1,0,0.050000000000000003,0.5
471.6000,  1.00000000,1,0,0.050000000000000003,0.5
471.6333,  1.00000000,1,0,0.025000000000000001,0.5
471.6667,  1.00000000,1,0,0.050000000000000003,0.5
471.7000,  1.00000000,1,0,0.050000000000000003,0.5
471.7333,  1.00000000,1,0,0.074999999999999997,0.5
471.7667,  1.00000000,1,0,0.050000000000000003,0.5
471.8000,  1.00000000,1,0,0.050000000000000003,0.5
471.8333,  1.00000000,1,0,0.0,0.5
471.8667,  1.00000000,1,0,0.074999999999999997,0.5
471.9000,  1.00000000,1,0,0.025000000000000001,0.5
471.9333,  1.00000000,1,0,0.074999999999999997,0.5
471.9667,  1.00000000,1,0,0.074999999999999997,0.5
472.0000,  1.00000000,1,0,0.025000000000000001,0.5
472.0333,  1.00000000,1,0,0.050000000000000003,0.5
472.0667,  1.00000000,1,0,0.025000000000000001,0.5
472.1000,  1.00000000,1,0,0.074999999999999997,0.5
472.1333,  1.00000000,1,0,0.074999999999999997,0.5
472.1667,  1.00000000,1,0,0.025000000000000001,0.5
472.2000,  1.00000000,1,0,0.050000000000000003,0.5
472.2333,  1.00000000,1,0,0.050000000000000003,0.5
472.2667,  1.00000000,1,0,0.025000000000000001,0.5
472.3000,  1.00000000,1,0,0.074999999999999997,0.5
472.3333,  1.00000000,1,0,0.025000000000000001,0.5
472.3667,  1.00000000,1,0,0.025000000000000001,0.5
472.4000,  1.00000000,1,0,0.025000000000000001,0.5
472.4333,  1.00000000,1,0,0.025000000000000001,0.5
472.4667,  1.00000000,1,0,0.0,0.5
472.5000,  1.00000000,1,0,0.050000000000000003,0.5
472.5333,  1.00000000,1,0,0.0,0.5
472.5667,  1.00000000,1,0,0.0,0.5
472.6000,  1.00000000,1,0,0.025000000000000001,0.5
472.6333,  1.00000000,1,0,0.0,0.5
472.6667,  1.00000000,1,0,0.050000000000000003,0.5
472.7000,  1.00000000,1,0,0.025000000000000001,0.5
472.7333,  1.00000000,1,0,0.050000000000000003,0.5
472.7667,  1.00000000,1,0,0.050000000000000003,0.5
472.8000,  1.00000000,1,0,0.025000000000000001,0.5
472.8333,  1.00000000,1,0,0.050000000000000003,0.5
472.8667,  1.00000000,1,0,0.025000000000000001,0.5
472.9000,  1.00000000,1,0,0.025000000000000001,0.5
472.9333,  1.00000000,1,0,0.074999999999999997,0.5
472.9667,  1.00000000,1,0,0.074999999999999997,0.5
473.0000,  1.00000000,1,0,0.050000000000000003,0.5
473.0333,  1.00000000,1,0,0.025000000000000001,0.5
473.0667,  1.00000000,1,0,0.050000000000000003,0.5
473.1000,  1.00000000,1,0,0.025000000000000001,0.5
473.1333,  1.00000000,1,0,0.050000000000000003,0.5
473.1667,  1.00000000,1,0,0.050000000000000003,0.5
473.2000,  1.00000000,1,0,0.050000000000000003,0.5
473.2333,  1.00000000,1,0,0.025000000000000001,0.5
473.2667,  1.00000000,1,0,0.0,0.5
473.3000,  1.00000000,1,0,0.074999999999999997,0.5
473.3333,  1.00000000,1,0,0.050000000000000003,0.5
473.3667,  1.00000000,1,0,0.025000000000000001,0.5
473.4000,  1.00000000,1,0,0.025000000000000001,0.5
473.4333,  1.00000000,1,0,0.050000000000000003,0.5
473.4667,  1.00000000,1,0,0.025000000000000001,0.5
473.5000,  1.00000000,1,0,0.025000000000000001,0.5
473.5333,  1.00000000,1,0,0.025000000000000001,0.5
473.5667,  1.00000000,1,0,0.050000000000000003,0.5
473.6000,  1.00000000,1,0,0.074999999999999997,0.5
473.6333,  1.00000000,1,0,0.074999999999999997,0.5
473.6667,  1.00000000,1,0,0.074999999999999997,0.5
473.7000,  1.00000000,1,0,0.050000000000000003,0.5
473.7333,  1.00000000,1,0,0.074999999999999997,0.5
473.7667,  1.00000000,1,0,0.025000000000000001,0.5
473.8000,  1.00000000,1,0,0.0,0.5
473.8333,  1.00000000,1,0,0.074999999999999997,0.5
473.8667,  1.00000000,1,0,0.050000000000000003,0.5
473.9000,  1.00000000,1,0,0.025000000000000001,0.5
473.9333,  1.00000000,1,0,0.050000000000000003,0.5
473.9667,  1.00000000,1,0,0.074999999999999997,0.5
474.0000,  1.00000000,1,0,0.025000000000000001,0.5
474.0333,  1.00000000,1,0,0.074999999999999997,0.5
474.0667,  1.00000000,1,0,0.050000000000000003,0.5
474.1000,  1.00000000,1,0,0.050000000000000003,0.5
474.1333,  1.00000000,1,0,0.050000000000000003,0.5
474.1667,  1.00000000,1,0,0.025000000000000001,0.5
474.2000,  1.00000000,1,0,0.025000000000000001,0.5
474.2333,  1.00000000,1,0,0.074999999999999997,0.5
474.2667,  1.00000000,1,0,0.025000000000000001,0.5
474.3000,  1.00000000,1,0,0.050000000000000003,0.5
474.3333,  1.00000000,1,0,0.025000000000000001,0.5
474.3667,  1.00000000,1,0,0.025000000000000001,0.5
474.4000,  1.00000000,1,0,0.0,0.5
474.4333,  1.00000000,1,0,0.050000000000000003,0.5
474.4667,  1.00000000,1,0,0.050000000000000003,0.5
474.5000,  1.00000000,1,0,0.0,0.5
474.5333,  1.00000000,1,0,0.025000000000000001,0.5
474.5667,  1.00000000,1,0,0.025000000000000001,0.5
474.6000,  1.00000000,1,0,0.025000000000000001,0.5
474.6333,  1.00000000,1,0,0.025000000000000001,0.5
474.6667,  1.00000000,1,0,0.050000000000000003,0.5
474.7000,  1.00000000,1,0,0.025000000000000001,0.5
474.7333,  1.00000000,1,0,0.050000000000000003,0.5
474.7667,  1.00000000,1,0,0.050000000000000003,0.5
474.8000,  1.00000000,1,0,0.025000000000000001,0.5
474.8333,  1.00000000,1,0,0.025000000000000001,0.5
474.8667,  1.00000000,1,0,0.050000000000000003,0.5
474.9000,  1.00000000,1,0,0.074999999999999997,0.5
474.9333,  1.00000000,1,0,0.050000000000000003,0.5
474.9667,  1.00000000,1,0,0.050000000000000003,0.5
475.0000,  1.00000000,1,0,0.050000000000000003,0.5
475.0333,  1.00000000,1,0,0.074999999999999997,0.5
475.0667,  1.00000000,1,0,0.074999999999999997,0.5
475.1000,  1.00000000,1,0,0.050000000000000003,0.5
475.1333,  1.00000000,1,0,0.050000000000000003,0.5
475.1667,  1.00000000,1,0,0.050000000000000003,0.5
475.2000,  1.00000000,1,0,0.0,0.5
475.2333,  1.00000000,1,0,0.050000000000000003,0.5
475.2667,  1.00000000,1,0,0.025000000000000001,0.5
475.3000,  1.00000000,1,0,0.025000000000000001,0.5
475.3333,  1.00000000,1,0,0.074999999999999997,0.5
475.3667,  1.00000000,1,0,0.050000000000000003,0.5
475.4000,  1.00000000,1,0,0.025000000000000001,0.5
475.4333,  1.00000000,1,0,0.025000000000000001,0.5
475.4667,  1.00000000,1,0,0.0,0.5
475.5000,  1.00000000,1,0,0.025000000000000001,0.5
475.5333,  1.00000000,1,0,0.074999999999999997,0.5
475.5667,  1.00000000,1,0,0.025000000000000001,0.5
475.6000,  1.00000000,1,0,0.025000000000000001,0.5
475.6333,  1.00000000,1,0,0.025000000000000001,0.5
475.6667,  1.00000000,1,0,0.025000000000000001,0.5
475.7000,  1.00000000,1,0,0.050000000000000003,0.5
475.7333,  1.00000000,1,0,0.050000000000000003,0.5
475.7667,  1.00000000,1,0,0.025000000000000001,0.5
475.8000,  1.00000000,1,0,0.074999999999999997,0.5
475.8333,  1.00000000,1,0,0.074999999999999997,0.5
475.8667,  1.00000000,1,0,0.050000000000000003,0.5
475.9000,  1.00000000,1,0,0.050000000000000003,0.5
475.9333,  1.00000000,1,0,0.074999999999999997,0.5
475.9667,  1.00000000,1,0,0.025000000000000001,0.5
476.0000,  1.00000000,1,0,0.050000000000000003,0.5
476.0333,  1.00000000,1,0,0.050000000000000003,0.5
476.0667,  1.00000000,1,0,0.074999999999999997,0.5
476.1000,  1.00000000,1,0,0.074999999999999997,0.5
476.1333,  1.00000000,1,0,0.025000000000000001,0.5
476.1667,  1.00000000,1,0,0.0,0.5
476.2000,  1.00000000,1,0,0.050000000000000003,0.5
476.2333,  1.00000000,1,0,0.025000000000000001,0.5
476.2667,  1.00000000,1,0,0.050000000000000003,0.5
476.3000,  1.00000000,1,0,0.050000000000000003,0.5
476.3333,  1.00000000,1,0,0.050000000000000003,0.5
476.3667,  1.00000000,1,0,0.050000000000000003,0.5
476.4000,  1.00000000,1,0,0.025000000000000001,0.5
476.4333,  1.00000000,1,0,0.025000000000000001,0.5
476.4667,  1.00000000,1,0,0.050000000000000003,0.5
476.5000,  1.00000000,1,0,0.050000000000000003,0.5
476.5333,  1.00000000,1,0,0.025000000000000001,0.5
476.5667,  1.00000000,1,0,0.074999999999999997,0.5
476.6000,  1.00000000,1,0,0.050000000000000003,0.5
476.6333,  1.00000000,1,0,0.0,0.5
476.6667,  1.00000000,1,0,0.0,0.5
476.7000,  1.00000000,1,0,0.050000000000000003,0.5
476.7333,  1.00000000,1,0,0.0,0.5
476.7667,  1.00000000,1,0,0.050000000000000003,0.5
476.8000,  1.00000000,1,0,0.025000000000000001,0.5
476.8333,  1.00000000,1,0,0.050000000000000003,0.5
476.8667,  1.00000000,1,0,0.025000000000000001,0.5
476.9000,  1.00000000,1,0,0.050000000000000003,0.5
476.9333,  1.00000000,1,0,0.050000000000000003,0.5
476.9667,  1.00000000,1,0,0.0,0.5
477.0000,  1.00000000,1,0,0.0,0.5
477.0333,  1.00000000,1,0,0.025000000000000001,0.5
477.0667,  1.00000000,1,0,0.050000000000000003,0.5
477.1000,  1.00000000,1,0,0.050000000000000003,0.5
477.1333,  1.00000000,1,0,0.050000000000000003,0.5
477.1667,  1.00000000,1,0,0.025000000000000001,0.5
477.2000,  1.00000000,1,0,0.050000000000000003,0.5
477.2333,  1.00000000,1,0,0.074999999999999997,0.5
477.2667,  1.00000000,1,0,0.025000000000000001,0.5
477.3000,  1.00000000,1,0,0.074999999999999997,0.5
477.3333,  1.00000000,1,0,0.050000000000000003,0.5
477.3667,  1.00000000,1,0,0.0,0.5
477.4000,  1.00000000,1,0,0.050000000000000003,0.5
477.4333,  1.00000000,1,0,0.050000000000000003,0.5
477.4667,  1.00000000,1,0,0.050000000000000003,0.5
477.5000,  1.00000000,1,0,0.025000000000000001,0.5
477.5333,  1.00000000,1,0,0.074999999999999997,0.5
477.5667,  1.00000000,1,0,0.025000000000000001,0.5
477.6000,  1.00000000,1,0,0.025000000000000001,0.5
477.6333,  1.00000000,1,0,0.050000000000000003,0.5
477.6667,  1.00000000,1,0,0.050000000000000003,0.5
477.7000,  1.00000000,1,0,0.025000000000000001,0.5
477.7333,  1.00000000,1,0,0.050000000000000003,0.5
477.7667,  1.00000000,1,0,0.050000000000000003,0.5
477.8000,  1.00000000,1,0,0.050000000000000003,0.5
477.8333,  1.00000000,1,0,0.025000000000000001,0.5
477.8667,  1.00000000,1,0,0.050000000000000003,0.5
477.9000,  1.00000000,1,0,0.074999999999999997,0.5
477.9333,  1.00000000,1,0,0.050000000000000003,0.5
477.9667,  1.00000000,1,0,0.050000000000000003,0.5
478.0000,  1.00000000,1,0,0.074999999999999997,0.5
478.0333,  1.00000000,1,0,0.025000000000000001,0.5
478.0667,  1.00000000,1,0,0.025000000000000001,0.5
478.1000,  1.00000000,1,0,0.0,0.5
478.1333,  1.00000000,1,0,0.050000000000000003,0.5
478.1667,  1.00000000,1,0,0.025000000000000001,0.5
478.2000,  1.00000000,1,0,0.050000000000000003,0.5
478.2333,  1.00000000,1,0,0.074999999999999997,0.5
478.2667,  1.00000000,1,0,0.050000000000000003,0.5
478.3000,  1.00000000,1,0,0.074999999999999997,0.5
478.3333,  1.00000000,1,0,0.025000000000000001,0.5
478.3667,  1.00000000,1,0,0.050000000000000003,0.5
478.4000,  1.00000000,1,0,0.074999999999999997,0.5
478.4333,  1.00000000,1,0,0.050000000000000003,0.5
478.4667,  1.00000000,1,0,0.074999999999999997,0.5
478.5000,  1.00000000,1,0,0.025000000000000001,0.5
478.5333,  1.00000000,1,0,0.050000000000000003,0.5
478.5667,  1.00000000,1,0,0.025000000000000001,0.5
478.6000,  1.00000000,1,0,0.025000000000000001,0.5
478.6333,  1.00000000,1,0,0.0,0.5
478.6667,  1.00000000,1,0,0.050000000000000003,0.5
478.7000,  1.00000000,1,0,0.025000000000000001,0.5
478.7333,  1.00000000,1,0,0.074999999999999997,0.5
478.7667,  1.00000000,1,0,0.0,0.5
478.8000,  1.00000000,1,0,0.025000000000000001,0.5
478.8333,  1.00000000,1,0,0.025000000000000001,0.5
478.8667,  1.00000000,1,0,0.050000000000000003,0.5
478.9000,  1.00000000,1,0,0.025000000000000001,0.5
478.9333,  1.00000000,1,0,0.050000000000000003,0.5
478.9667,  1.00000000,1,0,0.050000000000000003,0.5
479.0000,  1.00000000,1,0,0.0,0.5
479.0333,  1.00000000,1,0,0.050000000000000003,0.5
479.0667,  1.00000000,1,0,0.025000000000000001,0.5
479.1000,  1.00000000,1,0,0.025000000000000001,0.5
479.1333,  1.00000000,1,0,0.025000000000000001,0.5
479.1667,  1.00000000,1,0,0.0,0.5
479.2000,  1.00000000,1,0,0.050000000000000003,0.5
479.2333,  1.00000000,1,0,0.025000000000000001,0.5
479.2667,  1.00000000,1,0,0.074999999999999997,0.5
479.3000,  1.00000000,1,0,0.025000000000000001,0.5
479.3333,  1.00000000,1,0,0.025000000000000001,0.5
479.3667,  1.00000000,1,0,0.050000000000000003,0.5
479.4000,  1.00000000,1,0,0.0,0.5
479.4333,  1.00000000,1,0,0.025000000000000001,0.5
479.4667,  1.00000000,1,0,0.025000000000000001,0.5
479.5000,  1.00000000,1,0,0.025000000000000001,0.5
479.5333,  1.00000000,1,0,0.050000000000000003,0.5
479.5667,  1.00000000,1,0,0.025000000000000001,0.5
479.6000,  1.00000000,1,0,0.050000000000000003,0.5
479.6333,  1.00000000,1,0,0.050000000000000003,0.5
479.6667,  1.00000000,1,0,0.025000000000000001,0.5
479.7000,  1.00000000,1,0,0.050000000000000003,0.5
479.7333,  1.00000000,1,0,0.025000000000000001,0.5
479.7667,  1.00000000,1,0,0.050000000000000003,0.5
479.8000,  1.00000000,1,0,0.050000000000000003,0.5
479.8333,  1.00000000,1,0,0.074999999999999997,0.5
479.8667,  1.00000000,1,0,0.050000000000000003,0.5
479.9000,  1.00000000,1,0,0.074999999999999997,0.5
479.9333,  1.00000000,1,0,0.025000000000000001,0.5
479.9667,  1.00000000,1,0,0.050000000000000003,0.5
480.0000,  1.00000000,1,0,0.050000000000000003,0.5
480.0333,  1.00000000,1,0,0.025000000000000001,0.5
480.0667,  1.00000000,1,0,0.074999999999999997,0.5
480.1000,  1.00000000,1,0,0.050000000000000003,0.5
480.1333,  1.00000000,1,0,0.050000000000000003,0.5
480.1667,  1.00000000,1,0,0.025000000000000001,0.5
480.2000,  1.00000000,1,0,0.0,0.5
480.2333,  1.00000000,1,0,0.074999999999999997,0.5
480.2667,  1.00000000,1,0,0.074999999999999997,0.5
480.3000,  1.00000000,1,0,0.050000000000000003,0.5
480.3333,  1.00000000,1,0,0.050000000000000003,0.5
480.3667,  1.00000000,1,0,0.074999999999999997,0.5
480.4000,  1.00000000,1,0,0.050000000000000003,0.5
480.4333,  1.00000000,1,0,0.050000000000000003,0.5
480.4667,  1.00000000,1,0,0.050000000000000003,0.5
480.5000,  1.00000000,1,0,0.050000000000000003,0.5
480.5333,  1.00000000,1,0,0.050000000000000003,0.5
480.5667,  1.00000000,1,0,0.050000000000000003,0.5
480.6000,  1.00000000,1,0,0.050000000000000003,0.5
480.6333,  1.00000000,1,0,0.050000000000000003,0.5
480.6667,  1.00000000,1,0,0.050000000000000003,0.5
480.7000,  1.00000000,1,0,0.025000000000000001,0.5
480.7333,  1.00000000,1,0,0.050000000000000003,0.5
480.7667,  1.00000000,1,0,0.025000000000000001,0.5
480.8000,  1.00000000,1,0,0.025000000000000001,0.5
480.8333,  1.00000000,1,0,0.0,0.5
480.8667,  1.00000000,1,0,0.050000000000000003,0.5
480.9000,  1.00000000,1,0,0.025000000000000001,0.5
480.9333,  1.00000000,1,0,0.050000000000000003,0.5
480.9667,  1.00000000,1,0,0.050000000000000003,0.5
481.0000,  1.00000000,1,0,0.050000000000000003,0.5
481.0333,  1.00000000,1,0,0.025000000000000001,0.5
481.0667,  1.00000000,1,0,0.025000000000000001,0.5
481.1000,  1.00000000,1,0,0.025000000000000001,0.5
481.1333,  1.00000000,1,0,0.0,0.5
481.1667,  1.00000000,1,0,0.0,0.5
481.2000,  1.00000000,1,0,0.074999999999999997,0.5
481.2333,  1.00000000,1,0,0.0,0.5
481.2667,  1.00000000,1,0,0.025000000000000001,0.5
481.3000,  1.00000000,1,0,0.050000000000000003,0.5
481.3333,  1.00000000,1,0,0.050000000000000003,0.5
481.3667,  1.00000000,1,0,0.074999999999999997,0.5
481.4000,  1.00000000,1,0,0.025000000000000001,0.5
481.4333,  1.00000000,1,0,0.025000000000000001,0.5
481.4667,  1.00000000,1,0,0.025000000000000001,0.5
481.5000,  1.00000000,1,0,0.025000000000000001,0.5
481.5333,  1.00000000,1,0,0.050000000000000003,0.5
481.5667,  1.00000000,1,0,0.050000000000000003,0.5
481.6000,  1.00000000,1,0,0.0,0.5
481.6333,  1.00000000,1,0,0.0,0.5
481.6667,  1.00000000,1,0,0.025000000000000001,0.5
481.7000,  1.00000000,1,0,0.025000000000000001,0.5
481.7333,  1.00000000,1,0,0.050000000000000003,0.5
481.7667,  1.00000000,1,0,0.050000000000000003,0.5
481.8000,  1.00000000,1,0,0.050000000000000003,0.5
481.8333,  1.00000000,1,0,0.050000000000000003,0.5
481.8667,  1.00000000,1,0,0.0,0.5
481.9000,  1.00000000,1,0,0.050000000000000003,0.5
481.9333,  1.00000000,1,0,0.025000000000000001,0.5
481.9667,  1.00000000,1,0,0.025000000000000001,0.5
482.0000,  1.00000000,1,0,0.050000000000000003,0.5
482.0333,  1.00000000,1,0,0.074999999999999997,0.5
482.0667,  1.00000000,1,0,0.050000000000000003,0.5
482.1000,  1.00000000,1,0,0.025000000000000001,0.5
482.1333,  1.00000000,1,0,0.050000000000000003,0.5
482.1667,  1.00000000,1,0,0.050000000000000003,0.5
482.2000,  1.00000000,1,0,0.050000000000000003,0.5
482.2333,  1.00000000,1,0,0.074999999999999997,0.5
482.2667,  1.00000000,1,0,0.050000000000000003,0.5
482.3000,  1.00000000,1,0,0.025000000000000001,0.5
482.3333,  1.00000000,1,0,0.050000000000000003,0.5
482.3667,  1.00000000,1,0,0.025000000000000001,0.5
482.4000,  1.00000000,1,0,0.074999999999999997,0.5
482.4333,  1.00000000,1,0,0.0,0.5
482.4667,  1.00000000,1,0,0.025000000000000001,0.5
482.5000,  1.00000000,1,0,0.074999999999999997,0.5
482.5333,  1.00000000,1,0,0.025000000000000001,0.5
482.5667,  1.00000000,1,0,0.025000000000000001,0.5
482.6000,  1.00000000,1,0,0.025000000000000001,0.5
482.6333,  1.00000000,1,0,0.050000000000000003,0.5
482.6667,  1.00000000,1,0,0.074999999999999997,0.5
482.7000,  1.00000000,1,0,0.074999999999999997,0.5
482.7333,  1.00000000,1,0,0.025000000000000001,0.5
482.7667,  1.00000000,1,0,0.074999999999999997,0.5
482.8000,  1.00000000,1,0,0.050000000000000003,0.5
482.8333,  1.00000000,1,0,0.025000000000000001,0.5
482.8667,  1.00000000,1,0,0.050000000000000003,0.5
482.9000,  1.00000000,1,0,0.074999999999999997,0.5
482.9333,  1.00000000,1,0,0.050000000000000003,0.5
482.9667,  1.00000000,1,0,0.025000000000000001,0.5
483.0000,  1.00000000,1,0,0.050000000000000003,0.5
483.0333,  1.00000000,1,0,0.050000000000000003,0.5
483.0667,  1.00000000,1,0,0.050000000000000003,0.5
483.1000,  1.00000000,1,0,0.0,0.5
483.1333,  1.00000000,1,0,0.025000000000000001,0.5
483.1667,  1.00000000,1,0,0.050000000000000003,0.5
483.2000,  1.00000000,1,0,0.074999999999999997,0.5
483.2333,  1.00000000,1,0,0.025000000000000001,0.5
483.2667,  1.00000000,1,0,0.074999999999999997,0.5
483.3000,  1.00000000,1,0,0.074999999999999997,0.5
483.3333,  1.00000000,1,0,0.025000000000000001,0.5
483.3667,  1.00000000,1,0,0.025000000000000001,0.5
483.4000,  1.00000000,1,0,0.0,0.5
483.4333,  1.00000000,1,0,0.025000000000000001,0.5
483.4667,  1.00000000,1,0,0.050000000000000003,0.5
483.5000,  1.00000000,1,0,0.050000000000000003,0.5
483.5333,  1.00000000,1,0,0.025000000000000001,0.5
483.5667,  1.00000000,1,0,0.0,0.5
483.6000,  1.00000000,1,0,0.025000000000000001,0.5
483.6333,  1.00000000,1,0,0.050000000000000003,0.5
483.6667,  1.00000000,1,0,0.025000000000000001,0.5
483.7000,  1.00000000,1,0,0.025000000000000001,0.5
483.7333,  1.00000000,1,0,0.0,0.5
483.7667,  1.00000000,1,0,0.025000000000000001,0.5
483.8000,  1.00000000,1,0,0.025000000000000001,0.5
483.8333,  1.00000000,1,0,0.025000000000000001,0.5
483.8667,  1.00000000,1,0,0.025000000000000001,0.5
483.9000,  1.00000000,1,0,0.050000000000000003,0.5
483.9333,  1.00000000,1,0,0.025000000000000001,0.5
483.9667,  1.00000000,1,0,0.050000000000000003,0.5
484.0000,  1.00000000,1,0,0.050000000000000003,0.5
484.0333,  1.00000000,1,0,0.025000000000000001,0.5
484.0667,  1.00000000,1,0,0.050000000000000003,0.5
484.1000,  1.00000000,1,0,0.050000000000000003,0.5
484.1333,  1.00000000,1,0,0.025000000000000001,0.5
484.1667,  1.00000000,1,0,0.050000000000000003,0.5
484.2000,  1.00000000,1,0,0.050000000000000003,0.5
484.2333,  1.00000000,1,0,0.050000000000000003,0.5
484.2667,  1.00000000,1,0,0.050000000000000003,0.5
484.3000,  1.00000000,1,0,0.074999999999999997,0.5
484.3333,  1.00000000,1,0,0.074999999999999997,0.5
484.3667,  1.00000000,1,0,0.050000000000000003,0.5
484.4000,  1.00000000,1,0,0.0,0.5
484.4333,  1.00000000,1,0,0.025000000000000001,0.5
484.4667,  1.00000000,1,0,0.0,0.5
484.5000,  1.00000000,1,0,0.0,0.5
484.5333,  1.00000000,1,0,0.050000000000000003,0.5
484.5667,  1.00000000,1,0,0.074999999999999997,0.5
484.6000,  1.00000000,1,0,0.050000000000000003,0.5
484.6333,  1.00000000,1,0,0.074999999999999997,0.5
484.6667,  1.00000000,1,0,0.0,0.5
484.7000,  1.00000000,1,0,0.074999999999999997,0.5
484.7333,  1.00000000,1,0,0.050000000000000003,0.5
484.7667,  1.00000000,1,0,0.050000000000000003,0.5
484.8000,  1.00000000,1,0,0.050000000000000003,0.5
484.8333,  1.00000000,1,0,0.050000000000000003,0.5
484.8667,  1.00000000,1,0,0.050000000000000003,0.5
484.9000,  1.00000000,1,0,0.050000000000000003,0.5
484.9333,  1.00000000,1,0,0.025000000000000001,0.5
484.9667,  1.00000000,1,0,0.025000000000000001,0.5
485.0000,  1.00000000,1,0,0.074999999999999997,0.5
485.0333,  1.00000000,1,0,0.074999999999999997,0.5
485.0667,  1.00000000,1,0,0.074999999999999997,0.5
485.1000,  1.00000000,1,0,0.0,0.5
485.1333,  1.00000000,1,0,0.025000000000000001,0.5
485.1667,  1.00000000,1,0,0.025000000000000001,0.5
485.2000,  1.00000000,1,0,0.074999999999999997,0.5
485.2333,  1.00000000,1,0,0.050000000000000003,0.5
485.2667,  1.00000000,1,0,0.025000000000000001,0.5
485.3000,  1.00000000,1,0,0.050000000000000003,0.5
485.3333,  1.00000000,1,0,0.050000000000000003,0.5
485.3667,  1.00000000,1,0,0.050000000000000003,0.5
485.4000,  1.00000000,1,0,0.050000000000000003,0.5
485.4333,  1.00000000,1,0,0.050000000000000003,0.5
485.4667,  1.00000000,1,0,0.025000000000000001,0.5
485.5000,  1.00000000,1,0,0.025000000000000001,0.5
485.5333,  1.00000000,1,0,0.074999999999999997,0.5
485.5667,  1.00000000,1,0,0.025000000000000001,0.5
485.6000,  1.00000000,1,0,0.025000000000000001,0.5
485.6333,  1.00000000,1,0,0.050000000000000003,0.5
485.6667,  1.00000000,1,0,0.050000000000000003,0.5
485.7000,  1.00000000,1,0,0.025000000000000001,0.5
485.7333,  1.00000000,1,0,0.050000000000000003,0.5
485.7667,  1.00000000,1,0,0.074999999999999997,0.5
485.8000,  1.00000000,1,0,0.050000000000000003,0.5
485.8333,  1.00000000,1,0,0.025000000000000001,0.5
485.8667,  1.00000000,1,0,0.050000000000000003,0.5
485.9000,  1.00000000,1,0,0.050000000000000003,0.5
485.9333,  1.00000000,1,0,0.050000000000000003,0.5
485.9667,  1.00000000,1,0,0.074999999999999997,0.5
486.0000,  1.00000000,1,0,0.050000000000000003,0.5
486.0333,  1.00000000,1,0,0.025000000000000001,0.5
486.0667,  1.00000000,1,0,0.050000000000000003,0.5
486.1000,  1.00000000,1,0,0.074999999999999997,0.5
486.1333,  1.00000000,1,0,0.025000000000000001,0.5
486.1667,  1.00000000,1,0,0.074999999999999997,0.5
486.2000,  1.00000000,1,0,0.025000000000000001,0.5
486.2333,  1.00000000,1,0,0.050000000000000003,0.5
486.2667,  1.00000000,1,0,0.025000000000000001,0.5
486.3000,  1.00000000,1,0,0.074999999999999997,0.5
486.3333,  1.00000000,1,0,0.074999999999999997,0.5
486.3667,  1.00000000,1,0,0.0,0.5
486.4000,  1.00000000,1,0,0.025000000000000001,0.5
486.4333,  1.00000000,1,0,0.025000000000000001,0.5
486.4667,  1.00000000,1,0,0.025000000000000001,0.5
486.5000,  1.00000000,1,0,0.050000000000000003,0.5
486.5333,  1.00000000,1,0,0.050000000000000003,0.5
486.5667,  1.00000000,1,0,0.025000000000000001,0.5
486.6000,  1.00000000,1,0,0.025000000000000001,0.5
486.6333,  1.00000000,1,0,0.050000000000000003,0.5
486.6667,  1.00000000,1,0,0.050000000000000003,0.5
486.7000,  1.00000000,1,0,0.050000000000000003,0.5
486.7333,  1.00000000,1,0,0.050000000000000003,0.5
486.7667,  1.00000000,1,0,0.025000000000000001,0.5
486.8000,  1.00000000,1,0,0.074999999999999997,0.5
486.8333,  1.00000000,1,0,0.074999999999999997,0.5
486.8667,  1.00000000,1,0,0.074999999999999997,0.5
486.9000,  1.00000000,1,0,0.025000000000000001,0.5
486.9333,  1.00000000,1,0,0.050000000000000003,0.5
486.9667,  1.00000000,1,0,0.025000000000000001,0.5
487.0000,  1.00000000,1,0,0.050000000000000003,0.5
487.0333,  1.00000000,1,0,0.0,0.5
487.0667,  1.00000000,1,0,0.0,0.5
487.1000,  1.00000000,1,0,0.074999999999999997,0.5
487.1333,  1.00000000,1,0,0.025000000000000001,0.5
487.1667,  1.00000000,1,0,0.0,0.5
487.2000,  1.00000000,1,0,0.050000000000000003,0.5
487.2333,  1.00000000,1,0,0.050000000000000003,0.5
487.2667,  1.00000000,1,0,0.074999999999999997,0.5
487.3000,  1.00000000,1,0,0.025000000000000001,0.5
487.3333,  1.00000000,1,0,0.050000000000000003,0.5
487.3667,  1.00000000,1,0,0.0,0.5
487.4000,  1.00000000,1,0,0.025000000000000001,0.5
487.4333,  1.00000000,1,0,0.050000000000000003,0.5
487.4667,  1.00000000,1,0,0.025000000000000001,0.5
487.5000,  1.00000000,1,0,0.074999999999999997,0.5
487.5333,  1.00000000,1,0,0.050000000000000003,0.5
487.5667,  1.00000000,1,0,0.050000000000000003,0.5
487.6000,  1.00000000,1,0,0.025000000000000001,0.5
487.6333,  1.00000000,1,0,0.050000000000000003,0.5
487.6667,  1.00000000,1,0,0.074999999999999997,0.5
487.7000,  1.00000000,1,0,0.025000000000000001,0.5
487.7333,  1.00000000,1,0,0.025000000000000001,0.5
487.7667,  1.00000000,1,0,0.025000000000000001,0.5
487.8000,  1.00000000,1,0,0.050000000000000003,0.5
487.8333,  1.00000000,1,0,0.074999999999999997,0.5
487.8667,  1.00000000,1,0,0.025000000000000001,0.5
487.9000,  1.00000000,1,0,0.025000000000000001,0.5
487.9333,  1.00000000,1,0,0.0,0.5
487.9667,  1.00000000,1,0,0.050000000000000003,0.5
488.0000,  1.00000000,1,0,0.025000000000000001,0.5
488.0333,  1.00000000,1,0,0.025000000000000001,0.5
488.0667,  1.00000000,1,0,0.050000000000000003,0.5
488.1000,  1.00000000,1,0,0.025000000000000001,0.5
488.1333,  1.00000000,1,0,0.0,0.5
488.1667,  1.00000000,1,0,0.050000000000000003,0.5
488.2000,  1.00000000,1,0,0.050000000000000003,0.5
488.2333,  1.00000000,1,0,0.050000000000000003,0.5
488.2667,  1.00000000,1,0,0.050000000000000003,0.5
488.3000,  1.00000000,1,0,0.074999999999999997,0.5
488.3333,  1.00000000,1,0,0.025000000000000001,0.5
488.3667,  1.00000000,1,0,0.050000000000000003,0.5
488.4000,  1.00000000,1,0,0.050000000000000003,0.5
488.4333,  1.00000000,1,0,0.074999999999999997,0.5
488.4667,  1.00000000,1,0,0.074999999999999997,0.5
488.5000,  1.00000000,1,0,0.025000000000000001,0.5
488.5333,  1.00000000,1,0,0.025000000000000001,0.5
488.5667,  1.00000000,1,0,0.0,0.5
488.6000,  1.00000000,1,0,0.0,0.5
488.6333,  1.00000000,1,0,0.025000000000000001,0.5
488.6667,  1.00000000,1,0,0.050000000000000003,0.5
488.7000,  1.00000000,1,0,0.074999999999999997,0.5
488.7333,  1.00000000,1,0,0.050000000000000003,0.5
488.7667,  1.00000000,1,0,0.0,0.5
488.8000,  1.00000000,1,0,0.050000000000000003,0.5
488.8333,  1.00000000,1,0,0.025000000000000001,0.5
488.8667,  1.00000000,1,0,0.050000000000000003,0.5
488.9000,  1.00000000,1,0,0.050000000000000003,0.5
488.9333,  1.00000000,1,0,0.025000000000000001,0.5
488.9667,  1.00000000,1,0,0.050000000000000003,0.5
489.0000,  1.00000000,1,0,0.025000000000000001,0.5
489.0333,  1.00000000,1,0,0.074999999999999997,0.5
489.0667,  1.00000000,1,0,0.050000000000000003,0.5
489.1000,  1.00000000,1,0,0.025000000000000001,0.5
489.1333,  1.00000000,1,0,0.050000000000000003,0.5
489.1667,  1.00000000,1,0,0.050000000000000003,0.5
489.2000,  1.00000000,1,0,0.050000000000000003,0.5
489.2333,  1.00000000,1,0,0.025000000000000001,0.5
489.2667,  1.00000000,1,0,0.050000000000000003,0.5
489.3000,  1.00000000,1,0,0.050000000000000003,0.5
489.3333,  1.00000000,1,0,0.0,0.5
489.3667,  1.00000000,1,0,0.074999999999999997,0.5
489.4000,  1.00000000,1,0,0.050000000000000003,0.5
489.4333,  1.00000000,1,0,0.050000000000000003,0.5
489.4667,  1.00000000,1,0,0.025000000000000001,0.5
489.5000,  1.00000000,1,0,0.025000000000000001,0.5
489.5333,  1.00000000,1,0,0.050000000000000003,0.5
489.5667,  1.00000000,1,0,0.050000000000000003,0.5
489.6000,  1.00000000,1,0,0.025000000000000001,0.5
489.6333,  1.00000000,1,0,0.0,0.5
489.6667,  1.00000000,1,0,0.025000000000000001,0.5
489.7000,  1.00000000,1,0,0.074999999999999997,0.5
489.7333,  1.00000000,1,0,0.050000000000000003,0.5
489.7667,  1.00000000,1,0,0.074999999999999997,0.5
489.8000,  1.00000000,1,0,0.050000000000000003,0.5
489.8333,  1.00000000,1,0,0.0,0.5
489.8667,  1.00000000,1,0,0.050000000000000003,0.5
489.9000,  1.00000000,1,0,0.050000000000000003,0.5
489.9333,  1.00000000,1,0,0.025000000000000001,0.5
489.9667,  1.00000000,1,0,0.0,0.5
490.0000,  1.00000000,1,0,0.050000000000000003,0.5
490.0333,  1.00000000,1,0,0.025000000000000001,0.5
490.0667,  1.00000000,1,0,0.050000000000000003,0.5
490.1000,  1.00000000,1,0,0.074999999999999997,0.5
490.1333,  1.00000000,1,0,0.050000000000000003,0.5
490.1667,  1.00000000,1,0,0.074999999999999997,0.5
490.2000,  1.00000000,1,0,0.074999999999999997,0.5
490.2333,  1.00000000,1,0,0.050000000000000003,0.5
490.2667,  1.00000000,1,0,0.050000000000000003,0.5
490.3000,  1.00000000,1,0,0.050000000000000003,0.5
490.3333,  1.00000000,1,0,0.025000000000000001,0.5
490.3667,  1.00000000,1,0,0.050000000000000003,0.5
490.4000,  1.00000000,1,0,0.025000000000000001,0.5
490.4333,  1.00000000,1,0,0.074999999999999997,0.5
490.4667,  1.00000000,1,0,0.025000000000000001,0.5
490.5000,  1.00000000,1,0,0.050000000000000003,0.5
490.5333,  1.00000000,1,0,0.050000000000000003,0.5
490.5667,  1.00000000,1,0,0.0,0.5
490.6000,  1.00000000,1,0,0.025000000000000001,0.5
490.6333,  1.00000000,1,0,0.0,0.5
490.6667,  1.00000000,1,0,0.050000000000000003,0.5
490.7000,  1.00000000,1,0,0.025000000000000001,0.5
490.7333,  1.00000000,1,0,0.050000000000000003,0.5
490.7667,  1.00000000,1,0,0.025000000000000001,0.5
490.8000,  1.00000000,1,0,0.074999999999999997,0.5
490.8333,  1.00000000,1,0,0.050000000000000003,0.5
490.8667,  1.00000000,1,0,0.074999999999999997,0.5
490.9000,  1.00000000,1,0,0.025000000000000001,0.5
490.9333,  1.00000000,1,0,0.025000000000000001,0.5
490.9667,  1.00000000,1,0,0.025000000000000001,0.5
491.0000,  1.00000000,1,0,0.050000000000000003,0.5
491.0333,  1.00000000,1,0,0.025000000000000001,0.5
491.0667,  1.00000000,1,0,0.050000000000000003,0.5
491.1000,  1.00000000,1,0,0.074999999999999997,0.5
491.1333,  1.00000000,1,0,0.050000000000000003,0.5
491.1667,  1.00000000,1,0,0.0,0.5
491.2000,  1.00000000,1,0,0.025000000000000001,0.5
491.2333,  1.00000000,1,0,0.025000000000000001,0.5
491.2667,  1.00000000,1,0,0.074999999999999997,0.5
491.3000,  1.00000000,1,0,0.025000000000000001,0.5
491.3333,  1.00000000,1,0,0.050000000000000003,0.5
491.3667,  1.00000000,1,0,0.050000000000000003,0.5
491.4000,  1.00000000,1,0,0.050000000000000003,0.5
491.4333,  1.00000000,1,0,0.025000000000000001,0.5
491.4667,  1.00000000,1,0,0.074999999999999997,0.5
491.5000,  1.00000000,1,0,0.025000000000000001,0.5
491.5333,  1.00000000,1,0,0.025000000000000001,0.5
491.5667,  1.00000000,1,0,0.050000000000000003,0.5
491.6000,  1.00000000,1,0,0.050000000000000003,0.5
491.6333,  1.00000000,1,0,0.074999999999999997,0.5
491.6667,  1.00000000,1,0,0.050000000000000003,0.5
491.7000,  1.00000000,1,0,0.025000000000000001,0.5
491.7333,  1.00000000,1,0,0.050000000000000003,0.5
491.7667,  1.00000000,1,0,0.050000000000000003,0.5
491.8000,  1.00000000,1,0,0.025000000000000001,0.5
491.8333,  1.00000000,1,0,0.050000000000000003,0.5
491.8667,  1.00000000,1,0,0.025000000000000001,0.5
491.9000,  1.00000000,1,0,0.025000000000000001,0.5
491.9333,  1.00000000,1,0,0.050000000000000003,0.5
491.9667,  1.00000000,1,0,0.050000000000000003,0.5
492.0000,  1.00000000,1,0,0.050000000000000003,0.5
492.0333,  1.00000000,1,0,0.050000000000000003,0.5
492.0667,  1.00000000,1,0,0.050000000000000003,0.5
492.1000,  1.00000000,1,0,0.050000000000000003,0.5
492.1333,  1.00000000,1,0,0.050000000000000003,0.5
492.1667,  1.00000000,1,0,0.050000000000000003,0.5
492.2000,  1.00000000,1,0,0.050000000000000003,0.5
492.2333,  1.00000000,1,0,0.025000000000000001,0.5
492.2667,  1.00000000,1,0,0.074999999999999997,0.5
492.3000,  1.00000000,1,0,0.074999999999999997,0.5
492.3333,  1.00000000,1,0,0.025000000000000001,0.5
492.3667,  1.00000000,1,0,0.074999999999999997,0.5
492.4000,  1.00000000,1,0,0.050000000000000003,0.5
492.4333,  1.00000000,1,0,0.074999999999999997,0.5
492.4667,  1.00000000,1,0,0.074999999999999997,0.5
492.5000,  1.00000000,1,0,0.074999999999999997,0.5
492.5333,  1.00000000,1,0,0.074999999999999997,0.5
492.5667,  1.00000000,1,0,0.025000000000000001,0.5
492.6000,  1.00000000,1,0,0.025000000000000001,0.5
492.6333,  1.00000000,1,0,0.050000000000000003,0.5
492.6667,  1.00000000,1,0,0.025000000000000001,0.5
492.7000,  1.00000000,1,0,0.0,0.5
492.7333,  1.00000000,1,0,0.074999999999999997,0.5
492.7667,  1.00000000,1,0,0.0,0.5
492.8000,  1.00000000,1,0,0.025000000000000001,0.5
492.8333,  1.00000000,1,0,0.074999999999999997,0.5
492.8667,  1.00000000,1,0,0.050000000000000003,0.5
492.9000,  1.00000000,1,0,0.050000000000000003,0.5
492.9333,  1.00000000,1,0,0.050000000000000003,0.5
492.9667,  1.00000000,1,0,0.025000000000000001,0.5
493.0000,  1.00000000,1,0,0.0,0.5
493.0333,  1.00000000,1,0,0.074999999999999997,0.5
493.0667,  1.00000000,1,0,0.025000000000000001,0.5
493.1000,  1.00000000,1,0,0.025000000000000001,0.5
493.1333,  1.00000000,1,0,0.0,0.5
493.1667,  1.00000000,1,0,0.050000000000000003,0.5
493.2000,  1.00000000,1,0,0.025000000000000001,0.5
493.2333,  1.00000000,1,0,0.025000000000000001,0.5
493.2667,  1.00000000,1,0,0.074999999999999997,0.5
493.3000,  1.00000000,1,0,0.050000000000000003,0.5
493.3333,  1.00000000,1,0,0.074999999999999997,0.5
493.3667,  1.00000000,1,0,0.050000000000000003,0.5
493.4000,  1.00000000,1,0,0.074999999999999997,0.5
493.4333,  1.00000000,1,0,0.050000000000000003,0.5
493.4667,  1.00000000,1,0,0.025000000000000001,0.5
493.5000,  1.00000000,1,0,0.050000000000000003,0.5
493.5333,  1.00000000,1,0,0.050000000000000003,0.5
493.5667,  1.00000000,1,0,0.025000000000000001,0.5
493.6000,  1.00000000,1,0,0.025000000000000001,0.5
493.6333,  1.00000000,1,0,0.050000000000000003,0.5
493.6667,  1.00000000,1,0,0.025000000000000001,0.5
493.7000,  1.00000000,1,0,0.025000000000000001,0.5
493.7333,  1.00000000,1,0,0.050000000000000003,0.5
493.7667,  1.00000000,1,0,0.025000000000000001,0.5
493.8000,  1.00000000,1,0,0.050000000000000003,0.5
493.8333,  1.00000000,1,0,0.025000000000000001,0.5
493.8667,  1.00000000,1,0,0.025000000000000001,0.5
493.9000,  1.00000000,1,0,0.025000000000000001,0.5
493.9333,  1.00000000,1,0,0.0,0.5
493.9667,  1.00000000,1,0,0.050000000000000003,0.5
494.0000,  1.00000000,1,0,0.074999999999999997,0.5
494.0333,  1.00000000,1,0,0.050000000000000003,0.5
494.0667,  1.00000000,1,0,0.025000000000000001,0.5
494.1000,  1.00000000,1,0,0.025000000000000001,0.5
494.1333,  1.00000000,1,0,0.050000000000000003,0.5
494.1667,  1.00000000,1,0,0.050000000000000003,0.5
494.2000,  1.00000000,1,0,0.025000000000000001,0.5
494.2333,  1.00000000,1,0,0.050000000000000003,0.5
494.2667,  1.00000000,1,0,0.050000000000000003,0.5
494.3000,  1.00000000,1,0,0.025000000000000001,0.5
494.3333,  1.00000000,1,0,0.025000000000000001,0.5
494.3667,  1.00000000,1,0,0.050000000000000003,0.5
494.4000,  1.00000000,1,0,0.0,0.5
494.4333,  1.00000000,1,0,0.025000000000000001,0.5
494.4667,  1.00000000,1,0,0.025000000000000001,0.5
494.5000,  1.00000000,1,0,0.025000000000000001,0.5
494.5333,  1.00000000,1,0,0.0,0.5
494.5667,  1.00000000,1,0,0.025000000000000001,0.5
494.6000,  1.00000000,1,0,0.025000000000000001,0.5
494.6333,  1.00000000,1,0,0.050000000000000003,0.5
494.6667,  1.00000000,1,0,0.025000000000000001,0.5
494.7000,  1.00000000,1,0,0.025000000000000001,0.5
494.7333,  1.00000000,1,0,0.025000000000000001,0.5
494.7667,  1.00000000,1,0,0.025000000000000001,0.5
494.8000,  1.00000000,1,0,0.050000000000000003,0.5
494.8333,  1.00000000,1,0,0.050000000000000003,0.5
494.8667,  1.00000000,1,0,0.025000000000000001,0.5
494.9000,  1.00000000,1,0,0.0,0.5
494.9333,  1.00000000,1,0,0.050000000000000003,0.5
494.9667,  1.00000000,1,0,0.074999999999999997,0.5
495.0000,  1.00000000,1,0,0.050000000000000003,0.5
495.0333,  1.00000000,1,0,0.074999999999999997,0.5
495.0667,  1.00000000,1,0,0.074999999999999997,0.5
495.1000,  1.00000000,1,0,0.050000000000000003,0.5
495.1333,  1.00000000,1,0,0.074999999999999997,0.5
495.1667,  1.00000000,1,0,0.0,0.5
495.2000,  1.00000000,1,0,0.050000000000000003,0.5
495.2333,  1.00000000,1,0,0.074999999999999997,0.5
495.2667,  1.00000000,1,0,0.050000000000000003,0.5
495.3000,  1.00000000,1,0,0.050000000000000003,0.5
495.3333,  1.00000000,1,0,0.050000000000000003,0.5
495.3667,  1.00000000,1,0,0.0,0.5
495.4000,  1.00000000,1,0,0.050000000000000003,0.5
495.4333,  1.00000000,1,0,0.050000000000000003,0.5
495.4667,  1.00000000,1,0,0.0,0.5
495.5000,  1.00000000,1,0,0.050000000000000003,0.5
495.5333,  1.00000000,1,0,0.050000000000000003,0.5
495.5667,  1.00000000,1,0,0.050000000000000003,0.5
495.6000,  1.00000000,1,0,0.050000000000000003,0.5
495.6333,  1.00000000,1,0,0.074999999999999997,0.5
495.6667,  1.00000000,1,0,0.074999999999999997,0.5
495.7000,  1.00000000,1,0,0.074999999999999997,0.5
495.7333,  1.00000000,1,0,0.050000000000000003,0.5
495.7667,  1.00000000,1,0,0.074999999999999997,0.5
495.8000,  1.00000000,1,0,0.074999999999999997,0.5
495.8333,  1.00000000,1,0,0.025000000000000001,0.5
495.8667,  1.00000000,1,0,0.050000000000000003,0.5
495.9000,  1.00000000,1,0,0.050000000000000003,0.5
495.9333,  1.00000000,1,0,0.074999999999999997,0.5
495.9667,  1.00000000,1,0,0.050000000000000003,0.5
496.0000,  1.00000000,1,0,0.074999999999999997,0.5
496.0333,  1.00000000,1,0,0.025000000000000001,0.5
496.0667,  1.00000000,1,0,0.050000000000000003,0.5
496.1000,  1.00000000,1,0,0.074999999999999997,0.5
496.1333,  1.00000000,1,0,0.025000000000000001,0.5
496.1667,  1.00000000,1,0,0.050000000000000003,0.5
496.2000,  1.00000000,1,0,0.074999999999999997,0.5
496.2333,  1.00000000,1,0,0.074999999999999997,0.5
496.2667,  1.00000000,1,0,0.025000000000000001,0.5
496.3000,  1.00000000,1,0,0.050000000000000003,0.5
496.3333,  1.00000000,1,0,0.0,0.5
496.3667,  1.00000000,1,0,0.050000000000000003,0.5
496.4000,  1.00000000,1,0,0.025000000000000001,0.5
496.4333,  1.00000000,1,0,0.074999999999999997,0.5
496.4667,  1.00000000,1,0,0.050000000000000003,0.5
496.5000,  1.00000000,1,0,0.025000000000000001,0.5
496.5333,  1.00000000,1,0,0.074999999999999997,0.5
496.5667,  1.00000000,1,0,0.050000000000000003,0.5
496.6000,  1.00000000,1,0,0.025000000000000001,0.5
496.6333,  1.00000000,1,0,0.025000000000000001,0.5
496.6667,  1.00000000,1,0,0.025000000000000001,0.5
496.7000,  1.00000000,1,0,0.074999999999999997,0.5
496.7333,  1.00000000,1,0,0.025000000000000001,0.5
496.7667,  1.00000000,1,0,0.050000000000000003,0.5
496.8000,  1.00000000,1,0,0.074999999999999997,0.5
496.8333,  1.00000000,1,0,0.025000000000000001,0.5
496.8667,  1.00000000,1,0,0.050000000000000003,0.5
496.9000,  1.00000000,1,0,0.050000000000000003,0.5
496.9333,  1.00000000,1,0,0.050000000000000003,0.5
496.9667,  1.00000000,1,0,0.050000000000000003,0.5
497.0000,  1.00000000,1,0,0.050000000000000003,0.5
497.0333,  1.00000000,1,0,0.050000000000000003,0.5
497.0667,  1.00000000,1,0,0.050000000000000003,0.5
497.1000,  1.00000000,1,0,0.050000000000000003,0.5
497.1333,  1.00000000,1,0,0.050000000000000003,0.5
497.1667,  1.00000000,1,0,0.050000000000000003,0.5
497.2000,  1.00000000,1,0,0.074999999999999997,0.5
497.2333,  1.00000000,1,0,0.050000000000000003,0.5
497.2667,  1.00000000,1,0,0.050000000000000003,0.5
497.3000,  1.00000000,1,0,0.050000000000000003,0.5
497.3333,  1.00000000,1,0,0.025000000000000001,0.5
497.3667,  1.00000000,1,0,0.050000000000000003,0.5
497.4000,  1.00000000,1,0,0.025000000000000001,0.5
497.4333,  1.00000000,1,0,0.025000000000000001,0.5
497.4667,  1.00000000,1,0,0.050000000000000003,0.5
497.5000,  1.00000000,1,0,0.050000000000000003,0.5
497.5333,  1.00000000,1,0,0.050000000000000003,0.5
497.5667,  1.00000000,1,0,0.050000000000000003,0.5
497.6000,  1.00000000,1,0,0.050000000000000003,0.5
497.6333,  1.00000000,1,0,0.050000000000000003,0.5
497.6667,  1.00000000,1,0,0.025000000000000001,0.5
497.7000,  1.00000000,1,0,0.074999999999999997,0.5
497.7333,  1.00000000,1,0,0.025000000000000001,0.5
497.7667,  1.00000000,1,0,0.074999999999999997,0.5
497.8000,  1.00000000,1,0,0.025000000000000001,0.5
497.8333,  1.00000000,1,0,0.050000000000000003,0.5
497.8667,  1.00000000,1,0,0.050000000000000003,0.5
497.9000,  1.00000000,1,0,0.074999999999999997,0.5
497.9333,  1.00000000,1,0,0.074999999999999997,0.5
497.9667,  1.00000000,1,0,0.025000000000000001,0.5
498.0000,  1.00000000,1,0,0.050000000000000003,0.5
498.0333,  1.00000000,1,0,0.025000000000000001,0.5
498.0667,  1.00000000,1,0,0.050000000000000003,0.5
498.1000,  1.00000000,1,0,0.025000000000000001,0.5
498.1333,  1.00000000,1,0,0.0,0.5
498.1667,  1.00000000,1,0,0.025000000000000001,0.5
498.2000,  1.00000000,1,0,0.025000000000000001,0.5
498.2333,  1.00000000,1,0,0.050000000000000003,0.5
498.2667,  1.00000000,1,0,0.025000000000000001,0.5
498.3000,  1.00000000,1,0,0.050000000000000003,0.5
498.3333,  1.00000000,1,0,0.025000000000000001,0.5
498.3667,  1.00000000,1,0,0.0,0.5
498.4000,  1.00000000,1,0,0.050000000000000003,0.5
498.4333,  1.00000000,1,0,0.050000000000000003,0.5
498.4667,  1.00000000,1,0,0.025000000000000001,0.5
498.5000,  1.00000000,1,0,0.0,0.5
498.5333,  1.00000000,1,0,0.0,0.5
498.5667,  1.00000000,1,0,0.050000000000000003,0.5
498.6000,  1.00000000,1,0,0.050000000000000003,0.5
498.6333,  1.00000000,1,0,0.025000000000000001,0.5
498.6667,  1.00000000,1,0,0.050000000000000003,0.5
498.7000,  1.00000000,1,0,0.025000000000000001,0.5
498.7333,  1.00000000,1,0,0.0,0.5
498.7667,  1.00000000,1,0,0.0,0.5
498.8000,  1.00000000,1,0,0.025000000000000001,0.5
498.8333,  1.00000000,1,0,0.025000000000000001,0.5
498.8667,  1.00000000,1,0,0.050000000000000003,0.5
498.9000,  1.00000000,1,0,0.025000000000000001,0.5
498.9333,  1.00000000,1,0,0.025000000000000001,0.5
498.9667,  1.00000000,1,0,0.025000000000000001,0.5
499.0000,  1.00000000,1,0,0.025000000000000001,0.5
499.0333,  1.00000000,1,0,0.050000000000000003,0.5
499.0667,  1.00000000,1,0,0.025000000000000001,0.5
499.1000,  1.00000000,1,0,0.0,0.5
499.1333,  1.00000000,1,0,0.050000000000000003,0.5
499.1667,  1.00000000,1,0,0.050000000000000003,0.5
499.2000,  1.00000000,1,0,0.0,0.5
499.2333,  1.00000000,1,0,0.074999999999999997,0.5
499.2667,  1.00000000,1,0,0.074999999999999997,0.5
499.3000,  1.00000000,1,0,0.025000000000000001,0.5
499.3333,  1.00000000,1,0,0.025000000000000001,0.5
499.3667,  1.00000000,1,0,0.074999999999999997,0.5
499.4000,  1.00000000,1,0,0.050000000000000003,0.5
499.4333,  1.00000000,1,0,0.0,0.5
499.4667,  1.00000000,1,0,0.050000000000000003,0.5
499.5000,  1.00000000,1,0,0.050000000000000003,0.5
499.5333,  1.00000000,1,0,0.050000000000000003,0.5
499.5667,  1.00000000,1,0,0.050000000000000003,0.5
499.6000,  1.00000000,1,0,0.050000000000000003,0.5
499.6333,  1.00000000,1,0,0.050000000000000003,0.5
499.6667,  1.00000000,1,0,0.050000000000000003,0.5
499.7000,  1.00000000,1,0,0.050000000000000003,0.5
499.7333,  1.00000000,1,0,0.0,0.5
499.7667,  1.00000000,1,0,0.050000000000000003,0.5
499.8000,  1.00000000,1,0,0.074999999999999997,0.5
499.8333,  1.00000000,1,0,0.0,0.5
499.8667,  1.00000000,1,0,0.025000000000000001,0.5
499.9000,  1.00000000,1,0,0.025000000000000001,0.5
499.9333,  1.00000000,1,0,0.025000000000000001,0.5
499.9667,  1.00000000,1,0,0.050000000000000003,0.5
500.0000,  1.00000000,1,0,0.050000000000000003,0.5
500.0333,  1.00000000,1,0,0.050000000000000003,0.5
500.0667,  1.00000000,1,0,0.0,0.5
500.1000,  1.00000000,1,0,0.074999999999999997,0.5
500.1333,  1.00000000,1,0,0.074999999999999997,0.5
500.1667,  1.00000000,1,0,0.025000000000000001,0.5
500.2000,  1.00000000,1,0,0.0,0.5
500.2333,  1.00000000,1,0,0.050000000000000003,0.5
500.2667,  1.00000000,1,0,0.050000000000000003,0.5
500.3000,  1.00000000,1,0,0.025000000000000001,0.5
500.3333,  1.00000000,1,0,0.025000000000000001,0.5
500.3667,  1.00000000,1,0,0.025000000000000001,0.5
500.4000,  1.00000000,1,0,0.025000000000000001,0.5
500.4333,  1.00000000,1,0,0.050000000000000003,0.5
500.4667,  1.00000000,1,0,0.025000000000000001,0.5
500.5000,  1.00000000,1,0,0.0,0.5
500.5333,  1.00000000,1,0,0.050000000000000003,0.5
500.5667,  1.00000000,1,0,0.025000000000000001,0.5
500.6000,  1.00000000,1,0,0.0,0.5
500.6333,  1.00000000,1,0,0.025000000000000001,0.5
500.6667,  1.00000000,1,0,0.050000000000000003,0.5
500.7000,  1.00000000,1,0,0.0,0.5
500.7333,  1.00000000,1,0,0.025000000000000001,0.5
500.7667,  1.00000000,1,0,0.050000000000000003,0.5
500.8000,  1.00000000,1,0,0.0,0.5
500.8333,  1.00000000,1,0,0.0,0.5
500.8667,  1.00000000,1,0,0.025000000000000001,0.5
500.9000,  1.00000000,1,0,0.0,0.5
500.9333,  1.00000000,1,0,0.0,0.5
500.9667,  1.00000000,1,0,0.0,0.5
501.0000,  1.00000000,1,0,0.050000000000000003,0.5
501.0333,  1.00000000,1,0,0.0,0.5
501.0667,  1.00000000,1,0,0.0,0.5
501.1000,  1.00000000,1,0,0.0,0.5
501.1333,  1.00000000,1,0,0.025000000000000001,0.5
501.1667,  1.00000000,1,0,0.025000000000000001,0.5
501.2000,  1.00000000,1,0,0.050000000000000003,0.5
501.2333,  1.00000000,1,0,0.025000000000000001,0.5
501.2667,  1.00000000,1,0,0.0,0.5
501.3000,  1.00000000,1,0,0.0,0.5
501.3333,  1.00000000,1,0,0.0,0.5
501.3667,  1.00000000,1,0,0.0,0.5
501.4000,  1.00000000,1,0,0.0,0.5
501.4333,  1.00000000,1,0,0.025000000000000001,0.5
501.4667,  1.00000000,1,0,0.0,0.5
501.5000,  1.00000000,1,0,0.025000000000000001,0.5
501.5333,  1.00000000,1,0,0.0,0.5
501.5667,  1.00000000,1,0,0.025000000000000001,0.5
501.6000,  1.00000000,1,0,0.025000000000000001,0.5
501.6333,  1.00000000,1,0,0.025000000000000001,0.5
501.6667,  1.00000000,1,0,0.050000000000000003,0.5
501.7000,  1.00000000,1,0,0.025000000000000001,0.5
501.7333,  1.00000000,1,0,0.025000000000000001,0.5
501.7667,  1.00000000,1,0,0.025000000000000001,0.5
501.8000,  1.00000000,1,0,0.025000000000000001,0.5
501.8333,  1.00000000,1,0,0.074999999999999997,0.5
501.8667,  1.00000000,1,0,0.0,0.5
501.9000,  1.00000000,1,0,0.050000000000000003,0.5
501.9333,  1.00000000,1,0,0.0,0.5
501.9667,  1.00000000,1,0,0.050000000000000003,0.5
502.0000,  1.00000000,1,0,0.025000000000000001,0.5
502.0333,  1.00000000,1,0,0.050000000000000003,0.5
502.0667,  1.00000000,1,0,0.050000000000000003,0.5
502.1000,  1.00000000,1,0,0.050000000000000003,0.5
502.1333,  1.00000000,1,0,0.074999999999999997,0.5
502.1667,  1.00000000,1,0,0.050000000000000003,0.5
502.2000,  1.00000000,1,0,0.074999999999999997,0.5
502.2333,  1.00000000,1,0,0.050000000000000003,0.5
502.2667,  1.00000000,1,0,0.050000000000000003,0.5
502.3000,  1.00000000,1,0,0.074999999999999997,0.5
502.3333,  1.00000000,1,0,0.050000000000000003,0.5
502.3667,  1.00000000,1,0,0.025000000000000001,0.5
502.4000,  1.00000000,1,0,0.050000000000000003,0.5
502.4333,  1.00000000,1,0,0.025000000000000001,0.5
502.4667,  1.00000000,1,0,0.074999999999999997,0.5
502.5000,  1.00000000,1,0,0.025000000000000001,0.5
502.5333,  1.00000000,1,0,0.0,0.5
502.5667,  1.00000000,1,0,0.0,0.5
502.6000,  1.00000000,1,0,0.025000000000000001,0.5
502.6333,  1.00000000,1,0,0.025000000000000001,0.5
502.6667,  1.00000000,1,0,0.050000000000000003,0.5
502.7000,  1.00000000,1,0,0.050000000000000003,0.5
502.7333,  1.00000000,1,0,0.025000000000000001,0.5
502.7667,  1.00000000,1,0,0.025000000000000001,0.5
502.8000,  1.00000000,1,0,0.050000000000000003,0.5
502.8333,  1.00000000,1,0,0.0,0.5
502.8667,  1.00000000,1,0,0.025000000000000001,0.5
502.9000,  1.00000000,1,0,0.050000000000000003,0.5
502.9333,  1.00000000,1,0,0.074999999999999997,0.5
502.9667,  1.00000000,1,0,0.050000000000000003,0.5
503.0000,  1.00000000,1,0,0.074999999999999997,0.5
503.0333,  1.00000000,1,0,0.025000000000000001,0.5
503.0667,  1.00000000,1,0,0.050000000000000003,0.5
503.1000,  1.00000000,1,0,0.025000000000000001,0.5
503.1333,  1.00000000,1,0,0.0,0.5
503.1667,  1.00000000,1,0,0.025000000000000001,0.5
503.2000,  1.00000000,1,0,0.025000000000000001,0.5
503.2333,  1.00000000,1,0,0.025000000000000001,0.5
503.2667,  1.00000000,1,0,0.025000000000000001,0.5
503.3000,  1.00000000,1,0,0.025000000000000001,0.5
503.3333,  1.00000000,1,0,0.074999999999999997,0.5
503.3667,  1.00000000,1,0,0.074999999999999997,0.5
503.4000,  1.00000000,1,0,0.025000000000000001,0.5
503.4333,  1.00000000,1,0,0.050000000000000003,0.5
503.4667,  1.00000000,1,0,0.050000000000000003,0.5
503.5000,  1.00000000,1,0,0.0,0.5
503.5333,  1.00000000,1,0,0.025000000000000001,0.5
503.5667,  1.00000000,1,0,0.025000000000000001,0.5
503.6000,  1.00000000,1,0,0.050000000000000003,0.5
503.6333,  1.00000000,1,0,0.050000000000000003,0.5
503.6667,  1.00000000,1,0,0.025000000000000001,0.5
503.7000,  1.00000000,1,0,0.025000000000000001,0.5
503.7333,  1.00000000,1,0,0.025000000000000001,0.5
503.7667,  1.00000000,1,0,0.0,0.5
503.8000,  1.00000000,1,0,0.025000000000000001,0.5
503.8333,  1.00000000,1,0,0.025000000000000001,0.5
503.8667,  1.00000000,1,0,0.025000000000000001,0.5
503.9000,  1.00000000,1,0,0.025000000000000001,0.5
503.9333,  1.00000000,1,0,0.025000000000000001,0.5
503.9667,  1.00000000,1,0,0.050000000000000003,0.5
504.0000,  1.00000000,1,0,0.025000000000000001,0.5
504.0333,  1.00000000,1,0,0.025000000000000001,0.5
504.0667,  1.00000000,1,0,0.050000000000000003,0.5
504.1000,  1.00000000,1,0,0.025000000000000001,0.5
504.1333,  1.00000000,1,0,0.050000000000000003,0.5
504.1667,  1.00000000,1,0,0.074999999999999997,0.5
504.2000,  1.00000000,1,0,0.050000000000000003,0.5
504.2333,  1.00000000,1,0,0.025000000000000001,0.5
504.2667,  1.00000000,1,0,0.025000000000000001,0.5
504.3000,  1.00000000,1,0,0.025000000000000001,0.5
504.3333,  1.00000000,1,0,0.074999999999999997,0.5
504.3667,  1.00000000,1,0,0.050000000000000003,0.5
504.4000,  1.00000000,1,0,0.025000000000000001,0.5
504.4333,  1.00000000,1,0,0.0,0.5
504.4667,  1.00000000,1,0,0.025000000000000001,0.5
504.5000,  1.00000000,1,0,0.050000000000000003,0.5
504.5333,  1.00000000,1,0,0.025000000000000001,0.5
504.5667,  1.00000000,1,0,0.025000000000000001,0.5
504.6000,  1.00000000,1,0,0.025000000000000001,0.5
504.6333,  1.00000000,1,0,0.025000000000000001,0.5
504.6667,  1.00000000,1,0,0.050000000000000003,0.5
504.7000,  1.00000000,1,0,0.050000000000000003,0.5
504.7333,  1.00000000,1,0,0.074999999999999997,0.5
504.7667,  1.00000000,1,0,0.050000000000000003,0.5
504.8000,  1.00000000,1,0,0.025000000000000001,0.5
504.8333,  1.00000000,1,0,0.074999999999999997,0.5
504.8667,  1.00000000,1,0,0.025000000000000001,0.5
504.9000,  1.00000000,1,0,0.025000000000000001,0.5
504.9333,  1.00000000,1,0,0.074999999999999997,0.5
504.9667,  1.00000000,1,0,0.050000000000000003,0.5
505.0000,  1.00000000,1,0,0.025000000000000001,0.5
505.0333,  1.00000000,1,0,0.050000000000000003,0.5
505.0667,  1.00000000,1,0,0.050000000000000003,0.5
505.1000,  1.00000000,1,0,0.025000000000000001,0.5
505.1333,  1.00000000,1,0,0.0,0.5
505.1667,  1.00000000,1,0,0.050000000000000003,0.5
505.2000,  1.00000000,1,0,0.074999999999999997,0.5
505.2333,  1.00000000,1,0,0.074999999999999997,0.5
505.2667,  1.00000000,1,0,0.0,0.5
505.3000,  1.00000000,1,0,0.025000000000000001,0.5
505.3333,  1.00000000,1,0,0.050000000000000003,0.5
505.3667,  1.00000000,1,0,0.0,0.5
505.4000,  1.00000000,1,0,0.0,0.5
505.4333,  1.00000000,1,0,0.025000000000000001,0.5
505.4667,  1.00000000,1,0,0.074999999999999997,0.5
505.5000,  1.00000000,1,0,0.025000000000000001,0.5
505.5333,  1.00000000,1,0,0.050000000000000003,0.5
505.5667,  1.00000000,1,0,0.050000000000000003,0.5
505.6000,  1.00000000,1,0,0.025000000000000001,0.5
505.6333,  1.00000000,1,0,0.050000000000000003,0.5
505.6667,  1.00000000,1,0,0.025000000000000001,0.5
505.7000,  1.00000000,1,0,0.074999999999999997,0.5
505.7333,  1.00000000,1,0,0.050000000000000003,0.5
505.7667,  1.00000000,1,0,0.074999999999999997,0.5
505.8000,  1.00000000,1,0,0.074999999999999997,0.5
505.8333,  1.00000000,1,0,0.050000000000000003,0.5
505.8667,  1.00000000,1,0,0.025000000000000001,0.5
505.9000,  1.00000000,1,0,0.074999999999999997,0.5
505.9333,  1.00000000,1,0,0.050000000000000003,0.5
505.9667,  1.00000000,1,0,0.074999999999999997,0.5
506.0000,  1.00000000,1,0,0.025000000000000001,0.5
506.0333,  1.00000000,1,0,0.025000000000000001,0.5
506.0667,  1.00000000,1,0,0.074999999999999997,0.5
506.1000,  1.00000000,1,0,0.074999999999999997,0.5
506.1333,  1.00000000,1,0,0.0,0.5
506.1667,  1.00000000,1,0,0.025000000000000001,0.5
506.2000,  1.00000000,1,0,0.025000000000000001,0.5
506.2333,  1.00000000,1,0,0.025000000000000001,0.5
506.2667,  1.00000000,1,0,0.0,0.5
506.3000,  1.00000000,1,0,0.074999999999999997,0.5
506.3333,  1.00000000,1,0,0.050000000000000003,0.5
506.3667,  1.00000000,1,0,0.0,0.5
506.4000,  1.00000000,1,0,0.025000000000000001,0.5
506.4333,  1.00000000,1,0,0.025000000000000001,0.5
506.4667,  1.00000000,1,0,0.050000000000000003,0.5
506.5000,  1.00000000,1,0,0.025000000000000001,0.5
506.5333,  1.00000000,1,0,0.050000000000000003,0.5
506.5667,  1.00000000,1,0,0.050000000000000003,0.5
506.6000,  1.00000000,1,0,0.025000000000000001,0.5
506.6333,  1.00000000,1,0,0.050000000000000003,0.5
506.6667,  1.00000000,1,0,0.074999999999999997,0.5
506.7000,  1.00000000,1,0,0.050000000000000003,0.5
506.7333,  1.00000000,1,0,0.050000000000000003,0.5
506.7667,  1.00000000,1,0,0.050000000000000003,0.5
506.8000,  1.00000000,1,0,0.050000000000000003,0.5
506.8333,  1.00000000,1,0,0.050000000000000003,0.5
506.8667,  1.00000000,1,0,0.025000000000000001,0.5
506.9000,  1.00000000,1,0,0.0,0.5
506.9333,  1.00000000,1,0,0.025000000000000001,0.5
506.9667,  1.00000000,1,0,0.0,0.5
507.0000,  1.00000000,1,0,0.025000000000000001,0.5
507.0333,  1.00000000,1,0,0.0,0.5
507.0667,  1.00000000,1,0,0.0,0.5
507.1000,  1.00000000,1,0,0.0,0.5
507.1333,  1.00000000,1,0,0.074999999999999997,0.5
507.1667,  1.00000000,1,0,0.074999999999999997,0.5
507.2000,  1.00000000,1,0,0.0,0.5
507.2333,  1.00000000,1,0,0.050000000000000003,0.5
507.2667,  1.00000000,1,0,0.0,0.5
507.3000,  1.00000000,1,0,0.025000000000000001,0.5
507.3333,  1.00000000,1,0,0.050000000000000003,0.5
507.3667,  1.00000000,1,0,0.025000000000000001,0.5
507.4000,  1.00000000,1,0,0.050000000000000003,0.5
507.4333,  1.00000000,1,0,0.025000000000000001,0.5
507.4667,  1.00000000,1,0,0.025000000000000001,0.5
507.5000,  1.00000000,1,0,0.025000000000000001,0.5
507.5333,  1.00000000,1,0,0.074999999999999997,0.5
507.5667,  1.00000000,1,0,0.050000000000000003,0.5
507.6000,  1.00000000,1,0,0.0,0.5
507.6333,  1.00000000,1,0,0.025000000000000001,0.5
507.6667,  1.00000000,1,0,0.025000000000000001,0.5
507.7000,  1.00000000,1,0,0.0,0.5
507.7333,  1.00000000,1,0,0.025000000000000001,0.5
507.7667,  1.00000000,1,0,0.0,0.5
507.8000,  1.00000000,1,0,0.025000000000000001,0.5
507.8333,  1.00000000,1,0,0.050000000000000003,0.5
507.8667,  1.00000000,1,0,0.050000000000000003,0.5
507.9000,  1.00000000,1,0,0.074999999999999997,0.5
507.9333,  1.00000000,1,0,0.050000000000000003,0.5
507.9667,  1.00000000,1,0,0.050000000000000003,0.5
508.0000,  1.00000000,1,0,0.0,0.5
508.0333,  1.00000000,1,0,0.025000000000000001,0.5
508.0667,  1.00000000,1,0,0.0,0.5
508.1000,  1.00000000,1,0,0.050000000000000003,0.5
508.1333,  1.00000000,1,0,0.050000000000000003,0.5
508.1667,  1.00000000,1,0,0.050000000000000003,0.5
508.2000,  1.00000000,1,0,0.050000000000000003,0.5
508.2333,  1.00000000,1,0,0.0,0.5
508.2667,  1.00000000,1,0,0.050000000000000003,0.5
508.3000,  1.00000000,1,0,0.025000000000000001,0.5
508.3333,  1.00000000,1,0,0.025000000000000001,0.5
508.3667,  1.00000000,1,0,0.025000000000000001,0.5
508.4000,  1.00000000,1,0,0.050000000000000003,0.5
508.4333,  1.00000000,1,0,0.025000000000000001,0.5
508.4667,  1.00000000,1,0,0.074999999999999997,0.5
508.5000,  1.00000000,1,0,0.050000000000000003,0.5
508.5333,  1.00000000,1,0,0.050000000000000003,0.5
508.5667,  1.00000000,1,0,0.025000000000000001,0.5
508.6000,  1.00000000,1,0,0.025000000000000001,0.5
508.6333,  1.00000000,1,0,0.050000000000000003,0.5
508.6667,  1.00000000,1,0,0.025000000000000001,0.5
508.7000,  1.00000000,1,0,0.074999999999999997,0.5
508.7333,  1.00000000,1,0,0.025000000000000001,0.5
508.7667,  1.00000000,1,0,0.050000000000000003,0.5
508.8000,  1.00000000,1,0,0.0,0.5
508.8333,  1.00000000,1,0,0.050000000000000003,0.5
508.8667,  1.00000000,1,0,0.074999999999999997,0.5
508.9000,  1.00000000,1,0,0.025000000000000001,0.5
508.9333,  1.00000000,1,0,0.025000000000000001,0.5
508.9667,  1.00000000,1,0,0.025000000000000001,0.5
509.0000,  1.00000000,1,0,0.025000000000000001,0.5
509.0333,  1.00000000,1,0,0.050000000000000003,0.5
509.0667,  1.00000000,1,0,0.025000000000000001,0.5
509.1000,  1.00000000,1,0,0.025000000000000001,0.5
509.1333,  1.00000000,1,0,0.074999999999999997,0.5
509.1667,  1.00000000,1,0,0.074999999999999997,0.5
509.2000,  1.00000000,1,0,0.074999999999999997,0.5
509.2333,  1.00000000,1,0,0.074999999999999997,0.5
509.2667,  1.00000000,1,0,0.074999999999999997,0.5
509.3000,  1.00000000,1,0,0.074999999999999997,0.5
509.3333,  1.00000000,1,0,0.050000000000000003,0.5
509.3667,  1.00000000,1,0,0.050000000000000003,0.5
509.4000,  1.00000000,1,0,0.074999999999999997,0.5
509.4333,  1.00000000,1,0,0.074999999999999997,0.5
509.4667,  1.00000000,1,0,0.074999999999999997,0.5
509.5000,  1.00000000,1,0,0.025000000000000001,0.5
509.5333,  1.00000000,1,0,0.074999999999999997,0.5
509.5667,  1.00000000,1,0,0.025000000000000001,0.5
509.6000,  1.00000000,1,0,0.050000000000000003,0.5
509.6333,  1.00000000,1,0,0.050000000000000003,0.5
509.6667,  1.00000000,1,0,0.074999999999999997,0.5
509.7000,  1.00000000,1,0,0.074999999999999997,0.5
509.7333,  1.00000000,1,0,0.050000000000000003,0.5
509.7667,  1.00000000,1,0,0.050000000000000003,0.5
509.8000,  1.00000000,1,0,0.050000000000000003,0.5
509.8333,  1.00000000,1,0,0.025000000000000001,0.5
509.8667,  1.00000000,1,0,0.050000000000000003,0.5
509.9000,  1.00000000,1,0,0.025000000000000001,0.5
509.9333,  1.00000000,1,0,0.050000000000000003,0.5
509.9667,  1.00000000,1,0,0.074999999999999997,0.5
510.0000,  1.00000000,1,0,0.050000000000000003,0.5
510.0333,  1.00000000,1,0,0.025000000000000001,0.5
510.0667,  1.00000000,1,0,0.074999999999999997,0.5
510.1000,  1.00000000,1,0,0.025000000000000001,0.5
510.1333,  1.00000000,1,0,0.074999999999999997,0.5
510.1667,  1.00000000,1,0,0.074999999999999997,0.5
510.2000,  1.00000000,1,0,0.050000000000000003,0.5
510.2333,  1.00000000,1,0,0.050000000000000003,0.5
510.2667,  1.00000000,1,0,0.074999999999999997,0.5
510.3000,  1.00000000,1,0,0.0,0.5
510.3333,  1.00000000,1,0,0.025000000000000001,0.5
510.3667,  1.00000000,1,0,0.074999999999999997,0.5
510.4000,  1.00000000,1,0,0.050000000000000003,0.5
510.4333,  1.00000000,1,0,0.0,0.5
510.4667,  1.00000000,1,0,0.025000000000000001,0.5
510.5000,  1.00000000,1,0,0.050000000000000003,0.5
510.5333,  1.00000000,1,0,0.0,0.5
510.5667,  1.00000000,1,0,0.025000000000000001,0.5
510.6000,  1.00000000,1,0,0.025000000000000001,0.5
510.6333,  1.00000000,1,0,0.050000000000000003,0.5
510.6667,  1.00000000,1,0,0.025000000000000001,0.5
510.7000,  1.00000000,1,0,0.025000000000000001,0.5
510.7333,  1.00000000,1,0,0.050000000000000003,0.5
510.7667,  1.00000000,1,0,0.025000000000000001,0.5
510.8000,  1.00000000,1,0,0.025000000000000001,0.5
510.8333,  1.00000000,1,0,0.074999999999999997,0.5
510.8667,  1.00000000,1,0,0.050000000000000003,0.5
510.9000,  1.00000000,1,0,0.050000000000000003,0.5
510.9333,  1.00000000,1,0,0.074999999999999997,0.5
510.9667,  1.00000000,1,0,0.025000000000000001,0.5
511.0000,  1.00000000,1,0,0.0,0.5
511.0333,  1.00000000,1,0,0.050000000000000003,0.5
511.0667,  1.00000000,1,0,0.050000000000000003,0.5
511.1000,  1.00000000,1,0,0.0,0.5
511.1333,  1.00000000,1,0,0.025000000000000001,0.5
511.1667,  1.00000000,1,0,0.025000000000000001,0.5
511.2000,  1.00000000,1,0,0.025000000000000001,0.5
511.2333,  1.00000000,1,0,0.025000000000000001,0.5
511.2667,  1.00000000,1,0,0.0,0.5
511.3000,  1.00000000,1,0,0.074999999999999997,0.5
511.3333,  1.00000000,1,0,0.074999999999999997,0.5
511.3667,  1.00000000,1,0,0.025000000000000001,0.5
511.4000,  1.00000000,1,0,0.025000000000000001,0.5
511.4333,  1.00000000,1,0,0.050000000000000003,0.5
511.4667,  1.00000000,1,0,0.050000000000000003,0.5
511.5000,  1.00000000,1,0,0.050000000000000003,0.5
511.5333,  1.00000000,1,0,0.050000000000000003,0.5
511.5667,  1.00000000,1,0,0.025000000000000001,0.5
511.6000,  1.00000000,1,0,0.0,0.5
511.6333,  1.00000000,1,0,0.025000000000000001,0.5
511.6667,  1.00000000,1,0,0.050000000000000003,0.5
511.7000,  1.00000000,1,0,0.050000000000000003,0.5
511.7333,  1.00000000,1,0,0.050000000000000003,0.5
511.7667,  1.00000000,1,0,0.050000000000000003,0.5
511.8000,  1.00000000,1,0,0.050000000000000003,0.5
511.8333,  1.00000000,1,0,0.050000000000000003,0.5
511.8667,  1.00000000,1,0,0.050000000000000003,0.5
511.9000,  1.00000000,1,0,0.050000000000000003,0.5
511.9333,  1.00000000,1,0,0.025000000000000001,0.5
511.9667,  1.00000000,1,0,0.025000000000000001,0.5
512.0000,  1.00000000,1,0,0.050000000000000003,0.5
512.0333,  1.00000000,1,0,0.074999999999999997,0.5
512.0667,  1.00000000,1,0,0.074999999999999997,0.5
512.1000,  1.00000000,1,0,0.025000000000000001,0.5
512.1333,  1.00000000,1,0,0.050000000000000003,0.5
512.1667,  1.00000000,1,0,0.050000000000000003,0.5
512.2000,  1.00000000,1,0,0.025000000000000001,0.5
512.2333,  1.00000000,1,0,0.074999999999999997,0.5
512.2667,  1.00000000,1,0,0.050000000000000003,0.5
512.3000,  1.00000000,1,0,0.050000000000000003,0.5
512.3333,  1.00000000,1,0,0.050000000000000003,0.5
512.3667,  1.00000000,1,0,0.025000000000000001,0.5
512.4000,  1.00000000,1,0,0.0,0.5
512.4333,  1.00000000,1,0,0.025000000000000001,0.5
512.4667,  1.00000000,1,0,0.025000000000000001,0.5
512.5000,  1.00000000,1,0,0.074999999999999997,0.5
512.5333,  1.00000000,1,0,0.074999999999999997,0.5
512.5667,  1.00000000,1,0,0.050000000000000003,0.5
512.6000,  1.00000000,1,0,0.0,0.5
512.6333,  1.00000000,1,0,0.0,0.5
512.6667,  1.00000000,1,0,0.050000000000000003,0.5
512.7000,  1.00000000,1,0,0.025000000000000001,0.5
512.7333,  1.00000000,1,0,0.050000000000000003,0.5
512.7667,  1.00000000,1,0,0.074999999999999997,0.5
512.8000,  1.00000000,1,0,0.025000000000000001,0.5
512.8333,  1.00000000,1,0,0.074999999999999997,0.5
512.8667,  1.00000000,1,0,0.050000000000000003,0.5
512.9000,  1.00000000,1,0,0.025000000000000001,0.5
512.9333,  1.00000000,1,0,0.050000000000000003,0.5
512.9667,  1.00000000,1,0,0.050000000000000003,0.5
513.0000,  1.00000000,1,0,0.025000000000000001,0.5
513.0333,  1.00000000,1,0,0.050000000000000003,0.5
513.0667,  1.00000000,1,0,0.074999999999999997,0.5
513.1000,  1.00000000,1,0,0.074999999999999997,0.5
513.1333,  1.00000000,1,0,0.050000000000000003,0.5
513.1667,  1.00000000,1,0,0.025000000000000001,0.5
513.2000,  1.00000000,1,0,0.050000000000000003,0.5
513.2333,  1.00000000,1,0,0.050000000000000003,0.5
513.2667,  1.00000000,1,0,0.050000000000000003,0.5
513.3000,  1.00000000,1,0,0.025000000000000001,0.5
513.3333,  1.00000000,1,0,0.025000000000000001,0.5
513.3667,  1.00000000,1,0,0.025000000000000001,0.5
513.4000,  1.00000000,1,0,0.0,0.5
513.4333,  1.00000000,1,0,0.025000000000000001,0.5
513.4667,  1.00000000,1,0,0.025000000000000001,0.5
513.5000,  1.00000000,1,0,0.050000000000000003,0.5
513.5333,  1.00000000,1,0,0.025000000000000001,0.5
513.5667,  1.00000000,1,0,0.025000000000000001,0.5
513.6000,  1.00000000,1,0,0.050000000000000003,0.5
513.6333,  1.00000000,1,0,0.025000000000000001,0.5
513.6667,  1.00000000,1,0,0.025000000000000001,0.5
513.7000,  1.00000000,1,0,0.050000000000000003,0.5
513.7333,  1.00000000,1,0,0.025000000000000001,0.5
513.7667,  1.00000000,1,0,0.025000000000000001,0.5
513.8000,  1.00000000,1,0,0.050000000000000003,0.5
513.8333,  1.00000000,1,0,0.050000000000000003,0.5
513.8667,  1.00000000,1,0,0.074999999999999997,0.5
513.9000,  1.00000000,1,0,0.050000000000000003,0.5
513.9333,  1.00000000,1,0,0.050000000000000003,0.5
513.9667,  1.00000000,1,0,0.074999999999999997,0.5
514.0000,  1.00000000,1,0,0.050000000000000003,0.5
514.0333,  1.00000000,1,0,0.050000000000000003,0.5
514.0667,  1.00000000,1,0,0.025000000000000001,0.5
514.1000,  1.00000000,1,0,0.025000000000000001,0.5
514.1333,  1.00000000,1,0,0.050000000000000003,0.5
514.1667,  1.00000000,1,0,0.025000000000000001,0.5
514.2000,  1.00000000,1,0,0.025000000000000001,0.5
514.2333,  1.00000000,1,0,0.0,0.5
514.2667,  1.00000000,1,0,0.050000000000000003,0.5
514.3000,  1.00000000,1,0,0.025000000000000001,0.5
514.3333,  1.00000000,1,0,0.025000000000000001,0.5
514.3667,  1.00000000,1,0,0.025000000000000001,0.5
514.4000,  1.00000000,1,0,0.025000000000000001,0.5
514.4333,  1.00000000,1,0,0.0,0.5
514.4667,  1.00000000,1,0,0.025000000000000001,0.5
514.5000,  1.00000000,1,0,0.0,0.5
514.5333,  1.00000000,1,0,0.050000000000000003,0.5
514.5667,  1.00000000,1,0,0.074999999999999997,0.5
514.6000,  1.00000000,1,0,0.025000000000000001,0.5
514.6333,  1.00000000,1,0,0.050000000000000003,0.5
514.6667,  1.00000000,1,0,0.025000000000000001,0.5
514.7000,  1.00000000,1,0,0.050000000000000003,0.5
514.7333,  1.00000000,1,0,0.025000000000000001,0.5
514.7667,  1.00000000,1,0,0.074999999999999997,0.5
514.8000,  1.00000000,1,0,0.050000000000000003,0.5
514.8333,  1.00000000,1,0,0.050000000000000003,0.5
514.8667,  1.00000000,1,0,0.025000000000000001,0.5
514.9000,  1.00000000,1,0,0.050000000000000003,0.5
514.9333,  1.00000000,1,0,0.0,0.5
514.9667,  1.00000000,1,0,0.025000000000000001,0.5
515.0000,  1.00000000,1,0,0.0,0.5
515.0333,  1.00000000,1,0,0.025000000000000001,0.5
515.0667,  1.00000000,1,0,0.050000000000000003,0.5
515.1000,  1.00000000,1,0,0.050000000000000003,0.5
515.1333,  1.00000000,1,0,0.074999999999999997,0.5
515.1667,  1.00000000,1,0,0.050000000000000003,0.5
515.2000,  1.00000000,1,0,0.025000000000000001,0.5
515.2333,  1.00000000,1,0,0.025000000000000001,0.5
515.2667,  1.00000000,1,0,0.074999999999999997,0.5
515.3000,  1.00000000,1,0,0.025000000000000001,0.5
515.3333,  1.00000000,1,0,0.025000000000000001,0.5
515.3667,  1.00000000,1,0,0.074999999999999997,0.5
515.4000,  1.00000000,1,0,0.025000000000000001,0.5
515.4333,  1.00000000,1,0,0.025000000000000001,0.5
515.4667,  1.00000000,1,0,0.025000000000000001,0.5
515.5000,  1.00000000,1,0,0.074999999999999997,0.5
515.5333,  1.00000000,1,0,0.074999999999999997,0.5
515.5667,  1.00000000,1,0,0.050000000000000003,0.5
515.6000,  1.00000000,1,0,0.025000000000000001,0.5
515.6333,  1.00000000,1,0,0.050000000000000003,0.5
515.6667,  1.00000000,1,0,0.074999999999999997,0.5
515.7000,  1.00000000,1,0,0.050000000000000003,0.5
515.7333,  1.00000000,1,0,0.050000000000000003,0.5
515.7667,  1.00000000,1,0,0.050000000000000003,0.5
515.8000,  1.00000000,1,0,0.074999999999999997,0.5
515.8333,  1.00000000,1,0,0.050000000000000003,0.5
515.8667,  1.00000000,1,0,0.050000000000000003,0.5
515.9000,  1.00000000,1,0,0.0,0.5
515.9333,  1.00000000,1,0,0.050000000000000003,0.5
515.9667,  1.00000000,1,0,0.025000000000000001,0.5
516.0000,  1.00000000,1,0,0.050000000000000003,0.5
516.0333,  1.00000000,1,0,0.0,0.5
516.0667,  1.00000000,1,0,0.025000000000000001,0.5
516.1000,  1.00000000,1,0,0.050000000000000003,0.5
516.1333,  1.00000000,1,0,0.025000000000000001,0.5
516.1667,  1.00000000,1,0,0.050000000000000003,0.5
516.2000,  1.00000000,1,0,0.050000000000000003,0.5
516.2333,  1.00000000,1,0,0.074999999999999997,0.5
516.2667,  1.00000000,1,0,0.074999999999999997,0.5
516.3000,  1.00000000,1,0,0.074999999999999997,0.5
516.3333,  1.00000000,1,0,0.025000000000000001,0.5
516.3667,  1.00000000,1,0,0.0,0.5
516.4000,  1.00000000,1,0,0.025000000000000001,0.5
516.4333,  1.00000000,1,0,0.025000000000000001,0.5
516.4667,  1.00000000,1,0,0.025000000000000001,0.5
516.5000,  1.00000000,1,0,0.025000000000000001,0.5
516.5333,  1.00000000,1,0,0.025000000000000001,0.5
516.5667,  1.00000000,1,0,0.050000000000000003,0.5
516.6000,  1.00000000,1,0,0.025000000000000001,0.5
516.6333,  1.00000000,1,0,0.074999999999999997,0.5
516.6667,  1.00000000,1,0,0.025000000000000001,0.5
516.7000,  1.00000000,1,0,0.050000000000000003,0.5
516.7333,  1.00000000,1,0,0.050000000000000003,0.5
516.7667,  1.00000000,1,0,0.025000000000000001,0.5
516.8000,  1.00000000,1,0,0.050000000000000003,0.5
516.8333,  1.00000000,1,0,0.050000000000000003,0.5
516.8667,  1.00000000,1,0,0.025000000000000001,0.5
516.9000,  1.00000000,1,0,0.025000000000000001,0.5
516.9333,  1.00000000,1,0,0.025000000000000001,0.5
516.9667,  1.00000000,1,0,0.074999999999999997,0.5
517.0000,  1.00000000,1,0,0.025000000000000001,0.5
517.0333,  1.00000000,1,0,0.050000000000000003,0.5
517.0667,  1.00000000,1,0,0.074999999999999997,0.5
517.1000,  1.00000000,1,0,0.025000000000000001,0.5
517.1333,  1.00000000,1,0,0.074999999999999997,0.5
517.1667,  1.00000000,1,0,0.050000000000000003,0.5
517.2000,  1.00000000,1,0,0.074999999999999997,0.5
517.2333,  1.00000000,1,0,0.074999999999999997,0.5
517.2667,  1.00000000,1,0,0.074999999999999997,0.5
517.3000,  1.00000000,1,0,0.050000000000000003,0.5
517.3333,  1.00000000,1,0,0.074999999999999997,0.5
517.3667,  1.00000000,1,0,0.050000000000000003,0.5
517.4000,  1.00000000,1,0,0.050000000000000003,0.5
517.4333,  1.00000000,1,0,0.025000000000000001,0.5
517.4667,  1.00000000,1,0,0.074999999999999997,0.5
517.5000,  1.00000000,1,0,0.074999999999999997,0.5
517.5333,  1.00000000,1,0,0.050000000000000003,0.5
517.5667,  1.00000000,1,0,0.025000000000000001,0.5
517.6000,  1.00000000,1,0,0.050000000000000003,0.5
517.6333,  1.00000000,1,0,0.025000000000000001,0.5
517.6667,  1.00000000,1,0,0.074999999999999997,0.5
517.7000,  1.00000000,1,0,0.074999999999999997,0.5
517.7333,  1.00000000,1,0,0.074999999999999997,0.5
517.7667,  1.00000000,1,0,0.074999999999999997,0.5
517.8000,  1.00000000,1,0,0.050000000000000003,0.5
517.8333,  1.00000000,1,0,0.074999999999999997,0.5
517.8667,  1.00000000,1,0,0.074999999999999997,0.5
517.9000,  1.00000000,1,0,0.050000000000000003,0.5
517.9333,  1.00000000,1,0,0.025000000000000001,0.5
517.9667,  1.00000000,1,0,0.050000000000000003,0.5
518.0000,  1.00000000,1,0,0.074999999999999997,0.5
518.0333,  1.00000000,1,0,0.050000000000000003,0.5
518.0667,  1.00000000,1,0,0.050000000000000003,0.5
518.1000,  1.00000000,1,0,0.050000000000000003,0.5
518.1333,  1.00000000,1,0,0.050000000000000003,0.5
518.1667,  1.00000000,1,0,0.074999999999999997,0.5
518.2000,  1.00000000,1,0,0.0,0.5
518.2333,  1.00000000,1,0,0.025000000000000001,0.5
518.2667,  1.00000000,1,0,0.025000000000000001,0.5
518.3000,  1.00000000,1,0,0.0,0.5
518.3333,  1.00000000,1,0,0.050000000000000003,0.5
518.3667,  1.00000000,1,0,0.025000000000000001,0.5
518.4000,  1.00000000,1,0,0.0,0.5
518.4333,  1.00000000,1,0,0.0,0.5
518.4667,  1.00000000,1,0,0.025000000000000001,0.5
518.5000,  1.00000000,1,0,0.025000000000000001,0.5
518.5333,  1.00000000,1,0,0.074999999999999997,0.5
518.5667,  1.00000000,1,0,0.025000000000000001,0.5
518.6000,  1.00000000,1,0,0.025000000000000001,0.5
518.6333,  1.00000000,1,0,0.0,0.5
518.6667,  1.00000000,1,0,0.025000000000000001,0.5
518.7000,  1.00000000,1,0,0.0,0.5
518.7333,  1.00000000,1,0,0.025000000000000001,0.5
518.7667,  1.00000000,1,0,0.025000000000000001,0.5
518.8000,  1.00000000,1,0,0.0,0.5
518.8333,  1.00000000,1,0,0.0,0.5
518.8667,  1.00000000,1,0,0.0,0.5
518.9000,  1.00000000,1,0,0.050000000000000003,0.5
518.9333,  1.00000000,1,0,0.050000000000000003,0.5
518.9667,  1.00000000,1,0,0.025000000000000001,0.5
519.0000,  1.00000000,1,0,0.074999999999999997,0.5
519.0333,  1.00000000,1,0,0.025000000000000001,0.5
519.0667,  1.00000000,1,0,0.050000000000000003,0.5
519.1000,  1.00000000,1,0,0.050000000000000003,0.5
519.1333,  1.00000000,1,0,0.050000000000000003,0.5
519.1667,  1.00000000,1,0,0.025000000000000001,0.5
519.2000,  1.00000000,1,0,0.074999999999999997,0.5
519.2333,  1.00000000,1,0,0.050000000000000003,0.5
519.2667,  1.00000000,1,0,0.025000000000000001,0.5
519.3000,  1.00000000,1,0,0.025000000000000001,0.5
519.3333,  1.00000000,1,0,0.0,0.5
519.3667,  1.00000000,1,0,0.025000000000000001,0.5
519.4000,  1.00000000,1,0,0.025000000000000001,0.5
519.4333,  1.00000000,1,0,0.050000000000000003,0.5
519.4667,  1.00000000,1,0,0.050000000000000003,0.5
519.5000,  1.00000000,1,0,0.074999999999999997,0.5
519.5333,  1.00000000,1,0,0.025000000000000001,0.5
519.5667,  1.00000000,1,0,0.050000000000000003,0.5
519.6000,  1.00000000,1,0,0.050000000000000003,0.5
519.6333,  1.00000000,1,0,0.050000000000000003,0.5
519.6667,  1.00000000,1,0,0.074999999999999997,0.5
519.7000,  1.00000000,1,0,0.025000000000000001,0.5
519.7333,  1.00000000,1,0,0.025000000000000001,0.5
519.7667,  1.00000000,1,0,0.074999999999999997,0.5
519.8000,  1.00000000,1,0,0.025000000000000001,0.5
519.8333,  1.00000000,1,0,0.025000000000000001,0.5
519.8667,  1.00000000,1,0,0.025000000000000001,0.5
519.9000,  1.00000000,1,0,0.025000000000000001,0.5
519.9333,  1.00000000,1,0,0.074999999999999997,0.5
519.9667,  1.00000000,1,0,0.0,0.5
520.0000,  1.00000000,1,0,0.074999999999999997,0.5
520.0333,  1.00000000,1,0,0.050000000000000003,0.5
520.0667,  1.00000000,1,0,0.025000000000000001,0.5
520.1000,  1.00000000,1,0,0.074999999999999997,0.5
520.1333,  1.00000000,1,0,0.050000000000000003,0.5
520.1667,  1.00000000,1,0,0.050000000000000003,0.5
520.2000,  1.00000000,1,0,0.074999999999999997,0.5
520.2333,  1.00000000,1,0,0.050000000000000003,0.5
520.2667,  1.00000000,1,0,0.050000000000000003,0.5
520.3000,  1.00000000,1,0,0.050000000000000003,0.5
520.3333,  1.00000000,1,0,0.025000000000000001,0.5
520.3667,  1.00000000,1,0,0.025000000000000001,0.5
520.4000,  1.00000000,1,0,0.025000000000000001,0.5
520.4333,  1.00000000,1,0,0.050000000000000003,0.5
520.4667,  1.00000000,1,0,0.050000000000000003,0.5
520.5000,  1.00000000,1,0,0.025000000000000001,0.5
520.5333,  1.00000000,1,0,0.0,0.5
520.5667,  1.00000000,1,0,0.074999999999999997,0.5
520.6000,  1.00000000,1,0,0.050000000000000003,0.5
520.6333,  1.00000000,1,0,0.025000000000000001,0.5
520.6667,  1.00000000,1,0,0.074999999999999997,0.5
520.7000,  1.00000000,1,0,0.074999999999999997,0.5
520.7333,  1.00000000,1,0,0.025000000000000001,0.5
520.7667,  1.00000000,1,0,0.050000000000000003,0.5
520.8000,  1.00000000,1,0,0.025000000000000001,0.5
520.8333,  1.00000000,1,0,0.074999999999999997,0.5
520.8667,  1.00000000,1,0,0.050000000000000003,0.5
520.9000,  1.00000000,1,0,0.050000000000000003,0.5
520.9333,  1.00000000,1,0,0.025000000000000001,0.5
520.9667,  1.00000000,1,0,0.050000000000000003,0.5
521.0000,  1.00000000,1,0,0.050000000000000003,0.5
521.0333,  1.00000000,1,0,0.025000000000000001,0.5
521.0667,  1.00000000,1,0,0.074999999999999997,0.5
521.1000,  1.00000000,1,0,0.050000000000000003,0.5
521.1333,  1.00000000,1,0,0.050000000000000003,0.5
521.1667,  1.00000000,1,0,0.0,0.5
521.2000,  1.00000000,1,0,0.074999999999999997,0.5
521.2333,  1.00000000,1,0,0.0,0.5
521.2667,  1.00000000,1,0,0.050000000000000003,0.5
521.3000,  1.00000000,1,0,0.025000000000000001,0.5
521.3333,  1.00000000,1,0,0.074999999999999997,0.5
521.3667,  1.00000000,1,0,0.025000000000000001,0.5
521.4000,  1.00000000,1,0,0.050000000000000003,0.5
521.4333,  1.00000000,1,0,0.025000000000000001,0.5
521.4667,  1.00000000,1,0,0.025000000000000001,0.5
521.5000,  1.00000000,1,0,0.025000000000000001,0.5
521.5333,  1.00000000,1,0,0.050000000000000003,0.5
521.5667,  1.00000000,1,0,0.074999999999999997,0.5
521.6000,  1.00000000,1,0,0.025000000000000001,0.5
521.6333,  1.00000000,1,0,0.025000000000000001,0.5
521.6667,  1.00000000,1,0,0.025000000000000001,0.5
521.7000,  1.00000000,1,0,0.074999999999999997,0.5
521.7333,  1.00000000,1,0,0.0,0.5
521.7667,  1.00000000,1,0,0.074999999999999997,0.5
521.8000,  1.00000000,1,0,0.050000000000000003,0.5
521.8333,  1.00000000,1,0,0.074999999999999997,0.5
521.8667,  1.00000000,1,0,0.050000000000000003,0.5
521.9000,  1.00000000,1,0,0.074999999999999997,0.5
521.9333,  1.00000000,1,0,0.025000000000000001,0.5
521.9667,  1.00000000,1,0,0.074999999999999997,0.5
522.0000,  1.00000000,1,0,0.074999999999999997,0.5
522.0333,  1.00000000,1,0,0.074999999999999997,0.5
522.0667,  1.00000000,1,0,0.050000000000000003,0.5
522.1000,  1.00000000,1,0,0.050000000000000003,0.5
522.1333,  1.00000000,1,0,0.050000000000000003,0.5
522.1667,  1.00000000,1,0,0.0,0.5
522.2000,  1.00000000,1,0,0.050000000000000003,0.5
522.2333,  1.00000000,1,0,0.074999999999999997,0.5
522.2667,  1.00000000,1,0,0.050000000000000003,0.5
522.3000,  1.00000000,1,0,0.0,0.5
522.3333,  1.00000000,1,0,0.025000000000000001,0.5
522.3667,  1.00000000,1,0,0.050000000000000003,0.5
522.4000,  1.00000000,1,0,0.025000000000000001,0.5
522.4333,  1.00000000,1,0,0.050000000000000003,0.5
522.4667,  1.00000000,1,0,0.050000000000000003,0.5
522.5000,  1.00000000,1,0,0.050000000000000003,0.5
522.5333,  1.00000000,1,0,0.050000000000000003,0.5
522.5667,  1.00000000,1,0,0.074999999999999997,0.5
522.6000,  1.00000000,1,0,0.050000000000000003,0.5
522.6333,  1.00000000,1,0,0.050000000000000003,0.5
522.6667,  1.00000000,1,0,0.025000000000000001,0.5
522.7000,  1.00000000,1,0,0.0,0.5
522.7333,  1.00000000,1,0,0.050000000000000003,0.5
522.7667,  1.00000000,1,0,0.050000000000000003,0.5
522.8000,  1.00000000,1,0,0.074999999999999997,0.5
522.8333,  1.00000000,1,0,0.050000000000000003,0.5
522.8667,  1.00000000,1,0,0.025000000000000001,0.5
522.9000,  1.00000000,1,0,0.050000000000000003,0.5
522.9333,  1.00000000,1,0,0.050000000000000003,0.5
522.9667,  1.00000000,1,0,0.050000000000000003,0.5
523.0000,  1.00000000,1,0,0.025000000000000001,0.5
523.0333,  1.00000000,1,0,0.025000000000000001,0.5
523.0667,  1.00000000,1,0,0.0,0.5
523.1000,  1.00000000,1,0,0.0,0.5
523.1333,  1.00000000,1,0,0.025000000000000001,0.5
523.1667,  1.00000000,1,0,0.050000000000000003,0.5
523.2000,  1.00000000,1,0,0.0,0.5
523.2333,  1.00000000,1,0,0.025000000000000001,0.5
523.2667,  1.00000000,1,0,0.025000000000000001,0.5
523.3000,  1.00000000,1,0,0.0,0.5
523.3333,  1.00000000,1,0,0.0,0.5
523.3667,  1.00000000,1,0,0.050000000000000003,0.5
523.4000,  1.00000000,1,0,0.025000000000000001,0.5
523.4333,  1.00000000,1,0,0.074999999999999997,0.5
523.4667,  1.00000000,1,0,0.050000000000000003,0.5
523.5000,  1.00000000,1,0,0.050000000000000003,0.5
523.5333,  1.00000000,1,0,0.0,0.5
523.5667,  1.00000000,1,0,0.025000000000000001,0.5
523.6000,  1.00000000,1,0,0.050000000000000003,0.5
523.6333,  1.00000000,1,0,0.050000000000000003,0.5
523.6667,  1.00000000,1,0,0.025000000000000001,0.5
523.7000,  1.00000000,1,0,0.050000000000000003,0.5
523.7333,  1.00000000,1,0,0.025000000000000001,0.5
523.7667,  1.00000000,1,0,0.025000000000000001,0.5
523.8000,  1.00000000,1,0,0.050000000000000003,0.5
523.8333,  1.00000000,1,0,0.0,0.5
523.8667,  1.00000000,1,0,0.025000000000000001,0.5
523.9000,  1.00000000,1,0,0.025000000000000001,0.5
523.9333,  1.00000000,1,0,0.050000000000000003,0.5
523.9667,  1.00000000,1,0,0.050000000000000003,0.5
524.0000,  1.00000000,1,0,0.050000000000000003,0.5
524.0333,  1.00000000,1,0,0.074999999999999997,0.5
524.0667,  1.00000000,1,0,0.074999999999999997,0.5
524.1000,  1.00000000,1,0,0.025000000000000001,0.5
524.1333,  1.00000000,1,0,0.0,0.5
524.1667,  1.00000000,1,0,0.0,0.5
524.2000,  1.00000000,1,0,0.0,0.5
524.2333,  1.00000000,1,0,0.025000000000000001,0.5
524.2667,  1.00000000,1,0,0.025000000000000001,0.5
524.3000,  1.00000000,1,0,0.0,0.5
524.3333,  1.00000000,1,0,0.0,0.5
524.3667,  1.00000000,1,0,0.050000000000000003,0.5
524.4000,  1.00000000,1,0,0.050000000000000003,0.5
524.4333,  1.00000000,1,0,0.025000000000000001,0.5
524.4667,  1.00000000,1,0,0.025000000000000001,0.5
524.5000,  1.00000000,1,0,0.0,0.5
524.5333,  1.00000000,1,0,0.0,0.5
524.5667,  1.00000000,1,0,0.0,0.5
524.6000,  1.00000000,1,0,0.0,0.5
524.6333,  1.00000000,1,0,0.025000000000000001,0.5
524.6667,  1.00000000,1,0,0.0,0.5
524.7000,  1.00000000,1,0,0.050000000000000003,0.5
524.7333,  1.00000000,1,0,0.074999999999999997,0.5
524.7667,  1.00000000,1,0,0.050000000000000003,0.5
524.8000,  1.00000000,1,0,0.025000000000000001,0.5
524.8333,  1.00000000,1,0,0.025000000000000001,0.5
524.8667,  1.00000000,1,0,0.050000000000000003,0.5
524.9000,  1.00000000,1,0,0.025000000000000001,0.5
524.9333,  1.00000000,1,0,0.050000000000000003,0.5
524.9667,  1.00000000,1,0,0.0,0.5
525.0000,  1.00000000,1,0,0.074999999999999997,0.5
525.0333,  1.00000000,1,0,0.050000000000000003,0.5
525.0667,  1.00000000,1,0,0.050000000000000003,0.5
525.1000,  1.00000000,1,0,0.025000000000000001,0.5
525.1333,  1.00000000,1,0,0.050000000000000003,0.5
525.1667,  1.00000000,1,0,0.025000000000000001,0.5
525.2000,  1.00000000,1,0,0.074999999999999997,0.5
525.2333,  1.00000000,1,0,0.025000000000000001,0.5
525.2667,  1.00000000,1,0,0.050000000000000003,0.5
525.3000,  1.00000000,1,0,0.050000000000000003,0.5
525.3333,  1.00000000,1,0,0.050000000000000003,0.5
525.3667,  1.00000000,1,0,0.050000000000000003,0.5
525.4000,  1.00000000,1,0,0.025000000000000001,0.5
525.4333,  1.00000000,1,0,0.025000000000000001,0.5
525.4667,  1.00000000,1,0,0.074999999999999997,0.5
525.5000,  1.00000000,1,0,0.050000000000000003,0.5
525.5333,  1.00000000,1,0,0.025000000000000001,0.5
525.5667,  1.00000000,1,0,0.074999999999999997,0.5
525.6000,  1.00000000,1,0,0.050000000000000003,0.5
525.6333,  1.00000000,1,0,0.025000000000000001,0.5
525.6667,  1.00000000,1,0,0.074999999999999997,0.5
525.7000,  1.00000000,1,0,0.025000000000000001,0.5
525.7333,  1.00000000,1,0,0.025000000000000001,0.5
525.7667,  1.00000000,1,0,0.050000000000000003,0.5
525.8000,  1.00000000,1,0,0.025000000000000001,0.5
525.8333,  1.00000000,1,0,0.050000000000000003,0.5
525.8667,  1.00000000,1,0,0.025000000000000001,0.5
525.9000,  1.00000000,1,0,0.050000000000000003,0.5
525.9333,  1.00000000,1,0,0.025000000000000001,0.5
525.9667,  1.00000000,1,0,0.025000000000000001,0.5
526.0000,  1.00000000,1,0,0.050000000000000003,0.5
526.0333,  1.00000000,1,0,0.050000000000000003,0.5
526.0667,  1.00000000,1,0,0.025000000000000001,0.5
526.1000,  1.00000000,1,0,0.050000000000000003,0.5
526.1333,  1.00000000,1,0,0.050000000000000003,0.5
526.1667,  1.00000000,1,0,0.025000000000000001,0.5
526.2000,  1.00000000,1,0,0.050000000000000003,0.5
526.2333,  1.00000000,1,0,0.050000000000000003,0.5
526.2667,  1.00000000,1,0,0.025000000000000001,0.5
526.3000,  1.00000000,1,0,0.025000000000000001,0.5
526.3333,  1.00000000,1,0,0.025000000000000001,0.5
526.3667,  1.00000000,1,0,0.025000000000000001,0.5
526.4000,  1.00000000,1,0,0.050000000000000003,0.5
526.4333,  1.00000000,1,0,0.050000000000000003,0.5
526.4667,  1.00000000,1,0,0.050000000000000003,0.5
526.5000,  1.00000000,1,0,0.025000000000000001,0.5
526.5333,  1.00000000,1,0,0.0,0.5
526.5667,  1.00000000,1,0,0.025000000000000001,0.5
526.6000,  1.00000000,1,0,0.025000000000000001,0.5
526.6333,  1.00000000,1,0,0.025000000000000001,0.5
526.6667,  1.00000000,1,0,0.0,0.5
526.7000,  1.00000000,1,0,0.0,0.5
526.7333,  1.00000000,1,0,0.074999999999999997,0.5
526.7667,  1.00000000,1,0,0.025000000000000001,0.5
526.8000,  1.00000000,1,0,0.0,0.5
526.8333,  1.00000000,1,0,0.050000000000000003,0.5
526.8667,  1.00000000,1,0,0.025000000000000001,0.5
526.9000,  1.00000000,1,0,0.074999999999999997,0.5
526.9333,  1.00000000,1,0,0.025000000000000001,0.5
526.9667,  1.00000000,1,0,0.074999999999999997,0.5
527.0000,  1.00000000,1,0,0.074999999999999997,0.5
527.0333,  1.00000000,1,0,0.074999999999999997,0.5
527.0667,  1.00000000,1,0,0.050000000000000003,0.5
527.1000,  1.00000000,1,0,0.074999999999999997,0.5
527.1333,  1.00000000,1,0,0.025000000000000001,0.5
527.1667,  1.00000000,1,0,0.025000000000000001,0.5
527.2000,  1.00000000,1,0,0.050000000000000003,0.5
527.2333,  1.00000000,1,0,0.050000000000000003,0.5
527.2667,  1.00000000,1,0,0.050000000000000003,0.5
527.3000,  1.00000000,1,0,0.050000000000000003,0.5
527.3333,  1.00000000,1,0,0.074999999999999997,0.5
527.3667,  1.00000000,1,0,0.074999999999999997,0.5
527.4000,  1.00000000,1,0,0.0,0.5
527.4333,  1.00000000,1,0,0.0,0.5
527.4667,  1.00000000,1,0,0.050000000000000003,0.5
527.5000,  1.00000000,1,0,0.025000000000000001,0.5
527.5333,  1.00000000,1,0,0.050000000000000003,0.5
527.5667,  1.00000000,1,0,0.074999999999999997,0.5
527.6000,  1.00000000,1,0,0.050000000000000003,0.5
527.6333,  1.00000000,1,0,0.025000000000000001,0.5
527.6667,  1.00000000,1,0,0.050000000000000003,0.5
527.7000,  1.00000000,1,0,0.050000000000000003,0.5
527.7333,  1.00000000,1,0,0.025000000000000001,0.5
527.7667,  1.00000000,1,0,0.050000000000000003,0.5
527.8000,  1.00000000,1,0,0.050000000000000003,0.5
527.8333,  1.00000000,1,0,0.050000000000000003,0.5
527.8667,  1.00000000,1,0,0.025000000000000001,0.5
527.9000,  1.00000000,1,0,0.0,0.5
527.9333,  1.00000000,1,0,0.025000000000000001,0.5
527.9667,  1.00000000,1,0,0.0,0.5
528.0000,  1.00000000,1,0,0.0,0.5
528.0333,  1.00000000,1,0,0.050000000000000003,0.5
528.0667,  1.00000000,1,0,0.050000000000000003,0.5
528.1000,  1.00000000,1,0,0.025000000000000001,0.5
528.1333,  1.00000000,1,0,0.050000000000000003,0.5
528.1667,  1.00000000,1,0,0.025000000000000001,0.5
528.2000,  1.00000000,1,0,0.025000000000000001,0.5
528.2333,  1.00000000,1,0,0.050000000000000003,0.5
528.2667,  1.00000000,1,0,0.025000000000000001,0.5
528.3000,  1.00000000,1,0,0.074999999999999997,0.5
528.3333,  1.00000000,1,0,0.074999999999999997,0.5
528.3667,  1.00000000,1,0,0.025000000000000001,0.5
528.4000,  1.00000000,1,0,0.050000000000000003,0.5
528.4333,  1.00000000,1,0,0.0,0.5
528.4667,  1.00000000,1,0,0.025000000000000001,0.5
528.5000,  1.00000000,1,0,0.025000000000000001,0.5
528.5333,  1.00000000,1,0,0.0,0.5
528.5667,  1.00000000,1,0,0.025000000000000001,0.5
528.6000,  1.00000000,1,0,0.050000000000000003,0.5
528.6333,  1.00000000,1,0,0.050000000000000003,0.5
528.6667,  1.00000000,1,0,0.050000000000000003,0.5
528.7000,  1.00000000,1,0,0.025000000000000001,0.5
528.7333,  1.00000000,1,0,0.025000000000000001,0.5
528.7667,  1.00000000,1,0,0.025000000000000001,0.5
528.8000,  1.00000000,1,0,0.0,0.5
528.8333,  1.00000000,1,0,0.025000000000000001,0.5
528.8667,  1.00000000,1,0,0.074999999999999997,0.5
528.9000,  1.00000000,1,0,0.025000000000000001,0.5
528.9333,  1.00000000,1,0,0.050000000000000003,0.5
528.9667,  1.00000000,1,0,0.050000000000000003,0.5
529.0000,  1.00000000,1,0,0.074999999999999997,0.5
529.0333,  1.00000000,1,0,0.025000000000000001,0.5
529.0667,  1.00000000,1,0,0.025000000000000001,0.5
529.1000,  1.00000000,1,0,0.025000000000000001,0.5
529.1333,  1.00000000,1,0,0.074999999999999997,0.5
529.1667,  1.00000000,1,0,0.074999999999999997,0.5
529.2000,  1.00000000,1,0,0.074999999999999997,0.5
529.2333,  1.00000000,1,0,0.050000000000000003,0.5
529.2667,  1.00000000,1,0,0.050000000000000003,0.5
529.3000,  1.00000000,1,0,0.074999999999999997,0.5
529.3333,  1.00000000,1,0,0.050000000000000003,0.5
529.3667,  1.00000000,1,0,0.050000000000000003,0.5
529.4000,  1.00000000,1,0,0.0,0.5
529.4333,  1.00000000,1,0,0.050000000000000003,0.5
529.4667,  1.00000000,1,0,0.050000000000000003,0.5
529.5000,  1.00000000,1,0,0.025000000000000001,0.5
529.5333,  1.00000000,1,0,0.050000000000000003,0.5
529.5667,  1.00000000,1,0,0.050000000000000003,0.5
529.6000,  1.00000000,1,0,0.025000000000000001,0.5
529.6333,  1.00000000,1,0,0.025000000000000001,0.5
529.6667,  1.00000000,1,0,0.0,0.5
529.7000,  1.00000000,1,0,0.050000000000000003,0.5
529.7333,  1.00000000,1,0,0.050000000000000003,0.5
529.7667,  1.00000000,1,0,0.050000000000000003,0.5
529.8000,  1.00000000,1,0,0.074999999999999997,0.5
529.8333,  1.00000000,1,0,0.050000000000000003,0.5
529.8667,  1.00000000,1,0,0.025000000000000001,0.5
529.9000,  1.00000000,1,0,0.074999999999999997,0.5
529.9333,  1.00000000,1,0,0.074999999999999997,0.5
529.9667,  1.00000000,1,0,0.050000000000000003,0.5
530.0000,  1.00000000,1,0,0.050000000000000003,0.5
530.0333,  1.00000000,1,0,0.025000000000000001,0.5
530.0667,  1.00000000,1,0,0.025000000000000001,0.5
530.1000,  1.00000000,1,0,0.0,0.5
530.1333,  1.00000000,1,0,0.050000000000000003,0.5
530.1667,  1.00000000,1,0,0.025000000000000001,0.5
530.2000,  1.00000000,1,0,0.025000000000000001,0.5
530.2333,  1.00000000,1,0,0.025000000000000001,0.5
530.2667,  1.00000000,1,0,0.074999999999999997,0.5
530.3000,  1.00000000,1,0,0.025000000000000001,0.5
530.3333,  1.00000000,1,0,0.050000000000000003,0.5
530.3667,  1.00000000,1,0,0.025000000000000001,0.5
530.4000,  1.00000000,1,0,0.0,0.5
530.4333,  1.00000000,1,0,0.0,0.5
530.4667,  1.00000000,1,0,0.025000000000000001,0.5
530.5000,  1.00000000,1,0,0.050000000000000003,0.5
530.5333,  1.00000000,1,0,0.025000000000000001,0.5
530.5667,  1.00000000,1,0,0.074999999999999997,0.5
530.6000,  1.00000000,1,0,0.050000000000000003,0.5
530.6333,  1.00000000,1,0,0.025000000000000001,0.5
530.6667,  1.00000000,1,0,0.050000000000000003,0.5
530.7000,  1.00000000,1,0,0.050000000000000003,0.5
530.7333,  1.00000000,1,0,0.050000000000000003,0.5
530.7667,  1.00000000,1,0,0.050000000000000003,0.5
530.8000,  1.00000000,1,0,0.050000000000000003,0.5
530.8333,  1.00000000,1,0,0.0,0.5
530.8667,  1.00000000,1,0,0.025000000000000001,0.5
530.9000,  1.00000000,1,0,0.025000000000000001,0.5
530.9333,  1.00000000,1,0,0.0,0.5
530.9667,  1.00000000,1,0,0.050000000000000003,0.5
531.0000,  1.00000000,1,0,0.050000000000000003,0.5
531.0333,  1.00000000,1,0,0.025000000000000001,0.5
531.0667,  1.00000000,1,0,0.025000000000000001,0.5
531.1000,  1.00000000,1,0,0.0,0.5
531.1333,  1.00000000,1,0,0.0,0.5
531.1667,  1.00000000,1,0,0.0,0.5
531.2000,  1.00000000,1,0,0.050000000000000003,0.5
531.2333,  1.00000000,1,0,0.050000000000000003,0.5
531.2667,  1.00000000,1,0,0.0,0.5
531.3000,  1.00000000,1,0,0.025000000000000001,0.5
531.3333,  1.00000000,1,0,0.025000000000000001,0.5
531.3667,  1.00000000,1,0,0.025000000000000001,0.5
531.4000,  1.00000000,1,0,0.025000000000000001,0.5
531.4333,  1.00000000,1,0,0.025000000000000001,0.5
531.4667,  1.00000000,1,0,0.050000000000000003,0.5
531.5000,  1.00000000,1,0,0.025000000000000001,0.5
531.5333,  1.00000000,1,0,0.025000000000000001,0.5
531.5667,  1.00000000,1,0,0.050000000000000003,0.5
531.6000,  1.00000000,1,0,0.0,0.5
531.6333,  1.00000000,1,0,0.025000000000000001,0.5
531.6667,  1.00000000,1,0,0.050000000000000003,0.5
531.7000,  1.00000000,1,0,0.074999999999999997,0.5
531.7333,  1.00000000,1,0,0.050000000000000003,0.5
531.7667,  1.00000000,1,0,0.025000000000000001,0.5
531.8000,  1.00000000,1,0,0.050000000000000003,0.5
531.8333,  1.00000000,1,0,0.074999999999999997,0.5
531.8667,  1.00000000,1,0,0.025000000000000001,0.5
531.9000,  1.00000000,1,0,0.050000000000000003,0.5
531.9333,  1.00000000,1,0,0.025000000000000001,0.5
531.9667,  1.00000000,1,0,0.050000000000000003,0.5
532.0000,  1.00000000,1,0,0.0,0.5
532.0333,  1.00000000,1,0,0.050000000000000003,0.5
532.0667,  1.00000000,1,0,0.050000000000000003,0.5
532.1000,  1.00000000,1,0,0.025000000000000001,0.5
532.1333,  1.00000000,1,0,0.074999999999999997,0.5
532.1667,  1.00000000,1,0,0.025000000000000001,0.5
532.2000,  1.00000000,1,0,0.050000000000000003,0.5
532.2333,  1.00000000,1,0,0.025000000000000001,0.5
532.2667,  1.00000000,1,0,0.025000000000000001,0.5
532.3000,  1.00000000,1,0,0.025000000000000001,0.5
532.3333,  1.00000000,1,0,0.050000000000000003,0.5
532.3667,  1.00000000,1,0,0.074999999999999997,0.5
532.4000,  1.00000000,1,0,0.050000000000000003,0.5
532.4333,  1.00000000,1,0,0.025000000000000001,0.5
532.4667,  1.00000000,1,0,0.025000000000000001,0.5
532.5000,  1.00000000,1,0,0.050000000000000003,0.5
532.5333,  1.00000000,1,0,0.0,0.5
532.5667,  1.00000000,1,0,0.025000000000000001,0.5
532.6000,  1.00000000,1,0,0.074999999999999997,0.5
532.6333,  1.00000000,1,0,0.050000000000000003,0.5
532.6667,  1.00000000,1,0,0.0,0.5
532.7000,  1.00000000,1,0,0.025000000000000001,0.5
532.7333,  1.00000000,1,0,0.050000000000000003,0.5
532.7667,  1.00000000,1,0,0.025000000000000001,0.5
532.8000,  1.00000000,1,0,0.050000000000000003,0.5
532.8333,  1.00000000,1,0,0.050000000000000003,0.5
532.8667,  1.00000000,1,0,0.025000000000000001,0.5
532.9000,  1.00000000,1,0,0.050000000000000003,0.5
532.9333,  1.00000000,1,0,0.074999999999999997,0.5
532.9667,  1.00000000,1,0,0.0,0.5
533.0000,  1.00000000,1,0,0.050000000000000003,0.5
533.0333,  1.00000000,1,0,0.025000000000000001,0.5
533.0667,  1.00000000,1,0,0.074999999999999997,0.5
533.1000,  1.00000000,1,0,0.050000000000000003,0.5
533.1333,  1.00000000,1,0,0.074999999999999997,0.5
533.1667,  1.00000000,1,0,0.025000000000000001,0.5
533.2000,  1.00000000,1,0,0.074999999999999997,0.5
533.2333,  1.00000000,1,0,0.074999999999999997,0.5
533.2667,  1.00000000,1,0,0.025000000000000001,0.5
533.3000,  1.00000000,1,0,0.025000000000000001,0.5
533.3333,  1.00000000,1,0,0.050000000000000003,0.5
533.3667,  1.00000000,1,0,0.025000000000000001,0.5
533.4000,  1.00000000,1,0,0.050000000000000003,0.5
533.4333,  1.00000000,1,0,0.050000000000000003,0.5
533.4667,  1.00000000,1,0,0.025000000000000001,0.5
533.5000,  1.00000000,1,0,0.050000000000000003,0.5
533.5333,  1.00000000,1,0,0.074999999999999997,0.5
533.5667,  1.00000000,1,0,0.0,0.5
533.6000,  1.00000000,1,0,0.050000000000000003,0.5
533.6333,  1.00000000,1,0,0.050000000000000003,0.5
533.6667,  1.00000000,1,0,0.074999999999999997,0.5
533.7000,  1.00000000,1,0,0.050000000000000003,0.5
533.7333,  1.00000000,1,0,0.0,0.5
533.7667,  1.00000000,1,0,0.025000000000000001,0.5
533.8000,  1.00000000,1,0,0.050000000000000003,0.5
533.8333,  1.00000000,1,0,0.025000000000000001,0.5
533.8667,  1.00000000,1,0,0.025000000000000001,0.5
533.9000,  1.00000000,1,0,0.025000000000000001,0.5
533.9333,  1.00000000,1,0,0.025000000000000001,0.5
533.9667,  1.00000000,1,0,0.050000000000000003,0.5
534.0000,  1.00000000,1,0,0.025000000000000001,0.5
534.0333,  1.00000000,1,0,0.025000000000000001,0.5
534.0667,  1.00000000,1,0,0.0,0.5
534.1000,  1.00000000,1,0,0.025000000000000001,0.5
534.1333,  1.00000000,1,0,0.050000000000000003,0.5
534.1667,  1.00000000,1,0,0.050000000000000003,0.5
534.2000,  1.00000000,1,0,0.025000000000000001,0.5
534.2333,  1.00000000,1,0,0.025000000000000001,0.5
534.2667,  1.00000000,1,0,0.050000000000000003,0.5
534.3000,  1.00000000,1,0,0.025000000000000001,0.5
534.3333,  1.00000000,1,0,0.050000000000000003,0.5
534.3667,  1.00000000,1,0,0.025000000000000001,0.5
534.4000,  1.00000000,1,0,0.050000000000000003,0.5
534.4333,  1.00000000,1,0,0.050000000000000003,0.5
534.4667,  1.00000000,1,0,0.025000000000000001,0.5
534.5000,  1.00000000,1,0,0.050000000000000003,0.5
534.5333,  1.00000000,1,0,0.050000000000000003,0.5
534.5667,  1.00000000,1,0,0.050000000000000003,0.5
534.6000,  1.00000000,1,0,0.025000000000000001,0.5
534.6333,  1.00000000,1,0,0.074999999999999997,0.5
534.6667,  1.00000000,1,0,0.050000000000000003,0.5
534.7000,  1.00000000,1,0,0.074999999999999997,0.5
534.7333,  1.00000000,1,0,0.025000000000000001,0.5
534.7667,  1.00000000,1,0,0.050000000000000003,0.5
534.8000,  1.00000000,1,0,0.050000000000000003,0.5
534.8333,  1.00000000,1,0,0.0,0.5
534.8667,  1.00000000,1,0,0.025000000000000001,0.5
534.9000,  1.00000000,1,0,0.025000000000000001,0.5
534.9333,  1.00000000,1,0,0.025000000000000001,0.5
534.9667,  1.00000000,1,0,0.050000000000000003,0.5
535.0000,  1.00000000,1,0,0.025000000000000001,0.5
535.0333,  1.00000000,1,0,0.050000000000000003,0.5
535.0667,  1.00000000,1,0,0.074999999999999997,0.5
535.1000,  1.00000000,1,0,0.050000000000000003,0.5
535.1333,  1.00000000,1,0,0.0,0.5
535.1667,  1.00000000,1,0,0.074999999999999997,0.5
535.2000,  1.00000000,1,0,0.050000000000000003,0.5
535.2333,  1.00000000,1,0,0.050000000000000003,0.5
535.2667,  1.00000000,1,0,0.050000000000000003,0.5
535.3000,  1.00000000,1,0,0.025000000000000001,0.5
535.3333,  1.00000000,1,0,0.025000000000000001,0.5
535.3667,  1.00000000,1,0,0.050000000000000003,0.5
535.4000,  1.00000000,1,0,0.050000000000000003,0.5
535.4333,  1.00000000,1,0,0.074999999999999997,0.5
535.4667,  1.00000000,1,0,0.050000000000000003,0.5
535.5000,  1.00000000,1,0,0.025000000000000001,0.5
535.5333,  1.00000000,1,0,0.025000000000000001,0.5
535.5667,  1.00000000,1,0,0.074999999999999997,0.5
535.6000,  1.00000000,1,0,0.074999999999999997,0.5
535.6333,  1.00000000,1,0,0.025000000000000001,0.5
535.6667,  1.00000000,1,0,0.0,0.5
535.7000,  1.00000000,1,0,0.025000000000000001,0.5
535.7333,  1.00000000,1,0,0.050000000000000003,0.5
535.7667,  1.00000000,1,0,0.050000000000000003,0.5
535.8000,  1.00000000,1,0,0.050000000000000003,0.5
535.8333,  1.00000000,1,0,0.050000000000000003,0.5
535.8667,  1.00000000,1,0,0.050000000000000003,0.5
535.9000,  1.00000000,1,0,0.025000000000000001,0.5
535.9333,  1.00000000,1,0,0.0,0.5
535.9667,  1.00000000,1,0,0.074999999999999997,0.5
536.0000,  1.00000000,1,0,0.025000000000000001,0.5
536.0333,  1.00000000,1,0,0.050000000000000003,0.5
536.0667,  1.00000000,1,0,0.050000000000000003,0.5
536.1000,  1.00000000,1,0,0.074999999999999997,0.5
536.1333,  1.00000000,1,0,0.025000000000000001,0.5
536.1667,  1.00000000,1,0,0.025000000000000001,0.5
536.2000,  1.00000000,1,0,0.025000000000000001,0.5
536.2333,  1.00000000,1,0,0.050000000000000003,0.5
536.2667,  1.00000000,1,0,0.0,0.5
536.3000,  1.00000000,1,0,0.025000000000000001,0.5
536.3333,  1.00000000,1,0,0.025000000000000001,0.5
536.3667,  1.00000000,1,0,0.050000000000000003,0.5
536.4000,  1.00000000,1,0,0.050000000000000003,0.5
536.4333,  1.00000000,1,0,0.0,0.5
536.4667,  1.00000000,1,0,0.025000000000000001,0.5
536.5000,  1.00000000,1,0,0.0,0.5
536.5333,  1.00000000,1,0,0.0,0.5
536.5667,  1.00000000,1,0,0.025000000000000001,0.5
536.6000,  1.00000000,1,0,0.025000000000000001,0.5
536.6333,  1.00000000,1,0,0.074999999999999997,0.5
536.6667,  1.00000000,1,0,0.074999999999999997,0.5
536.7000,  1.00000000,1,0,0.025000000000000001,0.5
536.7333,  1.00000000,1,0,0.025000000000000001,0.5
536.7667,  1.00000000,1,0,0.074999999999999997,0.5
536.8000,  1.00000000,1,0,0.050000000000000003,0.5
536.8333,  1.00000000,1,0,0.0,0.5
536.8667,  1.00000000,1,0,0.050000000000000003,0.5
536.9000,  1.00000000,1,0,0.050000000000000003,0.5
536.9333,  1.00000000,1,0,0.050000000000000003,0.5
536.9667,  1.00000000,1,0,0.050000000000000003,0.5
537.0000,  1.00000000,1,0,0.050000000000000003,0.5
537.0333,  1.00000000,1,0,0.050000000000000003,0.5
537.0667,  1.00000000,1,0,0.025000000000000001,0.5
537.1000,  1.00000000,1,0,0.074999999999999997,0.5
537.1333,  1.00000000,1,0,0.025000000000000001,0.5
537.1667,  1.00000000,1,0,0.050000000000000003,0.5
537.2000,  1.00000000,1,0,0.074999999999999997,0.5
537.2333,  1.00000000,1,0,0.074999999999999997,0.5
537.2667,  1.00000000,1,0,0.050000000000000003,0.5
537.3000,  1.00000000,1,0,0.050000000000000003,0.5
537.3333,  1.00000000,1,0,0.074999999999999997,0.5
537.3667,  1.00000000,1,0,0.074999999999999997,0.5
537.4000,  1.00000000,1,0,0.025000000000000001,0.5
537.4333,  1.00000000,1,0,0.025000000000000001,0.5
537.4667,  1.00000000,1,0,0.025000000000000001,0.5
537.5000,  1.00000000,1,0,0.074999999999999997,0.5
537.5333,  1.00000000,1,0,0.074999999999999997,0.5
537.5667,  1.00000000,1,0,0.025000000000000001,0.5
537.6000,  1.00000000,1,0,0.074999999999999997,0.5
537.6333,  1.00000000,1,0,0.050000000000000003,0.5
537.6667,  1.00000000,1,0,0.025000000000000001,0.5
537.7000,  1.00000000,1,0,0.074999999999999997,0.5
537.7333,  1.00000000,1,0,0.050000000000000003,0.5
537.7667,  1.00000000,1,0,0.074999999999999997,0.5
537.8000,  1.00000000,1,0,0.050000000000000003,0.5
537.8333,  1.00000000,1,0,0.074999999999999997,0.5
537.8667,  1.00000000,1,0,0.074999999999999997,0.5
537.9000,  1.00000000,1,0,0.025000000000000001,0.5
537.9333,  1.00000000,1,0,0.050000000000000003,0.5
537.9667,  1.00000000,1,0,0.050000000000000003,0.5
538.0000,  1.00000000,1,0,0.074999999999999997,0.5
538.0333,  1.00000000,1,0,0.050000000000000003,0.5
538.0667,  1.00000000,1,0,0.074999999999999997,0.5
538.1000,  1.00000000,1,0,0.025000000000000001,0.5
538.1333,  1.00000000,1,0,0.050000000000000003,0.5
538.1667,  1.00000000,1,0,0.050000000000000003,0.5
538.2000,  1.00000000,1,0,0.074999999999999997,0.5
538.2333,  1.00000000,1,0,0.050000000000000003,0.5
538.2667,  1.00000000,1,0,0.025000000000000001,0.5
538.3000,  1.00000000,1,0,0.025000000000000001,0.5
538.3333,  1.00000000,1,0,0.025000000000000001,0.5
538.3667,  1.00000000,1,0,0.025000000000000001,0.5
538.4000,  1.00000000,1,0,0.0,0.5
538.4333,  1.00000000,1,0,0.0,0.5
538.4667,  1.00000000,1,0,0.050000000000000003,0.5
538.5000,  1.00000000,1,0,0.074999999999999997,0.5
538.5333,  1.00000000,1,0,0.0,0.5
538.5667,  1.00000000,1,0,0.0,0.5
538.6000,  1.00000000,1,0,0.050000000000000003,0.5
538.6333,  1.00000000,1,0,0.025000000000000001,0.5
538.6667,  1.00000000,1,0,0.050000000000000003,0.5
538.7000,  1.00000000,1,0,0.050000000000000003,0.5
538.7333,  1.00000000,1,0,0.050000000000000003,0.5
538.7667,  1.00000000,1,0,0.025000000000000001,0.5
538.8000,  1.00000000,1,0,0.050000000000000003,0.5
538.8333,  1.00000000,1,0,0.050000000000000003,0.5
538.8667,  1.00000000,1,0,0.0,0.5
538.9000,  1.00000000,1,0,0.025000000000000001,0.5
538.9333,  1.00000000,1,0,0.050000000000000003,0.5
538.9667,  1.00000000,1,0,0.025000000000000001,0.5
539.0000,  1.00000000,1,0,0.050000000000000003,0.5
539.0333,  1.00000000,1,0,0.050000000000000003,0.5
539.0667,  1.00000000,1,0,0.050000000000000003,0.5
539.1000,  1.00000000,1,0,0.025000000000000001,0.5
539.1333,  1.00000000,1,0,0.025000000000000001,0.5
539.1667,  1.00000000,1,0,0.025000000000000001,0.5
539.2000,  1.00000000,1,0,0.025000000000000001,0.5
539.2333,  1.00000000,1,0,0.050000000000000003,0.5
539.2667,  1.00000000,1,0,0.025000000000000001,0.5
539.3000,  1.00000000,1,0,0.025000000000000001,0.5
539.3333,  1.00000000,1,0,0.050000000000000003,0.5
539.3667,  1.00000000,1,0,0.050000000000000003,0.5
539.4000,  1.00000000,1,0,0.025000000000000001,0.5
539.4333,  1.00000000,1,0,0.025000000000000001,0.5
539.4667,  1.00000000,1,0,0.050000000000000003,0.5
539.5000,  1.00000000,1,0,0.050000000000000003,0.5
539.5333,  1.00000000,1,0,0.050000000000000003,0.5
539.5667,  1.00000000,1,0,0.050000000000000003,0.5
539.6000,  1.00000000,1,0,0.025000000000000001,0.5
539.6333,  1.00000000,1,0,0.074999999999999997,0.5
539.6667,  1.00000000,1,0,0.050000000000000003,0.5
539.7000,  1.00000000,1,0,0.050000000000000003,0.5
539.7333,  1.00000000,1,0,0.074999999999999997,0.5
539.7667,  1.00000000,1,0,0.050000000000000003,0.5
539.8000,  1.00000000,1,0,0.050000000000000003,0.5
539.8333,  1.00000000,1,0,0.050000000000000003,0.5
539.8667,  1.00000000,1,0,0.074999999999999997,0.5
539.9000,  1.00000000,1,0,0.050000000000000003,0.5
539.9333,  1.00000000,1,0,0.050000000000000003,0.5
539.9667,  1.00000000,1,0,0.050000000000000003,0.5
540.0000,  1.00000000,1,0,0.074999999999999997,0.5
540.0333,  1.00000000,1,0,0.0,0.5
540.0667,  1.00000000,1,0,0.0,0.5
540.1000,  1.00000000,1,0,0.074999999999999997,0.5
540.1333,  1.00000000,1,0,0.025000000000000001,0.5
540.1667,  1.00000000,1,0,0.050000000000000003,0.5
540.2000,  1.00000000,1,0,0.050000000000000003,0.5
540.2333,  1.00000000,1,0,0.025000000000000001,0.5
540.2667,  1.00000000,1,0,0.050000000000000003,0.5
540.3000,  1.00000000,1,0,0.025000000000000001,0.5
540.3333,  1.00000000,1,0,0.050000000000000003,0.5
540.3667,  1.00000000,1,0,0.025000000000000001,0.5
540.4000,  1.00000000,1,0,0.025000000000000001,0.5
540.4333,  1.00000000,1,0,0.050000000000000003,0.5
540.4667,  1.00000000,1,0,0.050000000000000003,0.5
540.5000,  1.00000000,1,0,0.074999999999999997,0.5
540.5333,  1.00000000,1,0,0.074999999999999997,0.5
540.5667,  1.00000000,1,0,0.074999999999999997,0.5
540.6000,  1.00000000,1,0,0.074999999999999997,0.5
540.6333,  1.00000000,1,0,0.025000000000000001,0.5
540.6667,  1.00000000,1,0,0.050000000000000003,0.5
540.7000,  1.00000000,1,0,0.025000000000000001,0.5
540.7333,  1.00000000,1,0,0.050000000000000003,0.5
540.7667,  1.00000000,1,0,0.050000000000000003,0.5
540.8000,  1.00000000,1,0,0.074999999999999997,0.5
540.8333,  1.00000000,1,0,0.0,0.5
540.8667,  1.00000000,1,0,0.074999999999999997,0.5
540.9000,  1.00000000,1,0,0.050000000000000003,0.5
540.9333,  1.00000000,1,0,0.025000000000000001,0.5
540.9667,  1.00000000,1,0,0.050000000000000003,0.5
541.0000,  1.00000000,1,0,0.050000000000000003,0.5
541.0333,  1.00000000,1,0,0.074999999999999997,0.5
541.0667,  1.00000000,1,0,0.0,0.5
541.1000,  1.00000000,1,0,0.074999999999999997,0.5
541.1333,  1.00000000,1,0,0.074999999999999997,0.5
541.1667,  1.00000000,1,0,0.025000000000000001,0.5
541.2000,  1.00000000,1,0,0.050000000000000003,0.5
541.2333,  1.00000000,1,0,0.050000000000000003,0.5
541.2667,  1.00000000,1,0,0.025000000000000001,0.5
541.3000,  1.00000000,1,0,0.050000000000000003,0.5
541.3333,  1.00000000,1,0,0.074999999999999997,0.5
541.3667,  1.00000000,1,0,0.025000000000000001,0.5
541.4000,  1.00000000,1,0,0.050000000000000003,0.5
541.4333,  1.00000000,1,0,0.074999999999999997,0.5
541.4667,  1.00000000,1,0,0.025000000000000001,0.5
541.5000,  1.00000000,1,0,0.050000000000000003,0.5
541.5333,  1.00000000,1,0,0.025000000000000001,0.5
541.5667,  1.00000000,1,0,0.050000000000000003,0.5
541.6000,  1.00000000,1,0,0.025000000000000001,0.5
541.6333,  1.00000000,1,0,0.050000000000000003,0.5
541.6667,  1.00000000,1,0,0.025000000000000001,0.5
541.7000,  1.00000000,1,0,0.025000000000000001,0.5
541.7333,  1.00000000,1,0,0.050000000000000003,0.5
541.7667,  1.00000000,1,0,0.050000000000000003,0.5
541.8000,  1.00000000,1,0,0.0,0.5
541.8333,  1.00000000,1,0,0.050000000000000003,0.5
541.8667,  1.00000000,1,0,0.0,0.5
541.9000,  1.00000000,1,0,0.050000000000000003,0.5
541.9333,  1.00000000,1,0,0.050000000000000003,0.5
541.9667,  1.00000000,1,0,0.025000000000000001,0.5
542.0000,  1.00000000,1,0,0.074999999999999997,0.5
542.0333,  1.00000000,1,0,0.050000000000000003,0.5
542.0667,  1.00000000,1,0,0.050000000000000003,0.5
542.1000,  1.00000000,1,0,0.025000000000000001,0.5
542.1333,  1.00000000,1,0,0.025000000000000001,0.5
542.1667,  1.00000000,1,0,0.050000000000000003,0.5
542.2000,  1.00000000,1,0,0.050000000000000003,0.5
542.2333,  1.00000000,1,0,0.025000000000000001,0.5
542.2667,  1.00000000,1,0,0.0,0.5
542.3000,  1.00000000,1,0,0.025000000000000001,0.5
542.3333,  1.00000000,1,0,0.025000000000000001,0.5
542.3667,  1.00000000,1,0,0.025000000000000001,0.5
542.4000,  1.00000000,1,0,0.025000000000000001,0.5
542.4333,  1.00000000,1,0,0.050000000000000003,0.5
542.4667,  1.00000000,1,0,0.050000000000000003,0.5
542.5000,  1.00000000,1,0,0.025000000000000001,0.5
542.5333,  1.00000000,1,0,0.025000000000000001,0.5
542.5667,  1.00000000,1,0,0.050000000000000003,0.5
542.6000,  1.00000000,1,0,0.025000000000000001,0.5
542.6333,  1.00000000,1,0,0.025000000000000001,0.5
542.6667,  1.00000000,1,0,0.025000000000000001,0.5
542.7000,  1.00000000,1,0,0.025000000000000001,0.5
542.7333,  1.00000000,1,0,0.074999999999999997,0.5
542.7667,  1.00000000,1,0,0.0,0.5
542.8000,  1.00000000,1,0,0.0,0.5
542.8333,  1.00000000,1,0,0.025000000000000001,0.5
542.8667,  1.00000000,1,0,0.025000000000000001,0.5
542.9000,  1.00000000,1,0,0.025000000000000001,0.5
542.9333,  1.00000000,1,0,0.0,0.5
542.9667,  1.00000000,1,0,0.050000000000000003,0.5
543.0000,  1.00000000,1,0,0.025000000000000001,0.5
543.0333,  1.00000000,1,0,0.0,0.5
543.0667,  1.00000000,1,0,0.050000000000000003,0.5
543.1000,  1.00000000,1,0,0.050000000000000003,0.5
543.1333,  1.00000000,1,0,0.0,0.5
543.1667,  1.00000000,1,0,0.050000000000000003,0.5
543.2000,  1.00000000,1,0,0.050000000000000003,0.5
543.2333,  1.00000000,1,0,0.050000000000000003,0.5
543.2667,  1.00000000,1,0,0.050000000000000003,0.5
543.3000,  1.00000000,1,0,0.050000000000000003,0.5
543.3333,  1.00000000,1,0,0.074999999999999997,0.5
543.3667,  1.00000000,1,0,0.074999999999999997,0.5
543.4000,  1.00000000,1,0,0.074999999999999997,0.5
543.4333,  1.00000000,1,0,0.074999999999999997,0.5
543.4667,  1.00000000,1,0,0.025000000000000001,0.5
543.5000,  1.00000000,1,0,0.0,0.5
543.5333,  1.00000000,1,0,0.050000000000000003,0.5
543.5667,  1.00000000,1,0,0.074999999999999997,0.5
543.6000,  1.00000000,1,0,0.025000000000000001,0.5
543.6333,  1.00000000,1,0,0.050000000000000003,0.5
543.6667,  1.00000000,1,0,0.050000000000000003,0.5
543.7000,  1.00000000,1,0,0.025000000000000001,0.5
543.7333,  1.00000000,1,0,0.0,0.5
543.7667,  1.00000000,1,0,0.050000000000000003,0.5
543.8000,  1.00000000,1,0,0.050000000000000003,0.5
543.8333,  1.00000000,1,0,0.050000000000000003,0.5
543.8667,  1.00000000,1,0,0.050000000000000003,0.5
543.9000,  1.00000000,1,0,0.025000000000000001,0.5
543.9333,  1.00000000,1,0,0.074999999999999997,0.5
543.9667,  1.00000000,1,0,0.050000000000000003,0.5
544.0000,  1.00000000,1,0,0.050000000000000003,0.5
544.0333,  1.00000000,1,0,0.050000000000000003,0.5
544.0667,  1.00000000,1,0,0.025000000000000001,0.5
544.1000,  1.00000000,1,0,0.050000000000000003,0.5
544.1333,  1.00000000,1,0,0.050000000000000003,0.5
544.1667,  1.00000000,1,0,0.0,0.5
544.2000,  1.00000000,1,0,0.025000000000000001,0.5
544.2333,  1.00000000,1,0,0.025000000000000001,0.5
544.2667,  1.00000000,1,0,0.025000000000000001,0.5
544.3000,  1.00000000,1,0,0.050000000000000003,0.5
544.3333,  1.00000000,1,0,0.025000000000000001,0.5
544.3667,  1.00000000,1,0,0.025000000000000001,0.5
544.4000,  1.00000000,1,0,0.050000000000000003,0.5
544.4333,  1.00000000,1,0,0.025000000000000001,0.5
544.4667,  1.00000000,1,0,0.074999999999999997,0.5
544.5000,  1.00000000,1,0,0.0,0.5
544.5333,  1.00000000,1,0,0.0,0.5
544.5667,  1.00000000,1,0,0.025000000000000001,0.5
544.6000,  1.00000000,1,0,0.050000000000000003,0.5
544.6333,  1.00000000,1,0,0.0,0.5
544.6667,  1.00000000,1,0,0.0,0.5
544.7000,  1.00000000,1,0,0.050000000000000003,0.5
544.7333,  1.00000000,1,0,0.050000000000000003,0.5
544.7667,  1.00000000,1,0,0.050000000000000003,0.5
544.8000,  1.00000000,1,0,0.050000000000000003,0.5
544.8333,  1.00000000,1,0,0.0,0.5
544.8667,  1.00000000,1,0,0.0,0.5
544.9000,  1.00000000,1,0,0.025000000000000001,0.5
544.9333,  1.00000000,1,0,0.050000000000000003,0.5
544.9667,  1.00000000,1,0,0.025000000000000001,0.5
545.0000,  1.00000000,1,0,0.050000000000000003,0.5
545.0333,  1.00000000,1,0,0.074999999999999997,0.5
545.0667,  1.00000000,1,0,0.025000000000000001,0.5
545.1000,  1.00000000,1,0,0.050000000000000003,0.5
545.1333,  1.00000000,1,0,0.0,0.5
545.1667,  1.00000000,1,0,0.050000000000000003,0.5
545.2000,  1.00000000,1,0,0.050000000000000003,0.5
545.2333,  1.00000000,1,0,0.025000000000000001,0.5
545.2667,  1.00000000,1,0,0.025000000000000001,0.5
545.3000,  1.00000000,1,0,0.050000000000000003,0.5
545.3333,  1.00000000,1,0,0.025000000000000001,0.5
545.3667,  1.00000000,1,0,0.025000000000000001,0.5
545.4000,  1.00000000,1,0,0.050000000000000003,0.5
545.4333,  1.00000000,1,0,0.025000000000000001,0.5
545.4667,  1.00000000,1,0,0.025000000000000001,0.5
545.5000,  1.00000000,1,0,0.025000000000000001,0.5
545.5333,  1.00000000,1,0,0.050000000000000003,0.5
545.5667,  1.00000000,1,0,0.0,0.5
545.6000,  1.00000000,1,0,0.025000000000000001,0.5
545.6333,  1.00000000,1,0,0.025000000000000001,0.5
545.6667,  1.00000000,1,0,0.0,0.5
545.7000,  1.00000000,1,0,0.025000000000000001,0.5
545.7333,  1.00000000,1,0,0.025000000000000001,0.5
545.7667,  1.00000000,1,0,0.050000000000000003,0.5
545.8000,  1.00000000,1,0,0.025000000000000001,0.5
545.8333,  1.00000000,1,0,0.050000000000000003,0.5
545.8667,  1.00000000,1,0,0.025000000000000001,0.5
545.9000,  1.00000000,1,0,0.0,0.5
545.9333,  1.00000000,1,0,0.050000000000000003,0.5
545.9667,  1.00000000,1,0,0.0,0.5
546.0000,  1.00000000,1,0,0.025000000000000001,0.5
546.0333,  1.00000000,1,0,0.025000000000000001,0.5
546.0667,  1.00000000,1,0,0.0,0.5
546.1000,  1.00000000,1,0,0.025000000000000001,0.5
546.1333,  1.00000000,1,0,0.050000000000000003,0.5
546.1667,  1.00000000,1,0,0.050000000000000003,0.5
546.2000,  1.00000000,1,0,0.050000000000000003,0.5
546.2333,  1.00000000,1,0,0.050000000000000003,0.5
546.2667,  1.00000000,1,0,0.074999999999999997,0.5
546.3000,  1.00000000,1,0,0.025000000000000001,0.5
546.3333,  1.00000000,1,0,0.0,0.5
546.3667,  1.00000000,1,0,0.0,0.5
546.4000,  1.00000000,1,0,0.025000000000000001,0.5
546.4333,  1.00000000,1,0,0.025000000000000001,0.5
546.4667,  1.00000000,1,0,0.025000000000000001,0.5
546.5000,  1.00000000,1,0,0.0,0.5
546.5333,  1.00000000,1,0,0.025000000000000001,0.5
546.5667,  1.00000000,1,0,0.025000000000000001,0.5
546.6000,  1.00000000,1,0,0.0,0.5
546.6333,  1.00000000,1,0,0.025000000000000001,0.5
546.6667,  1.00000000,1,0,0.025000000000000001,0.5
546.7000,  1.00000000,1,0,0.050000000000000003,0.5
546.7333,  1.00000000,1,0,0.025000000000000001,0.5
546.7667,  1.00000000,1,0,0.0,0.5
546.8000,  1.00000000,1,0,0.0,0.5
546.8333,  1.00000000,1,0,0.0,0.5
546.8667,  1.00000000,1,0,0.050000000000000003,0.5
546.9000,  1.00000000,1,0,0.050000000000000003,0.5
546.9333,  1.00000000,1,0,0.074999999999999997,0.5
546.9667,  1.00000000,1,0,0.050000000000000003,0.5
547.0000,  1.00000000,1,0,0.050000000000000003,0.5
547.0333,  1.00000000,1,0,0.050000000000000003,0.5
547.0667,  1.00000000,1,0,0.074999999999999997,0.5
547.1000,  1.00000000,1,0,0.025000000000000001,0.5
547.1333,  1.00000000,1,0,0.050000000000000003,0.5
547.1667,  1.00000000,1,0,0.025000000000000001,0.5
547.2000,  1.00000000,1,0,0.025000000000000001,0.5
547.2333,  1.00000000,1,0,0.025000000000000001,0.5
547.2667,  1.00000000,1,0,0.050000000000000003,0.5
547.3000,  1.00000000,1,0,0.0,0.5
547.3333,  1.00000000,1,0,0.0,0.5
547.3667,  1.00000000,1,0,0.050000000000000003,0.5
547.4000,  1.00000000,1,0,0.050000000000000003,0.5
547.4333,  1.00000000,1,0,0.050000000000000003,0.5
547.4667,  1.00000000,1,0,0.074999999999999997,0.5
547.5000,  1.00000000,1,0,0.050000000000000003,0.5
547.5333,  1.00000000,1,0,0.025000000000000001,0.5
547.5667,  1.00000000,1,0,0.050000000000000003,0.5
547.6000,  1.00000000,1,0,0.074999999999999997,0.5
547.6333,  1.00000000,1,0,0.050000000000000003,0.5
547.6667,  1.00000000,1,0,0.050000000000000003,0.5
547.7000,  1.00000000,1,0,0.025000000000000001,0.5
547.7333,  1.00000000,1,0,0.050000000000000003,0.5
547.7667,  1.00000000,1,0,0.050000000000000003,0.5
547.8000,  1.00000000,1,0,0.050000000000000003,0.5
547.8333,  1.00000000,1,0,0.0,0.5
547.8667,  1.00000000,1,0,0.0,0.5
547.9000,  1.00000000,1,0,0.0,0.5
547.9333,  1.00000000,1,0,0.050000000000000003,0.5
547.9667,  1.00000000,1,0,0.074999999999999997,0.5
548.0000,  1.00000000,1,0,0.0,0.5
548.0333,  1.00000000,1,0,0.025000000000000001,0.5
548.0667,  1.00000000,1,0,0.025000000000000001,0.5
548.1000,  1.00000000,1,0,0.0,0.5
548.1333,  1.00000000,1,0,0.050000000000000003,0.5
548.1667,  1.00000000,1,0,0.025000000000000001,0.5
548.2000,  1.00000000,1,0,0.025000000000000001,0.5
548.2333,  1.00000000,1,0,0.025000000000000001,0.5
548.2667,  1.00000000,1,0,0.025000000000000001,0.5
548.3000,  1.00000000,1,0,0.074999999999999997,0.5
548.3333,  1.00000000,1,0,0.025000000000000001,0.5
548.3667,  1.00000000,1,0,0.025000000000000001,0.5
548.4000,  1.00000000,1,0,0.025000000000000001,0.5
548.4333,  1.00000000,1,0,0.025000000000000001,0.5
548.4667,  1.00000000,1,0,0.025000000000000001,0.5
548.5000,  1.00000000,1,0,0.0,0.5
548.5333,  1.00000000,1,0,0.050000000000000003,0.5
548.5667,  1.00000000,1,0,0.0,0.5
548.6000,  1.00000000,1,0,0.050000000000000003,0.5
548.6333,  1.00000000,1,0,0.050000000000000003,0.5
548.6667,  1.00000000,1,0,0.025000000000000001,0.5
548.7000,  1.00000000,1,0,0.025000000000000001,0.5
548.7333,  1.00000000,1,0,0.050000000000000003,0.5
548.7667,  1.00000000,1,0,0.074999999999999997,0.5
548.8000,  1.00000000,1,0,0.025000000000000001,0.5
548.8333,  1.00000000,1,0,0.0,0.5
548.8667,  1.00000000,1,0,0.0,0.5
548.9000,  1.00000000,1,0,0.025000000000000001,0.5
548.9333,  1.00000000,1,0,0.025000000000000001,0.5
548.9667,  1.00000000,1,0,0.025000000000000001,0.5
549.0000,  1.00000000,1,0,0.050000000000000003,0.5
549.0333,  1.00000000,1,0,0.025000000000000001,0.5
549.0667,  1.00000000,1,0,0.050000000000000003,0.5
549.1000,  1.00000000,1,0,0.025000000000000001,0.5
549.1333,  1.00000000,1,0,0.0,0.5
549.1667,  1.00000000,1,0,0.025000000000000001,0.5
549.2000,  1.00000000,1,0,0.0,0.5
549.2333,  1.00000000,1,0,0.0,0.5
549.2667,  1.00000000,1,0,0.025000000000000001,0.5
549.3000,  1.00000000,1,0,0.025000000000000001,0.5
549.3333,  1.00000000,1,0,0.050000000000000003,0.5
549.3667,  1.00000000,1,0,0.0,0.5
549.4000,  1.00000000,1,0,0.050000000000000003,0.5
549.4333,  1.00000000,1,0,0.0,0.5
549.4667,  1.00000000,1,0,0.025000000000000001,0.5
549.5000,  1.00000000,1,0,0.025000000000000001,0.5
549.5333,  1.00000000,1,0,0.025000000000000001,0.5
549.5667,  1.00000000,1,0,0.050000000000000003,0.5
549.6000,  1.00000000,1,0,0.0,0.5
549.6333,  1.00000000,1,0,0.025000000000000001,0.5
549.6667,  1.00000000,1,0,0.050000000000000003,0.5
549.7000,  1.00000000,1,0,0.0,0.5
549.7333,  1.00000000,1,0,0.050000000000000003,0.5
549.7667,  1.00000000,1,0,0.050000000000000003,0.5
549.8000,  1.00000000,1,0,0.074999999999999997,0.5
549.8333,  1.00000000,1,0,0.025000000000000001,0.5
549.8667,  1.00000000,1,0,0.0,0.5
549.9000,  1.00000000,1,0,0.0,0.5
549.9333,  1.00000000,1,0,0.0,0.5
549.9667,  1.00000000,1,0,0.025000000000000001,0.5
550.0000,  1.00000000,1,0,0.025000000000000001,0.5
550.0333,  1.00000000,1,0,0.050000000000000003,0.5
550.0667,  1.00000000,1,0,0.050000000000000003,0.5
550.1000,  1.00000000,1,0,0.0,0.5
550.1333,  1.00000000,1,0,0.025000000000000001,0.5
550.1667,  1.00000000,1,0,0.025000000000000001,0.5
550.2000,  1.00000000,1,0,0.050000000000000003,0.5
550.2333,  1.00000000,1,0,0.025000000000000001,0.5
550.2667,  1.00000000,1,0,0.025000000000000001,0.5
550.3000,  1.00000000,1,0,0.0,0.5
550.3333,  1.00000000,1,0,0.0,0.5
550.3667,  1.00000000,1,0,0.050000000000000003,0.5
550.4000,  1.00000000,1,0,0.0,0.5
550.4333,  1.00000000,1,0,0.050000000000000003,0.5
550.4667,  1.00000000,1,0,0.050000000000000003,0.5
550.5000,  1.00000000,1,0,0.025000000000000001,0.5
550.5333,  1.00000000,1,0,0.050000000000000003,0.5
550.5667,  1.00000000,1,0,0.050000000000000003,0.5
550.6000,  1.00000000,1,0,0.050000000000000003,0.5
550.6333,  1.00000000,1,0,0.025000000000000001,0.5
550.6667,  1.00000000,1,0,0.050000000000000003,0.5
550.7000,  1.00000000,1,0,0.074999999999999997,0.5
550.7333,  1.00000000,1,0,0.050000000000000003,0.5
550.7667,  1.00000000,1,0,0.074999999999999997,0.5
550.8000,  1.00000000,1,0,0.074999999999999997,0.5
550.8333,  1.00000000,1,0,0.050000000000000003,0.5
550.8667,  1.00000000,1,0,0.025000000000000001,0.5
550.9000,  1.00000000,1,0,0.0,0.5
550.9333,  1.00000000,1,0,0.050000000000000003,0.5
550.9667,  1.00000000,1,0,0.050000000000000003,0.5
551.0000,  1.00000000,1,0,0.025000000000000001,0.5
551.0333,  1.00000000,1,0,0.074999999999999997,0.5
551.0667,  1.00000000,1,0,0.050000000000000003,0.5
551.1000,  1.00000000,1,0,0.050000000000000003,0.5
551.1333,  1.00000000,1,0,0.050000000000000003,0.5
551.1667,  1.00000000,1,0,0.025000000000000001,0.5
551.2000,  1.00000000,1,0,0.050000000000000003,0.5
551.2333,  1.00000000,1,0,0.0,0.5
551.2667,  1.00000000,1,0,0.025000000000000001,0.5
551.3000,  1.00000000,1,0,0.074999999999999997,0.5
551.3333,  1.00000000,1,0,0.025000000000000001,0.5
551.3667,  1.00000000,1,0,0.025000000000000001,0.5
551.4000,  1.00000000,1,0,0.050000000000000003,0.5
551.4333,  1.00000000,1,0,0.025000000000000001,0.5
551.4667,  1.00000000,1,0,0.0,0.5
551.5000,  1.00000000,1,0,0.050000000000000003,0.5
551.5333,  1.00000000,1,0,0.050000000000000003,0.5
551.5667,  1.00000000,1,0,0.025000000000000001,0.5
551.6000,  1.00000000,1,0,0.050000000000000003,0.5
551.6333,  1.00000000,1,0,0.074999999999999997,0.5
551.6667,  1.00000000,1,0,0.0,0.5
551.7000,  1.00000000,1,0,0.050000000000000003,0.5
551.7333,  1.00000000,1,0,0.025000000000000001,0.5
551.7667,  1.00000000,1,0,0.050000000000000003,0.5
551.8000,  1.00000000,1,0,0.074999999999999997,0.5
551.8333,  1.00000000,1,0,0.050000000000000003,0.5
551.8667,  1.00000000,1,0,0.050000000000000003,0.5
551.9000,  1.00000000,1,0,0.025000000000000001,0.5
551.9333,  1.00000000,1,0,0.050000000000000003,0.5
551.9667,  1.00000000,1,0,0.050000000000000003,0.5
552.0000,  1.00000000,1,0,0.074999999999999997,0.5
552.0333,  1.00000000,1,0,0.074999999999999997,0.5
552.0667,  1.00000000,1,0,0.0,0.5
552.1000,  1.00000000,1,0,0.050000000000000003,0.5
552.1333,  1.00000000,1,0,0.074999999999999997,0.5
552.1667,  1.00000000,1,0,0.050000000000000003,0.5
552.2000,  1.00000000,1,0,0.050000000000000003,0.5
552.2333,  1.00000000,1,0,0.025000000000000001,0.5
552.2667,  1.00000000,1,0,0.074999999999999997,0.5
552.3000,  1.00000000,1,0,0.074999999999999997,0.5
552.3333,  1.00000000,1,0,0.050000000000000003,0.5
552.3667,  1.00000000,1,0,0.074999999999999997,0.5
552.4000,  1.00000000,1,0,0.074999999999999997,0.5
552.4333,  1.00000000,1,0,0.050000000000000003,0.5
552.4667,  1.00000000,1,0,0.0,0.5
552.5000,  1.00000000,1,0,0.025000000000000001,0.5
552.5333,  1.00000000,1,0,0.025000000000000001,0.5
552.5667,  1.00000000,1,0,0.074999999999999997,0.5
552.6000,  1.00000000,1,0,0.050000000000000003,0.5
552.6333,  1.00000000,1,0,0.050000000000000003,0.5
552.6667,  1.00000000,1,0,0.050000000000000003,0.5
552.7000,  1.00000000,1,0,0.050000000000000003,0.5
552.7333,  1.00000000,1,0,0.050000000000000003,0.5
552.7667,  1.00000000,1,0,0.0,0.5
552.8000,  1.00000000,1,0,0.050000000000000003,0.5
552.8333,  1.00000000,1,0,0.025000000000000001,0.5
552.8667,  1.00000000,1,0,0.050000000000000003,0.5
552.9000,  1.00000000,1,0,0.0,0.5
552.9333,  1.00000000,1,0,0.025000000000000001,0.5
552.9667,  1.00000000,1,0,0.050000000000000003,0.5
553.0000,  1.00000000,1,0,0.050000000000000003,0.5
553.0333,  1.00000000,1,0,0.074999999999999997,0.5
553.0667,  1.00000000,1,0,0.025000000000000001,0.5
553.1000,  1.00000000,1,0,0.0,0.5
553.1333,  1.00000000,1,0,0.0,0.5
553.1667,  1.00000000,1,0,0.050000000000000003,0.5
553.2000,  1.00000000,1,0,0.050000000000000003,0.5
553.2333,  1.00000000,1,0,0.050000000000000003,0.5
553.2667,  1.00000000,1,0,0.074999999999999997,0.5
553.3000,  1.00000000,1,0,0.050000000000000003,0.5
553.3333,  1.00000000,1,0,0.074999999999999997,0.5
553.3667,  1.00000000,1,0,0.025000000000000001,0.5
553.4000,  1.00000000,1,0,0.025000000000000001,0.5
553.4333,  1.00000000,1,0,0.050000000000000003,0.5
553.4667,  1.00000000,1,0,0.050000000000000003,0.5
553.5000,  1.00000000,1,0,0.050000000000000003,0.5
553.5333,  1.00000000,1,0,0.025000000000000001,0.5
553.5667,  1.00000000,1,0,0.025000000000000001,0.5
553.6000,  1.00000000,1,0,0.025000000000000001,0.5
553.6333,  1.00000000,1,0,0.050000000000000003,0.5
553.6667,  1.00000000,1,0,0.050000000000000003,0.5
553.7000,  1.00000000,1,0,0.025000000000000001,0.5
553.7333,  1.00000000,1,0,0.050000000000000003,0.5
553.7667,  1.00000000,1,0,0.0,0.5
553.8000,  1.00000000,1,0,0.074999999999999997,0.5
553.8333,  1.00000000,1,0,0.050000000000000003,0.5
553.8667,  1.00000000,1,0,0.050000000000000003,0.5
553.9000,  1.00000000,1,0,0.050000000000000003,0.5
553.9333,  1.00000000,1,0,0.025000000000000001,0.5
553.9667,  1.00000000,1,0,0.025000000000000001,0.5
554.0000,  1.00000000,1,0,0.050000000000000003,0.5
554.0333,  1.00000000,1,0,0.0,0.5
554.0667,  1.00000000,1,0,0.050000000000000003,0.5
554.1000,  1.00000000,1,0,0.050000000000000003,0.5
554.1333,  1.00000000,1,0,0.0,0.5
554.1667,  1.00000000,1,0,0.050000000000000003,0.5
554.2000,  1.00000000,1,0,0.074999999999999997,0.5
554.2333,  1.00000000,1,0,0.050000000000000003,0.5
554.2667,  1.00000000,1,0,0.0,0.5
554.3000,  1.00000000,1,0,0.025000000000000001,0.5
554.3333,  1.00000000,1,0,0.0,0.5
554.3667,  1.00000000,1,0,0.025000000000000001,0.5
554.4000,  1.00000000,1,0,0.025000000000000001,0.5
554.4333,  1.00000000,1,0,0.025000000000000001,0.5
554.4667,  1.00000000,1,0,0.0,0.5
554.5000,  1.00000000,1,0,0.025000000000000001,0.5
554.5333,  1.00000000,1,0,0.025000000000000001,0.5
554.5667,  1.00000000,1,0,0.0,0.5
554.6000,  1.00000000,1,0,0.050000000000000003,0.5
554.6333,  1.00000000,1,0,0.050000000000000003,0.5
554.6667,  1.00000000,1,0,0.0,0.5
554.7000,  1.00000000,1,0,0.050000000000000003,0.5
554.7333,  1.00000000,1,0,0.025000000000000001,0.5
554.7667,  1.00000000,1,0,0.025000000000000001,0.5
554.8000,  1.00000000,1,0,0.050000000000000003,0.5
554.8333,  1.00000000,1,0,0.025000000000000001,0.5
554.8667,  1.00000000,1,0,0.025000000000000001,0.5
554.9000,  1.00000000,1,0,0.050000000000000003,0.5
554.9333,  1.00000000,1,0,0.0,0.5
554.9667,  1.00000000,1,0,0.0,0.5
555.0000,  1.00000000,1,0,0.050000000000000003,0.5
555.0333,  1.00000000,1,0,0.050000000000000003,0.5
555.0667,  1.00000000,1,0,0.025000000000000001,0.5
555.1000,  1.00000000,1,0,0.025000000000000001,0.5
555.1333,  1.00000000,1,0,0.0,0.5
555.1667,  1.00000000,1,0,0.050000000000000003,0.5
555.2000,  1.00000000,1,0,0.025000000000000001,0.5
555.2333,  1.00000000,1,0,0.050000000000000003,0.5
555.2667,  1.00000000,1,0,0.0,0.5
555.3000,  1.00000000,1,0,0.025000000000000001,0.5
555.3333,  1.00000000,1,0,0.025000000000000001,0.5
555.3667,  1.00000000,1,0,0.0,0.5
555.4000,  1.00000000,1,0,0.025000000000000001,0.5
555.4333,  1.00000000,1,0,0.025000000000000001,0.5
555.4667,  1.00000000,1,0,0.025000000000000001,0.5
555.5000,  1.00000000,1,0,0.025000000000000001,0.5
555.5333,  1.00000000,1,0,0.0,0.5
555.5667,  1.00000000,1,0,0.025000000000000001,0.5
555.6000,  1.00000000,1,0,0.050000000000000003,0.5
555.6333,  1.00000000,1,0,0.050000000000000003,0.5
555.6667,  1.00000000,1,0,0.025000000000000001,0.5
555.7000,  1.00000000,1,0,0.025000000000000001,0.5
555.7333,  1.00000000,1,0,0.025000000000000001,0.5
555.7667,  1.00000000,1,0,0.050000000000000003,0.5
555.8000,  1.00000000,1,0,0.050000000000000003,0.5
555.8333,  1.00000000,1,0,0.025000000000000001,0.5
555.8667,  1.00000000,1,0,0.074999999999999997,0.5
555.9000,  1.00000000,1,0,0.0,0.5
555.9333,  1.00000000,1,0,0.025000000000000001,0.5
555.9667,  1.00000000,1,0,0.050000000000000003,0.5
556.0000,  1.00000000,1,0,0.050000000000000003,0.5
556.0333,  1.00000000,1,0,0.074999999999999997,0.5
556.0667,  1.00000000,1,0,0.050000000000000003,0.5
556.1000,  1.00000000,1,0,0.0,0.5
556.1333,  1.00000000,1,0,0.050000000000000003,0.5
556.1667,  1.00000000,1,0,0.050000000000000003,0.5
556.2000,  1.00000000,1,0,0.074999999999999997,0.5
556.2333,  1.00000000,1,0,0.074999999999999997,0.5
556.2667,  1.00000000,1,0,0.050000000000000003,0.5
556.3000,  1.00000000,1,0,0.050000000000000003,0.5
556.3333,  1.00000000,1,0,0.025000000000000001,0.5
556.3667,  1.00000000,1,0,0.074999999999999997,0.5
556.4000,  1.00000000,1,0,0.050000000000000003,0.5
556.4333,  1.00000000,1,0,0.025000000000000001,0.5
556.4667,  1.00000000,1,0,0.050000000000000003,0.5
556.5000,  1.00000000,1,0,0.050000000000000003,0.5
556.5333,  1.00000000,1,0,0.025000000000000001,0.5
556.5667,  1.00000000,1,0,0.050000000000000003,0.5
556.6000,  1.00000000,1,0,0.025000000000000001,0.5
556.6333,  1.00000000,1,0,0.025000000000000001,0.5
556.6667,  1.00000000,1,0,0.025000000000000001,0.5
556.7000,  1.00000000,1,0,0.050000000000000003,0.5
556.7333,  1.00000000,1,0,0.025000000000000001,0.5
556.7667,  1.00000000,1,0,0.025000000000000001,0.5
556.8000,  1.00000000,1,0,0.050000000000000003,0.5
556.8333,  1.00000000,1,0,0.074999999999999997,0.5
556.8667,  1.00000000,1,0,0.050000000000000003,0.5
556.9000,  1.00000000,1,0,0.074999999999999997,0.5
556.9333,  1.00000000,1,0,0.050000000000000003,0.5
556.9667,  1.00000000,1,0,0.050000000000000003,0.5
557.0000,  1.00000000,1,0,0.050000000000000003,0.5
557.0333,  1.00000000,1,0,0.025000000000000001,0.5
557.0667,  1.00000000,1,0,0.025000000000000001,0.5
557.1000,  1.00000000,1,0,0.025000000000000001,0.5
557.1333,  1.00000000,1,0,0.050000000000000003,0.5
557.1667,  1.00000000,1,0,0.050000000000000003,0.5
557.2000,  1.00000000,1,0,0.050000000000000003,0.5
557.2333,  1.00000000,1,0,0.050000000000000003,0.5
557.2667,  1.00000000,1,0,0.074999999999999997,0.5
557.3000,  1.00000000,1,0,0.025000000000000001,0.5
557.3333,  1.00000000,1,0,0.074999999999999997,0.5
557.3667,  1.00000000,1,0,0.050000000000000003,0.5
557.4000,  1.00000000,1,0,0.025000000000000001,0.5
557.4333,  1.00000000,1,0,0.0,0.5
557.4667,  1.00000000,1,0,0.025000000000000001,0.5
557.5000,  1.00000000,1,0,0.050000000000000003,0.5
557.5333,  1.00000000,1,0,0.0,0.5
557.5667,  1.00000000,1,0,0.074999999999999997,0.5
557.6000,  1.00000000,1,0,0.050000000000000003,0.5
557.6333,  1.00000000,1,0,0.025000000000000001,0.5
557.6667,  1.00000000,1,0,0.074999999999999997,0.5
557.7000,  1.00000000,1,0,0.050000000000000003,0.5
557.7333,  1.00000000,1,0,0.0,0.5
557.7667,  1.00000000,1,0,0.050000000000000003,0.5
557.8000,  1.00000000,1,0,0.025000000000000001,0.5
557.8333,  1.00000000,1,0,0.025000000000000001,0.5
557.8667,  1.00000000,1,0,0.0,0.5
557.9000,  1.00000000,1,0,0.025000000000000001,0.5
557.9333,  1.00000000,1,0,0.050000000000000003,0.5
557.9667,  1.00000000,1,0,0.025000000000000001,0.5
558.0000,  1.00000000,1,0,0.050000000000000003,0.5
558.0333,  1.00000000,1,0,0.050000000000000003,0.5
558.0667,  1.00000000,1,0,0.025000000000000001,0.5
558.1000,  1.00000000,1,0,0.0,0.5
558.1333,  1.00000000,1,0,0.050000000000000003,0.5
558.1667,  1.00000000,1,0,0.025000000000000001,0.5
558.2000,  1.00000000,1,0,0.025000000000000001,0.5
558.2333,  1.00000000,1,0,0.050000000000000003,0.5
558.2667,  1.00000000,1,0,0.050000000000000003,0.5
558.3000,  1.00000000,1,0,0.0,0.5
558.3333,  1.00000000,1,0,0.074999999999999997,0.5
558.3667,  1.00000000,1,0,0.0,0.5
558.4000,  1.00000000,1,0,0.025000000000000001,0.5
558.4333,  1.00000000,1,0,0.025000000000000001,0.5
558.4667,  1.00000000,1,0,0.025000000000000001,0.5
558.5000,  1.00000000,1,0,0.074999999999999997,0.5
558.5333,  1.00000000,1,0,0.050000000000000003,0.5
558.5667,  1.00000000,1,0,0.074999999999999997,0.5
558.6000,  1.00000000,1,0,0.050000000000000003,0.5
558.6333,  1.00000000,1,0,0.074999999999999997,0.5
558.6667,  1.00000000,1,0,0.050000000000000003,0.5
558.7000,  1.00000000,1,0,0.050000000000000003,0.5
558.7333,  1.00000000,1,0,0.050000000000000003,0.5
558.7667,  1.00000000,1,0,0.025000000000000001,0.5
558.8000,  1.00000000,1,0,0.025000000000000001,0.5
558.8333,  1.00000000,1,0,0.025000000000000001,0.5
558.8667,  1.00000000,1,0,0.050000000000000003,0.5
558.9000,  1.00000000,1,0,0.025000000000000001,0.5
558.9333,  1.00000000,1,0,0.050000000000000003,0.5
558.9667,  1.00000000,1,0,0.025000000000000001,0.5
559.0000,  1.00000000,1,0,0.050000000000000003,0.5
559.0333,  1.00000000,1,0,0.050000000000000003,0.5
559.0667,  1.00000000,1,0,0.074999999999999997,0.5
559.1000,  1.00000000,1,0,0.0,0.5
559.1333,  1.00000000,1,0,0.025000000000000001,0.5
559.1667,  1.00000000,1,0,0.050000000000000003,0.5
559.2000,  1.00000000,1,0,0.074999999999999997,0.5
559.2333,  1.00000000,1,0,0.025000000000000001,0.5
559.2667,  1.00000000,1,0,0.050000000000000003,0.5
559.3000,  1.00000000,1,0,0.050000000000000003,0.5
559.3333,  1.00000000,1,0,0.025000000000000001,0.5
559.3667,  1.00000000,1,0,0.050000000000000003,0.5
559.4000,  1.00000000,1,0,0.074999999999999997,0.5
559.4333,  1.00000000,1,0,0.074999999999999997,0.5
559.4667,  1.00000000,1,0,0.050000000000000003,0.5
559.5000,  1.00000000,1,0,0.074999999999999997,0.5
559.5333,  1.00000000,1,0,0.025000000000000001,0.5
559.5667,  1.00000000,1,0,0.025000000000000001,0.5
559.6000,  1.00000000,1,0,0.050000000000000003,0.5
559.6333,  1.00000000,1,0,0.074999999999999997,0.5
559.6667,  1.00000000,1,0,0.050000000000000003,0.5
559.7000,  1.00000000,1,0,0.025000000000000001,0.5
559.7333,  1.00000000,1,0,0.025000000000000001,0.5
559.7667,  1.00000000,1,0,0.025000000000000001,0.5
559.8000,  1.00000000,1,0,0.050000000000000003,0.5
559.8333,  1.00000000,1,0,0.025000000000000001,0.5
559.8667,  1.00000000,1,0,0.050000000000000003,0.5
559.9000,  1.00000000,1,0,0.050000000000000003,0.5
559.9333,  1.00000000,1,0,0.050000000000000003,0.5
559.9667,  1.00000000,1,0,0.074999999999999997,0.5
560.0000,  1.00000000,1,0,0.050000000000000003,0.5
560.0333,  1.00000000,1,0,0.050000000000000003,0.5
560.0667,  1.00000000,1,0,0.050000000000000003,0.5
560.1000,  1.00000000,1,0,0.074999999999999997,0.5
560.1333,  1.00000000,1,0,0.025000000000000001,0.5
560.1667,  1.00000000,1,0,0.025000000000000001,0.5
560.2000,  1.00000000,1,0,0.050000000000000003,0.5
560.2333,  1.00000000,1,0,0.050000000000000003,0.5
560.2667,  1.00000000,1,0,0.074999999999999997,0.5
560.3000,  1.00000000,1,0,0.025000000000000001,0.5
560.3333,  1.00000000,1,0,0.050000000000000003,0.5
560.3667,  1.00000000,1,0,0.025000000000000001,0.5
560.4000,  1.00000000,1,0,0.025000000000000001,0.5
560.4333,  1.00000000,1,0,0.0,0.5
560.4667,  1.00000000,1,0,0.050000000000000003,0.5
560.5000,  1.00000000,1,0,0.050000000000000003,0.5
560.5333,  1.00000000,1,0,0.050000000000000003,0.5
560.5667,  1.00000000,1,0,0.025000000000000001,0.5
560.6000,  1.00000000,1,0,0.025000000000000001,0.5
560.6333,  1.00000000,1,0,0.050000000000000003,0.5
560.6667,  1.00000000,1,0,0.050000000000000003,0.5
560.7000,  1.00000000,1,0,0.025000000000000001,0.5
560.7333,  1.00000000,1,0,0.050000000000000003,0.5
560.7667,  1.00000000,1,0,0.025000000000000001,0.5
560.8000,  1.00000000,1,0,0.025000000000000001,0.5
560.8333,  1.00000000,1,0,0.050000000000000003,0.5
560.8667,  1.00000000,1,0,0.025000000000000001,0.5
560.9000,  1.00000000,1,0,0.050000000000000003,0.5
560.9333,  1.00000000,1,0,0.050000000000000003,0.5
560.9667,  1.00000000,1,0,0.050000000000000003,0.5
561.0000,  1.00000000,1,0,0.050000000000000003,0.5
561.0333,  1.00000000,1,0,0.074999999999999997,0.5
561.0667,  1.00000000,1,0,0.025000000000000001,0.5
561.1000,  1.00000000,1,0,0.050000000000000003,0.5
561.1333,  1.00000000,1,0,0.074999999999999997,0.5
561.1667,  1.00000000,1,0,0.074999999999999997,0.5
561.2000,  1.00000000,1,0,0.050000000000000003,0.5
561.2333,  1.00000000,1,0,0.050000000000000003,0.5
561.2667,  1.00000000,1,0,0.050000000000000003,0.5
561.3000,  1.00000000,1,0,0.050000000000000003,0.5
561.3333,  1.00000000,1,0,0.025000000000000001,0.5
561.3667,  1.00000000,1,0,0.025000000000000001,0.5
561.4000,  1.00000000,1,0,0.050000000000000003,0.5
561.4333,  1.00000000,1,0,0.025000000000000001,0.5
561.4667,  1.00000000,1,0,0.0,0.5
561.5000,  1.00000000,1,0,0.025000000000000001,0.5
561.5333,  1.00000000,1,0,0.025000000000000001,0.5
561.5667,  1.00000000,1,0,0.050000000000000003,0.5
561.6000,  1.00000000,1,0,0.0,0.5
561.6333,  1.00000000,1,0,0.025000000000000001,0.5
561.6667,  1.00000000,1,0,0.0,0.5
561.7000,  1.00000000,1,0,0.025000000000000001,0.5
561.7333,  1.00000000,1,0,0.050000000000000003,0.5
561.7667,  1.00000000,1,0,0.050000000000000003,0.5
561.8000,  1.00000000,1,0,0.025000000000000001,0.5
561.8333,  1.00000000,1,0,0.025000000000000001,0.5
561.8667,  1.00000000,1,0,0.050000000000000003,0.5
561.9000,  1.00000000,1,0,0.025000000000000001,0.5
561.9333,  1.00000000,1,0,0.025000000000000001,0.5
561.9667,  1.00000000,1,0,0.025000000000000001,0.5
562.0000,  1.00000000,1,0,0.074999999999999997,0.5
562.0333,  1.00000000,1,0,0.050000000000000003,0.5
562.0667,  1.00000000,1,0,0.025000000000000001,0.5
562.1000,  1.00000000,1,0,0.025000000000000001,0.5
562.1333,  1.00000000,1,0,0.050000000000000003,0.5
562.1667,  1.00000000,1,0,0.050000000000000003,0.5
562.2000,  1.00000000,1,0,0.025000000000000001,0.5
562.2333,  1.00000000,1,0,0.025000000000000001,0.5
562.2667,  1.00000000,1,0,0.025000000000000001,0.5
562.3000,  1.00000000,1,0,0.050000000000000003,0.5
562.3333,  1.00000000,1,0,0.025000000000000001,0.5
562.3667,  1.00000000,1,0,0.050000000000000003,0.5
562.4000,  1.00000000,1,0,0.025000000000000001,0.5
562.4333,  1.00000000,1,0,0.050000000000000003,0.5
562.4667,  1.00000000,1,0,0.050000000000000003,0.5
562.5000,  1.00000000,1,0,0.025000000000000001,0.5
562.5333,  1.00000000,1,0,0.025000000000000001,0.5
562.5667,  1.00000000,1,0,0.025000000000000001,0.5
562.6000,  1.00000000,1,0,0.050000000000000003,0.5
562.6333,  1.00000000,1,0,0.025000000000000001,0.5
562.6667,  1.00000000,1,0,0.0,0.5
562.7000,  1.00000000,1,0,0.0,0.5
562.7333,  1.00000000,1,0,0.0,0.5
562.7667,  1.00000000,1,0,0.0,0.5
562.8000,  1.00000000,1,0,0.0,0.5
562.8333,  1.00000000,1,0,0.050000000000000003,0.5
562.8667,  1.00000000,1,0,0.025000000000000001,0.5
562.9000,  1.00000000,1,0,0.050000000000000003,0.5
562.9333,  1.00000000,1,0,0.0,0.5
562.9667,  1.00000000,1,0,0.0,0.5
563.0000,  1.00000000,1,0,0.050000000000000003,0.5
563.0333,  1.00000000,1,0,0.025000000000000001,0.5
563.0667,  1.00000000,1,0,0.025000000000000001,0.5
563.1000,  1.00000000,1,0,0.050000000000000003,0.5
563.1333,  1.00000000,1,0,0.050000000000000003,0.5
563.1667,  1.00000000,1,0,0.025000000000000001,0.5
563.2000,  1.00000000,1,0,0.025000000000000001,0.5
563.2333,  1.00000000,1,0,0.025000000000000001,0.5
563.2667,  1.00000000,1,0,0.074999999999999997,0.5
563.3000,  1.00000000,1,0,0.050000000000000003,0.5
563.3333,  1.00000000,1,0,0.050000000000000003,0.5
563.3667,  1.00000000,1,0,0.025000000000000001,0.5
563.4000,  1.00000000,1,0,0.0,0.5
563.4333,  1.00000000,1,0,0.050000000000000003,0.5
563.4667,  1.00000000,1,0,0.050000000000000003,0.5
563.5000,  1.00000000,1,0,0.050000000000000003,0.5
563.5333,  1.00000000,1,0,0.050000000000000003,0.5
563.5667,  1.00000000,1,0,0.050000000000000003,0.5
563.6000,  1.00000000,1,0,0.050000000000000003,0.5
563.6333,  1.00000000,1,0,0.050000000000000003,0.5
563.6667,  1.00000000,1,0,0.074999999999999997,0.5
563.7000,  1.00000000,1,0,0.074999999999999997,0.5
563.7333,  1.00000000,1,0,0.050000000000000003,0.5
563.7667,  1.00000000,1,0,0.050000000000000003,0.5
563.8000,  1.00000000,1,0,0.074999999999999997,0.5
563.8333,  1.00000000,1,0,0.0,0.5
563.8667,  1.00000000,1,0,0.0,0.5
563.9000,  1.00000000,1,0,0.025000000000000001,0.5
563.9333,  1.00000000,1,0,0.0,0.5
563.9667,  1.00000000,1,0,0.025000000000000001,0.5
564.0000,  1.00000000,1,0,0.074999999999999997,0.5
564.0333,  1.00000000,1,0,0.074999999999999997,0.5
564.0667,  1.00000000,1,0,0.074999999999999997,0.5
564.1000,  1.00000000,1,0,0.025000000000000001,0.5
564.1333,  1.00000000,1,0,0.025000000000000001,0.5
564.1667,  1.00000000,1,0,0.025000000000000001,0.5
564.2000,  1.00000000,1,0,0.050000000000000003,0.5
564.2333,  1.00000000,1,0,0.050000000000000003,0.5
564.2667,  1.00000000,1,0,0.025000000000000001,0.5
564.3000,  1.00000000,1,0,0.050000000000000003,0.5
564.3333,  1.00000000,1,0,0.050000000000000003,0.5
564.3667,  1.00000000,1,0,0.050000000000000003,0.5
564.4000,  1.00000000,1,0,0.050000000000000003,0.5
564.4333,  1.00000000,1,0,0.025000000000000001,0.5
564.4667,  1.00000000,1,0,0.050000000000000003,0.5
564.5000,  1.00000000,1,0,0.050000000000000003,0.5
564.5333,  1.00000000,1,0,0.025000000000000001,0.5
564.5667,  1.00000000,1,0,0.074999999999999997,0.5
564.6000,  1.00000000,1,0,0.050000000000000003,0.5
564.6333,  1.00000000,1,0,0.050000000000000003,0.5
564.6667,  1.00000000,1,0,0.074999999999999997,0.5
564.7000,  1.00000000,1,0,0.050000000000000003,0.5
564.7333,  1.00000000,1,0,0.074999999999999997,0.5
564.7667,  1.00000000,1,0,0.0,0.5
564.8000,  1.00000000,1,0,0.050000000000000003,0.5
564.8333,  1.00000000,1,0,0.050000000000000003,0.5
564.8667,  1.00000000,1,0,0.025000000000000001,0.5
564.9000,  1.00000000,1,0,0.050000000000000003,0.5
564.9333,  1.00000000,1,0,0.074999999999999997,0.5
564.9667,  1.00000000,1,0,0.050000000000000003,0.5
565.0000,  1.00000000,1,0,0.0,0.5
565.0333,  1.00000000,1,0,0.025000000000000001,0.5
565.0667,  1.00000000,1,0,0.025000000000000001,0.5
565.1000,  1.00000000,1,0,0.025000000000000001,0.5
565.1333,  1.00000000,1,0,0.050000000000000003,0.5
565.1667,  1.00000000,1,0,0.025000000000000001,0.5
565.2000,  1.00000000,1,0,0.025000000000000001,0.5
565.2333,  1.00000000,1,0,0.050000000000000003,0.5
565.2667,  1.00000000,1,0,0.025000000000000001,0.5
565.3000,  1.00000000,1,0,0.025000000000000001,0.5
565.3333,  1.00000000,1,0,0.0,0.5
565.3667,  1.00000000,1,0,0.050000000000000003,0.5
565.4000,  1.00000000,1,0,0.050000000000000003,0.5
565.4333,  1.00000000,1,0,0.074999999999999997,0.5
565.4667,  1.00000000,1,0,0.050000000000000003,0.5
565.5000,  1.00000000,1,0,0.050000000000000003,0.5
565.5333,  1.00000000,1,0,0.050000000000000003,0.5
565.5667,  1.00000000,1,0,0.025000000000000001,0.5
565.6000,  1.00000000,1,0,0.025000000000000001,0.5
565.6333,  1.00000000,1,0,0.050000000000000003,0.5
565.6667,  1.00000000,1,0,0.050000000000000003,0.5
565.7000,  1.00000000,1,0,0.025000000000000001,0.5
565.7333,  1.00000000,1,0,0.025000000000000001,0.5
565.7667,  1.00000000,1,0,0.025000000000000001,0.5
565.8000,  1.00000000,1,0,0.025000000000000001,0.5
565.8333,  1.00000000,1,0,0.025000000000000001,0.5
565.8667,  1.00000000,1,0,0.050000000000000003,0.5
565.9000,  1.00000000,1,0,0.025000000000000001,0.5
565.9333,  1.00000000,1,0,0.050000000000000003,0.5
565.9667,  1.00000000,1,0,0.050000000000000003,0.5
566.0000,  1.00000000,1,0,0.050000000000000003,0.5
566.0333,  1.00000000,1,0,0.050000000000000003,0.5
566.0667,  1.00000000,1,0,0.050000000000000003,0.5
566.1000,  1.00000000,1,0,0.0,0.5
566.1333,  1.00000000,1,0,0.025000000000000001,0.5
566.1667,  1.00000000,1,0,0.0,0.5
566.2000,  1.00000000,1,0,0.025000000000000001,0.5
566.2333,  1.00000000,1,0,0.0,0.5
566.2667,  1.00000000,1,0,0.050000000000000003,0.5
566.3000,  1.00000000,1,0,0.025000000000000001,0.5
566.3333,  1.00000000,1,0,0.025000000000000001,0.5
566.3667,  1.00000000,1,0,0.025000000000000001,0.5
566.4000,  1.00000000,1,0,0.0,0.5
566.4333,  1.00000000,1,0,0.0,0.5
566.4667,  1.00000000,1,0,0.050000000000000003,0.5
566.5000,  1.00000000,1,0,0.0,0.5
566.5333,  1.00000000,1,0,0.0,0.5
566.5667,  1.00000000,1,0,0.025000000000000001,0.5
566.6000,  1.00000000,1,0,0.050000000000000003,0.5
566.6333,  1.00000000,1,0,0.025000000000000001,0.5
566.6667,  1.00000000,1,0,0.050000000000000003,0.5
566.7000,  1.00000000,1,0,0.074999999999999997,0.5
566.7333,  1.00000000,1,0,0.050000000000000003,0.5
566.7667,  1.00000000,1,0,0.025000000000000001,0.5
566.8000,  1.00000000,1,0,0.025000000000000001,0.5
566.8333,  1.00000000,1,0,0.0,0.5
566.8667,  1.00000000,1,0,0.074999999999999997,0.5
566.9000,  1.00000000,1,0,0.050000000000000003,0.5
566.9333,  1.00000000,1,0,0.074999999999999997,0.5
566.9667,  1.00000000,1,0,0.074999999999999997,0.5
567.0000,  1.00000000,1,0,0.050000000000000003,0.5
567.0333,  1.00000000,1,0,0.025000000000000001,0.5
567.0667,  1.00000000,1,0,0.050000000000000003,0.5
567.1000,  1.00000000,1,0,0.025000000000000001,0.5
567.1333,  1.00000000,1,0,0.050000000000000003,0.5
567.1667,  1.00000000,1,0,0.025000000000000001,0.5
567.2000,  1.00000000,1,0,0.025000000000000001,0.5
567.2333,  1.00000000,1,0,0.025000000000000001,0.5
567.2667,  1.00000000,1,0,0.050000000000000003,0.5
567.3000,  1.00000000,1,0,0.025000000000000001,0.5
567.3333,  1.00000000,1,0,0.050000000000000003,0.5
567.3667,  1.00000000,1,0,0.074999999999999997,0.5
567.4000,  1.00000000,1,0,0.050000000000000003,0.5
567.4333,  1.00000000,1,0,0.074999999999999997,0.5
567.4667,  1.00000000,1,0,0.050000000000000003,0.5
567.5000,  1.00000000,1,0,0.050000000000000003,0.5
567.5333,  1.00000000,1,0,0.074999999999999997,0.5
567.5667,  1.00000000,1,0,0.025000000000000001,0.5
567.6000,  1.00000000,1,0,0.0,0.5
567.6333,  1.00000000,1,0,0.025000000000000001,0.5
567.6667,  1.00000000,1,0,0.025000000000000001,0.5
567.7000,  1.00000000,1,0,0.025000000000000001,0.5
567.7333,  1.00000000,1,0,0.050000000000000003,0.5
567.7667,  1.00000000,1,0,0.025000000000000001,0.5
567.8000,  1.00000000,1,0,0.050000000000000003,0.5
567.8333,  1.00000000,1,0,0.0,0.5
567.8667,  1.00000000,1,0,0.050000000000000003,0.5
567.9000,  1.00000000,1,0,0.0,0.5
567.9333,  1.00000000,1,0,0.074999999999999997,0.5
567.9667,  1.00000000,1,0,0.050000000000000003,0.5
568.0000,  1.00000000,1,0,0.0,0.5
568.0333,  1.00000000,1,0,0.0,0.5
568.0667,  1.00000000,1,0,0.025000000000000001,0.5
568.1000,  1.00000000,1,0,0.050000000000000003,0.5
568.1333,  1.00000000,1,0,0.025000000000000001,0.5
568.1667,  1.00000000,1,0,0.050000000000000003,0.5
568.2000,  1.00000000,1,0,0.074999999999999997,0.5
568.2333,  1.00000000,1,0,0.0,0.5
568.2667,  1.00000000,1,0,0.0,0.5
568.3000,  1.00000000,1,0,0.0,0.5
568.3333,  1.00000000,1,0,0.025000000000000001,0.5
568.3667,  1.00000000,1,0,0.074999999999999997,0.5
568.4000,  1.00000000,1,0,0.0,0.5
568.4333,  1.00000000,1,0,0.050000000000000003,0.5
568.4667,  1.00000000,1,0,0.025000000000000001,0.5
568.5000,  1.00000000,1,0,0.025000000000000001,0.5
568.5333,  1.00000000,1,0,0.050000000000000003,0.5
568.5667,  1.00000000,1,0,0.0,0.5
568.6000,  1.00000000,1,0,0.025000000000000001,0.5
568.6333,  1.00000000,1,0,0.025000000000000001,0.5
568.6667,  1.00000000,1,0,0.025000000000000001,0.5
568.7000,  1.00000000,1,0,0.025000000000000001,0.5
568.7333,  1.00000000,1,0,0.050000000000000003,0.5
568.7667,  1.00000000,1,0,0.050000000000000003,0.5
568.8000,  1.00000000,1,0,0.050000000000000003,0.5
568.8333,  1.00000000,1,0,0.050000000000000003,0.5
568.8667,  1.00000000,1,0,0.050000000000000003,0.5
568.9000,  1.00000000,1,0,0.050000000000000003,0.5
568.9333,  1.00000000,1,0,0.025000000000000001,0.5
568.9667,  1.00000000,1,0,0.074999999999999997,0.5
569.0000,  1.00000000,1,0,0.0,0.5
569.0333,  1.00000000,1,0,0.050000000000000003,0.5
569.0667,  1.00000000,1,0,0.050000000000000003,0.5
569.1000,  1.00000000,1,0,0.025000000000000001,0.5
569.1333,  1.00000000,1,0,0.050000000000000003,0.5
569.1667,  1.00000000,1,0,0.074999999999999997,0.5
569.2000,  1.00000000,1,0,0.025000000000000001,0.5
569.2333,  1.00000000,1,0,0.025000000000000001,0.5
569.2667,  1.00000000,1,0,0.050000000000000003,0.5
569.3000,  1.00000000,1,0,0.0,0.5
569.3333,  1.00000000,1,0,0.074999999999999997,0.5
569.3667,  1.00000000,1,0,0.074999999999999997,0.5
569.4000,  1.00000000,1,0,0.074999999999999997,0.5
569.4333,  1.00000000,1,0,0.025000000000000001,0.5
569.4667,  1.00000000,1,0,0.025000000000000001,0.5
569.5000,  1.00000000,1,0,0.025000000000000001,0.5
569.5333,  1.00000000,1,0,0.050000000000000003,0.5
569.5667,  1.00000000,1,0,0.025000000000000001,0.5
569.6000,  1.00000000,1,0,0.025000000000000001,0.5
569.6333,  1.00000000,1,0,0.050000000000000003,0.5
569.6667,  1.00000000,1,0,0.050000000000000003,0.5
569.7000,  1.00000000,1,0,0.050000000000000003,0.5
569.7333,  1.00000000,1,0,0.074999999999999997,0.5
569.7667,  1.00000000,1,0,0.074999999999999997,0.5
569.8000,  1.00000000,1,0,0.025000000000000001,0.5
569.8333,  1.00000000,1,0,0.025000000000000001,0.5
569.8667,  1.00000000,1,0,0.025000000000000001,0.5
569.9000,  1.00000000,1,0,0.025000000000000001,0.5
569.9333,  1.00000000,1,0,0.025000000000000001,0.5
569.9667,  1.00000000,1,0,0.025000000000000001,0.5
570.0000,  1.00000000,1,0,0.025000000000000001,0.5
570.0333,  1.00000000,1,0,0.025000000000000001,0.5
570.0667,  1.00000000,1,0,0.074999999999999997,0.5
570.1000,  1.00000000,1,0,0.025000000000000001,0.5
570.1333,  1.00000000,1,0,0.025000000000000001,0.5
570.1667,  1.00000000,1,0,0.025000000000000001,0.5
570.2000,  1.00000000,1,0,0.025000000000000001,0.5
570.2333,  1.00000000,1,0,0.0,0.5
570.2667,  1.00000000,1,0,0.050000000000000003,0.5
570.3000,  1.00000000,1,0,0.074999999999999997,0.5
570.3333,  1.00000000,1,0,0.0,0.5
570.3667,  1.00000000,1,0,0.0,0.5
570.4000,  1.00000000,1,0,0.0,0.5
570.4333,  1.00000000,1,0,0.0,0.5
570.4667,  1.00000000,1,0,0.025000000000000001,0.5
570.5000,  1.00000000,1,0,0.0,0.5
570.5333,  1.00000000,1,0,0.025000000000000001,0.5
570.5667,  1.00000000,1,0,0.0,0.5
570.6000,  1.00000000,1,0,0.025000000000000001,0.5
570.6333,  1.00000000,1,0,0.0,0.5
570.6667,  1.00000000,1,0,0.050000000000000003,0.5
570.7000,  1.00000000,1,0,0.0,0.5
570.7333,  1.00000000,1,0,0.025000000000000001,0.5
570.7667,  1.00000000,1,0,0.025000000000000001,0.5
570.8000,  1.00000000,1,0,0.0,0.5
570.8333,  1.00000000,1,0,0.0,0.5
570.8667,  1.00000000,1,0,0.025000000000000001,0.5
570.9000,  1.00000000,1,0,0.050000000000000003,0.5
570.9333,  1.00000000,1,0,0.0,0.5
570.9667,  1.00000000,1,0,0.0,0.5
571.0000,  1.00000000,1,0,0.0,0.5
571.0333,  1.00000000,1,0,0.074999999999999997,0.5
571.0667,  1.00000000,1,0,0.0,0.5
571.1000,  1.00000000,1,0,0.025000000000000001,0.5
571.1333,  1.00000000,1,0,0.025000000000000001,0.5
571.1667,  1.00000000,1,0,0.050000000000000003,0.5
571.2000,  1.00000000,1,0,0.050000000000000003,0.5
571.2333,  1.00000000,1,0,0.025000000000000001,0.5
571.2667,  1.00000000,1,0,0.050000000000000003,0.5
571.3000,  1.00000000,1,0,0.025000000000000001,0.5
571.3333,  1.00000000,1,0,0.0,0.5
571.3667,  1.00000000,1,0,0.050000000000000003,0.5
571.4000,  1.00000000,1,0,0.050000000000000003,0.5
571.4333,  1.00000000,1,0,0.025000000000000001,0.5
571.4667,  1.00000000,1,0,0.074999999999999997,0.5
571.5000,  1.00000000,1,0,0.050000000000000003,0.5
571.5333,  1.00000000,1,0,0.025000000000000001,0.5
571.5667,  1.00000000,1,0,0.0,0.5
571.6000,  1.00000000,1,0,0.050000000000000003,0.5
571.6333,  1.00000000,1,0,0.050000000000000003,0.5
571.6667,  1.00000000,1,0,0.025000000000000001,0.5
571.7000,  1.00000000,1,0,0.050000000000000003,0.5
571.7333,  1.00000000,1,0,0.025000000000000001,0.5
571.7667,  1.00000000,1,0,0.074999999999999997,0.5
571.8000,  1.00000000,1,0,0.025000000000000001,0.5
571.8333,  1.00000000,1,0,0.050000000000000003,0.5
571.8667,  1.00000000,1,0,0.050000000000000003,0.5
571.9000,  1.00000000,1,0,0.050000000000000003,0.5
571.9333,  1.00000000,1,0,0.025000000000000001,0.5
571.9667,  1.00000000,1,0,0.050000000000000003,0.5
572.0000,  1.00000000,1,0,0.050000000000000003,0.5
572.0333,  1.00000000,1,0,0.0,0.5
572.0667,  1.00000000,1,0,0.025000000000000001,0.5
572.1000,  1.00000000,1,0,0.025000000000000001,0.5
572.1333,  1.00000000,1,0,0.025000000000000001,0.5
572.1667,  1.00000000,1,0,0.050000000000000003,0.5
572.2000,  1.00000000,1,0,0.025000000000000001,0.5
572.2333,  1.00000000,1,0,0.025000000000000001,0.5
572.2667,  1.00000000,1,0,0.0,0.5
572.3000,  1.00000000,1,0,0.025000000000000001,0.5
572.3333,  1.00000000,1,0,0.025000000000000001,0.5
572.3667,  1.00000000,1,0,0.025000000000000001,0.5
572.4000,  1.00000000,1,0,0.050000000000000003,0.5
572.4333,  1.00000000,1,0,0.025000000000000001,0.5
572.4667,  1.00000000,1,0,0.050000000000000003,0.5
572.5000,  1.00000000,1,0,0.025000000000000001,0.5
572.5333,  1.00000000,1,0,0.050000000000000003,0.5
572.5667,  1.00000000,1,0,0.025000000000000001,0.5
572.6000,  1.00000000,1,0,0.050000000000000003,0.5
572.6333,  1.00000000,1,0,0.0,0.5
572.6667,  1.00000000,1,0,0.050000000000000003,0.5
572.7000,  1.00000000,1,0,0.074999999999999997,0.5
572.7333,  1.00000000,1,0,0.050000000000000003,0.5
572.7667,  1.00000000,1,0,0.050000000000000003,0.5
572.8000,  1.00000000,1,0,0.050000000000000003,0.5
572.8333,  1.00000000,1,0,0.0,0.5
572.8667,  1.00000000,1,0,0.025000000000000001,0.5
572.9000,  1.00000000,1,0,0.0,0.5
572.9333,  1.00000000,1,0,0.0,0.5
572.9667,  1.00000000,1,0,0.025000000000000001,0.5
573.0000,  1.00000000,1,0,0.025000000000000001,0.5
573.0333,  1.00000000,1,0,0.074999999999999997,0.5
573.0667,  1.00000000,1,0,0.025000000000000001,0.5
573.1000,  1.00000000,1,0,0.050000000000000003,0.5
573.1333,  1.00000000,1,0,0.025000000000000001,0.5
573.1667,  1.00000000,1,0,0.025000000000000001,0.5
573.2000,  1.00000000,1,0,0.0,0.5
573.2333,  1.00000000,1,0,0.050000000000000003,0.5
573.2667,  1.00000000,1,0,0.050000000000000003,0.5
573.3000,  1.00000000,1,0,0.025000000000000001,0.5
573.3333,  1.00000000,1,0,0.025000000000000001,0.5
573.3667,  1.00000000,1,0,0.050000000000000003,0.5
573.4000,  1.00000000,1,0,0.025000000000000001,0.5
573.4333,  1.00000000,1,0,0.0,0.5
573.4667,  1.00000000,1,0,0.0,0.5
573.5000,  1.00000000,1,0,0.025000000000000001,0.5
573.5333,  1.00000000,1,0,0.050000000000000003,0.5
573.5667,  1.00000000,1,0,0.025000000000000001,0.5
573.6000,  1.00000000,1,0,0.025000000000000001,0.5
573.6333,  1.00000000,1,0,0.025000000000000001,0.5
573.6667,  1.00000000,1,0,0.025000000000000001,0.5
573.7000,  1.00000000,1,0,0.050000000000000003,0.5
573.7333,  1.00000000,1,0,0.025000000000000001,0.5
573.7667,  1.00000000,1,0,0.074999999999999997,0.5
573.8000,  1.00000000,1,0,0.025000000000000001,0.5
573.8333,  1.00000000,1,0,0.025000000000000001,0.5
573.8667,  1.00000000,1,0,0.025000000000000001,0.5
573.9000,  1.00000000,1,0,0.025000000000000001,0.5
573.9333,  1.00000000,1,0,0.050000000000000003,0.5
573.9667,  1.00000000,1,0,0.025000000000000001,0.5
574.0000,  1.00000000,1,0,0.0,0.5
574.0333,  1.00000000,1,0,0.025000000000000001,0.5
574.0667,  1.00000000,1,0,0.050000000000000003,0.5
574.1000,  1.00000000,1,0,0.025000000000000001,0.5
574.1333,  1.00000000,1,0,0.050000000000000003,0.5
574.1667,  1.00000000,1,0,0.025000000000000001,0.5
574.2000,  1.00000000,1,0,0.050000000000000003,0.5
574.2333,  1.00000000,1,0,0.050000000000000003,0.5
574.2667,  1.00000000,1,0,0.050000000000000003,0.5
574.3000,  1.00000000,1,0,0.0,0.5
574.3333,  1.00000000,1,0,0.025000000000000001,0.5
574.3667,  1.00000000,1,0,0.074999999999999997,0.5
574.4000,  1.00000000,1,0,0.025000000000000001,0.5
574.4333,  1.00000000,1,0,0.050000000000000003,0.5
574.4667,  1.00000000,1,0,0.0,0.5
574.5000,  1.00000000,1,0,0.0,0.5
574.5333,  1.00000000,1,0,0.0,0.5
574.5667,  1.00000000,1,0,0.025000000000000001,0.5
574.6000,  1.00000000,1,0,0.025000000000000001,0.5
574.6333,  1.00000000,1,0,0.025000000000000001,0.5
574.6667,  1.00000000,1,0,0.050000000000000003,0.5
574.7000,  1.00000000,1,0,0.050000000000000003,0.5
574.7333,  1.00000000,1,0,0.074999999999999997,0.5
574.7667,  1.00000000,1,0,0.0,0.5
574.8000,  1.00000000,1,0,0.050000000000000003,0.5
574.8333,  1.00000000,1,0,0.050000000000000003,0.5
574.8667,  1.00000000,1,0,0.050000000000000003,0.5
574.9000,  1.00000000,1,0,0.025000000000000001,0.5
574.9333,  1.00000000,1,0,0.074999999999999997,0.5
574.9667,  1.00000000,1,0,0.050000000000000003,0.5
575.0000,  1.00000000,1,0,0.025000000000000001,0.5
575.0333,  1.00000000,1,0,0.050000000000000003,0.5
575.0667,  1.00000000,1,0,0.050000000000000003,0.5
575.1000,  1.00000000,1,0,0.050000000000000003,0.5
575.1333,  1.00000000,1,0,0.050000000000000003,0.5
575.1667,  1.00000000,1,0,0.025000000000000001,0.5
575.2000,  1.00000000,1,0,0.025000000000000001,0.5
575.2333,  1.00000000,1,0,0.025000000000000001,0.5
575.2667,  1.00000000,1,0,0.074999999999999997,0.5
575.3000,  1.00000000,1,0,0.050000000000000003,0.5
575.3333,  1.00000000,1,0,0.050000000000000003,0.5
575.3667,  1.00000000,1,0,0.050000000000000003,0.5
575.4000,  1.00000000,1,0,0.050000000000000003,0.5
575.4333,  1.00000000,1,0,0.050000000000000003,0.5
575.4667,  1.00000000,1,0,0.050000000000000003,0.5
575.5000,  1.00000000,1,0,0.050000000000000003,0.5
575.5333,  1.00000000,1,0,0.025000000000000001,0.5
575.5667,  1.00000000,1,0,0.025000000000000001,0.5
575.6000,  1.00000000,1,0,0.050000000000000003,0.5
575.6333,  1.00000000,1,0,0.025000000000000001,0.5
575.6667,  1.00000000,1,0,0.025000000000000001,0.5
575.7000,  1.00000000,1,0,0.025000000000000001,0.5
575.7333,  1.00000000,1,0,0.025000000000000001,0.5
575.7667,  1.00000000,1,0,0.074999999999999997,0.5
575.8000,  1.00000000,1,0,0.025000000000000001,0.5
575.8333,  1.00000000,1,0,0.050000000000000003,0.5
575.8667,  1.00000000,1,0,0.050000000000000003,0.5
575.9000,  1.00000000,1,0,0.050000000000000003,0.5
575.9333,  1.00000000,1,0,0.074999999999999997,0.5
575.9667,  1.00000000,1,0,0.050000000000000003,0.5
576.0000,  1.00000000,1,0,0.074999999999999997,0.5
576.0333,  1.00000000,1,0,0.025000000000000001,0.5
576.0667,  1.00000000,1,0,0.074999999999999997,0.5
576.1000,  1.00000000,1,0,0.025000000000000001,0.5
576.1333,  1.00000000,1,0,0.025000000000000001,0.5
576.1667,  1.00000000,1,0,0.050000000000000003,0.5
576.2000,  1.00000000,1,0,0.025000000000000001,0.5
576.2333,  1.00000000,1,0,0.074999999999999997,0.5
576.2667,  1.00000000,1,0,0.050000000000000003,0.5
576.3000,  1.00000000,1,0,0.025000000000000001,0.5
576.3333,  1.00000000,1,0,0.025000000000000001,0.5
576.3667,  1.00000000,1,0,0.0,0.5
576.4000,  1.00000000,1,0,0.050000000000000003,0.5
576.4333,  1.00000000,1,0,0.025000000000000001,0.5
576.4667,  1.00000000,1,0,0.0,0.5
576.5000,  1.00000000,1,0,0.0,0.5
576.5333,  1.00000000,1,0,0.025000000000000001,0.5
576.5667,  1.00000000,1,0,0.025000000000000001,0.5
576.6000,  1.00000000,1,0,0.050000000000000003,0.5
576.6333,  1.00000000,1,0,0.050000000000000003,0.5
576.6667,  1.00000000,1,0,0.025000000000000001,0.5
576.7000,  1.00000000,1,0,0.074999999999999997,0.5
576.7333,  1.00000000,1,0,0.050000000000000003,0.5
576.7667,  1.00000000,1,0,0.050000000000000003,0.5
576.8000,  1.00000000,1,0,0.025000000000000001,0.5
576.8333,  1.00000000,1,0,0.0,0.5
576.8667,  1.00000000,1,0,0.025000000000000001,0.5
576.9000,  1.00000000,1,0,0.050000000000000003,0.5
576.9333,  1.00000000,1,0,0.025000000000000001,0.5
576.9667,  1.00000000,1,0,0.025000000000000001,0.5
577.0000,  1.00000000,1,0,0.050000000000000003,0.5
577.0333,  1.00000000,1,0,0.025000000000000001,0.5
577.0667,  1.00000000,1,0,0.050000000000000003,0.5
577.1000,  1.00000000,1,0,0.050000000000000003,0.5
577.1333,  1.00000000,1,0,0.050000000000000003,0.5
577.1667,  1.00000000,1,0,0.025000000000000001,0.5
577.2000,  1.00000000,1,0,0.025000000000000001,0.5
577.2333,  1.00000000,1,0,0.074999999999999997,0.5
577.2667,  1.00000000,1,0,0.050000000000000003,0.5
577.3000,  1.00000000,1,0,0.025000000000000001,0.5
577.3333,  1.00000000,1,0,0.025000000000000001,0.5
577.3667,  1.00000000,1,0,0.074999999999999997,0.5
577.4000,  1.00000000,1,0,0.050000000000000003,0.5
577.4333,  1.00000000,1,0,0.050000000000000003,0.5
577.4667,  1.00000000,1,0,0.050000000000000003,0.5
577.5000,  1.00000000,1,0,0.025000000000000001,0.5
577.5333,  1.00000000,1,0,0.050000000000000003,0.5
577.5667,  1.00000000,1,0,0.050000000000000003,0.5
577.6000,  1.00000000,1,0,0.074999999999999997,0.5
577.6333,  1.00000000,1,0,0.050000000000000003,0.5
577.6667,  1.00000000,1,0,0.050000000000000003,0.5
577.7000,  1.00000000,1,0,0.0,0.5
577.7333,  1.00000000,1,0,0.0,0.5
577.7667,  1.00000000,1,0,0.050000000000000003,0.5
577.8000,  1.00000000,1,0,0.050000000000000003,0.5
577.8333,  1.00000000,1,0,0.074999999999999997,0.5
577.8667,  1.00000000,1,0,0.050000000000000003,0.5
577.9000,  1.00000000,1,0,0.050000000000000003,0.5
577.9333,  1.00000000,1,0,0.025000000000000001,0.5
577.9667,  1.00000000,1,0,0.025000000000000001,0.5
578.0000,  1.00000000,1,0,0.0,0.5
578.0333,  1.00000000,1,0,0.074999999999999997,0.5
578.0667,  1.00000000,1,0,0.025000000000000001,0.5
578.1000,  1.00000000,1,0,0.025000000000000001,0.5
578.1333,  1.00000000,1,0,0.074999999999999997,0.5
578.1667,  1.00000000,1,0,0.025000000000000001,0.5
578.2000,  1.00000000,1,0,0.0,0.5
578.2333,  1.00000000,1,0,0.074999999999999997,0.5
578.2667,  1.00000000,1,0,0.050000000000000003,0.5
578.3000,  1.00000000,1,0,0.025000000000000001,0.5
578.3333,  1.00000000,1,0,0.025000000000000001,0.5
578.3667,  1.00000000,1,0,0.074999999999999997,0.5
578.4000,  1.00000000,1,0,0.050000000000000003,0.5
578.4333,  1.00000000,1,0,0.025000000000000001,0.5
578.4667,  1.00000000,1,0,0.025000000000000001,0.5
578.5000,  1.00000000,1,0,0.050000000000000003,0.5
578.5333,  1.00000000,1,0,0.025000000000000001,0.5
578.5667,  1.00000000,1,0,0.025000000000000001,0.5
578.6000,  1.00000000,1,0,0.050000000000000003,0.5
578.6333,  1.00000000,1,0,0.074999999999999997,0.5
578.6667,  1.00000000,1,0,0.050000000000000003,0.5
578.7000,  1.00000000,1,0,0.0,0.5
578.7333,  1.00000000,1,0,0.050000000000000003,0.5
578.7667,  1.00000000,1,0,0.025000000000000001,0.5
578.8000,  1.00000000,1,0,0.025000000000000001,0.5
578.8333,  1.00000000,1,0,0.025000000000000001,0.5
578.8667,  1.00000000,1,0,0.025000000000000001,0.5
578.9000,  1.00000000,1,0,0.0,0.5
578.9333,  1.00000000,1,0,0.0,0.5
578.9667,  1.00000000,1,0,0.074999999999999997,0.5
579.0000,  1.00000000,1,0,0.074999999999999997,0.5
579.0333,  1.00000000,1,0,0.025000000000000001,0.5
579.0667,  1.00000000,1,0,0.050000000000000003,0.5
579.1000,  1.00000000,1,0,0.025000000000000001,0.5
579.1333,  1.00000000,1,0,0.0,0.5
579.1667,  1.00000000,1,0,0.050000000000000003,0.5
579.2000,  1.00000000,1,0,0.050000000000000003,0.5
579.2333,  1.00000000,1,0,0.025000000000000001,0.5
579.2667,  1.00000000,1,0,0.050000000000000003,0.5
579.3000,  1.00000000,1,0,0.050000000000000003,0.5
579.3333,  1.00000000,1,0,0.025000000000000001,0.5
579.3667,  1.00000000,1,0,0.0,0.5
579.4000,  1.00000000,1,0,0.050000000000000003,0.5
579.4333,  1.00000000,1,0,0.025000000000000001,0.5
579.4667,  1.00000000,1,0,0.025000000000000001,0.5
579.5000,  1.00000000,1,0,0.050000000000000003,0.5
579.5333,  1.00000000,1,0,0.050000000000000003,0.5
579.5667,  1.00000000,1,0,0.074999999999999997,0.5
579.6000,  1.00000000,1,0,0.0,0.5
579.6333,  1.00000000,1,0,0.050000000000000003,0.5
579.6667,  1.00000000,1,0,0.074999999999999997,0.5
579.7000,  1.00000000,1,0,0.025000000000000001,0.5
579.7333,  1.00000000,1,0,0.025000000000000001,0.5
579.7667,  1.00000000,1,0,0.0,0.5
579.8000,  1.00000000,1,0,0.025000000000000001,0.5
579.8333,  1.00000000,1,0,0.0,0.5
579.8667,  1.00000000,1,0,0.025000000000000001,0.5
579.9000,  1.00000000,1,0,0.025000000000000001,0.5
579.9333,  1.00000000,1,0,0.025000000000000001,0.5
579.9667,  1.00000000,1,0,0.050000000000000003,0.5
580.0000,  1.00000000,1,0,0.0,0.5
580.0333,  1.00000000,1,0,0.0,0.5
580.0667,  1.00000000,1,0,0.025000000000000001,0.5
580.1000,  1.00000000,1,0,0.050000000000000003,0.5
580.1333,  1.00000000,1,0,0.025000000000000001,0.5
580.1667,  1.00000000,1,0,0.050000000000000003,0.5
580.2000,  1.00000000,1,0,0.0,0.5
580.2333,  1.00000000,1,0,0.074999999999999997,0.5
580.2667,  1.00000000,1,0,0.050000000000000003,0.5
580.3000,  1.00000000,1,0,0.0,0.5
580.3333,  1.00000000,1,0,0.050000000000000003,0.5
580.3667,  1.00000000,1,0,0.025000000000000001,0.5
580.4000,  1.00000000,1,0,0.0,0.5
580.4333,  1.00000000,1,0,0.050000000000000003,0.5
580.4667,  1.00000000,1,0,0.050000000000000003,0.5
580.5000,  1.00000000,1,0,0.074999999999999997,0.5
580.5333,  1.00000000,1,0,0.074999999999999997,0.5
580.5667,  1.00000000,1,0,0.074999999999999997,0.5
580.6000,  1.00000000,1,0,0.025000000000000001,0.5
580.6333,  1.00000000,1,0,0.074999999999999997,0.5
580.6667,  1.00000000,1,0,0.050000000000000003,0.5
580.7000,  1.00000000,1,0,0.025000000000000001,0.5
580.7333,  1.00000000,1,0,0.050000000000000003,0.5
580.7667,  1.00000000,1,0,0.0,0.5
580.8000,  1.00000000,1,0,0.0,0.5
580.8333,  1.00000000,1,0,0.074999999999999997,0.5
580.8667,  1.00000000,1,0,0.050000000000000003,0.5
580.9000,  1.00000000,1,0,0.050000000000000003,0.5
580.9333,  1.00000000,1,0,0.050000000000000003,0.5
580.9667,  1.00000000,1,0,0.025000000000000001,0.5
581.0000,  1.00000000,1,0,0.0,0.5
581.0333,  1.00000000,1,0,0.025000000000000001,0.5
581.0667,  1.00000000,1,0,0.025000000000000001,0.5
581.1000,  1.00000000,1,0,0.050000000000000003,0.5
581.1333,  1.00000000,1,0,0.025000000000000001,0.5
581.1667,  1.00000000,1,0,0.025000000000000001,0.5
581.2000,  1.00000000,1,0,0.050000000000000003,0.5
581.2333,  1.00000000,1,0,0.0,0.5
581.2667,  1.00000000,1,0,0.0,0.5
581.3000,  1.00000000,1,0,0.0,0.5
581.3333,  1.00000000,1,0,0.050000000000000003,0.5
581.3667,  1.00000000,1,0,0.050000000000000003,0.5
581.4000,  1.00000000,1,0,0.0,0.5
581.4333,  1.00000000,1,0,0.0,0.5
581.4667,  1.00000000,1,0,0.0,0.5
581.5000,  1.00000000,1,0,0.074999999999999997,0.5
581.5333,  1.00000000,1,0,0.025000000000000001,0.5
581.5667,  1.00000000,1,0,0.050000000000000003,0.5
581.6000,  1.00000000,1,0,0.074999999999999997,0.5
581.6333,  1.00000000,1,0,0.074999999999999997,0.5
581.6667,  1.00000000,1,0,0.025000000000000001,0.5
581.7000,  1.00000000,1,0,0.050000000000000003,0.5
581.7333,  1.00000000,1,0,0.025000000000000001,0.5
581.7667,  1.00000000,1,0,0.050000000000000003,0.5
581.8000,  1.00000000,1,0,0.025000000000000001,0.5
581.8333,  1.00000000,1,0,0.0,0.5
581.8667,  1.00000000,1,0,0.0,0.5
581.9000,  1.00000000,1,0,0.050000000000000003,0.5
581.9333,  1.00000000,1,0,0.025000000000000001,0.5
581.9667,  1.00000000,1,0,0.050000000000000003,0.5
582.0000,  1.00000000,1,0,0.0,0.5
582.0333,  1.00000000,1,0,0.074999999999999997,0.5
582.0667,  1.00000000,1,0,0.025000000000000001,0.5
582.1000,  1.00000000,1,0,0.050000000000000003,0.5
582.1333,  1.00000000,1,0,0.050000000000000003,0.5
582.1667,  1.00000000,1,0,0.025000000000000001,0.5
582.2000,  1.00000000,1,0,0.050000000000000003,0.5
582.2333,  1.00000000,1,0,0.050000000000000003,0.5
582.2667,  1.00000000,1,0,0.025000000000000001,0.5
582.3000,  1.00000000,1,0,0.050000000000000003,0.5
582.3333,  1.00000000,1,0,0.025000000000000001,0.5
582.3667,  1.00000000,1,0,0.0,0.5
582.4000,  1.00000000,1,0,0.0,0.5
582.4333,  1.00000000,1,0,0.0,0.5
582.4667,  1.00000000,1,0,0.050000000000000003,0.5
582.5000,  1.00000000,1,0,0.050000000000000003,0.5
582.5333,  1.00000000,1,0,0.025000000000000001,0.5
582.5667,  1.00000000,1,0,0.025000000000000001,0.5
582.6000,  1.00000000,1,0,0.074999999999999997,0.5
582.6333,  1.00000000,1,0,0.025000000000000001,0.5
582.6667,  1.00000000,1,0,0.050000000000000003,0.5
582.7000,  1.00000000,1,0,0.050000000000000003,0.5
582.7333,  1.00000000,1,0,0.025000000000000001,0.5
582.7667,  1.00000000,1,0,0.050000000000000003,0.5
582.8000,  1.00000000,1,0,0.050000000000000003,0.5
582.8333,  1.00000000,1,0,0.025000000000000001,0.5
582.8667,  1.00000000,1,0,0.0,0.5
582.9000,  1.00000000,1,0,0.050000000000000003,0.5
582.9333,  1.00000000,1,0,0.025000000000000001,0.5
582.9667,  1.00000000,1,0,0.025000000000000001,0.5
583.0000,  1.00000000,1,0,0.050000000000000003,0.5
583.0333,  1.00000000,1,0,0.050000000000000003,0.5
583.0667,  1.00000000,1,0,0.025000000000000001,0.5
583.1000,  1.00000000,1,0,0.0,0.5
583.1333,  1.00000000,1,0,0.050000000000000003,0.5
583.1667,  1.00000000,1,0,0.0,0.5
583.2000,  1.00000000,1,0,0.0,0.5
583.2333,  1.00000000,1,0,0.025000000000000001,0.5
583.2667,  1.00000000,1,0,0.025000000000000001,0.5
583.3000,  1.00000000,1,0,0.025000000000000001,0.5
583.3333,  1.00000000,1,0,0.050000000000000003,0.5
583.3667,  1.00000000,1,0,0.025000000000000001,0.5
583.4000,  1.00000000,1,0,0.025000000000000001,0.5
583.4333,  1.00000000,1,0,0.050000000000000003,0.5
583.4667,  1.00000000,1,0,0.0,0.5
583.5000,  1.00000000,1,0,0.025000000000000001,0.5
583.5333,  1.00000000,1,0,0.050000000000000003,0.5
583.5667,  1.00000000,1,0,0.050000000000000003,0.5
583.6000,  1.00000000,1,0,0.025000000000000001,0.5
583.6333,  1.00000000,1,0,0.025000000000000001,0.5
583.6667,  1.00000000,1,0,0.0,0.5
583.7000,  1.00000000,1,0,0.025000000000000001,0.5
583.7333,  1.00000000,1,0,0.050000000000000003,0.5
583.7667,  1.00000000,1,0,0.050000000000000003,0.5
583.8000,  1.00000000,1,0,0.074999999999999997,0.5
583.8333,  1.00000000,1,0,0.025000000000000001,0.5
583.8667,  1.00000000,1,0,0.025000000000000001,0.5
583.9000,  1.00000000,1,0,0.050000000000000003,0.5
583.9333,  1.00000000,1,0,0.050000000000000003,0.5
583.9667,  1.00000000,1,0,0.025000000000000001,0.5
584.0000,  1.00000000,1,0,0.050000000000000003,0.5
584.0333,  1.00000000,1,0,0.025000000000000001,0.5
584.0667,  1.00000000,1,0,0.074999999999999997,0.5
584.1000,  1.00000000,1,0,0.050000000000000003,0.5
584.1333,  1.00000000,1,0,0.025000000000000001,0.5
584.1667,  1.00000000,1,0,0.050000000000000003,0.5
584.2000,  1.00000000,1,0,0.074999999999999997,0.5
584.2333,  1.00000000,1,0,0.025000000000000001,0.5
584.2667,  1.00000000,1,0,0.050000000000000003,0.5
584.3000,  1.00000000,1,0,0.025000000000000001,0.5
584.3333,  1.00000000,1,0,0.050000000000000003,0.5
584.3667,  1.00000000,1,0,0.0,0.5
584.4000,  1.00000000,1,0,0.025000000000000001,0.5
584.4333,  1.00000000,1,0,0.025000000000000001,0.5
584.4667,  1.00000000,1,0,0.025000000000000001,0.5
584.5000,  1.00000000,1,0,0.0,0.5
584.5333,  1.00000000,1,0,0.050000000000000003,0.5
584.5667,  1.00000000,1,0,0.025000000000000001,0.5
584.6000,  1.00000000,1,0,0.025000000000000001,0.5
584.6333,  1.00000000,1,0,0.050000000000000003,0.5
584.6667,  1.00000000,1,0,0.025000000000000001,0.5
584.7000,  1.00000000,1,0,0.025000000000000001,0.5
584.7333,  1.00000000,1,0,0.050000000000000003,0.5
584.7667,  1.00000000,1,0,0.050000000000000003,0.5
584.8000,  1.00000000,1,0,0.025000000000000001,0.5
584.8333,  1.00000000,1,0,0.025000000000000001,0.5
584.8667,  1.00000000,1,0,0.025000000000000001,0.5
584.9000,  1.00000000,1,0,0.050000000000000003,0.5
584.9333,  1.00000000,1,0,0.025000000000000001,0.5
584.9667,  1.00000000,1,0,0.050000000000000003,0.5
585.0000,  1.00000000,1,0,0.074999999999999997,0.5
585.0333,  1.00000000,1,0,0.074999999999999997,0.5
585.0667,  1.00000000,1,0,0.025000000000000001,0.5
585.1000,  1.00000000,1,0,0.050000000000000003,0.5
585.1333,  1.00000000,1,0,0.050000000000000003,0.5
585.1667,  1.00000000,1,0,0.025000000000000001,0.5
585.2000,  1.00000000,1,0,0.025000000000000001,0.5
585.2333,  1.00000000,1,0,0.050000000000000003,0.5
585.2667,  1.00000000,1,0,0.074999999999999997,0.5
585.3000,  1.00000000,1,0,0.050000000000000003,0.5
585.3333,  1.00000000,1,0,0.025000000000000001,0.5
585.3667,  1.00000000,1,0,0.025000000000000001,0.5
585.4000,  1.00000000,1,0,0.050000000000000003,0.5
585.4333,  1.00000000,1,0,0.025000000000000001,0.5
585.4667,  1.00000000,1,0,0.025000000000000001,0.5
585.5000,  1.00000000,1,0,0.074999999999999997,0.5
585.5333,  1.00000000,1,0,0.050000000000000003,0.5
585.5667,  1.00000000,1,0,0.025000000000000001,0.5
585.6000,  1.00000000,1,0,0.050000000000000003,0.5
585.6333,  1.00000000,1,0,0.074999999999999997,0.5
585.6667,  1.00000000,1,0,0.025000000000000001,0.5
585.7000,  1.00000000,1,0,0.050000000000000003,0.5
585.7333,  1.00000000,1,0,0.025000000000000001,0.5
585.7667,  1.00000000,1,0,0.0,0.5
585.8000,  1.00000000,1,0,0.025000000000000001,0.5
585.8333,  1.00000000,1,0,0.0,0.5
585.8667,  1.00000000,1,0,0.050000000000000003,0.5
585.9000,  1.00000000,1,0,0.0,0.5
585.9333,  1.00000000,1,0,0.074999999999999997,0.5
585.9667,  1.00000000,1,0,0.0,0.5
586.0000,  1.00000000,1,0,0.025000000000000001,0.5
586.0333,  1.00000000,1,0,0.025000000000000001,0.5
586.0667,  1.00000000,1,0,0.050000000000000003,0.5
586.1000,  1.00000000,1,0,0.025000000000000001,0.5
586.1333,  1.00000000,1,0,0.025000000000000001,0.5
586.1667,  1.00000000,1,0,0.050000000000000003,0.5
586.2000,  1.00000000,1,0,0.0,0.5
586.2333,  1.00000000,1,0,0.050000000000000003,0.5
586.2667,  1.00000000,1,0,0.025000000000000001,0.5
586.3000,  1.00000000,1,0,0.0,0.5
586.3333,  1.00000000,1,0,0.050000000000000003,0.5
586.3667,  1.00000000,1,0,0.0,0.5
586.4000,  1.00000000,1,0,0.025000000000000001,0.5
586.4333,  1.00000000,1,0,0.025000000000000001,0.5
586.4667,  1.00000000,1,0,0.025000000000000001,0.5
586.5000,  1.00000000,1,0,0.025000000000000001,0.5
586.5333,  1.00000000,1,0,0.050000000000000003,0.5
586.5667,  1.00000000,1,0,0.025000000000000001,0.5
586.6000,  1.00000000,1,0,0.025000000000000001,0.5
586.6333,  1.00000000,1,0,0.050000000000000003,0.5
586.6667,  1.00000000,1,0,0.0,0.5
586.7000,  1.00000000,1,0,0.0,0.5
586.7333,  1.00000000,1,0,0.025000000000000001,0.5
586.7667,  1.00000000,1,0,0.025000000000000001,0.5
586.8000,  1.00000000,1,0,0.025000000000000001,0.5
586.8333,  1.00000000,1,0,0.050000000000000003,0.5
586.8667,  1.00000000,1,0,0.025000000000000001,0.5
586.9000,  1.00000000,1,0,0.050000000000000003,0.5
586.9333,  1.00000000,1,0,0.0,0.5
586.9667,  1.00000000,1,0,0.025000000000000001,0.5
587.0000,  1.00000000,1,0,0.050000000000000003,0.5
587.0333,  1.00000000,1,0,0.025000000000000001,0.5
587.0667,  1.00000000,1,0,0.050000000000000003,0.5
587.1000,  1.00000000,1,0,0.025000000000000001,0.5
587.1333,  1.00000000,1,0,0.025000000000000001,0.5
587.1667,  1.00000000,1,0,0.025000000000000001,0.5
587.2000,  1.00000000,1,0,0.0,0.5
587.2333,  1.00000000,1,0,0.025000000000000001,0.5
587.2667,  1.00000000,1,0,0.025000000000000001,0.5
587.3000,  1.00000000,1,0,0.025000000000000001,0.5
587.3333,  1.00000000,1,0,0.025000000000000001,0.5
587.3667,  1.00000000,1,0,0.025000000000000001,0.5
587.4000,  1.00000000,1,0,0.025000000000000001,0.5
587.4333,  1.00000000,1,0,0.050000000000000003,0.5
587.4667,  1.00000000,1,0,0.0,0.5
587.5000,  1.00000000,1,0,0.0,0.5
587.5333,  1.00000000,1,0,0.025000000000000001,0.5
587.5667,  1.00000000,1,0,0.025000000000000001,0.5
587.6000,  1.00000000,1,0,0.0,0.5
587.6333,  1.00000000,1,0,0.050000000000000003,0.5
587.6667,  1.00000000,1,0,0.050000000000000003,0.5
587.7000,  1.00000000,1,0,0.025000000000000001,0.5
587.7333,  1.00000000,1,0,0.025000000000000001,0.5
587.7667,  1.00000000,1,0,0.050000000000000003,0.5
587.8000,  1.00000000,1,0,0.025000000000000001,0.5
587.8333,  1.00000000,1,0,0.074999999999999997,0.5
587.8667,  1.00000000,1,0,0.025000000000000001,0.5
587.9000,  1.00000000,1,0,0.025000000000000001,0.5
587.9333,  1.00000000,1,0,0.025000000000000001,0.5
587.9667,  1.00000000,1,0,0.050000000000000003,0.5
588.0000,  1.00000000,1,0,0.025000000000000001,0.5
588.0333,  1.00000000,1,0,0.050000000000000003,0.5
588.0667,  1.00000000,1,0,0.0,0.5
588.1000,  1.00000000,1,0,0.0,0.5
588.1333,  1.00000000,1,0,0.050000000000000003,0.5
588.1667,  1.00000000,1,0,0.025000000000000001,0.5
588.2000,  1.00000000,1,0,0.025000000000000001,0.5
588.2333,  1.00000000,1,0,0.0,0.5
588.2667,  1.00000000,1,0,0.025000000000000001,0.5
588.3000,  1.00000000,1,0,0.050000000000000003,0.5
588.3333,  1.00000000,1,0,0.050000000000000003,0.5
588.3667,  1.00000000,1,0,0.050000000000000003,0.5
588.4000,  1.00000000,1,0,0.025000000000000001,0.5
588.4333,  1.00000000,1,0,0.0,0.5
588.4667,  1.00000000,1,0,0.050000000000000003,0.5
588.5000,  1.00000000,1,0,0.050000000000000003,0.5
588.5333,  1.00000000,1,0,0.025000000000000001,0.5
588.5667,  1.00000000,1,0,0.050000000000000003,0.5
588.6000,  1.00000000,1,0,0.025000000000000001,0.5
588.6333,  1.00000000,1,0,0.050000000000000003,0.5
588.6667,  1.00000000,1,0,0.074999999999999997,0.5
588.7000,  1.00000000,1,0,0.050000000000000003,0.5
588.7333,  1.00000000,1,0,0.050000000000000003,0.5
588.7667,  1.00000000,1,0,0.050000000000000003,0.5
588.8000,  1.00000000,1,0,0.025000000000000001,0.5
588.8333,  1.00000000,1,0,0.025000000000000001,0.5
588.8667,  1.00000000,1,0,0.0,0.5
588.9000,  1.00000000,1,0,0.050000000000000003,0.5
588.9333,  1.00000000,1,0,0.050000000000000003,0.5
588.9667,  1.00000000,1,0,0.025000000000000001,0.5
589.0000,  1.00000000,1,0,0.025000000000000001,0.5
589.0333,  1.00000000,1,0,0.025000000000000001,0.5
589.0667,  1.00000000,1,0,0.0,0.5
589.1000,  1.00000000,1,0,0.025000000000000001,0.5
589.1333,  1.00000000,1,0,0.050000000000000003,0.5
589.1667,  1.00000000,1,0,0.025000000000000001,0.5
589.2000,  1.00000000,1,0,0.050000000000000003,0.5
589.2333,  1.00000000,1,0,0.0,0.5
589.2667,  1.00000000,1,0,0.050000000000000003,0.5
589.3000,  1.00000000,1,0,0.050000000000000003,0.5
589.3333,  1.00000000,1,0,0.0,0.5
589.3667,  1.00000000,1,0,0.0,0.5
589.4000,  1.00000000,1,0,0.074999999999999997,0.5
589.4333,  1.00000000,1,0,0.025000000000000001,0.5
589.4667,  1.00000000,1,0,0.050000000000000003,0.5
589.5000,  1.00000000,1,0,0.050000000000000003,0.5
589.5333,  1.00000000,1,0,0.025000000000000001,0.5
589.5667,  1.00000000,1,0,0.050000000000000003,0.5
589.6000,  1.00000000,1,0,0.050000000000000003,0.5
589.6333,  1.00000000,1,0,0.050000000000000003,0.5
589.6667,  1.00000000,1,0,0.050000000000000003,0.5
589.7000,  1.00000000,1,0,0.025000000000000001,0.5
589.7333,  1.00000000,1,0,0.074999999999999997,0.5
589.7667,  1.00000000,1,0,0.050000000000000003,0.5
589.8000,  1.00000000,1,0,0.050000000000000003,0.5
589.8333,  1.00000000,1,0,0.074999999999999997,0.5
589.8667,  1.00000000,1,0,0.050000000000000003,0.5
589.9000,  1.00000000,1,0,0.050000000000000003,0.5
589.9333,  1.00000000,1,0,0.0,0.5
589.9667,  1.00000000,1,0,0.050000000000000003,0.5
590.0000,  1.00000000,1,0,0.074999999999999997,0.5
590.0333,  1.00000000,1,0,0.0,0.5
590.0667,  1.00000000,1,0,0.050000000000000003,0.5
590.1000,  1.00000000,1,0,0.050000000000000003,0.5
590.1333,  1.00000000,1,0,0.050000000000000003,0.5
590.1667,  1.00000000,1,0,0.025000000000000001,0.5
590.2000,  1.00000000,1,0,0.050000000000000003,0.5
590.2333,  1.00000000,1,0,0.025000000000000001,0.5
590.2667,  1.00000000,1,0,0.050000000000000003,0.5
590.3000,  1.00000000,1,0,0.050000000000000003,0.5
590.3333,  1.00000000,1,0,0.050000000000000003,0.5
590.3667,  1.00000000,1,0,0.050000000000000003,0.5
590.4000,  1.00000000,1,0,0.074999999999999997,0.5
590.4333,  1.00000000,1,0,0.025000000000000001,0.5
590.4667,  1.00000000,1,0,0.074999999999999997,0.5
590.5000,  1.00000000,1,0,0.0,0.5
590.5333,  1.00000000,1,0,0.074999999999999997,0.5
590.5667,  1.00000000,1,0,0.050000000000000003,0.5
590.6000,  1.00000000,1,0,0.050000000000000003,0.5
590.6333,  1.00000000,1,0,0.050000000000000003,0.5
590.6667,  1.00000000,1,0,0.074999999999999997,0.5
590.7000,  1.00000000,1,0,0.025000000000000001,0.5
590.7333,  1.00000000,1,0,0.025000000000000001,0.5
590.7667,  1.00000000,1,0,0.050000000000000003,0.5
590.8000,  1.00000000,1,0,0.025000000000000001,0.5
590.8333,  1.00000000,1,0,0.025000000000000001,0.5
590.8667,  1.00000000,1,0,0.025000000000000001,0.5
590.9000,  1.00000000,1,0,0.0,0.5
590.9333,  1.00000000,1,0,0.050000000000000003,0.5
590.9667,  1.00000000,1,0,0.050000000000000003,0.5
591.0000,  1.00000000,1,0,0.074999999999999997,0.5
591.0333,  1.00000000,1,0,0.050000000000000003,0.5
591.0667,  1.00000000,1,0,0.074999999999999997,0.5
591.1000,  1.00000000,1,0,0.025000000000000001,0.5
591.1333,  1.00000000,1,0,0.025000000000000001,0.5
591.1667,  1.00000000,1,0,0.025000000000000001,0.5
591.2000,  1.00000000,1,0,0.050000000000000003,0.5
591.2333,  1.00000000,1,0,0.074999999999999997,0.5
591.2667,  1.00000000,1,0,0.050000000000000003,0.5
591.3000,  1.00000000,1,0,0.050000000000000003,0.5
591.3333,  1.00000000,1,0,0.025000000000000001,0.5
591.3667,  1.00000000,1,0,0.025000000000000001,0.5
591.4000,  1.00000000,1,0,0.0,0.5
591.4333,  1.00000000,1,0,0.074999999999999997,0.5
591.4667,  1.00000000,1,0,0.025000000000000001,0.5
591.5000,  1.00000000,1,0,0.050000000000000003,0.5
591.5333,  1.00000000,1,0,0.025000000000000001,0.5
591.5667,  1.00000000,1,0,0.050000000000000003,0.5
591.6000,  1.00000000,1,0,0.050000000000000003,0.5
591.6333,  1.00000000,1,0,0.074999999999999997,0.5
591.6667,  1.00000000,1,0,0.0,0.5
591.7000,  1.00000000,1,0,0.025000000000000001,0.5
591.7333,  1.00000000,1,0,0.025000000000000001,0.5
591.7667,  1.00000000,1,0,0.0,0.5
591.8000,  1.00000000,1,0,0.025000000000000001,0.5
591.8333,  1.00000000,1,0,0.0,0.5
591.8667,  1.00000000,1,0,0.0,0.5
591.9000,  1.00000000,1,0,0.0,0.5
591.9333,  1.00000000,1,0,0.0,0.5
591.9667,  1.00000000,1,0,0.050000000000000003,0.5
592.0000,  1.00000000,1,0,0.0,0.5
592.0333,  1.00000000,1,0,0.050000000000000003,0.5
592.0667,  1.00000000,1,0,0.0,0.5
592.1000,  1.00000000,1,0,0.0,0.5
592.1333,  1.00000000,1,0,0.025000000000000001,0.5
592.1667,  1.00000000,1,0,0.050000000000000003,0.5
592.2000,  1.00000000,1,0,0.025000000000000001,0.5
592.2333,  1.00000000,1,0,0.025000000000000001,0.5
592.2667,  1.00000000,1,0,0.050000000000000003,0.5
592.3000,  1.00000000,1,0,0.025000000000000001,0.5
592.3333,  1.00000000,1,0,0.0,0.5
592.3667,  1.00000000,1,0,0.050000000000000003,0.5
592.4000,  1.00000000,1,0,0.0,0.5
592.4333,  1.00000000,1,0,0.074999999999999997,0.5
592.4667,  1.00000000,1,0,0.050000000000000003,0.5
592.5000,  1.00000000,1,0,0.025000000000000001,0.5
592.5333,  1.00000000,1,0,0.025000000000000001,0.5
592.5667,  1.00000000,1,0,0.074999999999999997,0.5
592.6000,  1.00000000,1,0,0.025000000000000001,0.5
592.6333,  1.00000000,1,0,0.025000000000000001,0.5
592.6667,  1.00000000,1,0,0.025000000000000001,0.5
592.7000,  1.00000000,1,0,0.0,0.5
592.7333,  1.00000000,1,0,0.025000000000000001,0.5
592.7667,  1.00000000,1,0,0.050000000000000003,0.5
592.8000,  1.00000000,1,0,0.025000000000000001,0.5
592.8333,  1.00000000,1,0,0.050000000000000003,0.5
592.8667,  1.00000000,1,0,0.025000000000000001,0.5
592.9000,  1.00000000,1,0,0.0,0.5
592.9333,  1.00000000,1,0,0.050000000000000003,0.5
592.9667,  1.00000000,1,0,0.050000000000000003,0.5
593.0000,  1.00000000,1,0,0.074999999999999997,0.5
593.0333,  1.00000000,1,0,0.050000000000000003,0.5
593.0667,  1.00000000,1,0,0.050000000000000003,0.5
593.1000,  1.00000000,1,0,0.0,0.5
593.1333,  1.00000000,1,0,0.0,0.5
593.1667,  1.00000000,1,0,0.025000000000000001,0.5
593.2000,  1.00000000,1,0,0.0,0.5
593.2333,  1.00000000,1,0,0.025000000000000001,0.5
593.2667,  1.00000000,1,0,0.025000000000000001,0.5
593.3000,  1.00000000,1,0,0.025000000000000001,0.5
593.3333,  1.00000000,1,0,0.0,0.5
593.3667,  1.00000000,1,0,0.025000000000000001,0.5
593.4000,  1.00000000,1,0,0.0,0.5
593.4333,  1.00000000,1,0,0.0,0.5
593.4667,  1.00000000,1,0,0.025000000000000001,0.5
593.5000,  1.00000000,1,0,0.025000000000000001,0.5
593.5333,  1.00000000,1,0,0.025000000000000001,0.5
593.5667,  1.00000000,1,0,0.025000000000000001,0.5
593.6000,  1.00000000,1,0,0.050000000000000003,0.5
593.6333,  1.00000000,1,0,0.025000000000000001,0.5
593.6667,  1.00000000,1,0,0.0,0.5
593.7000,  1.00000000,1,0,0.050000000000000003,0.5
593.7333,  1.00000000,1,0,0.025000000000000001,0.5
593.7667,  1.00000000,1,0,0.025000000000000001,0.5
593.8000,  1.00000000,1,0,0.050000000000000003,0.5
593.8333,  1.00000000,1,0,0.0,0.5
593.8667,  1.00000000,1,0,0.0,0.5
593.9000,  1.00000000,1,0,0.025000000000000001,0.5
593.9333,  1.00000000,1,0,0.074999999999999997,0.5
593.9667,  1.00000000,1,0,0.050000000000000003,0.5
594.0000,  1.00000000,1,0,0.0,0.5
594.0333,  1.00000000,1,0,0.050000000000000003,0.5
594.0667,  1.00000000,1,0,0.025000000000000001,0.5
594.1000,  1.00000000,1,0,0.050000000000000003,0.5
594.1333,  1.00000000,1,0,0.050000000000000003,0.5
594.1667,  1.00000000,1,0,0.025000000000000001,0.5
594.2000,  1.00000000,1,0,0.074999999999999997,0.5
594.2333,  1.00000000,1,0,0.074999999999999997,0.5
594.2667,  1.00000000,1,0,0.050000000000000003,0.5
594.3000,  1.00000000,1,0,0.025000000000000001,0.5
594.3333,  1.00000000,1,0,0.0,0.5
594.3667,  1.00000000,1,0,0.050000000000000003,0.5
594.4000,  1.00000000,1,0,0.025000000000000001,0.5
594.4333,  1.00000000,1,0,0.025000000000000001,0.5
594.4667,  1.00000000,1,0,0.074999999999999997,0.5
594.5000,  1.00000000,1,0,0.050000000000000003,0.5
594.5333,  1.00000000,1,0,0.025000000000000001,0.5
594.5667,  1.00000000,1,0,0.025000000000000001,0.5
594.6000,  1.00000000,1,0,0.025000000000000001,0.5
594.6333,  1.00000000,1,0,0.025000000000000001,0.5
594.6667,  1.00000000,1,0,0.025000000000000001,0.5
594.7000,  1.00000000,1,0,0.025000000000000001,0.5
594.7333,  1.00000000,1,0,0.050000000000000003,0.5
594.7667,  1.00000000,1,0,0.025000000000000001,0.5
594.8000,  1.00000000,1,0,0.025000000000000001,0.5
594.8333,  1.00000000,1,0,0.050000000000000003,0.5
594.8667,  1.00000000,1,0,0.025000000000000001,0.5
594.9000,  1.00000000,1,0,0.025000000000000001,0.5
594.9333,  1.00000000,1,0,0.025000000000000001,0.5
594.9667,  1.00000000,1,0,0.050000000000000003,0.5
595.0000,  1.00000000,1,0,0.050000000000000003,0.5
595.0333,  1.00000000,1,0,0.025000000000000001,0.5
595.0667,  1.00000000,1,0,0.074999999999999997,0.5
595.1000,  1.00000000,1,0,0.025000000000000001,0.5
595.1333,  1.00000000,1,0,0.050000000000000003,0.5
595.1667,  1.00000000,1,0,0.050000000000000003,0.5
595.2000,  1.00000000,1,0,0.025000000000000001,0.5
595.2333,  1.00000000,1,0,0.025000000000000001,0.5
595.2667,  1.00000000,1,0,0.074999999999999997,0.5
595.3000,  1.00000000,1,0,0.074999999999999997,0.5
595.3333,  1.00000000,1,0,0.0,0.5
595.3667,  1.00000000,1,0,0.025000000000000001,0.5
595.4000,  1.00000000,1,0,0.0,0.5
595.4333,  1.00000000,1,0,0.025000000000000001,0.5
595.4667,  1.00000000,1,0,0.025000000000000001,0.5
595.5000,  1.00000000,1,0,0.0,0.5
595.5333,  1.00000000,1,0,0.050000000000000003,0.5
595.5667,  1.00000000,1,0,0.025000000000000001,0.5
595.6000,  1.00000000,1,0,0.0,0.5
595.6333,  1.00000000,1,0,0.0,0.5
595.6667,  1.00000000,1,0,0.025000000000000001,0.5
595.7000,  1.00000000,1,0,0.025000000000000001,0.5
595.7333,  1.00000000,1,0,0.0,0.5
595.7667,  1.00000000,1,0,0.025000000000000001,0.5
595.8000,  1.00000000,1,0,0.025000000000000001,0.5
595.8333,  1.00000000,1,0,0.050000000000000003,0.5
595.8667,  1.00000000,1,0,0.0,0.5
595.9000,  1.00000000,1,0,0.0,0.5
595.9333,  1.00000000,1,0,0.025000000000000001,0.5
595.9667,  1.00000000,1,0,0.0,0.5
596.0000,  1.00000000,1,0,0.0,0.5
596.0333,  1.00000000,1,0,0.025000000000000001,0.5
596.0667,  1.00000000,1,0,0.050000000000000003,0.5
596.1000,  1.00000000,1,0,0.050000000000000003,0.5
596.1333,  1.00000000,1,0,0.0,0.5
596.1667,  1.00000000,1,0,0.025000000000000001,0.5
596.2000,  1.00000000,1,0,0.025000000000000001,0.5
596.2333,  1.00000000,1,0,0.025000000000000001,0.5
596.2667,  1.00000000,1,0,0.025000000000000001,0.5
596.3000,  1.00000000,1,0,0.050000000000000003,0.5
596.3333,  1.00000000,1,0,0.025000000000000001,0.5
596.3667,  1.00000000,1,0,0.025000000000000001,0.5
596.4000,  1.00000000,1,0,0.025000000000000001,0.5
596.4333,  1.00000000,1,0,0.050000000000000003,0.5
596.4667,  1.00000000,1,0,0.074999999999999997,0.5
596.5000,  1.00000000,1,0,0.050000000000000003,0.5
596.5333,  1.00000000,1,0,0.025000000000000001,0.5
596.5667,  1.00000000,1,0,0.0,0.5
596.6000,  1.00000000,1,0,0.050000000000000003,0.5
596.6333,  1.00000000,1,0,0.050000000000000003,0.5
596.6667,  1.00000000,1,0,0.0,0.5
596.7000,  1.00000000,1,0,0.050000000000000003,0.5
596.7333,  1.00000000,1,0,0.050000000000000003,0.5
596.7667,  1.00000000,1,0,0.0,0.5
596.8000,  1.00000000,1,0,0.0,0.5
596.8333,  1.00000000,1,0,0.025000000000000001,0.5
596.8667,  1.00000000,1,0,0.025000000000000001,0.5
596.9000,  1.00000000,1,0,0.050000000000000003,0.5
596.9333,  1.00000000,1,0,0.0,0.5
596.9667,  1.00000000,1,0,0.050000000000000003,0.5
597.0000,  1.00000000,1,0,0.074999999999999997,0.5
597.0333,  1.00000000,1,0,0.050000000000000003,0.5
597.0667,  1.00000000,1,0,0.025000000000000001,0.5
597.1000,  1.00000000,1,0,0.050000000000000003,0.5
597.1333,  1.00000000,1,0,0.025000000000000001,0.5
597.1667,  1.00000000,1,0,0.025000000000000001,0.5
597.2000,  1.00000000,1,0,0.074999999999999997,0.5
597.2333,  1.00000000,1,0,0.074999999999999997,0.5
597.2667,  1.00000000,1,0,0.074999999999999997,0.5
597.3000,  1.00000000,1,0,0.050000000000000003,0.5
597.3333,  1.00000000,1,0,0.0,0.5
597.3667,  1.00000000,1,0,0.050000000000000003,0.5
597.4000,  1.00000000,1,0,0.050000000000000003,0.5
597.4333,  1.00000000,1,0,0.025000000000000001,0.5
597.4667,  1.00000000,1,0,0.050000000000000003,0.5
597.5000,  1.00000000,1,0,0.025000000000000001,0.5
597.5333,  1.00000000,1,0,0.025000000000000001,0.5
597.5667,  1.00000000,1,0,0.0,0.5
597.6000,  1.00000000,1,0,0.050000000000000003,0.5
597.6333,  1.00000000,1,0,0.050000000000000003,0.5
597.6667,  1.00000000,1,0,0.050000000000000003,0.5
597.7000,  1.00000000,1,0,0.025000000000000001,0.5
597.7333,  1.00000000,1,0,0.025000000000000001,0.5
597.7667,  1.00000000,1,0,0.0,0.5
597.8000,  1.00000000,1,0,0.0,0.5
597.8333,  1.00000000,1,0,0.025000000000000001,0.5
597.8667,  1.00000000,1,0,0.025000000000000001,0.5
597.9000,  1.00000000,1,0,0.025000000000000001,0.5
597.9333,  1.00000000,1,0,0.0,0.5
597.9667,  1.00000000,1,0,0.0,0.5
598.0000,  1.00000000,1,0,0.025000000000000001,0.5
598.0333,  1.00000000,1,0,0.050000000000000003,0.5
598.0667,  1.00000000,1,0,0.0,0.5
598.1000,  1.00000000,1,0,0.050000000000000003,0.5
598.1333,  1.00000000,1,0,0.050000000000000003,0.5
598.1667,  1.00000000,1,0,0.074999999999999997,0.5
598.2000,  1.00000000,1,0,0.050000000000000003,0.5
598.2333,  1.00000000,1,0,0.025000000000000001,0.5
598.2667,  1.00000000,1,0,0.050000000000000003,0.5
598.3000,  1.00000000,1,0,0.025000000000000001,0.5
598.3333,  1.00000000,1,0,0.025000000000000001,0.5
598.3667,  1.00000000,1,0,0.0,0.5
598.4000,  1.00000000,1,0,0.074999999999999997,0.5
598.4333,  1.00000000,1,0,0.025000000000000001,0.5
598.4667,  1.00000000,1,0,0.0,0.5
598.5000,  1.00000000,1,0,0.0,0.5
598.5333,  1.00000000,1,0,0.025000000000000001,0.5
598.5667,  1.00000000,1,0,0.0,0.5
598.6000,  1.00000000,1,0,0.025000000000000001,0.5
598.6333,  1.00000000,1,0,0.050000000000000003,0.5
598.6667,  1.00000000,1,0,0.050000000000000003,0.5
598.7000,  1.00000000,1,0,0.025000000000000001,0.5
598.7333,  1.00000000,1,0,0.025000000000000001,0.5
598.7667,  1.00000000,1,0,0.025000000000000001,0.5
598.8000,  1.00000000,1,0,0.025000000000000001,0.5
598.8333,  1.00000000,1,0,0.0,0.5
598.8667,  1.00000000,1,0,0.050000000000000003,0.5
598.9000,  1.00000000,1,0,0.025000000000000001,0.5
598.9333,  1.00000000,1,0,0.025000000000000001,0.5
598.9667,  1.00000000,1,0,0.074999999999999997,0.5
599.0000,  1.00000000,1,0,0.050000000000000003,0.5
599.0333,  1.00000000,1,0,0.050000000000000003,0.5
599.0667,  1.00000000,1,0,0.025000000000000001,0.5
599.1000,  1.00000000,1,0,0.025000000000000001,0.5
599.1333,  1.00000000,1,0,0.0,0.5
599.1667,  1.00000000,1,0,0.025000000000000001,0.5
599.2000,  1.00000000,1,0,0.074999999999999997,0.5
599.2333,  1.00000000,1,0,0.025000000000000001,0.5
599.2667,  1.00000000,1,0,0.050000000000000003,0.5
599.3000,  1.00000000,1,0,0.025000000000000001,0.5
599.3333,  1.00000000,1,0,0.074999999999999997,0.5
599.3667,  1.00000000,1,0,0.025000000000000001,0.5
599.4000,  1.00000000,1,0,0.050000000000000003,0.5
599.4333,  1.00000000,1,0,0.050000000000000003,0.5
599.4667,  1.00000000,1,0,0.025000000000000001,0.5
599.5000,  1.00000000,1,0,0.050000000000000003,0.5
599.5333,  1.00000000,1,0,0.025000000000000001,0.5
599.5667,  1.00000000,1,0,0.025000000000000001,0.5
599.6000,  1.00000000,1,0,0.025000000000000001,0.5
599.6333,  1.00000000,1,0,0.050000000000000003,0.5
599.6667,  1.00000000,1,0,0.0,0.5
599.7000,  1.00000000,1,0,0.0,0.5
599.7333,  1.00000000,1,0,0.050000000000000003,0.5
599.7667,  1.00000000,1,0,0.050000000000000003,0.5
599.8000,  1.00000000,1,0,0.050000000000000003,0.5
599.8333,  1.00000000,1,0,0.025000000000000001,0.5
599.8667,  1.00000000,1,0,0.025000000000000001,0.5
599.9000,  1.00000000,1,0,0.050000000000000003,0.5
599.9333,  1.00000000,1,0,0.050000000000000003,0.5
599.9667,  1.00000000,1,0,0.050000000000000003,0.5
600.0000,  1.00000000,1,0,0.025000000000000001,0.5
600.0333,  1.00000000,1,0,0.074999999999999997,0.5
600.0667,  1.00000000,1,0,0.074999999999999997,0.5
600.1000,  1.00000000,1,0,0.050000000000000003,0.5
600.1333,  1.00000000,1,0,0.025000000000000001,0.5
600.1667,  1.00000000,1,0,0.050000000000000003,0.5
600.2000,  1.00000000,1,0,0.025000000000000001,0.5
600.2333,  1.00000000,1,0,0.074999999999999997,0.5
600.2667,  1.00000000,1,0,0.025000000000000001,0.5
600.3000,  1.00000000,1,0,0.050000000000000003,0.5
600.3333,  1.00000000,1,0,0.025000000000000001,0.5
600.3667,  1.00000000,1,0,0.074999999999999997,0.5
600.4000,  1.00000000,1,0,0.050000000000000003,0.5
600.4333,  1.00000000,1,0,0.0,0.5
600.4667,  1.00000000,1,0,0.074999999999999997,0.5
600.5000,  1.00000000,1,0,0.025000000000000001,0.5
600.5333,  1.00000000,1,0,0.050000000000000003,0.5
600.5667,  1.00000000,1,0,0.050000000000000003,0.5
600.6000,  1.00000000,1,0,0.050000000000000003,0.5
600.6333,  1.00000000,1,0,0.025000000000000001,0.5
600.6667,  1.00000000,1,0,0.074999999999999997,0.5
600.7000,  1.00000000,1,0,0.074999999999999997,0.5
600.7333,  1.00000000,1,0,0.025000000000000001,0.5
600.7667,  1.00000000,1,0,0.050000000000000003,0.5
600.8000,  1.00000000,1,0,0.025000000000000001,0.5
600.8333,  1.00000000,1,0,0.025000000000000001,0.5
600.8667,  1.00000000,1,0,0.074999999999999997,0.5
600.9000,  1.00000000,1,0,0.050000000000000003,0.5
600.9333,  1.00000000,1,0,0.074999999999999997,0.5
600.9667,  1.00000000,1,0,0.025000000000000001,0.5
601.0000,  1.00000000,1,0,0.050000000000000003,0.5
601.0333,  1.00000000,1,0,0.050000000000000003,0.5
601.0667,  1.00000000,1,0,0.074999999999999997,0.5
601.1000,  1.00000000,1,0,0.074999999999999997,0.5
601.1333,  1.00000000,1,0,0.025000000000000001,0.5
601.1667,  1.00000000,1,0,0.025000000000000001,0.5
601.2000,  1.00000000,1,0,0.050000000000000003,0.5
601.2333,  1.00000000,1,0,0.0,0.5
601.2667,  1.00000000,1,0,0.050000000000000003,0.5
601.3000,  1.00000000,1,0,0.0,0.5
601.3333,  1.00000000,1,0,0.025000000000000001,0.5
601.3667,  1.00000000,1,0,0.050000000000000003,0.5
601.4000,  1.00000000,1,0,0.074999999999999997,0.5
601.4333,  1.00000000,1,0,0.0,0.5
601.4667,  1.00000000,1,0,0.050000000000000003,0.5
601.5000,  1.00000000,1,0,0.050000000000000003,0.5
601.5333,  1.00000000,1,0,0.074999999999999997,0.5
601.5667,  1.00000000,1,0,0.074999999999999997,0.5
601.6000,  1.00000000,1,0,0.025000000000000001,0.5
601.6333,  1.00000000,1,0,0.025000000000000001,0.5
601.6667,  1.00000000,1,0,0.025000000000000001,0.5
601.7000,  1.00000000,1,0,0.050000000000000003,0.5
601.7333,  1.00000000,1,0,0.050000000000000003,0.5
601.7667,  1.00000000,1,0,0.074999999999999997,0.5
601.8000,  1.00000000,1,0,0.025000000000000001,0.5
601.8333,  1.00000000,1,0,0.025000000000000001,0.5
601.8667,  1.00000000,1,0,0.050000000000000003,0.5
601.9000,  1.00000000,1,0,0.025000000000000001,0.5
601.9333,  1.00000000,1,0,0.025000000000000001,0.5
601.9667,  1.00000000,1,0,0.025000000000000001,0.5
602.0000,  1.00000000,1,0,0.025000000000000001,0.5
602.0333,  1.00000000,1,0,0.025000000000000001,0.5
602.0667,  1.00000000,1,0,0.0,0.5
602.1000,  1.00000000,1,0,0.0,0.5
602.1333,  1.00000000,1,0,0.050000000000000003,0.5
602.1667,  1.00000000,1,0,0.025000000000000001,0.5
602.2000,  1.00000000,1,0,0.050000000000000003,0.5
602.2333,  1.00000000,1,0,0.050000000000000003,0.5
602.2667,  1.00000000,1,0,0.025000000000000001,0.5
602.3000,  1.00000000,1,0,0.025000000000000001,0.5
602.3333,  1.00000000,1,0,0.0,0.5
602.3667,  1.00000000,1,0,0.050000000000000003,0.5
602.4000,  1.00000000,1,0,0.025000000000000001,0.5
602.4333,  1.00000000,1,0,0.025000000000000001,0.5
602.4667,  1.00000000,1,0,0.025000000000000001,0.5
602.5000,  1.00000000,1,0,0.025000000000000001,0.5
602.5333,  1.00000000,1,0,0.025000000000000001,0.5
602.5667,  1.00000000,1,0,0.025000000000000001,0.5
602.6000,  1.00000000,1,0,0.025000000000000001,0.5
602.6333,  1.00000000,1,0,0.0,0.5
602.6667,  1.00000000,1,0,0.050000000000000003,0.5
602.7000,  1.00000000,1,0,0.025000000000000001,0.5
602.7333,  1.00000000,1,0,0.0,0.5
602.7667,  1.00000000,1,0,0.050000000000000003,0.5
602.8000,  1.00000000,1,0,0.050000000000000003,0.5
602.8333,  1.00000000,1,0,0.025000000000000001,0.5
602.8667,  1.00000000,1,0,0.050000000000000003,0.5
602.9000,  1.00000000,1,0,0.025000000000000001,0.5
602.9333,  1.00000000,1,0,0.025000000000000001,0.5
602.9667,  1.00000000,1,0,0.0,0.5
603.0000,  1.00000000,1,0,0.050000000000000003,0.5
603.0333,  1.00000000,1,0,0.025000000000000001,0.5
603.0667,  1.00000000,1,0,0.0,0.5
603.1000,  1.00000000,1,0,0.074999999999999997,0.5
603.1333,  1.00000000,1,0,0.025000000000000001,0.5
603.1667,  1.00000000,1,0,0.050000000000000003,0.5
603.2000,  1.00000000,1,0,0.025000000000000001,0.5
603.2333,  1.00000000,1,0,0.025000000000000001,0.5
603.2667,  1.00000000,1,0,0.0,0.5
603.3000,  1.00000000,1,0,0.050000000000000003,0.5
603.3333,  1.00000000,1,0,0.025000000000000001,0.5
603.3667,  1.00000000,1,0,0.050000000000000003,0.5
603.4000,  1.00000000,1,0,0.050000000000000003,0.5
603.4333,  1.00000000,1,0,0.0,0.5
603.4667,  1.00000000,1,0,0.0,0.5
603.5000,  1.00000000,1,0,0.074999999999999997,0.5
603.5333,  1.00000000,1,0,0.0,0.5
603.5667,  1.00000000,1,0,0.025000000000000001,0.5
603.6000,  1.00000000,1,0,0.025000000000000001,0.5
603.6333,  1.00000000,1,0,0.025000000000000001,0.5
603.6667,  1.00000000,1,0,0.025000000000000001,0.5
603.7000,  1.00000000,1,0,0.025000000000000001,0.5
603.7333,  1.00000000,1,0,0.050000000000000003,0.5
603.7667,  1.00000000,1,0,0.050000000000000003,0.5
603.8000,  1.00000000,1,0,0.025000000000000001,0.5
603.8333,  1.00000000,1,0,0.025000000000000001,0.5
603.8667,  1.00000000,1,0,0.025000000000000001,0.5
603.9000,  1.00000000,1,0,0.025000000000000001,0.5
603.9333,  1.00000000,1,0,0.025000000000000001,0.5
603.9667,  1.00000000,1,0,0.025000000000000001,0.5
604.0000,  1.00000000,1,0,0.074999999999999997,0.5
604.0333,  1.00000000,1,0,0.050000000000000003,0.5
604.0667,  1.00000000,1,0,0.050000000000000003,0.5
604.1000,  1.00000000,1,0,0.074999999999999997,0.5
604.1333,  1.00000000,1,0,0.050000000000000003,0.5
604.1667,  1.00000000,1,0,0.074999999999999997,0.5
604.2000,  1.00000000,1,0,0.025000000000000001,0.5
604.2333,  1.00000000,1,0,0.050000000000000003,0.5
604.2667,  1.00000000,1,0,0.025000000000000001,0.5
604.3000,  1.00000000,1,0,0.074999999999999997,0.5
604.3333,  1.00000000,1,0,0.025000000000000001,0.5
604.3667,  1.00000000,1,0,0.0,0.5
604.4000,  1.00000000,1,0,0.074999999999999997,0.5
604.4333,  1.00000000,1,0,0.025000000000000001,0.5
604.4667,  1.00000000,1,0,0.025000000000000001,0.5
604.5000,  1.00000000,1,0,0.074999999999999997,0.5
604.5333,  1.00000000,1,0,0.050000000000000003,0.5
604.5667,  1.00000000,1,0,0.025000000000000001,0.5
604.6000,  1.00000000,1,0,0.050000000000000003,0.5
604.6333,  1.00000000,1,0,0.050000000000000003,0.5
604.6667,  1.00000000,1,0,0.025000000000000001,0.5
604.7000,  1.00000000,1,0,0.050000000000000003,0.5
604.7333,  1.00000000,1,0,0.025000000000000001,0.5
604.7667,  1.00000000,1,0,0.0,0.5
604.8000,  1.00000000,1,0,0.074999999999999997,0.5
604.8333,  1.00000000,1,0,0.025000000000000001,0.5
604.8667,  1.00000000,1,0,0.050000000000000003,0.5
604.9000,  1.00000000,1,0,0.025000000000000001,0.5
604.9333,  1.00000000,1,0,0.074999999999999997,0.5
604.9667,  1.00000000,1,0,0.050000000000000003,0.5
605.0000,  1.00000000,1,0,0.050000000000000003,0.5
605.0333,  1.00000000,1,0,0.050000000000000003,0.5
605.0667,  1.00000000,1,0,0.025000000000000001,0.5
605.1000,  1.00000000,1,0,0.025000000000000001,0.5
605.1333,  1.00000000,1,0,0.0,0.5
605.1667,  1.00000000,1,0,0.074999999999999997,0.5
605.2000,  1.00000000,1,0,0.025000000000000001,0.5
605.2333,  1.00000000,1,0,0.050000000000000003,0.5
605.2667,  1.00000000,1,0,0.050000000000000003,0.5
605.3000,  1.00000000,1,0,0.050000000000000003,0.5
605.3333,  1.00000000,1,0,0.025000000000000001,0.5
605.3667,  1.00000000,1,0,0.0,0.5
605.4000,  1.00000000,1,0,0.0,0.5
605.4333,  1.00000000,1,0,0.050000000000000003,0.5
605.4667,  1.00000000,1,0,0.025000000000000001,0.5
605.5000,  1.00000000,1,0,0.0,0.5
605.5333,  1.00000000,1,0,0.025000000000000001,0.5
605.5667,  1.00000000,1,0,0.050000000000000003,0.5
605.6000,  1.00000000,1,0,0.025000000000000001,0.5
605.6333,  1.00000000,1,0,0.0,0.5
605.6667,  1.00000000,1,0,0.025000000000000001,0.5
605.7000,  1.00000000,1,0,0.050000000000000003,0.5
605.7333,  1.00000000,1,0,0.050000000000000003,0.5
605.7667,  1.00000000,1,0,0.050000000000000003,0.5
605.8000,  1.00000000,1,0,0.074999999999999997,0.5
605.8333,  1.00000000,1,0,0.0,0.5
605.8667,  1.00000000,1,0,0.050000000000000003,0.5
605.9000,  1.00000000,1,0,0.025000000000000001,0.5
605.9333,  1.00000000,1,0,0.025000000000000001,0.5
605.9667,  1.00000000,1,0,0.025000000000000001,0.5
606.0000,  1.00000000,1,0,0.025000000000000001,0.5
606.0333,  1.00000000,1,0,0.025000000000000001,0.5
606.0667,  1.00000000,1,0,0.050000000000000003,0.5
606.1000,  1.00000000,1,0,0.025000000000000001,0.5
606.1333,  1.00000000,1,0,0.074999999999999997,0.5
606.1667,  1.00000000,1,0,0.050000000000000003,0.5
606.2000,  1.00000000,1,0,0.050000000000000003,0.5
606.2333,  1.00000000,1,0,0.050000000000000003,0.5
606.2667,  1.00000000,1,0,0.074999999999999997,0.5
606.3000,  1.00000000,1,0,0.0,0.5
606.3333,  1.00000000,1,0,0.025000000000000001,0.5
606.3667,  1.00000000,1,0,0.025000000000000001,0.5
606.4000,  1.00000000,1,0,0.074999999999999997,0.5
606.4333,  1.00000000,1,0,0.025000000000000001,0.5
606.4667,  1.00000000,1,0,0.050000000000000003,0.5
606.5000,  1.00000000,1,0,0.025000000000000001,0.5
606.5333,  1.00000000,1,0,0.050000000000000003,0.5
606.5667,  1.00000000,1,0,0.025000000000000001,0.5
606.6000,  1.00000000,1,0,0.0,0.5
606.6333,  1.00000000,1,0,0.050000000000000003,0.5
606.6667,  1.00000000,1,0,0.050000000000000003,0.5
606.7000,  1.00000000,1,0,0.025000000000000001,0.5
606.7333,  1.00000000,1,0,0.0,0.5
606.7667,  1.00000000,1,0,0.0,0.5
606.8000,  1.00000000,1,0,0.025000000000000001,0.5
606.8333,  1.00000000,1,0,0.0,0.5
606.8667,  1.00000000,1,0,0.0,0.5
606.9000,  1.00000000,1,0,0.0,0.5
606.9333,  1.00000000,1,0,0.0,0.5
606.9667,  1.00000000,1,0,0.050000000000000003,0.5
607.0000,  1.00000000,1,0,0.0,0.5
607.0333,  1.00000000,1,0,0.025000000000000001,0.5
607.0667,  1.00000000,1,0,0.0,0.5
607.1000,  1.00000000,1,0,0.050000000000000003,0.5
607.1333,  1.00000000,1,0,0.025000000000000001,0.5
607.1667,  1.00000000,1,0,0.050000000000000003,0.5
607.2000,  1.00000000,1,0,0.074999999999999997,0.5
607.2333,  1.00000000,1,0,0.050000000000000003,0.5
607.2667,  1.00000000,1,0,0.050000000000000003,0.5
607.3000,  1.00000000,1,0,0.050000000000000003,0.5
607.3333,  1.00000000,1,0,0.074999999999999997,0.5
607.3667,  1.00000000,1,0,0.050000000000000003,0.5
607.4000,  1.00000000,1,0,0.074999999999999997,0.5
607.4333,  1.00000000,1,0,0.050000000000000003,0.5
607.4667,  1.00000000,1,0,0.074999999999999997,0.5
607.5000,  1.00000000,1,0,0.050000000000000003,0.5
607.5333,  1.00000000,1,0,0.050000000000000003,0.5
607.5667,  1.00000000,1,0,0.025000000000000001,0.5
607.6000,  1.00000000,1,0,0.050000000000000003,0.5
607.6333,  1.00000000,1,0,0.050000000000000003,0.5
607.6667,  1.00000000,1,0,0.050000000000000003,0.5
607.7000,  1.00000000,1,0,0.025000000000000001,0.5
607.7333,  1.00000000,1,0,0.025000000000000001,0.5
607.7667,  1.00000000,1,0,0.025000000000000001,0.5
607.8000,  1.00000000,1,0,0.025000000000000001,0.5
607.8333,  1.00000000,1,0,0.050000000000000003,0.5
607.8667,  1.00000000,1,0,0.025000000000000001,0.5
607.9000,  1.00000000,1,0,0.050000000000000003,0.5
607.9333,  1.00000000,1,0,0.025000000000000001,0.5
607.9667,  1.00000000,1,0,0.025000000000000001,0.5
608.0000,  1.00000000,1,0,0.025000000000000001,0.5
608.0333,  1.00000000,1,0,0.074999999999999997,0.5
608.0667,  1.00000000,1,0,0.050000000000000003,0.5
608.1000,  1.00000000,1,0,0.025000000000000001,0.5
608.1333,  1.00000000,1,0,0.050000000000000003,0.5
608.1667,  1.00000000,1,0,0.050000000000000003,0.5
608.2000,  1.00000000,1,0,0.050000000000000003,0.5
608.2333,  1.00000000,1,0,0.050000000000000003,0.5
608.2667,  1.00000000,1,0,0.050000000000000003,0.5
608.3000,  1.00000000,1,0,0.025000000000000001,0.5
608.3333,  1.00000000,1,0,0.050000000000000003,0.5
608.3667,  1.00000000,1,0,0.025000000000000001,0.5
608.4000,  1.00000000,1,0,0.050000000000000003,0.5
608.4333,  1.00000000,1,0,0.025000000000000001,0.5
608.4667,  1.00000000,1,0,0.050000000000000003,0.5
608.5000,  1.00000000,1,0,0.025000000000000001,0.5
608.5333,  1.00000000,1,0,0.025000000000000001,0.5
608.5667,  1.00000000,1,0,0.025000000000000001,0.5
608.6000,  1.00000000,1,0,0.025000000000000001,0.5
608.6333,  1.00000000,1,0,0.0,0.5
608.6667,  1.00000000,1,0,0.0,0.5
608.7000,  1.00000000,1,0,0.025000000000000001,0.5
608.7333,  1.00000000,1,0,0.0,0.5
608.7667,  1.00000000,1,0,0.050000000000000003,0.5
608.8000,  1.00000000,1,0,0.050000000000000003,0.5
608.8333,  1.00000000,1,0,0.025000000000000001,0.5
608.8667,  1.00000000,1,0,0.050000000000000003,0.5
608.9000,  1.00000000,1,0,0.050000000000000003,0.5
608.9333,  1.00000000,1,0,0.050000000000000003,0.5
608.9667,  1.00000000,1,0,0.050000000000000003,0.5
609.0000,  1.00000000,1,0,0.0,0.5
609.0333,  1.00000000,1,0,0.050000000000000003,0.5
609.0667,  1.00000000,1,0,0.025000000000000001,0.5
609.1000,  1.00000000,1,0,0.025000000000000001,0.5
609.1333,  1.00000000,1,0,0.025000000000000001,0.5
609.1667,  1.00000000,1,0,0.025000000000000001,0.5
609.2000,  1.00000000,1,0,0.025000000000000001,0.5
609.2333,  1.00000000,1,0,0.074999999999999997,0.5
609.2667,  1.00000000,1,0,0.025000000000000001,0.5
609.3000,  1.00000000,1,0,0.025000000000000001,0.5
609.3333,  1.00000000,1,0,0.025000000000000001,0.5
609.3667,  1.00000000,1,0,0.074999999999999997,0.5
609.4000,  1.00000000,1,0,0.050000000000000003,0.5
609.4333,  1.00000000,1,0,0.050000000000000003,0.5
609.4667,  1.00000000,1,0,0.025000000000000001,0.5
609.5000,  1.00000000,1,0,0.050000000000000003,0.5
609.5333,  1.00000000,1,0,0.050000000000000003,0.5
609.5667,  1.00000000,1,0,0.050000000000000003,0.5
609.6000,  1.00000000,1,0,0.025000000000000001,0.5
609.6333,  1.00000000,1,0,0.025000000000000001,0.5
609.6667,  1.00000000,1,0,0.025000000000000001,0.5
609.7000,  1.00000000,1,0,0.025000000000000001,0.5
609.7333,  1.00000000,1,0,0.050000000000000003,0.5
609.7667,  1.00000000,1,0,0.025000000000000001,0.5
609.8000,  1.00000000,1,0,0.050000000000000003,0.5
609.8333,  1.00000000,1,0,0.025000000000000001,0.5
609.8667,  1.00000000,1,0,0.050000000000000003,0.5
609.9000,  1.00000000,1,0,0.0,0.5
609.9333,  1.00000000,1,0,0.050000000000000003,0.5
609.9667,  1.00000000,1,0,0.0,0.5
610.0000,  1.00000000,1,0,0.025000000000000001,0.5
610.0333,  1.00000000,1,0,0.0,0.5
610.0667,  1.00000000,1,0,0.0,0.5
610.1000,  1.00000000,1,0,0.025000000000000001,0.5
610.1333,  1.00000000,1,0,0.050000000000000003,0.5
610.1667,  1.00000000,1,0,0.050000000000000003,0.5
610.2000,  1.00000000,1,0,0.025000000000000001,0.5
610.2333,  1.00000000,1,0,0.025000000000000001,0.5
610.2667,  1.00000000,1,0,0.025000000000000001,0.5
610.3000,  1.00000000,1,0,0.0,0.5
610.3333,  1.00000000,1,0,0.025000000000000001,0.5
610.3667,  1.00000000,1,0,0.0,0.5
610.4000,  1.00000000,1,0,0.025000000000000001,0.5
610.4333,  1.00000000,1,0,0.0,0.5
610.4667,  1.00000000,1,0,0.050000000000000003,0.5
610.5000,  1.00000000,1,0,0.025000000000000001,0.5
610.5333,  1.00000000,1,0,0.025000000000000001,0.5
610.5667,  1.00000000,1,0,0.074999999999999997,0.5
610.6000,  1.00000000,1,0,0.050000000000000003,0.5
610.6333,  1.00000000,1,0,0.0,0.5
610.6667,  1.00000000,1,0,0.025000000000000001,0.5
610.7000,  1.00000000,1,0,0.050000000000000003,0.5
610.7333,  1.00000000,1,0,0.025000000000000001,0.5
610.7667,  1.00000000,1,0,0.025000000000000001,0.5
610.8000,  1.00000000,1,0,0.050000000000000003,0.5
610.8333,  1.00000000,1,0,0.0,0.5
610.8667,  1.00000000,1,0,0.074999999999999997,0.5
610.9000,  1.00000000,1,0,0.025000000000000001,0.5
610.9333,  1.00000000,1,0,0.050000000000000003,0.5
610.9667,  1.00000000,1,0,0.0,0.5
611.0000,  1.00000000,1,0,0.050000000000000003,0.5
611.0333,  1.00000000,1,0,0.074999999999999997,0.5
611.0667,  1.00000000,1,0,0.050000000000000003,0.5
611.1000,  1.00000000,1,0,0.050000000000000003,0.5
611.1333,  1.00000000,1,0,0.050000000000000003,0.5
611.1667,  1.00000000,1,0,0.050000000000000003,0.5
611.2000,  1.00000000,1,0,0.025000000000000001,0.5
611.2333,  1.00000000,1,0,0.074999999999999997,0.5
611.2667,  1.00000000,1,0,0.074999999999999997,0.5
611.3000,  1.00000000,1,0,0.050000000000000003,0.5
611.3333,  1.00000000,1,0,0.025000000000000001,0.5
611.3667,  1.00000000,1,0,0.025000000000000001,0.5
611.4000,  1.00000000,1,0,0.050000000000000003,0.5
611.4333,  1.00000000,1,0,0.050000000000000003,0.5
611.4667,  1.00000000,1,0,0.050000000000000003,0.5
611.5000,  1.00000000,1,0,0.025000000000000001,0.5
611.5333,  1.00000000,1,0,0.0,0.5
611.5667,  1.00000000,1,0,0.025000000000000001,0.5
611.6000,  1.00000000,1,0,0.025000000000000001,0.5
611.6333,  1.00000000,1,0,0.025000000000000001,0.5
611.6667,  1.00000000,1,0,0.050000000000000003,0.5
611.7000,  1.00000000,1,0,0.050000000000000003,0.5
611.7333,  1.00000000,1,0,0.074999999999999997,0.5
611.7667,  1.00000000,1,0,0.025000000000000001,0.5
611.8000,  1.00000000,1,0,0.050000000000000003,0.5
611.8333,  1.00000000,1,0,0.050000000000000003,0.5
611.8667,  1.00000000,1,0,0.0,0.5
611.9000,  1.00000000,1,0,0.050000000000000003,0.5
611.9333,  1.00000000,1,0,0.0,0.5
611.9667,  1.00000000,1,0,0.025000000000000001,0.5
612.0000,  1.00000000,1,0,0.0,0.5
612.0333,  1.00000000,1,0,0.025000000000000001,0.5
612.0667,  1.00000000,1,0,0.050000000000000003,0.5
612.1000,  1.00000000,1,0,0.025000000000000001,0.5
612.1333,  1.00000000,1,0,0.025000000000000001,0.5
612.1667,  1.00000000,1,0,0.0,0.5
612.2000,  1.00000000,1,0,0.050000000000000003,0.5
612.2333,  1.00000000,1,0,0.025000000000000001,0.5
612.2667,  1.00000000,1,0,0.025000000000000001,0.5
612.3000,  1.00000000,1,0,0.025000000000000001,0.5
612.3333,  1.00000000,1,0,0.0,0.5
612.3667,  1.00000000,1,0,0.025000000000000001,0.5
612.4000,  1.00000000,1,0,0.050000000000000003,0.5
612.4333,  1.00000000,1,0,0.025000000000000001,0.5
612.4667,  1.00000000,1,0,0.0,0.5
612.5000,  1.00000000,1,0,0.050000000000000003,0.5
612.5333,  1.00000000,1,0,0.025000000000000001,0.5
612.5667,  1.00000000,1,0,0.050000000000000003,0.5
612.6000,  1.00000000,1,0,0.050000000000000003,0.5
612.6333,  1.00000000,1,0,0.025000000000000001,0.5
612.6667,  1.00000000,1,0,0.025000000000000001,0.5
612.7000,  1.00000000,1,0,0.050000000000000003,0.5
612.7333,  1.00000000,1,0,0.050000000000000003,0.5
612.7667,  1.00000000,1,0,0.050000000000000003,0.5
612.8000,  1.00000000,1,0,0.025000000000000001,0.5
612.8333,  1.00000000,1,0,0.025000000000000001,0.5
612.8667,  1.00000000,1,0,0.025000000000000001,0.5
612.9000,  1.00000000,1,0,0.074999999999999997,0.5
612.9333,  1.00000000,1,0,0.025000000000000001,0.5
612.9667,  1.00000000,1,0,0.050000000000000003,0.5
613.0000,  1.00000000,1,0,0.074999999999999997,0.5
613.0333,  1.00000000,1,0,0.050000000000000003,0.5
613.0667,  1.00000000,1,0,0.0,0.5
613.1000,  1.00000000,1,0,0.025000000000000001,0.5
613.1333,  1.00000000,1,0,0.050000000000000003,0.5
613.1667,  1.00000000,1,0,0.0,0.5
613.2000,  1.00000000,1,0,0.0,0.5
613.2333,  1.00000000,1,0,0.025000000000000001,0.5
613.2667,  1.00000000,1,0,0.025000000000000001,0.5
613.3000,  1.00000000,1,0,0.0,0.5
613.3333,  1.00000000,1,0,0.025000000000000001,0.5
613.3667,  1.00000000,1,0,0.074999999999999997,0.5
613.4000,  1.00000000,1,0,0.074999999999999997,0.5
613.4333,  1.00000000,1,0,0.025000000000000001,0.5
613.4667,  1.00000000,1,0,0.025000000000000001,0.5
613.5000,  1.00000000,1,0,0.0,0.5
613.5333,  1.00000000,1,0,0.025000000000000001,0.5
613.5667,  1.00000000,1,0,0.050000000000000003,0.5
613.6000,  1.00000000,1,0,0.025000000000000001,0.5
613.6333,  1.00000000,1,0,0.025000000000000001,0.5
613.6667,  1.00000000,1,0,0.050000000000000003,0.5
613.7000,  1.00000000,1,0,0.025000000000000001,0.5
613.7333,  1.00000000,1,0,0.025000000000000001,0.5
613.7667,  1.00000000,1,0,0.0,0.5
613.8000,  1.00000000,1,0,0.074999999999999997,0.5
613.8333,  1.00000000,1,0,0.050000000000000003,0.5
613.8667,  1.00000000,1,0,0.050000000000000003,0.5
613.9000,  1.00000000,1,0,0.0,0.5
613.9333,  1.00000000,1,0,0.050000000000000003,0.5
613.9667,  1.00000000,1,0,0.0,0.5
614.0000,  1.00000000,1,0,0.0,0.5
614.0333,  1.00000000,1,0,0.050000000000000003,0.5
614.0667,  1.00000000,1,0,0.025000000000000001,0.5
614.1000,  1.00000000,1,0,0.025000000000000001,0.5
614.1333,  1.00000000,1,0,0.050000000000000003,0.5
614.1667,  1.00000000,1,0,0.025000000000000001,0.5
614.2000,  1.00000000,1,0,0.0,0.5
614.2333,  1.00000000,1,0,0.0,0.5
614.2667,  1.00000000,1,0,0.025000000000000001,0.5
614.3000,  1.00000000,1,0,0.0,0.5
614.3333,  1.00000000,1,0,0.025000000000000001,0.5
614.3667,  1.00000000,1,0,0.025000000000000001,0.5
614.4000,  1.00000000,1,0,0.050000000000000003,0.5
614.4333,  1.00000000,1,0,0.025000000000000001,0.5
614.4667,  1.00000000,1,0,0.050000000000000003,0.5
614.5000,  1.00000000,1,0,0.050000000000000003,0.5
614.5333,  1.00000000,1,0,0.025000000000000001,0.5
614.5667,  1.00000000,1,0,0.025000000000000001,0.5
614.6000,  1.00000000,1,0,0.025000000000000001,0.5
614.6333,  1.00000000,1,0,0.0,0.5
614.6667,  1.00000000,1,0,0.025000000000000001,0.5
614.7000,  1.00000000,1,0,0.025000000000000001,0.5
614.7333,  1.00000000,1,0,0.025000000000000001,0.5
614.7667,  1.00000000,1,0,0.025000000000000001,0.5
614.8000,  1.00000000,1,0,0.025000000000000001,0.5
614.8333,  1.00000000,1,0,0.025000000000000001,0.5
614.8667,  1.00000000,1,0,0.074999999999999997,0.5
614.9000,  1.00000000,1,0,0.050000000000000003,0.5
614.9333,  1.00000000,1,0,0.050000000000000003,0.5
614.9667,  1.00000000,1,0,0.025000000000000001,0.5
615.0000,  1.00000000,1,0,0.050000000000000003,0.5
615.0333,  1.00000000,1,0,0.050000000000000003,0.5
615.0667,  1.00000000,1,0,0.074999999999999997,0.5
615.1000,  1.00000000,1,0,0.025000000000000001,0.5
615.1333,  1.00000000,1,0,0.025000000000000001,0.5
615.1667,  1.00000000,1,0,0.0,0.5
615.2000,  1.00000000,1,0,0.0,0.5
615.2333,  1.00000000,1,0,0.025000000000000001,0.5
615.2667,  1.00000000,1,0,0.0,0.5
615.3000,  1.00000000,1,0,0.0,0.5
615.3333,  1.00000000,1,0,0.0,0.5
615.3667,  1.00000000,1,0,0.025000000000000001,0.5
615.4000,  1.00000000,1,0,0.025000000000000001,0.5
615.4333,  1.00000000,1,0,0.025000000000000001,0.5
615.4667,  1.00000000,1,0,0.050000000000000003,0.5
615.5000,  1.00000000,1,0,0.025000000000000001,0.5
615.5333,  1.00000000,1,0,0.025000000000000001,0.5
615.5667,  1.00000000,1,0,0.0,0.5
615.6000,  1.00000000,1,0,0.025000000000000001,0.5
615.6333,  1.00000000,1,0,0.0,0.5
615.6667,  1.00000000,1,0,0.025000000000000001,0.5
615.7000,  1.00000000,1,0,0.0,0.5
615.7333,  1.00000000,1,0,0.0,0.5
615.7667,  1.00000000,1,0,0.050000000000000003,0.5
615.8000,  1.00000000,1,0,0.025000000000000001,0.5
615.8333,  1.00000000,1,0,0.050000000000000003,0.5
615.8667,  1.00000000,1,0,0.050000000000000003,0.5
615.9000,  1.00000000,1,0,0.074999999999999997,0.5
615.9333,  1.00000000,1,0,0.025000000000000001,0.5
615.9667,  1.00000000,1,0,0.050000000000000003,0.5
616.0000,  1.00000000,1,0,0.025000000000000001,0.5
616.0333,  1.00000000,1,0,0.0,0.5
616.0667,  1.00000000,1,0,0.074999999999999997,0.5
616.1000,  1.00000000,1,0,0.025000000000000001,0.5
616.1333,  1.00000000,1,0,0.0,0.5
616.1667,  1.00000000,1,0,0.050000000000000003,0.5
616.2000,  1.00000000,1,0,0.0,0.5
616.2333,  1.00000000,1,0,0.025000000000000001,0.5
616.2667,  1.00000000,1,0,0.050000000000000003,0.5
616.3000,  1.00000000,1,0,0.074999999999999997,0.5
616.3333,  1.00000000,1,0,0.050000000000000003,0.5
616.3667,  1.00000000,1,0,0.025000000000000001,0.5
616.4000,  1.00000000,1,0,0.050000000000000003,0.5
616.4333,  1.00000000,1,0,0.025000000000000001,0.5
616.4667,  1.00000000,1,0,0.050000000000000003,0.5
616.5000,  1.00000000,1,0,0.0,0.5
616.5333,  1.00000000,1,0,0.0,0.5
616.5667,  1.00000000,1,0,0.050000000000000003,0.5
616.6000,  1.00000000,1,0,0.025000000000000001,0.5
616.6333,  1.00000000,1,0,0.050000000000000003,0.5
616.6667,  1.00000000,1,0,0.074999999999999997,0.5
616.7000,  1.00000000,1,0,0.050000000000000003,0.5
616.7333,  1.00000000,1,0,0.050000000000000003,0.5
616.7667,  1.00000000,1,0,0.050000000000000003,0.5
616.8000,  1.00000000,1,0,0.0,0.5
616.8333,  1.00000000,1,0,0.050000000000000003,0.5
616.8667,  1.00000000,1,0,0.0,0.5
616.9000,  1.00000000,1,0,0.074999999999999997,0.5
616.9333,  1.00000000,1,0,0.074999999999999997,0.5
616.9667,  1.00000000,1,0,0.025000000000000001,0.5
617.0000,  1.00000000,1,0,0.050000000000000003,0.5
617.0333,  1.00000000,1,0,0.025000000000000001,0.5
617.0667,  1.00000000,1,0,0.025000000000000001,0.5
617.1000,  1.00000000,1,0,0.025000000000000001,0.5
617.1333,  1.00000000,1,0,0.0,0.5
617.1667,  1.00000000,1,0,0.025000000000000001,0.5
617.2000,  1.00000000,1,0,0.0,0.5
617.2333,  1.00000000,1,0,0.050000000000000003,0.5
617.2667,  1.00000000,1,0,0.025000000000000001,0.5
617.3000,  1.00000000,1,0,0.074999999999999997,0.5
617.3333,  1.00000000,1,0,0.025000000000000001,0.5
617.3667,  1.00000000,1,0,0.025000000000000001,0.5
617.4000,  1.00000000,1,0,0.025000000000000001,0.5
617.4333,  1.00000000,1,0,0.0,0.5
617.4667,  1.00000000,1,0,0.050000000000000003,0.5
617.5000,  1.00000000,1,0,0.025000000000000001,0.5
617.5333,  1.00000000,1,0,0.0,0.5
617.5667,  1.00000000,1,0,0.050000000000000003,0.5
617.6000,  1.00000000,1,0,0.050000000000000003,0.5
617.6333,  1.00000000,1,0,0.025000000000000001,0.5
617.6667,  1.00000000,1,0,0.050000000000000003,0.5
617.7000,  1.00000000,1,0,0.025000000000000001,0.5
617.7333,  1.00000000,1,0,0.050000000000000003,0.5
617.7667,  1.00000000,1,0,0.025000000000000001,0.5
617.8000,  1.00000000,1,0,0.025000000000000001,0.5
617.8333,  1.00000000,1,0,0.025000000000000001,0.5
617.8667,  1.00000000,1,0,0.025000000000000001,0.5
617.9000,  1.00000000,1,0,0.025000000000000001,0.5
617.9333,  1.00000000,1,0,0.050000000000000003,0.5
617.9667,  1.00000000,1,0,0.025000000000000001,0.5
618.0000,  1.00000000,1,0,0.050000000000000003,0.5
618.0333,  1.00000000,1,0,0.074999999999999997,0.5
618.0667,  1.00000000,1,0,0.025000000000000001,0.5
618.1000,  1.00000000,1,0,0.025000000000000001,0.5
618.1333,  1.00000000,1,0,0.025000000000000001,0.5
618.1667,  1.00000000,1,0,0.050000000000000003,0.5
618.2000,  1.00000000,1,0,0.050000000000000003,0.5
618.2333,  1.00000000,1,0,0.0,0.5
618.2667,  1.00000000,1,0,0.074999999999999997,0.5
618.3000,  1.00000000,1,0,0.0,0.5
618.3333,  1.00000000,1,0,0.025000000000000001,0.5
618.3667,  1.00000000,1,0,0.0,0.5
618.4000,  1.00000000,1,0,0.0,0.5
618.4333,  1.00000000,1,0,0.025000000000000001,0.5
618.4667,  1.00000000,1,0,0.0,0.5
618.5000,  1.00000000,1,0,0.025000000000000001,0.5
618.5333,  1.00000000,1,0,0.025000000000000001,0.5
618.5667,  1.00000000,1,0,0.025000000000000001,0.5
618.6000,  1.00000000,1,0,0.025000000000000001,0.5
618.6333,  1.00000000,1,0,0.050000000000000003,0.5
618.6667,  1.00000000,1,0,0.050000000000000003,0.5
618.7000,  1.00000000,1,0,0.025000000000000001,0.5
618.7333,  1.00000000,1,0,0.050000000000000003,0.5
618.7667,  1.00000000,1,0,0.025000000000000001,0.5
618.8000,  1.00000000,1,0,0.050000000000000003,0.5
618.8333,  1.00000000,1,0,0.025000000000000001,0.5
618.8667,  1.00000000,1,0,0.025000000000000001,0.5
618.9000,  1.00000000,1,0,0.025000000000000001,0.5
618.9333,  1.00000000,1,0,0.074999999999999997,0.5
618.9667,  1.00000000,1,0,0.050000000000000003,0.5
619.0000,  1.00000000,1,0,0.025000000000000001,0.5
619.0333,  1.00000000,1,0,0.025000000000000001,0.5
619.0667,  1.00000000,1,0,0.025000000000000001,0.5
619.1000,  1.00000000,1,0,0.050000000000000003,0.5
619.1333,  1.00000000,1,0,0.0,0.5
619.1667,  1.00000000,1,0,0.050000000000000003,0.5
619.2000,  1.00000000,1,0,0.050000000000000003,0.5
619.2333,  1.00000000,1,0,0.025000000000000001,0.5
619.2667,  1.00000000,1,0,0.025000000000000001,0.5
619.3000,  1.00000000,1,0,0.0,0.5
619.3333,  1.00000000,1,0,0.050000000000000003,0.5
619.3667,  1.00000000,1,0,0.025000000000000001,0.5
619.4000,  1.00000000,1,0,0.0,0.5
619.4333,  1.00000000,1,0,0.025000000000000001,0.5
619.4667,  1.00000000,1,0,0.025000000000000001,0.5
619.5000,  1.00000000,1,0,0.025000000000000001,0.5
619.5333,  1.00000000,1,0,0.025000000000000001,0.5
619.5667,  1.00000000,1,0,0.0,0.5
619.6000,  1.00000000,1,0,0.050000000000000003,0.5
619.6333,  1.00000000,1,0,0.025000000000000001,0.5
619.6667,  1.00000000,1,0,0.025000000000000001,0.5
619.7000,  1.00000000,1,0,0.0,0.5
619.7333,  1.00000000,1,0,0.0,0.5
619.7667,  1.00000000,1,0,0.0,0.5
619.8000,  1.00000000,1,0,0.0,0.5
619.8333,  1.00000000,1,0,0.025000000000000001,0.5
619.8667,  1.00000000,1,0,0.0,0.5
619.9000,  1.00000000,1,0,0.050000000000000003,0.5
619.9333,  1.00000000,1,0,0.0,0.5
619.9667,  1.00000000,1,0,0.025000000000000001,0.5
620.0000,  1.00000000,1,0,0.050000000000000003,0.5
620.0333,  1.00000000,1,0,0.025000000000000001,0.5
620.0667,  1.00000000,1,0,0.050000000000000003,0.5
620.1000,  1.00000000,1,0,0.050000000000000003,0.5
620.1333,  1.00000000,1,0,0.050000000000000003,0.5
620.1667,  1.00000000,1,0,0.025000000000000001,0.5
620.2000,  1.00000000,1,0,0.050000000000000003,0.5
620.2333,  1.00000000,1,0,0.0,0.5
620.2667,  1.00000000,1,0,0.025000000000000001,0.5
620.3000,  1.00000000,1,0,0.0,0.5
620.3333,  1.00000000,1,0,0.0,0.5
620.3667,  1.00000000,1,0,0.0,0.5
620.4000,  1.00000000,1,0,0.025000000000000001,0.5
620.4333,  1.00000000,1,0,0.0,0.5
620.4667,  1.00000000,1,0,0.0,0.5
620.5000,  1.00000000,1,0,0.074999999999999997,0.5
620.5333,  1.00000000,1,0,0.074999999999999997,0.5
620.5667,  1.00000000,1,0,0.0,0.5
620.6000,  1.00000000,1,0,0.050000000000000003,0.5
620.6333,  1.00000000,1,0,0.050000000000000003,0.5
620.6667,  1.00000000,1,0,0.025000000000000001,0.5
620.7000,  1.00000000,1,0,0.050000000000000003,0.5
620.7333,  1.00000000,1,0,0.025000000000000001,0.5
620.7667,  1.00000000,1,0,0.050000000000000003,0.5
620.8000,  1.00000000,1,0,0.025000000000000001,0.5
620.8333,  1.00000000,1,0,0.0,0.5
620.8667,  1.00000000,1,0,0.025000000000000001,0.5
620.9000,  1.00000000,1,0,0.025000000000000001,0.5
620.9333,  1.00000000,1,0,0.025000000000000001,0.5
620.9667,  1.00000000,1,0,0.025000000000000001,0.5
621.0000,  1.00000000,1,0,0.025000000000000001,0.5
621.0333,  1.00000000,1,0,0.0,0.5
621.0667,  1.00000000,1,0,0.050000000000000003,0.5
621.1000,  1.00000000,1,0,0.050000000000000003,0.5
621.1333,  1.00000000,1,0,0.0,0.5
621.1667,  1.00000000,1,0,0.025000000000000001,0.5
621.2000,  1.00000000,1,0,0.025000000000000001,0.5
621.2333,  1.00000000,1,0,0.025000000000000001,0.5
621.2667,  1.00000000,1,0,0.025000000000000001,0.5
621.3000,  1.00000000,1,0,0.0,0.5
621.3333,  1.00000000,1,0,0.0,0.5
621.3667,  1.00000000,1,0,0.025000000000000001,0.5
621.4000,  1.00000000,1,0,0.050000000000000003,0.5
621.4333,  1.00000000,1,0,0.050000000000000003,0.5
621.4667,  1.00000000,1,0,0.0,0.5
621.5000,  1.00000000,1,0,0.025000000000000001,0.5
621.5333,  1.00000000,1,0,0.025000000000000001,0.5
621.5667,  1.00000000,1,0,0.074999999999999997,0.5
621.6000,  1.00000000,1,0,0.025000000000000001,0.5
621.6333,  1.00000000,1,0,0.025000000000000001,0.5
621.6667,  1.00000000,1,0,0.0,0.5
621.7000,  1.00000000,1,0,0.050000000000000003,0.5
621.7333,  1.00000000,1,0,0.050000000000000003,0.5
621.7667,  1.00000000,1,0,0.0,0.5
621.8000,  1.00000000,1,0,0.0,0.5
621.8333,  1.00000000,1,0,0.050000000000000003,0.5
621.8667,  1.00000000,1,0,0.025000000000000001,0.5
621.9000,  1.00000000,1,0,0.050000000000000003,0.5
621.9333,  1.00000000,1,0,0.025000000000000001,0.5
621.9667,  1.00000000,1,0,0.025000000000000001,0.5
622.0000,  1.00000000,1,0,0.0,0.5
622.0333,  1.00000000,1,0,0.0,0.5
622.0667,  1.00000000,1,0,0.025000000000000001,0.5
622.1000,  1.00000000,1,0,0.050000000000000003,0.5
622.1333,  1.00000000,1,0,0.0,0.5
622.1667,  1.00000000,1,0,0.0,0.5
622.2000,  1.00000000,1,0,0.050000000000000003,0.5
622.2333,  1.00000000,1,0,0.0,0.5
622.2667,  1.00000000,1,0,0.025000000000000001,0.5
622.3000,  1.00000000,1,0,0.025000000000000001,0.5
622.3333,  1.00000000,1,0,0.050000000000000003,0.5
622.3667,  1.00000000,1,0,0.025000000000000001,0.5
622.4000,  1.00000000,1,0,0.025000000000000001,0.5
622.4333,  1.00000000,1,0,0.050000000000000003,0.5
622.4667,  1.00000000,1,0,0.050000000000000003,0.5
622.5000,  1.00000000,1,0,0.050000000000000003,0.5
622.5333,  1.00000000,1,0,0.050000000000000003,0.5
622.5667,  1.00000000,1,0,0.0,0.5
622.6000,  1.00000000,1,0,0.050000000000000003,0.5
622.6333,  1.00000000,1,0,0.025000000000000001,0.5
622.6667,  1.00000000,1,0,0.025000000000000001,0.5
622.7000,  1.00000000,1,0,0.050000000000000003,0.5
622.7333,  1.00000000,1,0,0.025000000000000001,0.5
622.7667,  1.00000000,1,0,0.025000000000000001,0.5
622.8000,  1.00000000,1,0,0.050000000000000003,0.5
622.8333,  1.00000000,1,0,0.0,0.5
622.8667,  1.00000000,1,0,0.050000000000000003,0.5
622.9000,  1.00000000,1,0,0.0,0.5
622.9333,  1.00000000,1,0,0.025000000000000001,0.5
622.9667,  1.00000000,1,0,0.050000000000000003,0.5
623.0000,  1.00000000,1,0,0.050000000000000003,0.5
623.0333,  1.00000000,1,0,0.025000000000000001,0.5
623.0667,  1.00000000,1,0,0.025000000000000001,0.5
623.1000,  1.00000000,1,0,0.050000000000000003,0.5
623.1333,  1.00000000,1,0,0.050000000000000003,0.5
623.1667,  1.00000000,1,0,0.050000000000000003,0.5
623.2000,  1.00000000,1,0,0.074999999999999997,0.5
623.2333,  1.00000000,1,0,0.074999999999999997,0.5
623.2667,  1.00000000,1,0,0.074999999999999997,0.5
623.3000,  1.00000000,1,0,0.050000000000000003,0.5
623.3333,  1.00000000,1,0,0.025000000000000001,0.5
623.3667,  1.00000000,1,0,0.050000000000000003,0.5
623.4000,  1.00000000,1,0,0.025000000000000001,0.5
623.4333,  1.00000000,1,0,0.0,0.5
623.4667,  1.00000000,1,0,0.050000000000000003,0.5
623.5000,  1.00000000,1,0,0.025000000000000001,0.5
623.5333,  1.00000000,1,0,0.025000000000000001,0.5
623.5667,  1.00000000,1,0,0.050000000000000003,0.5
623.6000,  1.00000000,1,0,0.025000000000000001,0.5
623.6333,  1.00000000,1,0,0.074999999999999997,0.5
623.6667,  1.00000000,1,0,0.050000000000000003,0.5
623.7000,  1.00000000,1,0,0.025000000000000001,0.5
623.7333,  1.00000000,1,0,0.025000000000000001,0.5
623.7667,  1.00000000,1,0,0.074999999999999997,0.5
623.8000,  1.00000000,1,0,0.074999999999999997,0.5
623.8333,  1.00000000,1,0,0.050000000000000003,0.5
623.8667,  1.00000000,1,0,0.074999999999999997,0.5
623.9000,  1.00000000,1,0,0.0,0.5
623.9333,  1.00000000,1,0,0.050000000000000003,0.5
623.9667,  1.00000000,1,0,0.050000000000000003,0.5
624.0000,  1.00000000,1,0,0.050000000000000003,0.5
624.0333,  1.00000000,1,0,0.0,0.5
624.0667,  1.00000000,1,0,0.025000000000000001,0.5
624.1000,  1.00000000,1,0,0.0,0.5
624.1333,  1.00000000,1,0,0.0,0.5
624.1667,  1.00000000,1,0,0.025000000000000001,0.5
624.2000,  1.00000000,1,0,0.025000000000000001,0.5
624.2333,  1.00000000,1,0,0.0,0.5
624.2667,  1.00000000,1,0,0.025000000000000001,0.5
624.3000,  1.00000000,1,0,0.050000000000000003,0.5
624.3333,  1.00000000,1,0,0.074999999999999997,0.5
624.3667,  1.00000000,1,0,0.025000000000000001,0.5
624.4000,  1.00000000,1,0,0.025000000000000001,0.5
624.4333,  1.00000000,1,0,0.050000000000000003,0.5
624.4667,  1.00000000,1,0,0.050000000000000003,0.5
624.5000,  1.00000000,1,0,0.050000000000000003,0.5
624.5333,  1.00000000,1,0,0.050000000000000003,0.5
624.5667,  1.00000000,1,0,0.025000000000000001,0.5
624.6000,  1.00000000,1,0,0.025000000000000001,0.5
624.6333,  1.00000000,1,0,0.050000000000000003,0.5
624.6667,  1.00000000,1,0,0.025000000000000001,0.5
624.7000,  1.00000000,1,0,0.050000000000000003,0.5
624.7333,  1.00000000,1,0,0.050000000000000003,0.5
624.7667,  1.00000000,1,0,0.0,0.5
624.8000,  1.00000000,1,0,0.050000000000000003,0.5
624.8333,  1.00000000,1,0,0.050000000000000003,0.5
624.8667,  1.00000000,1,0,0.074999999999999997,0.5
624.9000,  1.00000000,1,0,0.074999999999999997,0.5
624.9333,  1.00000000,1,0,0.025000000000000001,0.5
624.9667,  1.00000000,1,0,0.074999999999999997,0.5
625.0000,  1.00000000,1,0,0.025000000000000001,0.5
625.0333,  1.00000000,1,0,0.0,0.5
625.0667,  1.00000000,1,0,0.025000000000000001,0.5
625.1000,  1.00000000,1,0,0.025000000000000001,0.5
625.1333,  1.00000000,1,0,0.025000000000000001,0.5
625.1667,  1.00000000,1,0,0.050000000000000003,0.5
625.2000,  1.00000000,1,0,0.050000000000000003,0.5
625.2333,  1.00000000,1,0,0.025000000000000001,0.5
625.2667,  1.00000000,1,0,0.050000000000000003,0.5
625.3000,  1.00000000,1,0,0.050000000000000003,0.5
625.3333,  1.00000000,1,0,0.050000000000000003,0.5
625.3667,  1.00000000,1,0,0.0,0.5
625.4000,  1.00000000,1,0,0.025000000000000001,0.5
625.4333,  1.00000000,1,0,0.025000000000000001,0.5
625.4667,  1.00000000,1,0,0.050000000000000003,0.5
625.5000,  1.00000000,1,0,0.074999999999999997,0.5
625.5333,  1.00000000,1,0,0.0,0.5
625.5667,  1.00000000,1,0,0.025000000000000001,0.5
625.6000,  1.00000000,1,0,0.050000000000000003,0.5
625.6333,  1.00000000,1,0,0.0,0.5
625.6667,  1.00000000,1,0,0.0,0.5
625.7000,  1.00000000,1,0,0.050000000000000003,0.5
625.7333,  1.00000000,1,0,0.025000000000000001,0.5
625.7667,  1.00000000,1,0,0.074999999999999997,0.5
625.8000,  1.00000000,1,0,0.025000000000000001,0.5
625.8333,  1.00000000,1,0,0.050000000000000003,0.5
625.8667,  1.00000000,1,0,0.0,0.5
625.9000,  1.00000000,1,0,0.0,0.5
625.9333,  1.00000000,1,0,0.025000000000000001,0.5
625.9667,  1.00000000,1,0,0.0,0.5
626.0000,  1.00000000,1,0,0.0,0.5
626.0333,  1.00000000,1,0,0.0,0.5
626.0667,  1.00000000,1,0,0.0,0.5
626.1000,  1.00000000,1,0,0.025000000000000001,0.5
626.1333,  1.00000000,1,0,0.0,0.5
626.1667,  1.00000000,1,0,0.050000000000000003,0.5
626.2000,  1.00000000,1,0,0.025000000000000001,0.5
626.2333,  1.00000000,1,0,0.025000000000000001,0.5
626.2667,  1.00000000,1,0,0.025000000000000001,0.5
626.3000,  1.00000000,1,0,0.025000000000000001,0.5
626.3333,  1.00000000,1,0,0.025000000000000001,0.5
626.3667,  1.00000000,1,0,0.025000000000000001,0.5
626.4000,  1.00000000,1,0,0.0,0.5
626.4333,  1.00000000,1,0,0.025000000000000001,0.5
626.4667,  1.00000000,1,0,0.025000000000000001,0.5
626.5000,  1.00000000,1,0,0.0,0.5
626.5333,  1.00000000,1,0,0.0,0.5
626.5667,  1.00000000,1,0,0.050000000000000003,0.5
626.6000,  1.00000000,1,0,0.0,0.5
626.6333,  1.00000000,1,0,0.050000000000000003,0.5
626.6667,  1.00000000,1,0,0.050000000000000003,0.5
626.7000,  1.00000000,1,0,0.0,0.5
626.7333,  1.00000000,1,0,0.074999999999999997,0.5
626.7667,  1.00000000,1,0,0.050000000000000003,0.5
626.8000,  1.00000000,1,0,0.025000000000000001,0.5
626.8333,  1.00000000,1,0,0.025000000000000001,0.5
626.8667,  1.00000000,1,0,0.025000000000000001,0.5
626.9000,  1.00000000,1,0,0.025000000000000001,0.5
626.9333,  1.00000000,1,0,0.074999999999999997,0.5
626.9667,  1.00000000,1,0,0.050000000000000003,0.5
627.0000,  1.00000000,1,0,0.074999999999999997,0.5
627.0333,  1.00000000,1,0,0.050000000000000003,0.5
627.0667,  1.00000000,1,0,0.025000000000000001,0.5
627.1000,  1.00000000,1,0,0.050000000000000003,0.5
627.1333,  1.00000000,1,0,0.025000000000000001,0.5
627.1667,  1.00000000,1,0,0.074999999999999997,0.5
627.2000,  1.00000000,1,0,0.025000000000000001,0.5
627.2333,  1.00000000,1,0,0.074999999999999997,0.5
627.2667,  1.00000000,1,0,0.025000000000000001,0.5
627.3000,  1.00000000,1,0,0.050000000000000003,0.5
627.3333,  1.00000000,1,0,0.0,0.5
627.3667,  1.00000000,1,0,0.050000000000000003,0.5
627.4000,  1.00000000,1,0,0.025000000000000001,0.5
627.4333,  1.00000000,1,0,0.025000000000000001,0.5
627.4667,  1.00000000,1,0,0.025000000000000001,0.5
627.5000,  1.00000000,1,0,0.050000000000000003,0.5
627.5333,  1.00000000,1,0,0.050000000000000003,0.5
627.5667,  1.00000000,1,0,0.0,0.5
627.6000,  1.00000000,1,0,0.025000000000000001,0.5
627.6333,  1.00000000,1,0,0.050000000000000003,0.5
627.6667,  1.00000000,1,0,0.050000000000000003,0.5
627.7000,  1.00000000,1,0,0.074999999999999997,0.5
627.7333,  1.00000000,1,0,0.050000000000000003,0.5
627.7667,  1.00000000,1,0,0.050000000000000003,0.5
627.8000,  1.00000000,1,0,0.025000000000000001,0.5
627.8333,  1.00000000,1,0,0.074999999999999997,0.5
627.8667,  1.00000000,1,0,0.025000000000000001,0.5
627.9000,  1.00000000,1,0,0.025000000000000001,0.5
627.9333,  1.00000000,1,0,0.025000000000000001,0.5
627.9667,  1.00000000,1,0,0.025000000000000001,0.5
628.0000,  1.00000000,1,0,0.050000000000000003,0.5
628.0333,  1.00000000,1,0,0.050000000000000003,0.5
628.0667,  1.00000000,1,0,0.0,0.5
628.1000,  1.00000000,1,0,0.0,0.5
628.1333,  1.00000000,1,0,0.0,0.5
628.1667,  1.00000000,1,0,0.050000000000000003,0.5
628.2000,  1.00000000,1,0,0.050000000000000003,0.5
628.2333,  1.00000000,1,0,0.025000000000000001,0.5
628.2667,  1.00000000,1,0,0.0,0.5
628.3000,  1.00000000,1,0,0.025000000000000001,0.5
628.3333,  1.00000000,1,0,0.050000000000000003,0.5
628.3667,  1.00000000,1,0,0.050000000000000003,0.5
628.4000,  1.00000000,1,0,0.050000000000000003,0.5
628.4333,  1.00000000,1,0,0.0,0.5
628.4667,  1.00000000,1,0,0.025000000000000001,0.5
628.5000,  1.00000000,1,0,0.050000000000000003,0.5
628.5333,  1.00000000,1,0,0.050000000000000003,0.5
628.5667,  1.00000000,1,0,0.0,0.5
628.6000,  1.00000000,1,0,0.0,0.5
628.6333,  1.00000000,1,0,0.050000000000000003,0.5
628.6667,  1.00000000,1,0,0.025000000000000001,0.5
628.7000,  1.00000000,1,0,0.050000000000000003,0.5
628.7333,  1.00000000,1,0,0.050000000000000003,0.5
628.7667,  1.00000000,1,0,0.050000000000000003,0.5
628.8000,  1.00000000,1,0,0.025000000000000001,0.5
628.8333,  1.00000000,1,0,0.025000000000000001,0.5
628.8667,  1.00000000,1,0,0.050000000000000003,0.5
628.9000,  1.00000000,1,0,0.050000000000000003,0.5
628.9333,  1.00000000,1,0,0.050000000000000003,0.5
628.9667,  1.00000000,1,0,0.050000000000000003,0.5
629.0000,  1.00000000,1,0,0.025000000000000001,0.5
629.0333,  1.00000000,1,0,0.050000000000000003,0.5
629.0667,  1.00000000,1,0,0.050000000000000003,0.5
629.1000,  1.00000000,1,0,0.025000000000000001,0.5
629.1333,  1.00000000,1,0,0.025000000000000001,0.5
629.1667,  1.00000000,1,0,0.0,0.5
629.2000,  1.00000000,1,0,0.050000000000000003,0.5
629.2333,  1.00000000,1,0,0.050000000000000003,0.5
629.2667,  1.00000000,1,0,0.050000000000000003,0.5
629.3000,  1.00000000,1,0,0.025000000000000001,0.5
629.3333,  1.00000000,1,0,0.0,0.5
629.3667,  1.00000000,1,0,0.025000000000000001,0.5
629.4000,  1.00000000,1,0,0.0,0.5
629.4333,  1.00000000,1,0,0.050000000000000003,0.5
629.4667,  1.00000000,1,0,0.0,0.5
629.5000,  1.00000000,1,0,0.050000000000000003,0.5
629.5333,  1.00000000,1,0,0.025000000000000001,0.5
629.5667,  1.00000000,1,0,0.050000000000000003,0.5
629.6000,  1.00000000,1,0,0.0,0.5
629.6333,  1.00000000,1,0,0.0,0.5
629.6667,  1.00000000,1,0,0.025000000000000001,0.5
629.7000,  1.00000000,1,0,0.0,0.5
629.7333,  1.00000000,1,0,0.050000000000000003,0.5
629.7667,  1.00000000,1,0,0.074999999999999997,0.5
629.8000,  1.00000000,1,0,0.050000000000000003,0.5
629.8333,  1.00000000,1,0,0.050000000000000003,0.5
629.8667,  1.00000000,1,0,0.0,0.5
629.9000,  1.00000000,1,0,0.025000000000000001,0.5
629.9333,  1.00000000,1,0,0.0,0.5
629.9667,  1.00000000,1,0,0.025000000000000001,0.5
630.0000,  1.00000000,1,0,0.025000000000000001,0.5
630.0333,  1.00000000,1,0,0.025000000000000001,0.5
630.0667,  1.00000000,1,0,0.025000000000000001,0.5
630.1000,  1.00000000,1,0,0.0,0.5
630.1333,  1.00000000,1,0,0.0,0.5
630.1667,  1.00000000,1,0,0.025000000000000001,0.5
630.2000,  1.00000000,1,0,0.025000000000000001,0.5
630.2333,  1.00000000,1,0,0.0,0.5
630.2667,  1.00000000,1,0,0.0,0.5
630.3000,  1.00000000,1,0,0.050000000000000003,0.5
630.3333,  1.00000000,1,0,0.025000000000000001,0.5
630.3667,  1.00000000,1,0,0.050000000000000003,0.5
630.4000,  1.00000000,1,0,0.050000000000000003,0.5
630.4333,  1.00000000,1,0,0.025000000000000001,0.5
630.4667,  1.00000000,1,0,0.025000000000000001,0.5
630.5000,  1.00000000,1,0,0.074999999999999997,0.5
630.5333,  1.00000000,1,0,0.074999999999999997,0.5
630.5667,  1.00000000,1,0,0.074999999999999997,0.5
630.6000,  1.00000000,1,0,0.074999999999999997,0.5
630.6333,  1.00000000,1,0,0.074999999999999997,0.5
630.6667,  1.00000000,1,0,0.050000000000000003,0.5
630.7000,  1.00000000,1,0,0.025000000000000001,0.5
630.7333,  1.00000000,1,0,0.025000000000000001,0.5
630.7667,  1.00000000,1,0,0.050000000000000003,0.5
630.8000,  1.00000000,1,0,0.0,0.5
630.8333,  1.00000000,1,0,0.025000000000000001,0.5
630.8667,  1.00000000,1,0,0.025000000000000001,0.5
630.9000,  1.00000000,1,0,0.050000000000000003,0.5
630.9333,  1.00000000,1,0,0.0,0.5
630.9667,  1.00000000,1,0,0.050000000000000003,0.5
631.0000,  1.00000000,1,0,0.074999999999999997,0.5
631.0333,  1.00000000,1,0,0.050000000000000003,0.5
631.0667,  1.00000000,1,0,0.050000000000000003,0.5
631.1000,  1.00000000,1,0,0.050000000000000003,0.5
631.1333,  1.00000000,1,0,0.025000000000000001,0.5
631.1667,  1.00000000,1,0,0.050000000000000003,0.5
631.2000,  1.00000000,1,0,0.025000000000000001,0.5
631.2333,  1.00000000,1,0,0.050000000000000003,0.5
631.2667,  1.00000000,1,0,0.025000000000000001,0.5
631.3000,  1.00000000,1,0,0.050000000000000003,0.5
631.3333,  1.00000000,1,0,0.050000000000000003,0.5
631.3667,  1.00000000,1,0,0.025000000000000001,0.5
631.4000,  1.00000000,1,0,0.025000000000000001,0.5
631.4333,  1.00000000,1,0,0.025000000000000001,0.5
631.4667,  1.00000000,1,0,0.050000000000000003,0.5
631.5000,  1.00000000,1,0,0.025000000000000001,0.5
631.5333,  1.00000000,1,0,0.050000000000000003,0.5
631.5667,  1.00000000,1,0,0.050000000000000003,0.5
631.6000,  1.00000000,1,0,0.050000000000000003,0.5
631.6333,  1.00000000,1,0,0.050000000000000003,0.5
631.6667,  1.00000000,1,0,0.050000000000000003,0.5
631.7000,  1.00000000,1,0,0.025000000000000001,0.5
631.7333,  1.00000000,1,0,0.050000000000000003,0.5
631.7667,  1.00000000,1,0,0.074999999999999997,0.5
631.8000,  1.00000000,1,0,0.025000000000000001,0.5
631.8333,  1.00000000,1,0,0.025000000000000001,0.5
631.8667,  1.00000000,1,0,0.074999999999999997,0.5
631.9000,  1.00000000,1,0,0.050000000000000003,0.5
631.9333,  1.00000000,1,0,0.074999999999999997,0.5
631.9667,  1.00000000,1,0,0.050000000000000003,0.5
632.0000,  1.00000000,1,0,0.025000000000000001,0.5
632.0333,  1.00000000,1,0,0.050000000000000003,0.5
632.0667,  1.00000000,1,0,0.050000000000000003,0.5
632.1000,  1.00000000,1,0,0.050000000000000003,0.5
632.1333,  1.00000000,1,0,0.025000000000000001,0.5
632.1667,  1.00000000,1,0,0.0,0.5
632.2000,  1.00000000,1,0,0.050000000000000003,0.5
632.2333,  1.00000000,1,0,0.050000000000000003,0.5
632.2667,  1.00000000,1,0,0.050000000000000003,0.5
632.3000,  1.00000000,1,0,0.025000000000000001,0.5
632.3333,  1.00000000,1,0,0.025000000000000001,0.5
632.3667,  1.00000000,1,0,0.025000000000000001,0.5
632.4000,  1.00000000,1,0,0.025000000000000001,0.5
632.4333,  1.00000000,1,0,0.050000000000000003,0.5
632.4667,  1.00000000,1,0,0.050000000000000003,0.5
632.5000,  1.00000000,1,0,0.025000000000000001,0.5
632.5333,  1.00000000,1,0,0.025000000000000001,0.5
632.5667,  1.00000000,1,0,0.050000000000000003,0.5
632.6000,  1.00000000,1,0,0.050000000000000003,0.5
632.6333,  1.00000000,1,0,0.0,0.5
632.6667,  1.00000000,1,0,0.025000000000000001,0.5
632.7000,  1.00000000,1,0,0.0,0.5
632.7333,  1.00000000,1,0,0.0,0.5
632.7667,  1.00000000,1,0,0.0,0.5
632.8000,  1.00000000,1,0,0.025000000000000001,0.5
632.8333,  1.00000000,1,0,0.0,0.5
632.8667,  1.00000000,1,0,0.0,0.5
632.9000,  1.00000000,1,0,0.0,0.5
632.9333,  1.00000000,1,0,0.0,0.5
632.9667,  1.00000000,1,0,0.0,0.5
633.0000,  1.00000000,1,0,0.0,0.5
633.0333,  1.00000000,1,0,0.050000000000000003,0.5
633.0667,  1.00000000,1,0,0.0,0.5
633.1000,  1.00000000,1,0,0.050000000000000003,0.5
633.1333,  1.00000000,1,0,0.0,0.5
633.1667,  1.00000000,1,0,0.074999999999999997,0.5
633.2000,  1.00000000,1,0,0.0,0.5
633.2333,  1.00000000,1,0,0.025000000000000001,0.5
633.2667,  1.00000000,1,0,0.050000000000000003,0.5
633.3000,  1.00000000,1,0,0.050000000000000003,0.5
633.3333,  1.00000000,1,0,0.025000000000000001,0.5
633.3667,  1.00000000,1,0,0.025000000000000001,0.5
633.4000,  1.00000000,1,0,0.025000000000000001,0.5
633.4333,  1.00000000,1,0,0.025000000000000001,0.5
633.4667,  1.00000000,1,0,0.050000000000000003,0.5
633.5000,  1.00000000,1,0,0.025000000000000001,0.5
633.5333,  1.00000000,1,0,0.025000000000000001,0.5
633.5667,  1.00000000,1,0,0.0,0.5
633.6000,  1.00000000,1,0,0.0,0.5
633.6333,  1.00000000,1,0,0.025000000000000001,0.5
633.6667,  1.00000000,1,0,0.025000000000000001,0.5
633.7000,  1.00000000,1,0,0.0,0.5
633.7333,  1.00000000,1,0,0.050000000000000003,0.5
633.7667,  1.00000000,1,0,0.025000000000000001,0.5
633.8000,  1.00000000,1,0,0.074999999999999997,0.5
633.8333,  1.00000000,1,0,0.050000000000000003,0.5
633.8667,  1.00000000,1,0,0.050000000000000003,0.5
633.9000,  1.00000000,1,0,0.050000000000000003,0.5
633.9333,  1.00000000,1,0,0.050000000000000003,0.5
633.9667,  1.00000000,1,0,0.0,0.5
634.0000,  1.00000000,1,0,0.025000000000000001,0.5
634.0333,  1.00000000,1,0,0.025000000000000001,0.5
634.0667,  1.00000000,1,0,0.025000000000000001,0.5
634.1000,  1.00000000,1,0,0.025000000000000001,0.5
634.1333,  1.00000000,1,0,0.025000000000000001,0.5
634.1667,  1.00000000,1,0,0.050000000000000003,0.5
634.2000,  1.00000000,1,0,0.025000000000000001,0.5
634.2333,  1.00000000,1,0,0.050000000000000003,0.5
634.2667,  1.00000000,1,0,0.074999999999999997,0.5
634.3000,  1.00000000,1,0,0.025000000000000001,0.5
634.3333,  1.00000000,1,0,0.050000000000000003,0.5
634.3667,  1.00000000,1,0,0.025000000000000001,0.5
634.4000,  1.00000000,1,0,0.025000000000000001,0.5
634.4333,  1.00000000,1,0,0.0,0.5
634.4667,  1.00000000,1,0,0.050000000000000003,0.5
634.5000,  1.00000000,1,0,0.050000000000000003,0.5
634.5333,  1.00000000,1,0,0.050000000000000003,0.5
634.5667,  1.00000000,1,0,0.050000000000000003,0.5
634.6000,  1.00000000,1,0,0.0,0.5
634.6333,  1.00000000,1,0,0.0,0.5
634.6667,  1.00000000,1,0,0.074999999999999997,0.5
634.7000,  1.00000000,1,0,0.025000000000000001,0.5
634.7333,  1.00000000,1,0,0.025000000000000001,0.5
634.7667,  1.00000000,1,0,0.050000000000000003,0.5
634.8000,  1.00000000,1,0,0.0,0.5
634.8333,  1.00000000,1,0,0.025000000000000001,0.5
634.8667,  1.00000000,1,0,0.025000000000000001,0.5
634.9000,  1.00000000,1,0,0.025000000000000001,0.5
634.9333,  1.00000000,1,0,0.050000000000000003,0.5
634.9667,  1.00000000,1,0,0.0,0.5
635.0000,  1.00000000,1,0,0.0,0.5
635.0333,  1.00000000,1,0,0.0,0.5
635.0667,  1.00000000,1,0,0.050000000000000003,0.5
635.1000,  1.00000000,1,0,0.0,0.5
635.1333,  1.00000000,1,0,0.050000000000000003,0.5
635.1667,  1.00000000,1,0,0.025000000000000001,0.5
635.2000,  1.00000000,1,0,0.025000000000000001,0.5
635.2333,  1.00000000,1,0,0.025000000000000001,0.5
635.2667,  1.00000000,1,0,0.025000000000000001,0.5
635.3000,  1.00000000,1,0,0.0,0.5
635.3333,  1.00000000,1,0,0.050000000000000003,0.5
635.3667,  1.00000000,1,0,0.050000000000000003,0.5
635.4000,  1.00000000,1,0,0.025000000000000001,0.5
635.4333,  1.00000000,1,0,0.025000000000000001,0.5
635.4667,  1.00000000,1,0,0.025000000000000001,0.5
635.5000,  1.00000000,1,0,0.050000000000000003,0.5
635.5333,  1.00000000,1,0,0.050000000000000003,0.5
635.5667,  1.00000000,1,0,0.025000000000000001,0.5
635.6000,  1.00000000,1,0,0.0,0.5
635.6333,  1.00000000,1,0,0.025000000000000001,0.5
635.6667,  1.00000000,1,0,0.0,0.5
635.7000,  1.00000000,1,0,0.025000000000000001,0.5
635.7333,  1.00000000,1,0,0.0,0.5
635.7667,  1.00000000,1,0,0.050000000000000003,0.5
635.8000,  1.00000000,1,0,0.0,0.5
635.8333,  1.00000000,1,0,0.025000000000000001,0.5
635.8667,  1.00000000,1,0,0.0,0.5
635.9000,  1.00000000,1,0,0.0,0.5
635.9333,  1.00000000,1,0,0.050000000000000003,0.5
635.9667,  1.00000000,1,0,0.025000000000000001,0.5
636.0000,  1.00000000,1,0,0.0,0.5
636.0333,  1.00000000,1,0,0.0,0.5
636.0667,  1.00000000,1,0,0.050000000000000003,0.5
636.1000,  1.00000000,1,0,0.0,0.5
636.1333,  1.00000000,1,0,0.025000000000000001,0.5
636.1667,  1.00000000,1,0,0.0,0.5
636.2000,  1.00000000,1,0,0.025000000000000001,0.5
636.2333,  1.00000000,1,0,0.050000000000000003,0.5
636.2667,  1.00000000,1,0,0.025000000000000001,0.5
636.3000,  1.00000000,1,0,0.0,0.5
636.3333,  1.00000000,1,0,0.025000000000000001,0.5
636.3667,  1.00000000,1,0,0.050000000000000003,0.5
636.4000,  1.00000000,1,0,0.050000000000000003,0.5
636.4333,  1.00000000,1,0,0.050000000000000003,0.5
636.4667,  1.00000000,1,0,0.074999999999999997,0.5
636.5000,  1.00000000,1,0,0.0,0.5
636.5333,  1.00000000,1,0,0.025000000000000001,0.5
636.5667,  1.00000000,1,0,0.025000000000000001,0.5
636.6000,  1.00000000,1,0,0.050000000000000003,0.5
636.6333,  1.00000000,1,0,0.074999999999999997,0.5
636.6667,  1.00000000,1,0,0.050000000000000003,0.5
636.7000,  1.00000000,1,0,0.0,0.5
636.7333,  1.00000000,1,0,0.025000000000000001,0.5
636.7667,  1.00000000,1,0,0.050000000000000003,0.5
636.8000,  1.00000000,1,0,0.025000000000000001,0.5
636.8333,  1.00000000,1,0,0.050000000000000003,0.5
636.8667,  1.00000000,1,0,0.025000000000000001,0.5
636.9000,  1.00000000,1,0,0.074999999999999997,0.5
636.9333,  1.00000000,1,0,0.025000000000000001,0.5
636.9667,  1.00000000,1,0,0.025000000000000001,0.5
637.0000,  1.00000000,1,0,0.025000000000000001,0.5
637.0333,  1.00000000,1,0,0.050000000000000003,0.5
637.0667,  1.00000000,1,0,0.025000000000000001,0.5
637.1000,  1.00000000,1,0,0.025000000000000001,0.5
637.1333,  1.00000000,1,0,0.025000000000000001,0.5
637.1667,  1.00000000,1,0,0.050000000000000003,0.5
637.2000,  1.00000000,1,0,0.0,0.5
637.2333,  1.00000000,1,0,0.0,0.5
637.2667,  1.00000000,1,0,0.0,0.5
637.3000,  1.00000000,1,0,0.0,0.5
637.3333,  1.00000000,1,0,0.050000000000000003,0.5
637.3667,  1.00000000,1,0,0.025000000000000001,0.5
637.4000,  1.00000000,1,0,0.0,0.5
637.4333,  1.00000000,1,0,0.025000000000000001,0.5
637.4667,  1.00000000,1,0,0.074999999999999997,0.5
637.5000,  1.00000000,1,0,0.025000000000000001,0.5
637.5333,  1.00000000,1,0,0.025000000000000001,0.5
637.5667,  1.00000000,1,0,0.050000000000000003,0.5
637.6000,  1.00000000,1,0,0.0,0.5
637.6333,  1.00000000,1,0,0.074999999999999997,0.5
637.6667,  1.00000000,1,0,0.050000000000000003,0.5
637.7000,  1.00000000,1,0,0.025000000000000001,0.5
637.7333,  1.00000000,1,0,0.050000000000000003,0.5
637.7667,  1.00000000,1,0,0.025000000000000001,0.5
637.8000,  1.00000000,1,0,0.025000000000000001,0.5
637.8333,  1.00000000,1,0,0.050000000000000003,0.5
637.8667,  1.00000000,1,0,0.025000000000000001,0.5
637.9000,  1.00000000,1,0,0.0,0.5
637.9333,  1.00000000,1,0,0.074999999999999997,0.5
637.9667,  1.00000000,1,0,0.0,0.5
638.0000,  1.00000000,1,0,0.0,0.5
638.0333,  1.00000000,1,0,0.0,0.5
638.0667,  1.00000000,1,0,0.074999999999999997,0.5
638.1000,  1.00000000,1,0,0.025000000000000001,0.5
638.1333,  1.00000000,1,0,0.0,0.5
638.1667,  1.00000000,1,0,0.025000000000000001,0.5
638.2000,  1.00000000,1,0,0.0,0.5
638.2333,  1.00000000,1,0,0.050000000000000003,0.5
638.2667,  1.00000000,1,0,0.025000000000000001,0.5
638.3000,  1.00000000,1,0,0.025000000000000001,0.5
638.3333,  1.00000000,1,0,0.050000000000000003,0.5
638.3667,  1.00000000,1,0,0.050000000000000003,0.5
638.4000,  1.00000000,1,0,0.025000000000000001,0.5
638.4333,  1.00000000,1,0,0.0,0.5
638.4667,  1.00000000,1,0,0.074999999999999997,0.5
638.5000,  1.00000000,1,0,0.050000000000000003,0.5
638.5333,  1.00000000,1,0,0.050000000000000003,0.5
638.5667,  1.00000000,1,0,0.074999999999999997,0.5
638.6000,  1.00000000,1,0,0.074999999999999997,0.5
638.6333,  1.00000000,1,0,0.050000000000000003,0.5
638.6667,  1.00000000,1,0,0.025000000000000001,0.5
638.7000,  1.00000000,1,0,0.050000000000000003,0.5
638.7333,  1.00000000,1,0,0.0,0.5
638.7667,  1.00000000,1,0,0.025000000000000001,0.5
638.8000,  1.00000000,1,0,0.025000000000000001,0.5
638.8333,  1.00000000,1,0,0.025000000000000001,0.5
638.8667,  1.00000000,1,0,0.050000000000000003,0.5
638.9000,  1.00000000,1,0,0.025000000000000001,0.5
638.9333,  1.00000000,1,0,0.025000000000000001,0.5
638.9667,  1.00000000,1,0,0.074999999999999997,0.5
639.0000,  1.00000000,1,0,0.050000000000000003,0.5
639.0333,  1.00000000,1,0,0.050000000000000003,0.5
639.0667,  1.00000000,1,0,0.050000000000000003,0.5
639.1000,  1.00000000,1,0,0.050000000000000003,0.5
639.1333,  1.00000000,1,0,0.074999999999999997,0.5
639.1667,  1.00000000,1,0,0.050000000000000003,0.5
639.2000,  1.00000000,1,0,0.074999999999999997,0.5
639.2333,  1.00000000,1,0,0.050000000000000003,0.5
639.2667,  1.00000000,1,0,0.025000000000000001,0.5
639.3000,  1.00000000,1,0,0.0,0.5
639.3333,  1.00000000,1,0,0.0,0.5
639.3667,  1.00000000,1,0,0.025000000000000001,0.5
639.4000,  1.00000000,1,0,0.025000000000000001,0.5
639.4333,  1.00000000,1,0,0.0,0.5
639.4667,  1.00000000,1,0,0.0,0.5
639.5000,  1.00000000,1,0,0.0,0.5
639.5333,  1.00000000,1,0,0.025000000000000001,0.5
639.5667,  1.00000000,1,0,0.025000000000000001,0.5
639.6000,  1.00000000,1,0,0.025000000000000001,0.5
639.6333,  1.00000000,1,0,0.0,0.5
639.6667,  1.00000000,1,0,0.0,0.5
639.7000,  1.00000000,1,0,0.0,0.5
639.7333,  1.00000000,1,0,0.0,0.5
639.7667,  1.00000000,1,0,0.0,0.5
639.8000,  1.00000000,1,0,0.025000000000000001,0.5
639.8333,  1.00000000,1,0,0.050000000000000003,0.5
639.8667,  1.00000000,1,0,0.050000000000000003,0.5
639.9000,  1.00000000,1,0,0.0,0.5
639.9333,  1.00000000,1,0,0.025000000000000001,0.5
639.9667,  1.00000000,1,0,0.0,0.5
640.0000,  1.00000000,1,0,0.0,0.5
640.0333,  1.00000000,1,0,0.050000000000000003,0.5
640.0667,  1.00000000,1,0,0.050000000000000003,0.5
640.1000,  1.00000000,1,0,0.025000000000000001,0.5
640.1333,  1.00000000,1,0,0.050000000000000003,0.5
640.1667,  1.00000000,1,0,0.0,0.5
640.2000,  1.00000000,1,0,0.0,0.5
640.2333,  1.00000000,1,0,0.050000000000000003,0.5
640.2667,  1.00000000,1,0,0.050000000000000003,0.5
640.3000,  1.00000000,1,0,0.025000000000000001,0.5
640.3333,  1.00000000,1,0,0.050000000000000003,0.5
640.3667,  1.00000000,1,0,0.025000000000000001,0.5
640.4000,  1.00000000,1,0,0.025000000000000001,0.5
640.4333,  1.00000000,1,0,0.074999999999999997,0.5
640.4667,  1.00000000,1,0,0.050000000000000003,0.5
640.5000,  1.00000000,1,0,0.0,0.5
640.5333,  1.00000000,1,0,0.074999999999999997,0.5
640.5667,  1.00000000,1,0,0.025000000000000001,0.5
640.6000,  1.00000000,1,0,0.0,0.5
640.6333,  1.00000000,1,0,0.025000000000000001,0.5
640.6667,  1.00000000,1,0,0.0,0.5
640.7000,  1.00000000,1,0,0.025000000000000001,0.5
640.7333,  1.00000000,1,0,0.050000000000000003,0.5
640.7667,  1.00000000,1,0,0.025000000000000001,0.5
640.8000,  1.00000000,1,0,0.025000000000000001,0.5
640.8333,  1.00000000,1,0,0.050000000000000003,0.5
640.8667,  1.00000000,1,0,0.025000000000000001,0.5
640.9000,  1.00000000,1,0,0.025000000000000001,0.5
640.9333,  1.00000000,1,0,0.050000000000000003,0.5
640.9667,  1.00000000,1,0,0.0,0.5
641.0000,  1.00000000,1,0,0.025000000000000001,0.5
641.0333,  1.00000000,1,0,0.0,0.5
641.0667,  1.00000000,1,0,0.025000000000000001,0.5
641.1000,  1.00000000,1,0,0.025000000000000001,0.5
641.1333,  1.00000000,1,0,0.050000000000000003,0.5
641.1667,  1.00000000,1,0,0.025000000000000001,0.5
641.2000,  1.00000000,1,0,0.050000000000000003,0.5
641.2333,  1.00000000,1,0,0.025000000000000001,0.5
641.2667,  1.00000000,1,0,0.025000000000000001,0.5
641.3000,  1.00000000,1,0,0.074999999999999997,0.5
641.3333,  1.00000000,1,0,0.050000000000000003,0.5
641.3667,  1.00000000,1,0,0.074999999999999997,0.5
641.4000,  1.00000000,1,0,0.050000000000000003,0.5
641.4333,  1.00000000,1,0,0.0,0.5
641.4667,  1.00000000,1,0,0.0,0.5
641.5000,  1.00000000,1,0,0.025000000000000001,0.5
641.5333,  1.00000000,1,0,0.025000000000000001,0.5
641.5667,  1.00000000,1,0,0.050000000000000003,0.5
641.6000,  1.00000000,1,0,0.050000000000000003,0.5
641.6333,  1.00000000,1,0,0.074999999999999997,0.5
641.6667,  1.00000000,1,0,0.050000000000000003,0.5
641.7000,  1.00000000,1,0,0.050000000000000003,0.5
641.7333,  1.00000000,1,0,0.025000000000000001,0.5
641.7667,  1.00000000,1,0,0.050000000000000003,0.5
641.8000,  1.00000000,1,0,0.050000000000000003,0.5
641.8333,  1.00000000,1,0,0.025000000000000001,0.5
641.8667,  1.00000000,1,0,0.025000000000000001,0.5
641.9000,  1.00000000,1,0,0.0,0.5
641.9333,  1.00000000,1,0,0.050000000000000003,0.5
641.9667,  1.00000000,1,0,0.074999999999999997,0.5
642.0000,  1.00000000,1,0,0.025000000000000001,0.5
642.0333,  1.00000000,1,0,0.025000000000000001,0.5
642.0667,  1.00000000,1,0,0.050000000000000003,0.5
642.1000,  1.00000000,1,0,0.025000000000000001,0.5
642.1333,  1.00000000,1,0,0.0,0.5
642.1667,  1.00000000,1,0,0.025000000000000001,0.5
642.2000,  1.00000000,1,0,0.025000000000000001,0.5
642.2333,  1.00000000,1,0,0.050000000000000003,0.5
642.2667,  1.00000000,1,0,0.050000000000000003,0.5
642.3000,  1.00000000,1,0,0.025000000000000001,0.5
642.3333,  1.00000000,1,0,0.050000000000000003,0.5
642.3667,  1.00000000,1,0,0.050000000000000003,0.5
642.4000,  1.00000000,1,0,0.050000000000000003,0.5
642.4333,  1.00000000,1,0,0.074999999999999997,0.5
642.4667,  1.00000000,1,0,0.050000000000000003,0.5
642.5000,  1.00000000,1,0,0.025000000000000001,0.5
642.5333,  1.00000000,1,0,0.050000000000000003,0.5
642.5667,  1.00000000,1,0,0.025000000000000001,0.5
642.6000,  1.00000000,1,0,0.050000000000000003,0.5
642.6333,  1.00000000,1,0,0.025000000000000001,0.5
642.6667,  1.00000000,1,0,0.0,0.5
642.7000,  1.00000000,1,0,0.074999999999999997,0.5
642.7333,  1.00000000,1,0,0.050000000000000003,0.5
642.7667,  1.00000000,1,0,0.025000000000000001,0.5
642.8000,  1.00000000,1,0,0.050000000000000003,0.5
642.8333,  1.00000000,1,0,0.025000000000000001,0.5
642.8667,  1.00000000,1,0,0.050000000000000003,0.5
642.9000,  1.00000000,1,0,0.074999999999999997,0.5
642.9333,  1.00000000,1,0,0.0,0.5
642.9667,  1.00000000,1,0,0.025000000000000001,0.5
643.0000,  1.00000000,1,0,0.0,0.5
643.0333,  1.00000000,1,0,0.074999999999999997,0.5
643.0667,  1.00000000,1,0,0.025000000000000001,0.5
643.1000,  1.00000000,1,0,0.0,0.5
643.1333,  1.00000000,1,0,0.025000000000000001,0.5
643.1667,  1.00000000,1,0,0.025000000000000001,0.5
643.2000,  1.00000000,1,0,0.050000000000000003,0.5
643.2333,  1.00000000,1,0,0.0,0.5
643.2667,  1.00000000,1,0,0.0,0.5
643.3000,  1.00000000,1,0,0.0,0.5
643.3333,  1.00000000,1,0,0.025000000000000001,0.5
643.3667,  1.00000000,1,0,0.0,0.5
643.4000,  1.00000000,1,0,0.050000000000000003,0.5
643.4333,  1.00000000,1,0,0.025000000000000001,0.5
643.4667,  1.00000000,1,0,0.025000000000000001,0.5
643.5000,  1.00000000,1,0,0.050000000000000003,0.5
643.5333,  1.00000000,1,0,0.0,0.5
643.5667,  1.00000000,1,0,0.074999999999999997,0.5
643.6000,  1.00000000,1,0,0.050000000000000003,0.5
643.6333,  1.00000000,1,0,0.025000000000000001,0.5
643.6667,  1.00000000,1,0,0.050000000000000003,0.5
643.7000,  1.00000000,1,0,0.0,0.5
643.7333,  1.00000000,1,0,0.0,0.5
643.7667,  1.00000000,1,0,0.025000000000000001,0.5
643.8000,  1.00000000,1,0,0.050000000000000003,0.5
643.8333,  1.00000000,1,0,0.050000000000000003,0.5
643.8667,  1.00000000,1,0,0.025000000000000001,0.5
643.9000,  1.00000000,1,0,0.050000000000000003,0.5
643.9333,  1.00000000,1,0,0.050000000000000003,0.5
643.9667,  1.00000000,1,0,0.025000000000000001,0.5
644.0000,  1.00000000,1,0,0.025000000000000001,0.5
644.0333,  1.00000000,1,0,0.025000000000000001,0.5
644.0667,  1.00000000,1,0,0.0,0.5
644.1000,  1.00000000,1,0,0.0,0.5
644.1333,  1.00000000,1,0,0.0,0.5
644.1667,  1.00000000,1,0,0.050000000000000003,0.5
644.2000,  1.00000000,1,0,0.0,0.5
644.2333,  1.00000000,1,0,0.0,0.5
644.2667,  1.00000000,1,0,0.025000000000000001,0.5
644.3000,  1.00000000,1,0,0.025000000000000001,0.5
644.3333,  1.00000000,1,0,0.025000000000000001,0.5
644.3667,  1.00000000,1,0,0.025000000000000001,0.5
644.4000,  1.00000000,1,0,0.025000000000000001,0.5
644.4333,  1.00000000,1,0,0.0,0.5
644.4667,  1.00000000,1,0,0.050000000000000003,0.5
644.5000,  1.00000000,1,0,0.050000000000000003,0.5
644.5333,  1.00000000,1,0,0.050000000000000003,0.5
644.5667,  1.00000000,1,0,0.050000000000000003,0.5
644.6000,  1.00000000,1,0,0.050000000000000003,0.5
644.6333,  1.00000000,1,0,0.050000000000000003,0.5
644.6667,  1.00000000,1,0,0.050000000000000003,0.5
644.7000,  1.00000000,1,0,0.050000000000000003,0.5
644.7333,  1.00000000,1,0,0.025000000000000001,0.5
644.7667,  1.00000000,1,0,0.050000000000000003,0.5
644.8000,  1.00000000,1,0,0.0,0.5
644.8333,  1.00000000,1,0,0.050000000000000003,0.5
644.8667,  1.00000000,1,0,0.074999999999999997,0.5
644.9000,  1.00000000,1,0,0.0,0.5
644.9333,  1.00000000,1,0,0.050000000000000003,0.5
644.9667,  1.00000000,1,0,0.025000000000000001,0.5
645.0000,  1.00000000,1,0,0.025000000000000001,0.5
645.0333,  1.00000000,1,0,0.0,0.5
645.0667,  1.00000000,1,0,0.025000000000000001,0.5
645.1000,  1.00000000,1,0,0.025000000000000001,0.5
645.1333,  1.00000000,1,0,0.025000000000000001,0.5
645.1667,  1.00000000,1,0,0.050000000000000003,0.5
645.2000,  1.00000000,1,0,0.025000000000000001,0.5
645.2333,  1.00000000,1,0,0.0,0.5
645.2667,  1.00000000,1,0,0.025000000000000001,0.5
645.3000,  1.00000000,1,0,0.025000000000000001,0.5
645.3333,  1.00000000,1,0,0.025000000000000001,0.5
645.3667,  1.00000000,1,0,0.074999999999999997,0.5
645.4000,  1.00000000,1,0,0.050000000000000003,0.5
645.4333,  1.00000000,1,0,0.025000000000000001,0.5
645.4667,  1.00000000,1,0,0.025000000000000001,0.5
645.5000,  1.00000000,1,0,0.025000000000000001,0.5
645.5333,  1.00000000,1,0,0.025000000000000001,0.5
645.5667,  1.00000000,1,0,0.050000000000000003,0.5
645.6000,  1.00000000,1,0,0.025000000000000001,0.5
645.6333,  1.00000000,1,0,0.025000000000000001,0.5
645.6667,  1.00000000,1,0,0.0,0.5
645.7000,  1.00000000,1,0,0.025000000000000001,0.5
645.7333,  1.00000000,1,0,0.050000000000000003,0.5
645.7667,  1.00000000,1,0,0.025000000000000001,0.5
645.8000,  1.00000000,1,0,0.0,0.5
645.8333,  1.00000000,1,0,0.074999999999999997,0.5
645.8667,  1.00000000,1,0,0.0,0.5
645.9000,  1.00000000,1,0,0.050000000000000003,0.5
645.9333,  1.00000000,1,0,0.050000000000000003,0.5
645.9667,  1.00000000,1,0,0.025000000000000001,0.5
646.0000,  1.00000000,1,0,0.050000000000000003,0.5
646.0333,  1.00000000,1,0,0.025000000000000001,0.5
646.0667,  1.00000000,1,0,0.025000000000000001,0.5
646.1000,  1.00000000,1,0,0.025000000000000001,0.5
646.1333,  1.00000000,1,0,0.0,0.5
646.1667,  1.00000000,1,0,0.074999999999999997,0.5
646.2000,  1.00000000,1,0,0.025000000000000001,0.5
646.2333,  1.00000000,1,0,0.025000000000000001,0.5
646.2667,  1.00000000,1,0,0.0,0.5
646.3000,  1.00000000,1,0,0.0,0.5
646.3333,  1.00000000,1,0,0.025000000000000001,0.5
646.3667,  1.00000000,1,0,0.0,0.5
646.4000,  1.00000000,1,0,0.0,0.5
646.4333,  1.00000000,1,0,0.0,0.5
646.4667,  1.00000000,1,0,0.025000000000000001,0.5
646.5000,  1.00000000,1,0,0.050000000000000003,0.5
646.5333,  1.00000000,1,0,0.074999999999999997,0.5
646.5667,  1.00000000,1,0,0.050000000000000003,0.5
646.6000,  1.00000000,1,0,0.025000000000000001,0.5
646.6333,  1.00000000,1,0,0.025000000000000001,0.5
646.6667,  1.00000000,1,0,0.025000000000000001,0.5
646.7000,  1.00000000,1,0,0.025000000000000001,0.5
646.7333,  1.00000000,1,0,0.025000000000000001,0.5
646.7667,  1.00000000,1,0,0.025000000000000001,0.5
646.8000,  1.00000000,1,0,0.050000000000000003,0.5
646.8333,  1.00000000,1,0,0.025000000000000001,0.5
646.8667,  1.00000000,1,0,0.074999999999999997,0.5
646.9000,  1.00000000,1,0,0.0,0.5
646.9333,  1.00000000,1,0,0.0,0.5
646.9667,  1.00000000,1,0,0.025000000000000001,0.5
647.0000,  1.00000000,1,0,0.025000000000000001,0.5
647.0333,  1.00000000,1,0,0.050000000000000003,0.5
647.0667,  1.00000000,1,0,0.074999999999999997,0.5
647.1000,  1.00000000,1,0,0.050000000000000003,0.5
647.1333,  1.00000000,1,0,0.074999999999999997,0.5
647.1667,  1.00000000,1,0,0.050000000000000003,0.5
647.2000,  1.00000000,1,0,0.0,0.5
647.2333,  1.00000000,1,0,0.025000000000000001,0.5
647.2667,  1.00000000,1,0,0.025000000000000001,0.5
647.3000,  1.00000000,1,0,0.074999999999999997,0.5
647.3333,  1.00000000,1,0,0.074999999999999997,0.5
647.3667,  1.00000000,1,0,0.025000000000000001,0.5
647.4000,  1.00000000,1,0,0.025000000000000001,0.5
647.4333,  1.00000000,1,0,0.050000000000000003,0.5
647.4667,  1.00000000,1,0,0.050000000000000003,0.5
647.5000,  1.00000000,1,0,0.074999999999999997,0.5
647.5333,  1.00000000,1,0,0.050000000000000003,0.5
647.5667,  1.00000000,1,0,0.074999999999999997,0.5
647.6000,  1.00000000,1,0,0.0,0.5
647.6333,  1.00000000,1,0,0.050000000000000003,0.5
647.6667,  1.00000000,1,0,0.025000000000000001,0.5
647.7000,  1.00000000,1,0,0.025000000000000001,0.5
647.7333,  1.00000000,1,0,0.050000000000000003,0.5
647.7667,  1.00000000,1,0,0.025000000000000001,0.5
647.8000,  1.00000000,1,0,0.074999999999999997,0.5
647.8333,  1.00000000,1,0,0.025000000000000001,0.5
647.8667,  1.00000000,1,0,0.074999999999999997,0.5
647.9000,  1.00000000,1,0,0.050000000000000003,0.5
647.9333,  1.00000000,1,0,0.074999999999999997,0.5
647.9667,  1.00000000,1,0,0.025000000000000001,0.5
648.0000,  1.00000000,1,0,0.025000000000000001,0.5
648.0333,  1.00000000,1,0,0.050000000000000003,0.5
648.0667,  1.00000000,1,0,0.050000000000000003,0.5
648.1000,  1.00000000,1,0,0.050000000000000003,0.5
648.1333,  1.00000000,1,0,0.025000000000000001,0.5
648.1667,  1.00000000,1,0,0.050000000000000003,0.5
648.2000,  1.00000000,1,0,0.025000000000000001,0.5
648.2333,  1.00000000,1,0,0.050000000000000003,0.5
648.2667,  1.00000000,1,0,0.025000000000000001,0.5
648.3000,  1.00000000,1,0,0.025000000000000001,0.5
648.3333,  1.00000000,1,0,0.074999999999999997,0.5
648.3667,  1.00000000,1,0,0.050000000000000003,0.5
648.4000,  1.00000000,1,0,0.025000000000000001,0.5
648.4333,  1.00000000,1,0,0.050000000000000003,0.5
648.4667,  1.00000000,1,0,0.050000000000000003,0.5
648.5000,  1.00000000,1,0,0.050000000000000003,0.5
648.5333,  1.00000000,1,0,0.050000000000000003,0.5
648.5667,  1.00000000,1,0,0.0,0.5
648.6000,  1.00000000,1,0,0.074999999999999997,0.5
648.6333,  1.00000000,1,0,0.025000000000000001,0.5
648.6667,  1.00000000,1,0,0.025000000000000001,0.5
648.7000,  1.00000000,1,0,0.0,0.5
648.7333,  1.00000000,1,0,0.050000000000000003,0.5
648.7667,  1.00000000,1,0,0.025000000000000001,0.5
648.8000,  1.00000000,1,0,0.050000000000000003,0.5
648.8333,  1.00000000,1,0,0.050000000000000003,0.5
648.8667,  1.00000000,1,0,0.0,0.5
648.9000,  1.00000000,1,0,0.025000000000000001,0.5
648.9333,  1.00000000,1,0,0.0,0.5
648.9667,  1.00000000,1,0,0.025000000000000001,0.5
649.0000,  1.00000000,1,0,0.050000000000000003,0.5
649.0333,  1.00000000,1,0,0.025000000000000001,0.5
649.0667,  1.00000000,1,0,0.050000000000000003,0.5
649.1000,  1.00000000,1,0,0.025000000000000001,0.5
649.1333,  1.00000000,1,0,0.050000000000000003,0.5
649.1667,  1.00000000,1,0,0.050000000000000003,0.5
649.2000,  1.00000000,1,0,0.025000000000000001,0.5
649.2333,  1.00000000,1,0,0.025000000000000001,0.5
649.2667,  1.00000000,1,0,0.0,0.5
649.3000,  1.00000000,1,0,0.074999999999999997,0.5
649.3333,  1.00000000,1,0,0.0,0.5
649.3667,  1.00000000,1,0,0.0,0.5
649.4000,  1.00000000,1,0,0.074999999999999997,0.5
649.4333,  1.00000000,1,0,0.074999999999999997,0.5
649.4667,  1.00000000,1,0,0.050000000000000003,0.5
649.5000,  1.00000000,1,0,0.025000000000000001,0.5
649.5333,  1.00000000,1,0,0.025000000000000001,0.5
649.5667,  1.00000000,1,0,0.025000000000000001,0.5
649.6000,  1.00000000,1,0,0.050000000000000003,0.5
649.6333,  1.00000000,1,0,0.0,0.5
649.6667,  1.00000000,1,0,0.025000000000000001,0.5
649.7000,  1.00000000,1,0,0.0,0.5
649.7333,  1.00000000,1,0,0.0,0.5
649.7667,  1.00000000,1,0,0.074999999999999997,0.5
649.8000,  1.00000000,1,0,0.0,0.5
649.8333,  1.00000000,1,0,0.025000000000000001,0.5
649.8667,  1.00000000,1,0,0.025000000000000001,0.5
649.9000,  1.00000000,1,0,0.0,0.5
649.9333,  1.00000000,1,0,0.0,0.5
649.9667,  1.00000000,1,0,0.0,0.5
650.0000,  1.00000000,1,0,0.025000000000000001,0.5
650.0333,  1.00000000,1,0,0.025000000000000001,0.5
650.0667,  1.00000000,1,0,0.025000000000000001,0.5
650.1000,  1.00000000,1,0,0.0,0.5
650.1333,  1.00000000,1,0,0.025000000000000001,0.5
650.1667,  1.00000000,1,0,0.025000000000000001,0.5
650.2000,  1.00000000,1,0,0.050000000000000003,0.5
650.2333,  1.00000000,1,0,0.0,0.5
650.2667,  1.00000000,1,0,0.0,0.5
650.3000,  1.00000000,1,0,0.050000000000000003,0.5
650.3333,  1.00000000,1,0,0.025000000000000001,0.5
650.3667,  1.00000000,1,0,0.0,0.5
650.4000,  1.00000000,1,0,0.0,0.5
650.4333,  1.00000000,1,0,0.050000000000000003,0.5
650.4667,  1.00000000,1,0,0.050000000000000003,0.5
650.5000,  1.00000000,1,0,0.050000000000000003,0.5
650.5333,  1.00000000,1,0,0.025000000000000001,0.5
650.5667,  1.00000000,1,0,0.025000000000000001,0.5
650.6000,  1.00000000,1,0,0.050000000000000003,0.5
650.6333,  1.00000000,1,0,0.025000000000000001,0.5
650.6667,  1.00000000,1,0,0.025000000000000001,0.5
650.7000,  1.00000000,1,0,0.0,0.5
650.7333,  1.00000000,1,0,0.050000000000000003,0.5
650.7667,  1.00000000,1,0,0.025000000000000001,0.5
650.8000,  1.00000000,1,0,0.0,0.5
650.8333,  1.00000000,1,0,0.025000000000000001,0.5
650.8667,  1.00000000,1,0,0.0,0.5
650.9000,  1.00000000,1,0,0.025000000000000001,0.5
650.9333,  1.00000000,1,0,0.025000000000000001,0.5
650.9667,  1.00000000,1,0,0.0,0.5
651.0000,  1.00000000,1,0,0.0,0.5
651.0333,  1.00000000,1,0,0.050000000000000003,0.5
651.0667,  1.00000000,1,0,0.0,0.5
651.1000,  1.00000000,1,0,0.025000000000000001,0.5
651.1333,  1.00000000,1,0,0.025000000000000001,0.5
651.1667,  1.00000000,1,0,0.025000000000000001,0.5
651.2000,  1.00000000,1,0,0.025000000000000001,0.5
651.2333,  1.00000000,1,0,0.025000000000000001,0.5
651.2667,  1.00000000,1,0,0.025000000000000001,0.5
651.3000,  1.00000000,1,0,0.0,0.5
651.3333,  1.00000000,1,0,0.050000000000000003,0.5
651.3667,  1.00000000,1,0,0.050000000000000003,0.5
651.4000,  1.00000000,1,0,0.050000000000000003,0.5
651.4333,  1.00000000,1,0,0.0,0.5
651.4667,  1.00000000,1,0,0.025000000000000001,0.5
651.5000,  1.00000000,1,0,0.025000000000000001,0.5
651.5333,  1.00000000,1,0,0.0,0.5
651.5667,  1.00000000,1,0,0.025000000000000001,0.5
651.6000,  1.00000000,1,0,0.050000000000000003,0.5
651.6333,  1.00000000,1,0,0.025000000000000001,0.5
651.6667,  1.00000000,1,0,0.025000000000000001,0.5
651.7000,  1.00000000,1,0,0.025000000000000001,0.5
651.7333,  1.00000000,1,0,0.074999999999999997,0.5
651.7667,  1.00000000,1,0,0.050000000000000003,0.5
651.8000,  1.00000000,1,0,0.050000000000000003,0.5
651.8333,  1.00000000,1,0,0.025000000000000001,0.5
651.8667,  1.00000000,1,0,0.025000000000000001,0.5
651.9000,  1.00000000,1,0,0.050000000000000003,0.5
651.9333,  1.00000000,1,0,0.025000000000000001,0.5
651.9667,  1.00000000,1,0,0.025000000000000001,0.5
652.0000,  1.00000000,1,0,0.025000000000000001,0.5
652.0333,  1.00000000,1,0,0.050000000000000003,0.5
652.0667,  1.00000000,1,0,0.025000000000000001,0.5
652.1000,  1.00000000,1,0,0.025000000000000001,0.5
652.1333,  1.00000000,1,0,0.025000000000000001,0.5
652.1667,  1.00000000,1,0,0.050000000000000003,0.5
652.2000,  1.00000000,1,0,0.0,0.5
652.2333,  1.00000000,1,0,0.050000000000000003,0.5
652.2667,  1.00000000,1,0,0.0,0.5
652.3000,  1.00000000,1,0,0.025000000000000001,0.5
652.3333,  1.00000000,1,0,0.050000000000000003,0.5
652.3667,  1.00000000,1,0,0.050000000000000003,0.5
652.4000,  1.00000000,1,0,0.025000000000000001,0.5
652.4333,  1.00000000,1,0,0.050000000000000003,0.5
652.4667,  1.00000000,1,0,0.025000000000000001,0.5
652.5000,  1.00000000,1,0,0.025000000000000001,0.5
652.5333,  1.00000000,1,0,0.050000000000000003,0.5
652.5667,  1.00000000,1,0,0.050000000000000003,0.5
652.6000,  1.00000000,1,0,0.025000000000000001,0.5
652.6333,  1.00000000,1,0,0.0,0.5
652.6667,  1.00000000,1,0,0.025000000000000001,0.5
652.7000,  1.00000000,1,0,0.025000000000000001,0.5
652.7333,  1.00000000,1,0,0.025000000000000001,0.5
652.7667,  1.00000000,1,0,0.074999999999999997,0.5
652.8000,  1.00000000,1,0,0.025000000000000001,0.5
652.8333,  1.00000000,1,0,0.0,0.5
652.8667,  1.00000000,1,0,0.0,0.5
652.9000,  1.00000000,1,0,0.025000000000000001,0.5
652.9333,  1.00000000,1,0,0.025000000000000001,0.5
652.9667,  1.00000000,1,0,0.0,0.5
653.0000,  1.00000000,1,0,0.025000000000000001,0.5
653.0333,  1.00000000,1,0,0.025000000000000001,0.5
653.0667,  1.00000000,1,0,0.025000000000000001,0.5
653.1000,  1.00000000,1,0,0.025000000000000001,0.5
653.1333,  1.00000000,1,0,0.0,0.5
653.1667,  1.00000000,1,0,0.0,0.5
653.2000,  1.00000000,1,0,0.025000000000000001,0.5
653.2333,  1.00000000,1,0,0.025000000000000001,0.5
653.2667,  1.00000000,1,0,0.074999999999999997,0.5
653.3000,  1.00000000,1,0,0.074999999999999997,0.5
653.3333,  1.00000000,1,0,0.025000000000000001,0.5
653.3667,  1.00000000,1,0,0.074999999999999997,0.5
653.4000,  1.00000000,1,0,0.074999999999999997,0.5
653.4333,  1.00000000,1,0,0.025000000000000001,0.5
653.4667,  1.00000000,1,0,0.025000000000000001,0.5
653.5000,  1.00000000,1,0,0.050000000000000003,0.5
653.5333,  1.00000000,1,0,0.0,0.5
653.5667,  1.00000000,1,0,0.025000000000000001,0.5
653.6000,  1.00000000,1,0,0.050000000000000003,0.5
653.6333,  1.00000000,1,0,0.050000000000000003,0.5
653.6667,  1.00000000,1,0,0.050000000000000003,0.5
653.7000,  1.00000000,1,0,0.0,0.5
653.7333,  1.00000000,1,0,0.050000000000000003,0.5
653.7667,  1.00000000,1,0,0.074999999999999997,0.5
653.8000,  1.00000000,1,0,0.025000000000000001,0.5
653.8333,  1.00000000,1,0,0.025000000000000001,0.5
653.8667,  1.00000000,1,0,0.025000000000000001,0.5
653.9000,  1.00000000,1,0,0.025000000000000001,0.5
653.9333,  1.00000000,1,0,0.050000000000000003,0.5
653.9667,  1.00000000,1,0,0.050000000000000003,0.5
654.0000,  1.00000000,1,0,0.074999999999999997,0.5
654.0333,  1.00000000,1,0,0.074999999999999997,0.5
654.0667,  1.00000000,1,0,0.050000000000000003,0.5
654.1000,  1.00000000,1,0,0.025000000000000001,0.5
654.1333,  1.00000000,1,0,0.025000000000000001,0.5
654.1667,  1.00000000,1,0,0.025000000000000001,0.5
654.2000,  1.00000000,1,0,0.025000000000000001,0.5
654.2333,  1.00000000,1,0,0.050000000000000003,0.5
654.2667,  1.00000000,1,0,0.050000000000000003,0.5
654.3000,  1.00000000,1,0,0.025000000000000001,0.5
654.3333,  1.00000000,1,0,0.050000000000000003,0.5
654.3667,  1.00000000,1,0,0.025000000000000001,0.5
654.4000,  1.00000000,1,0,0.025000000000000001,0.5
654.4333,  1.00000000,1,0,0.050000000000000003,0.5
654.4667,  1.00000000,1,0,0.050000000000000003,0.5
654.5000,  1.00000000,1,0,0.050000000000000003,0.5
654.5333,  1.00000000,1,0,0.025000000000000001,0.5
654.5667,  1.00000000,1,0,0.074999999999999997,0.5
654.6000,  1.00000000,1,0,0.050000000000000003,0.5
654.6333,  1.00000000,1,0,0.025000000000000001,0.5
654.6667,  1.00000000,1,0,0.0,0.5
654.7000,  1.00000000,1,0,0.0,0.5
654.7333,  1.00000000,1,0,0.050000000000000003,0.5
654.7667,  1.00000000,1,0,0.025000000000000001,0.5
654.8000,  1.00000000,1,0,0.074999999999999997,0.5
654.8333,  1.00000000,1,0,0.0,0.5
654.8667,  1.00000000,1,0,0.074999999999999997,0.5
654.9000,  1.00000000,1,0,0.025000000000000001,0.5
654.9333,  1.00000000,1,0,0.050000000000000003,0.5
654.9667,  1.00000000,1,0,0.074999999999999997,0.5
655.0000,  1.00000000,1,0,0.074999999999999997,0.5
655.0333,  1.00000000,1,0,0.025000000000000001,0.5
655.0667,  1.00000000,1,0,0.0,0.5
655.1000,  1.00000000,1,0,0.050000000000000003,0.5
655.1333,  1.00000000,1,0,0.025000000000000001,0.5
655.1667,  1.00000000,1,0,0.050000000000000003,0.5
655.2000,  1.00000000,1,0,0.0,0.5
655.2333,  1.00000000,1,0,0.050000000000000003,0.5
655.2667,  1.00000000,1,0,0.025000000000000001,0.5
655.3000,  1.00000000,1,0,0.050000000000000003,0.5
655.3333,  1.00000000,1,0,0.050000000000000003,0.5
655.3667,  1.00000000,1,0,0.074999999999999997,0.5
655.4000,  1.00000000,1,0,0.074999999999999997,0.5
655.4333,  1.00000000,1,0,0.050000000000000003,0.5
655.4667,  1.00000000,1,0,0.025000000000000001,0.5
655.5000,  1.00000000,1,0,0.025000000000000001,0.5
655.5333,  1.00000000,1,0,0.050000000000000003,0.5
655.5667,  1.00000000,1,0,0.025000000000000001,0.5
655.6000,  1.00000000,1,0,0.050000000000000003,0.5
655.6333,  1.00000000,1,0,0.050000000000000003,0.5
655.6667,  1.00000000,1,0,0.050000000000000003,0.5
655.7000,  1.00000000,1,0,0.050000000000000003,0.5
655.7333,  1.00000000,1,0,0.050000000000000003,0.5
655.7667,  1.00000000,1,0,0.025000000000000001,0.5
655.8000,  1.00000000,1,0,0.025000000000000001,0.5
655.8333,  1.00000000,1,0,0.050000000000000003,0.5
655.8667,  1.00000000,1,0,0.050000000000000003,0.5
655.9000,  1.00000000,1,0,0.050000000000000003,0.5
655.9333,  1.00000000,1,0,0.050000000000000003,0.5
655.9667,  1.00000000,1,0,0.0,0.5
656.0000,  1.00000000,1,0,0.050000000000000003,0.5
656.0333,  1.00000000,1,0,0.074999999999999997,0.5
656.0667,  1.00000000,1,0,0.074999999999999997,0.5
656.1000,  1.00000000,1,0,0.025000000000000001,0.5
656.1333,  1.00000000,1,0,0.050000000000000003,0.5
656.1667,  1.00000000,1,0,0.025000000000000001,0.5
656.2000,  1.00000000,1,0,0.050000000000000003,0.5
656.2333,  1.00000000,1,0,0.0,0.5
656.2667,  1.00000000,1,0,0.0,0.5
656.3000,  1.00000000,1,0,0.0,0.5
656.3333,  1.00000000,1,0,0.025000000000000001,0.5
656.3667,  1.00000000,1,0,0.0,0.5
656.4000,  1.00000000,1,0,0.050000000000000003,0.5
656.4333,  1.00000000,1,0,0.050000000000000003,0.5
656.4667,  1.00000000,1,0,0.025000000000000001,0.5
656.5000,  1.00000000,1,0,0.025000000000000001,0.5
656.5333,  1.00000000,1,0,0.025000000000000001,0.5
656.5667,  1.00000000,1,0,0.050000000000000003,0.5
656.6000,  1.00000000,1,0,0.050000000000000003,0.5
656.6333,  1.00000000,1,0,0.074999999999999997,0.5
656.6667,  1.00000000,1,0,0.074999999999999997,0.5
656.7000,  1.00000000,1,0,0.050000000000000003,0.5
656.7333,  1.00000000,1,0,0.050000000000000003,0.5
656.7667,  1.00000000,1,0,0.0,0.5
656.8000,  1.00000000,1,0,0.025000000000000001,0.5
656.8333,  1.00000000,1,0,0.0,0.5
656.8667,  1.00000000,1,0,0.050000000000000003,0.5
656.9000,  1.00000000,1,0,0.0,0.5
656.9333,  1.00000000,1,0,0.050000000000000003,0.5
656.9667,  1.00000000,1,0,0.025000000000000001,0.5
657.0000,  1.00000000,1,0,0.050000000000000003,0.5
657.0333,  1.00000000,1,0,0.050000000000000003,0.5
657.0667,  1.00000000,1,0,0.050000000000000003,0.5
657.1000,  1.00000000,1,0,0.025000000000000001,0.5
657.1333,  1.00000000,1,0,0.050000000000000003,0.5
657.1667,  1.00000000,1,0,0.074999999999999997,0.5
657.2000,  1.00000000,1,0,0.050000000000000003,0.5
657.2333,  1.00000000,1,0,0.025000000000000001,0.5
657.2667,  1.00000000,1,0,0.025000000000000001,0.5
657.3000,  1.00000000,1,0,0.0,0.5
657.3333,  1.00000000,1,0,0.025000000000000001,0.5
657.3667,  1.00000000,1,0,0.074999999999999997,0.5
657.4000,  1.00000000,1,0,0.074999999999999997,0.5
657.4333,  1.00000000,1,0,0.025000000000000001,0.5
657.4667,  1.00000000,1,0,0.0,0.5
657.5000,  1.00000000,1,0,0.0,0.5
657.5333,  1.00000000,1,0,0.025000000000000001,0.5
657.5667,  1.00000000,1,0,0.0,0.5
657.6000,  1.00000000,1,0,0.050000000000000003,0.5
657.6333,  1.00000000,1,0,0.025000000000000001,0.5
657.6667,  1.00000000,1,0,0.025000000000000001,0.5
657.7000,  1.00000000,1,0,0.0,0.5
657.7333,  1.00000000,1,0,0.050000000000000003,0.5
657.7667,  1.00000000,1,0,0.025000000000000001,0.5
657.8000,  1.00000000,1,0,0.074999999999999997,0.5
657.8333,  1.00000000,1,0,0.074999999999999997,0.5
657.8667,  1.00000000,1,0,0.0,0.5
657.9000,  1.00000000,1,0,0.025000000000000001,0.5
657.9333,  1.00000000,1,0,0.025000000000000001,0.5
657.9667,  1.00000000,1,0,0.025000000000000001,0.5
658.0000,  1.00000000,1,0,0.0,0.5
658.0333,  1.00000000,1,0,0.025000000000000001,0.5
658.0667,  1.00000000,1,0,0.050000000000000003,0.5
658.1000,  1.00000000,1,0,0.0,0.5
658.1333,  1.00000000,1,0,0.0,0.5
658.1667,  1.00000000,1,0,0.025000000000000001,0.5
658.2000,  1.00000000,1,0,0.050000000000000003,0.5
658.2333,  1.00000000,1,0,0.025000000000000001,0.5
658.2667,  1.00000000,1,0,0.050000000000000003,0.5
658.3000,  1.00000000,1,0,0.050000000000000003,0.5
658.3333,  1.00000000,1,0,0.0,0.5
658.3667,  1.00000000,1,0,0.025000000000000001,0.5
658.4000,  1.00000000,1,0,0.025000000000000001,0.5
658.4333,  1.00000000,1,0,0.074999999999999997,0.5
658.4667,  1.00000000,1,0,0.025000000000000001,0.5
658.5000,  1.00000000,1,0,0.025000000000000001,0.5
658.5333,  1.00000000,1,0,0.074999999999999997,0.5
658.5667,  1.00000000,1,0,0.025000000000000001,0.5
658.6000,  1.00000000,1,0,0.050000000000000003,0.5
658.6333,  1.00000000,1,0,0.050000000000000003,0.5
658.6667,  1.00000000,1,0,0.050000000000000003,0.5
658.7000,  1.00000000,1,0,0.0,0.5
658.7333,  1.00000000,1,0,0.025000000000000001,0.5
658.7667,  1.00000000,1,0,0.025000000000000001,0.5
658.8000,  1.00000000,1,0,0.050000000000000003,0.5
658.8333,  1.00000000,1,0,0.025000000000000001,0.5
658.8667,  1.00000000,1,0,0.074999999999999997,0.5
658.9000,  1.00000000,1,0,0.025000000000000001,0.5
658.9333,  1.00000000,1,0,0.050000000000000003,0.5
658.9667,  1.00000000,1,0,0.050000000000000003,0.5
659.0000,  1.00000000,1,0,0.050000000000000003,0.5
659.0333,  1.00000000,1,0,0.050000000000000003,0.5
659.0667,  1.00000000,1,0,0.025000000000000001,0.5
659.1000,  1.00000000,1,0,0.0,0.5
659.1333,  1.00000000,1,0,0.050000000000000003,0.5
659.1667,  1.00000000,1,0,0.025000000000000001,0.5
659.2000,  1.00000000,1,0,0.025000000000000001,0.5
659.2333,  1.00000000,1,0,0.0,0.5
659.2667,  1.00000000,1,0,0.025000000000000001,0.5
659.3000,  1.00000000,1,0,0.0,0.5
659.3333,  1.00000000,1,0,0.0,0.5
659.3667,  1.00000000,1,0,0.0,0.5
659.4000,  1.00000000,1,0,0.050000000000000003,0.5
659.4333,  1.00000000,1,0,0.0,0.5
659.4667,  1.00000000,1,0,0.050000000000000003,0.5
659.5000,  1.00000000,1,0,0.0,0.5
659.5333,  1.00000000,1,0,0.0,0.5
659.5667,  1.00000000,1,0,0.0,0.5
659.6000,  1.00000000,1,0,0.025000000000000001,0.5
659.6333,  1.00000000,1,0,0.025000000000000001,0.5
659.6667,  1.00000000,1,0,0.0,0.5
659.7000,  1.00000000,1,0,0.0,0.5
659.7333,  1.00000000,1,0,0.0,0.5
659.7667,  1.00000000,1,0,0.025000000000000001,0.5
659.8000,  1.00000000,1,0,0.025000000000000001,0.5
659.8333,  1.00000000,1,0,0.0,0.5
659.8667,  1.00000000,1,0,0.074999999999999997,0.5
659.9000,  1.00000000,1,0,0.050000000000000003,0.5
659.9333,  1.00000000,1,0,0.025000000000000001,0.5
659.9667,  1.00000000,1,0,0.050000000000000003,0.5
660.0000,  1.00000000,1,0,0.074999999999999997,0.5
660.0333,  1.00000000,1,0,0.050000000000000003,0.5
660.0667,  1.00000000,1,0,0.050000000000000003,0.5
660.1000,  1.00000000,1,0,0.0,0.5
660.1333,  1.00000000,1,0,0.025000000000000001,0.5
660.1667,  1.00000000,1,0,0.025000000000000001,0.5
660.2000,  1.00000000,1,0,0.025000000000000001,0.5
660.2333,  1.00000000,1,0,0.074999999999999997,0.5
660.2667,  1.00000000,1,0,0.0,0.5
660.3000,  1.00000000,1,0,0.025000000000000001,0.5
660.3333,  1.00000000,1,0,0.074999999999999997,0.5
660.3667,  1.00000000,1,0,0.0,0.5
660.4000,  1.00000000,1,0,0.074999999999999997,0.5
660.4333,  1.00000000,1,0,0.025000000000000001,0.5
660.4667,  1.00000000,1,0,0.050000000000000003,0.5
660.5000,  1.00000000,1,0,0.050000000000000003,0.5
660.5333,  1.00000000,1,0,0.0,0.5
660.5667,  1.00000000,1,0,0.0,0.5
660.6000,  1.00000000,1,0,0.050000000000000003,0.5
660.6333,  1.00000000,1,0,0.050000000000000003,0.5
660.6667,  1.00000000,1,0,0.025000000000000001,0.5
660.7000,  1.00000000,1,0,0.074999999999999997,0.5
660.7333,  1.00000000,1,0,0.025000000000000001,0.5
660.7667,  1.00000000,1,0,0.0,0.5
660.8000,  1.00000000,1,0,0.050000000000000003,0.5
660.8333,  1.00000000,1,0,0.074999999999999997,0.5
660.8667,  1.00000000,1,0,0.0,0.5
660.9000,  1.00000000,1,0,0.050000000000000003,0.5
660.9333,  1.00000000,1,0,0.025000000000000001,0.5
660.9667,  1.00000000,1,0,0.025000000000000001,0.5
661.0000,  1.00000000,1,0,0.050000000000000003,0.5
661.0333,  1.00000000,1,0,0.025000000000000001,0.5
661.0667,  1.00000000,1,0,0.0,0.5
661.1000,  1.00000000,1,0,0.050000000000000003,0.5
661.1333,  1.00000000,1,0,0.0,0.5
661.1667,  1.00000000,1,0,0.025000000000000001,0.5
661.2000,  1.00000000,1,0,0.025000000000000001,0.5
661.2333,  1.00000000,1,0,0.025000000000000001,0.5
661.2667,  1.00000000,1,0,0.0,0.5
661.3000,  1.00000000,1,0,0.050000000000000003,0.5
661.3333,  1.00000000,1,0,0.050000000000000003,0.5
661.3667,  1.00000000,1,0,0.025000000000000001,0.5
661.4000,  1.00000000,1,0,0.0,0.5
661.4333,  1.00000000,1,0,0.025000000000000001,0.5
661.4667,  1.00000000,1,0,0.025000000000000001,0.5
661.5000,  1.00000000,1,0,0.025000000000000001,0.5
661.5333,  1.00000000,1,0,0.025000000000000001,0.5
661.5667,  1.00000000,1,0,0.0,0.5
661.6000,  1.00000000,1,0,0.050000000000000003,0.5
661.6333,  1.00000000,1,0,0.050000000000000003,0.5
661.6667,  1.00000000,1,0,0.074999999999999997,0.5
661.7000,  1.00000000,1,0,0.0,0.5
661.7333,  1.00000000,1,0,0.025000000000000001,0.5
661.7667,  1.00000000,1,0,0.025000000000000001,0.5
661.8000,  1.00000000,1,0,0.025000000000000001,0.5
661.8333,  1.00000000,1,0,0.025000000000000001,0.5
661.8667,  1.00000000,1,0,0.025000000000000001,0.5
661.9000,  1.00000000,1,0,0.025000000000000001,0.5
661.9333,  1.00000000,1,0,0.050000000000000003,0.5
661.9667,  1.00000000,1,0,0.025000000000000001,0.5
662.0000,  1.00000000,1,0,0.025000000000000001,0.5
662.0333,  1.00000000,1,0,0.0,0.5
662.0667,  1.00000000,1,0,0.050000000000000003,0.5
662.1000,  1.00000000,1,0,0.050000000000000003,0.5
662.1333,  1.00000000,1,0,0.050000000000000003,0.5
662.1667,  1.00000000,1,0,0.074999999999999997,0.5
662.2000,  1.00000000,1,0,0.050000000000000003,0.5
662.2333,  1.00000000,1,0,0.050000000000000003,0.5
662.2667,  1.00000000,1,0,0.0,0.5
662.3000,  1.00000000,1,0,0.0,0.5
662.3333,  1.00000000,1,0,0.025000000000000001,0.5
662.3667,  1.00000000,1,0,0.050000000000000003,0.5
662.4000,  1.00000000,1,0,0.074999999999999997,0.5
662.4333,  1.00000000,1,0,0.025000000000000001,0.5
662.4667,  1.00000000,1,0,0.074999999999999997,0.5
662.5000,  1.00000000,1,0,0.074999999999999997,0.5
662.5333,  1.00000000,1,0,0.050000000000000003,0.5
662.5667,  1.00000000,1,0,0.050000000000000003,0.5
662.6000,  1.00000000,1,0,0.050000000000000003,0.5
662.6333,  1.00000000,1,0,0.050000000000000003,0.5
662.6667,  1.00000000,1,0,0.025000000000000001,0.5
662.7000,  1.00000000,1,0,0.050000000000000003,0.5
662.7333,  1.00000000,1,0,0.074999999999999997,0.5
662.7667,  1.00000000,1,0,0.025000000000000001,0.5
662.8000,  1.00000000,1,0,0.025000000000000001,0.5
662.8333,  1.00000000,1,0,0.0,0.5
662.8667,  1.00000000,1,0,0.050000000000000003,0.5
662.9000,  1.00000000,1,0,0.050000000000000003,0.5
662.9333,  1.00000000,1,0,0.050000000000000003,0.5
662.9667,  1.00000000,1,0,0.050000000000000003,0.5
663.0000,  1.00000000,1,0,0.050000000000000003,0.5
663.0333,  1.00000000,1,0,0.025000000000000001,0.5
663.0667,  1.00000000,1,0,0.025000000000000001,0.5
663.1000,  1.00000000,1,0,0.025000000000000001,0.5
663.1333,  1.00000000,1,0,0.025000000000000001,0.5
663.1667,  1.00000000,1,0,0.0,0.5
663.2000,  1.00000000,1,0,0.025000000000000001,0.5
663.2333,  1.00000000,1,0,0.0,0.5
663.2667,  1.00000000,1,0,0.025000000000000001,0.5
663.3000,  1.00000000,1,0,0.025000000000000001,0.5
663.3333,  1.00000000,1,0,0.025000000000000001,0.5
663.3667,  1.00000000,1,0,0.025000000000000001,0.5
663.4000,  1.00000000,1,0,0.050000000000000003,0.5
663.4333,  1.00000000,1,0,0.0,0.5
663.4667,  1.00000000,1,0,0.025000000000000001,0.5
663.5000,  1.00000000,1,0,0.025000000000000001,0.5
663.5333,  1.00000000,1,0,0.025000000000000001,0.5
663.5667,  1.00000000,1,0,0.074999999999999997,0.5
663.6000,  1.00000000,1,0,0.0,0.5
663.6333,  1.00000000,1,0,0.025000000000000001,0.5
663.6667,  1.00000000,1,0,0.025000000000000001,0.5
663.7000,  1.00000000,1,0,0.0,0.5
663.7333,  1.00000000,1,0,0.0,0.5
663.7667,  1.00000000,1,0,0.050000000000000003,0.5
663.8000,  1.00000000,1,0,0.0,0.5
663.8333,  1.00000000,1,0,0.0,0.5
663.8667,  1.00000000,1,0,0.0,0.5
663.9000,  1.00000000,1,0,0.025000000000000001,0.5
663.9333,  1.00000000,1,0,0.025000000000000001,0.5
663.9667,  1.00000000,1,0,0.025000000000000001,0.5
664.0000,  1.00000000,1,0,0.050000000000000003,0.5
664.0333,  1.00000000,1,0,0.0,0.5
664.0667,  1.00000000,1,0,0.025000000000000001,0.5
664.1000,  1.00000000,1,0,0.025000000000000001,0.5
664.1333,  1.00000000,1,0,0.025000000000000001,0.5
664.1667,  1.00000000,1,0,0.050000000000000003,0.5
664.2000,  1.00000000,1,0,0.025000000000000001,0.5
664.2333,  1.00000000,1,0,0.025000000000000001,0.5
664.2667,  1.00000000,1,0,0.0,0.5
664.3000,  1.00000000,1,0,0.050000000000000003,0.5
664.3333,  1.00000000,1,0,0.025000000000000001,0.5
664.3667,  1.00000000,1,0,0.025000000000000001,0.5
664.4000,  1.00000000,1,0,0.0,0.5
664.4333,  1.00000000,1,0,0.025000000000000001,0.5
664.4667,  1.00000000,1,0,0.025000000000000001,0.5
664.5000,  1.00000000,1,0,0.050000000000000003,0.5
664.5333,  1.00000000,1,0,0.0,0.5
664.5667,  1.00000000,1,0,0.0,0.5
664.6000,  1.00000000,1,0,0.0,0.5
664.6333,  1.00000000,1,0,0.0,0.5
664.6667,  1.00000000,1,0,0.0,0.5
664.7000,  1.00000000,1,0,0.050000000000000003,0.5
664.7333,  1.00000000,1,0,0.0,0.5
664.7667,  1.00000000,1,0,0.050000000000000003,0.5
664.8000,  1.00000000,1,0,0.0,0.5
664.8333,  1.00000000,1,0,0.025000000000000001,0.5
664.8667,  1.00000000,1,0,0.025000000000000001,0.5
664.9000,  1.00000000,1,0,0.050000000000000003,0.5
664.9333,  1.00000000,1,0,0.050000000000000003,0.5
664.9667,  1.00000000,1,0,0.025000000000000001,0.5
665.0000,  1.00000000,1,0,0.0,0.5
665.0333,  1.00000000,1,0,0.050000000000000003,0.5
665.0667,  1.00000000,1,0,0.0,0.5
665.1000,  1.00000000,1,0,0.0,0.5
665.1333,  1.00000000,1,0,0.0,0.5
665.1667,  1.00000000,1,0,0.025000000000000001,0.5
665.2000,  1.00000000,1,0,0.050000000000000003,0.5
665.2333,  1.00000000,1,0,0.0,0.5
665.2667,  1.00000000,1,0,0.0,0.5
665.3000,  1.00000000,1,0,0.0,0.5
665.3333,  1.00000000,1,0,0.025000000000000001,0.5
665.3667,  1.00000000,1,0,0.025000000000000001,0.5
665.4000,  1.00000000,1,0,0.074999999999999997,0.5
665.4333,  1.00000000,1,0,0.074999999999999997,0.5
665.4667,  1.00000000,1,0,0.025000000000000001,0.5
665.5000,  1.00000000,1,0,0.0,0.5
665.5333,  1.00000000,1,0,0.0,0.5
665.5667,  1.00000000,1,0,0.025000000000000001,0.5
665.6000,  1.00000000,1,0,0.025000000000000001,0.5
665.6333,  1.00000000,1,0,0.025000000000000001,0.5
665.6667,  1.00000000,1,0,0.0,0.5
665.7000,  1.00000000,1,0,0.025000000000000001,0.5
665.7333,  1.00000000,1,0,0.050000000000000003,0.5
665.7667,  1.00000000,1,0,0.050000000000000003,0.5
665.8000,  1.00000000,1,0,0.050000000000000003,0.5
665.8333,  1.00000000,1,0,0.074999999999999997,0.5
665.8667,  1.00000000,1,0,0.025000000000000001,0.5
665.9000,  1.00000000,1,0,0.0,0.5
665.9333,  1.00000000,1,0,0.0,0.5
665.9667,  1.00000000,1,0,0.025000000000000001,0.5
666.0000,  1.00000000,1,0,0.050000000000000003,0.5
666.0333,  1.00000000,1,0,0.025000000000000001,0.5
666.0667,  1.00000000,1,0,0.025000000000000001,0.5
666.1000,  1.00000000,1,0,0.0,0.5
666.1333,  1.00000000,1,0,0.0,0.5
666.1667,  1.00000000,1,0,0.074999999999999997,0.5
666.2000,  1.00000000,1,0,0.0,0.5
666.2333,  1.00000000,1,0,0.050000000000000003,0.5
666.2667,  1.00000000,1,0,0.050000000000000003,0.5
666.3000,  1.00000000,1,0,0.025000000000000001,0.5
666.3333,  1.00000000,1,0,0.074999999999999997,0.5
666.3667,  1.00000000,1,0,0.0,0.5
666.4000,  1.00000000,1,0,0.025000000000000001,0.5
666.4333,  1.00000000,1,0,0.0,0.5
666.4667,  1.00000000,1,0,0.050000000000000003,0.5
666.5000,  1.00000000,1,0,0.050000000000000003,0.5
666.5333,  1.00000000,1,0,0.050000000000000003,0.5
666.5667,  1.00000000,1,0,0.025000000000000001,0.5
666.6000,  1.00000000,1,0,0.025000000000000001,0.5
666.6333,  1.00000000,1,0,0.025000000000000001,0.5
666.6667,  1.00000000,1,0,0.0,0.5
666.7000,  1.00000000,1,0,0.050000000000000003,0.5
666.7333,  1.00000000,1,0,0.0,0.5
666.7667,  1.00000000,1,0,0.025000000000000001,0.5
666.8000,  1.00000000,1,0,0.0,0.5
666.8333,  1.00000000,1,0,0.025000000000000001,0.5
666.8667,  1.00000000,1,0,0.025000000000000001,0.5
666.9000,  1.00000000,1,0,0.050000000000000003,0.5
666.9333,  1.00000000,1,0,0.025000000000000001,0.5
666.9667,  1.00000000,1,0,0.0,0.5
667.0000,  1.00000000,1,0,0.025000000000000001,0.5
667.0333,  1.00000000,1,0,0.050000000000000003,0.5
667.0667,  1.00000000,1,0,0.025000000000000001,0.5
667.1000,  1.00000000,1,0,0.0,0.5
667.1333,  1.00000000,1,0,0.025000000000000001,0.5
667.1667,  1.00000000,1,0,0.025000000000000001,0.5
667.2000,  1.00000000,1,0,0.074999999999999997,0.5
667.2333,  1.00000000,1,0,0.025000000000000001,0.5
667.2667,  1.00000000,1,0,0.050000000000000003,0.5
667.3000,  1.00000000,1,0,0.0,0.5
667.3333,  1.00000000,1,0,0.050000000000000003,0.5
667.3667,  1.00000000,1,0,0.025000000000000001,0.5
667.4000,  1.00000000,1,0,0.025000000000000001,0.5
667.4333,  1.00000000,1,0,0.074999999999999997,0.5
667.4667,  1.00000000,1,0,0.025000000000000001,0.5
667.5000,  1.00000000,1,0,0.050000000000000003,0.5
667.5333,  1.00000000,1,0,0.025000000000000001,0.5
667.5667,  1.00000000,1,0,0.025000000000000001,0.5
667.6000,  1.00000000,1,0,0.0,0.5
667.6333,  1.00000000,1,0,0.0,0.5
667.6667,  1.00000000,1,0,0.050000000000000003,0.5
667.7000,  1.00000000,1,0,0.074999999999999997,0.5
667.7333,  1.00000000,1,0,0.074999999999999997,0.5
667.7667,  1.00000000,1,0,0.025000000000000001,0.5
667.8000,  1.00000000,1,0,0.025000000000000001,0.5
667.8333,  1.00000000,1,0,0.050000000000000003,0.5
667.8667,  1.00000000,1,0,0.025000000000000001,0.5
667.9000,  1.00000000,1,0,0.025000000000000001,0.5
667.9333,  1.00000000,1,0,0.025000000000000001,0.5
667.9667,  1.00000000,1,0,0.025000000000000001,0.5
668.0000,  1.00000000,1,0,0.050000000000000003,0.5
668.0333,  1.00000000,1,0,0.050000000000000003,0.5
668.0667,  1.00000000,1,0,0.050000000000000003,0.5
668.1000,  1.00000000,1,0,0.025000000000000001,0.5
668.1333,  1.00000000,1,0,0.0,0.5
668.1667,  1.00000000,1,0,0.025000000000000001,0.5
668.2000,  1.00000000,1,0,0.025000000000000001,0.5
668.2333,  1.00000000,1,0,0.025000000000000001,0.5
668.2667,  1.00000000,1,0,0.050000000000000003,0.5
668.3000,  1.00000000,1,0,0.0,0.5
668.3333,  1.00000000,1,0,0.025000000000000001,0.5
668.3667,  1.00000000,1,0,0.025000000000000001,0.5
668.4000,  1.00000000,1,0,0.025000000000000001,0.5
668.4333,  1.00000000,1,0,0.0,0.5
668.4667,  1.00000000,1,0,0.025000000000000001,0.5
668.5000,  1.00000000,1,0,0.0,0.5
668.5333,  1.00000000,1,0,0.025000000000000001,0.5
668.5667,  1.00000000,1,0,0.025000000000000001,0.5
668.6000,  1.00000000,1,0,0.050000000000000003,0.5
668.6333,  1.00000000,1,0,0.074999999999999997,0.5
668.6667,  1.00000000,1,0,0.025000000000000001,0.5
668.7000,  1.00000000,1,0,0.050000000000000003,0.5
668.7333,  1.00000000,1,0,0.0,0.5
668.7667,  1.00000000,1,0,0.025000000000000001,0.5
668.8000,  1.00000000,1,0,0.050000000000000003,0.5
668.8333,  1.00000000,1,0,0.0,0.5
668.8667,  1.00000000,1,0,0.0,0.5
668.9000,  1.00000000,1,0,0.074999999999999997,0.5
668.9333,  1.00000000,1,0,0.025000000000000001,0.5
668.9667,  1.00000000,1,0,0.0,0.5
669.0000,  1.00000000,1,0,0.025000000000000001,0.5
669.0333,  1.00000000,1,0,0.025000000000000001,0.5
669.0667,  1.00000000,1,0,0.025000000000000001,0.5
669.1000,  1.00000000,1,0,0.0,0.5
669.1333,  1.00000000,1,0,0.0,0.5
669.1667,  1.00000000,1,0,0.025000000000000001,0.5
669.2000,  1.00000000,1,0,0.025000000000000001,0.5
669.2333,  1.00000000,1,0,0.025000000000000001,0.5
669.2667,  1.00000000,1,0,0.0,0.5
669.3000,  1.00000000,1,0,0.050000000000000003,0.5
669.3333,  1.00000000,1,0,0.050000000000000003,0.5
669.3667,  1.00000000,1,0,0.050000000000000003,0.5
669.4000,  1.00000000,1,0,0.025000000000000001,0.5
669.4333,  1.00000000,1,0,0.025000000000000001,0.5
669.4667,  1.00000000,1,0,0.025000000000000001,0.5
669.5000,  1.00000000,1,0,0.025000000000000001,0.5
669.5333,  1.00000000,1,0,0.025000000000000001,0.5
669.5667,  1.00000000,1,0,0.0,0.5
669.6000,  1.00000000,1,0,0.0,0.5
669.6333,  1.00000000,1,0,0.025000000000000001,0.5
669.6667,  1.00000000,1,0,0.025000000000000001,0.5
669.7000,  1.00000000,1,0,0.050000000000000003,0.5
669.7333,  1.00000000,1,0,0.050000000000000003,0.5
669.7667,  1.00000000,1,0,0.0,0.5
669.8000,  1.00000000,1,0,0.050000000000000003,0.5
669.8333,  1.00000000,1,0,0.050000000000000003,0.5
669.8667,  1.00000000,1,0,0.074999999999999997,0.5
669.9000,  1.00000000,1,0,0.025000000000000001,0.5
669.9333,  1.00000000,1,0,0.050000000000000003,0.5
669.9667,  1.00000000,1,0,0.050000000000000003,0.5
670.0000,  1.00000000,1,0,0.025000000000000001,0.5
670.0333,  1.00000000,1,0,0.050000000000000003,0.5
670.0667,  1.00000000,1,0,0.0,0.5
670.1000,  1.00000000,1,0,0.025000000000000001,0.5
670.1333,  1.00000000,1,0,0.0,0.5
670.1667,  1.00000000,1,0,0.0,0.5
670.2000,  1.00000000,1,0,0.025000000000000001,0.5
670.2333,  1.00000000,1,0,0.025000000000000001,0.5
670.2667,  1.00000000,1,0,0.025000000000000001,0.5
670.3000,  1.00000000,1,0,0.0,0.5
670.3333,  1.00000000,1,0,0.050000000000000003,0.5
670.3667,  1.00000000,1,0,0.050000000000000003,0.5
670.4000,  1.00000000,1,0,0.025000000000000001,0.5
670.4333,  1.00000000,1,0,0.050000000000000003,0.5
670.4667,  1.00000000,1,0,0.050000000000000003,0.5
670.5000,  1.00000000,1,0,0.050000000000000003,0.5
670.5333,  1.00000000,1,0,0.025000000000000001,0.5
670.5667,  1.00000000,1,0,0.025000000000000001,0.5
670.6000,  1.00000000,1,0,0.025000000000000001,0.5
670.6333,  1.00000000,1,0,0.025000000000000001,0.5
670.6667,  1.00000000,1,0,0.025000000000000001,0.5
670.7000,  1.00000000,1,0,0.050000000000000003,0.5
670.7333,  1.00000000,1,0,0.025000000000000001,0.5
670.7667,  1.00000000,1,0,0.050000000000000003,0.5
670.8000,  1.00000000,1,0,0.0,0.5
670.8333,  1.00000000,1,0,0.025000000000000001,0.5
670.8667,  1.00000000,1,0,0.025000000000000001,0.5
670.9000,  1.00000000,1,0,0.0,0.5
670.9333,  1.00000000,1,0,0.074999999999999997,0.5
670.9667,  1.00000000,1,0,0.050000000000000003,0.5
671.0000,  1.00000000,1,0,0.0,0.5
671.0333,  1.00000000,1,0,0.025000000000000001,0.5
671.0667,  1.00000000,1,0,0.025000000000000001,0.5
671.1000,  1.00000000,1,0,0.025000000000000001,0.5
671.1333,  1.00000000,1,0,0.025000000000000001,0.5
671.1667,  1.00000000,1,0,0.025000000000000001,0.5
671.2000,  1.00000000,1,0,0.025000000000000001,0.5
671.2333,  1.00000000,1,0,0.050000000000000003,0.5
671.2667,  1.00000000,1,0,0.025000000000000001,0.5
671.3000,  1.00000000,1,0,0.050000000000000003,0.5
671.3333,  1.00000000,1,0,0.0,0.5
671.3667,  1.00000000,1,0,0.074999999999999997,0.5
671.4000,  1.00000000,1,0,0.074999999999999997,0.5
671.4333,  1.00000000,1,0,0.050000000000000003,0.5
671.4667,  1.00000000,1,0,0.050000000000000003,0.5
671.5000,  1.00000000,1,0,0.025000000000000001,0.5
671.5333,  1.00000000,1,0,0.025000000000000001,0.5
671.5667,  1.00000000,1,0,0.025000000000000001,0.5
671.6000,  1.00000000,1,0,0.074999999999999997,0.5
671.6333,  1.00000000,1,0,0.025000000000000001,0.5
671.6667,  1.00000000,1,0,0.074999999999999997,0.5
671.7000,  1.00000000,1,0,0.025000000000000001,0.5
671.7333,  1.00000000,1,0,0.025000000000000001,0.5
671.7667,  1.00000000,1,0,0.050000000000000003,0.5
671.8000,  1.00000000,1,0,0.050000000000000003,0.5
671.8333,  1.00000000,1,0,0.074999999999999997,0.5
671.8667,  1.00000000,1,0,0.050000000000000003,0.5
671.9000,  1.00000000,1,0,0.025000000000000001,0.5
671.9333,  1.00000000,1,0,0.050000000000000003,0.5
671.9667,  1.00000000,1,0,0.050000000000000003,0.5
672.0000,  1.00000000,1,0,0.050000000000000003,0.5
672.0333,  1.00000000,1,0,0.025000000000000001,0.5
672.0667,  1.00000000,1,0,0.025000000000000001,0.5
672.1000,  1.00000000,1,0,0.025000000000000001,0.5
672.1333,  1.00000000,1,0,0.025000000000000001,0.5
672.1667,  1.00000000,1,0,0.050000000000000003,0.5
672.2000,  1.00000000,1,0,0.050000000000000003,0.5
672.2333,  1.00000000,1,0,0.074999999999999997,0.5
672.2667,  1.00000000,1,0,0.050000000000000003,0.5
672.3000,  1.00000000,1,0,0.025000000000000001,0.5
672.3333,  1.00000000,1,0,0.025000000000000001,0.5
672.3667,  1.00000000,1,0,0.050000000000000003,0.5
672.4000,  1.00000000,1,0,0.025000000000000001,0.5
672.4333,  1.00000000,1,0,0.025000000000000001,0.5
672.4667,  1.00000000,1,0,0.050000000000000003,0.5
672.5000,  1.00000000,1,0,0.050000000000000003,0.5
672.5333,  1.00000000,1,0,0.050000000000000003,0.5
672.5667,  1.00000000,1,0,0.0,0.5
672.6000,  1.00000000,1,0,0.025000000000000001,0.5
672.6333,  1.00000000,1,0,0.074999999999999997,0.5
672.6667,  1.00000000,1,0,0.050000000000000003,0.5
672.7000,  1.00000000,1,0,0.025000000000000001,0.5
672.7333,  1.00000000,1,0,0.074999999999999997,0.5
672.7667,  1.00000000,1,0,0.050000000000000003,0.5
672.8000,  1.00000000,1,0,0.050000000000000003,0.5
672.8333,  1.00000000,1,0,0.0,0.5
672.8667,  1.00000000,1,0,0.025000000000000001,0.5
672.9000,  1.00000000,1,0,0.074999999999999997,0.5
672.9333,  1.00000000,1,0,0.050000000000000003,0.5
672.9667,  1.00000000,1,0,0.0,0.5
673.0000,  1.00000000,1,0,0.025000000000000001,0.5
673.0333,  1.00000000,1,0,0.025000000000000001,0.5
673.0667,  1.00000000,1,0,0.025000000000000001,0.5
673.1000,  1.00000000,1,0,0.074999999999999997,0.5
673.1333,  1.00000000,1,0,0.0,0.5
673.1667,  1.00000000,1,0,0.025000000000000001,0.5
673.2000,  1.00000000,1,0,0.050000000000000003,0.5
673.2333,  1.00000000,1,0,0.0,0.5
673.2667,  1.00000000,1,0,0.074999999999999997,0.5
673.3000,  1.00000000,1,0,0.0,0.5
673.3333,  1.00000000,1,0,0.050000000000000003,0.5
673.3667,  1.00000000,1,0,0.0,0.5
673.4000,  1.00000000,1,0,0.074999999999999997,0.5
673.4333,  1.00000000,1,0,0.0,0.5
673.4667,  1.00000000,1,0,0.025000000000000001,0.5
673.5000,  1.00000000,1,0,0.0,0.5
673.5333,  1.00000000,1,0,0.0,0.5
673.5667,  1.00000000,1,0,0.025000000000000001,0.5
673.6000,  1.00000000,1,0,0.050000000000000003,0.5
673.6333,  1.00000000,1,0,0.0,0.5
673.6667,  1.00000000,1,0,0.0,0.5
673.7000,  1.00000000,1,0,0.025000000000000001,0.5
673.7333,  1.00000000,1,0,0.025000000000000001,0.5
673.7667,  1.00000000,1,0,0.025000000000000001,0.5
673.8000,  1.00000000,1,0,0.0,0.5
673.8333,  1.00000000,1,0,0.025000000000000001,0.5
673.8667,  1.00000000,1,0,0.025000000000000001,0.5
673.9000,  1.00000000,1,0,0.0,0.5
673.9333,  1.00000000,1,0,0.050000000000000003,0.5
673.9667,  1.00000000,1,0,0.025000000000000001,0.5
674.0000,  1.00000000,1,0,0.025000000000000001,0.5
674.0333,  1.00000000,1,0,0.025000000000000001,0.5
674.0667,  1.00000000,1,0,0.025000000000000001,0.5
674.1000,  1.00000000,1,0,0.025000000000000001,0.5
674.1333,  1.00000000,1,0,0.050000000000000003,0.5
674.1667,  1.00000000,1,0,0.025000000000000001,0.5
674.2000,  1.00000000,1,0,0.0,0.5
674.2333,  1.00000000,1,0,0.0,0.5
674.2667,  1.00000000,1,0,0.025000000000000001,0.5
674.3000,  1.00000000,1,0,0.0,0.5
674.3333,  1.00000000,1,0,0.0,0.5
674.3667,  1.00000000,1,0,0.0,0.5
674.4000,  1.00000000,1,0,0.025000000000000001,0.5
674.4333,  1.00000000,1,0,0.050000000000000003,0.5
674.4667,  1.00000000,1,0,0.025000000000000001,0.5
674.5000,  1.00000000,1,0,0.025000000000000001,0.5
674.5333,  1.00000000,1,0,0.025000000000000001,0.5
674.5667,  1.00000000,1,0,0.074999999999999997,0.5
674.6000,  1.00000000,1,0,0.025000000000000001,0.5
674.6333,  1.00000000,1,0,0.025000000000000001,0.5
674.6667,  1.00000000,1,0,0.025000000000000001,0.5
674.7000,  1.00000000,1,0,0.0,0.5
674.7333,  1.00000000,1,0,0.050000000000000003,0.5
674.7667,  1.00000000,1,0,0.050000000000000003,0.5
674.8000,  1.00000000,1,0,0.025000000000000001,0.5
674.8333,  1.00000000,1,0,0.025000000000000001,0.5
674.8667,  1.00000000,1,0,0.025000000000000001,0.5
674.9000,  1.00000000,1,0,0.050000000000000003,0.5
674.9333,  1.00000000,1,0,0.025000000000000001,0.5
674.9667,  1.00000000,1,0,0.025000000000000001,0.5
675.0000,  1.00000000,1,0,0.025000000000000001,0.5
675.0333,  1.00000000,1,0,0.050000000000000003,0.5
675.0667,  1.00000000,1,0,0.025000000000000001,0.5
675.1000,  1.00000000,1,0,0.0,0.5
675.1333,  1.00000000,1,0,0.050000000000000003,0.5
675.1667,  1.00000000,1,0,0.050000000000000003,0.5
675.2000,  1.00000000,1,0,0.050000000000000003,0.5
675.2333,  1.00000000,1,0,0.050000000000000003,0.5
675.2667,  1.00000000,1,0,0.0,0.5
675.3000,  1.00000000,1,0,0.050000000000000003,0.5
675.3333,  1.00000000,1,0,0.074999999999999997,0.5
675.3667,  1.00000000,1,0,0.025000000000000001,0.5
675.4000,  1.00000000,1,0,0.025000000000000001,0.5
675.4333,  1.00000000,1,0,0.050000000000000003,0.5
675.4667,  1.00000000,1,0,0.050000000000000003,0.5
675.5000,  1.00000000,1,0,0.050000000000000003,0.5
675.5333,  1.00000000,1,0,0.050000000000000003,0.5
675.5667,  1.00000000,1,0,0.0,0.5
675.6000,  1.00000000,1,0,0.0,0.5
675.6333,  1.00000000,1,0,0.074999999999999997,0.5
675.6667,  1.00000000,1,0,0.025000000000000001,0.5
675.7000,  1.00000000,1,0,0.050000000000000003,0.5
675.7333,  1.00000000,1,0,0.025000000000000001,0.5
675.7667,  1.00000000,1,0,0.025000000000000001,0.5
675.8000,  1.00000000,1,0,0.050000000000000003,0.5
675.8333,  1.00000000,1,0,0.025000000000000001,0.5
675.8667,  1.00000000,1,0,0.074999999999999997,0.5
675.9000,  1.00000000,1,0,0.025000000000000001,0.5
675.9333,  1.00000000,1,0,0.050000000000000003,0.5
675.9667,  1.00000000,1,0,0.050000000000000003,0.5
676.0000,  1.00000000,1,0,0.025000000000000001,0.5
676.0333,  1.00000000,1,0,0.050000000000000003,0.5
676.0667,  1.00000000,1,0,0.050000000000000003,0.5
676.1000,  1.00000000,1,0,0.0,0.5
676.1333,  1.00000000,1,0,0.025000000000000001,0.5
676.1667,  1.00000000,1,0,0.050000000000000003,0.5
676.2000,  1.00000000,1,0,0.0,0.5
676.2333,  1.00000000,1,0,0.074999999999999997,0.5
676.2667,  1.00000000,1,0,0.050000000000000003,0.5
676.3000,  1.00000000,1,0,0.074999999999999997,0.5
676.3333,  1.00000000,1,0,0.0,0.5
676.3667,  1.00000000,1,0,0.050000000000000003,0.5
676.4000,  1.00000000,1,0,0.025000000000000001,0.5
676.4333,  1.00000000,1,0,0.050000000000000003,0.5
676.4667,  1.00000000,1,0,0.025000000000000001,0.5
676.5000,  1.00000000,1,0,0.050000000000000003,0.5
676.5333,  1.00000000,1,0,0.0,0.5
676.5667,  1.00000000,1,0,0.025000000000000001,0.5
676.6000,  1.00000000,1,0,0.0,0.5
676.6333,  1.00000000,1,0,0.050000000000000003,0.5
676.6667,  1.00000000,1,0,0.025000000000000001,0.5
676.7000,  1.00000000,1,0,0.025000000000000001,0.5
676.7333,  1.00000000,1,0,0.025000000000000001,0.5
676.7667,  1.00000000,1,0,0.074999999999999997,0.5
676.8000,  1.00000000,1,0,0.025000000000000001,0.5
676.8333,  1.00000000,1,0,0.025000000000000001,0.5
676.8667,  1.00000000,1,0,0.0,0.5
676.9000,  1.00000000,1,0,0.025000000000000001,0.5
676.9333,  1.00000000,1,0,0.0,0.5
676.9667,  1.00000000,1,0,0.0,0.5
677.0000,  1.00000000,1,0,0.0,0.5
677.0333,  1.00000000,1,0,0.0,0.5
677.0667,  1.00000000,1,0,0.025000000000000001,0.5
677.1000,  1.00000000,1,0,0.0,0.5
677.1333,  1.00000000,1,0,0.050000000000000003,0.5
677.1667,  1.00000000,1,0,0.025000000000000001,0.5
677.2000,  1.00000000,1,0,0.0,0.5
677.2333,  1.00000000,1,0,0.050000000000000003,0.5
677.2667,  1.00000000,1,0,0.050000000000000003,0.5
677.3000,  1.00000000,1,0,0.0,0.5
677.3333,  1.00000000,1,0,0.025000000000000001,0.5
677.3667,  1.00000000,1,0,0.025000000000000001,0.5
677.4000,  1.00000000,1,0,0.0,0.5
677.4333,  1.00000000,1,0,0.0,0.5
677.4667,  1.00000000,1,0,0.0,0.5
677.5000,  1.00000000,1,0,0.050000000000000003,0.5
677.5333,  1.00000000,1,0,0.025000000000000001,0.5
677.5667,  1.00000000,1,0,0.025000000000000001,0.5
677.6000,  1.00000000,1,0,0.025000000000000001,0.5
677.6333,  1.00000000,1,0,0.0,0.5
677.6667,  1.00000000,1,0,0.0,0.5
677.7000,  1.00000000,1,0,0.0,0.5
677.7333,  1.00000000,1,0,0.0,0.5
677.7667,  1.00000000,1,0,0.025000000000000001,0.5
677.8000,  1.00000000,1,0,0.0,0.5
677.8333,  1.00000000,1,0,0.0,0.5
677.8667,  1.00000000,1,0,0.0,0.5
677.9000,  1.00000000,1,0,0.025000000000000001,0.5
677.9333,  1.00000000,1,0,0.050000000000000003,0.5
677.9667,  1.00000000,1,0,0.025000000000000001,0.5
678.0000,  1.00000000,1,0,0.050000000000000003,0.5
678.0333,  1.00000000,1,0,0.0,0.5
678.0667,  1.00000000,1,0,0.025000000000000001,0.5
678.1000,  1.00000000,1,0,0.074999999999999997,0.5
678.1333,  1.00000000,1,0,0.0,0.5
678.1667,  1.00000000,1,0,0.0,0.5
678.2000,  1.00000000,1,0,0.050000000000000003,0.5
678.2333,  1.00000000,1,0,0.025000000000000001,0.5
678.2667,  1.00000000,1,0,0.074999999999999997,0.5
678.3000,  1.00000000,1,0,0.074999999999999997,0.5
678.3333,  1.00000000,1,0,0.050000000000000003,0.5
678.3667,  1.00000000,1,0,0.050000000000000003,0.5
678.4000,  1.00000000,1,0,0.025000000000000001,0.5
678.4333,  1.00000000,1,0,0.050000000000000003,0.5
678.4667,  1.00000000,1,0,0.050000000000000003,0.5
678.5000,  1.00000000,1,0,0.025000000000000001,0.5
678.5333,  1.00000000,1,0,0.025000000000000001,0.5
678.5667,  1.00000000,1,0,0.050000000000000003,0.5
678.6000,  1.00000000,1,0,0.025000000000000001,0.5
678.6333,  1.00000000,1,0,0.0,0.5
678.6667,  1.00000000,1,0,0.050000000000000003,0.5
678.7000,  1.00000000,1,0,0.0,0.5
678.7333,  1.00000000,1,0,0.025000000000000001,0.5
678.7667,  1.00000000,1,0,0.050000000000000003,0.5
678.8000,  1.00000000,1,0,0.0,0.5
678.8333,  1.00000000,1,0,0.050000000000000003,0.5
678.8667,  1.00000000,1,0,0.050000000000000003,0.5
678.9000,  1.00000000,1,0,0.050000000000000003,0.5
678.9333,  1.00000000,1,0,0.025000000000000001,0.5
678.9667,  1.00000000,1,0,0.025000000000000001,0.5
679.0000,  1.00000000,1,0,0.050000000000000003,0.5
679.0333,  1.00000000,1,0,0.025000000000000001,0.5
679.0667,  1.00000000,1,0,0.025000000000000001,0.5
679.1000,  1.00000000,1,0,0.050000000000000003,0.5
679.1333,  1.00000000,1,0,0.050000000000000003,0.5
679.1667,  1.00000000,1,0,0.025000000000000001,0.5
679.2000,  1.00000000,1,0,0.0,0.5
679.2333,  1.00000000,1,0,0.025000000000000001,0.5
679.2667,  1.00000000,1,0,0.050000000000000003,0.5
679.3000,  1.00000000,1,0,0.0,0.5
679.3333,  1.00000000,1,0,0.025000000000000001,0.5
679.3667,  1.00000000,1,0,0.025000000000000001,0.5
679.4000,  1.00000000,1,0,0.025000000000000001,0.5
679.4333,  1.00000000,1,0,0.0,0.5
679.4667,  1.00000000,1,0,0.050000000000000003,0.5
679.5000,  1.00000000,1,0,0.050000000000000003,0.5
679.5333,  1.00000000,1,0,0.025000000000000001,0.5
679.5667,  1.00000000,1,0,0.0,0.5
679.6000,  1.00000000,1,0,0.025000000000000001,0.5
679.6333,  1.00000000,1,0,0.050000000000000003,0.5
679.6667,  1.00000000,1,0,0.025000000000000001,0.5
679.7000,  1.00000000,1,0,0.050000000000000003,0.5
679.7333,  1.00000000,1,0,0.050000000000000003,0.5
679.7667,  1.00000000,1,0,0.074999999999999997,0.5
679.8000,  1.00000000,1,0,0.025000000000000001,0.5
679.8333,  1.00000000,1,0,0.025000000000000001,0.5
679.8667,  1.00000000,1,0,0.025000000000000001,0.5
679.9000,  1.00000000,1,0,0.050000000000000003,0.5
679.9333,  1.00000000,1,0,0.025000000000000001,0.5
679.9667,  1.00000000,1,0,0.025000000000000001,0.5
680.0000,  1.00000000,1,0,0.050000000000000003,0.5
680.0333,  1.00000000,1,0,0.0,0.5
680.0667,  1.00000000,1,0,0.050000000000000003,0.5
680.1000,  1.00000000,1,0,0.025000000000000001,0.5
680.1333,  1.00000000,1,0,0.025000000000000001,0.5
680.1667,  1.00000000,1,0,0.0,0.5
680.2000,  1.00000000,1,0,0.0,0.5
680.2333,  1.00000000,1,0,0.025000000000000001,0.5
680.2667,  1.00000000,1,0,0.0,0.5
680.3000,  1.00000000,1,0,0.050000000000000003,0.5
680.3333,  1.00000000,1,0,0.050000000000000003,0.5
680.3667,  1.00000000,1,0,0.050000000000000003,0.5
680.4000,  1.00000000,1,0,0.0,0.5
680.4333,  1.00000000,1,0,0.050000000000000003,0.5
680.4667,  1.00000000,1,0,0.025000000000000001,0.5
680.5000,  1.00000000,1,0,0.050000000000000003,0.5
680.5333,  1.00000000,1,0,0.0,0.5
680.5667,  1.00000000,1,0,0.050000000000000003,0.5
680.6000,  1.00000000,1,0,0.025000000000000001,0.5
680.6333,  1.00000000,1,0,0.0,0.5
680.6667,  1.00000000,1,0,0.074999999999999997,0.5
680.7000,  1.00000000,1,0,0.025000000000000001,0.5
680.7333,  1.00000000,1,0,0.025000000000000001,0.5
680.7667,  1.00000000,1,0,0.025000000000000001,0.5
680.8000,  1.00000000,1,0,0.050000000000000003,0.5
680.8333,  1.00000000,1,0,0.050000000000000003,0.5
680.8667,  1.00000000,1,0,0.025000000000000001,0.5
680.9000,  1.00000000,1,0,0.025000000000000001,0.5
680.9333,  1.00000000,1,0,0.050000000000000003,0.5
680.9667,  1.00000000,1,0,0.050000000000000003,0.5
681.0000,  1.00000000,1,0,0.025000000000000001,0.5
681.0333,  1.00000000,1,0,0.025000000000000001,0.5
681.0667,  1.00000000,1,0,0.050000000000000003,0.5
681.1000,  1.00000000,1,0,0.0,0.5
681.1333,  1.00000000,1,0,0.025000000000000001,0.5
681.1667,  1.00000000,1,0,0.0,0.5
681.2000,  1.00000000,1,0,0.0,0.5
681.2333,  1.00000000,1,0,0.0,0.5
681.2667,  1.00000000,1,0,0.025000000000000001,0.5
681.3000,  1.00000000,1,0,0.025000000000000001,0.5
681.3333,  1.00000000,1,0,0.025000000000000001,0.5
681.3667,  1.00000000,1,0,0.025000000000000001,0.5
681.4000,  1.00000000,1,0,0.025000000000000001,0.5
681.4333,  1.00000000,1,0,0.050000000000000003,0.5
681.4667,  1.00000000,1,0,0.050000000000000003,0.5
681.5000,  1.00000000,1,0,0.0,0.5
681.5333,  1.00000000,1,0,0.050000000000000003,0.5
681.5667,  1.00000000,1,0,0.025000000000000001,0.5
681.6000,  1.00000000,1,0,0.025000000000000001,0.5
681.6333,  1.00000000,1,0,0.025000000000000001,0.5
681.6667,  1.00000000,1,0,0.0,0.5
681.7000,  1.00000000,1,0,0.050000000000000003,0.5
681.7333,  1.00000000,1,0,0.025000000000000001,0.5
681.7667,  1.00000000,1,0,0.0,0.5
681.8000,  1.00000000,1,0,0.0,0.5
681.8333,  1.00000000,1,0,0.050000000000000003,0.5
681.8667,  1.00000000,1,0,0.0,0.5
681.9000,  1.00000000,1,0,0.050000000000000003,0.5
681.9333,  1.00000000,1,0,0.0,0.5
681.9667,  1.00000000,1,0,0.025000000000000001,0.5
682.0000,  1.00000000,1,0,0.025000000000000001,0.5
682.0333,  1.00000000,1,0,0.025000000000000001,0.5
682.0667,  1.00000000,1,0,0.0,0.5
682.1000,  1.00000000,1,0,0.025000000000000001,0.5
682.1333,  1.00000000,1,0,0.025000000000000001,0.5
682.1667,  1.00000000,1,0,0.025000000000000001,0.5
682.2000,  1.00000000,1,0,0.050000000000000003,0.5
682.2333,  1.00000000,1,0,0.025000000000000001,0.5
682.2667,  1.00000000,1,0,0.050000000000000003,0.5
682.3000,  1.00000000,1,0,0.025000000000000001,0.5
682.3333,  1.00000000,1,0,0.0,0.5
682.3667,  1.00000000,1,0,0.0,0.5
682.4000,  1.00000000,1,0,0.025000000000000001,0.5
682.4333,  1.00000000,1,0,0.0,0.5
682.4667,  1.00000000,1,0,0.025000000000000001,0.5
682.5000,  1.00000000,1,0,0.0,0.5
682.5333,  1.00000000,1,0,0.0,0.5
682.5667,  1.00000000,1,0,0.025000000000000001,0.5
682.6000,  1.00000000,1,0,0.0,0.5
682.6333,  1.00000000,1,0,0.0,0.5
682.6667,  1.00000000,1,0,0.025000000000000001,0.5
682.7000,  1.00000000,1,0,0.050000000000000003,0.5
682.7333,  1.00000000,1,0,0.025000000000000001,0.5
682.7667,  1.00000000,1,0,0.050000000000000003,0.5
682.8000,  1.00000000,1,0,0.025000000000000001,0.5
682.8333,  1.00000000,1,0,0.0,0.5
682.8667,  1.00000000,1,0,0.025000000000000001,0.5
682.9000,  1.00000000,1,0,0.025000000000000001,0.5
682.9333,  1.00000000,1,0,0.025000000000000001,0.5
682.9667,  1.00000000,1,0,0.0,0.5
683.0000,  1.00000000,1,0,0.025000000000000001,0.5
683.0333,  1.00000000,1,0,0.025000000000000001,0.5
683.0667,  1.00000000,1,0,0.025000000000000001,0.5
683.1000,  1.00000000,1,0,0.025000000000000001,0.5
683.1333,  1.00000000,1,0,0.0,0.5
683.1667,  1.00000000,1,0,0.0,0.5
683.2000,  1.00000000,1,0,0.0,0.5
683.2333,  1.00000000,1,0,0.0,0.5
683.2667,  1.00000000,1,0,0.025000000000000001,0.5
683.3000,  1.00000000,1,0,0.025000000000000001,0.5
683.3333,  1.00000000,1,0,0.050000000000000003,0.5
683.3667,  1.00000000,1,0,0.050000000000000003,0.5
683.4000,  1.00000000,1,0,0.025000000000000001,0.5
683.4333,  1.00000000,1,0,0.0,0.5
683.4667,  1.00000000,1,0,0.025000000000000001,0.5
683.5000,  1.00000000,1,0,0.050000000000000003,0.5
683.5333,  1.00000000,1,0,0.0,0.5
683.5667,  1.00000000,1,0,0.0,0.5
683.6000,  1.00000000,1,0,0.025000000000000001,0.5
683.6333,  1.00000000,1,0,0.0,0.5
683.6667,  1.00000000,1,0,0.0,0.5
683.7000,  1.00000000,1,0,0.0,0.5
683.7333,  1.00000000,1,0,0.025000000000000001,0.5
683.7667,  1.00000000,1,0,0.025000000000000001,0.5
683.8000,  1.00000000,1,0,0.025000000000000001,0.5
683.8333,  1.00000000,1,0,0.0,0.5
683.8667,  1.00000000,1,0,0.0,0.5
683.9000,  1.00000000,1,0,0.050000000000000003,0.5
683.9333,  1.00000000,1,0,0.0,0.5
683.9667,  1.00000000,1,0,0.0,0.5
684.0000,  1.00000000,1,0,0.025000000000000001,0.5
684.0333,  1.00000000,1,0,0.025000000000000001,0.5
684.0667,  1.00000000,1,0,0.0,0.5
684.1000,  1.00000000,1,0,0.025000000000000001,0.5
684.1333,  1.00000000,1,0,0.050000000000000003,0.5
684.1667,  1.00000000,1,0,0.050000000000000003,0.5
684.2000,  1.00000000,1,0,0.074999999999999997,0.5
684.2333,  1.00000000,1,0,0.025000000000000001,0.5
684.2667,  1.00000000,1,0,0.025000000000000001,0.5
684.3000,  1.00000000,1,0,0.050000000000000003,0.5
684.3333,  1.00000000,1,0,0.025000000000000001,0.5
684.3667,  1.00000000,1,0,0.074999999999999997,0.5
684.4000,  1.00000000,1,0,0.050000000000000003,0.5
684.4333,  1.00000000,1,0,0.074999999999999997,0.5
684.4667,  1.00000000,1,0,0.025000000000000001,0.5
684.5000,  1.00000000,1,0,0.050000000000000003,0.5
684.5333,  1.00000000,1,0,0.0,0.5
684.5667,  1.00000000,1,0,0.025000000000000001,0.5
684.6000,  1.00000000,1,0,0.025000000000000001,0.5
684.6333,  1.00000000,1,0,0.0,0.5
684.6667,  1.00000000,1,0,0.050000000000000003,0.5
684.7000,  1.00000000,1,0,0.074999999999999997,0.5
684.7333,  1.00000000,1,0,0.074999999999999997,0.5
684.7667,  1.00000000,1,0,0.050000000000000003,0.5
684.8000,  1.00000000,1,0,0.074999999999999997,0.5
684.8333,  1.00000000,1,0,0.074999999999999997,0.5
684.8667,  1.00000000,1,0,0.025000000000000001,0.5
684.9000,  1.00000000,1,0,0.050000000000000003,0.5
684.9333,  1.00000000,1,0,0.0,0.5
684.9667,  1.00000000,1,0,0.0,0.5
685.0000,  1.00000000,1,0,0.025000000000000001,0.5
685.0333,  1.00000000,1,0,0.025000000000000001,0.5
685.0667,  1.00000000,1,0,0.025000000000000001,0.5
685.1000,  1.00000000,1,0,0.0,0.5
685.1333,  1.00000000,1,0,0.025000000000000001,0.5
685.1667,  1.00000000,1,0,0.0,0.5
685.2000,  1.00000000,1,0,0.025000000000000001,0.5
685.2333,  1.00000000,1,0,0.074999999999999997,0.5
685.2667,  1.00000000,1,0,0.0,0.5
685.3000,  1.00000000,1,0,0.025000000000000001,0.5
685.3333,  1.00000000,1,0,0.050000000000000003,0.5
685.3667,  1.00000000,1,0,0.0,0.5
685.4000,  1.00000000,1,0,0.0,0.5
685.4333,  1.00000000,1,0,0.025000000000000001,0.5
685.4667,  1.00000000,1,0,0.0,0.5
685.5000,  1.00000000,1,0,0.0,0.5
685.5333,  1.00000000,1,0,0.074999999999999997,0.5
685.5667,  1.00000000,1,0,0.025000000000000001,0.5
685.6000,  1.00000000,1,0,0.050000000000000003,0.5
685.6333,  1.00000000,1,0,0.025000000000000001,0.5
685.6667,  1.00000000,1,0,0.050000000000000003,0.5
685.7000,  1.00000000,1,0,0.050000000000000003,0.5
685.7333,  1.00000000,1,0,0.025000000000000001,0.5
685.7667,  1.00000000,1,0,0.050000000000000003,0.5
685.8000,  1.00000000,1,0,0.050000000000000003,0.5
685.8333,  1.00000000,1,0,0.025000000000000001,0.5
685.8667,  1.00000000,1,0,0.025000000000000001,0.5
685.9000,  1.00000000,1,0,0.025000000000000001,0.5
685.9333,  1.00000000,1,0,0.025000000000000001,0.5
685.9667,  1.00000000,1,0,0.0,0.5
686.0000,  1.00000000,1,0,0.025000000000000001,0.5
686.0333,  1.00000000,1,0,0.025000000000000001,0.5
686.0667,  1.00000000,1,0,0.074999999999999997,0.5
686.1000,  1.00000000,1,0,0.025000000000000001,0.5
686.1333,  1.00000000,1,0,0.025000000000000001,0.5
686.1667,  1.00000000,1,0,0.0,0.5
686.2000,  1.00000000,1,0,0.0,0.5
686.2333,  1.00000000,1,0,0.050000000000000003,0.5
686.2667,  1.00000000,1,0,0.074999999999999997,0.5
686.3000,  1.00000000,1,0,0.025000000000000001,0.5
686.3333,  1.00000000,1,0,0.074999999999999997,0.5
686.3667,  1.00000000,1,0,0.050000000000000003,0.5
686.4000,  1.00000000,1,0,0.0,0.5
686.4333,  1.00000000,1,0,0.025000000000000001,0.5
686.4667,  1.00000000,1,0,0.025000000000000001,0.5
686.5000,  1.00000000,1,0,0.025000000000000001,0.5
686.5333,  1.00000000,1,0,0.025000000000000001,0.5
686.5667,  1.00000000,1,0,0.0,0.5
686.6000,  1.00000000,1,0,0.025000000000000001,0.5
686.6333,  1.00000000,1,0,0.025000000000000001,0.5
686.6667,  1.00000000,1,0,0.050000000000000003,0.5
686.7000,  1.00000000,1,0,0.025000000000000001,0.5
686.7333,  1.00000000,1,0,0.025000000000000001,0.5
686.7667,  1.00000000,1,0,0.025000000000000001,0.5
686.8000,  1.00000000,1,0,0.0,0.5
686.8333,  1.00000000,1,0,0.0,0.5
686.8667,  1.00000000,1,0,0.0,0.5
686.9000,  1.00000000,1,0,0.0,0.5
686.9333,  1.00000000,1,0,0.025000000000000001,0.5
686.9667,  1.00000000,1,0,0.025000000000000001,0.5
687.0000,  1.00000000,1,0,0.0,0.5
687.0333,  1.00000000,1,0,0.025000000000000001,0.5
687.0667,  1.00000000,1,0,0.050000000000000003,0.5
687.1000,  1.00000000,1,0,0.0,0.5
687.1333,  1.00000000,1,0,0.0,0.5
687.1667,  1.00000000,1,0,0.025000000000000001,0.5
687.2000,  1.00000000,1,0,0.025000000000000001,0.5
687.2333,  1.00000000,1,0,0.050000000000000003,0.5
687.2667,  1.00000000,1,0,0.074999999999999997,0.5
687.3000,  1.00000000,1,0,0.050000000000000003,0.5
687.3333,  1.00000000,1,0,0.050000000000000003,0.5
687.3667,  1.00000000,1,0,0.050000000000000003,0.5
687.4000,  1.00000000,1,0,0.0,0.5
687.4333,  1.00000000,1,0,0.025000000000000001,0.5
687.4667,  1.00000000,1,0,0.0,0.5
687.5000,  1.00000000,1,0,0.050000000000000003,0.5
687.5333,  1.00000000,1,0,0.0,0.5
687.5667,  1.00000000,1,0,0.0,0.5
687.6000,  1.00000000,1,0,0.025000000000000001,0.5
687.6333,  1.00000000,1,0,0.0,0.5
687.6667,  1.00000000,1,0,0.0,0.5
687.7000,  1.00000000,1,0,0.050000000000000003,0.5
687.7333,  1.00000000,1,0,0.025000000000000001,0.5
687.7667,  1.00000000,1,0,0.025000000000000001,0.5
687.8000,  1.00000000,1,0,0.050000000000000003,0.5
687.8333,  1.00000000,1,0,0.025000000000000001,0.5
687.8667,  1.00000000,1,0,0.025000000000000001,0.5
687.9000,  1.00000000,1,0,0.0,0.5
687.9333,  1.00000000,1,0,0.025000000000000001,0.5
687.9667,  1.00000000,1,0,0.0,0.5
688.0000,  1.00000000,1,0,0.0,0.5
688.0333,  1.00000000,1,0,0.0,0.5
688.0667,  1.00000000,1,0,0.0,0.5
688.1000,  1.00000000,1,0,0.050000000000000003,0.5
688.1333,  1.00000000,1,0,0.050000000000000003,0.5
688.1667,  1.00000000,1,0,0.0,0.5
688.2000,  1.00000000,1,0,0.0,0.5
688.2333,  1.00000000,1,0,0.025000000000000001,0.5
688.2667,  1.00000000,1,0,0.025000000000000001,0.5
688.3000,  1.00000000,1,0,0.025000000000000001,0.5
688.3333,  1.00000000,1,0,0.0,0.5
688.3667,  1.00000000,1,0,0.025000000000000001,0.5
688.4000,  1.00000000,1,0,0.025000000000000001,0.5
688.4333,  1.00000000,1,0,0.050000000000000003,0.5
688.4667,  1.00000000,1,0,0.050000000000000003,0.5
688.5000,  1.00000000,1,0,0.074999999999999997,0.5
688.5333,  1.00000000,1,0,0.0,0.5
688.5667,  1.00000000,1,0,0.025000000000000001,0.5
688.6000,  1.00000000,1,0,0.0,0.5
688.6333,  1.00000000,1,0,0.025000000000000001,0.5
688.6667,  1.00000000,1,0,0.025000000000000001,0.5
688.7000,  1.00000000,1,0,0.025000000000000001,0.5
688.7333,  1.00000000,1,0,0.0,0.5
688.7667,  1.00000000,1,0,0.0,0.5
688.8000,  1.00000000,1,0,0.050000000000000003,0.5
688.8333,  1.00000000,1,0,0.025000000000000001,0.5
688.8667,  1.00000000,1,0,0.025000000000000001,0.5
688.9000,  1.00000000,1,0,0.050000000000000003,0.5
688.9333,  1.00000000,1,0,0.025000000000000001,0.5
688.9667,  1.00000000,1,0,0.0,0.5
689.0000,  1.00000000,1,0,0.0,0.5
689.0333,  1.00000000,1,0,0.0,0.5
689.0667,  1.00000000,1,0,0.025000000000000001,0.5
689.1000,  1.00000000,1,0,0.025000000000000001,0.5
689.1333,  1.00000000,1,0,0.050000000000000003,0.5
689.1667,  1.00000000,1,0,0.025000000000000001,0.5
689.2000,  1.00000000,1,0,0.025000000000000001,0.5
689.2333,  1.00000000,1,0,0.050000000000000003,0.5
689.2667,  1.00000000,1,0,0.074999999999999997,0.5
689.3000,  1.00000000,1,0,0.025000000000000001,0.5
689.3333,  1.00000000,1,0,0.050000000000000003,0.5
689.3667,  1.00000000,1,0,0.050000000000000003,0.5
689.4000,  1.00000000,1,0,0.025000000000000001,0.5
689.4333,  1.00000000,1,0,0.0,0.5
689.4667,  1.00000000,1,0,0.025000000000000001,0.5
689.5000,  1.00000000,1,0,0.0,0.5
689.5333,  1.00000000,1,0,0.074999999999999997,0.5
689.5667,  1.00000000,1,0,0.0,0.5
689.6000,  1.00000000,1,0,0.025000000000000001,0.5
689.6333,  1.00000000,1,0,0.050000000000000003,0.5
689.6667,  1.00000000,1,0,0.0,0.5
689.7000,  1.00000000,1,0,0.0,0.5
689.7333,  1.00000000,1,0,0.0,0.5
689.7667,  1.00000000,1,0,0.050000000000000003,0.5
689.8000,  1.00000000,1,0,0.025000000000000001,0.5
689.8333,  1.00000000,1,0,0.050000000000000003,0.5
689.8667,  1.00000000,1,0,0.050000000000000003,0.5
689.9000,  1.00000000,1,0,0.050000000000000003,0.5
689.9333,  1.00000000,1,0,0.025000000000000001,0.5
689.9667,  1.00000000,1,0,0.050000000000000003,0.5
690.0000,  1.00000000,1,0,0.050000000000000003,0.5
690.0333,  1.00000000,1,0,0.074999999999999997,0.5
690.0667,  1.00000000,1,0,0.025000000000000001,0.5
690.1000,  1.00000000,1,0,0.025000000000000001,0.5
690.1333,  1.00000000,1,0,0.025000000000000001,0.5
690.1667,  1.00000000,1,0,0.025000000000000001,0.5
690.2000,  1.00000000,1,0,0.050000000000000003,0.5
690.2333,  1.00000000,1,0,0.074999999999999997,0.5
690.2667,  1.00000000,1,0,0.050000000000000003,0.5
690.3000,  1.00000000,1,0,0.025000000000000001,0.5
690.3333,  1.00000000,1,0,0.025000000000000001,0.5
690.3667,  1.00000000,1,0,0.025000000000000001,0.5
690.4000,  1.00000000,1,0,0.025000000000000001,0.5
690.4333,  1.00000000,1,0,0.025000000000000001,0.5
690.4667,  1.00000000,1,0,0.0,0.5
690.5000,  1.00000000,1,0,0.025000000000000001,0.5
690.5333,  1.00000000,1,0,0.025000000000000001,0.5
690.5667,  1.00000000,1,0,0.0,0.5
690.6000,  1.00000000,1,0,0.050000000000000003,0.5
690.6333,  1.00000000,1,0,0.025000000000000001,0.5
690.6667,  1.00000000,1,0,0.050000000000000003,0.5
690.7000,  1.00000000,1,0,0.0,0.5
690.7333,  1.00000000,1,0,0.025000000000000001,0.5
690.7667,  1.00000000,1,0,0.025000000000000001,0.5
690.8000,  1.00000000,1,0,0.025000000000000001,0.5
690.8333,  1.00000000,1,0,0.050000000000000003,0.5
690.8667,  1.00000000,1,0,0.074999999999999997,0.5
690.9000,  1.00000000,1,0,0.025000000000000001,0.5
690.9333,  1.00000000,1,0,0.050000000000000003,0.5
690.9667,  1.00000000,1,0,0.050000000000000003,0.5
691.0000,  1.00000000,1,0,0.050000000000000003,0.5
691.0333,  1.00000000,1,0,0.050000000000000003,0.5
691.0667,  1.00000000,1,0,0.0,0.5
691.1000,  1.00000000,1,0,0.050000000000000003,0.5
691.1333,  1.00000000,1,0,0.0,0.5
691.1667,  1.00000000,1,0,0.050000000000000003,0.5
691.2000,  1.00000000,1,0,0.0,0.5
691.2333,  1.00000000,1,0,0.0,0.5
691.2667,  1.00000000,1,0,0.025000000000000001,0.5
691.3000,  1.00000000,1,0,0.050000000000000003,0.5
691.3333,  1.00000000,1,0,0.050000000000000003,0.5
691.3667,  1.00000000,1,0,0.050000000000000003,0.5
691.4000,  1.00000000,1,0,0.025000000000000001,0.5
691.4333,  1.00000000,1,0,0.050000000000000003,0.5
691.4667,  1.00000000,1,0,0.050000000000000003,0.5
691.5000,  1.00000000,1,0,0.050000000000000003,0.5
691.5333,  1.00000000,1,0,0.050000000000000003,0.5
691.5667,  1.00000000,1,0,0.025000000000000001,0.5
691.6000,  1.00000000,1,0,0.025000000000000001,0.5
691.6333,  1.00000000,1,0,0.025000000000000001,0.5
691.6667,  1.00000000,1,0,0.050000000000000003,0.5
691.7000,  1.00000000,1,0,0.074999999999999997,0.5
691.7333,  1.00000000,1,0,0.050000000000000003,0.5
691.7667,  1.00000000,1,0,0.074999999999999997,0.5
691.8000,  1.00000000,1,0,0.0,0.5
691.8333,  1.00000000,1,0,0.050000000000000003,0.5
691.8667,  1.00000000,1,0,0.050000000000000003,0.5
691.9000,  1.00000000,1,0,0.0,0.5
691.9333,  1.00000000,1,0,0.025000000000000001,0.5
691.9667,  1.00000000,1,0,0.050000000000000003,0.5
692.0000,  1.00000000,1,0,0.050000000000000003,0.5
692.0333,  1.00000000,1,0,0.025000000000000001,0.5
692.0667,  1.00000000,1,0,0.025000000000000001,0.5
692.1000,  1.00000000,1,0,0.050000000000000003,0.5
692.1333,  1.00000000,1,0,0.025000000000000001,0.5
692.1667,  1.00000000,1,0,0.025000000000000001,0.5
692.2000,  1.00000000,1,0,0.0,0.5
692.2333,  1.00000000,1,0,0.025000000000000001,0.5
692.2667,  1.00000000,1,0,0.0,0.5
692.3000,  1.00000000,1,0,0.050000000000000003,0.5
692.3333,  1.00000000,1,0,0.025000000000000001,0.5
692.3667,  1.00000000,1,0,0.0,0.5
692.4000,  1.00000000,1,0,0.025000000000000001,0.5
692.4333,  1.00000000,1,0,0.0,0.5
692.4667,  1.00000000,1,0,0.050000000000000003,0.5
692.5000,  1.00000000,1,0,0.050000000000000003,0.5
692.5333,  1.00000000,1,0,0.025000000000000001,0.5
692.5667,  1.00000000,1,0,0.050000000000000003,0.5
692.6000,  1.00000000,1,0,0.025000000000000001,0.5
692.6333,  1.00000000,1,0,0.025000000000000001,0.5
692.6667,  1.00000000,1,0,0.025000000000000001,0.5
692.7000,  1.00000000,1,0,0.074999999999999997,0.5
692.7333,  1.00000000,1,0,0.074999999999999997,0.5
692.7667,  1.00000000,1,0,0.050000000000000003,0.5
692.8000,  1.00000000,1,0,0.0,0.5
692.8333,  1.00000000,1,0,0.0,0.5
692.8667,  1.00000000,1,0,0.0,0.5
692.9000,  1.00000000,1,0,0.0,0.5
692.9333,  1.00000000,1,0,0.074999999999999997,0.5
692.9667,  1.00000000,1,0,0.0,0.5
693.0000,  1.00000000,1,0,0.025000000000000001,0.5
693.0333,  1.00000000,1,0,0.0,0.5
693.0667,  1.00000000,1,0,0.050000000000000003,0.5
693.1000,  1.00000000,1,0,0.0,0.5
693.1333,  1.00000000,1,0,0.050000000000000003,0.5
693.1667,  1.00000000,1,0,0.025000000000000001,0.5
693.2000,  1.00000000,1,0,0.050000000000000003,0.5
693.2333,  1.00000000,1,0,0.025000000000000001,0.5
693.2667,  1.00000000,1,0,0.0,0.5
693.3000,  1.00000000,1,0,0.025000000000000001,0.5
693.3333,  1.00000000,1,0,0.025000000000000001,0.5
693.3667,  1.00000000,1,0,0.025000000000000001,0.5
693.4000,  1.00000000,1,0,0.025000000000000001,0.5
693.4333,  1.00000000,1,0,0.0,0.5
693.4667,  1.00000000,1,0,0.0,0.5
693.5000,  1.00000000,1,0,0.025000000000000001,0.5
693.5333,  1.00000000,1,0,0.025000000000000001,0.5
693.5667,  1.00000000,1,0,0.0,0.5
693.6000,  1.00000000,1,0,0.050000000000000003,0.5
693.6333,  1.00000000,1,0,0.050000000000000003,0.5
693.6667,  1.00000000,1,0,0.074999999999999997,0.5
693.7000,  1.00000000,1,0,0.0,0.5
693.7333,  1.00000000,1,0,0.025000000000000001,0.5
693.7667,  1.00000000,1,0,0.0,0.5
693.8000,  1.00000000,1,0,0.0,0.5
693.8333,  1.00000000,1,0,0.0,0.5
693.8667,  1.00000000,1,0,0.0,0.5
693.9000,  1.00000000,1,0,0.0,0.5
693.9333,  1.00000000,1,0,0.0,0.5
693.9667,  1.00000000,1,0,0.025000000000000001,0.5
694.0000,  1.00000000,1,0,0.0,0.5
694.0333,  1.00000000,1,0,0.025000000000000001,0.5
694.0667,  1.00000000,1,0,0.025000000000000001,0.5
694.1000,  1.00000000,1,0,0.025000000000000001,0.5
694.1333,  1.00000000,1,0,0.025000000000000001,0.5
694.1667,  1.00000000,1,0,0.0,0.5
694.2000,  1.00000000,1,0,0.025000000000000001,0.5
694.2333,  1.00000000,1,0,0.025000000000000001,0.5
694.2667,  1.00000000,1,0,0.0,0.5
694.3000,  1.00000000,1,0,0.0,0.5
694.3333,  1.00000000,1,0,0.025000000000000001,0.5
694.3667,  1.00000000,1,0,0.0,0.5
694.4000,  1.00000000,1,0,0.025000000000000001,0.5
694.4333,  1.00000000,1,0,0.050000000000000003,0.5
694.4667,  1.00000000,1,0,0.0,0.5
694.5000,  1.00000000,1,0,0.025000000000000001,0.5
694.5333,  1.00000000,1,0,0.025000000000000001,0.5
694.5667,  1.00000000,1,0,0.050000000000000003,0.5
694.6000,  1.00000000,1,0,0.050000000000000003,0.5
694.6333,  1.00000000,1,0,0.050000000000000003,0.5
694.6667,  1.00000000,1,0,0.0,0.5
694.7000,  1.00000000,1,0,0.050000000000000003,0.5
694.7333,  1.00000000,1,0,0.025000000000000001,0.5
694.7667,  1.00000000,1,0,0.074999999999999997,0.5
694.8000,  1.00000000,1,0,0.050000000000000003,0.5
694.8333,  1.00000000,1,0,0.025000000000000001,0.5
694.8667,  1.00000000,1,0,0.0,0.5
694.9000,  1.00000000,1,0,0.025000000000000001,0.5
694.9333,  1.00000000,1,0,0.050000000000000003,0.5
694.9667,  1.00000000,1,0,0.050000000000000003,0.5
695.0000,  1.00000000,1,0,0.050000000000000003,0.5
695.0333,  1.00000000,1,0,0.0,0.5
695.0667,  1.00000000,1,0,0.050000000000000003,0.5
695.1000,  1.00000000,1,0,0.025000000000000001,0.5
695.1333,  1.00000000,1,0,0.050000000000000003,0.5
695.1667,  1.00000000,1,0,0.050000000000000003,0.5
695.2000,  1.00000000,1,0,0.074999999999999997,0.5
695.2333,  1.00000000,1,0,0.050000000000000003,0.5
695.2667,  1.00000000,1,0,0.0,0.5
695.3000,  1.00000000,1,0,0.050000000000000003,0.5
695.3333,  1.00000000,1,0,0.050000000000000003,0.5
695.3667,  1.00000000,1,0,0.025000000000000001,0.5
695.4000,  1.00000000,1,0,0.050000000000000003,0.5
695.4333,  1.00000000,1,0,0.050000000000000003,0.5
695.4667,  1.00000000,1,0,0.050000000000000003,0.5
695.5000,  1.00000000,1,0,0.050000000000000003,0.5
695.5333,  1.00000000,1,0,0.050000000000000003,0.5
695.5667,  1.00000000,1,0,0.0,0.5
695.6000,  1.00000000,1,0,0.074999999999999997,0.5
695.6333,  1.00000000,1,0,0.025000000000000001,0.5
695.6667,  1.00000000,1,0,0.050000000000000003,0.5
695.7000,  1.00000000,1,0,0.050000000000000003,0.5
695.7333,  1.00000000,1,0,0.025000000000000001,0.5
695.7667,  1.00000000,1,0,0.050000000000000003,0.5
695.8000,  1.00000000,1,0,0.025000000000000001,0.5
695.8333,  1.00000000,1,0,0.0,0.5
695.8667,  1.00000000,1,0,0.025000000000000001,0.5
695.9000,  1.00000000,1,0,0.025000000000000001,0.5
695.9333,  1.00000000,1,0,0.050000000000000003,0.5
695.9667,  1.00000000,1,0,0.0,0.5
696.0000,  1.00000000,1,0,0.0,0.5
696.0333,  1.00000000,1,0,0.050000000000000003,0.5
696.0667,  1.00000000,1,0,0.025000000000000001,0.5
696.1000,  1.00000000,1,0,0.025000000000000001,0.5
696.1333,  1.00000000,1,0,0.050000000000000003,0.5
696.1667,  1.00000000,1,0,0.025000000000000001,0.5
696.2000,  1.00000000,1,0,0.050000000000000003,0.5
696.2333,  1.00000000,1,0,0.025000000000000001,0.5
696.2667,  1.00000000,1,0,0.025000000000000001,0.5
696.3000,  1.00000000,1,0,0.025000000000000001,0.5
696.3333,  1.00000000,1,0,0.025000000000000001,0.5
696.3667,  1.00000000,1,0,0.050000000000000003,0.5
696.4000,  1.00000000,1,0,0.050000000000000003,0.5
696.4333,  1.00000000,1,0,0.025000000000000001,0.5
696.4667,  1.00000000,1,0,0.0,0.5
696.5000,  1.00000000,1,0,0.025000000000000001,0.5
696.5333,  1.00000000,1,0,0.025000000000000001,0.5
696.5667,  1.00000000,1,0,0.050000000000000003,0.5
696.6000,  1.00000000,1,0,0.025000000000000001,0.5
696.6333,  1.00000000,1,0,0.025000000000000001,0.5
696.6667,  1.00000000,1,0,0.050000000000000003,0.5
696.7000,  1.00000000,1,0,0.0,0.5
696.7333,  1.00000000,1,0,0.025000000000000001,0.5
696.7667,  1.00000000,1,0,0.025000000000000001,0.5
696.8000,  1.00000000,1,0,0.0,0.5
696.8333,  1.00000000,1,0,0.050000000000000003,0.5
696.8667,  1.00000000,1,0,0.050000000000000003,0.5
696.9000,  1.00000000,1,0,0.025000000000000001,0.5
696.9333,  1.00000000,1,0,0.074999999999999997,0.5
696.9667,  1.00000000,1,0,0.025000000000000001,0.5
697.0000,  1.00000000,1,0,0.025000000000000001,0.5
697.0333,  1.00000000,1,0,0.025000000000000001,0.5
697.0667,  1.00000000,1,0,0.025000000000000001,0.5
697.1000,  1.00000000,1,0,0.025000000000000001,0.5
697.1333,  1.00000000,1,0,0.025000000000000001,0.5
697.1667,  1.00000000,1,0,0.025000000000000001,0.5
697.2000,  1.00000000,1,0,0.025000000000000001,0.5
697.2333,  1.00000000,1,0,0.025000000000000001,0.5
697.2667,  1.00000000,1,0,0.0,0.5
697.3000,  1.00000000,1,0,0.025000000000000001,0.5
697.3333,  1.00000000,1,0,0.025000000000000001,0.5
697.3667,  1.00000000,1,0,0.050000000000000003,0.5
697.4000,  1.00000000,1,0,0.025000000000000001,0.5
697.4333,  1.00000000,1,0,0.074999999999999997,0.5
697.4667,  1.00000000,1,0,0.0,0.5
697.5000,  1.00000000,1,0,0.074999999999999997,0.5
697.5333,  1.00000000,1,0,0.0,0.5
697.5667,  1.00000000,1,0,0.050000000000000003,0.5
697.6000,  1.00000000,1,0,0.025000000000000001,0.5
697.6333,  1.00000000,1,0,0.025000000000000001,0.5
697.6667,  1.00000000,1,0,0.050000000000000003,0.5
697.7000,  1.00000000,1,0,0.0,0.5
697.7333,  1.00000000,1,0,0.0,0.5
697.7667,  1.00000000,1,0,0.0,0.5
697.8000,  1.00000000,1,0,0.025000000000000001,0.5
697.8333,  1.00000000,1,0,0.050000000000000003,0.5
697.8667,  1.00000000,1,0,0.050000000000000003,0.5
697.9000,  1.00000000,1,0,0.0,0.5
697.9333,  1.00000000,1,0,0.0,0.5
697.9667,  1.00000000,1,0,0.025000000000000001,0.5
698.0000,  1.00000000,1,0,0.050000000000000003,0.5
698.0333,  1.00000000,1,0,0.050000000000000003,0.5
698.0667,  1.00000000,1,0,0.0,0.5
698.1000,  1.00000000,1,0,0.025000000000000001,0.5
698.1333,  1.00000000,1,0,0.050000000000000003,0.5
698.1667,  1.00000000,1,0,0.025000000000000001,0.5
698.2000,  1.00000000,1,0,0.025000000000000001,0.5
698.2333,  1.00000000,1,0,0.0,0.5
698.2667,  1.00000000,1,0,0.0,0.5
698.3000,  1.00000000,1,0,0.050000000000000003,0.5
698.3333,  1.00000000,1,0,0.025000000000000001,0.5
698.3667,  1.00000000,1,0,0.0,0.5
698.4000,  1.00000000,1,0,0.025000000000000001,0.5
698.4333,  1.00000000,1,0,0.025000000000000001,0.5
698.4667,  1.00000000,1,0,0.025000000000000001,0.5
698.5000,  1.00000000,1,0,0.050000000000000003,0.5
698.5333,  1.00000000,1,0,0.050000000000000003,0.5
698.5667,  1.00000000,1,0,0.050000000000000003,0.5
698.6000,  1.00000000,1,0,0.050000000000000003,0.5
698.6333,  1.00000000,1,0,0.050000000000000003,0.5
698.6667,  1.00000000,1,0,0.0,0.5
698.7000,  1.00000000,1,0,0.0,0.5
698.7333,  1.00000000,1,0,0.025000000000000001,0.5
698.7667,  1.00000000,1,0,0.025000000000000001,0.5
698.8000,  1.00000000,1,0,0.025000000000000001,0.5
698.8333,  1.00000000,1,0,0.025000000000000001,0.5
698.8667,  1.00000000,1,0,0.025000000000000001,0.5
698.9000,  1.00000000,1,0,0.025000000000000001,0.5
698.9333,  1.00000000,1,0,0.025000000000000001,0.5
698.9667,  1.00000000,1,0,0.025000000000000001,0.5
699.0000,  1.00000000,1,0,0.025000000000000001,0.5
699.0333,  1.00000000,1,0,0.025000000000000001,0.5
699.0667,  1.00000000,1,0,0.025000000000000001,0.5
699.1000,  1.00000000,1,0,0.050000000000000003,0.5
699.1333,  1.00000000,1,0,0.025000000000000001,0.5
699.1667,  1.00000000,1,0,0.025000000000000001,0.5
699.2000,  1.00000000,1,0,0.0,0.5
699.2333,  1.00000000,1,0,0.025000000000000001,0.5
699.2667,  1.00000000,1,0,0.0,0.5
699.3000,  1.00000000,1,0,0.025000000000000001,0.5
699.3333,  1.00000000,1,0,0.025000000000000001,0.5
699.3667,  1.00000000,1,0,0.025000000000000001,0.5
699.4000,  1.00000000,1,0,0.050000000000000003,0.5
699.4333,  1.00000000,1,0,0.050000000000000003,0.5
699.4667,  1.00000000,1,0,0.025000000000000001,0.5
699.5000,  1.00000000,1,0,0.025000000000000001,0.5
699.5333,  1.00000000,1,0,0.050000000000000003,0.5
699.5667,  1.00000000,1,0,0.050000000000000003,0.5
699.6000,  1.00000000,1,0,0.0,0.5
699.6333,  1.00000000,1,0,0.050000000000000003,0.5
699.6667,  1.00000000,1,0,0.0,0.5
699.7000,  1.00000000,1,0,0.050000000000000003,0.5
699.7333,  1.00000000,1,0,0.0,0.5
699.7667,  1.00000000,1,0,0.025000000000000001,0.5
699.8000,  1.00000000,1,0,0.025000000000000001,0.5
699.8333,  1.00000000,1,0,0.025000000000000001,0.5
699.8667,  1.00000000,1,0,0.0,0.5
699.9000,  1.00000000,1,0,0.050000000000000003,0.5
699.9333,  1.00000000,1,0,0.0,0.5
699.9667,  1.00000000,1,0,0.074999999999999997,0.5
700.0000,  1.00000000,1,0,0.050000000000000003,0.5
700.0333,  1.00000000,1,0,0.025000000000000001,0.5
700.0667,  1.00000000,1,0,0.025000000000000001,0.5
700.1000,  1.00000000,1,0,0.0,0.5
700.1333,  1.00000000,1,0,0.050000000000000003,0.5
700.1667,  1.00000000,1,0,0.050000000000000003,0.5
700.2000,  1.00000000,1,0,0.074999999999999997,0.5
700.2333,  1.00000000,1,0,0.025000000000000001,0.5
700.2667,  1.00000000,1,0,0.0,0.5
700.3000,  1.00000000,1,0,0.050000000000000003,0.5
700.3333,  1.00000000,1,0,0.0,0.5
700.3667,  1.00000000,1,0,0.025000000000000001,0.5
700.4000,  1.00000000,1,0,0.0,0.5
700.4333,  1.00000000,1,0,0.050000000000000003,0.5
700.4667,  1.00000000,1,0,0.025000000000000001,0.5
700.5000,  1.00000000,1,0,0.025000000000000001,0.5
700.5333,  1.00000000,1,0,0.025000000000000001,0.5
700.5667,  1.00000000,1,0,0.025000000000000001,0.5
700.6000,  1.00000000,1,0,0.0,0.5
700.6333,  1.00000000,1,0,0.025000000000000001,0.5
700.6667,  1.00000000,1,0,0.050000000000000003,0.5
700.7000,  1.00000000,1,0,0.0,0.5
700.7333,  1.00000000,1,0,0.0,0.5
700.7667,  1.00000000,1,0,0.025000000000000001,0.5
700.8000,  1.00000000,1,0,0.0,0.5
700.8333,  1.00000000,1,0,0.025000000000000001,0.5
700.8667,  1.00000000,1,0,0.025000000000000001,0.5
700.9000,  1.00000000,1,0,0.050000000000000003,0.5
700.9333,  1.00000000,1,0,0.050000000000000003,0.5
700.9667,  1.00000000,1,0,0.025000000000000001,0.5
701.0000,  1.00000000,1,0,0.025000000000000001,0.5
701.0333,  1.00000000,1,0,0.025000000000000001,0.5
701.0667,  1.00000000,1,0,0.025000000000000001,0.5
701.1000,  1.00000000,1,0,0.025000000000000001,0.5
701.1333,  1.00000000,1,0,0.0,0.5
701.1667,  1.00000000,1,0,0.0,0.5
701.2000,  1.00000000,1,0,0.050000000000000003,0.5
701.2333,  1.00000000,1,0,0.0,0.5
701.2667,  1.00000000,1,0,0.025000000000000001,0.5
701.3000,  1.00000000,1,0,0.025000000000000001,0.5
701.3333,  1.00000000,1,0,0.050000000000000003,0.5
701.3667,  1.00000000,1,0,0.025000000000000001,0.5
701.4000,  1.00000000,1,0,0.025000000000000001,0.5
701.4333,  1.00000000,1,0,0.050000000000000003,0.5
701.4667,  1.00000000,1,0,0.0,0.5
701.5000,  1.00000000,1,0,0.0,0.5
701.5333,  1.00000000,1,0,0.025000000000000001,0.5
701.5667,  1.00000000,1,0,0.0,0.5
701.6000,  1.00000000,1,0,0.025000000000000001,0.5
701.6333,  1.00000000,1,0,0.0,0.5
701.6667,  1.00000000,1,0,0.025000000000000001,0.5
701.7000,  1.00000000,1,0,0.050000000000000003,0.5
701.7333,  1.00000000,1,0,0.050000000000000003,0.5
701.7667,  1.00000000,1,0,0.050000000000000003,0.5
701.8000,  1.00000000,1,0,0.050000000000000003,0.5
701.8333,  1.00000000,1,0,0.050000000000000003,0.5
701.8667,  1.00000000,1,0,0.0,0.5
701.9000,  1.00000000,1,0,0.025000000000000001,0.5
701.9333,  1.00000000,1,0,0.025000000000000001,0.5
701.9667,  1.00000000,1,0,0.0,0.5
702.0000,  1.00000000,1,0,0.0,0.5
702.0333,  1.00000000,1,0,0.025000000000000001,0.5
702.0667,  1.00000000,1,0,0.0,0.5
702.1000,  1.00000000,1,0,0.025000000000000001,0.5
702.1333,  1.00000000,1,0,0.050000000000000003,0.5
702.1667,  1.00000000,1,0,0.0,0.5
702.2000,  1.00000000,1,0,0.0,0.5
702.2333,  1.00000000,1,0,0.025000000000000001,0.5
702.2667,  1.00000000,1,0,0.0,0.5
702.3000,  1.00000000,1,0,0.025000000000000001,0.5
702.3333,  1.00000000,1,0,0.0,0.5
702.3667,  1.00000000,1,0,0.025000000000000001,0.5
702.4000,  1.00000000,1,0,0.074999999999999997,0.5
702.4333,  1.00000000,1,0,0.050000000000000003,0.5
702.4667,  1.00000000,1,0,0.050000000000000003,0.5
702.5000,  1.00000000,1,0,0.074999999999999997,0.5
702.5333,  1.00000000,1,0,0.050000000000000003,0.5
702.5667,  1.00000000,1,0,0.050000000000000003,0.5
702.6000,  1.00000000,1,0,0.0,0.5
702.6333,  1.00000000,1,0,0.025000000000000001,0.5
702.6667,  1.00000000,1,0,0.050000000000000003,0.5
702.7000,  1.00000000,1,0,0.050000000000000003,0.5
702.7333,  1.00000000,1,0,0.050000000000000003,0.5
702.7667,  1.00000000,1,0,0.074999999999999997,0.5
702.8000,  1.00000000,1,0,0.025000000000000001,0.5
702.8333,  1.00000000,1,0,0.074999999999999997,0.5
702.8667,  1.00000000,1,0,0.025000000000000001,0.5
702.9000,  1.00000000,1,0,0.050000000000000003,0.5
702.9333,  1.00000000,1,0,0.050000000000000003,0.5
702.9667,  1.00000000,1,0,0.025000000000000001,0.5
703.0000,  1.00000000,1,0,0.050000000000000003,0.5
703.0333,  1.00000000,1,0,0.050000000000000003,0.5
703.0667,  1.00000000,1,0,0.0,0.5
703.1000,  1.00000000,1,0,0.025000000000000001,0.5
703.1333,  1.00000000,1,0,0.074999999999999997,0.5
703.1667,  1.00000000,1,0,0.025000000000000001,0.5
703.2000,  1.00000000,1,0,0.050000000000000003,0.5
703.2333,  1.00000000,1,0,0.0,0.5
703.2667,  1.00000000,1,0,0.025000000000000001,0.5
703.3000,  1.00000000,1,0,0.050000000000000003,0.5
703.3333,  1.00000000,1,0,0.0,0.5
703.3667,  1.00000000,1,0,0.050000000000000003,0.5
703.4000,  1.00000000,1,0,0.025000000000000001,0.5
703.4333,  1.00000000,1,0,0.0,0.5
703.4667,  1.00000000,1,0,0.050000000000000003,0.5
703.5000,  1.00000000,1,0,0.025000000000000001,0.5
703.5333,  1.00000000,1,0,0.050000000000000003,0.5
703.5667,  1.00000000,1,0,0.025000000000000001,0.5
703.6000,  1.00000000,1,0,0.050000000000000003,0.5
703.6333,  1.00000000,1,0,0.025000000000000001,0.5
703.6667,  1.00000000,1,0,0.025000000000000001,0.5
703.7000,  1.00000000,1,0,0.050000000000000003,0.5
703.7333,  1.00000000,1,0,0.0,0.5
703.7667,  1.00000000,1,0,0.025000000000000001,0.5
703.8000,  1.00000000,1,0,0.025000000000000001,0.5
703.8333,  1.00000000,1,0,0.050000000000000003,0.5
703.8667,  1.00000000,1,0,0.0,0.5
703.9000,  1.00000000,1,0,0.0,0.5
703.9333,  1.00000000,1,0,0.025000000000000001,0.5
703.9667,  1.00000000,1,0,0.0,0.5
704.0000,  1.00000000,1,0,0.050000000000000003,0.5
704.0333,  1.00000000,1,0,0.025000000000000001,0.5
704.0667,  1.00000000,1,0,0.050000000000000003,0.5
704.1000,  1.00000000,1,0,0.0,0.5
704.1333,  1.00000000,1,0,0.025000000000000001,0.5
704.1667,  1.00000000,1,0,0.025000000000000001,0.5
704.2000,  1.00000000,1,0,0.074999999999999997,0.5
704.2333,  1.00000000,1,0,0.0,0.5
704.2667,  1.00000000,1,0,0.025000000000000001,0.5
704.3000,  1.00000000,1,0,0.050000000000000003,0.5
704.3333,  1.00000000,1,0,0.050000000000000003,0.5
704.3667,  1.00000000,1,0,0.025000000000000001,0.5
704.4000,  1.00000000,1,0,0.050000000000000003,0.5
704.4333,  1.00000000,1,0,0.0,0.5
704.4667,  1.00000000,1,0,0.074999999999999997,0.5
704.5000,  1.00000000,1,0,0.025000000000000001,0.5
704.5333,  1.00000000,1,0,0.050000000000000003,0.5
704.5667,  1.00000000,1,0,0.0,0.5
704.6000,  1.00000000,1,0,0.025000000000000001,0.5
704.6333,  1.00000000,1,0,0.050000000000000003,0.5
704.6667,  1.00000000,1,0,0.025000000000000001,0.5
704.7000,  1.00000000,1,0,0.0,0.5
704.7333,  1.00000000,1,0,0.0,0.5
704.7667,  1.00000000,1,0,0.025000000000000001,0.5
704.8000,  1.00000000,1,0,0.0,0.5
704.8333,  1.00000000,1,0,0.025000000000000001,0.5
704.8667,  1.00000000,1,0,0.0,0.5
704.9000,  1.00000000,1,0,0.025000000000000001,0.5
704.9333,  1.00000000,1,0,0.025000000000000001,0.5
704.9667,  1.00000000,1,0,0.025000000000000001,0.5
705.0000,  1.00000000,1,0,0.025000000000000001,0.5
705.0333,  1.00000000,1,0,0.025000000000000001,0.5
705.0667,  1.00000000,1,0,0.025000000000000001,0.5
705.1000,  1.00000000,1,0,0.025000000000000001,0.5
705.1333,  1.00000000,1,0,0.0,0.5
705.1667,  1.00000000,1,0,0.050000000000000003,0.5
705.2000,  1.00000000,1,0,0.050000000000000003,0.5
705.2333,  1.00000000,1,0,0.025000000000000001,0.5
705.2667,  1.00000000,1,0,0.025000000000000001,0.5
705.3000,  1.00000000,1,0,0.025000000000000001,0.5
705.3333,  1.00000000,1,0,0.0,0.5
705.3667,  1.00000000,1,0,0.0,0.5
705.4000,  1.00000000,1,0,0.025000000000000001,0.5
705.4333,  1.00000000,1,0,0.0,0.5
705.4667,  1.00000000,1,0,0.025000000000000001,0.5
705.5000,  1.00000000,1,0,0.025000000000000001,0.5
705.5333,  1.00000000,1,0,0.050000000000000003,0.5
705.5667,  1.00000000,1,0,0.025000000000000001,0.5
705.6000,  1.00000000,1,0,0.0,0.5
705.6333,  1.00000000,1,0,0.050000000000000003,0.5
705.6667,  1.00000000,1,0,0.025000000000000001,0.5
705.7000,  1.00000000,1,0,0.025000000000000001,0.5
705.7333,  1.00000000,1,0,0.025000000000000001,0.5
705.7667,  1.00000000,1,0,0.050000000000000003,0.5
705.8000,  1.00000000,1,0,0.050000000000000003,0.5
705.8333,  1.00000000,1,0,0.025000000000000001,0.5
705.8667,  1.00000000,1,0,0.025000000000000001,0.5
705.9000,  1.00000000,1,0,0.0,0.5
705.9333,  1.00000000,1,0,0.025000000000000001,0.5
705.9667,  1.00000000,1,0,0.0,0.5
706.0000,  1.00000000,1,0,0.025000000000000001,0.5
706.0333,  1.00000000,1,0,0.0,0.5
706.0667,  1.00000000,1,0,0.0,0.5
706.1000,  1.00000000,1,0,0.025000000000000001,0.5
706.1333,  1.00000000,1,0,0.025000000000000001,0.5
706.1667,  1.00000000,1,0,0.025000000000000001,0.5
706.2000,  1.00000000,1,0,0.025000000000000001,0.5
706.2333,  1.00000000,1,0,0.0,0.5
706.2667,  1.00000000,1,0,0.025000000000000001,0.5
706.3000,  1.00000000,1,0,0.0,0.5
706.3333,  1.00000000,1,0,0.0,0.5
706.3667,  1.00000000,1,0,0.025000000000000001,0.5
706.4000,  1.00000000,1,0,0.0,0.5
706.4333,  1.00000000,1,0,0.025000000000000001,0.5
706.4667,  1.00000000,1,0,0.050000000000000003,0.5
706.5000,  1.00000000,1,0,0.0,0.5
706.5333,  1.00000000,1,0,0.0,0.5
706.5667,  1.00000000,1,0,0.0,0.5
706.6000,  1.00000000,1,0,0.025000000000000001,0.5
706.6333,  1.00000000,1,0,0.0,0.5
706.6667,  1.00000000,1,0,0.050000000000000003,0.5
706.7000,  1.00000000,1,0,0.050000000000000003,0.5
706.7333,  1.00000000,1,0,0.0,0.5
706.7667,  1.00000000,1,0,0.025000000000000001,0.5
706.8000,  1.00000000,1,0,0.050000000000000003,0.5
706.8333,  1.00000000,1,0,0.025000000000000001,0.5
706.8667,  1.00000000,1,0,0.050000000000000003,0.5
706.9000,  1.00000000,1,0,0.050000000000000003,0.5
706.9333,  1.00000000,1,0,0.025000000000000001,0.5
706.9667,  1.00000000,1,0,0.025000000000000001,0.5
707.0000,  1.00000000,1,0,0.050000000000000003,0.5
707.0333,  1.00000000,1,0,0.074999999999999997,0.5
707.0667,  1.00000000,1,0,0.0,0.5
707.1000,  1.00000000,1,0,0.050000000000000003,0.5
707.1333,  1.00000000,1,0,0.025000000000000001,0.5
707.1667,  1.00000000,1,0,0.050000000000000003,0.5
707.2000,  1.00000000,1,0,0.025000000000000001,0.5
707.2333,  1.00000000,1,0,0.025000000000000001,0.5
707.2667,  1.00000000,1,0,0.050000000000000003,0.5
707.3000,  1.00000000,1,0,0.0,0.5
707.3333,  1.00000000,1,0,0.0,0.5
707.3667,  1.00000000,1,0,0.025000000000000001,0.5
707.4000,  1.00000000,1,0,0.025000000000000001,0.5
707.4333,  1.00000000,1,0,0.0,0.5
707.4667,  1.00000000,1,0,0.025000000000000001,0.5
707.5000,  1.00000000,1,0,0.0,0.5
707.5333,  1.00000000,1,0,0.025000000000000001,0.5
707.5667,  1.00000000,1,0,0.0,0.5
707.6000,  1.00000000,1,0,0.050000000000000003,0.5
707.6333,  1.00000000,1,0,0.0,0.5
707.6667,  1.00000000,1,0,0.025000000000000001,0.5
707.7000,  1.00000000,1,0,0.074999999999999997,0.5
707.7333,  1.00000000,1,0,0.074999999999999997,0.5
707.7667,  1.00000000,1,0,0.0,0.5
707.8000,  1.00000000,1,0,0.025000000000000001,0.5
707.8333,  1.00000000,1,0,0.050000000000000003,0.5
707.8667,  1.00000000,1,0,0.0,0.5
707.9000,  1.00000000,1,0,0.050000000000000003,0.5
707.9333,  1.00000000,1,0,0.0,0.5
707.9667,  1.00000000,1,0,0.0,0.5
708.0000,  1.00000000,1,0,0.0,0.5
708.0333,  1.00000000,1,0,0.025000000000000001,0.5
708.0667,  1.00000000,1,0,0.050000000000000003,0.5
708.1000,  1.00000000,1,0,0.0,0.5
708.1333,  1.00000000,1,0,0.0,0.5
708.1667,  1.00000000,1,0,0.025000000000000001,0.5
708.2000,  1.00000000,1,0,0.025000000000000001,0.5
708.2333,  1.00000000,1,0,0.0,0.5
708.2667,  1.00000000,1,0,0.025000000000000001,0.5
708.3000,  1.00000000,1,0,0.025000000000000001,0.5
708.3333,  1.00000000,1,0,0.0,0.5
708.3667,  1.00000000,1,0,0.0,0.5
708.4000,  1.00000000,1,0,0.025000000000000001,0.5
708.4333,  1.00000000,1,0,0.025000000000000001,0.5
708.4667,  1.00000000,1,0,0.025000000000000001,0.5
708.5000,  1.00000000,1,0,0.0,0.5
708.5333,  1.00000000,1,0,0.0,0.5
708.5667,  1.00000000,1,0,0.025000000000000001,0.5
708.6000,  1.00000000,1,0,0.025000000000000001,0.5
708.6333,  1.00000000,1,0,0.025000000000000001,0.5
708.6667,  1.00000000,1,0,0.0,0.5
708.7000,  1.00000000,1,0,0.0,0.5
708.7333,  1.00000000,1,0,0.025000000000000001,0.5
708.7667,  1.00000000,1,0,0.025000000000000001,0.5
708.8000,  1.00000000,1,0,0.025000000000000001,0.5
708.8333,  1.00000000,1,0,0.025000000000000001,0.5
708.8667,  1.00000000,1,0,0.025000000000000001,0.5
708.9000,  1.00000000,1,0,0.025000000000000001,0.5
708.9333,  1.00000000,1,0,0.025000000000000001,0.5
708.9667,  1.00000000,1,0,0.0,0.5
709.0000,  1.00000000,1,0,0.074999999999999997,0.5
709.0333,  1.00000000,1,0,0.074999999999999997,0.5
709.0667,  1.00000000,1,0,0.025000000000000001,0.5
709.1000,  1.00000000,1,0,0.050000000000000003,0.5
709.1333,  1.00000000,1,0,0.050000000000000003,0.5
709.1667,  1.00000000,1,0,0.025000000000000001,0.5
709.2000,  1.00000000,1,0,0.0,0.5
709.2333,  1.00000000,1,0,0.0,0.5
709.2667,  1.00000000,1,0,0.025000000000000001,0.5
709.3000,  1.00000000,1,0,0.050000000000000003,0.5
709.3333,  1.00000000,1,0,0.050000000000000003,0.5
709.3667,  1.00000000,1,0,0.074999999999999997,0.5
709.4000,  1.00000000,1,0,0.0,0.5
709.4333,  1.00000000,1,0,0.025000000000000001,0.5
709.4667,  1.00000000,1,0,0.025000000000000001,0.5
709.5000,  1.00000000,1,0,0.025000000000000001,0.5
709.5333,  1.00000000,1,0,0.025000000000000001,0.5
709.5667,  1.00000000,1,0,0.025000000000000001,0.5
709.6000,  1.00000000,1,0,0.025000000000000001,0.5
709.6333,  1.00000000,1,0,0.050000000000000003,0.5
709.6667,  1.00000000,1,0,0.025000000000000001,0.5
709.7000,  1.00000000,1,0,0.025000000000000001,0.5
709.7333,  1.00000000,1,0,0.0,0.5
709.7667,  1.00000000,1,0,0.0,0.5
709.8000,  1.00000000,1,0,0.050000000000000003,0.5
709.8333,  1.00000000,1,0,0.025000000000000001,0.5
709.8667,  1.00000000,1,0,0.0,0.5
709.9000,  1.00000000,1,0,0.025000000000000001,0.5
709.9333,  1.00000000,1,0,0.025000000000000001,0.5
709.9667,  1.00000000,1,0,0.050000000000000003,0.5
710.0000,  1.00000000,1,0,0.050000000000000003,0.5
710.0333,  1.00000000,1,0,0.025000000000000001,0.5
710.0667,  1.00000000,1,0,0.025000000000000001,0.5
710.1000,  1.00000000,1,0,0.050000000000000003,0.5
710.1333,  1.00000000,1,0,0.050000000000000003,0.5
710.1667,  1.00000000,1,0,0.025000000000000001,0.5
710.2000,  1.00000000,1,0,0.050000000000000003,0.5
710.2333,  1.00000000,1,0,0.050000000000000003,0.5
710.2667,  1.00000000,1,0,0.074999999999999997,0.5
710.3000,  1.00000000,1,0,0.074999999999999997,0.5
710.3333,  1.00000000,1,0,0.0,0.5
710.3667,  1.00000000,1,0,0.050000000000000003,0.5
710.4000,  1.00000000,1,0,0.050000000000000003,0.5
710.4333,  1.00000000,1,0,0.025000000000000001,0.5
710.4667,  1.00000000,1,0,0.025000000000000001,0.5
710.5000,  1.00000000,1,0,0.050000000000000003,0.5
710.5333,  1.00000000,1,0,0.025000000000000001,0.5
710.5667,  1.00000000,1,0,0.025000000000000001,0.5
710.6000,  1.00000000,1,0,0.025000000000000001,0.5
710.6333,  1.00000000,1,0,0.025000000000000001,0.5
710.6667,  1.00000000,1,0,0.025000000000000001,0.5
710.7000,  1.00000000,1,0,0.025000000000000001,0.5
710.7333,  1.00000000,1,0,0.050000000000000003,0.5
710.7667,  1.00000000,1,0,0.0,0.5
710.8000,  1.00000000,1,0,0.050000000000000003,0.5
710.8333,  1.00000000,1,0,0.025000000000000001,0.5
710.8667,  1.00000000,1,0,0.050000000000000003,0.5
710.9000,  1.00000000,1,0,0.025000000000000001,0.5
710.9333,  1.00000000,1,0,0.025000000000000001,0.5
710.9667,  1.00000000,1,0,0.0,0.5
711.0000,  1.00000000,1,0,0.0,0.5
711.0333,  1.00000000,1,0,0.025000000000000001,0.5
711.0667,  1.00000000,1,0,0.025000000000000001,0.5
711.1000,  1.00000000,1,0,0.050000000000000003,0.5
711.1333,  1.00000000,1,0,0.025000000000000001,0.5
711.1667,  1.00000000,1,0,0.025000000000000001,0.5
711.2000,  1.00000000,1,0,0.025000000000000001,0.5
711.2333,  1.00000000,1,0,0.0,0.5
711.2667,  1.00000000,1,0,0.050000000000000003,0.5
711.3000,  1.00000000,1,0,0.025000000000000001,0.5
711.3333,  1.00000000,1,0,0.025000000000000001,0.5
711.3667,  1.00000000,1,0,0.025000000000000001,0.5
711.4000,  1.00000000,1,0,0.025000000000000001,0.5
711.4333,  1.00000000,1,0,0.050000000000000003,0.5
711.4667,  1.00000000,1,0,0.025000000000000001,0.5
711.5000,  1.00000000,1,0,0.0,0.5
711.5333,  1.00000000,1,0,0.0,0.5
711.5667,  1.00000000,1,0,0.050000000000000003,0.5
711.6000,  1.00000000,1,0,0.025000000000000001,0.5
711.6333,  1.00000000,1,0,0.050000000000000003,0.5
711.6667,  1.00000000,1,0,0.050000000000000003,0.5
711.7000,  1.00000000,1,0,0.025000000000000001,0.5
711.7333,  1.00000000,1,0,0.0,0.5
711.7667,  1.00000000,1,0,0.0,0.5
711.8000,  1.00000000,1,0,0.025000000000000001,0.5
711.8333,  1.00000000,1,0,0.025000000000000001,0.5
711.8667,  1.00000000,1,0,0.025000000000000001,0.5
711.9000,  1.00000000,1,0,0.074999999999999997,0.5
711.9333,  1.00000000,1,0,0.025000000000000001,0.5
711.9667,  1.00000000,1,0,0.025000000000000001,0.5
712.0000,  1.00000000,1,0,0.025000000000000001,0.5
712.0333,  1.00000000,1,0,0.074999999999999997,0.5
712.0667,  1.00000000,1,0,0.025000000000000001,0.5
712.1000,  1.00000000,1,0,0.0,0.5
712.1333,  1.00000000,1,0,0.0,0.5
712.1667,  1.00000000,1,0,0.025000000000000001,0.5
712.2000,  1.00000000,1,0,0.025000000000000001,0.5
712.2333,  1.00000000,1,0,0.025000000000000001,0.5
712.2667,  1.00000000,1,0,0.0,0.5
712.3000,  1.00000000,1,0,0.025000000000000001,0.5
712.3333,  1.00000000,1,0,0.0,0.5
712.3667,  1.00000000,1,0,0.0,0.5
712.4000,  1.00000000,1,0,0.050000000000000003,0.5
712.4333,  1.00000000,1,0,0.050000000000000003,0.5
712.4667,  1.00000000,1,0,0.025000000000000001,0.5
712.5000,  1.00000000,1,0,0.0,0.5
712.5333,  1.00000000,1,0,0.0,0.5
712.5667,  1.00000000,1,0,0.0,0.5
712.6000,  1.00000000,1,0,0.0,0.5
712.6333,  1.00000000,1,0,0.050000000000000003,0.5
712.6667,  1.00000000,1,0,0.025000000000000001,0.5
712.7000,  1.00000000,1,0,0.050000000000000003,0.5
712.7333,  1.00000000,1,0,0.050000000000000003,0.5
712.7667,  1.00000000,1,0,0.050000000000000003,0.5
712.8000,  1.00000000,1,0,0.0,0.5
712.8333,  1.00000000,1,0,0.025000000000000001,0.5
712.8667,  1.00000000,1,0,0.025000000000000001,0.5
712.9000,  1.00000000,1,0,0.0,0.5
712.9333,  1.00000000,1,0,0.025000000000000001,0.5
712.9667,  1.00000000,1,0,0.050000000000000003,0.5
713.0000,  1.00000000,1,0,0.050000000000000003,0.5
713.0333,  1.00000000,1,0,0.0,0.5
713.0667,  1.00000000,1,0,0.050000000000000003,0.5
713.1000,  1.00000000,1,0,0.050000000000000003,0.5
713.1333,  1.00000000,1,0,0.050000000000000003,0.5
713.1667,  1.00000000,1,0,0.025000000000000001,0.5
713.2000,  1.00000000,1,0,0.0,0.5
713.2333,  1.00000000,1,0,0.0,0.5
713.2667,  1.00000000,1,0,0.050000000000000003,0.5
713.3000,  1.00000000,1,0,0.074999999999999997,0.5
713.3333,  1.00000000,1,0,0.0,0.5
713.3667,  1.00000000,1,0,0.025000000000000001,0.5
713.4000,  1.00000000,1,0,0.0,0.5
713.4333,  1.00000000,1,0,0.0,0.5
713.4667,  1.00000000,1,0,0.025000000000000001,0.5
713.5000,  1.00000000,1,0,0.050000000000000003,0.5
713.5333,  1.00000000,1,0,0.025000000000000001,0.5
713.5667,  1.00000000,1,0,0.025000000000000001,0.5
713.6000,  1.00000000,1,0,0.025000000000000001,0.5
713.6333,  1.00000000,1,0,0.025000000000000001,0.5
713.6667,  1.00000000,1,0,0.025000000000000001,0.5
713.7000,  1.00000000,1,0,0.0,0.5
713.7333,  1.00000000,1,0,0.0,0.5
713.7667,  1.00000000,1,0,0.074999999999999997,0.5
713.8000,  1.00000000,1,0,0.025000000000000001,0.5
713.8333,  1.00000000,1,0,0.025000000000000001,0.5
713.8667,  1.00000000,1,0,0.025000000000000001,0.5
713.9000,  1.00000000,1,0,0.050000000000000003,0.5
713.9333,  1.00000000,1,0,0.025000000000000001,0.5
713.9667,  1.00000000,1,0,0.025000000000000001,0.5
714.0000,  1.00000000,1,0,0.025000000000000001,0.5
714.0333,  1.00000000,1,0,0.0,0.5
714.0667,  1.00000000,1,0,0.0,0.5
714.1000,  1.00000000,1,0,0.0,0.5
714.1333,  1.00000000,1,0,0.050000000000000003,0.5
714.1667,  1.00000000,1,0,0.025000000000000001,0.5
714.2000,  1.00000000,1,0,0.0,0.5
714.2333,  1.00000000,1,0,0.025000000000000001,0.5
714.2667,  1.00000000,1,0,0.025000000000000001,0.5
714.3000,  1.00000000,1,0,0.0,0.5
714.3333,  1.00000000,1,0,0.025000000000000001,0.5
714.3667,  1.00000000,1,0,0.0,0.5
714.4000,  1.00000000,1,0,0.025000000000000001,0.5
714.4333,  1.00000000,1,0,0.025000000000000001,0.5
714.4667,  1.00000000,1,0,0.025000000000000001,0.5
714.5000,  1.00000000,1,0,0.025000000000000001,0.5
714.5333,  1.00000000,1,0,0.050000000000000003,0.5
714.5667,  1.00000000,1,0,0.0,0.5
714.6000,  1.00000000,1,0,0.0,0.5
714.6333,  1.00000000,1,0,0.025000000000000001,0.5
714.6667,  1.00000000,1,0,0.0,0.5
714.7000,  1.00000000,1,0,0.025000000000000001,0.5
714.7333,  1.00000000,1,0,0.025000000000000001,0.5
714.7667,  1.00000000,1,0,0.074999999999999997,0.5
714.8000,  1.00000000,1,0,0.025000000000000001,0.5
714.8333,  1.00000000,1,0,0.050000000000000003,0.5
714.8667,  1.00000000,1,0,0.050000000000000003,0.5
714.9000,  1.00000000,1,0,0.025000000000000001,0.5
714.9333,  1.00000000,1,0,0.025000000000000001,0.5
714.9667,  1.00000000,1,0,0.025000000000000001,0.5
715.0000,  1.00000000,1,0,0.0,0.5
715.0333,  1.00000000,1,0,0.074999999999999997,0.5
715.0667,  1.00000000,1,0,0.0,0.5
715.1000,  1.00000000,1,0,0.0,0.5
715.1333,  1.00000000,1,0,0.0,0.5
715.1667,  1.00000000,1,0,0.025000000000000001,0.5
715.2000,  1.00000000,1,0,0.025000000000000001,0.5
715.2333,  1.00000000,1,0,0.074999999999999997,0.5
715.2667,  1.00000000,1,0,0.025000000000000001,0.5
715.3000,  1.00000000,1,0,0.0,0.5
715.3333,  1.00000000,1,0,0.025000000000000001,0.5
715.3667,  1.00000000,1,0,0.025000000000000001,0.5
715.4000,  1.00000000,1,0,0.050000000000000003,0.5
715.4333,  1.00000000,1,0,0.074999999999999997,0.5
715.4667,  1.00000000,1,0,0.025000000000000001,0.5
715.5000,  1.00000000,1,0,0.050000000000000003,0.5
715.5333,  1.00000000,1,0,0.025000000000000001,0.5
715.5667,  1.00000000,1,0,0.0,0.5
715.6000,  1.00000000,1,0,0.050000000000000003,0.5
715.6333,  1.00000000,1,0,0.050000000000000003,0.5
715.6667,  1.00000000,1,0,0.050000000000000003,0.5
715.7000,  1.00000000,1,0,0.050000000000000003,0.5
715.7333,  1.00000000,1,0,0.025000000000000001,0.5
715.7667,  1.00000000,1,0,0.025000000000000001,0.5
715.8000,  1.00000000,1,0,0.025000000000000001,0.5
715.8333,  1.00000000,1,0,0.050000000000000003,0.5
715.8667,  1.00000000,1,0,0.0,0.5
715.9000,  1.00000000,1,0,0.025000000000000001,0.5
715.9333,  1.00000000,1,0,0.025000000000000001,0.5
715.9667,  1.00000000,1,0,0.0,0.5
716.0000,  1.00000000,1,0,0.025000000000000001,0.5
716.0333,  1.00000000,1,0,0.025000000000000001,0.5
716.0667,  1.00000000,1,0,0.025000000000000001,0.5
716.1000,  1.00000000,1,0,0.0,0.5
716.1333,  1.00000000,1,0,0.025000000000000001,0.5
716.1667,  1.00000000,1,0,0.050000000000000003,0.5
716.2000,  1.00000000,1,0,0.025000000000000001,0.5
716.2333,  1.00000000,1,0,0.025000000000000001,0.5
716.2667,  1.00000000,1,0,0.0,0.5
716.3000,  1.00000000,1,0,0.025000000000000001,0.5
716.3333,  1.00000000,1,0,0.0,0.5
716.3667,  1.00000000,1,0,0.0,0.5
716.4000,  1.00000000,1,0,0.050000000000000003,0.5
716.4333,  1.00000000,1,0,0.050000000000000003,0.5
716.4667,  1.00000000,1,0,0.050000000000000003,0.5
716.5000,  1.00000000,1,0,0.025000000000000001,0.5
716.5333,  1.00000000,1,0,0.050000000000000003,0.5
716.5667,  1.00000000,1,0,0.025000000000000001,0.5
716.6000,  1.00000000,1,0,0.074999999999999997,0.5
716.6333,  1.00000000,1,0,0.025000000000000001,0.5
716.6667,  1.00000000,1,0,0.0,0.5
716.7000,  1.00000000,1,0,0.025000000000000001,0.5
716.7333,  1.00000000,1,0,0.025000000000000001,0.5
716.7667,  1.00000000,1,0,0.025000000000000001,0.5
716.8000,  1.00000000,1,0,0.050000000000000003,0.5
716.8333,  1.00000000,1,0,0.025000000000000001,0.5
716.8667,  1.00000000,1,0,0.025000000000000001,0.5
716.9000,  1.00000000,1,0,0.025000000000000001,0.5
716.9333,  1.00000000,1,0,0.074999999999999997,0.5
716.9667,  1.00000000,1,0,0.0,0.5
717.0000,  1.00000000,1,0,0.025000000000000001,0.5
717.0333,  1.00000000,1,0,0.025000000000000001,0.5
717.0667,  1.00000000,1,0,0.0,0.5
717.1000,  1.00000000,1,0,0.0,0.5
717.1333,  1.00000000,1,0,0.050000000000000003,0.5
717.1667,  1.00000000,1,0,0.0,0.5
717.2000,  1.00000000,1,0,0.025000000000000001,0.5
717.2333,  1.00000000,1,0,0.025000000000000001,0.5
717.2667,  1.00000000,1,0,0.025000000000000001,0.5
717.3000,  1.00000000,1,0,0.0,0.5
717.3333,  1.00000000,1,0,0.025000000000000001,0.5
717.3667,  1.00000000,1,0,0.025000000000000001,0.5
717.4000,  1.00000000,1,0,0.050000000000000003,0.5
717.4333,  1.00000000,1,0,0.050000000000000003,0.5
717.4667,  1.00000000,1,0,0.0,0.5
717.5000,  1.00000000,1,0,0.025000000000000001,0.5
717.5333,  1.00000000,1,0,0.050000000000000003,0.5
717.5667,  1.00000000,1,0,0.025000000000000001,0.5
717.6000,  1.00000000,1,0,0.050000000000000003,0.5
717.6333,  1.00000000,1,0,0.025000000000000001,0.5
717.6667,  1.00000000,1,0,0.050000000000000003,0.5
717.7000,  1.00000000,1,0,0.025000000000000001,0.5
717.7333,  1.00000000,1,0,0.0,0.5
717.7667,  1.00000000,1,0,0.025000000000000001,0.5
717.8000,  1.00000000,1,0,0.0,0.5
717.8333,  1.00000000,1,0,0.0,0.5
717.8667,  1.00000000,1,0,0.050000000000000003,0.5
717.9000,  1.00000000,1,0,0.0,0.5
717.9333,  1.00000000,1,0,0.025000000000000001,0.5
717.9667,  1.00000000,1,0,0.050000000000000003,0.5
718.0000,  1.00000000,1,0,0.025000000000000001,0.5
718.0333,  1.00000000,1,0,0.025000000000000001,0.5
718.0667,  1.00000000,1,0,0.025000000000000001,0.5
718.1000,  1.00000000,1,0,0.050000000000000003,0.5
718.1333,  1.00000000,1,0,0.0,0.5
718.1667,  1.00000000,1,0,0.050000000000000003,0.5
718.2000,  1.00000000,1,0,0.025000000000000001,0.5
718.2333,  1.00000000,1,0,0.025000000000000001,0.5
718.2667,  1.00000000,1,0,0.0,0.5
718.3000,  1.00000000,1,0,0.0,0.5
718.3333,  1.00000000,1,0,0.025000000000000001,0.5
718.3667,  1.00000000,1,0,0.050000000000000003,0.5
718.4000,  1.00000000,1,0,0.050000000000000003,0.5
718.4333,  1.00000000,1,0,0.0,0.5
718.4667,  1.00000000,1,0,0.025000000000000001,0.5
718.5000,  1.00000000,1,0,0.025000000000000001,0.5
718.5333,  1.00000000,1,0,0.0,0.5
718.5667,  1.00000000,1,0,0.0,0.5
718.6000,  1.00000000,1,0,0.050000000000000003,0.5
718.6333,  1.00000000,1,0,0.025000000000000001,0.5
718.6667,  1.00000000,1,0,0.050000000000000003,0.5
718.7000,  1.00000000,1,0,0.025000000000000001,0.5
718.7333,  1.00000000,1,0,0.050000000000000003,0.5
718.7667,  1.00000000,1,0,0.025000000000000001,0.5
718.8000,  1.00000000,1,0,0.025000000000000001,0.5
718.8333,  1.00000000,1,0,0.025000000000000001,0.5
718.8667,  1.00000000,1,0,0.025000000000000001,0.5
718.9000,  1.00000000,1,0,0.025000000000000001,0.5
718.9333,  1.00000000,1,0,0.025000000000000001,0.5
718.9667,  1.00000000,1,0,0.025000000000000001,0.5
719.0000,  1.00000000,1,0,0.050000000000000003,0.5
719.0333,  1.00000000,1,0,0.025000000000000001,0.5
719.0667,  1.00000000,1,0,0.025000000000000001,0.5
719.1000,  1.00000000,1,0,0.025000000000000001,0.5
719.1333,  1.00000000,1,0,0.050000000000000003,0.5
719.1667,  1.00000000,1,0,0.050000000000000003,0.5
719.2000,  1.00000000,1,0,0.074999999999999997,0.5
719.2333,  1.00000000,1,0,0.025000000000000001,0.5
719.2667,  1.00000000,1,0,0.074999999999999997,0.5
719.3000,  1.00000000,1,0,0.025000000000000001,0.5
719.3333,  1.00000000,1,0,0.025000000000000001,0.5
719.3667,  1.00000000,1,0,0.025000000000000001,0.5
719.4000,  1.00000000,1,0,0.025000000000000001,0.5
719.4333,  1.00000000,1,0,0.074999999999999997,0.5
719.4667,  1.00000000,1,0,0.025000000000000001,0.5
719.5000,  1.00000000,1,0,0.050000000000000003,0.5
719.5333,  1.00000000,1,0,0.0,0.5
719.5667,  1.00000000,1,0,0.025000000000000001,0.5
719.6000,  1.00000000,1,0,0.050000000000000003,0.5
719.6333,  1.00000000,1,0,0.025000000000000001,0.5
719.6667,  1.00000000,1,0,0.025000000000000001,0.5
719.7000,  1.00000000,1,0,0.074999999999999997,0.5
719.7333,  1.00000000,1,0,0.0,0.5
719.7667,  1.00000000,1,0,0.050000000000000003,0.5
719.8000,  1.00000000,1,0,0.074999999999999997,0.5
719.8333,  1.00000000,1,0,0.025000000000000001,0.5
719.8667,  1.00000000,1,0,0.050000000000000003,0.5
719.9000,  1.00000000,1,0,0.025000000000000001,0.5
719.9333,  1.00000000,1,0,0.025000000000000001,0.5
719.9667,  1.00000000,1,0,0.025000000000000001,0.5
720.0000,  1.00000000,1,0,0.0,0.5
720.0333,  1.00000000,1,0,0.050000000000000003,0.5
720.0667,  1.00000000,1,0,0.025000000000000001,0.5
720.1000,  1.00000000,1,0,0.0,0.5
720.1333,  1.00000000,1,0,0.0,0.5
720.1667,  1.00000000,1,0,0.025000000000000001,0.5
720.2000,  1.00000000,1,0,0.025000000000000001,0.5
720.2333,  1.00000000,1,0,0.0,0.5
720.2667,  1.00000000,1,0,0.025000000000000001,0.5
720.3000,  1.00000000,1,0,0.025000000000000001,0.5
720.3333,  1.00000000,1,0,0.074999999999999997,0.5
720.3667,  1.00000000,1,0,0.025000000000000001,0.5
720.4000,  1.00000000,1,0,0.0,0.5
720.4333,  1.00000000,1,0,0.025000000000000001,0.5
720.4667,  1.00000000,1,0,0.050000000000000003,0.5
720.5000,  1.00000000,1,0,0.025000000000000001,0.5
720.5333,  1.00000000,1,0,0.050000000000000003,0.5
720.5667,  1.00000000,1,0,0.050000000000000003,0.5
720.6000,  1.00000000,1,0,0.0,0.5
720.6333,  1.00000000,1,0,0.050000000000000003,0.5
720.6667,  1.00000000,1,0,0.0,0.5
720.7000,  1.00000000,1,0,0.025000000000000001,0.5
720.7333,  1.00000000,1,0,0.050000000000000003,0.5
720.7667,  1.00000000,1,0,0.050000000000000003,0.5
720.8000,  1.00000000,1,0,0.050000000000000003,0.5
720.8333,  1.00000000,1,0,0.050000000000000003,0.5
720.8667,  1.00000000,1,0,0.025000000000000001,0.5
720.9000,  1.00000000,1,0,0.050000000000000003,0.5
720.9333,  1.00000000,1,0,0.074999999999999997,0.5
720.9667,  1.00000000,1,0,0.025000000000000001,0.5
721.0000,  1.00000000,1,0,0.0,0.5
721.0333,  1.00000000,1,0,0.0,0.5
721.0667,  1.00000000,1,0,0.0,0.5
721.1000,  1.00000000,1,0,0.025000000000000001,0.5
721.1333,  1.00000000,1,0,0.050000000000000003,0.5
721.1667,  1.00000000,1,0,0.0,0.5
721.2000,  1.00000000,1,0,0.050000000000000003,0.5
721.2333,  1.00000000,1,0,0.025000000000000001,0.5
721.2667,  1.00000000,1,0,0.074999999999999997,0.5
721.3000,  1.00000000,1,0,0.050000000000000003,0.5
721.3333,  1.00000000,1,0,0.0,0.5
721.3667,  1.00000000,1,0,0.050000000000000003,0.5
721.4000,  1.00000000,1,0,0.0,0.5
721.4333,  1.00000000,1,0,0.050000000000000003,0.5
721.4667,  1.00000000,1,0,0.050000000000000003,0.5
721.5000,  1.00000000,1,0,0.025000000000000001,0.5
721.5333,  1.00000000,1,0,0.050000000000000003,0.5
721.5667,  1.00000000,1,0,0.0,0.5
721.6000,  1.00000000,1,0,0.025000000000000001,0.5
721.6333,  1.00000000,1,0,0.050000000000000003,0.5
721.6667,  1.00000000,1,0,0.025000000000000001,0.5
721.7000,  1.00000000,1,0,0.050000000000000003,0.5
721.7333,  1.00000000,1,0,0.050000000000000003,0.5
721.7667,  1.00000000,1,0,0.050000000000000003,0.5
721.8000,  1.00000000,1,0,0.050000000000000003,0.5
721.8333,  1.00000000,1,0,0.0,0.5
721.8667,  1.00000000,1,0,0.025000000000000001,0.5
721.9000,  1.00000000,1,0,0.050000000000000003,0.5
721.9333,  1.00000000,1,0,0.050000000000000003,0.5
721.9667,  1.00000000,1,0,0.050000000000000003,0.5
722.0000,  1.00000000,1,0,0.050000000000000003,0.5
722.0333,  1.00000000,1,0,0.0,0.5
722.0667,  1.00000000,1,0,0.0,0.5
722.1000,  1.00000000,1,0,0.0,0.5
722.1333,  1.00000000,1,0,0.0,0.5
722.1667,  1.00000000,1,0,0.074999999999999997,0.5
722.2000,  1.00000000,1,0,0.025000000000000001,0.5
722.2333,  1.00000000,1,0,0.050000000000000003,0.5
722.2667,  1.00000000,1,0,0.050000000000000003,0.5
722.3000,  1.00000000,1,0,0.050000000000000003,0.5
722.3333,  1.00000000,1,0,0.050000000000000003,0.5
722.3667,  1.00000000,1,0,0.025000000000000001,0.5
722.4000,  1.00000000,1,0,0.025000000000000001,0.5
722.4333,  1.00000000,1,0,0.074999999999999997,0.5
722.4667,  1.00000000,1,0,0.025000000000000001,0.5
722.5000,  1.00000000,1,0,0.050000000000000003,0.5
722.5333,  1.00000000,1,0,0.0,0.5
722.5667,  1.00000000,1,0,0.025000000000000001,0.5
722.6000,  1.00000000,1,0,0.025000000000000001,0.5
722.6333,  1.00000000,1,0,0.050000000000000003,0.5
722.6667,  1.00000000,1,0,0.0,0.5
722.7000,  1.00000000,1,0,0.025000000000000001,0.5
722.7333,  1.00000000,1,0,0.025000000000000001,0.5
722.7667,  1.00000000,1,0,0.050000000000000003,0.5
722.8000,  1.00000000,1,0,0.050000000000000003,0.5
722.8333,  1.00000000,1,0,0.0,0.5
722.8667,  1.00000000,1,0,0.050000000000000003,0.5
722.9000,  1.00000000,1,0,0.025000000000000001,0.5
722.9333,  1.00000000,1,0,0.050000000000000003,0.5
722.9667,  1.00000000,1,0,0.0,0.5
723.0000,  1.00000000,1,0,0.025000000000000001,0.5
723.0333,  1.00000000,1,0,0.050000000000000003,0.5
723.0667,  1.00000000,1,0,0.025000000000000001,0.5
723.1000,  1.00000000,1,0,0.050000000000000003,0.5
723.1333,  1.00000000,1,0,0.050000000000000003,0.5
723.1667,  1.00000000,1,0,0.025000000000000001,0.5
723.2000,  1.00000000,1,0,0.074999999999999997,0.5
723.2333,  1.00000000,1,0,0.025000000000000001,0.5
723.2667,  1.00000000,1,0,0.025000000000000001,0.5
723.3000,  1.00000000,1,0,0.025000000000000001,0.5
723.3333,  1.00000000,1,0,0.0,0.5
723.3667,  1.00000000,1,0,0.0,0.5
723.4000,  1.00000000,1,0,0.074999999999999997,0.5
723.4333,  1.00000000,1,0,0.025000000000000001,0.5
723.4667,  1.00000000,1,0,0.0,0.5
723.5000,  1.00000000,1,0,0.025000000000000001,0.5
723.5333,  1.00000000,1,0,0.025000000000000001,0.5
723.5667,  1.00000000,1,0,0.025000000000000001,0.5
723.6000,  1.00000000,1,0,0.0,0.5
723.6333,  1.00000000,1,0,0.0,0.5
723.6667,  1.00000000,1,0,0.025000000000000001,0.5
723.7000,  1.00000000,1,0,0.025000000000000001,0.5
723.7333,  1.00000000,1,0,0.0,0.5
723.7667,  1.00000000,1,0,0.025000000000000001,0.5
723.8000,  1.00000000,1,0,0.025000000000000001,0.5
723.8333,  1.00000000,1,0,0.0,0.5
723.8667,  1.00000000,1,0,0.050000000000000003,0.5
723.9000,  1.00000000,1,0,0.025000000000000001,0.5
723.9333,  1.00000000,1,0,0.0,0.5
723.9667,  1.00000000,1,0,0.050000000000000003,0.5
724.0000,  1.00000000,1,0,0.025000000000000001,0.5
724.0333,  1.00000000,1,0,0.074999999999999997,0.5
724.0667,  1.00000000,1,0,0.050000000000000003,0.5
724.1000,  1.00000000,1,0,0.0,0.5
724.1333,  1.00000000,1,0,0.0,0.5
724.1667,  1.00000000,1,0,0.050000000000000003,0.5
724.2000,  1.00000000,1,0,0.025000000000000001,0.5
724.2333,  1.00000000,1,0,0.0,0.5
724.2667,  1.00000000,1,0,0.074999999999999997,0.5
724.3000,  1.00000000,1,0,0.025000000000000001,0.5
724.3333,  1.00000000,1,0,0.050000000000000003,0.5
724.3667,  1.00000000,1,0,0.025000000000000001,0.5
724.4000,  1.00000000,1,0,0.0,0.5
724.4333,  1.00000000,1,0,0.0,0.5
724.4667,  1.00000000,1,0,0.0,0.5
724.5000,  1.00000000,1,0,0.0,0.5
724.5333,  1.00000000,1,0,0.0,0.5
724.5667,  1.00000000,1,0,0.0,0.5
724.6000,  1.00000000,1,0,0.0,0.5
724.6333,  1.00000000,1,0,0.025000000000000001,0.5
724.6667,  1.00000000,1,0,0.0,0.5
724.7000,  1.00000000,1,0,0.025000000000000001,0.5
724.7333,  1.00000000,1,0,0.0,0.5
724.7667,  1.00000000,1,0,0.025000000000000001,0.5
724.8000,  1.00000000,1,0,0.025000000000000001,0.5
724.8333,  1.00000000,1,0,0.050000000000000003,0.5
724.8667,  1.00000000,1,0,0.025000000000000001,0.5
724.9000,  1.00000000,1,0,0.025000000000000001,0.5
724.9333,  1.00000000,1,0,0.025000000000000001,0.5
724.9667,  1.00000000,1,0,0.0,0.5
725.0000,  1.00000000,1,0,0.0,0.5
725.0333,  1.00000000,1,0,0.050000000000000003,0.5
725.0667,  1.00000000,1,0,0.0,0.5
725.1000,  1.00000000,1,0,0.025000000000000001,0.5
725.1333,  1.00000000,1,0,0.0,0.5
725.1667,  1.00000000,1,0,0.050000000000000003,0.5
725.2000,  1.00000000,1,0,0.0,0.5
725.2333,  1.00000000,1,0,0.0,0.5
725.2667,  1.00000000,1,0,0.0,0.5
725.3000,  1.00000000,1,0,0.025000000000000001,0.5
725.3333,  1.00000000,1,0,0.025000000000000001,0.5
725.3667,  1.00000000,1,0,0.0,0.5
725.4000,  1.00000000,1,0,0.0,0.5
725.4333,  1.00000000,1,0,0.025000000000000001,0.5
725.4667,  1.00000000,1,0,0.0,0.5
725.5000,  1.00000000,1,0,0.025000000000000001,0.5
725.5333,  1.00000000,1,0,0.025000000000000001,0.5
725.5667,  1.00000000,1,0,0.0,0.5
725.6000,  1.00000000,1,0,0.0,0.5
725.6333,  1.00000000,1,0,0.0,0.5
725.6667,  1.00000000,1,0,0.025000000000000001,0.5
725.7000,  1.00000000,1,0,0.025000000000000001,0.5
725.7333,  1.00000000,1,0,0.0,0.5
725.7667,  1.00000000,1,0,0.0,0.5
725.8000,  1.00000000,1,0,0.050000000000000003,0.5
725.8333,  1.00000000,1,0,0.025000000000000001,0.5
725.8667,  1.00000000,1,0,0.025000000000000001,0.5
725.9000,  1.00000000,1,0,0.025000000000000001,0.5
725.9333,  1.00000000,1,0,0.050000000000000003,0.5
725.9667,  1.00000000,1,0,0.025000000000000001,0.5
726.0000,  1.00000000,1,0,0.0,0.5
726.0333,  1.00000000,1,0,0.0,0.5
726.0667,  1.00000000,1,0,0.025000000000000001,0.5
726.1000,  1.00000000,1,0,0.074999999999999997,0.5
726.1333,  1.00000000,1,0,0.025000000000000001,0.5
726.1667,  1.00000000,1,0,0.0,0.5
726.2000,  1.00000000,1,0,0.025000000000000001,0.5
726.2333,  1.00000000,1,0,0.0,0.5
726.2667,  1.00000000,1,0,0.050000000000000003,0.5
726.3000,  1.00000000,1,0,0.050000000000000003,0.5
726.3333,  1.00000000,1,0,0.025000000000000001,0.5
726.3667,  1.00000000,1,0,0.0,0.5
726.4000,  1.00000000,1,0,0.050000000000000003,0.5
726.4333,  1.00000000,1,0,0.074999999999999997,0.5
726.4667,  1.00000000,1,0,0.050000000000000003,0.5
726.5000,  1.00000000,1,0,0.074999999999999997,0.5
726.5333,  1.00000000,1,0,0.050000000000000003,0.5
726.5667,  1.00000000,1,0,0.025000000000000001,0.5
726.6000,  1.00000000,1,0,0.0,0.5
726.6333,  1.00000000,1,0,0.025000000000000001,0.5
726.6667,  1.00000000,1,0,0.0,0.5
726.7000,  1.00000000,1,0,0.025000000000000001,0.5
726.7333,  1.00000000,1,0,0.025000000000000001,0.5
726.7667,  1.00000000,1,0,0.050000000000000003,0.5
726.8000,  1.00000000,1,0,0.050000000000000003,0.5
726.8333,  1.00000000,1,0,0.025000000000000001,0.5
726.8667,  1.00000000,1,0,0.025000000000000001,0.5
726.9000,  1.00000000,1,0,0.025000000000000001,0.5
726.9333,  1.00000000,1,0,0.050000000000000003,0.5
726.9667,  1.00000000,1,0,0.0,0.5
727.0000,  1.00000000,1,0,0.025000000000000001,0.5
727.0333,  1.00000000,1,0,0.025000000000000001,0.5
727.0667,  1.00000000,1,0,0.025000000000000001,0.5
727.1000,  1.00000000,1,0,0.025000000000000001,0.5
727.1333,  1.00000000,1,0,0.050000000000000003,0.5
727.1667,  1.00000000,1,0,0.025000000000000001,0.5
727.2000,  1.00000000,1,0,0.050000000000000003,0.5
727.2333,  1.00000000,1,0,0.050000000000000003,0.5
727.2667,  1.00000000,1,0,0.050000000000000003,0.5
727.3000,  1.00000000,1,0,0.025000000000000001,0.5
727.3333,  1.00000000,1,0,0.025000000000000001,0.5
727.3667,  1.00000000,1,0,0.025000000000000001,0.5
727.4000,  1.00000000,1,0,0.050000000000000003,0.5
727.4333,  1.00000000,1,0,0.025000000000000001,0.5
727.4667,  1.00000000,1,0,0.025000000000000001,0.5
727.5000,  1.00000000,1,0,0.025000000000000001,0.5
727.5333,  1.00000000,1,0,0.0,0.5
727.5667,  1.00000000,1,0,0.050000000000000003,0.5
727.6000,  1.00000000,1,0,0.0,0.5
727.6333,  1.00000000,1,0,0.0,0.5
727.6667,  1.00000000,1,0,0.025000000000000001,0.5
727.7000,  1.00000000,1,0,0.025000000000000001,0.5
727.7333,  1.00000000,1,0,0.0,0.5
727.7667,  1.00000000,1,0,0.0,0.5
727.8000,  1.00000000,1,0,0.0,0.5
727.8333,  1.00000000,1,0,0.0,0.5
727.8667,  1.00000000,1,0,0.025000000000000001,0.5
727.9000,  1.00000000,1,0,0.025000000000000001,0.5
727.9333,  1.00000000,1,0,0.0,0.5
727.9667,  1.00000000,1,0,0.025000000000000001,0.5
728.0000,  1.00000000,1,0,0.050000000000000003,0.5
728.0333,  1.00000000,1,0,0.0,0.5
728.0667,  1.00000000,1,0,0.025000000000000001,0.5
728.1000,  1.00000000,1,0,0.025000000000000001,0.5
728.1333,  1.00000000,1,0,0.050000000000000003,0.5
728.1667,  1.00000000,1,0,0.0,0.5
728.2000,  1.00000000,1,0,0.0,0.5
728.2333,  1.00000000,1,0,0.0,0.5
728.2667,  1.00000000,1,0,0.074999999999999997,0.5
728.3000,  1.00000000,1,0,0.025000000000000001,0.5
728.3333,  1.00000000,1,0,0.0,0.5
728.3667,  1.00000000,1,0,0.0,0.5
728.4000,  1.00000000,1,0,0.025000000000000001,0.5
728.4333,  1.00000000,1,0,0.050000000000000003,0.5
728.4667,  1.00000000,1,0,0.0,0.5
728.5000,  1.00000000,1,0,0.0,0.5
728.5333,  1.00000000,1,0,0.050000000000000003,0.5
728.5667,  1.00000000,1,0,0.025000000000000001,0.5
728.6000,  1.00000000,1,0,0.0,0.5
728.6333,  1.00000000,1,0,0.050000000000000003,0.5
728.6667,  1.00000000,1,0,0.025000000000000001,0.5
728.7000,  1.00000000,1,0,0.050000000000000003,0.5
728.7333,  1.00000000,1,0,0.0,0.5
728.7667,  1.00000000,1,0,0.025000000000000001,0.5
728.8000,  1.00000000,1,0,0.025000000000000001,0.5
728.8333,  1.00000000,1,0,0.050000000000000003,0.5
728.8667,  1.00000000,1,0,0.025000000000000001,0.5
728.9000,  1.00000000,1,0,0.0,0.5
728.9333,  1.00000000,1,0,0.050000000000000003,0.5
728.9667,  1.00000000,1,0,0.025000000000000001,0.5
729.0000,  1.00000000,1,0,0.0,0.5
729.0333,  1.00000000,1,0,0.025000000000000001,0.5
729.0667,  1.00000000,1,0,0.074999999999999997,0.5
729.1000,  1.00000000,1,0,0.0,0.5
729.1333,  1.00000000,1,0,0.0,0.5
729.1667,  1.00000000,1,0,0.050000000000000003,0.5
729.2000,  1.00000000,1,0,0.050000000000000003,0.5
729.2333,  1.00000000,1,0,0.0,0.5
729.2667,  1.00000000,1,0,0.025000000000000001,0.5
729.3000,  1.00000000,1,0,0.025000000000000001,0.5
729.3333,  1.00000000,1,0,0.074999999999999997,0.5
729.3667,  1.00000000,1,0,0.025000000000000001,0.5
729.4000,  1.00000000,1,0,0.025000000000000001,0.5
729.4333,  1.00000000,1,0,0.025000000000000001,0.5
729.4667,  1.00000000,1,0,0.025000000000000001,0.5
729.5000,  1.00000000,1,0,0.0,0.5
729.5333,  1.00000000,1,0,0.025000000000000001,0.5
729.5667,  1.00000000,1,0,0.025000000000000001,0.5
729.6000,  1.00000000,1,0,0.025000000000000001,0.5
729.6333,  1.00000000,1,0,0.025000000000000001,0.5
729.6667,  1.00000000,1,0,0.025000000000000001,0.5
729.7000,  1.00000000,1,0,0.025000000000000001,0.5
729.7333,  1.00000000,1,0,0.050000000000000003,0.5
729.7667,  1.00000000,1,0,0.050000000000000003,0.5
729.8000,  1.00000000,1,0,0.0,0.5
729.8333,  1.00000000,1,0,0.050000000000000003,0.5
729.8667,  1.00000000,1,0,0.025000000000000001,0.5
729.9000,  1.00000000,1,0,0.025000000000000001,0.5
729.9333,  1.00000000,1,0,0.074999999999999997,0.5
729.9667,  1.00000000,1,0,0.025000000000000001,0.5
730.0000,  1.00000000,1,0,0.050000000000000003,0.5
730.0333,  1.00000000,1,0,0.025000000000000001,0.5
730.0667,  1.00000000,1,0,0.025000000000000001,0.5
730.1000,  1.00000000,1,0,0.025000000000000001,0.5
730.1333,  1.00000000,1,0,0.050000000000000003,0.5
730.1667,  1.00000000,1,0,0.025000000000000001,0.5
730.2000,  1.00000000,1,0,0.0,0.5
730.2333,  1.00000000,1,0,0.025000000000000001,0.5
730.2667,  1.00000000,1,0,0.050000000000000003,0.5
730.3000,  1.00000000,1,0,0.025000000000000001,0.5
730.3333,  1.00000000,1,0,0.0,0.5
730.3667,  1.00000000,1,0,0.025000000000000001,0.5
730.4000,  1.00000000,1,0,0.050000000000000003,0.5
730.4333,  1.00000000,1,0,0.050000000000000003,0.5
730.4667,  1.00000000,1,0,0.050000000000000003,0.5
730.5000,  1.00000000,1,0,0.025000000000000001,0.5
730.5333,  1.00000000,1,0,0.025000000000000001,0.5
730.5667,  1.00000000,1,0,0.050000000000000003,0.5
730.6000,  1.00000000,1,0,0.050000000000000003,0.5
730.6333,  1.00000000,1,0,0.0,0.5
730.6667,  1.00000000,1,0,0.025000000000000001,0.5
730.7000,  1.00000000,1,0,0.074999999999999997,0.5
730.7333,  1.00000000,1,0,0.050000000000000003,0.5
730.7667,  1.00000000,1,0,0.074999999999999997,0.5
730.8000,  1.00000000,1,0,0.025000000000000001,0.5
730.8333,  1.00000000,1,0,0.050000000000000003,0.5
730.8667,  1.00000000,1,0,0.050000000000000003,0.5
730.9000,  1.00000000,1,0,0.025000000000000001,0.5
730.9333,  1.00000000,1,0,0.050000000000000003,0.5
730.9667,  1.00000000,1,0,0.025000000000000001,0.5
731.0000,  1.00000000,1,0,0.0,0.5
731.0333,  1.00000000,1,0,0.050000000000000003,0.5
731.0667,  1.00000000,1,0,0.025000000000000001,0.5
731.1000,  1.00000000,1,0,0.0,0.5
731.1333,  1.00000000,1,0,0.025000000000000001,0.5
731.1667,  1.00000000,1,0,0.025000000000000001,0.5
731.2000,  1.00000000,1,0,0.0,0.5
731.2333,  1.00000000,1,0,0.050000000000000003,0.5
731.2667,  1.00000000,1,0,0.0,0.5
731.3000,  1.00000000,1,0,0.074999999999999997,0.5
731.3333,  1.00000000,1,0,0.025000000000000001,0.5
731.3667,  1.00000000,1,0,0.050000000000000003,0.5
731.4000,  1.00000000,1,0,0.0,0.5
731.4333,  1.00000000,1,0,0.025000000000000001,0.5
731.4667,  1.00000000,1,0,0.025000000000000001,0.5
731.5000,  1.00000000,1,0,0.0,0.5
731.5333,  1.00000000,1,0,0.050000000000000003,0.5
731.5667,  1.00000000,1,0,0.025000000000000001,0.5
731.6000,  1.00000000,1,0,0.025000000000000001,0.5
731.6333,  1.00000000,1,0,0.0,0.5
731.6667,  1.00000000,1,0,0.025000000000000001,0.5
731.7000,  1.00000000,1,0,0.0,0.5
731.7333,  1.00000000,1,0,0.0,0.5
731.7667,  1.00000000,1,0,0.025000000000000001,0.5
731.8000,  1.00000000,1,0,0.0,0.5
731.8333,  1.00000000,1,0,0.025000000000000001,0.5
731.8667,  1.00000000,1,0,0.025000000000000001,0.5
731.9000,  1.00000000,1,0,0.025000000000000001,0.5
731.9333,  1.00000000,1,0,0.0,0.5
731.9667,  1.00000000,1,0,0.025000000000000001,0.5
732.0000,  1.00000000,1,0,0.025000000000000001,0.5
732.0333,  1.00000000,1,0,0.050000000000000003,0.5
732.0667,  1.00000000,1,0,0.025000000000000001,0.5
732.1000,  1.00000000,1,0,0.025000000000000001,0.5
732.1333,  1.00000000,1,0,0.0,0.5
732.1667,  1.00000000,1,0,0.025000000000000001,0.5
732.2000,  1.00000000,1,0,0.025000000000000001,0.5
732.2333,  1.00000000,1,0,0.025000000000000001,0.5
732.2667,  1.00000000,1,0,0.050000000000000003,0.5
732.3000,  1.00000000,1,0,0.050000000000000003,0.5
732.3333,  1.00000000,1,0,0.0,0.5
732.3667,  1.00000000,1,0,0.0,0.5
732.4000,  1.00000000,1,0,0.025000000000000001,0.5
732.4333,  1.00000000,1,0,0.0,0.5
732.4667,  1.00000000,1,0,0.025000000000000001,0.5
732.5000,  1.00000000,1,0,0.050000000000000003,0.5
732.5333,  1.00000000,1,0,0.0,0.5
732.5667,  1.00000000,1,0,0.0,0.5
732.6000,  1.00000000,1,0,0.0,0.5
732.6333,  1.00000000,1,0,0.025000000000000001,0.5
732.6667,  1.00000000,1,0,0.0,0.5
732.7000,  1.00000000,1,0,0.025000000000000001,0.5
732.7333,  1.00000000,1,0,0.050000000000000003,0.5
732.7667,  1.00000000,1,0,0.025000000000000001,0.5
732.8000,  1.00000000,1,0,0.0,0.5
732.8333,  1.00000000,1,0,0.025000000000000001,0.5
732.8667,  1.00000000,1,0,0.025000000000000001,0.5
732.9000,  1.00000000,1,0,0.025000000000000001,0.5
732.9333,  1.00000000,1,0,0.0,0.5
732.9667,  1.00000000,1,0,0.0,0.5
733.0000,  1.00000000,1,0,0.025000000000000001,0.5
733.0333,  1.00000000,1,0,0.050000000000000003,0.5
733.0667,  1.00000000,1,0,0.0,0.5
733.1000,  1.00000000,1,0,0.025000000000000001,0.5
733.1333,  1.00000000,1,0,0.025000000000000001,0.5
733.1667,  1.00000000,1,0,0.0,0.5
733.2000,  1.00000000,1,0,0.025000000000000001,0.5
733.2333,  1.00000000,1,0,0.050000000000000003,0.5
733.2667,  1.00000000,1,0,0.050000000000000003,0.5
733.3000,  1.00000000,1,0,0.025000000000000001,0.5
733.3333,  1.00000000,1,0,0.050000000000000003,0.5
733.3667,  1.00000000,1,0,0.050000000000000003,0.5
733.4000,  1.00000000,1,0,0.025000000000000001,0.5
733.4333,  1.00000000,1,0,0.050000000000000003,0.5
733.4667,  1.00000000,1,0,0.025000000000000001,0.5
733.5000,  1.00000000,1,0,0.025000000000000001,0.5
733.5333,  1.00000000,1,0,0.025000000000000001,0.5
733.5667,  1.00000000,1,0,0.050000000000000003,0.5
733.6000,  1.00000000,1,0,0.025000000000000001,0.5
733.6333,  1.00000000,1,0,0.025000000000000001,0.5
733.6667,  1.00000000,1,0,0.025000000000000001,0.5
733.7000,  1.00000000,1,0,0.025000000000000001,0.5
733.7333,  1.00000000,1,0,0.025000000000000001,0.5
733.7667,  1.00000000,1,0,0.025000000000000001,0.5
733.8000,  1.00000000,1,0,0.025000000000000001,0.5
733.8333,  1.00000000,1,0,0.025000000000000001,0.5
733.8667,  1.00000000,1,0,0.025000000000000001,0.5
733.9000,  1.00000000,1,0,0.0,0.5
733.9333,  1.00000000,1,0,0.0,0.5
733.9667,  1.00000000,1,0,0.050000000000000003,0.5
734.0000,  1.00000000,1,0,0.025000000000000001,0.5
734.0333,  1.00000000,1,0,0.025000000000000001,0.5
734.0667,  1.00000000,1,0,0.025000000000000001,0.5
734.1000,  1.00000000,1,0,0.0,0.5
734.1333,  1.00000000,1,0,0.025000000000000001,0.5
734.1667,  1.00000000,1,0,0.0,0.5
734.2000,  1.00000000,1,0,0.025000000000000001,0.5
734.2333,  1.00000000,1,0,0.0,0.5
734.2667,  1.00000000,1,0,0.025000000000000001,0.5
734.3000,  1.00000000,1,0,0.050000000000000003,0.5
734.3333,  1.00000000,1,0,0.0,0.5
734.3667,  1.00000000,1,0,0.025000000000000001,0.5
734.4000,  1.00000000,1,0,0.025000000000000001,0.5
734.4333,  1.00000000,1,0,0.025000000000000001,0.5
734.4667,  1.00000000,1,0,0.0,0.5
734.5000,  1.00000000,1,0,0.025000000000000001,0.5
734.5333,  1.00000000,1,0,0.025000000000000001,0.5
734.5667,  1.00000000,1,0,0.0,0.5
734.6000,  1.00000000,1,0,0.0,0.5
734.6333,  1.00000000,1,0,0.074999999999999997,0.5
734.6667,  1.00000000,1,0,0.050000000000000003,0.5
734.7000,  1.00000000,1,0,0.025000000000000001,0.5
734.7333,  1.00000000,1,0,0.025000000000000001,0.5
734.7667,  1.00000000,1,0,0.050000000000000003,0.5
734.8000,  1.00000000,1,0,0.0,0.5
734.8333,  1.00000000,1,0,0.025000000000000001,0.5
734.8667,  1.00000000,1,0,0.025000000000000001,0.5
734.9000,  1.00000000,1,0,0.0,0.5
734.9333,  1.00000000,1,0,0.050000000000000003,0.5
734.9667,  1.00000000,1,0,0.0,0.5
735.0000,  1.00000000,1,0,0.050000000000000003,0.5
735.0333,  1.00000000,1,0,0.025000000000000001,0.5
735.0667,  1.00000000,1,0,0.025000000000000001,0.5
735.1000,  1.00000000,1,0,0.025000000000000001,0.5
735.1333,  1.00000000,1,0,0.0,0.5
735.1667,  1.00000000,1,0,0.0,0.5
735.2000,  1.00000000,1,0,0.025000000000000001,0.5
735.2333,  1.00000000,1,0,0.025000000000000001,0.5
735.2667,  1.00000000,1,0,0.025000000000000001,0.5
735.3000,  1.00000000,1,0,0.025000000000000001,0.5
735.3333,  1.00000000,1,0,0.0,0.5
735.3667,  1.00000000,1,0,0.050000000000000003,0.5
735.4000,  1.00000000,1,0,0.0,0.5
735.4333,  1.00000000,1,0,0.025000000000000001,0.5
735.4667,  1.00000000,1,0,0.050000000000000003,0.5
735.5000,  1.00000000,1,0,0.025000000000000001,0.5
735.5333,  1.00000000,1,0,0.0,0.5
735.5667,  1.00000000,1,0,0.025000000000000001,0.5
735.6000,  1.00000000,1,0,0.025000000000000001,0.5
735.6333,  1.00000000,1,0,0.025000000000000001,0.5
735.6667,  1.00000000,1,0,0.074999999999999997,0.5
735.7000,  1.00000000,1,0,0.0,0.5
735.7333,  1.00000000,1,0,0.025000000000000001,0.5
735.7667,  1.00000000,1,0,0.025000000000000001,0.5
735.8000,  1.00000000,1,0,0.025000000000000001,0.5
735.8333,  1.00000000,1,0,0.025000000000000001,0.5
735.8667,  1.00000000,1,0,0.025000000000000001,0.5
735.9000,  1.00000000,1,0,0.0,0.5
735.9333,  1.00000000,1,0,0.025000000000000001,0.5
735.9667,  1.00000000,1,0,0.0,0.5
736.0000,  1.00000000,1,0,0.050000000000000003,0.5
736.0333,  1.00000000,1,0,0.0,0.5
736.0667,  1.00000000,1,0,0.0,0.5
736.1000,  1.00000000,1,0,0.025000000000000001,0.5
736.1333,  1.00000000,1,0,0.050000000000000003,0.5
736.1667,  1.00000000,1,0,0.050000000000000003,0.5
736.2000,  1.00000000,1,0,0.025000000000000001,0.5
736.2333,  1.00000000,1,0,0.025000000000000001,0.5
736.2667,  1.00000000,1,0,0.025000000000000001,0.5
736.3000,  1.00000000,1,0,0.025000000000000001,0.5
736.3333,  1.00000000,1,0,0.0,0.5
736.3667,  1.00000000,1,0,0.0,0.5
736.4000,  1.00000000,1,0,0.0,0.5
736.4333,  1.00000000,1,0,0.0,0.5
736.4667,  1.00000000,1,0,0.025000000000000001,0.5
736.5000,  1.00000000,1,0,0.050000000000000003,0.5
736.5333,  1.00000000,1,0,0.050000000000000003,0.5
736.5667,  1.00000000,1,0,0.025000000000000001,0.5
736.6000,  1.00000000,1,0,0.050000000000000003,0.5
736.6333,  1.00000000,1,0,0.025000000000000001,0.5
736.6667,  1.00000000,1,0,0.025000000000000001,0.5
736.7000,  1.00000000,1,0,0.025000000000000001,0.5
736.7333,  1.00000000,1,0,0.025000000000000001,0.5
736.7667,  1.00000000,1,0,0.0,0.5
736.8000,  1.00000000,1,0,0.025000000000000001,0.5
736.8333,  1.00000000,1,0,0.0,0.5
736.8667,  1.00000000,1,0,0.025000000000000001,0.5
736.9000,  1.00000000,1,0,0.074999999999999997,0.5
736.9333,  1.00000000,1,0,0.025000000000000001,0.5
736.9667,  1.00000000,1,0,0.074999999999999997,0.5
737.0000,  1.00000000,1,0,0.050000000000000003,0.5
737.0333,  1.00000000,1,0,0.050000000000000003,0.5
737.0667,  1.00000000,1,0,0.025000000000000001,0.5
737.1000,  1.00000000,1,0,0.025000000000000001,0.5
737.1333,  1.00000000,1,0,0.025000000000000001,0.5
737.1667,  1.00000000,1,0,0.025000000000000001,0.5
737.2000,  1.00000000,1,0,0.050000000000000003,0.5
737.2333,  1.00000000,1,0,0.0,0.5
737.2667,  1.00000000,1,0,0.0,0.5
737.3000,  1.00000000,1,0,0.025000000000000001,0.5
737.3333,  1.00000000,1,0,0.050000000000000003,0.5
737.3667,  1.00000000,1,0,0.050000000000000003,0.5
737.4000,  1.00000000,1,0,0.025000000000000001,0.5
737.4333,  1.00000000,1,0,0.025000000000000001,0.5
737.4667,  1.00000000,1,0,0.025000000000000001,0.5
737.5000,  1.00000000,1,0,0.050000000000000003,0.5
737.5333,  1.00000000,1,0,0.025000000000000001,0.5
737.5667,  1.00000000,1,0,0.0,0.5
737.6000,  1.00000000,1,0,0.050000000000000003,0.5
737.6333,  1.00000000,1,0,0.025000000000000001,0.5
737.6667,  1.00000000,1,0,0.025000000000000001,0.5
737.7000,  1.00000000,1,0,0.025000000000000001,0.5
737.7333,  1.00000000,1,0,0.025000000000000001,0.5
737.7667,  1.00000000,1,0,0.050000000000000003,0.5
737.8000,  1.00000000,1,0,0.025000000000000001,0.5
737.8333,  1.00000000,1,0,0.025000000000000001,0.5
737.8667,  1.00000000,1,0,0.025000000000000001,0.5
737.9000,  1.00000000,1,0,0.025000000000000001,0.5
737.9333,  1.00000000,1,0,0.025000000000000001,0.5
737.9667,  1.00000000,1,0,0.025000000000000001,0.5
738.0000,  1.00000000,1,0,0.025000000000000001,0.5
738.0333,  1.00000000,1,0,0.050000000000000003,0.5
738.0667,  1.00000000,1,0,0.0,0.5
738.1000,  1.00000000,1,0,0.0,0.5
738.1333,  1.00000000,1,0,0.025000000000000001,0.5
738.1667,  1.00000000,1,0,0.0,0.5
738.2000,  1.00000000,1,0,0.0,0.5
738.2333,  1.00000000,1,0,0.025000000000000001,0.5
738.2667,  1.00000000,1,0,0.025000000000000001,0.5
738.3000,  1.00000000,1,0,0.025000000000000001,0.5
738.3333,  1.00000000,1,0,0.025000000000000001,0.5
738.3667,  1.00000000,1,0,0.025000000000000001,0.5
738.4000,  1.00000000,1,0,0.050000000000000003,0.5
738.4333,  1.00000000,1,0,0.025000000000000001,0.5
738.4667,  1.00000000,1,0,0.050000000000000003,0.5
738.5000,  1.00000000,1,0,0.025000000000000001,0.5
738.5333,  1.00000000,1,0,0.0,0.5
738.5667,  1.00000000,1,0,0.025000000000000001,0.5
738.6000,  1.00000000,1,0,0.0,0.5
738.6333,  1.00000000,1,0,0.0,0.5
738.6667,  1.00000000,1,0,0.025000000000000001,0.5
738.7000,  1.00000000,1,0,0.0,0.5
738.7333,  1.00000000,1,0,0.0,0.5
738.7667,  1.00000000,1,0,0.025000000000000001,0.5
738.8000,  1.00000000,1,0,0.0,0.5
738.8333,  1.00000000,1,0,0.025000000000000001,0.5
738.8667,  1.00000000,1,0,0.025000000000000001,0.5
738.9000,  1.00000000,1,0,0.050000000000000003,0.5
738.9333,  1.00000000,1,0,0.025000000000000001,0.5
738.9667,  1.00000000,1,0,0.0,0.5
739.0000,  1.00000000,1,0,0.050000000000000003,0.5
739.0333,  1.00000000,1,0,0.025000000000000001,0.5
739.0667,  1.00000000,1,0,0.0,0.5
739.1000,  1.00000000,1,0,0.0,0.5
739.1333,  1.00000000,1,0,0.0,0.5
739.1667,  1.00000000,1,0,0.025000000000000001,0.5
739.2000,  1.00000000,1,0,0.025000000000000001,0.5
739.2333,  1.00000000,1,0,0.0,0.5
739.2667,  1.00000000,1,0,0.025000000000000001,0.5
739.3000,  1.00000000,1,0,0.025000000000000001,0.5
739.3333,  1.00000000,1,0,0.050000000000000003,0.5
739.3667,  1.00000000,1,0,0.0,0.5
739.4000,  1.00000000,1,0,0.025000000000000001,0.5
739.4333,  1.00000000,1,0,0.0,0.5
739.4667,  1.00000000,1,0,0.025000000000000001,0.5
739.5000,  1.00000000,1,0,0.074999999999999997,0.5
739.5333,  1.00000000,1,0,0.0,0.5
739.5667,  1.00000000,1,0,0.050000000000000003,0.5
739.6000,  1.00000000,1,0,0.050000000000000003,0.5
739.6333,  1.00000000,1,0,0.0,0.5
739.6667,  1.00000000,1,0,0.0,0.5
739.7000,  1.00000000,1,0,0.050000000000000003,0.5
739.7333,  1.00000000,1,0,0.025000000000000001,0.5
739.7667,  1.00000000,1,0,0.050000000000000003,0.5
739.8000,  1.00000000,1,0,0.025000000000000001,0.5
739.8333,  1.00000000,1,0,0.0,0.5
739.8667,  1.00000000,1,0,0.025000000000000001,0.5
739.9000,  1.00000000,1,0,0.0,0.5
739.9333,  1.00000000,1,0,0.025000000000000001,0.5
739.9667,  1.00000000,1,0,0.025000000000000001,0.5
740.0000,  1.00000000,1,0,0.0,0.5
740.0333,  1.00000000,1,0,0.050000000000000003,0.5
740.0667,  1.00000000,1,0,0.025000000000000001,0.5
740.1000,  1.00000000,1,0,0.025000000000000001,0.5
740.1333,  1.00000000,1,0,0.025000000000000001,0.5
740.1667,  1.00000000,1,0,0.050000000000000003,0.5
740.2000,  1.00000000,1,0,0.025000000000000001,0.5
740.2333,  1.00000000,1,0,0.0,0.5
740.2667,  1.00000000,1,0,0.025000000000000001,0.5
740.3000,  1.00000000,1,0,0.0,0.5
740.3333,  1.00000000,1,0,0.025000000000000001,0.5
740.3667,  1.00000000,1,0,0.050000000000000003,0.5
740.4000,  1.00000000,1,0,0.050000000000000003,0.5
740.4333,  1.00000000,1,0,0.050000000000000003,0.5
740.4667,  1.00000000,1,0,0.025000000000000001,0.5
740.5000,  1.00000000,1,0,0.025000000000000001,0.5
740.5333,  1.00000000,1,0,0.0,0.5
740.5667,  1.00000000,1,0,0.025000000000000001,0.5
740.6000,  1.00000000,1,0,0.025000000000000001,0.5
740.6333,  1.00000000,1,0,0.0,0.5
740.6667,  1.00000000,1,0,0.0,0.5
740.7000,  1.00000000,1,0,0.025000000000000001,0.5
740.7333,  1.00000000,1,0,0.0,0.5
740.7667,  1.00000000,1,0,0.050000000000000003,0.5
740.8000,  1.00000000,1,0,0.0,0.5
740.8333,  1.00000000,1,0,0.025000000000000001,0.5
740.8667,  1.00000000,1,0,0.025000000000000001,0.5
740.9000,  1.00000000,1,0,0.025000000000000001,0.5
740.9333,  1.00000000,1,0,0.025000000000000001,0.5
740.9667,  1.00000000,1,0,0.0,0.5
741.0000,  1.00000000,1,0,0.025000000000000001,0.5
741.0333,  1.00000000,1,0,0.050000000000000003,0.5
741.0667,  1.00000000,1,0,0.025000000000000001,0.5
741.1000,  1.00000000,1,0,0.0,0.5
741.1333,  1.00000000,1,0,0.050000000000000003,0.5
741.1667,  1.00000000,1,0,0.025000000000000001,0.5
741.2000,  1.00000000,1,0,0.025000000000000001,0.5
741.2333,  1.00000000,1,0,0.025000000000000001,0.5
741.2667,  1.00000000,1,0,0.025000000000000001,0.5
741.3000,  1.00000000,1,0,0.025000000000000001,0.5
741.3333,  1.00000000,1,0,0.0,0.5
741.3667,  1.00000000,1,0,0.050000000000000003,0.5
741.4000,  1.00000000,1,0,0.050000000000000003,0.5
741.4333,  1.00000000,1,0,0.0,0.5
741.4667,  1.00000000,1,0,0.050000000000000003,0.5
741.5000,  1.00000000,1,0,0.050000000000000003,0.5
741.5333,  1.00000000,1,0,0.074999999999999997,0.5
741.5667,  1.00000000,1,0,0.050000000000000003,0.5
741.6000,  1.00000000,1,0,0.025000000000000001,0.5
741.6333,  1.00000000,1,0,0.025000000000000001,0.5
741.6667,  1.00000000,1,0,0.025000000000000001,0.5
741.7000,  1.00000000,1,0,0.0,0.5
741.7333,  1.00000000,1,0,0.050000000000000003,0.5
741.7667,  1.00000000,1,0,0.025000000000000001,0.5
741.8000,  1.00000000,1,0,0.0,0.5
741.8333,  1.00000000,1,0,0.050000000000000003,0.5
741.8667,  1.00000000,1,0,0.050000000000000003,0.5
741.9000,  1.00000000,1,0,0.050000000000000003,0.5
741.9333,  1.00000000,1,0,0.0,0.5
741.9667,  1.00000000,1,0,0.025000000000000001,0.5
742.0000,  1.00000000,1,0,0.050000000000000003,0.5
742.0333,  1.00000000,1,0,0.0,0.5
742.0667,  1.00000000,1,0,0.050000000000000003,0.5
742.1000,  1.00000000,1,0,0.050000000000000003,0.5
742.1333,  1.00000000,1,0,0.025000000000000001,0.5
742.1667,  1.00000000,1,0,0.025000000000000001,0.5
742.2000,  1.00000000,1,0,0.025000000000000001,0.5
742.2333,  1.00000000,1,0,0.050000000000000003,0.5
742.2667,  1.00000000,1,0,0.050000000000000003,0.5
742.3000,  1.00000000,1,0,0.050000000000000003,0.5
742.3333,  1.00000000,1,0,0.025000000000000001,0.5
742.3667,  1.00000000,1,0,0.074999999999999997,0.5
742.4000,  1.00000000,1,0,0.025000000000000001,0.5
742.4333,  1.00000000,1,0,0.050000000000000003,0.5
742.4667,  1.00000000,1,0,0.025000000000000001,0.5
742.5000,  1.00000000,1,0,0.025000000000000001,0.5
742.5333,  1.00000000,1,0,0.0,0.5
742.5667,  1.00000000,1,0,0.025000000000000001,0.5
742.6000,  1.00000000,1,0,0.050000000000000003,0.5
742.6333,  1.00000000,1,0,0.0,0.5
742.6667,  1.00000000,1,0,0.025000000000000001,0.5
742.7000,  1.00000000,1,0,0.050000000000000003,0.5
742.7333,  1.00000000,1,0,0.025000000000000001,0.5
742.7667,  1.00000000,1,0,0.050000000000000003,0.5
742.8000,  1.00000000,1,0,0.050000000000000003,0.5
742.8333,  1.00000000,1,0,0.025000000000000001,0.5
742.8667,  1.00000000,1,0,0.050000000000000003,0.5
742.9000,  1.00000000,1,0,0.0,0.5
742.9333,  1.00000000,1,0,0.025000000000000001,0.5
742.9667,  1.00000000,1,0,0.050000000000000003,0.5
743.0000,  1.00000000,1,0,0.025000000000000001,0.5
743.0333,  1.00000000,1,0,0.025000000000000001,0.5
743.0667,  1.00000000,1,0,0.0,0.5
743.1000,  1.00000000,1,0,0.0,0.5
743.1333,  1.00000000,1,0,0.050000000000000003,0.5
743.1667,  1.00000000,1,0,0.025000000000000001,0.5
743.2000,  1.00000000,1,0,0.0,0.5
743.2333,  1.00000000,1,0,0.050000000000000003,0.5
743.2667,  1.00000000,1,0,0.025000000000000001,0.5
743.3000,  1.00000000,1,0,0.025000000000000001,0.5
743.3333,  1.00000000,1,0,0.025000000000000001,0.5
743.3667,  1.00000000,1,0,0.0,0.5
743.4000,  1.00000000,1,0,0.050000000000000003,0.5
743.4333,  1.00000000,1,0,0.0,0.5
743.4667,  1.00000000,1,0,0.025000000000000001,0.5
743.5000,  1.00000000,1,0,0.0,0.5
743.5333,  1.00000000,1,0,0.050000000000000003,0.5
743.5667,  1.00000000,1,0,0.025000000000000001,0.5
743.6000,  1.00000000,1,0,0.025000000000000001,0.5
743.6333,  1.00000000,1,0,0.025000000000000001,0.5
743.6667,  1.00000000,1,0,0.025000000000000001,0.5
743.7000,  1.00000000,1,0,0.025000000000000001,0.5
743.7333,  1.00000000,1,0,0.050000000000000003,0.5
743.7667,  1.00000000,1,0,0.025000000000000001,0.5
743.8000,  1.00000000,1,0,0.0,0.5
743.8333,  1.00000000,1,0,0.0,0.5
743.8667,  1.00000000,1,0,0.050000000000000003,0.5
743.9000,  1.00000000,1,0,0.0,0.5
743.9333,  1.00000000,1,0,0.0,0.5
743.9667,  1.00000000,1,0,0.0,0.5
744.0000,  1.00000000,1,0,0.050000000000000003,0.5
744.0333,  1.00000000,1,0,0.025000000000000001,0.5
744.0667,  1.00000000,1,0,0.050000000000000003,0.5
744.1000,  1.00000000,1,0,0.050000000000000003,0.5
744.1333,  1.00000000,1,0,0.0,0.5
744.1667,  1.00000000,1,0,0.025000000000000001,0.5
744.2000,  1.00000000,1,0,0.025000000000000001,0.5
744.2333,  1.00000000,1,0,0.025000000000000001,0.5
744.2667,  1.00000000,1,0,0.025000000000000001,0.5
744.3000,  1.00000000,1,0,0.0,0.5
744.3333,  1.00000000,1,0,0.025000000000000001,0.5
744.3667,  1.00000000,1,0,0.0,0.5
744.4000,  1.00000000,1,0,0.025000000000000001,0.5
744.4333,  1.00000000,1,0,0.025000000000000001,0.5
744.4667,  1.00000000,1,0,0.025000000000000001,0.5
744.5000,  1.00000000,1,0,0.0,0.5
744.5333,  1.00000000,1,0,0.025000000000000001,0.5
744.5667,  1.00000000,1,0,0.025000000000000001,0.5
744.6000,  1.00000000,1,0,0.025000000000000001,0.5
744.6333,  1.00000000,1,0,0.0,0.5
744.6667,  1.00000000,1,0,0.025000000000000001,0.5
744.7000,  1.00000000,1,0,0.0,0.5
744.7333,  1.00000000,1,0,0.0,0.5
744.7667,  1.00000000,1,0,0.0,0.5
744.8000,  1.00000000,1,0,0.025000000000000001,0.5
744.8333,  1.00000000,1,0,0.050000000000000003,0.5
744.8667,  1.00000000,1,0,0.025000000000000001,0.5
744.9000,  1.00000000,1,0,0.025000000000000001,0.5
744.9333,  1.00000000,1,0,0.025000000000000001,0.5
744.9667,  1.00000000,1,0,0.050000000000000003,0.5
745.0000,  1.00000000,1,0,0.0,0.5
745.0333,  1.00000000,1,0,0.0,0.5
745.0667,  1.00000000,1,0,0.025000000000000001,0.5
745.1000,  1.00000000,1,0,0.025000000000000001,0.5
745.1333,  1.00000000,1,0,0.025000000000000001,0.5
745.1667,  1.00000000,1,0,0.0,0.5
745.2000,  1.00000000,1,0,0.025000000000000001,0.5
745.2333,  1.00000000,1,0,0.025000000000000001,0.5
745.2667,  1.00000000,1,0,0.0,0.5
745.3000,  1.00000000,1,0,0.050000000000000003,0.5
745.3333,  1.00000000,1,0,0.025000000000000001,0.5
745.3667,  1.00000000,1,0,0.025000000000000001,0.5
745.4000,  1.00000000,1,0,0.0,0.5
745.4333,  1.00000000,1,0,0.025000000000000001,0.5
745.4667,  1.00000000,1,0,0.0,0.5
745.5000,  1.00000000,1,0,0.025000000000000001,0.5
745.5333,  1.00000000,1,0,0.025000000000000001,0.5
745.5667,  1.00000000,1,0,0.025000000000000001,0.5
745.6000,  1.00000000,1,0,0.0,0.5
745.6333,  1.00000000,1,0,0.025000000000000001,0.5
745.6667,  1.00000000,1,0,0.025000000000000001,0.5
745.7000,  1.00000000,1,0,0.025000000000000001,0.5
745.7333,  1.00000000,1,0,0.050000000000000003,0.5
745.7667,  1.00000000,1,0,0.050000000000000003,0.5
745.8000,  1.00000000,1,0,0.0,0.5
745.8333,  1.00000000,1,0,0.050000000000000003,0.5
745.8667,  1.00000000,1,0,0.025000000000000001,0.5
745.9000,  1.00000000,1,0,0.050000000000000003,0.5
745.9333,  1.00000000,1,0,0.025000000000000001,0.5
745.9667,  1.00000000,1,0,0.050000000000000003,0.5
746.0000,  1.00000000,1,0,0.0,0.5
746.0333,  1.00000000,1,0,0.050000000000000003,0.5
746.0667,  1.00000000,1,0,0.025000000000000001,0.5
746.1000,  1.00000000,1,0,0.025000000000000001,0.5
746.1333,  1.00000000,1,0,0.025000000000000001,0.5
746.1667,  1.00000000,1,0,0.0,0.5
746.2000,  1.00000000,1,0,0.025000000000000001,0.5
746.2333,  1.00000000,1,0,0.025000000000000001,0.5
746.2667,  1.00000000,1,0,0.025000000000000001,0.5
746.3000,  1.00000000,1,0,0.025000000000000001,0.5
746.3333,  1.00000000,1,0,0.050000000000000003,0.5
746.3667,  1.00000000,1,0,0.050000000000000003,0.5
746.4000,  1.00000000,1,0,0.0,0.5
746.4333,  1.00000000,1,0,0.025000000000000001,0.5
746.4667,  1.00000000,1,0,0.025000000000000001,0.5
746.5000,  1.00000000,1,0,0.0,0.5
746.5333,  1.00000000,1,0,0.025000000000000001,0.5
746.5667,  1.00000000,1,0,0.0,0.5
746.6000,  1.00000000,1,0,0.050000000000000003,0.5
746.6333,  1.00000000,1,0,0.050000000000000003,0.5
746.6667,  1.00000000,1,0,0.074999999999999997,0.5
746.7000,  1.00000000,1,0,0.050000000000000003,0.5
746.7333,  1.00000000,1,0,0.025000000000000001,0.5
746.7667,  1.00000000,1,0,0.0,0.5
746.8000,  1.00000000,1,0,0.025000000000000001,0.5
746.8333,  1.00000000,1,0,0.025000000000000001,0.5
746.8667,  1.00000000,1,0,0.050000000000000003,0.5
746.9000,  1.00000000,1,0,0.050000000000000003,0.5
746.9333,  1.00000000,1,0,0.0,0.5
746.9667,  1.00000000,1,0,0.074999999999999997,0.5
747.0000,  1.00000000,1,0,0.074999999999999997,0.5
747.0333,  1.00000000,1,0,0.025000000000000001,0.5
747.0667,  1.00000000,1,0,0.050000000000000003,0.5
747.1000,  1.00000000,1,0,0.025000000000000001,0.5
747.1333,  1.00000000,1,0,0.050000000000000003,0.5
747.1667,  1.00000000,1,0,0.0,0.5
747.2000,  1.00000000,1,0,0.025000000000000001,0.5
747.2333,  1.00000000,1,0,0.025000000000000001,0.5
747.2667,  1.00000000,1,0,0.0,0.5
747.3000,  1.00000000,1,0,0.025000000000000001,0.5
747.3333,  1.00000000,1,0,0.025000000000000001,0.5
747.3667,  1.00000000,1,0,0.025000000000000001,0.5
747.4000,  1.00000000,1,0,0.0,0.5
747.4333,  1.00000000,1,0,0.050000000000000003,0.5
747.4667,  1.00000000,1,0,0.0,0.5
747.5000,  1.00000000,1,0,0.025000000000000001,0.5
747.5333,  1.00000000,1,0,0.0,0.5
747.5667,  1.00000000,1,0,0.025000000000000001,0.5
747.6000,  1.00000000,1,0,0.050000000000000003,0.5
747.6333,  1.00000000,1,0,0.0,0.5
747.6667,  1.00000000,1,0,0.0,0.5
747.7000,  1.00000000,1,0,0.025000000000000001,0.5
747.7333,  1.00000000,1,0,0.050000000000000003,0.5
747.7667,  1.00000000,1,0,0.074999999999999997,0.5
747.8000,  1.00000000,1,0,0.025000000000000001,0.5
747.8333,  1.00000000,1,0,0.050000000000000003,0.5
747.8667,  1.00000000,1,0,0.0,0.5
747.9000,  1.00000000,1,0,0.025000000000000001,0.5
747.9333,  1.00000000,1,0,0.0,0.5
747.9667,  1.00000000,1,0,0.025000000000000001,0.5
748.0000,  1.00000000,1,0,0.0,0.5
748.0333,  1.00000000,1,0,0.0,0.5
748.0667,  1.00000000,1,0,0.0,0.5
748.1000,  1.00000000,1,0,0.0,0.5
748.1333,  1.00000000,1,0,0.0,0.5
748.1667,  1.00000000,1,0,0.025000000000000001,0.5
748.2000,  1.00000000,1,0,0.0,0.5
748.2333,  1.00000000,1,0,0.025000000000000001,0.5
748.2667,  1.00000000,1,0,0.025000000000000001,0.5
748.3000,  1.00000000,1,0,0.025000000000000001,0.5
748.3333,  1.00000000,1,0,0.0,0.5
748.3667,  1.00000000,1,0,0.050000000000000003,0.5
748.4000,  1.00000000,1,0,0.050000000000000003,0.5
748.4333,  1.00000000,1,0,0.0,0.5
748.4667,  1.00000000,1,0,0.0,0.5
748.5000,  1.00000000,1,0,0.0,0.5
748.5333,  1.00000000,1,0,0.025000000000000001,0.5
748.5667,  1.00000000,1,0,0.050000000000000003,0.5
748.6000,  1.00000000,1,0,0.0,0.5
748.6333,  1.00000000,1,0,0.0,0.5
748.6667,  1.00000000,1,0,0.050000000000000003,0.5
748.7000,  1.00000000,1,0,0.025000000000000001,0.5
748.7333,  1.00000000,1,0,0.0,0.5
748.7667,  1.00000000,1,0,0.025000000000000001,0.5
748.8000,  1.00000000,1,0,0.0,0.5
748.8333,  1.00000000,1,0,0.0,0.5
748.8667,  1.00000000,1,0,0.050000000000000003,0.5
748.9000,  1.00000000,1,0,0.0,0.5
748.9333,  1.00000000,1,0,0.0,0.5
748.9667,  1.00000000,1,0,0.0,0.5
749.0000,  1.00000000,1,0,0.025000000000000001,0.5
749.0333,  1.00000000,1,0,0.025000000000000001,0.5
749.0667,  1.00000000,1,0,0.025000000000000001,0.5
749.1000,  1.00000000,1,0,0.025000000000000001,0.5
749.1333,  1.00000000,1,0,0.025000000000000001,0.5
749.1667,  1.00000000,1,0,0.0,0.5
749.2000,  1.00000000,1,0,0.025000000000000001,0.5
749.2333,  1.00000000,1,0,0.050000000000000003,0.5
749.2667,  1.00000000,1,0,0.0,0.5
749.3000,  1.00000000,1,0,0.025000000000000001,0.5
749.3333,  1.00000000,1,0,0.0,0.5
749.3667,  1.00000000,1,0,0.025000000000000001,0.5
749.4000,  1.00000000,1,0,0.050000000000000003,0.5
749.4333,  1.00000000,1,0,0.0,0.5
749.4667,  1.00000000,1,0,0.050000000000000003,0.5
749.5000,  1.00000000,1,0,0.025000000000000001,0.5
749.5333,  1.00000000,1,0,0.025000000000000001,0.5
749.5667,  1.00000000,1,0,0.050000000000000003,0.5
749.6000,  1.00000000,1,0,0.0,0.5
749.6333,  1.00000000,1,0,0.025000000000000001,0.5
749.6667,  1.00000000,1,0,0.0,0.5
749.7000,  1.00000000,1,0,0.0,0.5
749.7333,  1.00000000,1,0,0.025000000000000001,0.5
749.7667,  1.00000000,1,0,0.0,0.5
749.8000,  1.00000000,1,0,0.0,0.5
749.8333,  1.00000000,1,0,0.025000000000000001,0.5
749.8667,  1.00000000,1,0,0.0,0.5
749.9000,  1.00000000,1,0,0.050000000000000003,0.5
749.9333,  1.00000000,1,0,0.025000000000000001,0.5
749.9667,  1.00000000,1,0,0.050000000000000003,0.5
750.0000,  1.00000000,1,0,0.025000000000000001,0.5
750.0333,  1.00000000,1,0,0.050000000000000003,0.5
750.0667,  1.00000000,1,0,0.050000000000000003,0.5
750.1000,  1.00000000,1,0,0.025000000000000001,0.5
750.1333,  1.00000000,1,0,0.0,0.5
750.1667,  1.00000000,1,0,0.0,0.5
750.2000,  1.00000000,1,0,0.025000000000000001,0.5
750.2333,  1.00000000,1,0,0.025000000000000001,0.5
750.2667,  1.00000000,1,0,0.0,0.5
750.3000,  1.00000000,1,0,0.025000000000000001,0.5
750.3333,  1.00000000,1,0,0.025000000000000001,0.5
750.3667,  1.00000000,1,0,0.0,0.5
750.4000,  1.00000000,1,0,0.0,0.5
750.4333,  1.00000000,1,0,0.025000000000000001,0.5
750.4667,  1.00000000,1,0,0.025000000000000001,0.5
750.5000,  1.00000000,1,0,0.0,0.5
750.5333,  1.00000000,1,0,0.025000000000000001,0.5
750.5667,  1.00000000,1,0,0.0,0.5
750.6000,  1.00000000,1,0,0.025000000000000001,0.5
750.6333,  1.00000000,1,0,0.050000000000000003,0.5
750.6667,  1.00000000,1,0,0.050000000000000003,0.5
750.7000,  1.00000000,1,0,0.025000000000000001,0.5
750.7333,  1.00000000,1,0,0.0,0.5
750.7667,  1.00000000,1,0,0.074999999999999997,0.5
750.8000,  1.00000000,1,0,0.0,0.5
750.8333,  1.00000000,1,0,0.050000000000000003,0.5
750.8667,  1.00000000,1,0,0.050000000000000003,0.5
750.9000,  1.00000000,1,0,0.0,0.5
750.9333,  1.00000000,1,0,0.0,0.5
750.9667,  1.00000000,1,0,0.025000000000000001,0.5
751.0000,  1.00000000,1,0,0.0,0.5
751.0333,  1.00000000,1,0,0.0,0.5
751.0667,  1.00000000,1,0,0.050000000000000003,0.5
751.1000,  1.00000000,1,0,0.025000000000000001,0.5
751.1333,  1.00000000,1,0,0.0,0.5
751.1667,  1.00000000,1,0,0.025000000000000001,0.5
751.2000,  1.00000000,1,0,0.0,0.5
751.2333,  1.00000000,1,0,0.0,0.5
751.2667,  1.00000000,1,0,0.0,0.5
751.3000,  1.00000000,1,0,0.0,0.5
751.3333,  1.00000000,1,0,0.050000000000000003,0.5
751.3667,  1.00000000,1,0,0.050000000000000003,0.5
751.4000,  1.00000000,1,0,0.0,0.5
751.4333,  1.00000000,1,0,0.0,0.5
751.4667,  1.00000000,1,0,0.025000000000000001,0.5
751.5000,  1.00000000,1,0,0.025000000000000001,0.5
751.5333,  1.00000000,1,0,0.025000000000000001,0.5
751.5667,  1.00000000,1,0,0.025000000000000001,0.5
751.6000,  1.00000000,1,0,0.0,0.5
751.6333,  1.00000000,1,0,0.050000000000000003,0.5
751.6667,  1.00000000,1,0,0.0,0.5
751.7000,  1.00000000,1,0,0.0,0.5
751.7333,  1.00000000,1,0,0.0,0.5
751.7667,  1.00000000,1,0,0.025000000000000001,0.5
751.8000,  1.00000000,1,0,0.025000000000000001,0.5
751.8333,  1.00000000,1,0,0.0,0.5
751.8667,  1.00000000,1,0,0.050000000000000003,0.5
751.9000,  1.00000000,1,0,0.025000000000000001,0.5
751.9333,  1.00000000,1,0,0.025000000000000001,0.5
751.9667,  1.00000000,1,0,0.0,0.5
752.0000,  1.00000000,1,0,0.025000000000000001,0.5
752.0333,  1.00000000,1,0,0.0,0.5
752.0667,  1.00000000,1,0,0.0,0.5
752.1000,  1.00000000,1,0,0.0,0.5
752.1333,  1.00000000,1,0,0.0,0.5
752.1667,  1.00000000,1,0,0.0,0.5
752.2000,  1.00000000,1,0,0.025000000000000001,0.5
752.2333,  1.00000000,1,0,0.0,0.5
752.2667,  1.00000000,1,0,0.025000000000000001,0.5
752.3000,  1.00000000,1,0,0.0,0.5
752.3333,  1.00000000,1,0,0.050000000000000003,0.5
752.3667,  1.00000000,1,0,0.074999999999999997,0.5
752.4000,  1.00000000,1,0,0.025000000000000001,0.5
752.4333,  1.00000000,1,0,0.050000000000000003,0.5
752.4667,  1.00000000,1,0,0.074999999999999997,0.5
752.5000,  1.00000000,1,0,0.0,0.5
752.5333,  1.00000000,1,0,0.025000000000000001,0.5
752.5667,  1.00000000,1,0,0.050000000000000003,0.5
752.6000,  1.00000000,1,0,0.050000000000000003,0.5
752.6333,  1.00000000,1,0,0.025000000000000001,0.5
752.6667,  1.00000000,1,0,0.050000000000000003,0.5
752.7000,  1.00000000,1,0,0.050000000000000003,0.5
752.7333,  1.00000000,1,0,0.050000000000000003,0.5
752.7667,  1.00000000,1,0,0.025000000000000001,0.5
752.8000,  1.00000000,1,0,0.050000000000000003,0.5
752.8333,  1.00000000,1,0,0.0,0.5
752.8667,  1.00000000,1,0,0.0,0.5
752.9000,  1.00000000,1,0,0.0,0.5
752.9333,  1.00000000,1,0,0.074999999999999997,0.5
752.9667,  1.00000000,1,0,0.0,0.5
753.0000,  1.00000000,1,0,0.0,0.5
753.0333,  1.00000000,1,0,0.0,0.5
753.0667,  1.00000000,1,0,0.050000000000000003,0.5
753.1000,  1.00000000,1,0,0.0,0.5
753.1333,  1.00000000,1,0,0.025000000000000001,0.5
753.1667,  1.00000000,1,0,0.050000000000000003,0.5
753.2000,  1.00000000,1,0,0.025000000000000001,0.5
753.2333,  1.00000000,1,0,0.025000000000000001,0.5
753.2667,  1.00000000,1,0,0.050000000000000003,0.5
753.3000,  1.00000000,1,0,0.050000000000000003,0.5
753.3333,  1.00000000,1,0,0.025000000000000001,0.5
753.3667,  1.00000000,1,0,0.050000000000000003,0.5
753.4000,  1.00000000,1,0,0.050000000000000003,0.5
753.4333,  1.00000000,1,0,0.025000000000000001,0.5
753.4667,  1.00000000,1,0,0.050000000000000003,0.5
753.5000,  1.00000000,1,0,0.0,0.5
753.5333,  1.00000000,1,0,0.0,0.5
753.5667,  1.00000000,1,0,0.025000000000000001,0.5
753.6000,  1.00000000,1,0,0.025000000000000001,0.5
753.6333,  1.00000000,1,0,0.0,0.5
753.6667,  1.00000000,1,0,0.0,0.5
753.7000,  1.00000000,1,0,0.025000000000000001,0.5
753.7333,  1.00000000,1,0,0.0,0.5
753.7667,  1.00000000,1,0,0.0,0.5
753.8000,  1.00000000,1,0,0.025000000000000001,0.5
753.8333,  1.00000000,1,0,0.025000000000000001,0.5
753.8667,  1.00000000,1,0,0.025000000000000001,0.5
753.9000,  1.00000000,1,0,0.074999999999999997,0.5
753.9333,  1.00000000,1,0,0.025000000000000001,0.5
753.9667,  1.00000000,1,0,0.050000000000000003,0.5
754.0000,  1.00000000,1,0,0.025000000000000001,0.5
754.0333,  1.00000000,1,0,0.025000000000000001,0.5
754.0667,  1.00000000,1,0,0.0,0.5
754.1000,  1.00000000,1,0,0.0,0.5
754.1333,  1.00000000,1,0,0.0,0.5
754.1667,  1.00000000,1,0,0.025000000000000001,0.5
754.2000,  1.00000000,1,0,0.025000000000000001,0.5
754.2333,  1.00000000,1,0,0.025000000000000001,0.5
754.2667,  1.00000000,1,0,0.050000000000000003,0.5
754.3000,  1.00000000,1,0,0.0,0.5
754.3333,  1.00000000,1,0,0.050000000000000003,0.5
754.3667,  1.00000000,1,0,0.025000000000000001,0.5
754.4000,  1.00000000,1,0,0.025000000000000001,0.5
754.4333,  1.00000000,1,0,0.050000000000000003,0.5
754.4667,  1.00000000,1,0,0.025000000000000001,0.5
754.5000,  1.00000000,1,0,0.050000000000000003,0.5
754.5333,  1.00000000,1,0,0.074999999999999997,0.5
754.5667,  1.00000000,1,0,0.050000000000000003,0.5
754.6000,  1.00000000,1,0,0.0,0.5
754.6333,  1.00000000,1,0,0.050000000000000003,0.5
754.6667,  1.00000000,1,0,0.0,0.5
754.7000,  1.00000000,1,0,0.0,0.5
754.7333,  1.00000000,1,0,0.050000000000000003,0.5
754.7667,  1.00000000,1,0,0.0,0.5
754.8000,  1.00000000,1,0,0.050000000000000003,0.5
754.8333,  1.00000000,1,0,0.050000000000000003,0.5
754.8667,  1.00000000,1,0,0.074999999999999997,0.5
754.9000,  1.00000000,1,0,0.025000000000000001,0.5
754.9333,  1.00000000,1,0,0.025000000000000001,0.5
754.9667,  1.00000000,1,0,0.0,0.5
755.0000,  1.00000000,1,0,0.0,0.5
755.0333,  1.00000000,1,0,0.050000000000000003,0.5
755.0667,  1.00000000,1,0,0.025000000000000001,0.5
755.1000,  1.00000000,1,0,0.025000000000000001,0.5
755.1333,  1.00000000,1,0,0.025000000000000001,0.5
755.1667,  1.00000000,1,0,0.050000000000000003,0.5
755.2000,  1.00000000,1,0,0.050000000000000003,0.5
755.2333,  1.00000000,1,0,0.0,0.5
755.2667,  1.00000000,1,0,0.025000000000000001,0.5
755.3000,  1.00000000,1,0,0.025000000000000001,0.5
755.3333,  1.00000000,1,0,0.025000000000000001,0.5
755.3667,  1.00000000,1,0,0.025000000000000001,0.5
755.4000,  1.00000000,1,0,0.025000000000000001,0.5
755.4333,  1.00000000,1,0,0.025000000000000001,0.5
755.4667,  1.00000000,1,0,0.025000000000000001,0.5
755.5000,  1.00000000,1,0,0.050000000000000003,0.5
755.5333,  1.00000000,1,0,0.0,0.5
755.5667,  1.00000000,1,0,0.0,0.5
755.6000,  1.00000000,1,0,0.0,0.5
755.6333,  1.00000000,1,0,0.074999999999999997,0.5
755.6667,  1.00000000,1,0,0.0,0.5
755.7000,  1.00000000,1,0,0.025000000000000001,0.5
755.7333,  1.00000000,1,0,0.025000000000000001,0.5
755.7667,  1.00000000,1,0,0.0,0.5
755.8000,  1.00000000,1,0,0.0,0.5
755.8333,  1.00000000,1,0,0.050000000000000003,0.5
755.8667,  1.00000000,1,0,0.0,0.5
755.9000,  1.00000000,1,0,0.025000000000000001,0.5
755.9333,  1.00000000,1,0,0.050000000000000003,0.5
755.9667,  1.00000000,1,0,0.050000000000000003,0.5
756.0000,  1.00000000,1,0,0.025000000000000001,0.5
756.0333,  1.00000000,1,0,0.0,0.5
756.0667,  1.00000000,1,0,0.050000000000000003,0.5
756.1000,  1.00000000,1,0,0.025000000000000001,0.5
756.1333,  1.00000000,1,0,0.025000000000000001,0.5
756.1667,  1.00000000,1,0,0.025000000000000001,0.5
756.2000,  1.00000000,1,0,0.025000000000000001,0.5
756.2333,  1.00000000,1,0,0.0,0.5
756.2667,  1.00000000,1,0,0.025000000000000001,0.5
756.3000,  1.00000000,1,0,0.025000000000000001,0.5
756.3333,  1.00000000,1,0,0.0,0.5
756.3667,  1.00000000,1,0,0.025000000000000001,0.5
756.4000,  1.00000000,1,0,0.050000000000000003,0.5
756.4333,  1.00000000,1,0,0.0,0.5
756.4667,  1.00000000,1,0,0.025000000000000001,0.5
756.5000,  1.00000000,1,0,0.025000000000000001,0.5
756.5333,  1.00000000,1,0,0.025000000000000001,0.5
756.5667,  1.00000000,1,0,0.025000000000000001,0.5
756.6000,  1.00000000,1,0,0.0,0.5
756.6333,  1.00000000,1,0,0.0,0.5
756.6667,  1.00000000,1,0,0.074999999999999997,0.5
756.7000,  1.00000000,1,0,0.074999999999999997,0.5
756.7333,  1.00000000,1,0,0.025000000000000001,0.5
756.7667,  1.00000000,1,0,0.0,0.5
756.8000,  1.00000000,1,0,0.025000000000000001,0.5
756.8333,  1.00000000,1,0,0.050000000000000003,0.5
756.8667,  1.00000000,1,0,0.0,0.5
756.9000,  1.00000000,1,0,0.0,0.5
756.9333,  1.00000000,1,0,0.074999999999999997,0.5
756.9667,  1.00000000,1,0,0.0,0.5
757.0000,  1.00000000,1,0,0.074999999999999997,0.5
757.0333,  1.00000000,1,0,0.050000000000000003,0.5
757.0667,  1.00000000,1,0,0.0,0.5
757.1000,  1.00000000,1,0,0.0,0.5
757.1333,  1.00000000,1,0,0.025000000000000001,0.5
757.1667,  1.00000000,1,0,0.0,0.5
757.2000,  1.00000000,1,0,0.025000000000000001,0.5
757.2333,  1.00000000,1,0,0.050000000000000003,0.5
757.2667,  1.00000000,1,0,0.0,0.5
757.3000,  1.00000000,1,0,0.050000000000000003,0.5
757.3333,  1.00000000,1,0,0.025000000000000001,0.5
757.3667,  1.00000000,1,0,0.025000000000000001,0.5
757.4000,  1.00000000,1,0,0.025000000000000001,0.5
757.4333,  1.00000000,1,0,0.074999999999999997,0.5
757.4667,  1.00000000,1,0,0.025000000000000001,0.5
757.5000,  1.00000000,1,0,0.0,0.5
757.5333,  1.00000000,1,0,0.050000000000000003,0.5
757.5667,  1.00000000,1,0,0.074999999999999997,0.5
757.6000,  1.00000000,1,0,0.025000000000000001,0.5
757.6333,  1.00000000,1,0,0.025000000000000001,0.5
757.6667,  1.00000000,1,0,0.0,0.5
757.7000,  1.00000000,1,0,0.0,0.5
757.7333,  1.00000000,1,0,0.0,0.5
757.7667,  1.00000000,1,0,0.025000000000000001,0.5
757.8000,  1.00000000,1,0,0.050000000000000003,0.5
757.8333,  1.00000000,1,0,0.050000000000000003,0.5
757.8667,  1.00000000,1,0,0.0,0.5
757.9000,  1.00000000,1,0,0.074999999999999997,0.5
757.9333,  1.00000000,1,0,0.050000000000000003,0.5
757.9667,  1.00000000,1,0,0.0,0.5
758.0000,  1.00000000,1,0,0.0,0.5
758.0333,  1.00000000,1,0,0.0,0.5
758.0667,  1.00000000,1,0,0.025000000000000001,0.5
758.1000,  1.00000000,1,0,0.0,0.5
758.1333,  1.00000000,1,0,0.025000000000000001,0.5
758.1667,  1.00000000,1,0,0.025000000000000001,0.5
758.2000,  1.00000000,1,0,0.025000000000000001,0.5
758.2333,  1.00000000,1,0,0.0,0.5
758.2667,  1.00000000,1,0,0.0,0.5
758.3000,  1.00000000,1,0,0.0,0.5
758.3333,  1.00000000,1,0,0.050000000000000003,0.5
758.3667,  1.00000000,1,0,0.0,0.5
758.4000,  1.00000000,1,0,0.050000000000000003,0.5
758.4333,  1.00000000,1,0,0.025000000000000001,0.5
758.4667,  1.00000000,1,0,0.025000000000000001,0.5
758.5000,  1.00000000,1,0,0.0,0.5
758.5333,  1.00000000,1,0,0.025000000000000001,0.5
758.5667,  1.00000000,1,0,0.0,0.5
758.6000,  1.00000000,1,0,0.025000000000000001,0.5
758.6333,  1.00000000,1,0,0.025000000000000001,0.5
758.6667,  1.00000000,1,0,0.0,0.5
758.7000,  1.00000000,1,0,0.025000000000000001,0.5
758.7333,  1.00000000,1,0,0.025000000000000001,0.5
758.7667,  1.00000000,1,0,0.0,0.5
758.8000,  1.00000000,1,0,0.0,0.5
758.8333,  1.00000000,1,0,0.025000000000000001,0.5
758.8667,  1.00000000,1,0,0.025000000000000001,0.5
758.9000,  1.00000000,1,0,0.050000000000000003,0.5
758.9333,  1.00000000,1,0,0.074999999999999997,0.5
758.9667,  1.00000000,1,0,0.050000000000000003,0.5
759.0000,  1.00000000,1,0,0.025000000000000001,0.5
759.0333,  1.00000000,1,0,0.050000000000000003,0.5
759.0667,  1.00000000,1,0,0.025000000000000001,0.5
759.1000,  1.00000000,1,0,0.025000000000000001,0.5
759.1333,  1.00000000,1,0,0.050000000000000003,0.5
759.1667,  1.00000000,1,0,0.0,0.5
759.2000,  1.00000000,1,0,0.025000000000000001,0.5
759.2333,  1.00000000,1,0,0.0,0.5
759.2667,  1.00000000,1,0,0.050000000000000003,0.5
759.3000,  1.00000000,1,0,0.025000000000000001,0.5
759.3333,  1.00000000,1,0,0.025000000000000001,0.5
759.3667,  1.00000000,1,0,0.050000000000000003,0.5
759.4000,  1.00000000,1,0,0.0,0.5
759.4333,  1.00000000,1,0,0.050000000000000003,0.5
759.4667,  1.00000000,1,0,0.0,0.5
759.5000,  1.00000000,1,0,0.025000000000000001,0.5
759.5333,  1.00000000,1,0,0.025000000000000001,0.5
759.5667,  1.00000000,1,0,0.0,0.5
759.6000,  1.00000000,1,0,0.0,0.5
759.6333,  1.00000000,1,0,0.0,0.5
759.6667,  1.00000000,1,0,0.0,0.5
759.7000,  1.00000000,1,0,0.074999999999999997,0.5
759.7333,  1.00000000,1,0,0.025000000000000001,0.5
759.7667,  1.00000000,1,0,0.050000000000000003,0.5
759.8000,  1.00000000,1,0,0.025000000000000001,0.5
759.8333,  1.00000000,1,0,0.025000000000000001,0.5
759.8667,  1.00000000,1,0,0.025000000000000001,0.5
759.9000,  1.00000000,1,0,0.025000000000000001,0.5
759.9333,  1.00000000,1,0,0.0,0.5
759.9667,  1.00000000,1,0,0.0,0.5
760.0000,  1.00000000,1,0,0.025000000000000001,0.5
760.0333,  1.00000000,1,0,0.025000000000000001,0.5
760.0667,  1.00000000,1,0,0.050000000000000003,0.5
760.1000,  1.00000000,1,0,0.025000000000000001,0.5
760.1333,  1.00000000,1,0,0.0,0.5
760.1667,  1.00000000,1,0,0.050000000000000003,0.5
760.2000,  1.00000000,1,0,0.0,0.5
760.2333,  1.00000000,1,0,0.0,0.5
760.2667,  1.00000000,1,0,0.025000000000000001,0.5
760.3000,  1.00000000,1,0,0.025000000000000001,0.5
760.3333,  1.00000000,1,0,0.0,0.5
760.3667,  1.00000000,1,0,0.0,0.5
760.4000,  1.00000000,1,0,0.025000000000000001,0.5
760.4333,  1.00000000,1,0,0.025000000000000001,0.5
760.4667,  1.00000000,1,0,0.025000000000000001,0.5
760.5000,  1.00000000,1,0,0.0,0.5
760.5333,  1.00000000,1,0,0.025000000000000001,0.5
760.5667,  1.00000000,1,0,0.025000000000000001,0.5
760.6000,  1.00000000,1,0,0.025000000000000001,0.5
760.6333,  1.00000000,1,0,0.025000000000000001,0.5
760.6667,  1.00000000,1,0,0.025000000000000001,0.5
760.7000,  1.00000000,1,0,0.025000000000000001,0.5
760.7333,  1.00000000,1,0,0.050000000000000003,0.5
760.7667,  1.00000000,1,0,0.025000000000000001,0.5
760.8000,  1.00000000,1,0,0.050000000000000003,0.5
760.8333,  1.00000000,1,0,0.0,0.5
760.8667,  1.00000000,1,0,0.0,0.5
760.9000,  1.00000000,1,0,0.025000000000000001,0.5
760.9333,  1.00000000,1,0,0.025000000000000001,0.5
760.9667,  1.00000000,1,0,0.050000000000000003,0.5
761.0000,  1.00000000,1,0,0.025000000000000001,0.5
761.0333,  1.00000000,1,0,0.025000000000000001,0.5
761.0667,  1.00000000,1,0,0.025000000000000001,0.5
761.1000,  1.00000000,1,0,0.050000000000000003,0.5
761.1333,  1.00000000,1,0,0.025000000000000001,0.5
761.1667,  1.00000000,1,0,0.025000000000000001,0.5
761.2000,  1.00000000,1,0,0.025000000000000001,0.5
761.2333,  1.00000000,1,0,0.050000000000000003,0.5
761.2667,  1.00000000,1,0,0.025000000000000001,0.5
761.3000,  1.00000000,1,0,0.050000000000000003,0.5
761.3333,  1.00000000,1,0,0.050000000000000003,0.5
761.3667,  1.00000000,1,0,0.050000000000000003,0.5
761.4000,  1.00000000,1,0,0.0,0.5
761.4333,  1.00000000,1,0,0.025000000000000001,0.5
761.4667,  1.00000000,1,0,0.025000000000000001,0.5
761.5000,  1.00000000,1,0,0.074999999999999997,0.5
761.5333,  1.00000000,1,0,0.050000000000000003,0.5
761.5667,  1.00000000,1,0,0.025000000000000001,0.5
761.6000,  1.00000000,1,0,0.074999999999999997,0.5
761.6333,  1.00000000,1,0,0.0,0.5
761.6667,  1.00000000,1,0,0.050000000000000003,0.5
761.7000,  1.00000000,1,0,0.050000000000000003,0.5
761.7333,  1.00000000,1,0,0.025000000000000001,0.5
761.7667,  1.00000000,1,0,0.074999999999999997,0.5
761.8000,  1.00000000,1,0,0.050000000000000003,0.5
761.8333,  1.00000000,1,0,0.0,0.5
761.8667,  1.00000000,1,0,0.025000000000000001,0.5
761.9000,  1.00000000,1,0,0.025000000000000001,0.5
761.9333,  1.00000000,1,0,0.0,0.5
761.9667,  1.00000000,1,0,0.0,0.5
762.0000,  1.00000000,1,0,0.025000000000000001,0.5
762.0333,  1.00000000,1,0,0.0,0.5
762.0667,  1.00000000,1,0,0.025000000000000001,0.5
762.1000,  1.00000000,1,0,0.025000000000000001,0.5
762.1333,  1.00000000,1,0,0.050000000000000003,0.5
762.1667,  1.00000000,1,0,0.025000000000000001,0.5
762.2000,  1.00000000,1,0,0.050000000000000003,0.5
762.2333,  1.00000000,1,0,0.025000000000000001,0.5
762.2667,  1.00000000,1,0,0.025000000000000001,0.5
762.3000,  1.00000000,1,0,0.050000000000000003,0.5
762.3333,  1.00000000,1,0,0.025000000000000001,0.5
762.3667,  1.00000000,1,0,0.0,0.5
762.4000,  1.00000000,1,0,0.0,0.5
762.4333,  1.00000000,1,0,0.074999999999999997,0.5
762.4667,  1.00000000,1,0,0.0,0.5
762.5000,  1.00000000,1,0,0.025000000000000001,0.5
762.5333,  1.00000000,1,0,0.050000000000000003,0.5
762.5667,  1.00000000,1,0,0.0,0.5
762.6000,  1.00000000,1,0,0.0,0.5
762.6333,  1.00000000,1,0,0.025000000000000001,0.5
762.6667,  1.00000000,1,0,0.0,0.5
762.7000,  1.00000000,1,0,0.074999999999999997,0.5
762.7333,  1.00000000,1,0,0.025000000000000001,0.5
762.7667,  1.00000000,1,0,0.050000000000000003,0.5
762.8000,  1.00000000,1,0,0.025000000000000001,0.5
762.8333,  1.00000000,1,0,0.0,0.5
762.8667,  1.00000000,1,0,0.0,0.5
762.9000,  1.00000000,1,0,0.050000000000000003,0.5
762.9333,  1.00000000,1,0,0.0,0.5
762.9667,  1.00000000,1,0,0.074999999999999997,0.5
763.0000,  1.00000000,1,0,0.050000000000000003,0.5
763.0333,  1.00000000,1,0,0.025000000000000001,0.5
763.0667,  1.00000000,1,0,0.0,0.5
763.1000,  1.00000000,1,0,0.074999999999999997,0.5
763.1333,  1.00000000,1,0,0.0,0.5
763.1667,  1.00000000,1,0,0.050000000000000003,0.5
763.2000,  1.00000000,1,0,0.025000000000000001,0.5
763.2333,  1.00000000,1,0,0.050000000000000003,0.5
763.2667,  1.00000000,1,0,0.0,0.5
763.3000,  1.00000000,1,0,0.0,0.5
763.3333,  1.00000000,1,0,0.0,0.5
763.3667,  1.00000000,1,0,0.0,0.5
763.4000,  1.00000000,1,0,0.025000000000000001,0.5
763.4333,  1.00000000,1,0,0.0,0.5
763.4667,  1.00000000,1,0,0.0,0.5
763.5000,  1.00000000,1,0,0.050000000000000003,0.5
763.5333,  1.00000000,1,0,0.050000000000000003,0.5
763.5667,  1.00000000,1,0,0.025000000000000001,0.5
763.6000,  1.00000000,1,0,0.0,0.5
763.6333,  1.00000000,1,0,0.025000000000000001,0.5
763.6667,  1.00000000,1,0,0.0,0.5
763.7000,  1.00000000,1,0,0.050000000000000003,0.5
763.7333,  1.00000000,1,0,0.050000000000000003,0.5
763.7667,  1.00000000,1,0,0.074999999999999997,0.5
763.8000,  1.00000000,1,0,0.0,0.5
763.8333,  1.00000000,1,0,0.0,0.5
763.8667,  1.00000000,1,0,0.0,0.5
763.9000,  1.00000000,1,0,0.025000000000000001,0.5
763.9333,  1.00000000,1,0,0.0,0.5
763.9667,  1.00000000,1,0,0.025000000000000001,0.5
764.0000,  1.00000000,1,0,0.0,0.5
764.0333,  1.00000000,1,0,0.025000000000000001,0.5
764.0667,  1.00000000,1,0,0.050000000000000003,0.5
764.1000,  1.00000000,1,0,0.025000000000000001,0.5
764.1333,  1.00000000,1,0,0.074999999999999997,0.5
764.1667,  1.00000000,1,0,0.025000000000000001,0.5
764.2000,  1.00000000,1,0,0.0,0.5
764.2333,  1.00000000,1,0,0.025000000000000001,0.5
764.2667,  1.00000000,1,0,0.025000000000000001,0.5
764.3000,  1.00000000,1,0,0.025000000000000001,0.5
764.3333,  1.00000000,1,0,0.050000000000000003,0.5
764.3667,  1.00000000,1,0,0.0,0.5
764.4000,  1.00000000,1,0,0.025000000000000001,0.5
764.4333,  1.00000000,1,0,0.025000000000000001,0.5
764.4667,  1.00000000,1,0,0.050000000000000003,0.5
764.5000,  1.00000000,1,0,0.074999999999999997,0.5
764.5333,  1.00000000,1,0,0.0,0.5
764.5667,  1.00000000,1,0,0.0,0.5
764.6000,  1.00000000,1,0,0.0,0.5
764.6333,  1.00000000,1,0,0.025000000000000001,0.5
764.6667,  1.00000000,1,0,0.025000000000000001,0.5
764.7000,  1.00000000,1,0,0.025000000000000001,0.5
764.7333,  1.00000000,1,0,0.0,0.5
764.7667,  1.00000000,1,0,0.050000000000000003,0.5
764.8000,  1.00000000,1,0,0.0,0.5
764.8333,  1.00000000,1,0,0.0,0.5
764.8667,  1.00000000,1,0,0.050000000000000003,0.5
764.9000,  1.00000000,1,0,0.025000000000000001,0.5
764.9333,  1.00000000,1,0,0.0,0.5
764.9667,  1.00000000,1,0,0.025000000000000001,0.5
765.0000,  1.00000000,1,0,0.0,0.5
765.0333,  1.00000000,1,0,0.025000000000000001,0.5
765.0667,  1.00000000,1,0,0.0,0.5
765.1000,  1.00000000,1,0,0.050000000000000003,0.5
765.1333,  1.00000000,1,0,0.025000000000000001,0.5
765.1667,  1.00000000,1,0,0.050000000000000003,0.5
765.2000,  1.00000000,1,0,0.025000000000000001,0.5
765.2333,  1.00000000,1,0,0.0,0.5
765.2667,  1.00000000,1,0,0.0,0.5
765.3000,  1.00000000,1,0,0.025000000000000001,0.5
765.3333,  1.00000000,1,0,0.050000000000000003,0.5
765.3667,  1.00000000,1,0,0.050000000000000003,0.5
765.4000,  1.00000000,1,0,0.050000000000000003,0.5
765.4333,  1.00000000,1,0,0.050000000000000003,0.5
765.4667,  1.00000000,1,0,0.025000000000000001,0.5
765.5000,  1.00000000,1,0,0.025000000000000001,0.5
765.5333,  1.00000000,1,0,0.050000000000000003,0.5
765.5667,  1.00000000,1,0,0.050000000000000003,0.5
765.6000,  1.00000000,1,0,0.074999999999999997,0.5
765.6333,  1.00000000,1,0,0.025000000000000001,0.5
765.6667,  1.00000000,1,0,0.074999999999999997,0.5
765.7000,  1.00000000,1,0,0.050000000000000003,0.5
765.7333,  1.00000000,1,0,0.074999999999999997,0.5
765.7667,  1.00000000,1,0,0.025000000000000001,0.5
765.8000,  1.00000000,1,0,0.074999999999999997,0.5
765.8333,  1.00000000,1,0,0.025000000000000001,0.5
765.8667,  1.00000000,1,0,0.050000000000000003,0.5
765.9000,  1.00000000,1,0,0.074999999999999997,0.5
765.9333,  1.00000000,1,0,0.050000000000000003,0.5
765.9667,  1.00000000,1,0,0.025000000000000001,0.5
766.0000,  1.00000000,1,0,0.050000000000000003,0.5
766.0333,  1.00000000,1,0,0.050000000000000003,0.5
766.0667,  1.00000000,1,0,0.050000000000000003,0.5
766.1000,  1.00000000,1,0,0.050000000000000003,0.5
766.1333,  1.00000000,1,0,0.025000000000000001,0.5
766.1667,  1.00000000,1,0,0.050000000000000003,0.5
766.2000,  1.00000000,1,0,0.050000000000000003,0.5
766.2333,  1.00000000,1,0,0.074999999999999997,0.5
766.2667,  1.00000000,1,0,0.0,0.5
766.3000,  1.00000000,1,0,0.025000000000000001,0.5
766.3333,  1.00000000,1,0,0.025000000000000001,0.5
766.3667,  1.00000000,1,0,0.050000000000000003,0.5
766.4000,  1.00000000,1,0,0.025000000000000001,0.5
766.4333,  1.00000000,1,0,0.050000000000000003,0.5
766.4667,  1.00000000,1,0,0.025000000000000001,0.5
766.5000,  1.00000000,1,0,0.025000000000000001,0.5
766.5333,  1.00000000,1,0,0.050000000000000003,0.5
766.5667,  1.00000000,1,0,0.0,0.5
766.6000,  1.00000000,1,0,0.050000000000000003,0.5
766.6333,  1.00000000,1,0,0.025000000000000001,0.5
766.6667,  1.00000000,1,0,0.025000000000000001,0.5
766.7000,  1.00000000,1,0,0.074999999999999997,0.5
766.7333,  1.00000000,1,0,0.025000000000000001,0.5
766.7667,  1.00000000,1,0,0.025000000000000001,0.5
766.8000,  1.00000000,1,0,0.050000000000000003,0.5
766.8333,  1.00000000,1,0,0.0,0.5
766.8667,  1.00000000,1,0,0.025000000000000001,0.5
766.9000,  1.00000000,1,0,0.025000000000000001,0.5
766.9333,  1.00000000,1,0,0.025000000000000001,0.5
766.9667,  1.00000000,1,0,0.0,0.5
767.0000,  1.00000000,1,0,0.025000000000000001,0.5
767.0333,  1.00000000,1,0,0.025000000000000001,0.5
767.0667,  1.00000000,1,0,0.025000000000000001,0.5
767.1000,  1.00000000,1,0,0.025000000000000001,0.5
767.1333,  1.00000000,1,0,0.050000000000000003,0.5
767.1667,  1.00000000,1,0,0.050000000000000003,0.5
767.2000,  1.00000000,1,0,0.050000000000000003,0.5
767.2333,  1.00000000,1,0,0.025000000000000001,0.5
767.2667,  1.00000000,1,0,0.0,0.5
767.3000,  1.00000000,1,0,0.050000000000000003,0.5
767.3333,  1.00000000,1,0,0.050000000000000003,0.5
767.3667,  1.00000000,1,0,0.050000000000000003,0.5
767.4000,  1.00000000,1,0,0.025000000000000001,0.5
767.4333,  1.00000000,1,0,0.050000000000000003,0.5
767.4667,  1.00000000,1,0,0.050000000000000003,0.5
767.5000,  1.00000000,1,0,0.0,0.5
767.5333,  1.00000000,1,0,0.025000000000000001,0.5
767.5667,  1.00000000,1,0,0.0,0.5
767.6000,  1.00000000,1,0,0.025000000000000001,0.5
767.6333,  1.00000000,1,0,0.050000000000000003,0.5
767.6667,  1.00000000,1,0,0.0,0.5
767.7000,  1.00000000,1,0,0.0,0.5
767.7333,  1.00000000,1,0,0.050000000000000003,0.5
767.7667,  1.00000000,1,0,0.0,0.5
767.8000,  1.00000000,1,0,0.0,0.5
767.8333,  1.00000000,1,0,0.0,0.5
767.8667,  1.00000000,1,0,0.0,0.5
767.9000,  1.00000000,1,0,0.0,0.5
767.9333,  1.00000000,1,0,0.0,0.5
767.9667,  1.00000000,1,0,0.025000000000000001,0.5
768.0000,  1.00000000,1,0,0.050000000000000003,0.5
768.0333,  1.00000000,1,0,0.0,0.5
768.0667,  1.00000000,1,0,0.050000000000000003,0.5
768.1000,  1.00000000,1,0,0.050000000000000003,0.5
768.1333,  1.00000000,1,0,0.025000000000000001,0.5
768.1667,  1.00000000,1,0,0.050000000000000003,0.5
768.2000,  1.00000000,1,0,0.025000000000000001,0.5
768.2333,  1.00000000,1,0,0.025000000000000001,0.5
768.2667,  1.00000000,1,0,0.050000000000000003,0.5
768.3000,  1.00000000,1,0,0.025000000000000001,0.5
768.3333,  1.00000000,1,0,0.025000000000000001,0.5
768.3667,  1.00000000,1,0,0.025000000000000001,0.5
768.4000,  1.00000000,1,0,0.074999999999999997,0.5
768.4333,  1.00000000,1,0,0.074999999999999997,0.5
768.4667,  1.00000000,1,0,0.025000000000000001,0.5
768.5000,  1.00000000,1,0,0.074999999999999997,0.5
768.5333,  1.00000000,1,0,0.050000000000000003,0.5
768.5667,  1.00000000,1,0,0.025000000000000001,0.5
768.6000,  1.00000000,1,0,0.025000000000000001,0.5
768.6333,  1.00000000,1,0,0.0,0.5
768.6667,  1.00000000,1,0,0.025000000000000001,0.5
768.7000,  1.00000000,1,0,0.050000000000000003,0.5
768.7333,  1.00000000,1,0,0.050000000000000003,0.5
768.7667,  1.00000000,1,0,0.025000000000000001,0.5
768.8000,  1.00000000,1,0,0.025000000000000001,0.5
768.8333,  1.00000000,1,0,0.025000000000000001,0.5
768.8667,  1.00000000,1,0,0.025000000000000001,0.5
768.9000,  1.00000000,1,0,0.025000000000000001,0.5
768.9333,  1.00000000,1,0,0.025000000000000001,0.5
768.9667,  1.00000000,1,0,0.025000000000000001,0.5
769.0000,  1.00000000,1,0,0.050000000000000003,0.5
769.0333,  1.00000000,1,0,0.0,0.5
769.0667,  1.00000000,1,0,0.0,0.5
769.1000,  1.00000000,1,0,0.0,0.5
769.1333,  1.00000000,1,0,0.025000000000000001,0.5
769.1667,  1.00000000,1,0,0.0,0.5
769.2000,  1.00000000,1,0,0.0,0.5
769.2333,  1.00000000,1,0,0.0,0.5
769.2667,  1.00000000,1,0,0.0,0.5
769.3000,  1.00000000,1,0,0.025000000000000001,0.5
769.3333,  1.00000000,1,0,0.074999999999999997,0.5
769.3667,  1.00000000,1,0,0.074999999999999997,0.5
769.4000,  1.00000000,1,0,0.050000000000000003,0.5
769.4333,  1.00000000,1,0,0.050000000000000003,0.5
769.4667,  1.00000000,1,0,0.0,0.5
769.5000,  1.00000000,1,0,0.025000000000000001,0.5
769.5333,  1.00000000,1,0,0.050000000000000003,0.5
769.5667,  1.00000000,1,0,0.0,0.5
769.6000,  1.00000000,1,0,0.050000000000000003,0.5
769.6333,  1.00000000,1,0,0.0,0.5
769.6667,  1.00000000,1,0,0.050000000000000003,0.5
769.7000,  1.00000000,1,0,0.074999999999999997,0.5
769.7333,  1.00000000,1,0,0.050000000000000003,0.5
769.7667,  1.00000000,1,0,0.074999999999999997,0.5
769.8000,  1.00000000,1,0,0.050000000000000003,0.5
769.8333,  1.00000000,1,0,0.050000000000000003,0.5
769.8667,  1.00000000,1,0,0.050000000000000003,0.5
769.9000,  1.00000000,1,0,0.0,0.5
769.9333,  1.00000000,1,0,0.050000000000000003,0.5
769.9667,  1.00000000,1,0,0.050000000000000003,0.5
770.0000,  1.00000000,1,0,0.050000000000000003,0.5
770.0333,  1.00000000,1,0,0.025000000000000001,0.5
770.0667,  1.00000000,1,0,0.025000000000000001,0.5
770.1000,  1.00000000,1,0,0.050000000000000003,0.5
770.1333,  1.00000000,1,0,0.050000000000000003,0.5
770.1667,  1.00000000,1,0,0.050000000000000003,0.5
770.2000,  1.00000000,1,0,0.0,0.5
770.2333,  1.00000000,1,0,0.050000000000000003,0.5
770.2667,  1.00000000,1,0,0.050000000000000003,0.5
770.3000,  1.00000000,1,0,0.025000000000000001,0.5
770.3333,  1.00000000,1,0,0.050000000000000003,0.5
770.3667,  1.00000000,1,0,0.0,0.5
770.4000,  1.00000000,1,0,0.050000000000000003,0.5
770.4333,  1.00000000,1,0,0.025000000000000001,0.5
770.4667,  1.00000000,1,0,0.025000000000000001,0.5
770.5000,  1.00000000,1,0,0.0,0.5
770.5333,  1.00000000,1,0,0.050000000000000003,0.5
770.5667,  1.00000000,1,0,0.025000000000000001,0.5
770.6000,  1.00000000,1,0,0.050000000000000003,0.5
770.6333,  1.00000000,1,0,0.025000000000000001,0.5
770.6667,  1.00000000,1,0,0.0,0.5
770.7000,  1.00000000,1,0,0.050000000000000003,0.5
770.7333,  1.00000000,1,0,0.0,0.5
770.7667,  1.00000000,1,0,0.050000000000000003,0.5
770.8000,  1.00000000,1,0,0.025000000000000001,0.5
770.8333,  1.00000000,1,0,0.050000000000000003,0.5
770.8667,  1.00000000,1,0,0.025000000000000001,0.5
770.9000,  1.00000000,1,0,0.025000000000000001,0.5
770.9333,  1.00000000,1,0,0.0,0.5
770.9667,  1.00000000,1,0,0.0,0.5
771.0000,  1.00000000,1,0,0.050000000000000003,0.5
771.0333,  1.00000000,1,0,0.0,0.5
771.0667,  1.00000000,1,0,0.025000000000000001,0.5
771.1000,  1.00000000,1,0,0.050000000000000003,0.5
771.1333,  1.00000000,1,0,0.025000000000000001,0.5
771.1667,  1.00000000,1,0,0.050000000000000003,0.5
771.2000,  1.00000000,1,0,0.025000000000000001,0.5
771.2333,  1.00000000,1,0,0.0,0.5
771.2667,  1.00000000,1,0,0.025000000000000001,0.5
771.3000,  1.00000000,1,0,0.0,0.5
771.3333,  1.00000000,1,0,0.025000000000000001,0.5
771.3667,  1.00000000,1,0,0.025000000000000001,0.5
771.4000,  1.00000000,1,0,0.025000000000000001,0.5
771.4333,  1.00000000,1,0,0.050000000000000003,0.5
771.4667,  1.00000000,1,0,0.0,0.5
771.5000,  1.00000000,1,0,0.050000000000000003,0.5
771.5333,  1.00000000,1,0,0.025000000000000001,0.5
771.5667,  1.00000000,1,0,0.0,0.5
771.6000,  1.00000000,1,0,0.0,0.5
771.6333,  1.00000000,1,0,0.025000000000000001,0.5
771.6667,  1.00000000,1,0,0.025000000000000001,0.5
771.7000,  1.00000000,1,0,0.0,0.5
771.7333,  1.00000000,1,0,0.050000000000000003,0.5
771.7667,  1.00000000,1,0,0.025000000000000001,0.5
771.8000,  1.00000000,1,0,0.025000000000000001,0.5
771.8333,  1.00000000,1,0,0.025000000000000001,0.5
771.8667,  1.00000000,1,0,0.050000000000000003,0.5
771.9000,  1.00000000,1,0,0.0,0.5
771.9333,  1.00000000,1,0,0.025000000000000001,0.5
771.9667,  1.00000000,1,0,0.050000000000000003,0.5
772.0000,  1.00000000,1,0,0.025000000000000001,0.5
772.0333,  1.00000000,1,0,0.0,0.5
772.0667,  1.00000000,1,0,0.025000000000000001,0.5
772.1000,  1.00000000,1,0,0.0,0.5
772.1333,  1.00000000,1,0,0.025000000000000001,0.5
772.1667,  1.00000000,1,0,0.025000000000000001,0.5
772.2000,  1.00000000,1,0,0.0,0.5
772.2333,  1.00000000,1,0,0.025000000000000001,0.5
772.2667,  1.00000000,1,0,0.050000000000000003,0.5
772.3000,  1.00000000,1,0,0.0,0.5
772.3333,  1.00000000,1,0,0.025000000000000001,0.5
772.3667,  1.00000000,1,0,0.025000000000000001,0.5
772.4000,  1.00000000,1,0,0.025000000000000001,0.5
772.4333,  1.00000000,1,0,0.025000000000000001,0.5
772.4667,  1.00000000,1,0,0.025000000000000001,0.5
772.5000,  1.00000000,1,0,0.050000000000000003,0.5
772.5333,  1.00000000,1,0,0.025000000000000001,0.5
772.5667,  1.00000000,1,0,0.025000000000000001,0.5
772.6000,  1.00000000,1,0,0.025000000000000001,0.5
772.6333,  1.00000000,1,0,0.050000000000000003,0.5
772.6667,  1.00000000,1,0,0.025000000000000001,0.5
772.7000,  1.00000000,1,0,0.025000000000000001,0.5
772.7333,  1.00000000,1,0,0.0,0.5
772.7667,  1.00000000,1,0,0.025000000000000001,0.5
772.8000,  1.00000000,1,0,0.0,0.5
772.8333,  1.00000000,1,0,0.050000000000000003,0.5
772.8667,  1.00000000,1,0,0.025000000000000001,0.5
772.9000,  1.00000000,1,0,0.0,0.5
772.9333,  1.00000000,1,0,0.0,0.5
772.9667,  1.00000000,1,0,0.0,0.5
773.0000,  1.00000000,1,0,0.025000000000000001,0.5
773.0333,  1.00000000,1,0,0.050000000000000003,0.5
773.0667,  1.00000000,1,0,0.0,0.5
773.1000,  1.00000000,1,0,0.025000000000000001,0.5
773.1333,  1.00000000,1,0,0.025000000000000001,0.5
773.1667,  1.00000000,1,0,0.025000000000000001,0.5
773.2000,  1.00000000,1,0,0.025000000000000001,0.5
773.2333,  1.00000000,1,0,0.025000000000000001,0.5
773.2667,  1.00000000,1,0,0.0,0.5
773.3000,  1.00000000,1,0,0.025000000000000001,0.5
773.3333,  1.00000000,1,0,0.025000000000000001,0.5
773.3667,  1.00000000,1,0,0.0,0.5
773.4000,  1.00000000,1,0,0.0,0.5
773.4333,  1.00000000,1,0,0.050000000000000003,0.5
773.4667,  1.00000000,1,0,0.025000000000000001,0.5
773.5000,  1.00000000,1,0,0.025000000000000001,0.5
773.5333,  1.00000000,1,0,0.025000000000000001,0.5
773.5667,  1.00000000,1,0,0.0,0.5
773.6000,  1.00000000,1,0,0.050000000000000003,0.5
773.6333,  1.00000000,1,0,0.0,0.5
773.6667,  1.00000000,1,0,0.025000000000000001,0.5
773.7000,  1.00000000,1,0,0.025000000000000001,0.5
773.7333,  1.00000000,1,0,0.025000000000000001,0.5
773.7667,  1.00000000,1,0,0.0,0.5
773.8000,  1.00000000,1,0,0.0,0.5
773.8333,  1.00000000,1,0,0.0,0.5
773.8667,  1.00000000,1,0,0.025000000000000001,0.5
773.9000,  1.00000000,1,0,0.0,0.5
773.9333,  1.00000000,1,0,0.0,0.5
773.9667,  1.00000000,1,0,0.025000000000000001,0.5
774.0000,  1.00000000,1,0,0.025000000000000001,0.5
774.0333,  1.00000000,1,0,0.025000000000000001,0.5
774.0667,  1.00000000,1,0,0.050000000000000003,0.5
774.1000,  1.00000000,1,0,0.025000000000000001,0.5
774.1333,  1.00000000,1,0,0.050000000000000003,0.5
774.1667,  1.00000000,1,0,0.0,0.5
774.2000,  1.00000000,1,0,0.025000000000000001,0.5
774.2333,  1.00000000,1,0,0.074999999999999997,0.5
774.2667,  1.00000000,1,0,0.050000000000000003,0.5
774.3000,  1.00000000,1,0,0.025000000000000001,0.5
774.3333,  1.00000000,1,0,0.025000000000000001,0.5
774.3667,  1.00000000,1,0,0.074999999999999997,0.5
774.4000,  1.00000000,1,0,0.050000000000000003,0.5
774.4333,  1.00000000,1,0,0.0,0.5
774.4667,  1.00000000,1,0,0.074999999999999997,0.5
774.5000,  1.00000000,1,0,0.0,0.5
774.5333,  1.00000000,1,0,0.0,0.5
774.5667,  1.00000000,1,0,0.0,0.5
774.6000,  1.00000000,1,0,0.025000000000000001,0.5
774.6333,  1.00000000,1,0,0.0,0.5
774.6667,  1.00000000,1,0,0.074999999999999997,0.5
774.7000,  1.00000000,1,0,0.025000000000000001,0.5
774.7333,  1.00000000,1,0,0.050000000000000003,0.5
774.7667,  1.00000000,1,0,0.025000000000000001,0.5
774.8000,  1.00000000,1,0,0.050000000000000003,0.5
774.8333,  1.00000000,1,0,0.025000000000000001,0.5
774.8667,  1.00000000,1,0,0.0,0.5
774.9000,  1.00000000,1,0,0.050000000000000003,0.5
774.9333,  1.00000000,1,0,0.025000000000000001,0.5
774.9667,  1.00000000,1,0,0.025000000000000001,0.5
775.0000,  1.00000000,1,0,0.025000000000000001,0.5
775.0333,  1.00000000,1,0,0.050000000000000003,0.5
775.0667,  1.00000000,1,0,0.025000000000000001,0.5
775.1000,  1.00000000,1,0,0.025000000000000001,0.5
775.1333,  1.00000000,1,0,0.025000000000000001,0.5
775.1667,  1.00000000,1,0,0.0,0.5
775.2000,  1.00000000,1,0,0.025000000000000001,0.5
775.2333,  1.00000000,1,0,0.0,0.5
775.2667,  1.00000000,1,0,0.025000000000000001,0.5
775.3000,  1.00000000,1,0,0.050000000000000003,0.5
775.3333,  1.00000000,1,0,0.025000000000000001,0.5
775.3667,  1.00000000,1,0,0.025000000000000001,0.5
775.4000,  1.00000000,1,0,0.050000000000000003,0.5
775.4333,  1.00000000,1,0,0.025000000000000001,0.5
775.4667,  1.00000000,1,0,0.025000000000000001,0.5
775.5000,  1.00000000,1,0,0.025000000000000001,0.5
775.5333,  1.00000000,1,0,0.0,0.5
775.5667,  1.00000000,1,0,0.0,0.5
775.6000,  1.00000000,1,0,0.050000000000000003,0.5
775.6333,  1.00000000,1,0,0.0,0.5
775.6667,  1.00000000,1,0,0.0,0.5
775.7000,  1.00000000,1,0,0.0,0.5
775.7333,  1.00000000,1,0,0.0,0.5
775.7667,  1.00000000,1,0,0.025000000000000001,0.5
775.8000,  1.00000000,1,0,0.050000000000000003,0.5
775.8333,  1.00000000,1,0,0.050000000000000003,0.5
775.8667,  1.00000000,1,0,0.0,0.5
775.9000,  1.00000000,1,0,0.050000000000000003,0.5
775.9333,  1.00000000,1,0,0.025000000000000001,0.5
775.9667,  1.00000000,1,0,0.025000000000000001,0.5
776.0000,  1.00000000,1,0,0.050000000000000003,0.5
776.0333,  1.00000000,1,0,0.025000000000000001,0.5
776.0667,  1.00000000,1,0,0.0,0.5
776.1000,  1.00000000,1,0,0.0,0.5
776.1333,  1.00000000,1,0,0.025000000000000001,0.5
776.1667,  1.00000000,1,0,0.0,0.5
776.2000,  1.00000000,1,0,0.025000000000000001,0.5
776.2333,  1.00000000,1,0,0.050000000000000003,0.5
776.2667,  1.00000000,1,0,0.025000000000000001,0.5
776.3000,  1.00000000,1,0,0.0,0.5
776.3333,  1.00000000,1,0,0.0,0.5
776.3667,  1.00000000,1,0,0.0,0.5
776.4000,  1.00000000,1,0,0.0,0.5
776.4333,  1.00000000,1,0,0.025000000000000001,0.5
776.4667,  1.00000000,1,0,0.025000000000000001,0.5
776.5000,  1.00000000,1,0,0.025000000000000001,0.5
776.5333,  1.00000000,1,0,0.025000000000000001,0.5
776.5667,  1.00000000,1,0,0.025000000000000001,0.5
776.6000,  1.00000000,1,0,0.0,0.5
776.6333,  1.00000000,1,0,0.0,0.5
776.6667,  1.00000000,1,0,0.0,0.5
776.7000,  1.00000000,1,0,0.0,0.5
776.7333,  1.00000000,1,0,0.025000000000000001,0.5
776.7667,  1.00000000,1,0,0.025000000000000001,0.5
776.8000,  1.00000000,1,0,0.0,0.5
776.8333,  1.00000000,1,0,0.050000000000000003,0.5
776.8667,  1.00000000,1,0,0.0,0.5
776.9000,  1.00000000,1,0,0.0,0.5
776.9333,  1.00000000,1,0,0.0,0.5
776.9667,  1.00000000,1,0,0.025000000000000001,0.5
777.0000,  1.00000000,1,0,0.025000000000000001,0.5
777.0333,  1.00000000,1,0,0.0,0.5
777.0667,  1.00000000,1,0,0.025000000000000001,0.5
777.1000,  1.00000000,1,0,0.025000000000000001,0.5
777.1333,  1.00000000,1,0,0.025000000000000001,0.5
777.1667,  1.00000000,1,0,0.025000000000000001,0.5
777.2000,  1.00000000,1,0,0.0,0.5
777.2333,  1.00000000,1,0,0.025000000000000001,0.5
777.2667,  1.00000000,1,0,0.025000000000000001,0.5
777.3000,  1.00000000,1,0,0.050000000000000003,0.5
777.3333,  1.00000000,1,0,0.025000000000000001,0.5
777.3667,  1.00000000,1,0,0.0,0.5
777.4000,  1.00000000,1,0,0.025000000000000001,0.5
777.4333,  1.00000000,1,0,0.025000000000000001,0.5
777.4667,  1.00000000,1,0,0.025000000000000001,0.5
777.5000,  1.00000000,1,0,0.025000000000000001,0.5
777.5333,  1.00000000,1,0,0.025000000000000001,0.5
777.5667,  1.00000000,1,0,0.025000000000000001,0.5
777.6000,  1.00000000,1,0,0.025000000000000001,0.5
777.6333,  1.00000000,1,0,0.025000000000000001,0.5
777.6667,  1.00000000,1,0,0.0,0.5
777.7000,  1.00000000,1,0,0.050000000000000003,0.5
777.7333,  1.00000000,1,0,0.025000000000000001,0.5
777.7667,  1.00000000,1,0,0.025000000000000001,0.5
777.8000,  1.00000000,1,0,0.025000000000000001,0.5
777.8333,  1.00000000,1,0,0.025000000000000001,0.5
777.8667,  1.00000000,1,0,0.025000000000000001,0.5
777.9000,  1.00000000,1,0,0.025000000000000001,0.5
777.9333,  1.00000000,1,0,0.0,0.5
777.9667,  1.00000000,1,0,0.025000000000000001,0.5
778.0000,  1.00000000,1,0,0.0,0.5
778.0333,  1.00000000,1,0,0.050000000000000003,0.5
778.0667,  1.00000000,1,0,0.025000000000000001,0.5
778.1000,  1.00000000,1,0,0.025000000000000001,0.5
778.1333,  1.00000000,1,0,0.0,0.5
778.1667,  1.00000000,1,0,0.025000000000000001,0.5
778.2000,  1.00000000,1,0,0.050000000000000003,0.5
778.2333,  1.00000000,1,0,0.050000000000000003,0.5
778.2667,  1.00000000,1,0,0.025000000000000001,0.5
778.3000,  1.00000000,1,0,0.0,0.5
778.3333,  1.00000000,1,0,0.025000000000000001,0.5
778.3667,  1.00000000,1,0,0.050000000000000003,0.5
778.4000,  1.00000000,1,0,0.0,0.5
778.4333,  1.00000000,1,0,0.0,0.5
778.4667,  1.00000000,1,0,0.025000000000000001,0.5
778.5000,  1.00000000,1,0,0.025000000000000001,0.5
778.5333,  1.00000000,1,0,0.0,0.5
778.5667,  1.00000000,1,0,0.025000000000000001,0.5
778.6000,  1.00000000,1,0,0.0,0.5
778.6333,  1.00000000,1,0,0.050000000000000003,0.5
778.6667,  1.00000000,1,0,0.025000000000000001,0.5
778.7000,  1.00000000,1,0,0.050000000000000003,0.5
778.7333,  1.00000000,1,0,0.050000000000000003,0.5
778.7667,  1.00000000,1,0,0.025000000000000001,0.5
778.8000,  1.00000000,1,0,0.050000000000000003,0.5
778.8333,  1.00000000,1,0,0.0,0.5
778.8667,  1.00000000,1,0,0.0,0.5
778.9000,  1.00000000,1,0,0.025000000000000001,0.5
778.9333,  1.00000000,1,0,0.0,0.5
778.9667,  1.00000000,1,0,0.050000000000000003,0.5
779.0000,  1.00000000,1,0,0.050000000000000003,0.5
779.0333,  1.00000000,1,0,0.025000000000000001,0.5
779.0667,  1.00000000,1,0,0.025000000000000001,0.5
779.1000,  1.00000000,1,0,0.0,0.5
779.1333,  1.00000000,1,0,0.0,0.5
779.1667,  1.00000000,1,0,0.0,0.5
779.2000,  1.00000000,1,0,0.0,0.5
779.2333,  1.00000000,1,0,0.0,0.5
779.2667,  1.00000000,1,0,0.0,0.5
779.3000,  1.00000000,1,0,0.0,0.5
779.3333,  1.00000000,1,0,0.025000000000000001,0.5
779.3667,  1.00000000,1,0,0.0,0.5
779.4000,  1.00000000,1,0,0.0,0.5
779.4333,  1.00000000,1,0,0.025000000000000001,0.5
779.4667,  1.00000000,1,0,0.0,0.5
779.5000,  1.00000000,1,0,0.0,0.5
779.5333,  1.00000000,1,0,0.025000000000000001,0.5
779.5667,  1.00000000,1,0,0.025000000000000001,0.5
779.6000,  1.00000000,1,0,0.050000000000000003,0.5
779.6333,  1.00000000,1,0,0.025000000000000001,0.5
779.6667,  1.00000000,1,0,0.025000000000000001,0.5
779.7000,  1.00000000,1,0,0.025000000000000001,0.5
779.7333,  1.00000000,1,0,0.025000000000000001,0.5
779.7667,  1.00000000,1,0,0.025000000000000001,0.5
779.8000,  1.00000000,1,0,0.0,0.5
779.8333,  1.00000000,1,0,0.025000000000000001,0.5
779.8667,  1.00000000,1,0,0.0,0.5
779.9000,  1.00000000,1,0,0.050000000000000003,0.5
779.9333,  1.00000000,1,0,0.025000000000000001,0.5
779.9667,  1.00000000,1,0,0.025000000000000001,0.5
780.0000,  1.00000000,1,0,0.025000000000000001,0.5
780.0333,  1.00000000,1,0,0.0,0.5
780.0667,  1.00000000,1,0,0.025000000000000001,0.5
780.1000,  1.00000000,1,0,0.0,0.5
780.1333,  1.00000000,1,0,0.0,0.5
780.1667,  1.00000000,1,0,0.0,0.5
780.2000,  1.00000000,1,0,0.0,0.5
780.2333,  1.00000000,1,0,0.0,0.5
780.2667,  1.00000000,1,0,0.025000000000000001,0.5
780.3000,  1.00000000,1,0,0.0,0.5
780.3333,  1.00000000,1,0,0.0,0.5
780.3667,  1.00000000,1,0,0.0,0.5
780.4000,  1.00000000,1,0,0.025000000000000001,0.5
780.4333,  1.00000000,1,0,0.0,0.5
780.4667,  1.00000000,1,0,0.0,0.5
780.5000,  1.00000000,1,0,0.025000000000000001,0.5
780.5333,  1.00000000,1,0,0.0,0.5
780.5667,  1.00000000,1,0,0.025000000000000001,0.5
780.6000,  1.00000000,1,0,0.0,0.5
780.6333,  1.00000000,1,0,0.0,0.5
780.6667,  1.00000000,1,0,0.025000000000000001,0.5
780.7000,  1.00000000,1,0,0.025000000000000001,0.5
780.7333,  1.00000000,1,0,0.025000000000000001,0.5
780.7667,  1.00000000,1,0,0.0,0.5
780.8000,  1.00000000,1,0,0.0,0.5
780.8333,  1.00000000,1,0,0.025000000000000001,0.5
780.8667,  1.00000000,1,0,0.0,0.5
780.9000,  1.00000000,1,0,0.025000000000000001,0.5
780.9333,  1.00000000,1,0,0.074999999999999997,0.5
780.9667,  1.00000000,1,0,0.0,0.5
781.0000,  1.00000000,1,0,0.025000000000000001,0.5
781.0333,  1.00000000,1,0,0.0,0.5
781.0667,  1.00000000,1,0,0.0,0.5
781.1000,  1.00000000,1,0,0.025000000000000001,0.5
781.1333,  1.00000000,1,0,0.025000000000000001,0.5
781.1667,  1.00000000,1,0,0.025000000000000001,0.5
781.2000,  1.00000000,1,0,0.0,0.5
781.2333,  1.00000000,1,0,0.025000000000000001,0.5
781.2667,  1.00000000,1,0,0.025000000000000001,0.5
781.3000,  1.00000000,1,0,0.025000000000000001,0.5
781.3333,  1.00000000,1,0,0.050000000000000003,0.5
781.3667,  1.00000000,1,0,0.025000000000000001,0.5
781.4000,  1.00000000,1,0,0.074999999999999997,0.5
781.4333,  1.00000000,1,0,0.050000000000000003,0.5
781.4667,  1.00000000,1,0,0.0,0.5
781.5000,  1.00000000,1,0,0.0,0.5
781.5333,  1.00000000,1,0,0.0,0.5
781.5667,  1.00000000,1,0,0.025000000000000001,0.5
781.6000,  1.00000000,1,0,0.0,0.5
781.6333,  1.00000000,1,0,0.050000000000000003,0.5
781.6667,  1.00000000,1,0,0.0,0.5
781.7000,  1.00000000,1,0,0.025000000000000001,0.5
781.7333,  1.00000000,1,0,0.025000000000000001,0.5
781.7667,  1.00000000,1,0,0.050000000000000003,0.5
781.8000,  1.00000000,1,0,0.050000000000000003,0.5
781.8333,  1.00000000,1,0,0.0,0.5
781.8667,  1.00000000,1,0,0.025000000000000001,0.5
781.9000,  1.00000000,1,0,0.025000000000000001,0.5
781.9333,  1.00000000,1,0,0.025000000000000001,0.5
781.9667,  1.00000000,1,0,0.025000000000000001,0.5
782.0000,  1.00000000,1,0,0.0,0.5
782.0333,  1.00000000,1,0,0.025000000000000001,0.5
782.0667,  1.00000000,1,0,0.025000000000000001,0.5
782.1000,  1.00000000,1,0,0.025000000000000001,0.5
782.1333,  1.00000000,1,0,0.025000000000000001,0.5
782.1667,  1.00000000,1,0,0.050000000000000003,0.5
782.2000,  1.00000000,1,0,0.025000000000000001,0.5
782.2333,  1.00000000,1,0,0.025000000000000001,0.5
782.2667,  1.00000000,1,0,0.0,0.5
782.3000,  1.00000000,1,0,0.0,0.5
782.3333,  1.00000000,1,0,0.050000000000000003,0.5
782.3667,  1.00000000,1,0,0.0,0.5
782.4000,  1.00000000,1,0,0.025000000000000001,0.5
782.4333,  1.00000000,1,0,0.025000000000000001,0.5
782.4667,  1.00000000,1,0,0.050000000000000003,0.5
782.5000,  1.00000000,1,0,0.0,0.5
782.5333,  1.00000000,1,0,0.025000000000000001,0.5
782.5667,  1.00000000,1,0,0.0,0.5
782.6000,  1.00000000,1,0,0.025000000000000001,0.5
782.6333,  1.00000000,1,0,0.0,0.5
782.6667,  1.00000000,1,0,0.0,0.5
782.7000,  1.00000000,1,0,0.0,0.5
782.7333,  1.00000000,1,0,0.0,0.5
782.7667,  1.00000000,1,0,0.025000000000000001,0.5
782.8000,  1.00000000,1,0,0.0,0.5
782.8333,  1.00000000,1,0,0.0,0.5
782.8667,  1.00000000,1,0,0.0,0.5
782.9000,  1.00000000,1,0,0.0,0.5
782.9333,  1.00000000,1,0,0.050000000000000003,0.5
782.9667,  1.00000000,1,0,0.0,0.5
783.0000,  1.00000000,1,0,0.025000000000000001,0.5
783.0333,  1.00000000,1,0,0.025000000000000001,0.5
783.0667,  1.00000000,1,0,0.0,0.5
783.1000,  1.00000000,1,0,0.0,0.5
783.1333,  1.00000000,1,0,0.074999999999999997,0.5
783.1667,  1.00000000,1,0,0.0,0.5
783.2000,  1.00000000,1,0,0.025000000000000001,0.5
783.2333,  1.00000000,1,0,0.0,0.5
783.2667,  1.00000000,1,0,0.025000000000000001,0.5
783.3000,  1.00000000,1,0,0.074999999999999997,0.5
783.3333,  1.00000000,1,0,0.025000000000000001,0.5
783.3667,  1.00000000,1,0,0.025000000000000001,0.5
783.4000,  1.00000000,1,0,0.050000000000000003,0.5
783.4333,  1.00000000,1,0,0.025000000000000001,0.5
783.4667,  1.00000000,1,0,0.025000000000000001,0.5
783.5000,  1.00000000,1,0,0.025000000000000001,0.5
783.5333,  1.00000000,1,0,0.025000000000000001,0.5
783.5667,  1.00000000,1,0,0.050000000000000003,0.5
783.6000,  1.00000000,1,0,0.0,0.5
783.6333,  1.00000000,1,0,0.0,0.5
783.6667,  1.00000000,1,0,0.0,0.5
783.7000,  1.00000000,1,0,0.025000000000000001,0.5
783.7333,  1.00000000,1,0,0.025000000000000001,0.5
783.7667,  1.00000000,1,0,0.050000000000000003,0.5
783.8000,  1.00000000,1,0,0.0,0.5
783.8333,  1.00000000,1,0,0.0,0.5
783.8667,  1.00000000,1,0,0.0,0.5
783.9000,  1.00000000,1,0,0.0,0.5
783.9333,  1.00000000,1,0,0.0,0.5
783.9667,  1.00000000,1,0,0.025000000000000001,0.5
784.0000,  1.00000000,1,0,0.0,0.5
784.0333,  1.00000000,1,0,0.074999999999999997,0.5
784.0667,  1.00000000,1,0,0.025000000000000001,0.5
784.1000,  1.00000000,1,0,0.0,0.5
784.1333,  1.00000000,1,0,0.025000000000000001,0.5
784.1667,  1.00000000,1,0,0.025000000000000001,0.5
784.2000,  1.00000000,1,0,0.025000000000000001,0.5
784.2333,  1.00000000,1,0,0.074999999999999997,0.5
784.2667,  1.00000000,1,0,0.025000000000000001,0.5
784.3000,  1.00000000,1,0,0.025000000000000001,0.5
784.3333,  1.00000000,1,0,0.025000000000000001,0.5
784.3667,  1.00000000,1,0,0.025000000000000001,0.5
784.4000,  1.00000000,1,0,0.050000000000000003,0.5
784.4333,  1.00000000,1,0,0.0,0.5
784.4667,  1.00000000,1,0,0.0,0.5
784.5000,  1.00000000,1,0,0.0,0.5
784.5333,  1.00000000,1,0,0.025000000000000001,0.5
784.5667,  1.00000000,1,0,0.025000000000000001,0.5
784.6000,  1.00000000,1,0,0.025000000000000001,0.5
784.6333,  1.00000000,1,0,0.0,0.5
784.6667,  1.00000000,1,0,0.025000000000000001,0.5
784.7000,  1.00000000,1,0,0.0,0.5
784.7333,  1.00000000,1,0,0.074999999999999997,0.5
784.7667,  1.00000000,1,0,0.025000000000000001,0.5
784.8000,  1.00000000,1,0,0.050000000000000003,0.5
784.8333,  1.00000000,1,0,0.025000000000000001,0.5
784.8667,  1.00000000,1,0,0.0,0.5
784.9000,  1.00000000,1,0,0.025000000000000001,0.5
784.9333,  1.00000000,1,0,0.025000000000000001,0.5
784.9667,  1.00000000,1,0,0.050000000000000003,0.5
785.0000,  1.00000000,1,0,0.025000000000000001,0.5
785.0333,  1.00000000,1,0,0.0,0.5
785.0667,  1.00000000,1,0,0.0,0.5
785.1000,  1.00000000,1,0,0.050000000000000003,0.5
785.1333,  1.00000000,1,0,0.050000000000000003,0.5
785.1667,  1.00000000,1,0,0.0,0.5
785.2000,  1.00000000,1,0,0.025000000000000001,0.5
785.2333,  1.00000000,1,0,0.050000000000000003,0.5
785.2667,  1.00000000,1,0,0.050000000000000003,0.5
785.3000,  1.00000000,1,0,0.0,0.5
785.3333,  1.00000000,1,0,0.050000000000000003,0.5
785.3667,  1.00000000,1,0,0.0,0.5
785.4000,  1.00000000,1,0,0.025000000000000001,0.5
785.4333,  1.00000000,1,0,0.050000000000000003,0.5
785.4667,  1.00000000,1,0,0.0,0.5
785.5000,  1.00000000,1,0,0.025000000000000001,0.5
785.5333,  1.00000000,1,0,0.025000000000000001,0.5
785.5667,  1.00000000,1,0,0.050000000000000003,0.5
785.6000,  1.00000000,1,0,0.025000000000000001,0.5
785.6333,  1.00000000,1,0,0.025000000000000001,0.5
785.6667,  1.00000000,1,0,0.0,0.5
785.7000,  1.00000000,1,0,0.025000000000000001,0.5
785.7333,  1.00000000,1,0,0.050000000000000003,0.5
785.7667,  1.00000000,1,0,0.0,0.5
785.8000,  1.00000000,1,0,0.025000000000000001,0.5
785.8333,  1.00000000,1,0,0.074999999999999997,0.5
785.8667,  1.00000000,1,0,0.025000000000000001,0.5
785.9000,  1.00000000,1,0,0.0,0.5
785.9333,  1.00000000,1,0,0.050000000000000003,0.5
785.9667,  1.00000000,1,0,0.0,0.5
786.0000,  1.00000000,1,0,0.050000000000000003,0.5
786.0333,  1.00000000,1,0,0.050000000000000003,0.5
786.0667,  1.00000000,1,0,0.025000000000000001,0.5
786.1000,  1.00000000,1,0,0.050000000000000003,0.5
786.1333,  1.00000000,1,0,0.025000000000000001,0.5
786.1667,  1.00000000,1,0,0.025000000000000001,0.5
786.2000,  1.00000000,1,0,0.025000000000000001,0.5
786.2333,  1.00000000,1,0,0.025000000000000001,0.5
786.2667,  1.00000000,1,0,0.0,0.5
786.3000,  1.00000000,1,0,0.025000000000000001,0.5
786.3333,  1.00000000,1,0,0.0,0.5
786.3667,  1.00000000,1,0,0.0,0.5
786.4000,  1.00000000,1,0,0.050000000000000003,0.5
786.4333,  1.00000000,1,0,0.025000000000000001,0.5
786.4667,  1.00000000,1,0,0.0,0.5
786.5000,  1.00000000,1,0,0.074999999999999997,0.5
786.5333,  1.00000000,1,0,0.0,0.5
786.5667,  1.00000000,1,0,0.025000000000000001,0.5
786.6000,  1.00000000,1,0,0.0,0.5
786.6333,  1.00000000,1,0,0.074999999999999997,0.5
786.6667,  1.00000000,1,0,0.025000000000000001,0.5
786.7000,  1.00000000,1,0,0.025000000000000001,0.5
786.7333,  1.00000000,1,0,0.025000000000000001,0.5
786.7667,  1.00000000,1,0,0.025000000000000001,0.5
786.8000,  1.00000000,1,0,0.025000000000000001,0.5
786.8333,  1.00000000,1,0,0.025000000000000001,0.5
786.8667,  1.00000000,1,0,0.025000000000000001,0.5
786.9000,  1.00000000,1,0,0.025000000000000001,0.5
786.9333,  1.00000000,1,0,0.025000000000000001,0.5
786.9667,  1.00000000,1,0,0.025000000000000001,0.5
787.0000,  1.00000000,1,0,0.050000000000000003,0.5
787.0333,  1.00000000,1,0,0.0,0.5
787.0667,  1.00000000,1,0,0.025000000000000001,0.5
787.1000,  1.00000000,1,0,0.025000000000000001,0.5
787.1333,  1.00000000,1,0,0.0,0.5
787.1667,  1.00000000,1,0,0.0,0.5
787.2000,  1.00000000,1,0,0.050000000000000003,0.5
787.2333,  1.00000000,1,0,0.0,0.5
787.2667,  1.00000000,1,0,0.074999999999999997,0.5
787.3000,  1.00000000,1,0,0.025000000000000001,0.5
787.3333,  1.00000000,1,0,0.0,0.5
787.3667,  1.00000000,1,0,0.050000000000000003,0.5
787.4000,  1.00000000,1,0,0.0,0.5
787.4333,  1.00000000,1,0,0.025000000000000001,0.5
787.4667,  1.00000000,1,0,0.050000000000000003,0.5
787.5000,  1.00000000,1,0,0.0,0.5
787.5333,  1.00000000,1,0,0.0,0.5
787.5667,  1.00000000,1,0,0.025000000000000001,0.5
787.6000,  1.00000000,1,0,0.025000000000000001,0.5
787.6333,  1.00000000,1,0,0.050000000000000003,0.5
787.6667,  1.00000000,1,0,0.050000000000000003,0.5
787.7000,  1.00000000,1,0,0.025000000000000001,0.5
787.7333,  1.00000000,1,0,0.025000000000000001,0.5
787.7667,  1.00000000,1,0,0.0,0.5
787.8000,  1.00000000,1,0,0.050000000000000003,0.5
787.8333,  1.00000000,1,0,0.025000000000000001,0.5
787.8667,  1.00000000,1,0,0.050000000000000003,0.5
787.9000,  1.00000000,1,0,0.0,0.5
787.9333,  1.00000000,1,0,0.025000000000000001,0.5
787.9667,  1.00000000,1,0,0.025000000000000001,0.5
788.0000,  1.00000000,1,0,0.0,0.5
788.0333,  1.00000000,1,0,0.025000000000000001,0.5
788.0667,  1.00000000,1,0,0.0,0.5
788.1000,  1.00000000,1,0,0.025000000000000001,0.5
788.1333,  1.00000000,1,0,0.025000000000000001,0.5
788.1667,  1.00000000,1,0,0.0,0.5
788.2000,  1.00000000,1,0,0.025000000000000001,0.5
788.2333,  1.00000000,1,0,0.0,0.5
788.2667,  1.00000000,1,0,0.025000000000000001,0.5
788.3000,  1.00000000,1,0,0.025000000000000001,0.5
788.3333,  1.00000000,1,0,0.050000000000000003,0.5
788.3667,  1.00000000,1,0,0.0,0.5
788.4000,  1.00000000,1,0,0.025000000000000001,0.5
788.4333,  1.00000000,1,0,0.0,0.5
788.4667,  1.00000000,1,0,0.0,0.5
788.5000,  1.00000000,1,0,0.0,0.5
788.5333,  1.00000000,1,0,0.025000000000000001,0.5
788.5667,  1.00000000,1,0,0.025000000000000001,0.5
788.6000,  1.00000000,1,0,0.0,0.5
788.6333,  1.00000000,1,0,0.050000000000000003,0.5
788.6667,  1.00000000,1,0,0.0,0.5
788.7000,  1.00000000,1,0,0.025000000000000001,0.5
788.7333,  1.00000000,1,0,0.0,0.5
788.7667,  1.00000000,1,0,0.025000000000000001,0.5
788.8000,  1.00000000,1,0,0.050000000000000003,0.5
788.8333,  1.00000000,1,0,0.0,0.5
788.8667,  1.00000000,1,0,0.0,0.5
788.9000,  1.00000000,1,0,0.050000000000000003,0.5
788.9333,  1.00000000,1,0,0.025000000000000001,0.5
788.9667,  1.00000000,1,0,0.025000000000000001,0.5
789.0000,  1.00000000,1,0,0.025000000000000001,0.5
789.0333,  1.00000000,1,0,0.0,0.5
789.0667,  1.00000000,1,0,0.025000000000000001,0.5
789.1000,  1.00000000,1,0,0.025000000000000001,0.5
789.1333,  1.00000000,1,0,0.0,0.5
789.1667,  1.00000000,1,0,0.025000000000000001,0.5
789.2000,  1.00000000,1,0,0.0,0.5
789.2333,  1.00000000,1,0,0.050000000000000003,0.5
789.2667,  1.00000000,1,0,0.025000000000000001,0.5
789.3000,  1.00000000,1,0,0.025000000000000001,0.5
789.3333,  1.00000000,1,0,0.050000000000000003,0.5
789.3667,  1.00000000,1,0,0.050000000000000003,0.5
789.4000,  1.00000000,1,0,0.0,0.5
789.4333,  1.00000000,1,0,0.050000000000000003,0.5
789.4667,  1.00000000,1,0,0.050000000000000003,0.5
789.5000,  1.00000000,1,0,0.050000000000000003,0.5
789.5333,  1.00000000,1,0,0.0,0.5
789.5667,  1.00000000,1,0,0.025000000000000001,0.5
789.6000,  1.00000000,1,0,0.074999999999999997,0.5
789.6333,  1.00000000,1,0,0.025000000000000001,0.5
789.6667,  1.00000000,1,0,0.025000000000000001,0.5
789.7000,  1.00000000,1,0,0.050000000000000003,0.5
789.7333,  1.00000000,1,0,0.0,0.5
789.7667,  1.00000000,1,0,0.050000000000000003,0.5
789.8000,  1.00000000,1,0,0.025000000000000001,0.5
789.8333,  1.00000000,1,0,0.025000000000000001,0.5
789.8667,  1.00000000,1,0,0.050000000000000003,0.5
789.9000,  1.00000000,1,0,0.050000000000000003,0.5
789.9333,  1.00000000,1,0,0.025000000000000001,0.5
789.9667,  1.00000000,1,0,0.0,0.5
790.0000,  1.00000000,1,0,0.0,0.5
790.0333,  1.00000000,1,0,0.050000000000000003,0.5
790.0667,  1.00000000,1,0,0.0,0.5
790.1000,  1.00000000,1,0,0.025000000000000001,0.5
790.1333,  1.00000000,1,0,0.025000000000000001,0.5
790.1667,  1.00000000,1,0,0.050000000000000003,0.5
790.2000,  1.00000000,1,0,0.025000000000000001,0.5
790.2333,  1.00000000,1,0,0.0,0.5
790.2667,  1.00000000,1,0,0.025000000000000001,0.5
790.3000,  1.00000000,1,0,0.050000000000000003,0.5
790.3333,  1.00000000,1,0,0.050000000000000003,0.5
790.3667,  1.00000000,1,0,0.025000000000000001,0.5
790.4000,  1.00000000,1,0,0.0,0.5
790.4333,  1.00000000,1,0,0.025000000000000001,0.5
790.4667,  1.00000000,1,0,0.050000000000000003,0.5
790.5000,  1.00000000,1,0,0.0,0.5
790.5333,  1.00000000,1,0,0.0,0.5
790.5667,  1.00000000,1,0,0.025000000000000001,0.5
790.6000,  1.00000000,1,0,0.074999999999999997,0.5
790.6333,  1.00000000,1,0,0.074999999999999997,0.5
790.6667,  1.00000000,1,0,0.050000000000000003,0.5
790.7000,  1.00000000,1,0,0.025000000000000001,0.5
790.7333,  1.00000000,1,0,0.050000000000000003,0.5
790.7667,  1.00000000,1,0,0.025000000000000001,0.5
790.8000,  1.00000000,1,0,0.0,0.5
790.8333,  1.00000000,1,0,0.025000000000000001,0.5
790.8667,  1.00000000,1,0,0.0,0.5
790.9000,  1.00000000,1,0,0.050000000000000003,0.5
790.9333,  1.00000000,1,0,0.025000000000000001,0.5
790.9667,  1.00000000,1,0,0.025000000000000001,0.5
791.0000,  1.00000000,1,0,0.0,0.5
791.0333,  1.00000000,1,0,0.025000000000000001,0.5
791.0667,  1.00000000,1,0,0.050000000000000003,0.5
791.1000,  1.00000000,1,0,0.025000000000000001,0.5
791.1333,  1.00000000,1,0,0.025000000000000001,0.5
791.1667,  1.00000000,1,0,0.0,0.5
791.2000,  1.00000000,1,0,0.025000000000000001,0.5
791.2333,  1.00000000,1,0,0.050000000000000003,0.5
791.2667,  1.00000000,1,0,0.0,0.5
791.3000,  1.00000000,1,0,0.025000000000000001,0.5
791.3333,  1.00000000,1,0,0.025000000000000001,0.5
791.3667,  1.00000000,1,0,0.050000000000000003,0.5
791.4000,  1.00000000,1,0,0.025000000000000001,0.5
791.4333,  1.00000000,1,0,0.0,0.5
791.4667,  1.00000000,1,0,0.025000000000000001,0.5
791.5000,  1.00000000,1,0,0.025000000000000001,0.5
791.5333,  1.00000000,1,0,0.050000000000000003,0.5
791.5667,  1.00000000,1,0,0.0,0.5
791.6000,  1.00000000,1,0,0.025000000000000001,0.5
791.6333,  1.00000000,1,0,0.025000000000000001,0.5
791.6667,  1.00000000,1,0,0.0,0.5
791.7000,  1.00000000,1,0,0.0,0.5
791.7333,  1.00000000,1,0,0.025000000000000001,0.5
791.7667,  1.00000000,1,0,0.025000000000000001,0.5
791.8000,  1.00000000,1,0,0.025000000000000001,0.5
791.8333,  1.00000000,1,0,0.025000000000000001,0.5
791.8667,  1.00000000,1,0,0.074999999999999997,0.5
791.9000,  1.00000000,1,0,0.050000000000000003,0.5
791.9333,  1.00000000,1,0,0.025000000000000001,0.5
791.9667,  1.00000000,1,0,0.025000000000000001,0.5
792.0000,  1.00000000,1,0,0.025000000000000001,0.5
792.0333,  1.00000000,1,0,0.025000000000000001,0.5
792.0667,  1.00000000,1,0,0.025000000000000001,0.5
792.1000,  1.00000000,1,0,0.0,0.5
792.1333,  1.00000000,1,0,0.0,0.5
792.1667,  1.00000000,1,0,0.0,0.5
792.2000,  1.00000000,1,0,0.050000000000000003,0.5
792.2333,  1.00000000,1,0,0.025000000000000001,0.5
792.2667,  1.00000000,1,0,0.0,0.5
792.3000,  1.00000000,1,0,0.0,0.5
792.3333,  1.00000000,1,0,0.0,0.5
792.3667,  1.00000000,1,0,0.050000000000000003,0.5
792.4000,  1.00000000,1,0,0.025000000000000001,0.5
792.4333,  1.00000000,1,0,0.025000000000000001,0.5
792.4667,  1.00000000,1,0,0.0,0.5
792.5000,  1.00000000,1,0,0.0,0.5
792.5333,  1.00000000,1,0,0.025000000000000001,0.5
792.5667,  1.00000000,1,0,0.0,0.5
792.6000,  1.00000000,1,0,0.025000000000000001,0.5
792.6333,  1.00000000,1,0,0.025000000000000001,0.5
792.6667,  1.00000000,1,0,0.025000000000000001,0.5
792.7000,  1.00000000,1,0,0.025000000000000001,0.5
792.7333,  1.00000000,1,0,0.025000000000000001,0.5
792.7667,  1.00000000,1,0,0.0,0.5
792.8000,  1.00000000,1,0,0.0,0.5
792.8333,  1.00000000,1,0,0.0,0.5
792.8667,  1.00000000,1,0,0.0,0.5
792.9000,  1.00000000,1,0,0.050000000000000003,0.5
792.9333,  1.00000000,1,0,0.025000000000000001,0.5
792.9667,  1.00000000,1,0,0.025000000000000001,0.5
793.0000,  1.00000000,1,0,0.025000000000000001,0.5
793.0333,  1.00000000,1,0,0.074999999999999997,0.5
793.0667,  1.00000000,1,0,0.025000000000000001,0.5
793.1000,  1.00000000,1,0,0.025000000000000001,0.5
793.1333,  1.00000000,1,0,0.025000000000000001,0.5
793.1667,  1.00000000,1,0,0.025000000000000001,0.5
793.2000,  1.00000000,1,0,0.050000000000000003,0.5
793.2333,  1.00000000,1,0,0.0,0.5
793.2667,  1.00000000,1,0,0.025000000000000001,0.5
793.3000,  1.00000000,1,0,0.050000000000000003,0.5
793.3333,  1.00000000,1,0,0.0,0.5
793.3667,  1.00000000,1,0,0.025000000000000001,0.5
793.4000,  1.00000000,1,0,0.050000000000000003,0.5
793.4333,  1.00000000,1,0,0.050000000000000003,0.5
793.4667,  1.00000000,1,0,0.025000000000000001,0.5
793.5000,  1.00000000,1,0,0.050000000000000003,0.5
793.5333,  1.00000000,1,0,0.0,0.5
793.5667,  1.00000000,1,0,0.025000000000000001,0.5
793.6000,  1.00000000,1,0,0.0,0.5
793.6333,  1.00000000,1,0,0.050000000000000003,0.5
793.6667,  1.00000000,1,0,0.025000000000000001,0.5
793.7000,  1.00000000,1,0,0.0,0.5
793.7333,  1.00000000,1,0,0.074999999999999997,0.5
793.7667,  1.00000000,1,0,0.025000000000000001,0.5
793.8000,  1.00000000,1,0,0.025000000000000001,0.5
793.8333,  1.00000000,1,0,0.025000000000000001,0.5
793.8667,  1.00000000,1,0,0.025000000000000001,0.5
793.9000,  1.00000000,1,0,0.025000000000000001,0.5
793.9333,  1.00000000,1,0,0.050000000000000003,0.5
793.9667,  1.00000000,1,0,0.050000000000000003,0.5
794.0000,  1.00000000,1,0,0.025000000000000001,0.5
794.0333,  1.00000000,1,0,0.0,0.5
794.0667,  1.00000000,1,0,0.025000000000000001,0.5
794.1000,  1.00000000,1,0,0.050000000000000003,0.5
794.1333,  1.00000000,1,0,0.025000000000000001,0.5
794.1667,  1.00000000,1,0,0.025000000000000001,0.5
794.2000,  1.00000000,1,0,0.050000000000000003,0.5
794.2333,  1.00000000,1,0,0.025000000000000001,0.5
794.2667,  1.00000000,1,0,0.050000000000000003,0.5
794.3000,  1.00000000,1,0,0.025000000000000001,0.5
794.3333,  1.00000000,1,0,0.050000000000000003,0.5
794.3667,  1.00000000,1,0,0.0,0.5
794.4000,  1.00000000,1,0,0.025000000000000001,0.5
794.4333,  1.00000000,1,0,0.025000000000000001,0.5
794.4667,  1.00000000,1,0,0.025000000000000001,0.5
794.5000,  1.00000000,1,0,0.025000000000000001,0.5
794.5333,  1.00000000,1,0,0.0,0.5
794.5667,  1.00000000,1,0,0.025000000000000001,0.5
794.6000,  1.00000000,1,0,0.0,0.5
794.6333,  1.00000000,1,0,0.0,0.5
794.6667,  1.00000000,1,0,0.0,0.5
794.7000,  1.00000000,1,0,0.025000000000000001,0.5
794.7333,  1.00000000,1,0,0.025000000000000001,0.5
794.7667,  1.00000000,1,0,0.025000000000000001,0.5
794.8000,  1.00000000,1,0,0.0,0.5
794.8333,  1.00000000,1,0,0.0,0.5
794.8667,  1.00000000,1,0,0.0,0.5
794.9000,  1.00000000,1,0,0.025000000000000001,0.5
794.9333,  1.00000000,1,0,0.0,0.5
794.9667,  1.00000000,1,0,0.025000000000000001,0.5
795.0000,  1.00000000,1,0,0.025000000000000001,0.5
795.0333,  1.00000000,1,0,0.025000000000000001,0.5
795.0667,  1.00000000,1,0,0.0,0.5
795.1000,  1.00000000,1,0,0.025000000000000001,0.5
795.1333,  1.00000000,1,0,0.050000000000000003,0.5
795.1667,  1.00000000,1,0,0.0,0.5
795.2000,  1.00000000,1,0,0.025000000000000001,0.5
795.2333,  1.00000000,1,0,0.0,0.5
795.2667,  1.00000000,1,0,0.0,0.5
795.3000,  1.00000000,1,0,0.0,0.5
795.3333,  1.00000000,1,0,0.0,0.5
795.3667,  1.00000000,1,0,0.025000000000000001,0.5
795.4000,  1.00000000,1,0,0.0,0.5
795.4333,  1.00000000,1,0,0.025000000000000001,0.5
795.4667,  1.00000000,1,0,0.050000000000000003,0.5
795.5000,  1.00000000,1,0,0.025000000000000001,0.5
795.5333,  1.00000000,1,0,0.050000000000000003,0.5
795.5667,  1.00000000,1,0,0.025000000000000001,0.5
795.6000,  1.00000000,1,0,0.025000000000000001,0.5
795.6333,  1.00000000,1,0,0.0,0.5
795.6667,  1.00000000,1,0,0.025000000000000001,0.5
795.7000,  1.00000000,1,0,0.0,0.5
795.7333,  1.00000000,1,0,0.050000000000000003,0.5
795.7667,  1.00000000,1,0,0.025000000000000001,0.5
795.8000,  1.00000000,1,0,0.074999999999999997,0.5
795.8333,  1.00000000,1,0,0.050000000000000003,0.5
795.8667,  1.00000000,1,0,0.025000000000000001,0.5
795.9000,  1.00000000,1,0,0.025000000000000001,0.5
795.9333,  1.00000000,1,0,0.0,0.5
795.9667,  1.00000000,1,0,0.025000000000000001,0.5
796.0000,  1.00000000,1,0,0.050000000000000003,0.5
796.0333,  1.00000000,1,0,0.050000000000000003,0.5
796.0667,  1.00000000,1,0,0.025000000000000001,0.5
796.1000,  1.00000000,1,0,0.025000000000000001,0.5
796.1333,  1.00000000,1,0,0.050000000000000003,0.5
796.1667,  1.00000000,1,0,0.025000000000000001,0.5
796.2000,  1.00000000,1,0,0.025000000000000001,0.5
796.2333,  1.00000000,1,0,0.050000000000000003,0.5
796.2667,  1.00000000,1,0,0.050000000000000003,0.5
796.3000,  1.00000000,1,0,0.0,0.5
796.3333,  1.00000000,1,0,0.025000000000000001,0.5
796.3667,  1.00000000,1,0,0.0,0.5
796.4000,  1.00000000,1,0,0.050000000000000003,0.5
796.4333,  1.00000000,1,0,0.025000000000000001,0.5
796.4667,  1.00000000,1,0,0.0,0.5
796.5000,  1.00000000,1,0,0.050000000000000003,0.5
796.5333,  1.00000000,1,0,0.0,0.5
796.5667,  1.00000000,1,0,0.050000000000000003,0.5
796.6000,  1.00000000,1,0,0.025000000000000001,0.5
796.6333,  1.00000000,1,0,0.025000000000000001,0.5
796.6667,  1.00000000,1,0,0.025000000000000001,0.5
796.7000,  1.00000000,1,0,0.0,0.5
796.7333,  1.00000000,1,0,0.025000000000000001,0.5
796.7667,  1.00000000,1,0,0.0,0.5
796.8000,  1.00000000,1,0,0.050000000000000003,0.5
796.8333,  1.00000000,1,0,0.0,0.5
796.8667,  1.00000000,1,0,0.025000000000000001,0.5
796.9000,  1.00000000,1,0,0.025000000000000001,0.5
796.9333,  1.00000000,1,0,0.025000000000000001,0.5
796.9667,  1.00000000,1,0,0.050000000000000003,0.5
797.0000,  1.00000000,1,0,0.050000000000000003,0.5
797.0333,  1.00000000,1,0,0.025000000000000001,0.5
797.0667,  1.00000000,1,0,0.050000000000000003,0.5
797.1000,  1.00000000,1,0,0.025000000000000001,0.5
797.1333,  1.00000000,1,0,0.025000000000000001,0.5
797.1667,  1.00000000,1,0,0.025000000000000001,0.5
797.2000,  1.00000000,1,0,0.025000000000000001,0.5
797.2333,  1.00000000,1,0,0.050000000000000003,0.5
797.2667,  1.00000000,1,0,0.074999999999999997,0.5
797.3000,  1.00000000,1,0,0.050000000000000003,0.5
797.3333,  1.00000000,1,0,0.0,0.5
797.3667,  1.00000000,1,0,0.050000000000000003,0.5
797.4000,  1.00000000,1,0,0.025000000000000001,0.5
797.4333,  1.00000000,1,0,0.0,0.5
797.4667,  1.00000000,1,0,0.0,0.5
797.5000,  1.00000000,1,0,0.025000000000000001,0.5
797.5333,  1.00000000,1,0,0.0,0.5
797.5667,  1.00000000,1,0,0.0,0.5
797.6000,  1.00000000,1,0,0.074999999999999997,0.5
797.6333,  1.00000000,1,0,0.025000000000000001,0.5
797.6667,  1.00000000,1,0,0.025000000000000001,0.5
797.7000,  1.00000000,1,0,0.0,0.5
797.7333,  1.00000000,1,0,0.0,0.5
797.7667,  1.00000000,1,0,0.025000000000000001,0.5
797.8000,  1.00000000,1,0,0.0,0.5
797.8333,  1.00000000,1,0,0.025000000000000001,0.5
797.8667,  1.00000000,1,0,0.0,0.5
797.9000,  1.00000000,1,0,0.025000000000000001,0.5
797.9333,  1.00000000,1,0,0.025000000000000001,0.5
797.9667,  1.00000000,1,0,0.025000000000000001,0.5
798.0000,  1.00000000,1,0,0.025000000000000001,0.5
798.0333,  1.00000000,1,0,0.025000000000000001,0.5
798.0667,  1.00000000,1,0,0.0,0.5
798.1000,  1.00000000,1,0,0.050000000000000003,0.5
798.1333,  1.00000000,1,0,0.0,0.5
798.1667,  1.00000000,1,0,0.0,0.5
798.2000,  1.00000000,1,0,0.0,0.5
798.2333,  1.00000000,1,0,0.0,0.5
798.2667,  1.00000000,1,0,0.0,0.5
798.3000,  1.00000000,1,0,0.0,0.5
798.3333,  1.00000000,1,0,0.025000000000000001,0.5
798.3667,  1.00000000,1,0,0.025000000000000001,0.5
798.4000,  1.00000000,1,0,0.025000000000000001,0.5
798.4333,  1.00000000,1,0,0.050000000000000003,0.5
798.4667,  1.00000000,1,0,0.025000000000000001,0.5
798.5000,  1.00000000,1,0,0.0,0.5
798.5333,  1.00000000,1,0,0.0,0.5
798.5667,  1.00000000,1,0,0.025000000000000001,0.5
798.6000,  1.00000000,1,0,0.025000000000000001,0.5
798.6333,  1.00000000,1,0,0.025000000000000001,0.5
798.6667,  1.00000000,1,0,0.025000000000000001,0.5
798.7000,  1.00000000,1,0,0.0,0.5
798.7333,  1.00000000,1,0,0.0,0.5
798.7667,  1.00000000,1,0,0.0,0.5
798.8000,  1.00000000,1,0,0.025000000000000001,0.5
798.8333,  1.00000000,1,0,0.050000000000000003,0.5
798.8667,  1.00000000,1,0,0.0,0.5
798.9000,  1.00000000,1,0,0.0,0.5
798.9333,  1.00000000,1,0,0.074999999999999997,0.5
798.9667,  1.00000000,1,0,0.050000000000000003,0.5
799.0000,  1.00000000,1,0,0.0,0.5
799.0333,  1.00000000,1,0,0.0,0.5
799.0667,  1.00000000,1,0,0.074999999999999997,0.5
799.1000,  1.00000000,1,0,0.025000000000000001,0.5
799.1333,  1.00000000,1,0,0.050000000000000003,0.5
799.1667,  1.00000000,1,0,0.0,0.5
799.2000,  1.00000000,1,0,0.025000000000000001,0.5
799.2333,  1.00000000,1,0,0.0,0.5
799.2667,  1.00000000,1,0,0.0,0.5
799.3000,  1.00000000,1,0,0.050000000000000003,0.5
799.3333,  1.00000000,1,0,0.050000000000000003,0.5
799.3667,  1.00000000,1,0,0.025000000000000001,0.5
799.4000,  1.00000000,1,0,0.0,0.5
799.4333,  1.00000000,1,0,0.050000000000000003,0.5
799.4667,  1.00000000,1,0,0.025000000000000001,0.5
799.5000,  1.00000000,1,0,0.025000000000000001,0.5
799.5333,  1.00000000,1,0,0.025000000000000001,0.5
799.5667,  1.00000000,1,0,0.050000000000000003,0.5
799.6000,  1.00000000,1,0,0.0,0.5
799.6333,  1.00000000,1,0,0.025000000000000001,0.5
799.6667,  1.00000000,1,0,0.050000000000000003,0.5
799.7000,  1.00000000,1,0,0.025000000000000001,0.5
799.7333,  1.00000000,1,0,0.0,0.5
799.7667,  1.00000000,1,0,0.025000000000000001,0.5
799.8000,  1.00000000,1,0,0.050000000000000003,0.5
799.8333,  1.00000000,1,0,0.050000000000000003,0.5
799.8667,  1.00000000,1,0,0.050000000000000003,0.5
799.9000,  1.00000000,1,0,0.025000000000000001,0.5
799.9333,  1.00000000,1,0,0.025000000000000001,0.5
799.9667,  1.00000000,1,0,0.0,0.5
800.0000,  1.00000000,1,0,0.0,0.5
800.0333,  1.00000000,1,0,0.0,0.5
800.0667,  1.00000000,1,0,0.0,0.5
800.1000,  1.00000000,1,0,0.025000000000000001,0.5
800.1333,  1.00000000,1,0,0.050000000000000003,0.5
800.1667,  1.00000000,1,0,0.025000000000000001,0.5
800.2000,  1.00000000,1,0,0.025000000000000001,0.5
800.2333,  1.00000000,1,0,0.074999999999999997,0.5
800.2667,  1.00000000,1,0,0.025000000000000001,0.5
800.3000,  1.00000000,1,0,0.025000000000000001,0.5
800.3333,  1.00000000,1,0,0.0,0.5
800.3667,  1.00000000,1,0,0.0,0.5
800.4000,  1.00000000,1,0,0.0,0.5
800.4333,  1.00000000,1,0,0.0,0.5
800.4667,  1.00000000,1,0,0.050000000000000003,0.5
800.5000,  1.00000000,1,0,0.025000000000000001,0.5
800.5333,  1.00000000,1,0,0.025000000000000001,0.5
800.5667,  1.00000000,1,0,0.0,0.5
800.6000,  1.00000000,1,0,0.0,0.5
800.6333,  1.00000000,1,0,0.050000000000000003,0.5
800.6667,  1.00000000,1,0,0.025000000000000001,0.5
800.7000,  1.00000000,1,0,0.025000000000000001,0.5
800.7333,  1.00000000,1,0,0.050000000000000003,0.5
800.7667,  1.00000000,1,0,0.0,0.5
800.8000,  1.00000000,1,0,0.0,0.5
800.8333,  1.00000000,1,0,0.0,0.5
800.8667,  1.00000000,1,0,0.050000000000000003,0.5
800.9000,  1.00000000,1,0,0.050000000000000003,0.5
800.9333,  1.00000000,1,0,0.0,0.5
800.9667,  1.00000000,1,0,0.050000000000000003,0.5
801.0000,  1.00000000,1,0,0.025000000000000001,0.5
801.0333,  1.00000000,1,0,0.0,0.5
801.0667,  1.00000000,1,0,0.025000000000000001,0.5
801.1000,  1.00000000,1,0,0.0,0.5
801.1333,  1.00000000,1,0,0.0,0.5
801.1667,  1.00000000,1,0,0.0,0.5
801.2000,  1.00000000,1,0,0.0,0.5
801.2333,  1.00000000,1,0,0.0,0.5
801.2667,  1.00000000,1,0,0.0,0.5
801.3000,  1.00000000,1,0,0.025000000000000001,0.5
801.3333,  1.00000000,1,0,0.0,0.5
801.3667,  1.00000000,1,0,0.0,0.5
801.4000,  1.00000000,1,0,0.074999999999999997,0.5
801.4333,  1.00000000,1,0,0.025000000000000001,0.5
801.4667,  1.00000000,1,0,0.025000000000000001,0.5
801.5000,  1.00000000,1,0,0.050000000000000003,0.5
801.5333,  1.00000000,1,0,0.025000000000000001,0.5
801.5667,  1.00000000,1,0,0.025000000000000001,0.5
801.6000,  1.00000000,1,0,0.0,0.5
801.6333,  1.00000000,1,0,0.050000000000000003,0.5
801.6667,  1.00000000,1,0,0.025000000000000001,0.5
801.7000,  1.00000000,1,0,0.025000000000000001,0.5
801.7333,  1.00000000,1,0,0.050000000000000003,0.5
801.7667,  1.00000000,1,0,0.050000000000000003,0.5
801.8000,  1.00000000,1,0,0.050000000000000003,0.5
801.8333,  1.00000000,1,0,0.050000000000000003,0.5
801.8667,  1.00000000,1,0,0.0,0.5
801.9000,  1.00000000,1,0,0.025000000000000001,0.5
801.9333,  1.00000000,1,0,0.050000000000000003,0.5
801.9667,  1.00000000,1,0,0.025000000000000001,0.5
802.0000,  1.00000000,1,0,0.050000000000000003,0.5
802.0333,  1.00000000,1,0,0.050000000000000003,0.5
802.0667,  1.00000000,1,0,0.0,0.5
802.1000,  1.00000000,1,0,0.025000000000000001,0.5
802.1333,  1.00000000,1,0,0.0,0.5
802.1667,  1.00000000,1,0,0.050000000000000003,0.5
802.2000,  1.00000000,1,0,0.050000000000000003,0.5
802.2333,  1.00000000,1,0,0.025000000000000001,0.5
802.2667,  1.00000000,1,0,0.025000000000000001,0.5
802.3000,  1.00000000,1,0,0.0,0.5
802.3333,  1.00000000,1,0,0.050000000000000003,0.5
802.3667,  1.00000000,1,0,0.025000000000000001,0.5
802.4000,  1.00000000,1,0,0.025000000000000001,0.5
802.4333,  1.00000000,1,0,0.025000000000000001,0.5
802.4667,  1.00000000,1,0,0.050000000000000003,0.5
802.5000,  1.00000000,1,0,0.025000000000000001,0.5
802.5333,  1.00000000,1,0,0.025000000000000001,0.5
802.5667,  1.00000000,1,0,0.025000000000000001,0.5
802.6000,  1.00000000,1,0,0.025000000000000001,0.5
802.6333,  1.00000000,1,0,0.025000000000000001,0.5
802.6667,  1.00000000,1,0,0.025000000000000001,0.5
802.7000,  1.00000000,1,0,0.050000000000000003,0.5
802.7333,  1.00000000,1,0,0.0,0.5
802.7667,  1.00000000,1,0,0.050000000000000003,0.5
802.8000,  1.00000000,1,0,0.025000000000000001,0.5
802.8333,  1.00000000,1,0,0.0,0.5
802.8667,  1.00000000,1,0,0.025000000000000001,0.5
802.9000,  1.00000000,1,0,0.0,0.5
802.9333,  1.00000000,1,0,0.0,0.5
802.9667,  1.00000000,1,0,0.0,0.5
803.0000,  1.00000000,1,0,0.0,0.5
803.0333,  1.00000000,1,0,0.0,0.5
803.0667,  1.00000000,1,0,0.0,0.5
803.1000,  1.00000000,1,0,0.0,0.5
803.1333,  1.00000000,1,0,0.025000000000000001,0.5
803.1667,  1.00000000,1,0,0.0,0.5
803.2000,  1.00000000,1,0,0.025000000000000001,0.5
803.2333,  1.00000000,1,0,0.0,0.5
803.2667,  1.00000000,1,0,0.025000000000000001,0.5
803.3000,  1.00000000,1,0,0.0,0.5
803.3333,  1.00000000,1,0,0.025000000000000001,0.5
803.3667,  1.00000000,1,0,0.0,0.5
803.4000,  1.00000000,1,0,0.025000000000000001,0.5
803.4333,  1.00000000,1,0,0.025000000000000001,0.5
803.4667,  1.00000000,1,0,0.0,0.5
803.5000,  1.00000000,1,0,0.025000000000000001,0.5
803.5333,  1.00000000,1,0,0.0,0.5
803.5667,  1.00000000,1,0,0.0,0.5
803.6000,  1.00000000,1,0,0.074999999999999997,0.5
803.6333,  1.00000000,1,0,0.025000000000000001,0.5
803.6667,  1.00000000,1,0,0.074999999999999997,0.5
803.7000,  1.00000000,1,0,0.025000000000000001,0.5
803.7333,  1.00000000,1,0,0.0,0.5
803.7667,  1.00000000,1,0,0.025000000000000001,0.5
803.8000,  1.00000000,1,0,0.0,0.5
803.8333,  1.00000000,1,0,0.0,0.5
803.8667,  1.00000000,1,0,0.0,0.5
803.9000,  1.00000000,1,0,0.0,0.5
803.9333,  1.00000000,1,0,0.025000000000000001,0.5
803.9667,  1.00000000,1,0,0.0,0.5
804.0000,  1.00000000,1,0,0.025000000000000001,0.5
804.0333,  1.00000000,1,0,0.025000000000000001,0.5
804.0667,  1.00000000,1,0,0.025000000000000001,0.5
804.1000,  1.00000000,1,0,0.0,0.5
804.1333,  1.00000000,1,0,0.0,0.5
804.1667,  1.00000000,1,0,0.050000000000000003,0.5
804.2000,  1.00000000,1,0,0.050000000000000003,0.5
804.2333,  1.00000000,1,0,0.025000000000000001,0.5
804.2667,  1.00000000,1,0,0.0,0.5
804.3000,  1.00000000,1,0,0.025000000000000001,0.5
804.3333,  1.00000000,1,0,0.025000000000000001,0.5
804.3667,  1.00000000,1,0,0.025000000000000001,0.5
804.4000,  1.00000000,1,0,0.025000000000000001,0.5
804.4333,  1.00000000,1,0,0.0,0.5
804.4667,  1.00000000,1,0,0.025000000000000001,0.5
804.5000,  1.00000000,1,0,0.025000000000000001,0.5
804.5333,  1.00000000,1,0,0.0,0.5
804.5667,  1.00000000,1,0,0.025000000000000001,0.5
804.6000,  1.00000000,1,0,0.025000000000000001,0.5
804.6333,  1.00000000,1,0,0.025000000000000001,0.5
804.6667,  1.00000000,1,0,0.025000000000000001,0.5
804.7000,  1.00000000,1,0,0.025000000000000001,0.5
804.7333,  1.00000000,1,0,0.025000000000000001,0.5
804.7667,  1.00000000,1,0,0.050000000000000003,0.5
804.8000,  1.00000000,1,0,0.025000000000000001,0.5
804.8333,  1.00000000,1,0,0.025000000000000001,0.5
804.8667,  1.00000000,1,0,0.0,0.5
804.9000,  1.00000000,1,0,0.025000000000000001,0.5
804.9333,  1.00000000,1,0,0.025000000000000001,0.5
804.9667,  1.00000000,1,0,0.0,0.5
805.0000,  1.00000000,1,0,0.025000000000000001,0.5
805.0333,  1.00000000,1,0,0.050000000000000003,0.5
805.0667,  1.00000000,1,0,0.0,0.5
805.1000,  1.00000000,1,0,0.0,0.5
805.1333,  1.00000000,1,0,0.0,0.5
805.1667,  1.00000000,1,0,0.0,0.5
805.2000,  1.00000000,1,0,0.0,0.5
805.2333,  1.00000000,1,0,0.025000000000000001,0.5
805.2667,  1.00000000,1,0,0.025000000000000001,0.5
805.3000,  1.00000000,1,0,0.025000000000000001,0.5
805.3333,  1.00000000,1,0,0.0,0.5
805.3667,  1.00000000,1,0,0.0,0.5
805.4000,  1.00000000,1,0,0.025000000000000001,0.5
805.4333,  1.00000000,1,0,0.025000000000000001,0.5
805.4667,  1.00000000,1,0,0.0,0.5
805.5000,  1.00000000,1,0,0.025000000000000001,0.5
805.5333,  1.00000000,1,0,0.025000000000000001,0.5
805.5667,  1.00000000,1,0,0.025000000000000001,0.5
805.6000,  1.00000000,1,0,0.0,0.5
805.6333,  1.00000000,1,0,0.025000000000000001,0.5
805.6667,  1.00000000,1,0,0.025000000000000001,0.5
805.7000,  1.00000000,1,0,0.025000000000000001,0.5
805.7333,  1.00000000,1,0,0.0,0.5
805.7667,  1.00000000,1,0,0.074999999999999997,0.5
805.8000,  1.00000000,1,0,0.050000000000000003,0.5
805.8333,  1.00000000,1,0,0.025000000000000001,0.5
805.8667,  1.00000000,1,0,0.025000000000000001,0.5
805.9000,  1.00000000,1,0,0.0,0.5
805.9333,  1.00000000,1,0,0.025000000000000001,0.5
805.9667,  1.00000000,1,0,0.025000000000000001,0.5
806.0000,  1.00000000,1,0,0.0,0.5
806.0333,  1.00000000,1,0,0.050000000000000003,0.5
806.0667,  1.00000000,1,0,0.050000000000000003,0.5
806.1000,  1.00000000,1,0,0.050000000000000003,0.5
806.1333,  1.00000000,1,0,0.025000000000000001,0.5
806.1667,  1.00000000,1,0,0.025000000000000001,0.5
806.2000,  1.00000000,1,0,0.074999999999999997,0.5
806.2333,  1.00000000,1,0,0.025000000000000001,0.5
806.2667,  1.00000000,1,0,0.025000000000000001,0.5
806.3000,  1.00000000,1,0,0.025000000000000001,0.5
806.3333,  1.00000000,1,0,0.025000000000000001,0.5
806.3667,  1.00000000,1,0,0.0,0.5
806.4000,  1.00000000,1,0,0.025000000000000001,0.5
806.4333,  1.00000000,1,0,0.025000000000000001,0.5
806.4667,  1.00000000,1,0,0.025000000000000001,0.5
806.5000,  1.00000000,1,0,0.0,0.5
806.5333,  1.00000000,1,0,0.0,0.5
806.5667,  1.00000000,1,0,0.0,0.5
806.6000,  1.00000000,1,0,0.025000000000000001,0.5
806.6333,  1.00000000,1,0,0.025000000000000001,0.5
806.6667,  1.00000000,1,0,0.050000000000000003,0.5
806.7000,  1.00000000,1,0,0.025000000000000001,0.5
806.7333,  1.00000000,1,0,0.0,0.5
806.7667,  1.00000000,1,0,0.0,0.5
806.8000,  1.00000000,1,0,0.025000000000000001,0.5
806.8333,  1.00000000,1,0,0.025000000000000001,0.5
806.8667,  1.00000000,1,0,0.025000000000000001,0.5
806.9000,  1.00000000,1,0,0.0,0.5
806.9333,  1.00000000,1,0,0.025000000000000001,0.5
806.9667,  1.00000000,1,0,0.050000000000000003,0.5
807.0000,  1.00000000,1,0,0.025000000000000001,0.5
807.0333,  1.00000000,1,0,0.0,0.5
807.0667,  1.00000000,1,0,0.0,0.5
807.1000,  1.00000000,1,0,0.025000000000000001,0.5
807.1333,  1.00000000,1,0,0.025000000000000001,0.5
807.1667,  1.00000000,1,0,0.0,0.5
807.2000,  1.00000000,1,0,0.0,0.5
807.2333,  1.00000000,1,0,0.0,0.5
807.2667,  1.00000000,1,0,0.0,0.5
807.3000,  1.00000000,1,0,0.025000000000000001,0.5
807.3333,  1.00000000,1,0,0.0,0.5
807.3667,  1.00000000,1,0,0.0,0.5
807.4000,  1.00000000,1,0,0.0,0.5
807.4333,  1.00000000,1,0,0.025000000000000001,0.5
807.4667,  1.00000000,1,0,0.0,0.5
807.5000,  1.00000000,1,0,0.0,0.5
807.5333,  1.00000000,1,0,0.025000000000000001,0.5
807.5667,  1.00000000,1,0,0.025000000000000001,0.5
807.6000,  1.00000000,1,0,0.025000000000000001,0.5
807.6333,  1.00000000,1,0,0.0,0.5
807.6667,  1.00000000,1,0,0.0,0.5
807.7000,  1.00000000,1,0,0.0,0.5
807.7333,  1.00000000,1,0,0.050000000000000003,0.5
807.7667,  1.00000000,1,0,0.025000000000000001,0.5
807.8000,  1.00000000,1,0,0.0,0.5
807.8333,  1.00000000,1,0,0.0,0.5
807.8667,  1.00000000,1,0,0.025000000000000001,0.5
807.9000,  1.00000000,1,0,0.0,0.5
807.9333,  1.00000000,1,0,0.0,0.5
807.9667,  1.00000000,1,0,0.025000000000000001,0.5
808.0000,  1.00000000,1,0,0.0,0.5
808.0333,  1.00000000,1,0,0.0,0.5
808.0667,  1.00000000,1,0,0.050000000000000003,0.5
808.1000,  1.00000000,1,0,0.025000000000000001,0.5
808.1333,  1.00000000,1,0,0.025000000000000001,0.5
808.1667,  1.00000000,1,0,0.0,0.5
808.2000,  1.00000000,1,0,0.025000000000000001,0.5
808.2333,  1.00000000,1,0,0.0,0.5
808.2667,  1.00000000,1,0,0.025000000000000001,0.5
808.3000,  1.00000000,1,0,0.050000000000000003,0.5
808.3333,  1.00000000,1,0,0.025000000000000001,0.5
808.3667,  1.00000000,1,0,0.025000000000000001,0.5
808.4000,  1.00000000,1,0,0.025000000000000001,0.5
808.4333,  1.00000000,1,0,0.0,0.5
808.4667,  1.00000000,1,0,0.0,0.5
808.5000,  1.00000000,1,0,0.0,0.5
808.5333,  1.00000000,1,0,0.025000000000000001,0.5
808.5667,  1.00000000,1,0,0.025000000000000001,0.5
808.6000,  1.00000000,1,0,0.025000000000000001,0.5
808.6333,  1.00000000,1,0,0.074999999999999997,0.5
808.6667,  1.00000000,1,0,0.025000000000000001,0.5
808.7000,  1.00000000,1,0,0.025000000000000001,0.5
808.7333,  1.00000000,1,0,0.0,0.5
808.7667,  1.00000000,1,0,0.0,0.5
808.8000,  1.00000000,1,0,0.025000000000000001,0.5
808.8333,  1.00000000,1,0,0.074999999999999997,0.5
808.8667,  1.00000000,1,0,0.0,0.5
808.9000,  1.00000000,1,0,0.074999999999999997,0.5
808.9333,  1.00000000,1,0,0.025000000000000001,0.5
808.9667,  1.00000000,1,0,0.025000000000000001,0.5
809.0000,  1.00000000,1,0,0.050000000000000003,0.5
809.0333,  1.00000000,1,0,0.025000000000000001,0.5
809.0667,  1.00000000,1,0,0.025000000000000001,0.5
809.1000,  1.00000000,1,0,0.025000000000000001,0.5
809.1333,  1.00000000,1,0,0.0,0.5
809.1667,  1.00000000,1,0,0.050000000000000003,0.5
809.2000,  1.00000000,1,0,0.0,0.5
809.2333,  1.00000000,1,0,0.025000000000000001,0.5
809.2667,  1.00000000,1,0,0.025000000000000001,0.5
809.3000,  1.00000000,1,0,0.025000000000000001,0.5
809.3333,  1.00000000,1,0,0.0,0.5
809.3667,  1.00000000,1,0,0.0,0.5
809.4000,  1.00000000,1,0,0.0,0.5
809.4333,  1.00000000,1,0,0.025000000000000001,0.5
809.4667,  1.00000000,1,0,0.025000000000000001,0.5
809.5000,  1.00000000,1,0,0.0,0.5
809.5333,  1.00000000,1,0,0.050000000000000003,0.5
809.5667,  1.00000000,1,0,0.050000000000000003,0.5
809.6000,  1.00000000,1,0,0.050000000000000003,0.5
809.6333,  1.00000000,1,0,0.0,0.5
809.6667,  1.00000000,1,0,0.0,0.5
809.7000,  1.00000000,1,0,0.0,0.5
809.7333,  1.00000000,1,0,0.0,0.5
809.7667,  1.00000000,1,0,0.025000000000000001,0.5
809.8000,  1.00000000,1,0,0.050000000000000003,0.5
809.8333,  1.00000000,1,0,0.025000000000000001,0.5
809.8667,  1.00000000,1,0,0.025000000000000001,0.5
809.9000,  1.00000000,1,0,0.025000000000000001,0.5
809.9333,  1.00000000,1,0,0.0,0.5
809.9667,  1.00000000,1,0,0.025000000000000001,0.5
810.0000,  1.00000000,1,0,0.025000000000000001,0.5
810.0333,  1.00000000,1,0,0.025000000000000001,0.5
810.0667,  1.00000000,1,0,0.0,0.5
810.1000,  1.00000000,1,0,0.025000000000000001,0.5
810.1333,  1.00000000,1,0,0.025000000000000001,0.5
810.1667,  1.00000000,1,0,0.0,0.5
810.2000,  1.00000000,1,0,0.0,0.5
810.2333,  1.00000000,1,0,0.025000000000000001,0.5
810.2667,  1.00000000,1,0,0.0,0.5
810.3000,  1.00000000,1,0,0.050000000000000003,0.5
810.3333,  1.00000000,1,0,0.0,0.5
810.3667,  1.00000000,1,0,0.0,0.5
810.4000,  1.00000000,1,0,0.025000000000000001,0.5
810.4333,  1.00000000,1,0,0.025000000000000001,0.5
810.4667,  1.00000000,1,0,0.025000000000000001,0.5
810.5000,  1.00000000,1,0,0.025000000000000001,0.5
810.5333,  1.00000000,1,0,0.0,0.5
810.5667,  1.00000000,1,0,0.025000000000000001,0.5
810.6000,  1.00000000,1,0,0.025000000000000001,0.5
810.6333,  1.00000000,1,0,0.025000000000000001,0.5
810.6667,  1.00000000,1,0,0.050000000000000003,0.5
810.7000,  1.00000000,1,0,0.025000000000000001,0.5
810.7333,  1.00000000,1,0,0.025000000000000001,0.5
810.7667,  1.00000000,1,0,0.050000000000000003,0.5
810.8000,  1.00000000,1,0,0.0,0.5
810.8333,  1.00000000,1,0,0.025000000000000001,0.5
810.8667,  1.00000000,1,0,0.050000000000000003,0.5
810.9000,  1.00000000,1,0,0.0,0.5
810.9333,  1.00000000,1,0,0.025000000000000001,0.5
810.9667,  1.00000000,1,0,0.050000000000000003,0.5
811.0000,  1.00000000,1,0,0.0,0.5
811.0333,  1.00000000,1,0,0.0,0.5
811.0667,  1.00000000,1,0,0.0,0.5
811.1000,  1.00000000,1,0,0.025000000000000001,0.5
811.1333,  1.00000000,1,0,0.025000000000000001,0.5
811.1667,  1.00000000,1,0,0.0,0.5
811.2000,  1.00000000,1,0,0.025000000000000001,0.5
811.2333,  1.00000000,1,0,0.025000000000000001,0.5
811.2667,  1.00000000,1,0,0.025000000000000001,0.5
811.3000,  1.00000000,1,0,0.0,0.5
811.3333,  1.00000000,1,0,0.0,0.5
811.3667,  1.00000000,1,0,0.0,0.5
811.4000,  1.00000000,1,0,0.050000000000000003,0.5
811.4333,  1.00000000,1,0,0.025000000000000001,0.5
811.4667,  1.00000000,1,0,0.025000000000000001,0.5
811.5000,  1.00000000,1,0,0.0,0.5
811.5333,  1.00000000,1,0,0.025000000000000001,0.5
811.5667,  1.00000000,1,0,0.025000000000000001,0.5
811.6000,  1.00000000,1,0,0.025000000000000001,0.5
811.6333,  1.00000000,1,0,0.025000000000000001,0.5
811.6667,  1.00000000,1,0,0.025000000000000001,0.5
811.7000,  1.00000000,1,0,0.0,0.5
811.7333,  1.00000000,1,0,0.025000000000000001,0.5
811.7667,  1.00000000,1,0,0.050000000000000003,0.5
811.8000,  1.00000000,1,0,0.0,0.5
811.8333,  1.00000000,1,0,0.074999999999999997,0.5
811.8667,  1.00000000,1,0,0.0,0.5
811.9000,  1.00000000,1,0,0.025000000000000001,0.5
811.9333,  1.00000000,1,0,0.0,0.5
811.9667,  1.00000000,1,0,0.025000000000000001,0.5
812.0000,  1.00000000,1,0,0.025000000000000001,0.5
812.0333,  1.00000000,1,0,0.050000000000000003,0.5
812.0667,  1.00000000,1,0,0.0,0.5
812.1000,  1.00000000,1,0,0.0,0.5
812.1333,  1.00000000,1,0,0.025000000000000001,0.5
812.1667,  1.00000000,1,0,0.050000000000000003,0.5
812.2000,  1.00000000,1,0,0.0,0.5
812.2333,  1.00000000,1,0,0.050000000000000003,0.5
812.2667,  1.00000000,1,0,0.025000000000000001,0.5
812.3000,  1.00000000,1,0,0.025000000000000001,0.5
812.3333,  1.00000000,1,0,0.0,0.5
812.3667,  1.00000000,1,0,0.025000000000000001,0.5
812.4000,  1.00000000,1,0,0.050000000000000003,0.5
812.4333,  1.00000000,1,0,0.025000000000000001,0.5
812.4667,  1.00000000,1,0,0.074999999999999997,0.5
812.5000,  1.00000000,1,0,0.0,0.5
812.5333,  1.00000000,1,0,0.0,0.5
812.5667,  1.00000000,1,0,0.0,0.5
812.6000,  1.00000000,1,0,0.025000000000000001,0.5
812.6333,  1.00000000,1,0,0.025000000000000001,0.5
812.6667,  1.00000000,1,0,0.025000000000000001,0.5
812.7000,  1.00000000,1,0,0.0,0.5
812.7333,  1.00000000,1,0,0.050000000000000003,0.5
812.7667,  1.00000000,1,0,0.025000000000000001,0.5
812.8000,  1.00000000,1,0,0.0,0.5
812.8333,  1.00000000,1,0,0.074999999999999997,0.5
812.8667,  1.00000000,1,0,0.025000000000000001,0.5
812.9000,  1.00000000,1,0,0.025000000000000001,0.5
812.9333,  1.00000000,1,0,0.050000000000000003,0.5
812.9667,  1.00000000,1,0,0.0,0.5
813.0000,  1.00000000,1,0,0.050000000000000003,0.5
813.0333,  1.00000000,1,0,0.025000000000000001,0.5
813.0667,  1.00000000,1,0,0.050000000000000003,0.5
813.1000,  1.00000000,1,0,0.025000000000000001,0.5
813.1333,  1.00000000,1,0,0.025000000000000001,0.5
813.1667,  1.00000000,1,0,0.050000000000000003,0.5
813.2000,  1.00000000,1,0,0.0,0.5
813.2333,  1.00000000,1,0,0.025000000000000001,0.5
813.2667,  1.00000000,1,0,0.074999999999999997,0.5
813.3000,  1.00000000,1,0,0.025000000000000001,0.5
813.3333,  1.00000000,1,0,0.025000000000000001,0.5
813.3667,  1.00000000,1,0,0.025000000000000001,0.5
813.4000,  1.00000000,1,0,0.0,0.5
813.4333,  1.00000000,1,0,0.0,0.5
813.4667,  1.00000000,1,0,0.025000000000000001,0.5
813.5000,  1.00000000,1,0,0.025000000000000001,0.5
813.5333,  1.00000000,1,0,0.025000000000000001,0.5
813.5667,  1.00000000,1,0,0.050000000000000003,0.5
813.6000,  1.00000000,1,0,0.025000000000000001,0.5
813.6333,  1.00000000,1,0,0.050000000000000003,0.5
813.6667,  1.00000000,1,0,0.025000000000000001,0.5
813.7000,  1.00000000,1,0,0.025000000000000001,0.5
813.7333,  1.00000000,1,0,0.025000000000000001,0.5
813.7667,  1.00000000,1,0,0.025000000000000001,0.5
813.8000,  1.00000000,1,0,0.050000000000000003,0.5
813.8333,  1.00000000,1,0,0.0,0.5
813.8667,  1.00000000,1,0,0.025000000000000001,0.5
813.9000,  1.00000000,1,0,0.074999999999999997,0.5
813.9333,  1.00000000,1,0,0.050000000000000003,0.5
813.9667,  1.00000000,1,0,0.025000000000000001,0.5
814.0000,  1.00000000,1,0,0.0,0.5
814.0333,  1.00000000,1,0,0.050000000000000003,0.5
814.0667,  1.00000000,1,0,0.025000000000000001,0.5
814.1000,  1.00000000,1,0,0.050000000000000003,0.5
814.1333,  1.00000000,1,0,0.025000000000000001,0.5
814.1667,  1.00000000,1,0,0.0,0.5
814.2000,  1.00000000,1,0,0.050000000000000003,0.5
814.2333,  1.00000000,1,0,0.025000000000000001,0.5
814.2667,  1.00000000,1,0,0.025000000000000001,0.5
814.3000,  1.00000000,1,0,0.025000000000000001,0.5
814.3333,  1.00000000,1,0,0.025000000000000001,0.5
814.3667,  1.00000000,1,0,0.050000000000000003,0.5
814.4000,  1.00000000,1,0,0.025000000000000001,0.5
814.4333,  1.00000000,1,0,0.025000000000000001,0.5
814.4667,  1.00000000,1,0,0.025000000000000001,0.5
814.5000,  1.00000000,1,0,0.050000000000000003,0.5
814.5333,  1.00000000,1,0,0.025000000000000001,0.5
814.5667,  1.00000000,1,0,0.0,0.5
814.6000,  1.00000000,1,0,0.050000000000000003,0.5
814.6333,  1.00000000,1,0,0.0,0.5
814.6667,  1.00000000,1,0,0.025000000000000001,0.5
814.7000,  1.00000000,1,0,0.0,0.5
814.7333,  1.00000000,1,0,0.050000000000000003,0.5
814.7667,  1.00000000,1,0,0.025000000000000001,0.5
814.8000,  1.00000000,1,0,0.025000000000000001,0.5
814.8333,  1.00000000,1,0,0.050000000000000003,0.5
814.8667,  1.00000000,1,0,0.025000000000000001,0.5
814.9000,  1.00000000,1,0,0.050000000000000003,0.5
814.9333,  1.00000000,1,0,0.050000000000000003,0.5
814.9667,  1.00000000,1,0,0.025000000000000001,0.5
815.0000,  1.00000000,1,0,0.025000000000000001,0.5
815.0333,  1.00000000,1,0,0.025000000000000001,0.5
815.0667,  1.00000000,1,0,0.0,0.5
815.1000,  1.00000000,1,0,0.025000000000000001,0.5
815.1333,  1.00000000,1,0,0.050000000000000003,0.5
815.1667,  1.00000000,1,0,0.025000000000000001,0.5
815.2000,  1.00000000,1,0,0.0,0.5
815.2333,  1.00000000,1,0,0.025000000000000001,0.5
815.2667,  1.00000000,1,0,0.025000000000000001,0.5
815.3000,  1.00000000,1,0,0.025000000000000001,0.5
815.3333,  1.00000000,1,0,0.025000000000000001,0.5
815.3667,  1.00000000,1,0,0.025000000000000001,0.5
815.4000,  1.00000000,1,0,0.025000000000000001,0.5
815.4333,  1.00000000,1,0,0.050000000000000003,0.5
815.4667,  1.00000000,1,0,0.025000000000000001,0.5
815.5000,  1.00000000,1,0,0.025000000000000001,0.5
815.5333,  1.00000000,1,0,0.074999999999999997,0.5
815.5667,  1.00000000,1,0,0.0,0.5
815.6000,  1.00000000,1,0,0.025000000000000001,0.5
815.6333,  1.00000000,1,0,0.025000000000000001,0.5
815.6667,  1.00000000,1,0,0.050000000000000003,0.5
815.7000,  1.00000000,1,0,0.025000000000000001,0.5
815.7333,  1.00000000,1,0,0.025000000000000001,0.5
815.7667,  1.00000000,1,0,0.0,0.5
815.8000,  1.00000000,1,0,0.025000000000000001,0.5
815.8333,  1.00000000,1,0,0.025000000000000001,0.5
815.8667,  1.00000000,1,0,0.0,0.5
815.9000,  1.00000000,1,0,0.050000000000000003,0.5
815.9333,  1.00000000,1,0,0.0,0.5
815.9667,  1.00000000,1,0,0.0,0.5
816.0000,  1.00000000,1,0,0.025000000000000001,0.5
816.0333,  1.00000000,1,0,0.0,0.5
816.0667,  1.00000000,1,0,0.050000000000000003,0.5
816.1000,  1.00000000,1,0,0.025000000000000001,0.5
816.1333,  1.00000000,1,0,0.025000000000000001,0.5
816.1667,  1.00000000,1,0,0.050000000000000003,0.5
816.2000,  1.00000000,1,0,0.0,0.5
816.2333,  1.00000000,1,0,0.025000000000000001,0.5
816.2667,  1.00000000,1,0,0.0,0.5
816.3000,  1.00000000,1,0,0.025000000000000001,0.5
816.3333,  1.00000000,1,0,0.025000000000000001,0.5
816.3667,  1.00000000,1,0,0.0,0.5
816.4000,  1.00000000,1,0,0.0,0.5
816.4333,  1.00000000,1,0,0.0,0.5
816.4667,  1.00000000,1,0,0.0,0.5
816.5000,  1.00000000,1,0,0.025000000000000001,0.5
816.5333,  1.00000000,1,0,0.0,0.5
816.5667,  1.00000000,1,0,0.025000000000000001,0.5
816.6000,  1.00000000,1,0,0.025000000000000001,0.5
816.6333,  1.00000000,1,0,0.025000000000000001,0.5
816.6667,  1.00000000,1,0,0.025000000000000001,0.5
816.7000,  1.00000000,1,0,0.0,0.5
816.7333,  1.00000000,1,0,0.0,0.5
816.7667,  1.00000000,1,0,0.050000000000000003,0.5
816.8000,  1.00000000,1,0,0.025000000000000001,0.5
816.8333,  1.00000000,1,0,0.0,0.5
816.8667,  1.00000000,1,0,0.0,0.5
816.9000,  1.00000000,1,0,0.074999999999999997,0.5
816.9333,  1.00000000,1,0,0.050000000000000003,0.5
816.9667,  1.00000000,1,0,0.074999999999999997,0.5
817.0000,  1.00000000,1,0,0.050000000000000003,0.5
817.0333,  1.00000000,1,0,0.0,0.5
817.0667,  1.00000000,1,0,0.025000000000000001,0.5
817.1000,  1.00000000,1,0,0.050000000000000003,0.5
817.1333,  1.00000000,1,0,0.050000000000000003,0.5
817.1667,  1.00000000,1,0,0.050000000000000003,0.5
817.2000,  1.00000000,1,0,0.025000000000000001,0.5
817.2333,  1.00000000,1,0,0.025000000000000001,0.5
817.2667,  1.00000000,1,0,0.074999999999999997,0.5
817.3000,  1.00000000,1,0,0.025000000000000001,0.5
817.3333,  1.00000000,1,0,0.0,0.5
817.3667,  1.00000000,1,0,0.025000000000000001,0.5
817.4000,  1.00000000,1,0,0.050000000000000003,0.5
817.4333,  1.00000000,1,0,0.025000000000000001,0.5
817.4667,  1.00000000,1,0,0.050000000000000003,0.5
817.5000,  1.00000000,1,0,0.0,0.5
817.5333,  1.00000000,1,0,0.025000000000000001,0.5
817.5667,  1.00000000,1,0,0.0,0.5
817.6000,  1.00000000,1,0,0.050000000000000003,0.5
817.6333,  1.00000000,1,0,0.025000000000000001,0.5
817.6667,  1.00000000,1,0,0.025000000000000001,0.5
817.7000,  1.00000000,1,0,0.025000000000000001,0.5
817.7333,  1.00000000,1,0,0.025000000000000001,0.5
817.7667,  1.00000000,1,0,0.0,0.5
817.8000,  1.00000000,1,0,0.0,0.5
817.8333,  1.00000000,1,0,0.0,0.5
817.8667,  1.00000000,1,0,0.0,0.5
817.9000,  1.00000000,1,0,0.025000000000000001,0.5
817.9333,  1.00000000,1,0,0.050000000000000003,0.5
817.9667,  1.00000000,1,0,0.025000000000000001,0.5
818.0000,  1.00000000,1,0,0.025000000000000001,0.5
818.0333,  1.00000000,1,0,0.025000000000000001,0.5
818.0667,  1.00000000,1,0,0.025000000000000001,0.5
818.1000,  1.00000000,1,0,0.0,0.5
818.1333,  1.00000000,1,0,0.025000000000000001,0.5
818.1667,  1.00000000,1,0,0.025000000000000001,0.5
818.2000,  1.00000000,1,0,0.050000000000000003,0.5
818.2333,  1.00000000,1,0,0.025000000000000001,0.5
818.2667,  1.00000000,1,0,0.074999999999999997,0.5
818.3000,  1.00000000,1,0,0.0,0.5
818.3333,  1.00000000,1,0,0.025000000000000001,0.5
818.3667,  1.00000000,1,0,0.050000000000000003,0.5
818.4000,  1.00000000,1,0,0.025000000000000001,0.5
818.4333,  1.00000000,1,0,0.050000000000000003,0.5
818.4667,  1.00000000,1,0,0.025000000000000001,0.5
818.5000,  1.00000000,1,0,0.050000000000000003,0.5
818.5333,  1.00000000,1,0,0.050000000000000003,0.5
818.5667,  1.00000000,1,0,0.025000000000000001,0.5
818.6000,  1.00000000,1,0,0.050000000000000003,0.5
818.6333,  1.00000000,1,0,0.025000000000000001,0.5
818.6667,  1.00000000,1,0,0.025000000000000001,0.5
818.7000,  1.00000000,1,0,0.025000000000000001,0.5
818.7333,  1.00000000,1,0,0.0,0.5
818.7667,  1.00000000,1,0,0.074999999999999997,0.5
818.8000,  1.00000000,1,0,0.074999999999999997,0.5
818.8333,  1.00000000,1,0,0.050000000000000003,0.5
818.8667,  1.00000000,1,0,0.025000000000000001,0.5
818.9000,  1.00000000,1,0,0.0,0.5
818.9333,  1.00000000,1,0,0.050000000000000003,0.5
818.9667,  1.00000000,1,0,0.025000000000000001,0.5
819.0000,  1.00000000,1,0,0.025000000000000001,0.5
819.0333,  1.00000000,1,0,0.0,0.5
819.0667,  1.00000000,1,0,0.0,0.5
819.1000,  1.00000000,1,0,0.050000000000000003,0.5
819.1333,  1.00000000,1,0,0.0,0.5
819.1667,  1.00000000,1,0,0.0,0.5
819.2000,  1.00000000,1,0,0.050000000000000003,0.5
819.2333,  1.00000000,1,0,0.050000000000000003,0.5
819.2667,  1.00000000,1,0,0.0,0.5
819.3000,  1.00000000,1,0,0.050000000000000003,0.5
819.3333,  1.00000000,1,0,0.025000000000000001,0.5
819.3667,  1.00000000,1,0,0.0,0.5
819.4000,  1.00000000,1,0,0.0,0.5
819.4333,  1.00000000,1,0,0.0,0.5
819.4667,  1.00000000,1,0,0.0,0.5
819.5000,  1.00000000,1,0,0.0,0.5
819.5333,  1.00000000,1,0,0.025000000000000001,0.5
819.5667,  1.00000000,1,0,0.050000000000000003,0.5
819.6000,  1.00000000,1,0,0.025000000000000001,0.5
819.6333,  1.00000000,1,0,0.025000000000000001,0.5
819.6667,  1.00000000,1,0,0.025000000000000001,0.5
819.7000,  1.00000000,1,0,0.025000000000000001,0.5
819.7333,  1.00000000,1,0,0.0,0.5
819.7667,  1.00000000,1,0,0.0,0.5
819.8000,  1.00000000,1,0,0.0,0.5
819.8333,  1.00000000,1,0,0.025000000000000001,0.5
819.8667,  1.00000000,1,0,0.0,0.5
819.9000,  1.00000000,1,0,0.025000000000000001,0.5
819.9333,  1.00000000,1,0,0.025000000000000001,0.5
819.9667,  1.00000000,1,0,0.0,0.5
820.0000,  1.00000000,1,0,0.0,0.5
820.0333,  1.00000000,1,0,0.025000000000000001,0.5
820.0667,  1.00000000,1,0,0.050000000000000003,0.5
820.1000,  1.00000000,1,0,0.0,0.5
820.1333,  1.00000000,1,0,0.025000000000000001,0.5
820.1667,  1.00000000,1,0,0.0,0.5
820.2000,  1.00000000,1,0,0.0,0.5
820.2333,  1.00000000,1,0,0.0,0.5
820.2667,  1.00000000,1,0,0.025000000000000001,0.5
820.3000,  1.00000000,1,0,0.0,0.5
820.3333,  1.00000000,1,0,0.025000000000000001,0.5
820.3667,  1.00000000,1,0,0.0,0.5
820.4000,  1.00000000,1,0,0.0,0.5
820.4333,  1.00000000,1,0,0.025000000000000001,0.5
820.4667,  1.00000000,1,0,0.0,0.5
820.5000,  1.00000000,1,0,0.0,0.5
820.5333,  1.00000000,1,0,0.025000000000000001,0.5
820.5667,  1.00000000,1,0,0.025000000000000001,0.5
820.6000,  1.00000000,1,0,0.025000000000000001,0.5
820.6333,  1.00000000,1,0,0.025000000000000001,0.5
820.6667,  1.00000000,1,0,0.025000000000000001,0.5
820.7000,  1.00000000,1,0,0.0,0.5
820.7333,  1.00000000,1,0,0.050000000000000003,0.5
820.7667,  1.00000000,1,0,0.050000000000000003,0.5
820.8000,  1.00000000,1,0,0.0,0.5
820.8333,  1.00000000,1,0,0.050000000000000003,0.5
820.8667,  1.00000000,1,0,0.0,0.5
820.9000,  1.00000000,1,0,0.025000000000000001,0.5
820.9333,  1.00000000,1,0,0.0,0.5
820.9667,  1.00000000,1,0,0.0,0.5
821.0000,  1.00000000,1,0,0.0,0.5
821.0333,  1.00000000,1,0,0.025000000000000001,0.5
821.0667,  1.00000000,1,0,0.0,0.5
821.1000,  1.00000000,1,0,0.025000000000000001,0.5
821.1333,  1.00000000,1,0,0.025000000000000001,0.5
821.1667,  1.00000000,1,0,0.025000000000000001,0.5
821.2000,  1.00000000,1,0,0.025000000000000001,0.5
821.2333,  1.00000000,1,0,0.0,0.5
821.2667,  1.00000000,1,0,0.025000000000000001,0.5
821.3000,  1.00000000,1,0,0.0,0.5
821.3333,  1.00000000,1,0,0.050000000000000003,0.5
821.3667,  1.00000000,1,0,0.0,0.5
821.4000,  1.00000000,1,0,0.0,0.5
821.4333,  1.00000000,1,0,0.025000000000000001,0.5
821.4667,  1.00000000,1,0,0.0,0.5
821.5000,  1.00000000,1,0,0.025000000000000001,0.5
821.5333,  1.00000000,1,0,0.025000000000000001,0.5
821.5667,  1.00000000,1,0,0.025000000000000001,0.5
821.6000,  1.00000000,1,0,0.025000000000000001,0.5
821.6333,  1.00000000,1,0,0.0,0.5
821.6667,  1.00000000,1,0,0.0,0.5
821.7000,  1.00000000,1,0,0.050000000000000003,0.5
821.7333,  1.00000000,1,0,0.050000000000000003,0.5
821.7667,  1.00000000,1,0,0.0,0.5
821.8000,  1.00000000,1,0,0.0,0.5
821.8333,  1.00000000,1,0,0.050000000000000003,0.5
821.8667,  1.00000000,1,0,0.025000000000000001,0.5
821.9000,  1.00000000,1,0,0.025000000000000001,0.5
821.9333,  1.00000000,1,0,0.025000000000000001,0.5
821.9667,  1.00000000,1,0,0.025000000000000001,0.5
822.0000,  1.00000000,1,0,0.0,0.5
822.0333,  1.00000000,1,0,0.025000000000000001,0.5
822.0667,  1.00000000,1,0,0.025000000000000001,0.5
822.1000,  1.00000000,1,0,0.050000000000000003,0.5
822.1333,  1.00000000,1,0,0.025000000000000001,0.5
822.1667,  1.00000000,1,0,0.025000000000000001,0.5
822.2000,  1.00000000,1,0,0.025000000000000001,0.5
822.2333,  1.00000000,1,0,0.025000000000000001,0.5
822.2667,  1.00000000,1,0,0.0,0.5
822.3000,  1.00000000,1,0,0.025000000000000001,0.5
822.3333,  1.00000000,1,0,0.0,0.5
822.3667,  1.00000000,1,0,0.0,0.5
822.4000,  1.00000000,1,0,0.0,0.5
822.4333,  1.00000000,1,0,0.025000000000000001,0.5
822.4667,  1.00000000,1,0,0.0,0.5
822.5000,  1.00000000,1,0,0.025000000000000001,0.5
822.5333,  1.00000000,1,0,0.0,0.5
822.5667,  1.00000000,1,0,0.0,0.5
822.6000,  1.00000000,1,0,0.0,0.5
822.6333,  1.00000000,1,0,0.025000000000000001,0.5
822.6667,  1.00000000,1,0,0.0,0.5
822.7000,  1.00000000,1,0,0.025000000000000001,0.5
822.7333,  1.00000000,1,0,0.0,0.5
822.7667,  1.00000000,1,0,0.0,0.5
822.8000,  1.00000000,1,0,0.050000000000000003,0.5
822.8333,  1.00000000,1,0,0.025000000000000001,0.5
822.8667,  1.00000000,1,0,0.0,0.5
822.9000,  1.00000000,1,0,0.0,0.5
822.9333,  1.00000000,1,0,0.074999999999999997,0.5
822.9667,  1.00000000,1,0,0.0,0.5
823.0000,  1.00000000,1,0,0.0,0.5
823.0333,  1.00000000,1,0,0.025000000000000001,0.5
823.0667,  1.00000000,1,0,0.050000000000000003,0.5
823.1000,  1.00000000,1,0,0.0,0.5
823.1333,  1.00000000,1,0,0.0,0.5
823.1667,  1.00000000,1,0,0.025000000000000001,0.5
823.2000,  1.00000000,1,0,0.050000000000000003,0.5
823.2333,  1.00000000,1,0,0.025000000000000001,0.5
823.2667,  1.00000000,1,0,0.050000000000000003,0.5
823.3000,  1.00000000,1,0,0.0,0.5
823.3333,  1.00000000,1,0,0.0,0.5
823.3667,  1.00000000,1,0,0.025000000000000001,0.5
823.4000,  1.00000000,1,0,0.050000000000000003,0.5
823.4333,  1.00000000,1,0,0.025000000000000001,0.5
823.4667,  1.00000000,1,0,0.025000000000000001,0.5
823.5000,  1.00000000,1,0,0.025000000000000001,0.5
823.5333,  1.00000000,1,0,0.0,0.5
823.5667,  1.00000000,1,0,0.0,0.5
823.6000,  1.00000000,1,0,0.025000000000000001,0.5
823.6333,  1.00000000,1,0,0.025000000000000001,0.5
823.6667,  1.00000000,1,0,0.025000000000000001,0.5
823.7000,  1.00000000,1,0,0.0,0.5
823.7333,  1.00000000,1,0,0.025000000000000001,0.5
823.7667,  1.00000000,1,0,0.025000000000000001,0.5
823.8000,  1.00000000,1,0,0.050000000000000003,0.5
823.8333,  1.00000000,1,0,0.025000000000000001,0.5
823.8667,  1.00000000,1,0,0.025000000000000001,0.5
823.9000,  1.00000000,1,0,0.050000000000000003,0.5
823.9333,  1.00000000,1,0,0.025000000000000001,0.5
823.9667,  1.00000000,1,0,0.050000000000000003,0.5
824.0000,  1.00000000,1,0,0.074999999999999997,0.5
824.0333,  1.00000000,1,0,0.050000000000000003,0.5
824.0667,  1.00000000,1,0,0.050000000000000003,0.5
824.1000,  1.00000000,1,0,0.025000000000000001,0.5
824.1333,  1.00000000,1,0,0.0,0.5
824.1667,  1.00000000,1,0,0.025000000000000001,0.5
824.2000,  1.00000000,1,0,0.025000000000000001,0.5
824.2333,  1.00000000,1,0,0.025000000000000001,0.5
824.2667,  1.00000000,1,0,0.050000000000000003,0.5
824.3000,  1.00000000,1,0,0.050000000000000003,0.5
824.3333,  1.00000000,1,0,0.025000000000000001,0.5
824.3667,  1.00000000,1,0,0.0,0.5
824.4000,  1.00000000,1,0,0.025000000000000001,0.5
824.4333,  1.00000000,1,0,0.050000000000000003,0.5
824.4667,  1.00000000,1,0,0.025000000000000001,0.5
824.5000,  1.00000000,1,0,0.025000000000000001,0.5
824.5333,  1.00000000,1,0,0.025000000000000001,0.5
824.5667,  1.00000000,1,0,0.025000000000000001,0.5
824.6000,  1.00000000,1,0,0.0,0.5
824.6333,  1.00000000,1,0,0.025000000000000001,0.5
824.6667,  1.00000000,1,0,0.050000000000000003,0.5
824.7000,  1.00000000,1,0,0.025000000000000001,0.5
824.7333,  1.00000000,1,0,0.050000000000000003,0.5
824.7667,  1.00000000,1,0,0.025000000000000001,0.5
824.8000,  1.00000000,1,0,0.0,0.5
824.8333,  1.00000000,1,0,0.0,0.5
824.8667,  1.00000000,1,0,0.0,0.5
824.9000,  1.00000000,1,0,0.025000000000000001,0.5
824.9333,  1.00000000,1,0,0.0,0.5
824.9667,  1.00000000,1,0,0.0,0.5
825.0000,  1.00000000,1,0,0.025000000000000001,0.5
825.0333,  1.00000000,1,0,0.0,0.5
825.0667,  1.00000000,1,0,0.025000000000000001,0.5
825.1000,  1.00000000,1,0,0.050000000000000003,0.5
825.1333,  1.00000000,1,0,0.050000000000000003,0.5
825.1667,  1.00000000,1,0,0.025000000000000001,0.5
825.2000,  1.00000000,1,0,0.025000000000000001,0.5
825.2333,  1.00000000,1,0,0.025000000000000001,0.5
825.2667,  1.00000000,1,0,0.025000000000000001,0.5
825.3000,  1.00000000,1,0,0.0,0.5
825.3333,  1.00000000,1,0,0.0,0.5
825.3667,  1.00000000,1,0,0.0,0.5
825.4000,  1.00000000,1,0,0.025000000000000001,0.5
825.4333,  1.00000000,1,0,0.0,0.5
825.4667,  1.00000000,1,0,0.0,0.5
825.5000,  1.00000000,1,0,0.0,0.5
825.5333,  1.00000000,1,0,0.050000000000000003,0.5
825.5667,  1.00000000,1,0,0.025000000000000001,0.5
825.6000,  1.00000000,1,0,0.025000000000000001,0.5
825.6333,  1.00000000,1,0,0.025000000000000001,0.5
825.6667,  1.00000000,1,0,0.0,0.5
825.7000,  1.00000000,1,0,0.050000000000000003,0.5
825.7333,  1.00000000,1,0,0.0,0.5
825.7667,  1.00000000,1,0,0.050000000000000003,0.5
825.8000,  1.00000000,1,0,0.0,0.5
825.8333,  1.00000000,1,0,0.0,0.5
825.8667,  1.00000000,1,0,0.025000000000000001,0.5
825.9000,  1.00000000,1,0,0.074999999999999997,0.5
825.9333,  1.00000000,1,0,0.050000000000000003,0.5
825.9667,  1.00000000,1,0,0.025000000000000001,0.5
826.0000,  1.00000000,1,0,0.025000000000000001,0.5
826.0333,  1.00000000,1,0,0.050000000000000003,0.5
826.0667,  1.00000000,1,0,0.025000000000000001,0.5
826.1000,  1.00000000,1,0,0.0,0.5
826.1333,  1.00000000,1,0,0.050000000000000003,0.5
826.1667,  1.00000000,1,0,0.050000000000000003,0.5
826.2000,  1.00000000,1,0,0.0,0.5
826.2333,  1.00000000,1,0,0.025000000000000001,0.5
826.2667,  1.00000000,1,0,0.050000000000000003,0.5
826.3000,  1.00000000,1,0,0.025000000000000001,0.5
826.3333,  1.00000000,1,0,0.0,0.5
826.3667,  1.00000000,1,0,0.025000000000000001,0.5
826.4000,  1.00000000,1,0,0.050000000000000003,0.5
826.4333,  1.00000000,1,0,0.025000000000000001,0.5
826.4667,  1.00000000,1,0,0.025000000000000001,0.5
826.5000,  1.00000000,1,0,0.025000000000000001,0.5
826.5333,  1.00000000,1,0,0.025000000000000001,0.5
826.5667,  1.00000000,1,0,0.074999999999999997,0.5
826.6000,  1.00000000,1,0,0.0,0.5
826.6333,  1.00000000,1,0,0.025000000000000001,0.5
826.6667,  1.00000000,1,0,0.0,0.5
826.7000,  1.00000000,1,0,0.0,0.5
826.7333,  1.00000000,1,0,0.025000000000000001,0.5
826.7667,  1.00000000,1,0,0.0,0.5
826.8000,  1.00000000,1,0,0.025000000000000001,0.5
826.8333,  1.00000000,1,0,0.025000000000000001,0.5
826.8667,  1.00000000,1,0,0.0,0.5
826.9000,  1.00000000,1,0,0.025000000000000001,0.5
826.9333,  1.00000000,1,0,0.0,0.5
826.9667,  1.00000000,1,0,0.0,0.5
827.0000,  1.00000000,1,0,0.025000000000000001,0.5
827.0333,  1.00000000,1,0,0.050000000000000003,0.5
827.0667,  1.00000000,1,0,0.0,0.5
827.1000,  1.00000000,1,0,0.050000000000000003,0.5
827.1333,  1.00000000,1,0,0.050000000000000003,0.5
827.1667,  1.00000000,1,0,0.025000000000000001,0.5
827.2000,  1.00000000,1,0,0.0,0.5
827.2333,  1.00000000,1,0,0.025000000000000001,0.5
827.2667,  1.00000000,1,0,0.0,0.5
827.3000,  1.00000000,1,0,0.0,0.5
827.3333,  1.00000000,1,0,0.025000000000000001,0.5
827.3667,  1.00000000,1,0,0.025000000000000001,0.5
827.4000,  1.00000000,1,0,0.025000000000000001,0.5
827.4333,  1.00000000,1,0,0.025000000000000001,0.5
827.4667,  1.00000000,1,0,0.025000000000000001,0.5
827.5000,  1.00000000,1,0,0.025000000000000001,0.5
827.5333,  1.00000000,1,0,0.050000000000000003,0.5
827.5667,  1.00000000,1,0,0.0,0.5
827.6000,  1.00000000,1,0,0.025000000000000001,0.5
827.6333,  1.00000000,1,0,0.050000000000000003,0.5
827.6667,  1.00000000,1,0,0.074999999999999997,0.5
827.7000,  1.00000000,1,0,0.050000000000000003,0.5
827.7333,  1.00000000,1,0,0.050000000000000003,0.5
827.7667,  1.00000000,1,0,0.050000000000000003,0.5
827.8000,  1.00000000,1,0,0.025000000000000001,0.5
827.8333,  1.00000000,1,0,0.0,0.5
827.8667,  1.00000000,1,0,0.0,0.5
827.9000,  1.00000000,1,0,0.025000000000000001,0.5
827.9333,  1.00000000,1,0,0.0,0.5
827.9667,  1.00000000,1,0,0.0,0.5
828.0000,  1.00000000,1,0,0.0,0.5
828.0333,  1.00000000,1,0,0.050000000000000003,0.5
828.0667,  1.00000000,1,0,0.050000000000000003,0.5
828.1000,  1.00000000,1,0,0.0,0.5
828.1333,  1.00000000,1,0,0.050000000000000003,0.5
828.1667,  1.00000000,1,0,0.0,0.5
828.2000,  1.00000000,1,0,0.0,0.5
828.2333,  1.00000000,1,0,0.025000000000000001,0.5
828.2667,  1.00000000,1,0,0.0,0.5
828.3000,  1.00000000,1,0,0.0,0.5
828.3333,  1.00000000,1,0,0.025000000000000001,0.5
828.3667,  1.00000000,1,0,0.025000000000000001,0.5
828.4000,  1.00000000,1,0,0.0,0.5
828.4333,  1.00000000,1,0,0.0,0.5
828.4667,  1.00000000,1,0,0.0,0.5
828.5000,  1.00000000,1,0,0.025000000000000001,0.5
828.5333,  1.00000000,1,0,0.025000000000000001,0.5
828.5667,  1.00000000,1,0,0.0,0.5
828.6000,  1.00000000,1,0,0.0,0.5
828.6333,  1.00000000,1,0,0.025000000000000001,0.5
828.6667,  1.00000000,1,0,0.050000000000000003,0.5
828.7000,  1.00000000,1,0,0.025000000000000001,0.5
828.7333,  1.00000000,1,0,0.050000000000000003,0.5
828.7667,  1.00000000,1,0,0.025000000000000001,0.5
828.8000,  1.00000000,1,0,0.074999999999999997,0.5
828.8333,  1.00000000,1,0,0.025000000000000001,0.5
828.8667,  1.00000000,1,0,0.0,0.5
828.9000,  1.00000000,1,0,0.0,0.5
828.9333,  1.00000000,1,0,0.0,0.5
828.9667,  1.00000000,1,0,0.025000000000000001,0.5
829.0000,  1.00000000,1,0,0.074999999999999997,0.5
829.0333,  1.00000000,1,0,0.0,0.5
829.0667,  1.00000000,1,0,0.050000000000000003,0.5
829.1000,  1.00000000,1,0,0.074999999999999997,0.5
829.1333,  1.00000000,1,0,0.025000000000000001,0.5
829.1667,  1.00000000,1,0,0.025000000000000001,0.5
829.2000,  1.00000000,1,0,0.050000000000000003,0.5
829.2333,  1.00000000,1,0,0.025000000000000001,0.5
829.2667,  1.00000000,1,0,0.025000000000000001,0.5
829.3000,  1.00000000,1,0,0.0,0.5
829.3333,  1.00000000,1,0,0.025000000000000001,0.5
829.3667,  1.00000000,1,0,0.0,0.5
829.4000,  1.00000000,1,0,0.025000000000000001,0.5
829.4333,  1.00000000,1,0,0.0,0.5
829.4667,  1.00000000,1,0,0.0,0.5
829.5000,  1.00000000,1,0,0.025000000000000001,0.5
829.5333,  1.00000000,1,0,0.025000000000000001,0.5
829.5667,  1.00000000,1,0,0.025000000000000001,0.5
829.6000,  1.00000000,1,0,0.0,0.5
829.6333,  1.00000000,1,0,0.050000000000000003,0.5
829.6667,  1.00000000,1,0,0.025000000000000001,0.5
829.7000,  1.00000000,1,0,0.0,0.5
829.7333,  1.00000000,1,0,0.025000000000000001,0.5
829.7667,  1.00000000,1,0,0.0,0.5
829.8000,  1.00000000,1,0,0.050000000000000003,0.5
829.8333,  1.00000000,1,0,0.074999999999999997,0.5
829.8667,  1.00000000,1,0,0.025000000000000001,0.5
829.9000,  1.00000000,1,0,0.025000000000000001,0.5
829.9333,  1.00000000,1,0,0.0,0.5
829.9667,  1.00000000,1,0,0.025000000000000001,0.5
830.0000,  1.00000000,1,0,0.0,0.5
830.0333,  1.00000000,1,0,0.025000000000000001,0.5
830.0667,  1.00000000,1,0,0.025000000000000001,0.5
830.1000,  1.00000000,1,0,0.025000000000000001,0.5
830.1333,  1.00000000,1,0,0.025000000000000001,0.5
830.1667,  1.00000000,1,0,0.0,0.5
830.2000,  1.00000000,1,0,0.050000000000000003,0.5
830.2333,  1.00000000,1,0,0.025000000000000001,0.5
830.2667,  1.00000000,1,0,0.0,0.5
830.3000,  1.00000000,1,0,0.0,0.5
830.3333,  1.00000000,1,0,0.0,0.5
830.3667,  1.00000000,1,0,0.025000000000000001,0.5
830.4000,  1.00000000,1,0,0.0,0.5
830.4333,  1.00000000,1,0,0.025000000000000001,0.5
830.4667,  1.00000000,1,0,0.0,0.5
830.5000,  1.00000000,1,0,0.025000000000000001,0.5
830.5333,  1.00000000,1,0,0.0,0.5
830.5667,  1.00000000,1,0,0.025000000000000001,0.5
830.6000,  1.00000000,1,0,0.025000000000000001,0.5
830.6333,  1.00000000,1,0,0.0,0.5
830.6667,  1.00000000,1,0,0.0,0.5
830.7000,  1.00000000,1,0,0.050000000000000003,0.5
830.7333,  1.00000000,1,0,0.0,0.5
830.7667,  1.00000000,1,0,0.0,0.5
830.8000,  1.00000000,1,0,0.025000000000000001,0.5
830.8333,  1.00000000,1,0,0.0,0.5
830.8667,  1.00000000,1,0,0.0,0.5
830.9000,  1.00000000,1,0,0.0,0.5
830.9333,  1.00000000,1,0,0.025000000000000001,0.5
830.9667,  1.00000000,1,0,0.0,0.5
831.0000,  1.00000000,1,0,0.0,0.5
831.0333,  1.00000000,1,0,0.025000000000000001,0.5
831.0667,  1.00000000,1,0,0.0,0.5
831.1000,  1.00000000,1,0,0.025000000000000001,0.5
831.1333,  1.00000000,1,0,0.050000000000000003,0.5
831.1667,  1.00000000,1,0,0.0,0.5
831.2000,  1.00000000,1,0,0.025000000000000001,0.5
831.2333,  1.00000000,1,0,0.025000000000000001,0.5
831.2667,  1.00000000,1,0,0.025000000000000001,0.5
831.3000,  1.00000000,1,0,0.0,0.5
831.3333,  1.00000000,1,0,0.025000000000000001,0.5
831.3667,  1.00000000,1,0,0.0,0.5
831.4000,  1.00000000,1,0,0.0,0.5
831.4333,  1.00000000,1,0,0.0,0.5
831.4667,  1.00000000,1,0,0.0,0.5
831.5000,  1.00000000,1,0,0.0,0.5
831.5333,  1.00000000,1,0,0.0,0.5
831.5667,  1.00000000,1,0,0.050000000000000003,0.5
831.6000,  1.00000000,1,0,0.0,0.5
831.6333,  1.00000000,1,0,0.0,0.5
831.6667,  1.00000000,1,0,0.0,0.5
831.7000,  1.00000000,1,0,0.025000000000000001,0.5
831.7333,  1.00000000,1,0,0.050000000000000003,0.5
831.7667,  1.00000000,1,0,0.0,0.5
831.8000,  1.00000000,1,0,0.025000000000000001,0.5
831.8333,  1.00000000,1,0,0.025000000000000001,0.5
831.8667,  1.00000000,1,0,0.050000000000000003,0.5
831.9000,  1.00000000,1,0,0.0,0.5
831.9333,  1.00000000,1,0,0.025000000000000001,0.5
831.9667,  1.00000000,1,0,0.025000000000000001,0.5
832.0000,  1.00000000,1,0,0.025000000000000001,0.5
832.0333,  1.00000000,1,0,0.025000000000000001,0.5
832.0667,  1.00000000,1,0,0.025000000000000001,0.5
832.1000,  1.00000000,1,0,0.025000000000000001,0.5
832.1333,  1.00000000,1,0,0.025000000000000001,0.5
832.1667,  1.00000000,1,0,0.0,0.5
832.2000,  1.00000000,1,0,0.025000000000000001,0.5
832.2333,  1.00000000,1,0,0.0,0.5
832.2667,  1.00000000,1,0,0.050000000000000003,0.5
832.3000,  1.00000000,1,0,0.025000000000000001,0.5
832.3333,  1.00000000,1,0,0.025000000000000001,0.5
832.3667,  1.00000000,1,0,0.050000000000000003,0.5
832.4000,  1.00000000,1,0,0.050000000000000003,0.5
832.4333,  1.00000000,1,0,0.025000000000000001,0.5
832.4667,  1.00000000,1,0,0.025000000000000001,0.5
832.5000,  1.00000000,1,0,0.025000000000000001,0.5
832.5333,  1.00000000,1,0,0.050000000000000003,0.5
832.5667,  1.00000000,1,0,0.025000000000000001,0.5
832.6000,  1.00000000,1,0,0.0,0.5
832.6333,  1.00000000,1,0,0.025000000000000001,0.5
832.6667,  1.00000000,1,0,0.025000000000000001,0.5
832.7000,  1.00000000,1,0,0.025000000000000001,0.5
832.7333,  1.00000000,1,0,0.050000000000000003,0.5
832.7667,  1.00000000,1,0,0.025000000000000001,0.5
832.8000,  1.00000000,1,0,0.0,0.5
832.8333,  1.00000000,1,0,0.025000000000000001,0.5
832.8667,  1.00000000,1,0,0.025000000000000001,0.5
832.9000,  1.00000000,1,0,0.050000000000000003,0.5
832.9333,  1.00000000,1,0,0.074999999999999997,0.5
832.9667,  1.00000000,1,0,0.025000000000000001,0.5
833.0000,  1.00000000,1,0,0.050000000000000003,0.5
833.0333,  1.00000000,1,0,0.025000000000000001,0.5
833.0667,  1.00000000,1,0,0.025000000000000001,0.5
833.1000,  1.00000000,1,0,0.0,0.5
833.1333,  1.00000000,1,0,0.0,0.5
833.1667,  1.00000000,1,0,0.025000000000000001,0.5
833.2000,  1.00000000,1,0,0.050000000000000003,0.5
833.2333,  1.00000000,1,0,0.025000000000000001,0.5
833.2667,  1.00000000,1,0,0.0,0.5
833.3000,  1.00000000,1,0,0.0,0.5
833.3333,  1.00000000,1,0,0.050000000000000003,0.5
833.3667,  1.00000000,1,0,0.050000000000000003,0.5
833.4000,  1.00000000,1,0,0.025000000000000001,0.5
833.4333,  1.00000000,1,0,0.025000000000000001,0.5
833.4667,  1.00000000,1,0,0.050000000000000003,0.5
833.5000,  1.00000000,1,0,0.0,0.5
833.5333,  1.00000000,1,0,0.074999999999999997,0.5
833.5667,  1.00000000,1,0,0.050000000000000003,0.5
833.6000,  1.00000000,1,0,0.050000000000000003,0.5
833.6333,  1.00000000,1,0,0.025000000000000001,0.5
833.6667,  1.00000000,1,0,0.025000000000000001,0.5
833.7000,  1.00000000,1,0,0.050000000000000003,0.5
833.7333,  1.00000000,1,0,0.025000000000000001,0.5
833.7667,  1.00000000,1,0,0.025000000000000001,0.5
833.8000,  1.00000000,1,0,0.0,0.5
833.8333,  1.00000000,1,0,0.050000000000000003,0.5
833.8667,  1.00000000,1,0,0.0,0.5
833.9000,  1.00000000,1,0,0.0,0.5
833.9333,  1.00000000,1,0,0.025000000000000001,0.5
833.9667,  1.00000000,1,0,0.025000000000000001,0.5
834.0000,  1.00000000,1,0,0.0,0.5
834.0333,  1.00000000,1,0,0.0,0.5
834.0667,  1.00000000,1,0,0.0,0.5
834.1000,  1.00000000,1,0,0.025000000000000001,0.5
834.1333,  1.00000000,1,0,0.025000000000000001,0.5
834.1667,  1.00000000,1,0,0.025000000000000001,0.5
834.2000,  1.00000000,1,0,0.025000000000000001,0.5
834.2333,  1.00000000,1,0,0.025000000000000001,0.5
834.2667,  1.00000000,1,0,0.025000000000000001,0.5
834.3000,  1.00000000,1,0,0.025000000000000001,0.5
834.3333,  1.00000000,1,0,0.025000000000000001,0.5
834.3667,  1.00000000,1,0,0.025000000000000001,0.5
834.4000,  1.00000000,1,0,0.0,0.5
834.4333,  1.00000000,1,0,0.050000000000000003,0.5
834.4667,  1.00000000,1,0,0.025000000000000001,0.5
834.5000,  1.00000000,1,0,0.0,0.5
834.5333,  1.00000000,1,0,0.0,0.5
834.5667,  1.00000000,1,0,0.050000000000000003,0.5
834.6000,  1.00000000,1,0,0.050000000000000003,0.5
834.6333,  1.00000000,1,0,0.050000000000000003,0.5
834.6667,  1.00000000,1,0,0.0,0.5
834.7000,  1.00000000,1,0,0.025000000000000001,0.5
834.7333,  1.00000000,1,0,0.025000000000000001,0.5
834.7667,  1.00000000,1,0,0.025000000000000001,0.5
834.8000,  1.00000000,1,0,0.0,0.5
834.8333,  1.00000000,1,0,0.0,0.5
834.8667,  1.00000000,1,0,0.0,0.5
834.9000,  1.00000000,1,0,0.050000000000000003,0.5
834.9333,  1.00000000,1,0,0.0,0.5
834.9667,  1.00000000,1,0,0.0,0.5
835.0000,  1.00000000,1,0,0.0,0.5
835.0333,  1.00000000,1,0,0.0,0.5
835.0667,  1.00000000,1,0,0.050000000000000003,0.5
835.1000,  1.00000000,1,0,0.0,0.5
835.1333,  1.00000000,1,0,0.0,0.5
835.1667,  1.00000000,1,0,0.0,0.5
835.2000,  1.00000000,1,0,0.025000000000000001,0.5
835.2333,  1.00000000,1,0,0.0,0.5
835.2667,  1.00000000,1,0,0.0,0.5
835.3000,  1.00000000,1,0,0.0,0.5
835.3333,  1.00000000,1,0,0.025000000000000001,0.5
835.3667,  1.00000000,1,0,0.0,0.5
835.4000,  1.00000000,1,0,0.0,0.5
835.4333,  1.00000000,1,0,0.025000000000000001,0.5
835.4667,  1.00000000,1,0,0.025000000000000001,0.5
835.5000,  1.00000000,1,0,0.0,0.5
835.5333,  1.00000000,1,0,0.025000000000000001,0.5
835.5667,  1.00000000,1,0,0.025000000000000001,0.5
835.6000,  1.00000000,1,0,0.025000000000000001,0.5
835.6333,  1.00000000,1,0,0.0,0.5
835.6667,  1.00000000,1,0,0.050000000000000003,0.5
835.7000,  1.00000000,1,0,0.0,0.5
835.7333,  1.00000000,1,0,0.0,0.5
835.7667,  1.00000000,1,0,0.0,0.5
835.8000,  1.00000000,1,0,0.0,0.5
835.8333,  1.00000000,1,0,0.025000000000000001,0.5
835.8667,  1.00000000,1,0,0.0,0.5
835.9000,  1.00000000,1,0,0.025000000000000001,0.5
835.9333,  1.00000000,1,0,0.025000000000000001,0.5
835.9667,  1.00000000,1,0,0.050000000000000003,0.5
836.0000,  1.00000000,1,0,0.074999999999999997,0.5
836.0333,  1.00000000,1,0,0.025000000000000001,0.5
836.0667,  1.00000000,1,0,0.025000000000000001,0.5
836.1000,  1.00000000,1,0,0.025000000000000001,0.5
836.1333,  1.00000000,1,0,0.0,0.5
836.1667,  1.00000000,1,0,0.074999999999999997,0.5
836.2000,  1.00000000,1,0,0.050000000000000003,0.5
836.2333,  1.00000000,1,0,0.050000000000000003,0.5
836.2667,  1.00000000,1,0,0.074999999999999997,0.5
836.3000,  1.00000000,1,0,0.0,0.5
836.3333,  1.00000000,1,0,0.025000000000000001,0.5
836.3667,  1.00000000,1,0,0.0,0.5
836.4000,  1.00000000,1,0,0.050000000000000003,0.5
836.4333,  1.00000000,1,0,0.025000000000000001,0.5
836.4667,  1.00000000,1,0,0.074999999999999997,0.5
836.5000,  1.00000000,1,0,0.0,0.5
836.5333,  1.00000000,1,0,0.025000000000000001,0.5
836.5667,  1.00000000,1,0,0.050000000000000003,0.5
836.6000,  1.00000000,1,0,0.025000000000000001,0.5
836.6333,  1.00000000,1,0,0.025000000000000001,0.5
836.6667,  1.00000000,1,0,0.025000000000000001,0.5
836.7000,  1.00000000,1,0,0.050000000000000003,0.5
836.7333,  1.00000000,1,0,0.025000000000000001,0.5
836.7667,  1.00000000,1,0,0.050000000000000003,0.5
836.8000,  1.00000000,1,0,0.050000000000000003,0.5
836.8333,  1.00000000,1,0,0.050000000000000003,0.5
836.8667,  1.00000000,1,0,0.025000000000000001,0.5
836.9000,  1.00000000,1,0,0.074999999999999997,0.5
836.9333,  1.00000000,1,0,0.050000000000000003,0.5
836.9667,  1.00000000,1,0,0.074999999999999997,0.5
837.0000,  1.00000000,1,0,0.025000000000000001,0.5
837.0333,  1.00000000,1,0,0.0,0.5
837.0667,  1.00000000,1,0,0.0,0.5
837.1000,  1.00000000,1,0,0.025000000000000001,0.5
837.1333,  1.00000000,1,0,0.025000000000000001,0.5
837.1667,  1.00000000,1,0,0.025000000000000001,0.5
837.2000,  1.00000000,1,0,0.050000000000000003,0.5
837.2333,  1.00000000,1,0,0.0,0.5
837.2667,  1.00000000,1,0,0.025000000000000001,0.5
837.3000,  1.00000000,1,0,0.0,0.5
837.3333,  1.00000000,1,0,0.050000000000000003,0.5
837.3667,  1.00000000,1,0,0.050000000000000003,0.5
837.4000,  1.00000000,1,0,0.050000000000000003,0.5
837.4333,  1.00000000,1,0,0.025000000000000001,0.5
837.4667,  1.00000000,1,0,0.050000000000000003,0.5
837.5000,  1.00000000,1,0,0.025000000000000001,0.5
837.5333,  1.00000000,1,0,0.025000000000000001,0.5
837.5667,  1.00000000,1,0,0.025000000000000001,0.5
837.6000,  1.00000000,1,0,0.0,0.5
837.6333,  1.00000000,1,0,0.025000000000000001,0.5
837.6667,  1.00000000,1,0,0.0,0.5
837.7000,  1.00000000,1,0,0.025000000000000001,0.5
837.7333,  1.00000000,1,0,0.0,0.5
837.7667,  1.00000000,1,0,0.025000000000000001,0.5
837.8000,  1.00000000,1,0,0.025000000000000001,0.5
837.8333,  1.00000000,1,0,0.025000000000000001,0.5
837.8667,  1.00000000,1,0,0.025000000000000001,0.5
837.9000,  1.00000000,1,0,0.025000000000000001,0.5
837.9333,  1.00000000,1,0,0.050000000000000003,0.5
837.9667,  1.00000000,1,0,0.025000000000000001,0.5
838.0000,  1.00000000,1,0,0.025000000000000001,0.5
838.0333,  1.00000000,1,0,0.050000000000000003,0.5
838.0667,  1.00000000,1,0,0.050000000000000003,0.5
838.1000,  1.00000000,1,0,0.0,0.5
838.1333,  1.00000000,1,0,0.050000000000000003,0.5
838.1667,  1.00000000,1,0,0.025000000000000001,0.5
838.2000,  1.00000000,1,0,0.0,0.5
838.2333,  1.00000000,1,0,0.025000000000000001,0.5
838.2667,  1.00000000,1,0,0.025000000000000001,0.5
838.3000,  1.00000000,1,0,0.050000000000000003,0.5
838.3333,  1.00000000,1,0,0.025000000000000001,0.5
838.3667,  1.00000000,1,0,0.0,0.5
838.4000,  1.00000000,1,0,0.050000000000000003,0.5
838.4333,  1.00000000,1,0,0.050000000000000003,0.5
838.4667,  1.00000000,1,0,0.025000000000000001,0.5
838.5000,  1.00000000,1,0,0.050000000000000003,0.5
838.5333,  1.00000000,1,0,0.025000000000000001,0.5
838.5667,  1.00000000,1,0,0.050000000000000003,0.5
838.6000,  1.00000000,1,0,0.025000000000000001,0.5
838.6333,  1.00000000,1,0,0.025000000000000001,0.5
838.6667,  1.00000000,1,0,0.050000000000000003,0.5
838.7000,  1.00000000,1,0,0.050000000000000003,0.5
838.7333,  1.00000000,1,0,0.0,0.5
838.7667,  1.00000000,1,0,0.0,0.5
838.8000,  1.00000000,1,0,0.0,0.5
838.8333,  1.00000000,1,0,0.025000000000000001,0.5
838.8667,  1.00000000,1,0,0.025000000000000001,0.5
838.9000,  1.00000000,1,0,0.050000000000000003,0.5
838.9333,  1.00000000,1,0,0.074999999999999997,0.5
838.9667,  1.00000000,1,0,0.074999999999999997,0.5
839.0000,  1.00000000,1,0,0.025000000000000001,0.5
839.0333,  1.00000000,1,0,0.050000000000000003,0.5
839.0667,  1.00000000,1,0,0.025000000000000001,0.5
839.1000,  1.00000000,1,0,0.050000000000000003,0.5
839.1333,  1.00000000,1,0,0.025000000000000001,0.5
839.1667,  1.00000000,1,0,0.050000000000000003,0.5
839.2000,  1.00000000,1,0,0.025000000000000001,0.5
839.2333,  1.00000000,1,0,0.025000000000000001,0.5
839.2667,  1.00000000,1,0,0.025000000000000001,0.5
839.3000,  1.00000000,1,0,0.025000000000000001,0.5
839.3333,  1.00000000,1,0,0.0,0.5
839.3667,  1.00000000,1,0,0.050000000000000003,0.5
839.4000,  1.00000000,1,0,0.025000000000000001,0.5
839.4333,  1.00000000,1,0,0.0,0.5
839.4667,  1.00000000,1,0,0.0,0.5
839.5000,  1.00000000,1,0,0.025000000000000001,0.5
839.5333,  1.00000000,1,0,0.0,0.5
839.5667,  1.00000000,1,0,0.025000000000000001,0.5
839.6000,  1.00000000,1,0,0.025000000000000001,0.5
839.6333,  1.00000000,1,0,0.025000000000000001,0.5
839.6667,  1.00000000,1,0,0.0,0.5
839.7000,  1.00000000,1,0,0.025000000000000001,0.5
839.7333,  1.00000000,1,0,0.0,0.5
839.7667,  1.00000000,1,0,0.0,0.5
839.8000,  1.00000000,1,0,0.025000000000000001,0.5
839.8333,  1.00000000,1,0,0.025000000000000001,0.5
839.8667,  1.00000000,1,0,0.0,0.5
839.9000,  1.00000000,1,0,0.050000000000000003,0.5
839.9333,  1.00000000,1,0,0.025000000000000001,0.5
839.9667,  1.00000000,1,0,0.050000000000000003,0.5
840.0000,  1.00000000,1,0,0.050000000000000003,0.5
840.0333,  1.00000000,1,0,0.050000000000000003,0.5
840.0667,  1.00000000,1,0,0.050000000000000003,0.5
840.1000,  1.00000000,1,0,0.050000000000000003,0.5
840.1333,  1.00000000,1,0,0.050000000000000003,0.5
840.1667,  1.00000000,1,0,0.0,0.5
840.2000,  1.00000000,1,0,0.0,0.5
840.2333,  1.00000000,1,0,0.025000000000000001,0.5
840.2667,  1.00000000,1,0,0.025000000000000001,0.5
840.3000,  1.00000000,1,0,0.025000000000000001,0.5
840.3333,  1.00000000,1,0,0.050000000000000003,0.5
840.3667,  1.00000000,1,0,0.050000000000000003,0.5
840.4000,  1.00000000,1,0,0.050000000000000003,0.5
840.4333,  1.00000000,1,0,0.050000000000000003,0.5
840.4667,  1.00000000,1,0,0.050000000000000003,0.5
840.5000,  1.00000000,1,0,0.050000000000000003,0.5
840.5333,  1.00000000,1,0,0.025000000000000001,0.5
840.5667,  1.00000000,1,0,0.0,0.5
840.6000,  1.00000000,1,0,0.050000000000000003,0.5
840.6333,  1.00000000,1,0,0.025000000000000001,0.5
840.6667,  1.00000000,1,0,0.050000000000000003,0.5
840.7000,  1.00000000,1,0,0.0,0.5
840.7333,  1.00000000,1,0,0.050000000000000003,0.5
840.7667,  1.00000000,1,0,0.050000000000000003,0.5
840.8000,  1.00000000,1,0,0.025000000000000001,0.5
840.8333,  1.00000000,1,0,0.0,0.5
840.8667,  1.00000000,1,0,0.050000000000000003,0.5
840.9000,  1.00000000,1,0,0.050000000000000003,0.5
840.9333,  1.00000000,1,0,0.025000000000000001,0.5
840.9667,  1.00000000,1,0,0.050000000000000003,0.5
841.0000,  1.00000000,1,0,0.025000000000000001,0.5
841.0333,  1.00000000,1,0,0.0,0.5
841.0667,  1.00000000,1,0,0.050000000000000003,0.5
841.1000,  1.00000000,1,0,0.050000000000000003,0.5
841.1333,  1.00000000,1,0,0.025000000000000001,0.5
841.1667,  1.00000000,1,0,0.050000000000000003,0.5
841.2000,  1.00000000,1,0,0.050000000000000003,0.5
841.2333,  1.00000000,1,0,0.025000000000000001,0.5
841.2667,  1.00000000,1,0,0.0,0.5
841.3000,  1.00000000,1,0,0.025000000000000001,0.5
841.3333,  1.00000000,1,0,0.0,0.5
841.3667,  1.00000000,1,0,0.0,0.5
841.4000,  1.00000000,1,0,0.025000000000000001,0.5
841.4333,  1.00000000,1,0,0.0,0.5
841.4667,  1.00000000,1,0,0.025000000000000001,0.5
841.5000,  1.00000000,1,0,0.0,0.5
841.5333,  1.00000000,1,0,0.0,0.5
841.5667,  1.00000000,1,0,0.0,0.5
841.6000,  1.00000000,1,0,0.050000000000000003,0.5
841.6333,  1.00000000,1,0,0.025000000000000001,0.5
841.6667,  1.00000000,1,0,0.0,0.5
841.7000,  1.00000000,1,0,0.074999999999999997,0.5
841.7333,  1.00000000,1,0,0.050000000000000003,0.5
841.7667,  1.00000000,1,0,0.074999999999999997,0.5
841.8000,  1.00000000,1,0,0.074999999999999997,0.5
841.8333,  1.00000000,1,0,0.0,0.5
841.8667,  1.00000000,1,0,0.050000000000000003,0.5
841.9000,  1.00000000,1,0,0.025000000000000001,0.5
841.9333,  1.00000000,1,0,0.074999999999999997,0.5
841.9667,  1.00000000,1,0,0.050000000000000003,0.5
842.0000,  1.00000000,1,0,0.050000000000000003,0.5
842.0333,  1.00000000,1,0,0.050000000000000003,0.5
842.0667,  1.00000000,1,0,0.025000000000000001,0.5
842.1000,  1.00000000,1,0,0.025000000000000001,0.5
842.1333,  1.00000000,1,0,0.025000000000000001,0.5
842.1667,  1.00000000,1,0,0.025000000000000001,0.5
842.2000,  1.00000000,1,0,0.025000000000000001,0.5
842.2333,  1.00000000,1,0,0.050000000000000003,0.5
842.2667,  1.00000000,1,0,0.0,0.5
842.3000,  1.00000000,1,0,0.0,0.5
842.3333,  1.00000000,1,0,0.025000000000000001,0.5
842.3667,  1.00000000,1,0,0.050000000000000003,0.5
842.4000,  1.00000000,1,0,0.025000000000000001,0.5
842.4333,  1.00000000,1,0,0.025000000000000001,0.5
842.4667,  1.00000000,1,0,0.0,0.5
842.5000,  1.00000000,1,0,0.025000000000000001,0.5
842.5333,  1.00000000,1,0,0.025000000000000001,0.5
842.5667,  1.00000000,1,0,0.0,0.5
842.6000,  1.00000000,1,0,0.025000000000000001,0.5
842.6333,  1.00000000,1,0,0.0,0.5
842.6667,  1.00000000,1,0,0.025000000000000001,0.5
842.7000,  1.00000000,1,0,0.0,0.5
842.7333,  1.00000000,1,0,0.0,0.5
842.7667,  1.00000000,1,0,0.025000000000000001,0.5
842.8000,  1.00000000,1,0,0.0,0.5
842.8333,  1.00000000,1,0,0.025000000000000001,0.5
842.8667,  1.00000000,1,0,0.025000000000000001,0.5
842.9000,  1.00000000,1,0,0.0,0.5
842.9333,  1.00000000,1,0,0.0,0.5
842.9667,  1.00000000,1,0,0.050000000000000003,0.5
843.0000,  1.00000000,1,0,0.025000000000000001,0.5
843.0333,  1.00000000,1,0,0.0,0.5
843.0667,  1.00000000,1,0,0.025000000000000001,0.5
843.1000,  1.00000000,1,0,0.050000000000000003,0.5
843.1333,  1.00000000,1,0,0.0,0.5
843.1667,  1.00000000,1,0,0.050000000000000003,0.5
843.2000,  1.00000000,1,0,0.0,0.5
843.2333,  1.00000000,1,0,0.074999999999999997,0.5
843.2667,  1.00000000,1,0,0.0,0.5
843.3000,  1.00000000,1,0,0.050000000000000003,0.5
843.3333,  1.00000000,1,0,0.025000000000000001,0.5
843.3667,  1.00000000,1,0,0.050000000000000003,0.5
843.4000,  1.00000000,1,0,0.025000000000000001,0.5
843.4333,  1.00000000,1,0,0.074999999999999997,0.5
843.4667,  1.00000000,1,0,0.025000000000000001,0.5
843.5000,  1.00000000,1,0,0.025000000000000001,0.5
843.5333,  1.00000000,1,0,0.025000000000000001,0.5
843.5667,  1.00000000,1,0,0.050000000000000003,0.5
843.6000,  1.00000000,1,0,0.025000000000000001,0.5
843.6333,  1.00000000,1,0,0.025000000000000001,0.5
843.6667,  1.00000000,1,0,0.0,0.5
843.7000,  1.00000000,1,0,0.025000000000000001,0.5
843.7333,  1.00000000,1,0,0.0,0.5
843.7667,  1.00000000,1,0,0.0,0.5
843.8000,  1.00000000,1,0,0.0,0.5
843.8333,  1.00000000,1,0,0.025000000000000001,0.5
843.8667,  1.00000000,1,0,0.0,0.5
843.9000,  1.00000000,1,0,0.025000000000000001,0.5
843.9333,  1.00000000,1,0,0.0,0.5
843.9667,  1.00000000,1,0,0.0,0.5
844.0000,  1.00000000,1,0,0.0,0.5
844.0333,  1.00000000,1,0,0.0,0.5
844.0667,  1.00000000,1,0,0.0,0.5
844.1000,  1.00000000,1,0,0.0,0.5
844.1333,  1.00000000,1,0,0.0,0.5
844.1667,  1.00000000,1,0,0.025000000000000001,0.5
844.2000,  1.00000000,1,0,0.0,0.5
844.2333,  1.00000000,1,0,0.0,0.5
844.2667,  1.00000000,1,0,0.0,0.5
844.3000,  1.00000000,1,0,0.0,0.5
844.3333,  1.00000000,1,0,0.0,0.5
844.3667,  1.00000000,1,0,0.0,0.5
844.4000,  1.00000000,1,0,0.025000000000000001,0.5
844.4333,  1.00000000,1,0,0.0,0.5
844.4667,  1.00000000,1,0,0.0,0.5
844.5000,  1.00000000,1,0,0.0,0.5
844.5333,  1.00000000,1,0,0.025000000000000001,0.5
844.5667,  1.00000000,1,0,0.0,0.5
844.6000,  1.00000000,1,0,0.025000000000000001,0.5
844.6333,  1.00000000,1,0,0.025000000000000001,0.5
844.6667,  1.00000000,1,0,0.0,0.5
844.7000,  1.00000000,1,0,0.025000000000000001,0.5
844.7333,  1.00000000,1,0,0.0,0.5
844.7667,  1.00000000,1,0,0.025000000000000001,0.5
844.8000,  1.00000000,1,0,0.0,0.5
844.8333,  1.00000000,1,0,0.025000000000000001,0.5
844.8667,  1.00000000,1,0,0.025000000000000001,0.5
844.9000,  1.00000000,1,0,0.025000000000000001,0.5
844.9333,  1.00000000,1,0,0.050000000000000003,0.5
844.9667,  1.00000000,1,0,0.025000000000000001,0.5
845.0000,  1.00000000,1,0,0.025000000000000001,0.5
845.0333,  1.00000000,1,0,0.0,0.5
845.0667,  1.00000000,1,0,0.0,0.5
845.1000,  1.00000000,1,0,0.025000000000000001,0.5
845.1333,  1.00000000,1,0,0.050000000000000003,0.5
845.1667,  1.00000000,1,0,0.025000000000000001,0.5
845.2000,  1.00000000,1,0,0.025000000000000001,0.5
845.2333,  1.00000000,1,0,0.0,0.5
845.2667,  1.00000000,1,0,0.050000000000000003,0.5
845.3000,  1.00000000,1,0,0.0,0.5
845.3333,  1.00000000,1,0,0.025000000000000001,0.5
845.3667,  1.00000000,1,0,0.025000000000000001,0.5
845.4000,  1.00000000,1,0,0.025000000000000001,0.5
845.4333,  1.00000000,1,0,0.025000000000000001,0.5
845.4667,  1.00000000,1,0,0.050000000000000003,0.5
845.5000,  1.00000000,1,0,0.025000000000000001,0.5
845.5333,  1.00000000,1,0,0.025000000000000001,0.5
845.5667,  1.00000000,1,0,0.025000000000000001,0.5
845.6000,  1.00000000,1,0,0.025000000000000001,0.5
845.6333,  1.00000000,1,0,0.025000000000000001,0.5
845.6667,  1.00000000,1,0,0.050000000000000003,0.5
845.7000,  1.00000000,1,0,0.050000000000000003,0.5
845.7333,  1.00000000,1,0,0.025000000000000001,0.5
845.7667,  1.00000000,1,0,0.074999999999999997,0.5
845.8000,  1.00000000,1,0,0.025000000000000001,0.5
845.8333,  1.00000000,1,0,0.050000000000000003,0.5
845.8667,  1.00000000,1,0,0.025000000000000001,0.5
845.9000,  1.00000000,1,0,0.050000000000000003,0.5
845.9333,  1.00000000,1,0,0.0,0.5
845.9667,  1.00000000,1,0,0.025000000000000001,0.5
846.0000,  1.00000000,1,0,0.0,0.5
846.0333,  1.00000000,1,0,0.025000000000000001,0.5
846.0667,  1.00000000,1,0,0.0,0.5
846.1000,  1.00000000,1,0,0.025000000000000001,0.5
846.1333,  1.00000000,1,0,0.0,0.5
846.1667,  1.00000000,1,0,0.025000000000000001,0.5
846.2000,  1.00000000,1,0,0.0,0.5
846.2333,  1.00000000,1,0,0.0,0.5
846.2667,  1.00000000,1,0,0.025000000000000001,0.5
846.3000,  1.00000000,1,0,0.025000000000000001,0.5
846.3333,  1.00000000,1,0,0.025000000000000001,0.5
846.3667,  1.00000000,1,0,0.025000000000000001,0.5
846.4000,  1.00000000,1,0,0.0,0.5
846.4333,  1.00000000,1,0,0.0,0.5
846.4667,  1.00000000,1,0,0.0,0.5
846.5000,  1.00000000,1,0,0.025000000000000001,0.5
846.5333,  1.00000000,1,0,0.025000000000000001,0.5
846.5667,  1.00000000,1,0,0.0,0.5
846.6000,  1.00000000,1,0,0.0,0.5
846.6333,  1.00000000,1,0,0.0,0.5
846.6667,  1.00000000,1,0,0.050000000000000003,0.5
846.7000,  1.00000000,1,0,0.025000000000000001,0.5
846.7333,  1.00000000,1,0,0.025000000000000001,0.5
846.7667,  1.00000000,1,0,0.0,0.5
846.8000,  1.00000000,1,0,0.0,0.5
846.8333,  1.00000000,1,0,0.0,0.5
846.8667,  1.00000000,1,0,0.0,0.5
846.9000,  1.00000000,1,0,0.050000000000000003,0.5
846.9333,  1.00000000,1,0,0.0,0.5
846.9667,  1.00000000,1,0,0.0,0.5
847.0000,  1.00000000,1,0,0.025000000000000001,0.5
847.0333,  1.00000000,1,0,0.0,0.5
847.0667,  1.00000000,1,0,0.0,0.5
847.1000,  1.00000000,1,0,0.025000000000000001,0.5
847.1333,  1.00000000,1,0,0.025000000000000001,0.5
847.1667,  1.00000000,1,0,0.0,0.5
847.2000,  1.00000000,1,0,0.0,0.5
847.2333,  1.00000000,1,0,0.025000000000000001,0.5
847.2667,  1.00000000,1,0,0.0,0.5
847.3000,  1.00000000,1,0,0.0,0.5
847.3333,  1.00000000,1,0,0.050000000000000003,0.5
847.3667,  1.00000000,1,0,0.025000000000000001,0.5
847.4000,  1.00000000,1,0,0.0,0.5
847.4333,  1.00000000,1,0,0.0,0.5
847.4667,  1.00000000,1,0,0.0,0.5
847.5000,  1.00000000,1,0,0.025000000000000001,0.5
847.5333,  1.00000000,1,0,0.0,0.5
847.5667,  1.00000000,1,0,0.025000000000000001,0.5
847.6000,  1.00000000,1,0,0.0,0.5
847.6333,  1.00000000,1,0,0.050000000000000003,0.5
847.6667,  1.00000000,1,0,0.0,0.5
847.7000,  1.00000000,1,0,0.025000000000000001,0.5
847.7333,  1.00000000,1,0,0.0,0.5
847.7667,  1.00000000,1,0,0.0,0.5
847.8000,  1.00000000,1,0,0.0,0.5
847.8333,  1.00000000,1,0,0.025000000000000001,0.5
847.8667,  1.00000000,1,0,0.025000000000000001,0.5
847.9000,  1.00000000,1,0,0.0,0.5
847.9333,  1.00000000,1,0,0.0,0.5
847.9667,  1.00000000,1,0,0.0,0.5
848.0000,  1.00000000,1,0,0.025000000000000001,0.5
848.0333,  1.00000000,1,0,0.0,0.5
848.0667,  1.00000000,1,0,0.050000000000000003,0.5
848.1000,  1.00000000,1,0,0.025000000000000001,0.5
848.1333,  1.00000000,1,0,0.050000000000000003,0.5
848.1667,  1.00000000,1,0,0.025000000000000001,0.5
848.2000,  1.00000000,1,0,0.0,0.5
848.2333,  1.00000000,1,0,0.050000000000000003,0.5
848.2667,  1.00000000,1,0,0.050000000000000003,0.5
848.3000,  1.00000000,1,0,0.025000000000000001,0.5
848.3333,  1.00000000,1,0,0.025000000000000001,0.5
848.3667,  1.00000000,1,0,0.025000000000000001,0.5
848.4000,  1.00000000,1,0,0.025000000000000001,0.5
848.4333,  1.00000000,1,0,0.050000000000000003,0.5
848.4667,  1.00000000,1,0,0.0,0.5
848.5000,  1.00000000,1,0,0.025000000000000001,0.5
848.5333,  1.00000000,1,0,0.0,0.5
848.5667,  1.00000000,1,0,0.0,0.5
848.6000,  1.00000000,1,0,0.025000000000000001,0.5
848.6333,  1.00000000,1,0,0.050000000000000003,0.5
848.6667,  1.00000000,1,0,0.050000000000000003,0.5
848.7000,  1.00000000,1,0,0.025000000000000001,0.5
848.7333,  1.00000000,1,0,0.050000000000000003,0.5
848.7667,  1.00000000,1,0,0.0,0.5
848.8000,  1.00000000,1,0,0.0,0.5
848.8333,  1.00000000,1,0,0.025000000000000001,0.5
848.8667,  1.00000000,1,0,0.025000000000000001,0.5
848.9000,  1.00000000,1,0,0.025000000000000001,0.5
848.9333,  1.00000000,1,0,0.050000000000000003,0.5
848.9667,  1.00000000,1,0,0.025000000000000001,0.5
849.0000,  1.00000000,1,0,0.0,0.5
849.0333,  1.00000000,1,0,0.0,0.5
849.0667,  1.00000000,1,0,0.050000000000000003,0.5
849.1000,  1.00000000,1,0,0.050000000000000003,0.5
849.1333,  1.00000000,1,0,0.074999999999999997,0.5
849.1667,  1.00000000,1,0,0.025000000000000001,0.5
849.2000,  1.00000000,1,0,0.050000000000000003,0.5
849.2333,  1.00000000,1,0,0.025000000000000001,0.5
849.2667,  1.00000000,1,0,0.050000000000000003,0.5
849.3000,  1.00000000,1,0,0.025000000000000001,0.5
849.3333,  1.00000000,1,0,0.050000000000000003,0.5
849.3667,  1.00000000,1,0,0.0,0.5
849.4000,  1.00000000,1,0,0.025000000000000001,0.5
849.4333,  1.00000000,1,0,0.025000000000000001,0.5
849.4667,  1.00000000,1,0,0.050000000000000003,0.5
849.5000,  1.00000000,1,0,0.025000000000000001,0.5
849.5333,  1.00000000,1,0,0.025000000000000001,0.5
849.5667,  1.00000000,1,0,0.025000000000000001,0.5
849.6000,  1.00000000,1,0,0.050000000000000003,0.5
849.6333,  1.00000000,1,0,0.050000000000000003,0.5
849.6667,  1.00000000,1,0,0.050000000000000003,0.5
849.7000,  1.00000000,1,0,0.025000000000000001,0.5
849.7333,  1.00000000,1,0,0.025000000000000001,0.5
849.7667,  1.00000000,1,0,0.025000000000000001,0.5
849.8000,  1.00000000,1,0,0.025000000000000001,0.5
849.8333,  1.00000000,1,0,0.0,0.5
849.8667,  1.00000000,1,0,0.0,0.5
849.9000,  1.00000000,1,0,0.025000000000000001,0.5
849.9333,  1.00000000,1,0,0.025000000000000001,0.5
849.9667,  1.00000000,1,0,0.0,0.5
850.0000,  1.00000000,1,0,0.025000000000000001,0.5
850.0333,  1.00000000,1,0,0.050000000000000003,0.5
850.0667,  1.00000000,1,0,0.0,0.5
850.1000,  1.00000000,1,0,0.025000000000000001,0.5
850.1333,  1.00000000,1,0,0.025000000000000001,0.5
850.1667,  1.00000000,1,0,0.050000000000000003,0.5
850.2000,  1.00000000,1,0,0.025000000000000001,0.5
850.2333,  1.00000000,1,0,0.025000000000000001,0.5
850.2667,  1.00000000,1,0,0.0,0.5
850.3000,  1.00000000,1,0,0.050000000000000003,0.5
850.3333,  1.00000000,1,0,0.025000000000000001,0.5
850.3667,  1.00000000,1,0,0.050000000000000003,0.5
850.4000,  1.00000000,1,0,0.025000000000000001,0.5
850.4333,  1.00000000,1,0,0.025000000000000001,0.5
850.4667,  1.00000000,1,0,0.0,0.5
850.5000,  1.00000000,1,0,0.025000000000000001,0.5
850.5333,  1.00000000,1,0,0.0,0.5
850.5667,  1.00000000,1,0,0.025000000000000001,0.5
850.6000,  1.00000000,1,0,0.0,0.5
850.6333,  1.00000000,1,0,0.050000000000000003,0.5
850.6667,  1.00000000,1,0,0.050000000000000003,0.5
850.7000,  1.00000000,1,0,0.025000000000000001,0.5
850.7333,  1.00000000,1,0,0.0,0.5
850.7667,  1.00000000,1,0,0.0,0.5
850.8000,  1.00000000,1,0,0.0,0.5
850.8333,  1.00000000,1,0,0.0,0.5
850.8667,  1.00000000,1,0,0.0,0.5
850.9000,  1.00000000,1,0,0.025000000000000001,0.5
850.9333,  1.00000000,1,0,0.0,0.5
850.9667,  1.00000000,1,0,0.0,0.5
851.0000,  1.00000000,1,0,0.025000000000000001,0.5
851.0333,  1.00000000,1,0,0.0,0.5
851.0667,  1.00000000,1,0,0.025000000000000001,0.5
851.1000,  1.00000000,1,0,0.0,0.5
851.1333,  1.00000000,1,0,0.0,0.5
851.1667,  1.00000000,1,0,0.025000000000000001,0.5
851.2000,  1.00000000,1,0,0.025000000000000001,0.5
851.2333,  1.00000000,1,0,0.050000000000000003,0.5
851.2667,  1.00000000,1,0,0.025000000000000001,0.5
851.3000,  1.00000000,1,0,0.0,0.5
851.3333,  1.00000000,1,0,0.050000000000000003,0.5
851.3667,  1.00000000,1,0,0.0,0.5
851.4000,  1.00000000,1,0,0.025000000000000001,0.5
851.4333,  1.00000000,1,0,0.025000000000000001,0.5
851.4667,  1.00000000,1,0,0.025000000000000001,0.5
851.5000,  1.00000000,1,0,0.0,0.5
851.5333,  1.00000000,1,0,0.025000000000000001,0.5
851.5667,  1.00000000,1,0,0.025000000000000001,0.5
851.6000,  1.00000000,1,0,0.025000000000000001,0.5
851.6333,  1.00000000,1,0,0.025000000000000001,0.5
851.6667,  1.00000000,1,0,0.0,0.5
851.7000,  1.00000000,1,0,0.025000000000000001,0.5
851.7333,  1.00000000,1,0,0.025000000000000001,0.5
851.7667,  1.00000000,1,0,0.0,0.5
851.8000,  1.00000000,1,0,0.0,0.5
851.8333,  1.00000000,1,0,0.025000000000000001,0.5
851.8667,  1.00000000,1,0,0.025000000000000001,0.5
851.9000,  1.00000000,1,0,0.025000000000000001,0.5
851.9333,  1.00000000,1,0,0.025000000000000001,0.5
851.9667,  1.00000000,1,0,0.050000000000000003,0.5
852.0000,  1.00000000,1,0,0.0,0.5
852.0333,  1.00000000,1,0,0.025000000000000001,0.5
852.0667,  1.00000000,1,0,0.025000000000000001,0.5
852.1000,  1.00000000,1,0,0.0,0.5
852.1333,  1.00000000,1,0,0.0,0.5
852.1667,  1.00000000,1,0,0.0,0.5
852.2000,  1.00000000,1,0,0.0,0.5
852.2333,  1.00000000,1,0,0.050000000000000003,0.5
852.2667,  1.00000000,1,0,0.025000000000000001,0.5
852.3000,  1.00000000,1,0,0.050000000000000003,0.5
852.3333,  1.00000000,1,0,0.0,0.5
852.3667,  1.00000000,1,0,0.050000000000000003,0.5
852.4000,  1.00000000,1,0,0.0,0.5
852.4333,  1.00000000,1,0,0.0,0.5
852.4667,  1.00000000,1,0,0.025000000000000001,0.5
852.5000,  1.00000000,1,0,0.025000000000000001,0.5
852.5333,  1.00000000,1,0,0.050000000000000003,0.5
852.5667,  1.00000000,1,0,0.025000000000000001,0.5
852.6000,  1.00000000,1,0,0.025000000000000001,0.5
852.6333,  1.00000000,1,0,0.025000000000000001,0.5
852.6667,  1.00000000,1,0,0.050000000000000003,0.5
852.7000,  1.00000000,1,0,0.025000000000000001,0.5
852.7333,  1.00000000,1,0,0.025000000000000001,0.5
852.7667,  1.00000000,1,0,0.025000000000000001,0.5
852.8000,  1.00000000,1,0,0.025000000000000001,0.5
852.8333,  1.00000000,1,0,0.025000000000000001,0.5
852.8667,  1.00000000,1,0,0.0,0.5
852.9000,  1.00000000,1,0,0.0,0.5
852.9333,  1.00000000,1,0,0.0,0.5
852.9667,  1.00000000,1,0,0.025000000000000001,0.5
853.0000,  1.00000000,1,0,0.025000000000000001,0.5
853.0333,  1.00000000,1,0,0.0,0.5
853.0667,  1.00000000,1,0,0.0,0.5
853.1000,  1.00000000,1,0,0.025000000000000001,0.5
853.1333,  1.00000000,1,0,0.0,0.5
853.1667,  1.00000000,1,0,0.0,0.5
853.2000,  1.00000000,1,0,0.050000000000000003,0.5
853.2333,  1.00000000,1,0,0.025000000000000001,0.5
853.2667,  1.00000000,1,0,0.025000000000000001,0.5
853.3000,  1.00000000,1,0,0.025000000000000001,0.5
853.3333,  1.00000000,1,0,0.025000000000000001,0.5
853.3667,  1.00000000,1,0,0.0,0.5
853.4000,  1.00000000,1,0,0.0,0.5
853.4333,  1.00000000,1,0,0.0,0.5
853.4667,  1.00000000,1,0,0.025000000000000001,0.5
853.5000,  1.00000000,1,0,0.074999999999999997,0.5
853.5333,  1.00000000,1,0,0.025000000000000001,0.5
853.5667,  1.00000000,1,0,0.0,0.5
853.6000,  1.00000000,1,0,0.0,0.5
853.6333,  1.00000000,1,0,0.0,0.5
853.6667,  1.00000000,1,0,0.0,0.5
853.7000,  1.00000000,1,0,0.0,0.5
853.7333,  1.00000000,1,0,0.025000000000000001,0.5
853.7667,  1.00000000,1,0,0.025000000000000001,0.5
853.8000,  1.00000000,1,0,0.025000000000000001,0.5
853.8333,  1.00000000,1,0,0.025000000000000001,0.5
853.8667,  1.00000000,1,0,0.074999999999999997,0.5
853.9000,  1.00000000,1,0,0.0,0.5
853.9333,  1.00000000,1,0,0.050000000000000003,0.5
853.9667,  1.00000000,1,0,0.0,0.5
854.0000,  1.00000000,1,0,0.025000000000000001,0.5
854.0333,  1.00000000,1,0,0.0,0.5
854.0667,  1.00000000,1,0,0.025000000000000001,0.5
854.1000,  1.00000000,1,0,0.050000000000000003,0.5
854.1333,  1.00000000,1,0,0.050000000000000003,0.5
854.1667,  1.00000000,1,0,0.025000000000000001,0.5
854.2000,  1.00000000,1,0,0.0,0.5
854.2333,  1.00000000,1,0,0.0,0.5
854.2667,  1.00000000,1,0,0.0,0.5
854.3000,  1.00000000,1,0,0.0,0.5
854.3333,  1.00000000,1,0,0.050000000000000003,0.5
854.3667,  1.00000000,1,0,0.0,0.5
854.4000,  1.00000000,1,0,0.0,0.5
854.4333,  1.00000000,1,0,0.0,0.5
854.4667,  1.00000000,1,0,0.0,0.5
854.5000,  1.00000000,1,0,0.0,0.5
854.5333,  1.00000000,1,0,0.0,0.5
854.5667,  1.00000000,1,0,0.025000000000000001,0.5
854.6000,  1.00000000,1,0,0.0,0.5
854.6333,  1.00000000,1,0,0.0,0.5
854.6667,  1.00000000,1,0,0.025000000000000001,0.5
854.7000,  1.00000000,1,0,0.050000000000000003,0.5
854.7333,  1.00000000,1,0,0.025000000000000001,0.5
854.7667,  1.00000000,1,0,0.025000000000000001,0.5
854.8000,  1.00000000,1,0,0.025000000000000001,0.5
854.8333,  1.00000000,1,0,0.025000000000000001,0.5
854.8667,  1.00000000,1,0,0.0,0.5
854.9000,  1.00000000,1,0,0.025000000000000001,0.5
854.9333,  1.00000000,1,0,0.025000000000000001,0.5
854.9667,  1.00000000,1,0,0.025000000000000001,0.5
855.0000,  1.00000000,1,0,0.0,0.5
855.0333,  1.00000000,1,0,0.025000000000000001,0.5
855.0667,  1.00000000,1,0,0.025000000000000001,0.5
855.1000,  1.00000000,1,0,0.0,0.5
855.1333,  1.00000000,1,0,0.050000000000000003,0.5
855.1667,  1.00000000,1,0,0.0,0.5
855.2000,  1.00000000,1,0,0.0,0.5
855.2333,  1.00000000,1,0,0.0,0.5
855.2667,  1.00000000,1,0,0.0,0.5
855.3000,  1.00000000,1,0,0.025000000000000001,0.5
855.3333,  1.00000000,1,0,0.025000000000000001,0.5
855.3667,  1.00000000,1,0,0.0,0.5
855.4000,  1.00000000,1,0,0.0,0.5
855.4333,  1.00000000,1,0,0.050000000000000003,0.5
855.4667,  1.00000000,1,0,0.025000000000000001,0.5
855.5000,  1.00000000,1,0,0.025000000000000001,0.5
855.5333,  1.00000000,1,0,0.050000000000000003,0.5
855.5667,  1.00000000,1,0,0.0,0.5
855.6000,  1.00000000,1,0,0.050000000000000003,0.5
855.6333,  1.00000000,1,0,0.025000000000000001,0.5
855.6667,  1.00000000,1,0,0.0,0.5
855.7000,  1.00000000,1,0,0.0,0.5
855.7333,  1.00000000,1,0,0.0,0.5
855.7667,  1.00000000,1,0,0.025000000000000001,0.5
855.8000,  1.00000000,1,0,0.050000000000000003,0.5
855.8333,  1.00000000,1,0,0.0,0.5
855.8667,  1.00000000,1,0,0.025000000000000001,0.5
855.9000,  1.00000000,1,0,0.025000000000000001,0.5
855.9333,  1.00000000,1,0,0.050000000000000003,0.5
855.9667,  1.00000000,1,0,0.025000000000000001,0.5
856.0000,  1.00000000,1,0,0.050000000000000003,0.5
856.0333,  1.00000000,1,0,0.025000000000000001,0.5
856.0667,  1.00000000,1,0,0.025000000000000001,0.5
856.1000,  1.00000000,1,0,0.050000000000000003,0.5
856.1333,  1.00000000,1,0,0.025000000000000001,0.5
856.1667,  1.00000000,1,0,0.025000000000000001,0.5
856.2000,  1.00000000,1,0,0.0,0.5
856.2333,  1.00000000,1,0,0.0,0.5
856.2667,  1.00000000,1,0,0.050000000000000003,0.5
856.3000,  1.00000000,1,0,0.050000000000000003,0.5
856.3333,  1.00000000,1,0,0.050000000000000003,0.5
856.3667,  1.00000000,1,0,0.050000000000000003,0.5
856.4000,  1.00000000,1,0,0.025000000000000001,0.5
856.4333,  1.00000000,1,0,0.025000000000000001,0.5
856.4667,  1.00000000,1,0,0.025000000000000001,0.5
856.5000,  1.00000000,1,0,0.0,0.5
856.5333,  1.00000000,1,0,0.025000000000000001,0.5
856.5667,  1.00000000,1,0,0.0,0.5
856.6000,  1.00000000,1,0,0.025000000000000001,0.5
856.6333,  1.00000000,1,0,0.025000000000000001,0.5
856.6667,  1.00000000,1,0,0.025000000000000001,0.5
856.7000,  1.00000000,1,0,0.0,0.5
856.7333,  1.00000000,1,0,0.025000000000000001,0.5
856.7667,  1.00000000,1,0,0.0,0.5
856.8000,  1.00000000,1,0,0.050000000000000003,0.5
856.8333,  1.00000000,1,0,0.050000000000000003,0.5
856.8667,  1.00000000,1,0,0.025000000000000001,0.5
856.9000,  1.00000000,1,0,0.025000000000000001,0.5
856.9333,  1.00000000,1,0,0.025000000000000001,0.5
856.9667,  1.00000000,1,0,0.074999999999999997,0.5
857.0000,  1.00000000,1,0,0.050000000000000003,0.5
857.0333,  1.00000000,1,0,0.050000000000000003,0.5
857.0667,  1.00000000,1,0,0.074999999999999997,0.5
857.1000,  1.00000000,1,0,0.025000000000000001,0.5
857.1333,  1.00000000,1,0,0.0,0.5
857.1667,  1.00000000,1,0,0.0,0.5
857.2000,  1.00000000,1,0,0.050000000000000003,0.5
857.2333,  1.00000000,1,0,0.050000000000000003,0.5
857.2667,  1.00000000,1,0,0.025000000000000001,0.5
857.3000,  1.00000000,1,0,0.050000000000000003,0.5
857.3333,  1.00000000,1,0,0.025000000000000001,0.5
857.3667,  1.00000000,1,0,0.050000000000000003,0.5
857.4000,  1.00000000,1,0,0.025000000000000001,0.5
857.4333,  1.00000000,1,0,0.025000000000000001,0.5
857.4667,  1.00000000,1,0,0.025000000000000001,0.5
857.5000,  1.00000000,1,0,0.025000000000000001,0.5
857.5333,  1.00000000,1,0,0.050000000000000003,0.5
857.5667,  1.00000000,1,0,0.0,0.5
857.6000,  1.00000000,1,0,0.025000000000000001,0.5
857.6333,  1.00000000,1,0,0.0,0.5
857.6667,  1.00000000,1,0,0.050000000000000003,0.5
857.7000,  1.00000000,1,0,0.0,0.5
857.7333,  1.00000000,1,0,0.050000000000000003,0.5
857.7667,  1.00000000,1,0,0.025000000000000001,0.5
857.8000,  1.00000000,1,0,0.025000000000000001,0.5
857.8333,  1.00000000,1,0,0.050000000000000003,0.5
857.8667,  1.00000000,1,0,0.050000000000000003,0.5
857.9000,  1.00000000,1,0,0.0,0.5
857.9333,  1.00000000,1,0,0.050000000000000003,0.5
857.9667,  1.00000000,1,0,0.050000000000000003,0.5
858.0000,  1.00000000,1,0,0.025000000000000001,0.5
858.0333,  1.00000000,1,0,0.025000000000000001,0.5
858.0667,  1.00000000,1,0,0.025000000000000001,0.5
858.1000,  1.00000000,1,0,0.0,0.5
858.1333,  1.00000000,1,0,0.025000000000000001,0.5
858.1667,  1.00000000,1,0,0.0,0.5
858.2000,  1.00000000,1,0,0.0,0.5
858.2333,  1.00000000,1,0,0.025000000000000001,0.5
858.2667,  1.00000000,1,0,0.025000000000000001,0.5
858.3000,  1.00000000,1,0,0.0,0.5
858.3333,  1.00000000,1,0,0.0,0.5
858.3667,  1.00000000,1,0,0.025000000000000001,0.5
858.4000,  1.00000000,1,0,0.025000000000000001,0.5
858.4333,  1.00000000,1,0,0.050000000000000003,0.5
858.4667,  1.00000000,1,0,0.025000000000000001,0.5
858.5000,  1.00000000,1,0,0.050000000000000003,0.5
858.5333,  1.00000000,1,0,0.074999999999999997,0.5
858.5667,  1.00000000,1,0,0.025000000000000001,0.5
858.6000,  1.00000000,1,0,0.0,0.5
858.6333,  1.00000000,1,0,0.0,0.5
858.6667,  1.00000000,1,0,0.025000000000000001,0.5
858.7000,  1.00000000,1,0,0.0,0.5
858.7333,  1.00000000,1,0,0.0,0.5
858.7667,  1.00000000,1,0,0.025000000000000001,0.5
858.8000,  1.00000000,1,0,0.0,0.5
858.8333,  1.00000000,1,0,0.0,0.5
858.8667,  1.00000000,1,0,0.025000000000000001,0.5
858.9000,  1.00000000,1,0,0.050000000000000003,0.5
858.9333,  1.00000000,1,0,0.025000000000000001,0.5
858.9667,  1.00000000,1,0,0.025000000000000001,0.5
859.0000,  1.00000000,1,0,0.0,0.5
859.0333,  1.00000000,1,0,0.025000000000000001,0.5
859.0667,  1.00000000,1,0,0.050000000000000003,0.5
859.1000,  1.00000000,1,0,0.025000000000000001,0.5
859.1333,  1.00000000,1,0,0.074999999999999997,0.5
859.1667,  1.00000000,1,0,0.025000000000000001,0.5
859.2000,  1.00000000,1,0,0.025000000000000001,0.5
859.2333,  1.00000000,1,0,0.0,0.5
859.2667,  1.00000000,1,0,0.025000000000000001,0.5
859.3000,  1.00000000,1,0,0.0,0.5
859.3333,  1.00000000,1,0,0.025000000000000001,0.5
859.3667,  1.00000000,1,0,0.025000000000000001,0.5
859.4000,  1.00000000,1,0,0.050000000000000003,0.5
859.4333,  1.00000000,1,0,0.0,0.5
859.4667,  1.00000000,1,0,0.0,0.5
859.5000,  1.00000000,1,0,0.025000000000000001,0.5
859.5333,  1.00000000,1,0,0.0,0.5
859.5667,  1.00000000,1,0,0.025000000000000001,0.5
859.6000,  1.00000000,1,0,0.025000000000000001,0.5
859.6333,  1.00000000,1,0,0.0,0.5
859.6667,  1.00000000,1,0,0.025000000000000001,0.5
859.7000,  1.00000000,1,0,0.025000000000000001,0.5
859.7333,  1.00000000,1,0,0.025000000000000001,0.5
859.7667,  1.00000000,1,0,0.0,0.5
859.8000,  1.00000000,1,0,0.0,0.5
859.8333,  1.00000000,1,0,0.050000000000000003,0.5
859.8667,  1.00000000,1,0,0.0,0.5
859.9000,  1.00000000,1,0,0.0,0.5
859.9333,  1.00000000,1,0,0.025000000000000001,0.5
859.9667,  1.00000000,1,0,0.025000000000000001,0.5
860.0000,  1.00000000,1,0,0.050000000000000003,0.5
860.0333,  1.00000000,1,0,0.0,0.5
860.0667,  1.00000000,1,0,0.025000000000000001,0.5
860.1000,  1.00000000,1,0,0.025000000000000001,0.5
860.1333,  1.00000000,1,0,0.050000000000000003,0.5
860.1667,  1.00000000,1,0,0.025000000000000001,0.5
860.2000,  1.00000000,1,0,0.025000000000000001,0.5
860.2333,  1.00000000,1,0,0.0,0.5
860.2667,  1.00000000,1,0,0.025000000000000001,0.5
860.3000,  1.00000000,1,0,0.0,0.5
860.3333,  1.00000000,1,0,0.050000000000000003,0.5
860.3667,  1.00000000,1,0,0.0,0.5
860.4000,  1.00000000,1,0,0.0,0.5
860.4333,  1.00000000,1,0,0.025000000000000001,0.5
860.4667,  1.00000000,1,0,0.025000000000000001,0.5
860.5000,  1.00000000,1,0,0.0,0.5
860.5333,  1.00000000,1,0,0.0,0.5
860.5667,  1.00000000,1,0,0.025000000000000001,0.5
860.6000,  1.00000000,1,0,0.050000000000000003,0.5
860.6333,  1.00000000,1,0,0.0,0.5
860.6667,  1.00000000,1,0,0.0,0.5
860.7000,  1.00000000,1,0,0.025000000000000001,0.5
860.7333,  1.00000000,1,0,0.0,0.5
860.7667,  1.00000000,1,0,0.025000000000000001,0.5
860.8000,  1.00000000,1,0,0.074999999999999997,0.5
860.8333,  1.00000000,1,0,0.025000000000000001,0.5
860.8667,  1.00000000,1,0,0.050000000000000003,0.5
860.9000,  1.00000000,1,0,0.050000000000000003,0.5
860.9333,  1.00000000,1,0,0.074999999999999997,0.5
860.9667,  1.00000000,1,0,0.050000000000000003,0.5
861.0000,  1.00000000,1,0,0.050000000000000003,0.5
861.0333,  1.00000000,1,0,0.050000000000000003,0.5
861.0667,  1.00000000,1,0,0.0,0.5
861.1000,  1.00000000,1,0,0.025000000000000001,0.5
861.1333,  1.00000000,1,0,0.025000000000000001,0.5
861.1667,  1.00000000,1,0,0.025000000000000001,0.5
861.2000,  1.00000000,1,0,0.025000000000000001,0.5
861.2333,  1.00000000,1,0,0.025000000000000001,0.5
861.2667,  1.00000000,1,0,0.025000000000000001,0.5
861.3000,  1.00000000,1,0,0.025000000000000001,0.5
861.3333,  1.00000000,1,0,0.025000000000000001,0.5
861.3667,  1.00000000,1,0,0.0,0.5
861.4000,  1.00000000,1,0,0.025000000000000001,0.5
861.4333,  1.00000000,1,0,0.0,0.5
861.4667,  1.00000000,1,0,0.025000000000000001,0.5
861.5000,  1.00000000,1,0,0.050000000000000003,0.5
861.5333,  1.00000000,1,0,0.0,0.5
861.5667,  1.00000000,1,0,0.074999999999999997,0.5
861.6000,  1.00000000,1,0,0.050000000000000003,0.5
861.6333,  1.00000000,1,0,0.074999999999999997,0.5
861.6667,  1.00000000,1,0,0.025000000000000001,0.5
861.7000,  1.00000000,1,0,0.050000000000000003,0.5
861.7333,  1.00000000,1,0,0.0,0.5
861.7667,  1.00000000,1,0,0.025000000000000001,0.5
861.8000,  1.00000000,1,0,0.025000000000000001,0.5
861.8333,  1.00000000,1,0,0.025000000000000001,0.5
861.8667,  1.00000000,1,0,0.050000000000000003,0.5
861.9000,  1.00000000,1,0,0.025000000000000001,0.5
861.9333,  1.00000000,1,0,0.025000000000000001,0.5
861.9667,  1.00000000,1,0,0.025000000000000001,0.5
862.0000,  1.00000000,1,0,0.025000000000000001,0.5
862.0333,  1.00000000,1,0,0.025000000000000001,0.5
862.0667,  1.00000000,1,0,0.0,0.5
862.1000,  1.00000000,1,0,0.0,0.5
862.1333,  1.00000000,1,0,0.025000000000000001,0.5
862.1667,  1.00000000,1,0,0.050000000000000003,0.5
862.2000,  1.00000000,1,0,0.025000000000000001,0.5
862.2333,  1.00000000,1,0,0.0,0.5
862.2667,  1.00000000,1,0,0.025000000000000001,0.5
862.3000,  1.00000000,1,0,0.025000000000000001,0.5
862.3333,  1.00000000,1,0,0.0,0.5
862.3667,  1.00000000,1,0,0.0,0.5
862.4000,  1.00000000,1,0,0.0,0.5
862.4333,  1.00000000,1,0,0.0,0.5
862.4667,  1.00000000,1,0,0.0,0.5
862.5000,  1.00000000,1,0,0.025000000000000001,0.5
862.5333,  1.00000000,1,0,0.0,0.5
862.5667,  1.00000000,1,0,0.025000000000000001,0.5
862.6000,  1.00000000,1,0,0.050000000000000003,0.5
862.6333,  1.00000000,1,0,0.025000000000000001,0.5
862.6667,  1.00000000,1,0,0.074999999999999997,0.5
862.7000,  1.00000000,1,0,0.050000000000000003,0.5
862.7333,  1.00000000,1,0,0.050000000000000003,0.5
862.7667,  1.00000000,1,0,0.0,0.5
862.8000,  1.00000000,1,0,0.0,0.5
862.8333,  1.00000000,1,0,0.025000000000000001,0.5
862.8667,  1.00000000,1,0,0.0,0.5
862.9000,  1.00000000,1,0,0.0,0.5
862.9333,  1.00000000,1,0,0.025000000000000001,0.5
862.9667,  1.00000000,1,0,0.0,0.5
863.0000,  1.00000000,1,0,0.025000000000000001,0.5
863.0333,  1.00000000,1,0,0.025000000000000001,0.5
863.0667,  1.00000000,1,0,0.074999999999999997,0.5
863.1000,  1.00000000,1,0,0.050000000000000003,0.5
863.1333,  1.00000000,1,0,0.050000000000000003,0.5
863.1667,  1.00000000,1,0,0.025000000000000001,0.5
863.2000,  1.00000000,1,0,0.025000000000000001,0.5
863.2333,  1.00000000,1,0,0.0,0.5
863.2667,  1.00000000,1,0,0.025000000000000001,0.5
863.3000,  1.00000000,1,0,0.025000000000000001,0.5
863.3333,  1.00000000,1,0,0.025000000000000001,0.5
863.3667,  1.00000000,1,0,0.025000000000000001,0.5
863.4000,  1.00000000,1,0,0.025000000000000001,0.5
863.4333,  1.00000000,1,0,0.025000000000000001,0.5
863.4667,  1.00000000,1,0,0.025000000000000001,0.5
863.5000,  1.00000000,1,0,0.0,0.5
863.5333,  1.00000000,1,0,0.050000000000000003,0.5
863.5667,  1.00000000,1,0,0.025000000000000001,0.5
863.6000,  1.00000000,1,0,0.074999999999999997,0.5
863.6333,  1.00000000,1,0,0.025000000000000001,0.5
863.6667,  1.00000000,1,0,0.025000000000000001,0.5
863.7000,  1.00000000,1,0,0.0,0.5
863.7333,  1.00000000,1,0,0.0,0.5
863.7667,  1.00000000,1,0,0.025000000000000001,0.5
863.8000,  1.00000000,1,0,0.0,0.5
863.8333,  1.00000000,1,0,0.025000000000000001,0.5
863.8667,  1.00000000,1,0,0.0,0.5
863.9000,  1.00000000,1,0,0.0,0.5
863.9333,  1.00000000,1,0,0.0,0.5
863.9667,  1.00000000,1,0,0.0,0.5
864.0000,  1.00000000,1,0,0.0,0.5
864.0333,  1.00000000,1,0,0.0,0.5
864.0667,  1.00000000,1,0,0.025000000000000001,0.5
864.1000,  1.00000000,1,0,0.050000000000000003,0.5
864.1333,  1.00000000,1,0,0.050000000000000003,0.5
864.1667,  1.00000000,1,0,0.025000000000000001,0.5
864.2000,  1.00000000,1,0,0.025000000000000001,0.5
864.2333,  1.00000000,1,0,0.074999999999999997,0.5
864.2667,  1.00000000,1,0,0.050000000000000003,0.5
864.3000,  1.00000000,1,0,0.0,0.5
864.3333,  1.00000000,1,0,0.050000000000000003,0.5
864.3667,  1.00000000,1,0,0.0,0.5
864.4000,  1.00000000,1,0,0.074999999999999997,0.5
864.4333,  1.00000000,1,0,0.025000000000000001,0.5
864.4667,  1.00000000,1,0,0.025000000000000001,0.5
864.5000,  1.00000000,1,0,0.0,0.5
864.5333,  1.00000000,1,0,0.050000000000000003,0.5
864.5667,  1.00000000,1,0,0.025000000000000001,0.5
864.6000,  1.00000000,1,0,0.050000000000000003,0.5
864.6333,  1.00000000,1,0,0.025000000000000001,0.5
864.6667,  1.00000000,1,0,0.025000000000000001,0.5
864.7000,  1.00000000,1,0,0.025000000000000001,0.5
864.7333,  1.00000000,1,0,0.0,0.5
864.7667,  1.00000000,1,0,0.025000000000000001,0.5
864.8000,  1.00000000,1,0,0.0,0.5
864.8333,  1.00000000,1,0,0.025000000000000001,0.5
864.8667,  1.00000000,1,0,0.025000000000000001,0.5
864.9000,  1.00000000,1,0,0.025000000000000001,0.5
864.9333,  1.00000000,1,0,0.074999999999999997,0.5
864.9667,  1.00000000,1,0,0.050000000000000003,0.5
865.0000,  1.00000000,1,0,0.050000000000000003,0.5
865.0333,  1.00000000,1,0,0.025000000000000001,0.5
865.0667,  1.00000000,1,0,0.025000000000000001,0.5
865.1000,  1.00000000,1,0,0.050000000000000003,0.5
865.1333,  1.00000000,1,0,0.050000000000000003,0.5
865.1667,  1.00000000,1,0,0.025000000000000001,0.5
865.2000,  1.00000000,1,0,0.025000000000000001,0.5
865.2333,  1.00000000,1,0,0.025000000000000001,0.5
865.2667,  1.00000000,1,0,0.050000000000000003,0.5
865.3000,  1.00000000,1,0,0.025000000000000001,0.5
865.3333,  1.00000000,1,0,0.025000000000000001,0.5
865.3667,  1.00000000,1,0,0.0,0.5
865.4000,  1.00000000,1,0,0.074999999999999997,0.5
865.4333,  1.00000000,1,0,0.025000000000000001,0.5
865.4667,  1.00000000,1,0,0.0,0.5
865.5000,  1.00000000,1,0,0.050000000000000003,0.5
865.5333,  1.00000000,1,0,0.0,0.5
865.5667,  1.00000000,1,0,0.0,0.5
865.6000,  1.00000000,1,0,0.025000000000000001,0.5
865.6333,  1.00000000,1,0,0.025000000000000001,0.5
865.6667,  1.00000000,1,0,0.025000000000000001,0.5
865.7000,  1.00000000,1,0,0.025000000000000001,0.5
865.7333,  1.00000000,1,0,0.050000000000000003,0.5
865.7667,  1.00000000,1,0,0.025000000000000001,0.5
865.8000,  1.00000000,1,0,0.0,0.5
865.8333,  1.00000000,1,0,0.074999999999999997,0.5
865.8667,  1.00000000,1,0,0.050000000000000003,0.5
865.9000,  1.00000000,1,0,0.025000000000000001,0.5
865.9333,  1.00000000,1,0,0.025000000000000001,0.5
865.9667,  1.00000000,1,0,0.0,0.5
866.0000,  1.00000000,1,0,0.0,0.5
866.0333,  1.00000000,1,0,0.025000000000000001,0.5
866.0667,  1.00000000,1,0,0.0,0.5
866.1000,  1.00000000,1,0,0.0,0.5
866.1333,  1.00000000,1,0,0.050000000000000003,0.5
866.1667,  1.00000000,1,0,0.0,0.5
866.2000,  1.00000000,1,0,0.025000000000000001,0.5
866.2333,  1.00000000,1,0,0.0,0.5
866.2667,  1.00000000,1,0,0.050000000000000003,0.5
866.3000,  1.00000000,1,0,0.025000000000000001,0.5
866.3333,  1.00000000,1,0,0.050000000000000003,0.5
866.3667,  1.00000000,1,0,0.025000000000000001,0.5
866.4000,  1.00000000,1,0,0.025000000000000001,0.5
866.4333,  1.00000000,1,0,0.0,0.5
866.4667,  1.00000000,1,0,0.025000000000000001,0.5
866.5000,  1.00000000,1,0,0.0,0.5
866.5333,  1.00000000,1,0,0.025000000000000001,0.5
866.5667,  1.00000000,1,0,0.0,0.5
866.6000,  1.00000000,1,0,0.025000000000000001,0.5
866.6333,  1.00000000,1,0,0.0,0.5
866.6667,  1.00000000,1,0,0.0,0.5
866.7000,  1.00000000,1,0,0.0,0.5
866.7333,  1.00000000,1,0,0.0,0.5
866.7667,  1.00000000,1,0,0.0,0.5
866.8000,  1.00000000,1,0,0.0,0.5
866.8333,  1.00000000,1,0,0.0,0.5
866.8667,  1.00000000,1,0,0.050000000000000003,0.5
866.9000,  1.00000000,1,0,0.0,0.5
866.9333,  1.00000000,1,0,0.025000000000000001,0.5
866.9667,  1.00000000,1,0,0.025000000000000001,0.5
867.0000,  1.00000000,1,0,0.025000000000000001,0.5
867.0333,  1.00000000,1,0,0.025000000000000001,0.5
867.0667,  1.00000000,1,0,0.0,0.5
867.1000,  1.00000000,1,0,0.025000000000000001,0.5
867.1333,  1.00000000,1,0,0.0,0.5
867.1667,  1.00000000,1,0,0.025000000000000001,0.5
867.2000,  1.00000000,1,0,0.0,0.5
867.2333,  1.00000000,1,0,0.050000000000000003,0.5
867.2667,  1.00000000,1,0,0.050000000000000003,0.5
867.3000,  1.00000000,1,0,0.050000000000000003,0.5
867.3333,  1.00000000,1,0,0.025000000000000001,0.5
867.3667,  1.00000000,1,0,0.025000000000000001,0.5
867.4000,  1.00000000,1,0,0.0,0.5
867.4333,  1.00000000,1,0,0.050000000000000003,0.5
867.4667,  1.00000000,1,0,0.050000000000000003,0.5
867.5000,  1.00000000,1,0,0.025000000000000001,0.5
867.5333,  1.00000000,1,0,0.025000000000000001,0.5
867.5667,  1.00000000,1,0,0.074999999999999997,0.5
867.6000,  1.00000000,1,0,0.025000000000000001,0.5
867.6333,  1.00000000,1,0,0.0,0.5
867.6667,  1.00000000,1,0,0.050000000000000003,0.5
867.7000,  1.00000000,1,0,0.025000000000000001,0.5
867.7333,  1.00000000,1,0,0.025000000000000001,0.5
867.7667,  1.00000000,1,0,0.050000000000000003,0.5
867.8000,  1.00000000,1,0,0.0,0.5
867.8333,  1.00000000,1,0,0.050000000000000003,0.5
867.8667,  1.00000000,1,0,0.025000000000000001,0.5
867.9000,  1.00000000,1,0,0.025000000000000001,0.5
867.9333,  1.00000000,1,0,0.025000000000000001,0.5
867.9667,  1.00000000,1,0,0.0,0.5
868.0000,  1.00000000,1,0,0.025000000000000001,0.5
868.0333,  1.00000000,1,0,0.025000000000000001,0.5
868.0667,  1.00000000,1,0,0.050000000000000003,0.5
868.1000,  1.00000000,1,0,0.050000000000000003,0.5
868.1333,  1.00000000,1,0,0.0,0.5
868.1667,  1.00000000,1,0,0.0,0.5
868.2000,  1.00000000,1,0,0.025000000000000001,0.5
868.2333,  1.00000000,1,0,0.0,0.5
868.2667,  1.00000000,1,0,0.025000000000000001,0.5
868.3000,  1.00000000,1,0,0.025000000000000001,0.5
868.3333,  1.00000000,1,0,0.050000000000000003,0.5
868.3667,  1.00000000,1,0,0.0,0.5
868.4000,  1.00000000,1,0,0.0,0.5
868.4333,  1.00000000,1,0,0.0,0.5
868.4667,  1.00000000,1,0,0.050000000000000003,0.5
868.5000,  1.00000000,1,0,0.0,0.5
868.5333,  1.00000000,1,0,0.0,0.5
868.5667,  1.00000000,1,0,0.0,0.5
868.6000,  1.00000000,1,0,0.050000000000000003,0.5
868.6333,  1.00000000,1,0,0.025000000000000001,0.5
868.6667,  1.00000000,1,0,0.0,0.5
868.7000,  1.00000000,1,0,0.0,0.5
868.7333,  1.00000000,1,0,0.0,0.5
868.7667,  1.00000000,1,0,0.0,0.5
868.8000,  1.00000000,1,0,0.050000000000000003,0.5
868.8333,  1.00000000,1,0,0.025000000000000001,0.5
868.8667,  1.00000000,1,0,0.0,0.5
868.9000,  1.00000000,1,0,0.0,0.5
868.9333,  1.00000000,1,0,0.025000000000000001,0.5
868.9667,  1.00000000,1,0,0.050000000000000003,0.5
869.0000,  1.00000000,1,0,0.0,0.5
869.0333,  1.00000000,1,0,0.025000000000000001,0.5
869.0667,  1.00000000,1,0,0.050000000000000003,0.5
869.1000,  1.00000000,1,0,0.0,0.5
869.1333,  1.00000000,1,0,0.025000000000000001,0.5
869.1667,  1.00000000,1,0,0.0,0.5
869.2000,  1.00000000,1,0,0.025000000000000001,0.5
869.2333,  1.00000000,1,0,0.0,0.5
869.2667,  1.00000000,1,0,0.0,0.5
869.3000,  1.00000000,1,0,0.0,0.5
869.3333,  1.00000000,1,0,0.0,0.5
869.3667,  1.00000000,1,0,0.0,0.5
869.4000,  1.00000000,1,0,0.050000000000000003,0.5
869.4333,  1.00000000,1,0,0.050000000000000003,0.5
869.4667,  1.00000000,1,0,0.050000000000000003,0.5
869.5000,  1.00000000,1,0,0.0,0.5
869.5333,  1.00000000,1,0,0.025000000000000001,0.5
869.5667,  1.00000000,1,0,0.050000000000000003,0.5
869.6000,  1.00000000,1,0,0.025000000000000001,0.5
869.6333,  1.00000000,1,0,0.025000000000000001,0.5
869.6667,  1.00000000,1,0,0.025000000000000001,0.5
869.7000,  1.00000000,1,0,0.025000000000000001,0.5
869.7333,  1.00000000,1,0,0.025000000000000001,0.5
869.7667,  1.00000000,1,0,0.0,0.5
869.8000,  1.00000000,1,0,0.0,0.5
869.8333,  1.00000000,1,0,0.025000000000000001,0.5
869.8667,  1.00000000,1,0,0.050000000000000003,0.5
869.9000,  1.00000000,1,0,0.025000000000000001,0.5
869.9333,  1.00000000,1,0,0.025000000000000001,0.5
869.9667,  1.00000000,1,0,0.025000000000000001,0.5
870.0000,  1.00000000,1,0,0.0,0.5
870.0333,  1.00000000,1,0,0.0,0.5
870.0667,  1.00000000,1,0,0.025000000000000001,0.5
870.1000,  1.00000000,1,0,0.0,0.5
870.1333,  1.00000000,1,0,0.0,0.5
870.1667,  1.00000000,1,0,0.025000000000000001,0.5
870.2000,  1.00000000,1,0,0.025000000000000001,0.5
870.2333,  1.00000000,1,0,0.0,0.5
870.2667,  1.00000000,1,0,0.0,0.5
870.3000,  1.00000000,1,0,0.025000000000000001,0.5
870.3333,  1.00000000,1,0,0.025000000000000001,0.5
870.3667,  1.00000000,1,0,0.0,0.5
870.4000,  1.00000000,1,0,0.0,0.5
870.4333,  1.00000000,1,0,0.0,0.5
870.4667,  1.00000000,1,0,0.0,0.5
870.5000,  1.00000000,1,0,0.025000000000000001,0.5
870.5333,  1.00000000,1,0,0.025000000000000001,0.5
870.5667,  1.00000000,1,0,0.0,0.5
870.6000,  1.00000000,1,0,0.025000000000000001,0.5
870.6333,  1.00000000,1,0,0.025000000000000001,0.5
870.6667,  1.00000000,1,0,0.025000000000000001,0.5
870.7000,  1.00000000,1,0,0.025000000000000001,0.5
870.7333,  1.00000000,1,0,0.0,0.5
870.7667,  1.00000000,1,0,0.0,0.5
870.8000,  1.00000000,1,0,0.025000000000000001,0.5
870.8333,  1.00000000,1,0,0.0,0.5
870.8667,  1.00000000,1,0,0.0,0.5
870.9000,  1.00000000,1,0,0.0,0.5
870.9333,  1.00000000,1,0,0.050000000000000003,0.5
870.9667,  1.00000000,1,0,0.050000000000000003,0.5
871.0000,  1.00000000,1,0,0.0,0.5
871.0333,  1.00000000,1,0,0.025000000000000001,0.5
871.0667,  1.00000000,1,0,0.0,0.5
871.1000,  1.00000000,1,0,0.025000000000000001,0.5
871.1333,  1.00000000,1,0,0.0,0.5
871.1667,  1.00000000,1,0,0.0,0.5
871.2000,  1.00000000,1,0,0.0,0.5
871.2333,  1.00000000,1,0,0.025000000000000001,0.5
871.2667,  1.00000000,1,0,0.0,0.5
871.3000,  1.00000000,1,0,0.050000000000000003,0.5
871.3333,  1.00000000,1,0,0.0,0.5
871.3667,  1.00000000,1,0,0.0,0.5
871.4000,  1.00000000,1,0,0.0,0.5
871.4333,  1.00000000,1,0,0.025000000000000001,0.5
871.4667,  1.00000000,1,0,0.025000000000000001,0.5
871.5000,  1.00000000,1,0,0.0,0.5
871.5333,  1.00000000,1,0,0.050000000000000003,0.5
871.5667,  1.00000000,1,0,0.050000000000000003,0.5
871.6000,  1.00000000,1,0,0.0,0.5
871.6333,  1.00000000,1,0,0.025000000000000001,0.5
871.6667,  1.00000000,1,0,0.025000000000000001,0.5
871.7000,  1.00000000,1,0,0.0,0.5
871.7333,  1.00000000,1,0,0.050000000000000003,0.5
871.7667,  1.00000000,1,0,0.025000000000000001,0.5
871.8000,  1.00000000,1,0,0.0,0.5
871.8333,  1.00000000,1,0,0.025000000000000001,0.5
871.8667,  1.00000000,1,0,0.0,0.5
871.9000,  1.00000000,1,0,0.0,0.5
871.9333,  1.00000000,1,0,0.025000000000000001,0.5
871.9667,  1.00000000,1,0,0.025000000000000001,0.5
872.0000,  1.00000000,1,0,0.025000000000000001,0.5
872.0333,  1.00000000,1,0,0.0,0.5
872.0667,  1.00000000,1,0,0.050000000000000003,0.5
872.1000,  1.00000000,1,0,0.050000000000000003,0.5
872.1333,  1.00000000,1,0,0.025000000000000001,0.5
872.1667,  1.00000000,1,0,0.050000000000000003,0.5
872.2000,  1.00000000,1,0,0.050000000000000003,0.5
872.2333,  1.00000000,1,0,0.050000000000000003,0.5
872.2667,  1.00000000,1,0,0.025000000000000001,0.5
872.3000,  1.00000000,1,0,0.025000000000000001,0.5
872.3333,  1.00000000,1,0,0.074999999999999997,0.5
872.3667,  1.00000000,1,0,0.025000000000000001,0.5
872.4000,  1.00000000,1,0,0.0,0.5
872.4333,  1.00000000,1,0,0.025000000000000001,0.5
872.4667,  1.00000000,1,0,0.025000000000000001,0.5
872.5000,  1.00000000,1,0,0.025000000000000001,0.5
872.5333,  1.00000000,1,0,0.0,0.5
872.5667,  1.00000000,1,0,0.0,0.5
872.6000,  1.00000000,1,0,0.025000000000000001,0.5
872.6333,  1.00000000,1,0,0.025000000000000001,0.5
872.6667,  1.00000000,1,0,0.0,0.5
872.7000,  1.00000000,1,0,0.0,0.5
872.7333,  1.00000000,1,0,0.0,0.5
872.7667,  1.00000000,1,0,0.0,0.5
872.8000,  1.00000000,1,0,0.0,0.5
872.8333,  1.00000000,1,0,0.025000000000000001,0.5
872.8667,  1.00000000,1,0,0.0,0.5
872.9000,  1.00000000,1,0,0.0,0.5
872.9333,  1.00000000,1,0,0.0,0.5
872.9667,  1.00000000,1,0,0.0,0.5
873.0000,  1.00000000,1,0,0.0,0.5
873.0333,  1.00000000,1,0,0.0,0.5
873.0667,  1.00000000,1,0,0.025000000000000001,0.5
873.1000,  1.00000000,1,0,0.025000000000000001,0.5
873.1333,  1.00000000,1,0,0.050000000000000003,0.5
873.1667,  1.00000000,1,0,0.0,0.5
873.2000,  1.00000000,1,0,0.025000000000000001,0.5
873.2333,  1.00000000,1,0,0.025000000000000001,0.5
873.2667,  1.00000000,1,0,0.0,0.5
873.3000,  1.00000000,1,0,0.050000000000000003,0.5
873.3333,  1.00000000,1,0,0.0,0.5
873.3667,  1.00000000,1,0,0.050000000000000003,0.5
873.4000,  1.00000000,1,0,0.050000000000000003,0.5
873.4333,  1.00000000,1,0,0.050000000000000003,0.5
873.4667,  1.00000000,1,0,0.025000000000000001,0.5
873.5000,  1.00000000,1,0,0.025000000000000001,0.5
873.5333,  1.00000000,1,0,0.0,0.5
873.5667,  1.00000000,1,0,0.025000000000000001,0.5
873.6000,  1.00000000,1,0,0.025000000000000001,0.5
873.6333,  1.00000000,1,0,0.025000000000000001,0.5
873.6667,  1.00000000,1,0,0.0,0.5
873.7000,  1.00000000,1,0,0.0,0.5
873.7333,  1.00000000,1,0,0.0,0.5
873.7667,  1.00000000,1,0,0.0,0.5
873.8000,  1.00000000,1,0,0.025000000000000001,0.5
873.8333,  1.00000000,1,0,0.025000000000000001,0.5
873.8667,  1.00000000,1,0,0.025000000000000001,0.5
873.9000,  1.00000000,1,0,0.025000000000000001,0.5
873.9333,  1.00000000,1,0,0.025000000000000001,0.5
873.9667,  1.00000000,1,0,0.025000000000000001,0.5
874.0000,  1.00000000,1,0,0.074999999999999997,0.5
874.0333,  1.00000000,1,0,0.025000000000000001,0.5
874.0667,  1.00000000,1,0,0.025000000000000001,0.5
874.1000,  1.00000000,1,0,0.0,0.5
874.1333,  1.00000000,1,0,0.0,0.5
874.1667,  1.00000000,1,0,0.025000000000000001,0.5
874.2000,  1.00000000,1,0,0.025000000000000001,0.5
874.2333,  1.00000000,1,0,0.050000000000000003,0.5
874.2667,  1.00000000,1,0,0.025000000000000001,0.5
874.3000,  1.00000000,1,0,0.025000000000000001,0.5
874.3333,  1.00000000,1,0,0.025000000000000001,0.5
874.3667,  1.00000000,1,0,0.0,0.5
874.4000,  1.00000000,1,0,0.025000000000000001,0.5
874.4333,  1.00000000,1,0,0.050000000000000003,0.5
874.4667,  1.00000000,1,0,0.025000000000000001,0.5
874.5000,  1.00000000,1,0,0.025000000000000001,0.5
874.5333,  1.00000000,1,0,0.025000000000000001,0.5
874.5667,  1.00000000,1,0,0.025000000000000001,0.5
874.6000,  1.00000000,1,0,0.0,0.5
874.6333,  1.00000000,1,0,0.0,0.5
874.6667,  1.00000000,1,0,0.0,0.5
874.7000,  1.00000000,1,0,0.050000000000000003,0.5
874.7333,  1.00000000,1,0,0.025000000000000001,0.5
874.7667,  1.00000000,1,0,0.0,0.5
874.8000,  1.00000000,1,0,0.025000000000000001,0.5
874.8333,  1.00000000,1,0,0.025000000000000001,0.5
874.8667,  1.00000000,1,0,0.050000000000000003,0.5
874.9000,  1.00000000,1,0,0.025000000000000001,0.5
874.9333,  1.00000000,1,0,0.0,0.5
874.9667,  1.00000000,1,0,0.0,0.5
875.0000,  1.00000000,1,0,0.0,0.5
875.0333,  1.00000000,1,0,0.025000000000000001,0.5
875.0667,  1.00000000,1,0,0.025000000000000001,0.5
875.1000,  1.00000000,1,0,0.050000000000000003,0.5
875.1333,  1.00000000,1,0,0.0,0.5
875.1667,  1.00000000,1,0,0.050000000000000003,0.5
875.2000,  1.00000000,1,0,0.025000000000000001,0.5
875.2333,  1.00000000,1,0,0.0,0.5
875.2667,  1.00000000,1,0,0.025000000000000001,0.5
875.3000,  1.00000000,1,0,0.0,0.5
875.3333,  1.00000000,1,0,0.025000000000000001,0.5
875.3667,  1.00000000,1,0,0.050000000000000003,0.5
875.4000,  1.00000000,1,0,0.050000000000000003,0.5
875.4333,  1.00000000,1,0,0.050000000000000003,0.5
875.4667,  1.00000000,1,0,0.0,0.5
875.5000,  1.00000000,1,0,0.025000000000000001,0.5
875.5333,  1.00000000,1,0,0.0,0.5
875.5667,  1.00000000,1,0,0.025000000000000001,0.5
875.6000,  1.00000000,1,0,0.025000000000000001,0.5
875.6333,  1.00000000,1,0,0.025000000000000001,0.5
875.6667,  1.00000000,1,0,0.025000000000000001,0.5
875.7000,  1.00000000,1,0,0.0,0.5
875.7333,  1.00000000,1,0,0.0,0.5
875.7667,  1.00000000,1,0,0.0,0.5
875.8000,  1.00000000,1,0,0.025000000000000001,0.5
875.8333,  1.00000000,1,0,0.0,0.5
875.8667,  1.00000000,1,0,0.0,0.5
875.9000,  1.00000000,1,0,0.025000000000000001,0.5
875.9333,  1.00000000,1,0,0.0,0.5
875.9667,  1.00000000,1,0,0.0,0.5
876.0000,  1.00000000,1,0,0.0,0.5
876.0333,  1.00000000,1,0,0.0,0.5
876.0667,  1.00000000,1,0,0.0,0.5
876.1000,  1.00000000,1,0,0.0,0.5
876.1333,  1.00000000,1,0,0.0,0.5
876.1667,  1.00000000,1,0,0.025000000000000001,0.5
876.2000,  1.00000000,1,0,0.0,0.5
876.2333,  1.00000000,1,0,0.025000000000000001,0.5
876.2667,  1.00000000,1,0,0.050000000000000003,0.5
876.3000,  1.00000000,1,0,0.025000000000000001,0.5
876.3333,  1.00000000,1,0,0.025000000000000001,0.5
876.3667,  1.00000000,1,0,0.025000000000000001,0.5
876.4000,  1.00000000,1,0,0.0,0.5
876.4333,  1.00000000,1,0,0.025000000000000001,0.5
876.4667,  1.00000000,1,0,0.050000000000000003,0.5
876.5000,  1.00000000,1,0,0.025000000000000001,0.5
876.5333,  1.00000000,1,0,0.025000000000000001,0.5
876.5667,  1.00000000,1,0,0.025000000000000001,0.5
876.6000,  1.00000000,1,0,0.025000000000000001,0.5
876.6333,  1.00000000,1,0,0.025000000000000001,0.5
876.6667,  1.00000000,1,0,0.0,0.5
876.7000,  1.00000000,1,0,0.0,0.5
876.7333,  1.00000000,1,0,0.0,0.5
876.7667,  1.00000000,1,0,0.0,0.5
876.8000,  1.00000000,1,0,0.025000000000000001,0.5
876.8333,  1.00000000,1,0,0.025000000000000001,0.5
876.8667,  1.00000000,1,0,0.074999999999999997,0.5
876.9000,  1.00000000,1,0,0.050000000000000003,0.5
876.9333,  1.00000000,1,0,0.050000000000000003,0.5
876.9667,  1.00000000,1,0,0.025000000000000001,0.5
877.0000,  1.00000000,1,0,0.0,0.5
877.0333,  1.00000000,1,0,0.0,0.5
877.0667,  1.00000000,1,0,0.025000000000000001,0.5
877.1000,  1.00000000,1,0,0.025000000000000001,0.5
877.1333,  1.00000000,1,0,0.0,0.5
877.1667,  1.00000000,1,0,0.025000000000000001,0.5
877.2000,  1.00000000,1,0,0.0,0.5
877.2333,  1.00000000,1,0,0.0,0.5
877.2667,  1.00000000,1,0,0.025000000000000001,0.5
877.3000,  1.00000000,1,0,0.025000000000000001,0.5
877.3333,  1.00000000,1,0,0.025000000000000001,0.5
877.3667,  1.00000000,1,0,0.0,0.5
877.4000,  1.00000000,1,0,0.025000000000000001,0.5
877.4333,  1.00000000,1,0,0.050000000000000003,0.5
877.4667,  1.00000000,1,0,0.0,0.5
877.5000,  1.00000000,1,0,0.0,0.5
877.5333,  1.00000000,1,0,0.0,0.5
877.5667,  1.00000000,1,0,0.0,0.5
877.6000,  1.00000000,1,0,0.025000000000000001,0.5
877.6333,  1.00000000,1,0,0.025000000000000001,0.5
877.6667,  1.00000000,1,0,0.025000000000000001,0.5
877.7000,  1.00000000,1,0,0.0,0.5
877.7333,  1.00000000,1,0,0.0,0.5
877.7667,  1.00000000,1,0,0.025000000000000001,0.5
877.8000,  1.00000000,1,0,0.050000000000000003,0.5
877.8333,  1.00000000,1,0,0.025000000000000001,0.5
877.8667,  1.00000000,1,0,0.025000000000000001,0.5
877.9000,  1.00000000,1,0,0.050000000000000003,0.5
877.9333,  1.00000000,1,0,0.025000000000000001,0.5
877.9667,  1.00000000,1,0,0.025000000000000001,0.5
878.0000,  1.00000000,1,0,0.050000000000000003,0.5
878.0333,  1.00000000,1,0,0.025000000000000001,0.5
878.0667,  1.00000000,1,0,0.025000000000000001,0.5
878.1000,  1.00000000,1,0,0.025000000000000001,0.5
878.1333,  1.00000000,1,0,0.025000000000000001,0.5
878.1667,  1.00000000,1,0,0.0,0.5
878.2000,  1.00000000,1,0,0.074999999999999997,0.5
878.2333,  1.00000000,1,0,0.050000000000000003,0.5
878.2667,  1.00000000,1,0,0.0,0.5
878.3000,  1.00000000,1,0,0.025000000000000001,0.5
878.3333,  1.00000000,1,0,0.050000000000000003,0.5
878.3667,  1.00000000,1,0,0.050000000000000003,0.5
878.4000,  1.00000000,1,0,0.0,0.5
878.4333,  1.00000000,1,0,0.0,0.5
878.4667,  1.00000000,1,0,0.0,0.5
878.5000,  1.00000000,1,0,0.025000000000000001,0.5
878.5333,  1.00000000,1,0,0.0,0.5
878.5667,  1.00000000,1,0,0.0,0.5
878.6000,  1.00000000,1,0,0.025000000000000001,0.5
878.6333,  1.00000000,1,0,0.025000000000000001,0.5
878.6667,  1.00000000,1,0,0.025000000000000001,0.5
878.7000,  1.00000000,1,0,0.025000000000000001,0.5
878.7333,  1.00000000,1,0,0.050000000000000003,0.5
878.7667,  1.00000000,1,0,0.0,0.5
878.8000,  1.00000000,1,0,0.074999999999999997,0.5
878.8333,  1.00000000,1,0,0.0,0.5
878.8667,  1.00000000,1,0,0.0,0.5
878.9000,  1.00000000,1,0,0.0,0.5
878.9333,  1.00000000,1,0,0.0,0.5
878.9667,  1.00000000,1,0,0.0,0.5
879.0000,  1.00000000,1,0,0.0,0.5
879.0333,  1.00000000,1,0,0.025000000000000001,0.5
879.0667,  1.00000000,1,0,0.025000000000000001,0.5
879.1000,  1.00000000,1,0,0.0,0.5
879.1333,  1.00000000,1,0,0.0,0.5
879.1667,  1.00000000,1,0,0.025000000000000001,0.5
879.2000,  1.00000000,1,0,0.0,0.5
879.2333,  1.00000000,1,0,0.0,0.5
879.2667,  1.00000000,1,0,0.025000000000000001,0.5
879.3000,  1.00000000,1,0,0.025000000000000001,0.5
879.3333,  1.00000000,1,0,0.025000000000000001,0.5
879.3667,  1.00000000,1,0,0.0,0.5
879.4000,  1.00000000,1,0,0.025000000000000001,0.5
879.4333,  1.00000000,1,0,0.025000000000000001,0.5
879.4667,  1.00000000,1,0,0.074999999999999997,0.5
879.5000,  1.00000000,1,0,0.0,0.5
879.5333,  1.00000000,1,0,0.0,0.5
879.5667,  1.00000000,1,0,0.0,0.5
879.6000,  1.00000000,1,0,0.0,0.5
879.6333,  1.00000000,1,0,0.0,0.5
879.6667,  1.00000000,1,0,0.0,0.5
879.7000,  1.00000000,1,0,0.0,0.5
879.7333,  1.00000000,1,0,0.0,0.5
879.7667,  1.00000000,1,0,0.0,0.5
879.8000,  1.00000000,1,0,0.025000000000000001,0.5
879.8333,  1.00000000,1,0,0.0,0.5
879.8667,  1.00000000,1,0,0.0,0.5
879.9000,  1.00000000,1,0,0.025000000000000001,0.5
879.9333,  1.00000000,1,0,0.0,0.5
879.9667,  1.00000000,1,0,0.0,0.5
880.0000,  1.00000000,1,0,0.0,0.5
880.0333,  1.00000000,1,0,0.025000000000000001,0.5
880.0667,  1.00000000,1,0,0.025000000000000001,0.5
880.1000,  1.00000000,1,0,0.025000000000000001,0.5
880.1333,  1.00000000,1,0,0.0,0.5
880.1667,  1.00000000,1,0,0.0,0.5
880.2000,  1.00000000,1,0,0.0,0.5
880.2333,  1.00000000,1,0,0.0,0.5
880.2667,  1.00000000,1,0,0.0,0.5
880.3000,  1.00000000,1,0,0.050000000000000003,0.5
880.3333,  1.00000000,1,0,0.025000000000000001,0.5
880.3667,  1.00000000,1,0,0.0,0.5
880.4000,  1.00000000,1,0,0.025000000000000001,0.5
880.4333,  1.00000000,1,0,0.025000000000000001,0.5
880.4667,  1.00000000,1,0,0.025000000000000001,0.5
880.5000,  1.00000000,1,0,0.025000000000000001,0.5
880.5333,  1.00000000,1,0,0.0,0.5
880.5667,  1.00000000,1,0,0.0,0.5
880.6000,  1.00000000,1,0,0.0,0.5
880.6333,  1.00000000,1,0,0.025000000000000001,0.5
880.6667,  1.00000000,1,0,0.025000000000000001,0.5
880.7000,  1.00000000,1,0,0.050000000000000003,0.5
880.7333,  1.00000000,1,0,0.025000000000000001,0.5
880.7667,  1.00000000,1,0,0.025000000000000001,0.5
880.8000,  1.00000000,1,0,0.025000000000000001,0.5
880.8333,  1.00000000,1,0,0.0,0.5
880.8667,  1.00000000,1,0,0.025000000000000001,0.5
880.9000,  1.00000000,1,0,0.0,0.5
880.9333,  1.00000000,1,0,0.025000000000000001,0.5
880.9667,  1.00000000,1,0,0.025000000000000001,0.5
881.0000,  1.00000000,1,0,0.050000000000000003,0.5
881.0333,  1.00000000,1,0,0.025000000000000001,0.5
881.0667,  1.00000000,1,0,0.0,0.5
881.1000,  1.00000000,1,0,0.025000000000000001,0.5
881.1333,  1.00000000,1,0,0.050000000000000003,0.5
881.1667,  1.00000000,1,0,0.050000000000000003,0.5
881.2000,  1.00000000,1,0,0.025000000000000001,0.5
881.2333,  1.00000000,1,0,0.0,0.5
881.2667,  1.00000000,1,0,0.050000000000000003,0.5
881.3000,  1.00000000,1,0,0.0,0.5
881.3333,  1.00000000,1,0,0.025000000000000001,0.5
881.3667,  1.00000000,1,0,0.025000000000000001,0.5
881.4000,  1.00000000,1,0,0.025000000000000001,0.5
881.4333,  1.00000000,1,0,0.025000000000000001,0.5
881.4667,  1.00000000,1,0,0.050000000000000003,0.5
881.5000,  1.00000000,1,0,0.0,0.5
881.5333,  1.00000000,1,0,0.025000000000000001,0.5
881.5667,  1.00000000,1,0,0.050000000000000003,0.5
881.6000,  1.00000000,1,0,0.025000000000000001,0.5
881.6333,  1.00000000,1,0,0.025000000000000001,0.5
881.6667,  1.00000000,1,0,0.025000000000000001,0.5
881.7000,  1.00000000,1,0,0.025000000000000001,0.5
881.7333,  1.00000000,1,0,0.0,0.5
881.7667,  1.00000000,1,0,0.025000000000000001,0.5
881.8000,  1.00000000,1,0,0.025000000000000001,0.5
881.8333,  1.00000000,1,0,0.0,0.5
881.8667,  1.00000000,1,0,0.074999999999999997,0.5
881.9000,  1.00000000,1,0,0.025000000000000001,0.5
881.9333,  1.00000000,1,0,0.025000000000000001,0.5
881.9667,  1.00000000,1,0,0.025000000000000001,0.5
882.0000,  1.00000000,1,0,0.025000000000000001,0.5
882.0333,  1.00000000,1,0,0.0,0.5
882.0667,  1.00000000,1,0,0.025000000000000001,0.5
882.1000,  1.00000000,1,0,0.025000000000000001,0.5
882.1333,  1.00000000,1,0,0.025000000000000001,0.5
882.1667,  1.00000000,1,0,0.0,0.5
882.2000,  1.00000000,1,0,0.074999999999999997,0.5
882.2333,  1.00000000,1,0,0.0,0.5
882.2667,  1.00000000,1,0,0.0,0.5
882.3000,  1.00000000,1,0,0.025000000000000001,0.5
882.3333,  1.00000000,1,0,0.025000000000000001,0.5
882.3667,  1.00000000,1,0,0.0,0.5
882.4000,  1.00000000,1,0,0.0,0.5
882.4333,  1.00000000,1,0,0.0,0.5
882.4667,  1.00000000,1,0,0.0,0.5
882.5000,  1.00000000,1,0,0.0,0.5
882.5333,  1.00000000,1,0,0.025000000000000001,0.5
882.5667,  1.00000000,1,0,0.050000000000000003,0.5
882.6000,  1.00000000,1,0,0.050000000000000003,0.5
882.6333,  1.00000000,1,0,0.050000000000000003,0.5
882.6667,  1.00000000,1,0,0.0,0.5
882.7000,  1.00000000,1,0,0.0,0.5
882.7333,  1.00000000,1,0,0.0,0.5
882.7667,  1.00000000,1,0,0.0,0.5
882.8000,  1.00000000,1,0,0.025000000000000001,0.5
882.8333,  1.00000000,1,0,0.025000000000000001,0.5
882.8667,  1.00000000,1,0,0.025000000000000001,0.5
882.9000,  1.00000000,1,0,0.050000000000000003,0.5
882.9333,  1.00000000,1,0,0.0,0.5
882.9667,  1.00000000,1,0,0.0,0.5
883.0000,  1.00000000,1,0,0.0,0.5
883.0333,  1.00000000,1,0,0.0,0.5
883.0667,  1.00000000,1,0,0.0,0.5
883.1000,  1.00000000,1,0,0.050000000000000003,0.5
883.1333,  1.00000000,1,0,0.025000000000000001,0.5
883.1667,  1.00000000,1,0,0.0,0.5
883.2000,  1.00000000,1,0,0.025000000000000001,0.5
883.2333,  1.00000000,1,0,0.074999999999999997,0.5
883.2667,  1.00000000,1,0,0.025000000000000001,0.5
883.3000,  1.00000000,1,0,0.025000000000000001,0.5
883.3333,  1.00000000,1,0,0.025000000000000001,0.5
883.3667,  1.00000000,1,0,0.050000000000000003,0.5
883.4000,  1.00000000,1,0,0.025000000000000001,0.5
883.4333,  1.00000000,1,0,0.025000000000000001,0.5
883.4667,  1.00000000,1,0,0.025000000000000001,0.5
883.5000,  1.00000000,1,0,0.050000000000000003,0.5
883.5333,  1.00000000,1,0,0.025000000000000001,0.5
883.5667,  1.00000000,1,0,0.025000000000000001,0.5
883.6000,  1.00000000,1,0,0.025000000000000001,0.5
883.6333,  1.00000000,1,0,0.025000000000000001,0.5
883.6667,  1.00000000,1,0,0.050000000000000003,0.5
883.7000,  1.00000000,1,0,0.025000000000000001,0.5
883.7333,  1.00000000,1,0,0.0,0.5
883.7667,  1.00000000,1,0,0.025000000000000001,0.5
883.8000,  1.00000000,1,0,0.025000000000000001,0.5
883.8333,  1.00000000,1,0,0.025000000000000001,0.5
883.8667,  1.00000000,1,0,0.0,0.5
883.9000,  1.00000000,1,0,0.0,0.5
883.9333,  1.00000000,1,0,0.025000000000000001,0.5
883.9667,  1.00000000,1,0,0.025000000000000001,0.5
884.0000,  1.00000000,1,0,0.0,0.5
884.0333,  1.00000000,1,0,0.0,0.5
884.0667,  1.00000000,1,0,0.025000000000000001,0.5
884.1000,  1.00000000,1,0,0.025000000000000001,0.5
884.1333,  1.00000000,1,0,0.025000000000000001,0.5
884.1667,  1.00000000,1,0,0.025000000000000001,0.5
884.2000,  1.00000000,1,0,0.0,0.5
884.2333,  1.00000000,1,0,0.025000000000000001,0.5
884.2667,  1.00000000,1,0,0.025000000000000001,0.5
884.3000,  1.00000000,1,0,0.0,0.5
884.3333,  1.00000000,1,0,0.050000000000000003,0.5
884.3667,  1.00000000,1,0,0.074999999999999997,0.5
884.4000,  1.00000000,1,0,0.025000000000000001,0.5
884.4333,  1.00000000,1,0,0.050000000000000003,0.5
884.4667,  1.00000000,1,0,0.050000000000000003,0.5
884.5000,  1.00000000,1,0,0.050000000000000003,0.5
884.5333,  1.00000000,1,0,0.025000000000000001,0.5
884.5667,  1.00000000,1,0,0.0,0.5
884.6000,  1.00000000,1,0,0.050000000000000003,0.5
884.6333,  1.00000000,1,0,0.050000000000000003,0.5
884.6667,  1.00000000,1,0,0.0,0.5
884.7000,  1.00000000,1,0,0.025000000000000001,0.5
884.7333,  1.00000000,1,0,0.025000000000000001,0.5
884.7667,  1.00000000,1,0,0.025000000000000001,0.5
884.8000,  1.00000000,1,0,0.050000000000000003,0.5
884.8333,  1.00000000,1,0,0.0,0.5
884.8667,  1.00000000,1,0,0.050000000000000003,0.5
884.9000,  1.00000000,1,0,0.025000000000000001,0.5
884.9333,  1.00000000,1,0,0.025000000000000001,0.5
884.9667,  1.00000000,1,0,0.0,0.5
885.0000,  1.00000000,1,0,0.025000000000000001,0.5
885.0333,  1.00000000,1,0,0.0,0.5
885.0667,  1.00000000,1,0,0.050000000000000003,0.5
885.1000,  1.00000000,1,0,0.0,0.5
885.1333,  1.00000000,1,0,0.025000000000000001,0.5
885.1667,  1.00000000,1,0,0.0,0.5
885.2000,  1.00000000,1,0,0.025000000000000001,0.5
885.2333,  1.00000000,1,0,0.0,0.5
885.2667,  1.00000000,1,0,0.025000000000000001,0.5
885.3000,  1.00000000,1,0,0.025000000000000001,0.5
885.3333,  1.00000000,1,0,0.050000000000000003,0.5
885.3667,  1.00000000,1,0,0.0,0.5
885.4000,  1.00000000,1,0,0.0,0.5
885.4333,  1.00000000,1,0,0.025000000000000001,0.5
885.4667,  1.00000000,1,0,0.050000000000000003,0.5
885.5000,  1.00000000,1,0,0.025000000000000001,0.5
885.5333,  1.00000000,1,0,0.025000000000000001,0.5
885.5667,  1.00000000,1,0,0.025000000000000001,0.5
885.6000,  1.00000000,1,0,0.025000000000000001,0.5
885.6333,  1.00000000,1,0,0.050000000000000003,0.5
885.6667,  1.00000000,1,0,0.0,0.5
885.7000,  1.00000000,1,0,0.050000000000000003,0.5
885.7333,  1.00000000,1,0,0.0,0.5
885.7667,  1.00000000,1,0,0.0,0.5
885.8000,  1.00000000,1,0,0.0,0.5
885.8333,  1.00000000,1,0,0.025000000000000001,0.5
885.8667,  1.00000000,1,0,0.0,0.5
885.9000,  1.00000000,1,0,0.0,0.5
885.9333,  1.00000000,1,0,0.0,0.5
885.9667,  1.00000000,1,0,0.025000000000000001,0.5
886.0000,  1.00000000,1,0,0.025000000000000001,0.5
886.0333,  1.00000000,1,0,0.0,0.5
886.0667,  1.00000000,1,0,0.025000000000000001,0.5
886.1000,  1.00000000,1,0,0.025000000000000001,0.5
886.1333,  1.00000000,1,0,0.0,0.5
886.1667,  1.00000000,1,0,0.025000000000000001,0.5
886.2000,  1.00000000,1,0,0.025000000000000001,0.5
886.2333,  1.00000000,1,0,0.0,0.5
886.2667,  1.00000000,1,0,0.025000000000000001,0.5
886.3000,  1.00000000,1,0,0.0,0.5
886.3333,  1.00000000,1,0,0.0,0.5
886.3667,  1.00000000,1,0,0.0,0.5
886.4000,  1.00000000,1,0,0.025000000000000001,0.5
886.4333,  1.00000000,1,0,0.050000000000000003,0.5
886.4667,  1.00000000,1,0,0.0,0.5
886.5000,  1.00000000,1,0,0.025000000000000001,0.5
886.5333,  1.00000000,1,0,0.025000000000000001,0.5
886.5667,  1.00000000,1,0,0.025000000000000001,0.5
886.6000,  1.00000000,1,0,0.025000000000000001,0.5
886.6333,  1.00000000,1,0,0.0,0.5
886.6667,  1.00000000,1,0,0.025000000000000001,0.5
886.7000,  1.00000000,1,0,0.025000000000000001,0.5
886.7333,  1.00000000,1,0,0.025000000000000001,0.5
886.7667,  1.00000000,1,0,0.025000000000000001,0.5
886.8000,  1.00000000,1,0,0.0,0.5
886.8333,  1.00000000,1,0,0.025000000000000001,0.5
886.8667,  1.00000000,1,0,0.025000000000000001,0.5
886.9000,  1.00000000,1,0,0.0,0.5
886.9333,  1.00000000,1,0,0.050000000000000003,0.5
886.9667,  1.00000000,1,0,0.0,0.5
887.0000,  1.00000000,1,0,0.0,0.5
887.0333,  1.00000000,1,0,0.025000000000000001,0.5
887.0667,  1.00000000,1,0,0.025000000000000001,0.5
887.1000,  1.00000000,1,0,0.0,0.5
887.1333,  1.00000000,1,0,0.050000000000000003,0.5
887.1667,  1.00000000,1,0,0.025000000000000001,0.5
887.2000,  1.00000000,1,0,0.050000000000000003,0.5
887.2333,  1.00000000,1,0,0.0,0.5
887.2667,  1.00000000,1,0,0.0,0.5
887.3000,  1.00000000,1,0,0.0,0.5
887.3333,  1.00000000,1,0,0.025000000000000001,0.5
887.3667,  1.00000000,1,0,0.0,0.5
887.4000,  1.00000000,1,0,0.0,0.5
887.4333,  1.00000000,1,0,0.025000000000000001,0.5
887.4667,  1.00000000,1,0,0.025000000000000001,0.5
887.5000,  1.00000000,1,0,0.0,0.5
887.5333,  1.00000000,1,0,0.0,0.5
887.5667,  1.00000000,1,0,0.025000000000000001,0.5
887.6000,  1.00000000,1,0,0.0,0.5
887.6333,  1.00000000,1,0,0.050000000000000003,0.5
887.6667,  1.00000000,1,0,0.0,0.5
887.7000,  1.00000000,1,0,0.0,0.5
887.7333,  1.00000000,1,0,0.0,0.5
887.7667,  1.00000000,1,0,0.0,0.5
887.8000,  1.00000000,1,0,0.025000000000000001,0.5
887.8333,  1.00000000,1,0,0.050000000000000003,0.5
887.8667,  1.00000000,1,0,0.0,0.5
887.9000,  1.00000000,1,0,0.0,0.5
887.9333,  1.00000000,1,0,0.025000000000000001,0.5
887.9667,  1.00000000,1,0,0.025000000000000001,0.5
888.0000,  1.00000000,1,0,0.025000000000000001,0.5
888.0333,  1.00000000,1,0,0.025000000000000001,0.5
888.0667,  1.00000000,1,0,0.074999999999999997,0.5
888.1000,  1.00000000,1,0,0.0,0.5
888.1333,  1.00000000,1,0,0.0,0.5
888.1667,  1.00000000,1,0,0.025000000000000001,0.5
888.2000,  1.00000000,1,0,0.025000000000000001,0.5
888.2333,  1.00000000,1,0,0.0,0.5
888.2667,  1.00000000,1,0,0.0,0.5
888.3000,  1.00000000,1,0,0.0,0.5
888.3333,  1.00000000,1,0,0.025000000000000001,0.5
888.3667,  1.00000000,1,0,0.0,0.5
888.4000,  1.00000000,1,0,0.025000000000000001,0.5
888.4333,  1.00000000,1,0,0.0,0.5
888.4667,  1.00000000,1,0,0.025000000000000001,0.5
888.5000,  1.00000000,1,0,0.0,0.5
888.5333,  1.00000000,1,0,0.0,0.5
888.5667,  1.00000000,1,0,0.050000000000000003,0.5
888.6000,  1.00000000,1,0,0.0,0.5
888.6333,  1.00000000,1,0,0.025000000000000001,0.5
888.6667,  1.00000000,1,0,0.050000000000000003,0.5
888.7000,  1.00000000,1,0,0.050000000000000003,0.5
888.7333,  1.00000000,1,0,0.050000000000000003,0.5
888.7667,  1.00000000,1,0,0.025000000000000001,0.5
888.8000,  1.00000000,1,0,0.0,0.5
888.8333,  1.00000000,1,0,0.0,0.5
888.8667,  1.00000000,1,0,0.025000000000000001,0.5
888.9000,  1.00000000,1,0,0.025000000000000001,0.5
888.9333,  1.00000000,1,0,0.0,0.5
888.9667,  1.00000000,1,0,0.025000000000000001,0.5
889.0000,  1.00000000,1,0,0.050000000000000003,0.5
889.0333,  1.00000000,1,0,0.0,0.5
889.0667,  1.00000000,1,0,0.025000000000000001,0.5
889.1000,  1.00000000,1,0,0.0,0.5
889.1333,  1.00000000,1,0,0.025000000000000001,0.5
889.1667,  1.00000000,1,0,0.0,0.5
889.2000,  1.00000000,1,0,0.025000000000000001,0.5
889.2333,  1.00000000,1,0,0.025000000000000001,0.5
889.2667,  1.00000000,1,0,0.050000000000000003,0.5
889.3000,  1.00000000,1,0,0.0,0.5
889.3333,  1.00000000,1,0,0.025000000000000001,0.5
889.3667,  1.00000000,1,0,0.0,0.5
889.4000,  1.00000000,1,0,0.0,0.5
889.4333,  1.00000000,1,0,0.025000000000000001,0.5
889.4667,  1.00000000,1,0,0.025000000000000001,0.5
889.5000,  1.00000000,1,0,0.0,0.5
889.5333,  1.00000000,1,0,0.0,0.5
889.5667,  1.00000000,1,0,0.025000000000000001,0.5
889.6000,  1.00000000,1,0,0.0,0.5
889.6333,  1.00000000,1,0,0.0,0.5
889.6667,  1.00000000,1,0,0.025000000000000001,0.5
889.7000,  1.00000000,1,0,0.0,0.5
889.7333,  1.00000000,1,0,0.025000000000000001,0.5
889.7667,  1.00000000,1,0,0.0,0.5
889.8000,  1.00000000,1,0,0.0,0.5
889.8333,  1.00000000,1,0,0.025000000000000001,0.5
889.8667,  1.00000000,1,0,0.050000000000000003,0.5
889.9000,  1.00000000,1,0,0.050000000000000003,0.5
889.9333,  1.00000000,1,0,0.050000000000000003,0.5
889.9667,  1.00000000,1,0,0.0,0.5
890.0000,  1.00000000,1,0,0.050000000000000003,0.5
890.0333,  1.00000000,1,0,0.050000000000000003,0.5
890.0667,  1.00000000,1,0,0.025000000000000001,0.5
890.1000,  1.00000000,1,0,0.0,0.5
890.1333,  1.00000000,1,0,0.0,0.5
890.1667,  1.00000000,1,0,0.050000000000000003,0.5
890.2000,  1.00000000,1,0,0.025000000000000001,0.5
890.2333,  1.00000000,1,0,0.0,0.5
890.2667,  1.00000000,1,0,0.0,0.5
890.3000,  1.00000000,1,0,0.025000000000000001,0.5
890.3333,  1.00000000,1,0,0.050000000000000003,0.5
890.3667,  1.00000000,1,0,0.0,0.5
890.4000,  1.00000000,1,0,0.0,0.5
890.4333,  1.00000000,1,0,0.050000000000000003,0.5
890.4667,  1.00000000,1,0,0.0,0.5
890.5000,  1.00000000,1,0,0.050000000000000003,0.5
890.5333,  1.00000000,1,0,0.0,0.5
890.5667,  1.00000000,1,0,0.025000000000000001,0.5
890.6000,  1.00000000,1,0,0.0,0.5
890.6333,  1.00000000,1,0,0.025000000000000001,0.5
890.6667,  1.00000000,1,0,0.050000000000000003,0.5
890.7000,  1.00000000,1,0,0.025000000000000001,0.5
890.7333,  1.00000000,1,0,0.050000000000000003,0.5
890.7667,  1.00000000,1,0,0.025000000000000001,0.5
890.8000,  1.00000000,1,0,0.025000000000000001,0.5
890.8333,  1.00000000,1,0,0.0,0.5
890.8667,  1.00000000,1,0,0.025000000000000001,0.5
890.9000,  1.00000000,1,0,0.0,0.5
890.9333,  1.00000000,1,0,0.025000000000000001,0.5
890.9667,  1.00000000,1,0,0.025000000000000001,0.5
891.0000,  1.00000000,1,0,0.0,0.5
891.0333,  1.00000000,1,0,0.0,0.5
891.0667,  1.00000000,1,0,0.050000000000000003,0.5
891.1000,  1.00000000,1,0,0.025000000000000001,0.5
891.1333,  1.00000000,1,0,0.0,0.5
891.1667,  1.00000000,1,0,0.025000000000000001,0.5
891.2000,  1.00000000,1,0,0.025000000000000001,0.5
891.2333,  1.00000000,1,0,0.0,0.5
891.2667,  1.00000000,1,0,0.025000000000000001,0.5
891.3000,  1.00000000,1,0,0.0,0.5
891.3333,  1.00000000,1,0,0.0,0.5
891.3667,  1.00000000,1,0,0.025000000000000001,0.5
891.4000,  1.00000000,1,0,0.074999999999999997,0.5
891.4333,  1.00000000,1,0,0.0,0.5
891.4667,  1.00000000,1,0,0.0,0.5
891.5000,  1.00000000,1,0,0.025000000000000001,0.5
891.5333,  1.00000000,1,0,0.025000000000000001,0.5
891.5667,  1.00000000,1,0,0.025000000000000001,0.5
891.6000,  1.00000000,1,0,0.025000000000000001,0.5
891.6333,  1.00000000,1,0,0.025000000000000001,0.5
891.6667,  1.00000000,1,0,0.050000000000000003,0.5
891.7000,  1.00000000,1,0,0.025000000000000001,0.5
891.7333,  1.00000000,1,0,0.025000000000000001,0.5
891.7667,  1.00000000,1,0,0.0,0.5
891.8000,  1.00000000,1,0,0.050000000000000003,0.5
891.8333,  1.00000000,1,0,0.0,0.5
891.8667,  1.00000000,1,0,0.050000000000000003,0.5
891.9000,  1.00000000,1,0,0.025000000000000001,0.5
891.9333,  1.00000000,1,0,0.050000000000000003,0.5
891.9667,  1.00000000,1,0,0.050000000000000003,0.5
892.0000,  1.00000000,1,0,0.0,0.5
892.0333,  1.00000000,1,0,0.025000000000000001,0.5
892.0667,  1.00000000,1,0,0.025000000000000001,0.5
892.1000,  1.00000000,1,0,0.025000000000000001,0.5
892.1333,  1.00000000,1,0,0.025000000000000001,0.5
892.1667,  1.00000000,1,0,0.074999999999999997,0.5
892.2000,  1.00000000,1,0,0.050000000000000003,0.5
892.2333,  1.00000000,1,0,0.0,0.5
892.2667,  1.00000000,1,0,0.0,0.5
892.3000,  1.00000000,1,0,0.0,0.5
892.3333,  1.00000000,1,0,0.025000000000000001,0.5
892.3667,  1.00000000,1,0,0.0,0.5
892.4000,  1.00000000,1,0,0.0,0.5
892.4333,  1.00000000,1,0,0.025000000000000001,0.5
892.4667,  1.00000000,1,0,0.0,0.5
892.5000,  1.00000000,1,0,0.0,0.5
892.5333,  1.00000000,1,0,0.0,0.5
892.5667,  1.00000000,1,0,0.025000000000000001,0.5
892.6000,  1.00000000,1,0,0.0,0.5
892.6333,  1.00000000,1,0,0.025000000000000001,0.5
892.6667,  1.00000000,1,0,0.0,0.5
892.7000,  1.00000000,1,0,0.025000000000000001,0.5
892.7333,  1.00000000,1,0,0.025000000000000001,0.5
892.7667,  1.00000000,1,0,0.025000000000000001,0.5
892.8000,  1.00000000,1,0,0.0,0.5
892.8333,  1.00000000,1,0,0.0,0.5
892.8667,  1.00000000,1,0,0.0,0.5
892.9000,  1.00000000,1,0,0.0,0.5
892.9333,  1.00000000,1,0,0.0,0.5
892.9667,  1.00000000,1,0,0.0,0.5
893.0000,  1.00000000,1,0,0.0,0.5
893.0333,  1.00000000,1,0,0.025000000000000001,0.5
893.0667,  1.00000000,1,0,0.0,0.5
893.1000,  1.00000000,1,0,0.0,0.5
893.1333,  1.00000000,1,0,0.025000000000000001,0.5
893.1667,  1.00000000,1,0,0.025000000000000001,0.5
893.2000,  1.00000000,1,0,0.0,0.5
893.2333,  1.00000000,1,0,0.0,0.5
893.2667,  1.00000000,1,0,0.0,0.5
893.3000,  1.00000000,1,0,0.025000000000000001,0.5
893.3333,  1.00000000,1,0,0.050000000000000003,0.5
893.3667,  1.00000000,1,0,0.050000000000000003,0.5
893.4000,  1.00000000,1,0,0.025000000000000001,0.5
893.4333,  1.00000000,1,0,0.0,0.5
893.4667,  1.00000000,1,0,0.0,0.5
893.5000,  1.00000000,1,0,0.0,0.5
893.5333,  1.00000000,1,0,0.025000000000000001,0.5
893.5667,  1.00000000,1,0,0.025000000000000001,0.5
893.6000,  1.00000000,1,0,0.0,0.5
893.6333,  1.00000000,1,0,0.025000000000000001,0.5
893.6667,  1.00000000,1,0,0.0,0.5
893.7000,  1.00000000,1,0,0.0,0.5
893.7333,  1.00000000,1,0,0.025000000000000001,0.5
893.7667,  1.00000000,1,0,0.050000000000000003,0.5
893.8000,  1.00000000,1,0,0.0,0.5
893.8333,  1.00000000,1,0,0.0,0.5
893.8667,  1.00000000,1,0,0.025000000000000001,0.5
893.9000,  1.00000000,1,0,0.0,0.5
893.9333,  1.00000000,1,0,0.050000000000000003,0.5
893.9667,  1.00000000,1,0,0.0,0.5
894.0000,  1.00000000,1,0,0.050000000000000003,0.5
894.0333,  1.00000000,1,0,0.0,0.5
894.0667,  1.00000000,1,0,0.025000000000000001,0.5
894.1000,  1.00000000,1,0,0.025000000000000001,0.5
894.1333,  1.00000000,1,0,0.0,0.5
894.1667,  1.00000000,1,0,0.050000000000000003,0.5
894.2000,  1.00000000,1,0,0.025000000000000001,0.5
894.2333,  1.00000000,1,0,0.025000000000000001,0.5
894.2667,  1.00000000,1,0,0.0,0.5
894.3000,  1.00000000,1,0,0.025000000000000001,0.5
894.3333,  1.00000000,1,0,0.0,0.5
894.3667,  1.00000000,1,0,0.025000000000000001,0.5
894.4000,  1.00000000,1,0,0.0,0.5
894.4333,  1.00000000,1,0,0.0,0.5
894.4667,  1.00000000,1,0,0.0,0.5
894.5000,  1.00000000,1,0,0.0,0.5
894.5333,  1.00000000,1,0,0.0,0.5
894.5667,  1.00000000,1,0,0.0,0.5
894.6000,  1.00000000,1,0,0.0,0.5
894.6333,  1.00000000,1,0,0.0,0.5
894.6667,  1.00000000,1,0,0.025000000000000001,0.5
894.7000,  1.00000000,1,0,0.025000000000000001,0.5
894.7333,  1.00000000,1,0,0.050000000000000003,0.5
894.7667,  1.00000000,1,0,0.025000000000000001,0.5
894.8000,  1.00000000,1,0,0.0,0.5
894.8333,  1.00000000,1,0,0.025000000000000001,0.5
894.8667,  1.00000000,1,0,0.0,0.5
894.9000,  1.00000000,1,0,0.025000000000000001,0.5
894.9333,  1.00000000,1,0,0.025000000000000001,0.5
894.9667,  1.00000000,1,0,0.025000000000000001,0.5
895.0000,  1.00000000,1,0,0.025000000000000001,0.5
895.0333,  1.00000000,1,0,0.0,0.5
895.0667,  1.00000000,1,0,0.025000000000000001,0.5
895.1000,  1.00000000,1,0,0.0,0.5
895.1333,  1.00000000,1,0,0.0,0.5
895.1667,  1.00000000,1,0,0.025000000000000001,0.5
895.2000,  1.00000000,1,0,0.050000000000000003,0.5
895.2333,  1.00000000,1,0,0.0,0.5
895.2667,  1.00000000,1,0,0.0,0.5
895.3000,  1.00000000,1,0,0.0,0.5
895.3333,  1.00000000,1,0,0.0,0.5
895.3667,  1.00000000,1,0,0.025000000000000001,0.5
895.4000,  1.00000000,1,0,0.0,0.5
895.4333,  1.00000000,1,0,0.0,0.5
895.4667,  1.00000000,1,0,0.0,0.5
895.5000,  1.00000000,1,0,0.0,0.5
895.5333,  1.00000000,1,0,0.0,0.5
895.5667,  1.00000000,1,0,0.0,0.5
895.6000,  1.00000000,1,0,0.0,0.5
895.6333,  1.00000000,1,0,0.0,0.5
895.6667,  1.00000000,1,0,0.050000000000000003,0.5
895.7000,  1.00000000,1,0,0.0,0.5
895.7333,  1.00000000,1,0,0.0,0.5
895.7667,  1.00000000,1,0,0.0,0.5
895.8000,  1.00000000,1,0,0.0,0.5
895.8333,  1.00000000,1,0,0.0,0.5
895.8667,  1.00000000,1,0,0.025000000000000001,0.5
895.9000,  1.00000000,1,0,0.0,0.5
895.9333,  1.00000000,1,0,0.0,0.5
895.9667,  1.00000000,1,0,0.025000000000000001,0.5
896.0000,  1.00000000,1,0,0.0,0.5
896.0333,  1.00000000,1,0,0.0,0.5
896.0667,  1.00000000,1,0,0.025000000000000001,0.5
896.1000,  1.00000000,1,0,0.025000000000000001,0.5
896.1333,  1.00000000,1,0,0.025000000000000001,0.5
896.1667,  1.00000000,1,0,0.0,0.5
896.2000,  1.00000000,1,0,0.025000000000000001,0.5
896.2333,  1.00000000,1,0,0.0,0.5
896.2667,  1.00000000,1,0,0.025000000000000001,0.5
896.3000,  1.00000000,1,0,0.025000000000000001,0.5
896.3333,  1.00000000,1,0,0.0,0.5
896.3667,  1.00000000,1,0,0.050000000000000003,0.5
896.4000,  1.00000000,1,0,0.025000000000000001,0.5
896.4333,  1.00000000,1,0,0.025000000000000001,0.5
896.4667,  1.00000000,1,0,0.0,0.5
896.5000,  1.00000000,1,0,0.0,0.5
896.5333,  1.00000000,1,0,0.050000000000000003,0.5
896.5667,  1.00000000,1,0,0.0,0.5
896.6000,  1.00000000,1,0,0.0,0.5
896.6333,  1.00000000,1,0,0.0,0.5
896.6667,  1.00000000,1,0,0.0,0.5
896.7000,  1.00000000,1,0,0.0,0.5
896.7333,  1.00000000,1,0,0.0,0.5
896.7667,  1.00000000,1,0,0.050000000000000003,0.5
896.8000,  1.00000000,1,0,0.0,0.5
896.8333,  1.00000000,1,0,0.0,0.5
896.8667,  1.00000000,1,0,0.0,0.5
896.9000,  1.00000000,1,0,0.0,0.5
896.9333,  1.00000000,1,0,0.0,0.5
896.9667,  1.00000000,1,0,0.0,0.5
897.0000,  1.00000000,1,0,0.0,0.5
897.0333,  1.00000000,1,0,0.0,0.5
897.0667,  1.00000000,1,0,0.025000000000000001,0.5
897.1000,  1.00000000,1,0,0.025000000000000001,0.5
897.1333,  1.00000000,1,0,0.025000000000000001,0.5
897.1667,  1.00000000,1,0,0.0,0.5
897.2000,  1.00000000,1,0,0.025000000000000001,0.5
897.2333,  1.00000000,1,0,0.025000000000000001,0.5
897.2667,  1.00000000,1,0,0.025000000000000001,0.5
897.3000,  1.00000000,1,0,0.0,0.5
897.3333,  1.00000000,1,0,0.0,0.5
897.3667,  1.00000000,1,0,0.0,0.5
897.4000,  1.00000000,1,0,0.0,0.5
897.4333,  1.00000000,1,0,0.0,0.5
897.4667,  1.00000000,1,0,0.025000000000000001,0.5
897.5000,  1.00000000,1,0,0.025000000000000001,0.5
897.5333,  1.00000000,1,0,0.050000000000000003,0.5
897.5667,  1.00000000,1,0,0.025000000000000001,0.5
897.6000,  1.00000000,1,0,0.0,0.5
897.6333,  1.00000000,1,0,0.025000000000000001,0.5
897.6667,  1.00000000,1,0,0.025000000000000001,0.5
897.7000,  1.00000000,1,0,0.0,0.5
897.7333,  1.00000000,1,0,0.025000000000000001,0.5
897.7667,  1.00000000,1,0,0.0,0.5
897.8000,  1.00000000,1,0,0.0,0.5
897.8333,  1.00000000,1,0,0.050000000000000003,0.5
897.8667,  1.00000000,1,0,0.025000000000000001,0.5
897.9000,  1.00000000,1,0,0.0,0.5
897.9333,  1.00000000,1,0,0.050000000000000003,0.5
897.9667,  1.00000000,1,0,0.025000000000000001,0.5
898.0000,  1.00000000,1,0,0.074999999999999997,0.5
898.0333,  1.00000000,1,0,0.050000000000000003,0.5
898.0667,  1.00000000,1,0,0.050000000000000003,0.5
898.1000,  1.00000000,1,0,0.0,0.5
898.1333,  1.00000000,1,0,0.025000000000000001,0.5
898.1667,  1.00000000,1,0,0.025000000000000001,0.5
898.2000,  1.00000000,1,0,0.0,0.5
898.2333,  1.00000000,1,0,0.0,0.5
898.2667,  1.00000000,1,0,0.025000000000000001,0.5
898.3000,  1.00000000,1,0,0.025000000000000001,0.5
898.3333,  1.00000000,1,0,0.025000000000000001,0.5
898.3667,  1.00000000,1,0,0.074999999999999997,0.5
898.4000,  1.00000000,1,0,0.025000000000000001,0.5
898.4333,  1.00000000,1,0,0.025000000000000001,0.5
898.4667,  1.00000000,1,0,0.025000000000000001,0.5
898.5000,  1.00000000,1,0,0.025000000000000001,0.5
898.5333,  1.00000000,1,0,0.025000000000000001,0.5
898.5667,  1.00000000,1,0,0.025000000000000001,0.5
898.6000,  1.00000000,1,0,0.050000000000000003,0.5
898.6333,  1.00000000,1,0,0.025000000000000001,0.5
898.6667,  1.00000000,1,0,0.0,0.5
898.7000,  1.00000000,1,0,0.0,0.5
898.7333,  1.00000000,1,0,0.0,0.5
898.7667,  1.00000000,1,0,0.025000000000000001,0.5
898.8000,  1.00000000,1,0,0.025000000000000001,0.5
898.8333,  1.00000000,1,0,0.0,0.5
898.8667,  1.00000000,1,0,0.0,0.5
898.9000,  1.00000000,1,0,0.0,0.5
898.9333,  1.00000000,1,0,0.050000000000000003,0.5
898.9667,  1.00000000,1,0,0.025000000000000001,0.5
899.0000,  1.00000000,1,0,0.025000000000000001,0.5
899.0333,  1.00000000,1,0,0.025000000000000001,0.5
899.0667,  1.00000000,1,0,0.0,0.5
899.1000,  1.00000000,1,0,0.025000000000000001,0.5
899.1333,  1.00000000,1,0,0.050000000000000003,0.5
899.1667,  1.00000000,1,0,0.0,0.5
899.2000,  1.00000000,1,0,0.0,0.5
899.2333,  1.00000000,1,0,0.050000000000000003,0.5
899.2667,  1.00000000,1,0,0.025000000000000001,0.5
899.3000,  1.00000000,1,0,0.0,0.5
899.3333,  1.00000000,1,0,0.025000000000000001,0.5
899.3667,  1.00000000,1,0,0.025000000000000001,0.5
899.4000,  1.00000000,1,0,0.025000000000000001,0.5
899.4333,  1.00000000,1,0,0.025000000000000001,0.5
899.4667,  1.00000000,1,0,0.025000000000000001,0.5
899.5000,  1.00000000,1,0,0.025000000000000001,0.5
899.5333,  1.00000000,1,0,0.025000000000000001,0.5
899.5667,  1.00000000,1,0,0.0,0.5
899.6000,  1.00000000,1,0,0.0,0.5
899.6333,  1.00000000,1,0,0.050000000000000003,0.5
899.6667,  1.00000000,1,0,0.025000000000000001,0.5
899.7000,  1.00000000,1,0,0.025000000000000001,0.5
899.7333,  1.00000000,1,0,0.050000000000000003,0.5
899.7667,  1.00000000,1,0,0.0,0.5
899.8000,  1.00000000,1,0,0.025000000000000001,0.5
899.8333,  1.00000000,1,0,0.025000000000000001,0.5
899.8667,  1.00000000,1,0,0.0,0.5
899.9000,  1.00000000,1,0,0.025000000000000001,0.5
899.9333,  1.00000000,1,0,0.025000000000000001,0.5
899.9667,  1.00000000,1,0,0.050000000000000003,0.5
900.0000,  1.00000000,1,0,0.025000000000000001,0.5
900.0333,  1.00000000,1,0,0.074999999999999997,0.5
900.0667,  1.00000000,1,0,0.050000000000000003,0.5
900.1000,  1.00000000,1,0,0.0,0.5
900.1333,  1.00000000,1,0,0.025000000000000001,0.5
900.1667,  1.00000000,1,0,0.0,0.5
900.2000,  1.00000000,1,0,0.025000000000000001,0.5
900.2333,  1.00000000,1,0,0.025000000000000001,0.5
900.2667,  1.00000000,1,0,0.025000000000000001,0.5
900.3000,  1.00000000,1,0,0.050000000000000003,0.5
900.3333,  1.00000000,1,0,0.025000000000000001,0.5
900.3667,  1.00000000,1,0,0.0,0.5
900.4000,  1.00000000,1,0,0.025000000000000001,0.5
900.4333,  1.00000000,1,0,0.025000000000000001,0.5
900.4667,  1.00000000,1,0,0.0,0.5
900.5000,  1.00000000,1,0,0.0,0.5
900.5333,  1.00000000,1,0,0.074999999999999997,0.5
900.5667,  1.00000000,1,0,0.050000000000000003,0.5
900.6000,  1.00000000,1,0,0.025000000000000001,0.5
900.6333,  1.00000000,1,0,0.025000000000000001,0.5
900.6667,  1.00000000,1,0,0.025000000000000001,0.5
900.7000,  1.00000000,1,0,0.025000000000000001,0.5
900.7333,  1.00000000,1,0,0.0,0.5
900.7667,  1.00000000,1,0,0.0,0.5
900.8000,  1.00000000,1,0,0.025000000000000001,0.5
900.8333,  1.00000000,1,0,0.025000000000000001,0.5
900.8667,  1.00000000,1,0,0.0,0.5
900.9000,  1.00000000,1,0,0.025000000000000001,0.5
900.9333,  1.00000000,1,0,0.050000000000000003,0.5
900.9667,  1.00000000,1,0,0.0,0.5
901.0000,  1.00000000,1,0,0.025000000000000001,0.5
901.0333,  1.00000000,1,0,0.0,0.5
901.0667,  1.00000000,1,0,0.0,0.5
901.1000,  1.00000000,1,0,0.0,0.5
901.1333,  1.00000000,1,0,0.0,0.5
901.1667,  1.00000000,1,0,0.025000000000000001,0.5
901.2000,  1.00000000,1,0,0.0,0.5
901.2333,  1.00000000,1,0,0.025000000000000001,0.5
901.2667,  1.00000000,1,0,0.0,0.5
901.3000,  1.00000000,1,0,0.0,0.5
901.3333,  1.00000000,1,0,0.0,0.5
901.3667,  1.00000000,1,0,0.025000000000000001,0.5
901.4000,  1.00000000,1,0,0.0,0.5
901.4333,  1.00000000,1,0,0.050000000000000003,0.5
901.4667,  1.00000000,1,0,0.050000000000000003,0.5
901.5000,  1.00000000,1,0,0.025000000000000001,0.5
901.5333,  1.00000000,1,0,0.050000000000000003,0.5
901.5667,  1.00000000,1,0,0.0,0.5
901.6000,  1.00000000,1,0,0.050000000000000003,0.5
901.6333,  1.00000000,1,0,0.050000000000000003,0.5
901.6667,  1.00000000,1,0,0.025000000000000001,0.5
901.7000,  1.00000000,1,0,0.025000000000000001,0.5
901.7333,  1.00000000,1,0,0.025000000000000001,0.5
901.7667,  1.00000000,1,0,0.025000000000000001,0.5
901.8000,  1.00000000,1,0,0.0,0.5
901.8333,  1.00000000,1,0,0.0,0.5
901.8667,  1.00000000,1,0,0.0,0.5
901.9000,  1.00000000,1,0,0.025000000000000001,0.5
901.9333,  1.00000000,1,0,0.050000000000000003,0.5
901.9667,  1.00000000,1,0,0.074999999999999997,0.5
902.0000,  1.00000000,1,0,0.0,0.5
902.0333,  1.00000000,1,0,0.025000000000000001,0.5
902.0667,  1.00000000,1,0,0.0,0.5
902.1000,  1.00000000,1,0,0.050000000000000003,0.5
902.1333,  1.00000000,1,0,0.025000000000000001,0.5
902.1667,  1.00000000,1,0,0.025000000000000001,0.5
902.2000,  1.00000000,1,0,0.025000000000000001,0.5
902.2333,  1.00000000,1,0,0.0,0.5
902.2667,  1.00000000,1,0,0.025000000000000001,0.5
902.3000,  1.00000000,1,0,0.025000000000000001,0.5
902.3333,  1.00000000,1,0,0.0,0.5
902.3667,  1.00000000,1,0,0.025000000000000001,0.5
902.4000,  1.00000000,1,0,0.025000000000000001,0.5
902.4333,  1.00000000,1,0,0.0,0.5
902.4667,  1.00000000,1,0,0.050000000000000003,0.5
902.5000,  1.00000000,1,0,0.0,0.5
902.5333,  1.00000000,1,0,0.025000000000000001,0.5
902.5667,  1.00000000,1,0,0.0,0.5
902.6000,  1.00000000,1,0,0.025000000000000001,0.5
902.6333,  1.00000000,1,0,0.0,0.5
902.6667,  1.00000000,1,0,0.025000000000000001,0.5
902.7000,  1.00000000,1,0,0.025000000000000001,0.5
902.7333,  1.00000000,1,0,0.050000000000000003,0.5
902.7667,  1.00000000,1,0,0.0,0.5
902.8000,  1.00000000,1,0,0.025000000000000001,0.5
902.8333,  1.00000000,1,0,0.025000000000000001,0.5
902.8667,  1.00000000,1,0,0.025000000000000001,0.5
902.9000,  1.00000000,1,0,0.025000000000000001,0.5
902.9333,  1.00000000,1,0,0.025000000000000001,0.5
902.9667,  1.00000000,1,0,0.0,0.5
903.0000,  1.00000000,1,0,0.025000000000000001,0.5
903.0333,  1.00000000,1,0,0.025000000000000001,0.5
903.0667,  1.00000000,1,0,0.0,0.5
903.1000,  1.00000000,1,0,0.0,0.5
903.1333,  1.00000000,1,0,0.025000000000000001,0.5
903.1667,  1.00000000,1,0,0.050000000000000003,0.5
903.2000,  1.00000000,1,0,0.0,0.5
903.2333,  1.00000000,1,0,0.0,0.5
903.2667,  1.00000000,1,0,0.0,0.5
903.3000,  1.00000000,1,0,0.025000000000000001,0.5
903.3333,  1.00000000,1,0,0.050000000000000003,0.5
903.3667,  1.00000000,1,0,0.0,0.5
903.4000,  1.00000000,1,0,0.0,0.5
903.4333,  1.00000000,1,0,0.025000000000000001,0.5
903.4667,  1.00000000,1,0,0.0,0.5
903.5000,  1.00000000,1,0,0.025000000000000001,0.5
903.5333,  1.00000000,1,0,0.0,0.5
903.5667,  1.00000000,1,0,0.025000000000000001,0.5
903.6000,  1.00000000,1,0,0.0,0.5
903.6333,  1.00000000,1,0,0.0,0.5
903.6667,  1.00000000,1,0,0.0,0.5
903.7000,  1.00000000,1,0,0.0,0.5
903.7333,  1.00000000,1,0,0.0,0.5
903.7667,  1.00000000,1,0,0.025000000000000001,0.5
903.8000,  1.00000000,1,0,0.0,0.5
903.8333,  1.00000000,1,0,0.025000000000000001,0.5
903.8667,  1.00000000,1,0,0.0,0.5
903.9000,  1.00000000,1,0,0.074999999999999997,0.5
903.9333,  1.00000000,1,0,0.025000000000000001,0.5
903.9667,  1.00000000,1,0,0.0,0.5
904.0000,  1.00000000,1,0,0.0,0.5
904.0333,  1.00000000,1,0,0.025000000000000001,0.5
904.0667,  1.00000000,1,0,0.0,0.5
904.1000,  1.00000000,1,0,0.0,0.5
904.1333,  1.00000000,1,0,0.050000000000000003,0.5
904.1667,  1.00000000,1,0,0.0,0.5
904.2000,  1.00000000,1,0,0.025000000000000001,0.5
904.2333,  1.00000000,1,0,0.025000000000000001,0.5
904.2667,  1.00000000,1,0,0.050000000000000003,0.5
904.3000,  1.00000000,1,0,0.0,0.5
904.3333,  1.00000000,1,0,0.025000000000000001,0.5
904.3667,  1.00000000,1,0,0.0,0.5
904.4000,  1.00000000,1,0,0.025000000000000001,0.5
904.4333,  1.00000000,1,0,0.025000000000000001,0.5
904.4667,  1.00000000,1,0,0.0,0.5
904.5000,  1.00000000,1,0,0.025000000000000001,0.5
904.5333,  1.00000000,1,0,0.0,0.5
904.5667,  1.00000000,1,0,0.025000000000000001,0.5
904.6000,  1.00000000,1,0,0.025000000000000001,0.5
904.6333,  1.00000000,1,0,0.0,0.5
904.6667,  1.00000000,1,0,0.025000000000000001,0.5
904.7000,  1.00000000,1,0,0.050000000000000003,0.5
904.7333,  1.00000000,1,0,0.0,0.5
904.7667,  1.00000000,1,0,0.050000000000000003,0.5
904.8000,  1.00000000,1,0,0.0,0.5
904.8333,  1.00000000,1,0,0.025000000000000001,0.5
904.8667,  1.00000000,1,0,0.025000000000000001,0.5
904.9000,  1.00000000,1,0,0.0,0.5
904.9333,  1.00000000,1,0,0.0,0.5
904.9667,  1.00000000,1,0,0.050000000000000003,0.5
905.0000,  1.00000000,1,0,0.025000000000000001,0.5
905.0333,  1.00000000,1,0,0.0,0.5
905.0667,  1.00000000,1,0,0.025000000000000001,0.5
905.1000,  1.00000000,1,0,0.0,0.5
905.1333,  1.00000000,1,0,0.0,0.5
905.1667,  1.00000000,1,0,0.050000000000000003,0.5
905.2000,  1.00000000,1,0,0.025000000000000001,0.5
905.2333,  1.00000000,1,0,0.0,0.5
905.2667,  1.00000000,1,0,0.025000000000000001,0.5
905.3000,  1.00000000,1,0,0.0,0.5
905.3333,  1.00000000,1,0,0.050000000000000003,0.5
905.3667,  1.00000000,1,0,0.025000000000000001,0.5
905.4000,  1.00000000,1,0,0.025000000000000001,0.5
905.4333,  1.00000000,1,0,0.050000000000000003,0.5
905.4667,  1.00000000,1,0,0.025000000000000001,0.5
905.5000,  1.00000000,1,0,0.025000000000000001,0.5
905.5333,  1.00000000,1,0,0.050000000000000003,0.5
905.5667,  1.00000000,1,0,0.050000000000000003,0.5
905.6000,  1.00000000,1,0,0.0,0.5
905.6333,  1.00000000,1,0,0.050000000000000003,0.5
905.6667,  1.00000000,1,0,0.0,0.5
905.7000,  1.00000000,1,0,0.025000000000000001,0.5
905.7333,  1.00000000,1,0,0.050000000000000003,0.5
905.7667,  1.00000000,1,0,0.0,0.5
905.8000,  1.00000000,1,0,0.025000000000000001,0.5
905.8333,  1.00000000,1,0,0.0,0.5
905.8667,  1.00000000,1,0,0.025000000000000001,0.5
905.9000,  1.00000000,1,0,0.050000000000000003,0.5
905.9333,  1.00000000,1,0,0.0,0.5
905.9667,  1.00000000,1,0,0.0,0.5
906.0000,  1.00000000,1,0,0.0,0.5
906.0333,  1.00000000,1,0,0.0,0.5
906.0667,  1.00000000,1,0,0.0,0.5
906.1000,  1.00000000,1,0,0.050000000000000003,0.5
906.1333,  1.00000000,1,0,0.025000000000000001,0.5
906.1667,  1.00000000,1,0,0.025000000000000001,0.5
906.2000,  1.00000000,1,0,0.025000000000000001,0.5
906.2333,  1.00000000,1,0,0.0,0.5
906.2667,  1.00000000,1,0,0.0,0.5
906.3000,  1.00000000,1,0,0.0,0.5
906.3333,  1.00000000,1,0,0.0,0.5
906.3667,  1.00000000,1,0,0.0,0.5
906.4000,  1.00000000,1,0,0.025000000000000001,0.5
906.4333,  1.00000000,1,0,0.0,0.5
906.4667,  1.00000000,1,0,0.025000000000000001,0.5
906.5000,  1.00000000,1,0,0.050000000000000003,0.5
906.5333,  1.00000000,1,0,0.0,0.5
906.5667,  1.00000000,1,0,0.025000000000000001,0.5
906.6000,  1.00000000,1,0,0.025000000000000001,0.5
906.6333,  1.00000000,1,0,0.025000000000000001,0.5
906.6667,  1.00000000,1,0,0.025000000000000001,0.5
906.7000,  1.00000000,1,0,0.0,0.5
906.7333,  1.00000000,1,0,0.025000000000000001,0.5
906.7667,  1.00000000,1,0,0.0,0.5
906.8000,  1.00000000,1,0,0.0,0.5
906.8333,  1.00000000,1,0,0.025000000000000001,0.5
906.8667,  1.00000000,1,0,0.0,0.5
906.9000,  1.00000000,1,0,0.0,0.5
906.9333,  1.00000000,1,0,0.025000000000000001,0.5
906.9667,  1.00000000,1,0,0.0,0.5
907.0000,  1.00000000,1,0,0.0,0.5
907.0333,  1.00000000,1,0,0.025000000000000001,0.5
907.0667,  1.00000000,1,0,0.025000000000000001,0.5
907.1000,  1.00000000,1,0,0.025000000000000001,0.5
907.1333,  1.00000000,1,0,0.025000000000000001,0.5
907.1667,  1.00000000,1,0,0.025000000000000001,0.5
907.2000,  1.00000000,1,0,0.025000000000000001,0.5
907.2333,  1.00000000,1,0,0.025000000000000001,0.5
907.2667,  1.00000000,1,0,0.0,0.5
907.3000,  1.00000000,1,0,0.025000000000000001,0.5
907.3333,  1.00000000,1,0,0.025000000000000001,0.5
907.3667,  1.00000000,1,0,0.025000000000000001,0.5
907.4000,  1.00000000,1,0,0.0,0.5
907.4333,  1.00000000,1,0,0.0,0.5
907.4667,  1.00000000,1,0,0.0,0.5
907.5000,  1.00000000,1,0,0.074999999999999997,0.5
907.5333,  1.00000000,1,0,0.050000000000000003,0.5
907.5667,  1.00000000,1,0,0.050000000000000003,0.5
907.6000,  1.00000000,1,0,0.025000000000000001,0.5
907.6333,  1.00000000,1,0,0.050000000000000003,0.5
907.6667,  1.00000000,1,0,0.050000000000000003,0.5
907.7000,  1.00000000,1,0,0.050000000000000003,0.5
907.7333,  1.00000000,1,0,0.0,0.5
907.7667,  1.00000000,1,0,0.050000000000000003,0.5
907.8000,  1.00000000,1,0,0.025000000000000001,0.5
907.8333,  1.00000000,1,0,0.0,0.5
907.8667,  1.00000000,1,0,0.025000000000000001,0.5
907.9000,  1.00000000,1,0,0.0,0.5
907.9333,  1.00000000,1,0,0.025000000000000001,0.5
907.9667,  1.00000000,1,0,0.050000000000000003,0.5
908.0000,  1.00000000,1,0,0.025000000000000001,0.5
908.0333,  1.00000000,1,0,0.025000000000000001,0.5
908.0667,  1.00000000,1,0,0.025000000000000001,0.5
908.1000,  1.00000000,1,0,0.025000000000000001,0.5
908.1333,  1.00000000,1,0,0.025000000000000001,0.5
908.1667,  1.00000000,1,0,0.0,0.5
908.2000,  1.00000000,1,0,0.025000000000000001,0.5
908.2333,  1.00000000,1,0,0.074999999999999997,0.5
908.2667,  1.00000000,1,0,0.074999999999999997,0.5
908.3000,  1.00000000,1,0,0.025000000000000001,0.5
908.3333,  1.00000000,1,0,0.050000000000000003,0.5
908.3667,  1.00000000,1,0,0.025000000000000001,0.5
908.4000,  1.00000000,1,0,0.025000000000000001,0.5
908.4333,  1.00000000,1,0,0.074999999999999997,0.5
908.4667,  1.00000000,1,0,0.0,0.5
908.5000,  1.00000000,1,0,0.025000000000000001,0.5
908.5333,  1.00000000,1,0,0.074999999999999997,0.5
908.5667,  1.00000000,1,0,0.050000000000000003,0.5
908.6000,  1.00000000,1,0,0.074999999999999997,0.5
908.6333,  1.00000000,1,0,0.025000000000000001,0.5
908.6667,  1.00000000,1,0,0.0,0.5
908.7000,  1.00000000,1,0,0.0,0.5
908.7333,  1.00000000,1,0,0.0,0.5
908.7667,  1.00000000,1,0,0.0,0.5
908.8000,  1.00000000,1,0,0.025000000000000001,0.5
908.8333,  1.00000000,1,0,0.0,0.5
908.8667,  1.00000000,1,0,0.050000000000000003,0.5
908.9000,  1.00000000,1,0,0.050000000000000003,0.5
908.9333,  1.00000000,1,0,0.025000000000000001,0.5
908.9667,  1.00000000,1,0,0.025000000000000001,0.5
909.0000,  1.00000000,1,0,0.0,0.5
909.0333,  1.00000000,1,0,0.025000000000000001,0.5
909.0667,  1.00000000,1,0,0.050000000000000003,0.5
909.1000,  1.00000000,1,0,0.0,0.5
909.1333,  1.00000000,1,0,0.025000000000000001,0.5
909.1667,  1.00000000,1,0,0.050000000000000003,0.5
909.2000,  1.00000000,1,0,0.0,0.5
909.2333,  1.00000000,1,0,0.025000000000000001,0.5
909.2667,  1.00000000,1,0,0.0,0.5
909.3000,  1.00000000,1,0,0.050000000000000003,0.5
909.3333,  1.00000000,1,0,0.025000000000000001,0.5
909.3667,  1.00000000,1,0,0.025000000000000001,0.5
909.4000,  1.00000000,1,0,0.074999999999999997,0.5
909.4333,  1.00000000,1,0,0.025000000000000001,0.5
909.4667,  1.00000000,1,0,0.0,0.5
909.5000,  1.00000000,1,0,0.0,0.5
909.5333,  1.00000000,1,0,0.025000000000000001,0.5
909.5667,  1.00000000,1,0,0.0,0.5
909.6000,  1.00000000,1,0,0.0,0.5
909.6333,  1.00000000,1,0,0.0,0.5
909.6667,  1.00000000,1,0,0.0,0.5
909.7000,  1.00000000,1,0,0.050000000000000003,0.5
909.7333,  1.00000000,1,0,0.0,0.5
909.7667,  1.00000000,1,0,0.0,0.5
909.8000,  1.00000000,1,0,0.050000000000000003,0.5
909.8333,  1.00000000,1,0,0.050000000000000003,0.5
909.8667,  1.00000000,1,0,0.025000000000000001,0.5
909.9000,  1.00000000,1,0,0.0,0.5
909.9333,  1.00000000,1,0,0.025000000000000001,0.5
909.9667,  1.00000000,1,0,0.025000000000000001,0.5
910.0000,  1.00000000,1,0,0.050000000000000003,0.5
910.0333,  1.00000000,1,0,0.025000000000000001,0.5
910.0667,  1.00000000,1,0,0.025000000000000001,0.5
910.1000,  1.00000000,1,0,0.0,0.5
910.1333,  1.00000000,1,0,0.0,0.5
910.1667,  1.00000000,1,0,0.025000000000000001,0.5
910.2000,  1.00000000,1,0,0.025000000000000001,0.5
910.2333,  1.00000000,1,0,0.025000000000000001,0.5
910.2667,  1.00000000,1,0,0.0,0.5
910.3000,  1.00000000,1,0,0.0,0.5
910.3333,  1.00000000,1,0,0.0,0.5
910.3667,  1.00000000,1,0,0.0,0.5
910.4000,  1.00000000,1,0,0.0,0.5
910.4333,  1.00000000,1,0,0.0,0.5
910.4667,  1.00000000,1,0,0.0,0.5
910.5000,  1.00000000,1,0,0.025000000000000001,0.5
910.5333,  1.00000000,1,0,0.050000000000000003,0.5
910.5667,  1.00000000,1,0,0.050000000000000003,0.5
910.6000,  1.00000000,1,0,0.025000000000000001,0.5
910.6333,  1.00000000,1,0,0.025000000000000001,0.5
910.6667,  1.00000000,1,0,0.0,0.5
910.7000,  1.00000000,1,0,0.0,0.5
910.7333,  1.00000000,1,0,0.0,0.5
910.7667,  1.00000000,1,0,0.025000000000000001,0.5
910.8000,  1.00000000,1,0,0.025000000000000001,0.5
910.8333,  1.00000000,1,0,0.050000000000000003,0.5
910.8667,  1.00000000,1,0,0.0,0.5
910.9000,  1.00000000,1,0,0.0,0.5
910.9333,  1.00000000,1,0,0.025000000000000001,0.5
910.9667,  1.00000000,1,0,0.050000000000000003,0.5
911.0000,  1.00000000,1,0,0.025000000000000001,0.5
911.0333,  1.00000000,1,0,0.025000000000000001,0.5
911.0667,  1.00000000,1,0,0.025000000000000001,0.5
911.1000,  1.00000000,1,0,0.025000000000000001,0.5
911.1333,  1.00000000,1,0,0.0,0.5
911.1667,  1.00000000,1,0,0.0,0.5
911.2000,  1.00000000,1,0,0.0,0.5
911.2333,  1.00000000,1,0,0.025000000000000001,0.5
911.2667,  1.00000000,1,0,0.0,0.5
911.3000,  1.00000000,1,0,0.025000000000000001,0.5
911.3333,  1.00000000,1,0,0.050000000000000003,0.5
911.3667,  1.00000000,1,0,0.050000000000000003,0.5
911.4000,  1.00000000,1,0,0.025000000000000001,0.5
911.4333,  1.00000000,1,0,0.025000000000000001,0.5
911.4667,  1.00000000,1,0,0.050000000000000003,0.5
911.5000,  1.00000000,1,0,0.050000000000000003,0.5
911.5333,  1.00000000,1,0,0.025000000000000001,0.5
911.5667,  1.00000000,1,0,0.025000000000000001,0.5
911.6000,  1.00000000,1,0,0.050000000000000003,0.5
911.6333,  1.00000000,1,0,0.025000000000000001,0.5
911.6667,  1.00000000,1,0,0.050000000000000003,0.5
911.7000,  1.00000000,1,0,0.050000000000000003,0.5
911.7333,  1.00000000,1,0,0.025000000000000001,0.5
911.7667,  1.00000000,1,0,0.050000000000000003,0.5
911.8000,  1.00000000,1,0,0.050000000000000003,0.5
911.8333,  1.00000000,1,0,0.074999999999999997,0.5
911.8667,  1.00000000,1,0,0.050000000000000003,0.5
911.9000,  1.00000000,1,0,0.0,0.5
911.9333,  1.00000000,1,0,0.074999999999999997,0.5
911.9667,  1.00000000,1,0,0.050000000000000003,0.5
912.0000,  1.00000000,1,0,0.025000000000000001,0.5
912.0333,  1.00000000,1,0,0.050000000000000003,0.5
912.0667,  1.00000000,1,0,0.025000000000000001,0.5
912.1000,  1.00000000,1,0,0.0,0.5
912.1333,  1.00000000,1,0,0.025000000000000001,0.5
912.1667,  1.00000000,1,0,0.0,0.5
912.2000,  1.00000000,1,0,0.025000000000000001,0.5
912.2333,  1.00000000,1,0,0.0,0.5
912.2667,  1.00000000,1,0,0.025000000000000001,0.5
912.3000,  1.00000000,1,0,0.0,0.5
912.3333,  1.00000000,1,0,0.0,0.5
912.3667,  1.00000000,1,0,0.025000000000000001,0.5
912.4000,  1.00000000,1,0,0.0,0.5
912.4333,  1.00000000,1,0,0.0,0.5
912.4667,  1.00000000,1,0,0.0,0.5
912.5000,  1.00000000,1,0,0.025000000000000001,0.5
912.5333,  1.00000000,1,0,0.025000000000000001,0.5
912.5667,  1.00000000,1,0,0.025000000000000001,0.5
912.6000,  1.00000000,1,0,0.025000000000000001,0.5
912.6333,  1.00000000,1,0,0.0,0.5
912.6667,  1.00000000,1,0,0.025000000000000001,0.5
912.7000,  1.00000000,1,0,0.025000000000000001,0.5
912.7333,  1.00000000,1,0,0.0,0.5
912.7667,  1.00000000,1,0,0.025000000000000001,0.5
912.8000,  1.00000000,1,0,0.025000000000000001,0.5
912.8333,  1.00000000,1,0,0.0,0.5
912.8667,  1.00000000,1,0,0.025000000000000001,0.5
912.9000,  1.00000000,1,0,0.0,0.5
912.9333,  1.00000000,1,0,0.025000000000000001,0.5
912.9667,  1.00000000,1,0,0.0,0.5
913.0000,  1.00000000,1,0,0.025000000000000001,0.5
913.0333,  1.00000000,1,0,0.0,0.5
913.0667,  1.00000000,1,0,0.025000000000000001,0.5
913.1000,  1.00000000,1,0,0.0,0.5
913.1333,  1.00000000,1,0,0.0,0.5
913.1667,  1.00000000,1,0,0.025000000000000001,0.5
913.2000,  1.00000000,1,0,0.0,0.5
913.2333,  1.00000000,1,0,0.050000000000000003,0.5
913.2667,  1.00000000,1,0,0.025000000000000001,0.5
913.3000,  1.00000000,1,0,0.0,0.5
913.3333,  1.00000000,1,0,0.025000000000000001,0.5
913.3667,  1.00000000,1,0,0.025000000000000001,0.5
913.4000,  1.00000000,1,0,0.0,0.5
913.4333,  1.00000000,1,0,0.025000000000000001,0.5
913.4667,  1.00000000,1,0,0.025000000000000001,0.5
913.5000,  1.00000000,1,0,0.0,0.5
913.5333,  1.00000000,1,0,0.0,0.5
913.5667,  1.00000000,1,0,0.025000000000000001,0.5
913.6000,  1.00000000,1,0,0.025000000000000001,0.5
913.6333,  1.00000000,1,0,0.0,0.5
913.6667,  1.00000000,1,0,0.0,0.5
913.7000,  1.00000000,1,0,0.025000000000000001,0.5
913.7333,  1.00000000,1,0,0.025000000000000001,0.5
913.7667,  1.00000000,1,0,0.025000000000000001,0.5
913.8000,  1.00000000,1,0,0.050000000000000003,0.5
913.8333,  1.00000000,1,0,0.0,0.5
913.8667,  1.00000000,1,0,0.025000000000000001,0.5
913.9000,  1.00000000,1,0,0.0,0.5
913.9333,  1.00000000,1,0,0.025000000000000001,0.5
913.9667,  1.00000000,1,0,0.0,0.5
914.0000,  1.00000000,1,0,0.0,0.5
914.0333,  1.00000000,1,0,0.0,0.5
914.0667,  1.00000000,1,0,0.025000000000000001,0.5
914.1000,  1.00000000,1,0,0.050000000000000003,0.5
914.1333,  1.00000000,1,0,0.050000000000000003,0.5
914.1667,  1.00000000,1,0,0.025000000000000001,0.5
914.2000,  1.00000000,1,0,0.025000000000000001,0.5
914.2333,  1.00000000,1,0,0.050000000000000003,0.5
914.2667,  1.00000000,1,0,0.050000000000000003,0.5
914.3000,  1.00000000,1,0,0.0,0.5
914.3333,  1.00000000,1,0,0.025000000000000001,0.5
914.3667,  1.00000000,1,0,0.025000000000000001,0.5
914.4000,  1.00000000,1,0,0.0,0.5
914.4333,  1.00000000,1,0,0.025000000000000001,0.5
914.4667,  1.00000000,1,0,0.025000000000000001,0.5
914.5000,  1.00000000,1,0,0.050000000000000003,0.5
914.5333,  1.00000000,1,0,0.0,0.5
914.5667,  1.00000000,1,0,0.0,0.5
914.6000,  1.00000000,1,0,0.025000000000000001,0.5
914.6333,  1.00000000,1,0,0.0,0.5
914.6667,  1.00000000,1,0,0.050000000000000003,0.5
914.7000,  1.00000000,1,0,0.025000000000000001,0.5
914.7333,  1.00000000,1,0,0.0,0.5
914.7667,  1.00000000,1,0,0.025000000000000001,0.5
914.8000,  1.00000000,1,0,0.0,0.5
914.8333,  1.00000000,1,0,0.0,0.5
914.8667,  1.00000000,1,0,0.025000000000000001,0.5
914.9000,  1.00000000,1,0,0.025000000000000001,0.5
914.9333,  1.00000000,1,0,0.0,0.5
914.9667,  1.00000000,1,0,0.025000000000000001,0.5
915.0000,  1.00000000,1,0,0.025000000000000001,0.5
915.0333,  1.00000000,1,0,0.0,0.5
915.0667,  1.00000000,1,0,0.025000000000000001,0.5
915.1000,  1.00000000,1,0,0.025000000000000001,0.5
915.1333,  1.00000000,1,0,0.050000000000000003,0.5
915.1667,  1.00000000,1,0,0.025000000000000001,0.5
915.2000,  1.00000000,1,0,0.0,0.5
915.2333,  1.00000000,1,0,0.025000000000000001,0.5
915.2667,  1.00000000,1,0,0.050000000000000003,0.5
915.3000,  1.00000000,1,0,0.025000000000000001,0.5
915.3333,  1.00000000,1,0,0.025000000000000001,0.5
915.3667,  1.00000000,1,0,0.0,0.5
915.4000,  1.00000000,1,0,0.025000000000000001,0.5
915.4333,  1.00000000,1,0,0.025000000000000001,0.5
915.4667,  1.00000000,1,0,0.0,0.5
915.5000,  1.00000000,1,0,0.050000000000000003,0.5
915.5333,  1.00000000,1,0,0.025000000000000001,0.5
915.5667,  1.00000000,1,0,0.025000000000000001,0.5
915.6000,  1.00000000,1,0,0.0,0.5
915.6333,  1.00000000,1,0,0.025000000000000001,0.5
915.6667,  1.00000000,1,0,0.025000000000000001,0.5
915.7000,  1.00000000,1,0,0.025000000000000001,0.5
915.7333,  1.00000000,1,0,0.025000000000000001,0.5
915.7667,  1.00000000,1,0,0.025000000000000001,0.5
915.8000,  1.00000000,1,0,0.0,0.5
915.8333,  1.00000000,1,0,0.050000000000000003,0.5
915.8667,  1.00000000,1,0,0.0,0.5
915.9000,  1.00000000,1,0,0.025000000000000001,0.5
915.9333,  1.00000000,1,0,0.0,0.5
915.9667,  1.00000000,1,0,0.0,0.5
916.0000,  1.00000000,1,0,0.0,0.5
916.0333,  1.00000000,1,0,0.050000000000000003,0.5
916.0667,  1.00000000,1,0,0.0,0.5
916.1000,  1.00000000,1,0,0.025000000000000001,0.5
916.1333,  1.00000000,1,0,0.025000000000000001,0.5
916.1667,  1.00000000,1,0,0.025000000000000001,0.5
916.2000,  1.00000000,1,0,0.025000000000000001,0.5
916.2333,  1.00000000,1,0,0.0,0.5
916.2667,  1.00000000,1,0,0.050000000000000003,0.5
916.3000,  1.00000000,1,0,0.0,0.5
916.3333,  1.00000000,1,0,0.050000000000000003,0.5
916.3667,  1.00000000,1,0,0.050000000000000003,0.5
916.4000,  1.00000000,1,0,0.025000000000000001,0.5
916.4333,  1.00000000,1,0,0.0,0.5
916.4667,  1.00000000,1,0,0.0,0.5
916.5000,  1.00000000,1,0,0.050000000000000003,0.5
916.5333,  1.00000000,1,0,0.0,0.5
916.5667,  1.00000000,1,0,0.0,0.5
916.6000,  1.00000000,1,0,0.025000000000000001,0.5
916.6333,  1.00000000,1,0,0.0,0.5
916.6667,  1.00000000,1,0,0.050000000000000003,0.5
916.7000,  1.00000000,1,0,0.025000000000000001,0.5
916.7333,  1.00000000,1,0,0.025000000000000001,0.5
916.7667,  1.00000000,1,0,0.0,0.5
916.8000,  1.00000000,1,0,0.0,0.5
916.8333,  1.00000000,1,0,0.025000000000000001,0.5
916.8667,  1.00000000,1,0,0.0,0.5
916.9000,  1.00000000,1,0,0.0,0.5
916.9333,  1.00000000,1,0,0.0,0.5
916.9667,  1.00000000,1,0,0.074999999999999997,0.5
917.0000,  1.00000000,1,0,0.0,0.5
917.0333,  1.00000000,1,0,0.0,0.5
917.0667,  1.00000000,1,0,0.0,0.5
917.1000,  1.00000000,1,0,0.0,0.5
917.1333,  1.00000000,1,0,0.025000000000000001,0.5
917.1667,  1.00000000,1,0,0.0,0.5
917.2000,  1.00000000,1,0,0.0,0.5
917.2333,  1.00000000,1,0,0.025000000000000001,0.5
917.2667,  1.00000000,1,0,0.025000000000000001,0.5
917.3000,  1.00000000,1,0,0.0,0.5
917.3333,  1.00000000,1,0,0.025000000000000001,0.5
917.3667,  1.00000000,1,0,0.025000000000000001,0.5
917.4000,  1.00000000,1,0,0.025000000000000001,0.5
917.4333,  1.00000000,1,0,0.025000000000000001,0.5
917.4667,  1.00000000,1,0,0.0,0.5
917.5000,  1.00000000,1,0,0.025000000000000001,0.5
917.5333,  1.00000000,1,0,0.025000000000000001,0.5
917.5667,  1.00000000,1,0,0.050000000000000003,0.5
917.6000,  1.00000000,1,0,0.0,0.5
917.6333,  1.00000000,1,0,0.0,0.5
917.6667,  1.00000000,1,0,0.025000000000000001,0.5
917.7000,  1.00000000,1,0,0.0,0.5
917.7333,  1.00000000,1,0,0.0,0.5
917.7667,  1.00000000,1,0,0.025000000000000001,0.5
917.8000,  1.00000000,1,0,0.025000000000000001,0.5
917.8333,  1.00000000,1,0,0.025000000000000001,0.5
917.8667,  1.00000000,1,0,0.025000000000000001,0.5
917.9000,  1.00000000,1,0,0.050000000000000003,0.5
917.9333,  1.00000000,1,0,0.0,0.5
917.9667,  1.00000000,1,0,0.025000000000000001,0.5
918.0000,  1.00000000,1,0,0.050000000000000003,0.5
918.0333,  1.00000000,1,0,0.050000000000000003,0.5
918.0667,  1.00000000,1,0,0.025000000000000001,0.5
918.1000,  1.00000000,1,0,0.0,0.5
918.1333,  1.00000000,1,0,0.025000000000000001,0.5
918.1667,  1.00000000,1,0,0.0,0.5
918.2000,  1.00000000,1,0,0.0,0.5
918.2333,  1.00000000,1,0,0.074999999999999997,0.5
918.2667,  1.00000000,1,0,0.050000000000000003,0.5
918.3000,  1.00000000,1,0,0.025000000000000001,0.5
918.3333,  1.00000000,1,0,0.050000000000000003,0.5
918.3667,  1.00000000,1,0,0.0,0.5
918.4000,  1.00000000,1,0,0.025000000000000001,0.5
918.4333,  1.00000000,1,0,0.0,0.5
918.4667,  1.00000000,1,0,0.0,0.5
918.5000,  1.00000000,1,0,0.025000000000000001,0.5
918.5333,  1.00000000,1,0,0.050000000000000003,0.5
918.5667,  1.00000000,1,0,0.0,0.5
918.6000,  1.00000000,1,0,0.050000000000000003,0.5
918.6333,  1.00000000,1,0,0.025000000000000001,0.5
918.6667,  1.00000000,1,0,0.050000000000000003,0.5
918.7000,  1.00000000,1,0,0.025000000000000001,0.5
918.7333,  1.00000000,1,0,0.025000000000000001,0.5
918.7667,  1.00000000,1,0,0.025000000000000001,0.5
918.8000,  1.00000000,1,0,0.025000000000000001,0.5
918.8333,  1.00000000,1,0,0.0,0.5
918.8667,  1.00000000,1,0,0.025000000000000001,0.5
918.9000,  1.00000000,1,0,0.0,0.5
918.9333,  1.00000000,1,0,0.050000000000000003,0.5
918.9667,  1.00000000,1,0,0.025000000000000001,0.5
919.0000,  1.00000000,1,0,0.0,0.5
919.0333,  1.00000000,1,0,0.074999999999999997,0.5
919.0667,  1.00000000,1,0,0.0,0.5
919.1000,  1.00000000,1,0,0.025000000000000001,0.5
919.1333,  1.00000000,1,0,0.025000000000000001,0.5
919.1667,  1.00000000,1,0,0.025000000000000001,0.5
919.2000,  1.00000000,1,0,0.0,0.5
919.2333,  1.00000000,1,0,0.025000000000000001,0.5
919.2667,  1.00000000,1,0,0.050000000000000003,0.5
919.3000,  1.00000000,1,0,0.0,0.5
919.3333,  1.00000000,1,0,0.025000000000000001,0.5
919.3667,  1.00000000,1,0,0.025000000000000001,0.5
919.4000,  1.00000000,1,0,0.0,0.5
919.4333,  1.00000000,1,0,0.0,0.5
919.4667,  1.00000000,1,0,0.025000000000000001,0.5
919.5000,  1.00000000,1,0,0.025000000000000001,0.5
919.5333,  1.00000000,1,0,0.0,0.5
919.5667,  1.00000000,1,0,0.025000000000000001,0.5
919.6000,  1.00000000,1,0,0.025000000000000001,0.5
919.6333,  1.00000000,1,0,0.0,0.5
919.6667,  1.00000000,1,0,0.074999999999999997,0.5
919.7000,  1.00000000,1,0,0.025000000000000001,0.5
919.7333,  1.00000000,1,0,0.0,0.5
919.7667,  1.00000000,1,0,0.0,0.5
919.8000,  1.00000000,1,0,0.025000000000000001,0.5
919.8333,  1.00000000,1,0,0.025000000000000001,0.5
919.8667,  1.00000000,1,0,0.0,0.5
919.9000,  1.00000000,1,0,0.0,0.5
919.9333,  1.00000000,1,0,0.050000000000000003,0.5
919.9667,  1.00000000,1,0,0.0,0.5
920.0000,  1.00000000,1,0,0.0,0.5
920.0333,  1.00000000,1,0,0.050000000000000003,0.5
920.0667,  1.00000000,1,0,0.050000000000000003,0.5
920.1000,  1.00000000,1,0,0.025000000000000001,0.5
920.1333,  1.00000000,1,0,0.025000000000000001,0.5
920.1667,  1.00000000,1,0,0.0,0.5
920.2000,  1.00000000,1,0,0.074999999999999997,0.5
920.2333,  1.00000000,1,0,0.025000000000000001,0.5
920.2667,  1.00000000,1,0,0.050000000000000003,0.5
920.3000,  1.00000000,1,0,0.0,0.5
920.3333,  1.00000000,1,0,0.050000000000000003,0.5
920.3667,  1.00000000,1,0,0.0,0.5
920.4000,  1.00000000,1,0,0.025000000000000001,0.5
920.4333,  1.00000000,1,0,0.025000000000000001,0.5
920.4667,  1.00000000,1,0,0.050000000000000003,0.5
920.5000,  1.00000000,1,0,0.025000000000000001,0.5
920.5333,  1.00000000,1,0,0.050000000000000003,0.5
920.5667,  1.00000000,1,0,0.025000000000000001,0.5
920.6000,  1.00000000,1,0,0.025000000000000001,0.5
920.6333,  1.00000000,1,0,0.0,0.5
920.6667,  1.00000000,1,0,0.050000000000000003,0.5
920.7000,  1.00000000,1,0,0.0,0.5
920.7333,  1.00000000,1,0,0.025000000000000001,0.5
920.7667,  1.00000000,1,0,0.0,0.5
920.8000,  1.00000000,1,0,0.025000000000000001,0.5
920.8333,  1.00000000,1,0,0.025000000000000001,0.5
920.8667,  1.00000000,1,0,0.025000000000000001,0.5
920.9000,  1.00000000,1,0,0.050000000000000003,0.5
920.9333,  1.00000000,1,0,0.0,0.5
920.9667,  1.00000000,1,0,0.025000000000000001,0.5
921.0000,  1.00000000,1,0,0.0,0.5
921.0333,  1.00000000,1,0,0.025000000000000001,0.5
921.0667,  1.00000000,1,0,0.0,0.5
921.1000,  1.00000000,1,0,0.025000000000000001,0.5
921.1333,  1.00000000,1,0,0.0,0.5
921.1667,  1.00000000,1,0,0.025000000000000001,0.5
921.2000,  1.00000000,1,0,0.0,0.5
921.2333,  1.00000000,1,0,0.025000000000000001,0.5
921.2667,  1.00000000,1,0,0.0,0.5
921.3000,  1.00000000,1,0,0.050000000000000003,0.5
921.3333,  1.00000000,1,0,0.0,0.5
921.3667,  1.00000000,1,0,0.0,0.5
921.4000,  1.00000000,1,0,0.025000000000000001,0.5
921.4333,  1.00000000,1,0,0.025000000000000001,0.5
921.4667,  1.00000000,1,0,0.0,0.5
921.5000,  1.00000000,1,0,0.0,0.5
921.5333,  1.00000000,1,0,0.0,0.5
921.5667,  1.00000000,1,0,0.025000000000000001,0.5
921.6000,  1.00000000,1,0,0.0,0.5
921.6333,  1.00000000,1,0,0.0,0.5
921.6667,  1.00000000,1,0,0.0,0.5
921.7000,  1.00000000,1,0,0.0,0.5
921.7333,  1.00000000,1,0,0.0,0.5
921.7667,  1.00000000,1,0,0.0,0.5
921.8000,  1.00000000,1,0,0.0,0.5
921.8333,  1.00000000,1,0,0.025000000000000001,0.5
921.8667,  1.00000000,1,0,0.0,0.5
921.9000,  1.00000000,1,0,0.0,0.5
921.9333,  1.00000000,1,0,0.025000000000000001,0.5
921.9667,  1.00000000,1,0,0.0,0.5
922.0000,  1.00000000,1,0,0.025000000000000001,0.5
922.0333,  1.00000000,1,0,0.0,0.5
922.0667,  1.00000000,1,0,0.025000000000000001,0.5
922.1000,  1.00000000,1,0,0.0,0.5
922.1333,  1.00000000,1,0,0.025000000000000001,0.5
922.1667,  1.00000000,1,0,0.0,0.5
922.2000,  1.00000000,1,0,0.0,0.5
922.2333,  1.00000000,1,0,0.0,0.5
922.2667,  1.00000000,1,0,0.0,0.5
922.3000,  1.00000000,1,0,0.0,0.5
922.3333,  1.00000000,1,0,0.0,0.5
922.3667,  1.00000000,1,0,0.025000000000000001,0.5
922.4000,  1.00000000,1,0,0.025000000000000001,0.5
922.4333,  1.00000000,1,0,0.025000000000000001,0.5
922.4667,  1.00000000,1,0,0.050000000000000003,0.5
922.5000,  1.00000000,1,0,0.050000000000000003,0.5
922.5333,  1.00000000,1,0,0.025000000000000001,0.5
922.5667,  1.00000000,1,0,0.074999999999999997,0.5
922.6000,  1.00000000,1,0,0.0,0.5
922.6333,  1.00000000,1,0,0.0,0.5
922.6667,  1.00000000,1,0,0.0,0.5
922.7000,  1.00000000,1,0,0.025000000000000001,0.5
922.7333,  1.00000000,1,0,0.025000000000000001,0.5
922.7667,  1.00000000,1,0,0.025000000000000001,0.5
922.8000,  1.00000000,1,0,0.025000000000000001,0.5
922.8333,  1.00000000,1,0,0.025000000000000001,0.5
922.8667,  1.00000000,1,0,0.0,0.5
922.9000,  1.00000000,1,0,0.025000000000000001,0.5
922.9333,  1.00000000,1,0,0.0,0.5
922.9667,  1.00000000,1,0,0.0,0.5
923.0000,  1.00000000,1,0,0.025000000000000001,0.5
923.0333,  1.00000000,1,0,0.050000000000000003,0.5
923.0667,  1.00000000,1,0,0.025000000000000001,0.5
923.1000,  1.00000000,1,0,0.025000000000000001,0.5
923.1333,  1.00000000,1,0,0.0,0.5
923.1667,  1.00000000,1,0,0.0,0.5
923.2000,  1.00000000,1,0,0.025000000000000001,0.5
923.2333,  1.00000000,1,0,0.0,0.5
923.2667,  1.00000000,1,0,0.074999999999999997,0.5
923.3000,  1.00000000,1,0,0.025000000000000001,0.5
923.3333,  1.00000000,1,0,0.0,0.5
923.3667,  1.00000000,1,0,0.025000000000000001,0.5
923.4000,  1.00000000,1,0,0.0,0.5
923.4333,  1.00000000,1,0,0.0,0.5
923.4667,  1.00000000,1,0,0.050000000000000003,0.5
923.5000,  1.00000000,1,0,0.050000000000000003,0.5
923.5333,  1.00000000,1,0,0.0,0.5
923.5667,  1.00000000,1,0,0.050000000000000003,0.5
923.6000,  1.00000000,1,0,0.0,0.5
923.6333,  1.00000000,1,0,0.025000000000000001,0.5
923.6667,  1.00000000,1,0,0.0,0.5
923.7000,  1.00000000,1,0,0.025000000000000001,0.5
923.7333,  1.00000000,1,0,0.025000000000000001,0.5
923.7667,  1.00000000,1,0,0.0,0.5
923.8000,  1.00000000,1,0,0.025000000000000001,0.5
923.8333,  1.00000000,1,0,0.025000000000000001,0.5
923.8667,  1.00000000,1,0,0.0,0.5
923.9000,  1.00000000,1,0,0.025000000000000001,0.5
923.9333,  1.00000000,1,0,0.074999999999999997,0.5
923.9667,  1.00000000,1,0,0.0,0.5
924.0000,  1.00000000,1,0,0.0,0.5
924.0333,  1.00000000,1,0,0.025000000000000001,0.5
924.0667,  1.00000000,1,0,0.0,0.5
924.1000,  1.00000000,1,0,0.0,0.5
924.1333,  1.00000000,1,0,0.0,0.5
924.1667,  1.00000000,1,0,0.0,0.5
924.2000,  1.00000000,1,0,0.025000000000000001,0.5
924.2333,  1.00000000,1,0,0.025000000000000001,0.5
924.2667,  1.00000000,1,0,0.0,0.5
924.3000,  1.00000000,1,0,0.025000000000000001,0.5
924.3333,  1.00000000,1,0,0.0,0.5
924.3667,  1.00000000,1,0,0.025000000000000001,0.5
924.4000,  1.00000000,1,0,0.025000000000000001,0.5
924.4333,  1.00000000,1,0,0.025000000000000001,0.5
924.4667,  1.00000000,1,0,0.025000000000000001,0.5
924.5000,  1.00000000,1,0,0.0,0.5
924.5333,  1.00000000,1,0,0.050000000000000003,0.5
924.5667,  1.00000000,1,0,0.025000000000000001,0.5
924.6000,  1.00000000,1,0,0.025000000000000001,0.5
924.6333,  1.00000000,1,0,0.0,0.5
924.6667,  1.00000000,1,0,0.025000000000000001,0.5
924.7000,  1.00000000,1,0,0.074999999999999997,0.5
924.7333,  1.00000000,1,0,0.0,0.5
924.7667,  1.00000000,1,0,0.0,0.5
924.8000,  1.00000000,1,0,0.0,0.5
924.8333,  1.00000000,1,0,0.025000000000000001,0.5
924.8667,  1.00000000,1,0,0.025000000000000001,0.5
924.9000,  1.00000000,1,0,0.025000000000000001,0.5
924.9333,  1.00000000,1,0,0.025000000000000001,0.5
924.9667,  1.00000000,1,0,0.050000000000000003,0.5
925.0000,  1.00000000,1,0,0.0,0.5
925.0333,  1.00000000,1,0,0.025000000000000001,0.5
925.0667,  1.00000000,1,0,0.050000000000000003,0.5
925.1000,  1.00000000,1,0,0.050000000000000003,0.5
925.1333,  1.00000000,1,0,0.025000000000000001,0.5
925.1667,  1.00000000,1,0,0.025000000000000001,0.5
925.2000,  1.00000000,1,0,0.050000000000000003,0.5
925.2333,  1.00000000,1,0,0.0,0.5
925.2667,  1.00000000,1,0,0.025000000000000001,0.5
925.3000,  1.00000000,1,0,0.0,0.5
925.3333,  1.00000000,1,0,0.025000000000000001,0.5
925.3667,  1.00000000,1,0,0.025000000000000001,0.5
925.4000,  1.00000000,1,0,0.025000000000000001,0.5
925.4333,  1.00000000,1,0,0.025000000000000001,0.5
925.4667,  1.00000000,1,0,0.025000000000000001,0.5
925.5000,  1.00000000,1,0,0.0,0.5
925.5333,  1.00000000,1,0,0.025000000000000001,0.5
925.5667,  1.00000000,1,0,0.050000000000000003,0.5
925.6000,  1.00000000,1,0,0.0,0.5
925.6333,  1.00000000,1,0,0.025000000000000001,0.5
925.6667,  1.00000000,1,0,0.0,0.5
925.7000,  1.00000000,1,0,0.0,0.5
925.7333,  1.00000000,1,0,0.0,0.5
925.7667,  1.00000000,1,0,0.0,0.5
925.8000,  1.00000000,1,0,0.025000000000000001,0.5
925.8333,  1.00000000,1,0,0.0,0.5
925.8667,  1.00000000,1,0,0.025000000000000001,0.5
925.9000,  1.00000000,1,0,0.050000000000000003,0.5
925.9333,  1.00000000,1,0,0.025000000000000001,0.5
925.9667,  1.00000000,1,0,0.0,0.5
926.0000,  1.00000000,1,0,0.025000000000000001,0.5
926.0333,  1.00000000,1,0,0.025000000000000001,0.5
926.0667,  1.00000000,1,0,0.0,0.5
926.1000,  1.00000000,1,0,0.0,0.5
926.1333,  1.00000000,1,0,0.0,0.5
926.1667,  1.00000000,1,0,0.0,0.5
926.2000,  1.00000000,1,0,0.0,0.5
926.2333,  1.00000000,1,0,0.025000000000000001,0.5
926.2667,  1.00000000,1,0,0.0,0.5
926.3000,  1.00000000,1,0,0.025000000000000001,0.5
926.3333,  1.00000000,1,0,0.050000000000000003,0.5
926.3667,  1.00000000,1,0,0.0,0.5
926.4000,  1.00000000,1,0,0.0,0.5
926.4333,  1.00000000,1,0,0.0,0.5
926.4667,  1.00000000,1,0,0.025000000000000001,0.5
926.5000,  1.00000000,1,0,0.025000000000000001,0.5
926.5333,  1.00000000,1,0,0.025000000000000001,0.5
926.5667,  1.00000000,1,0,0.025000000000000001,0.5
926.6000,  1.00000000,1,0,0.050000000000000003,0.5
926.6333,  1.00000000,1,0,0.0,0.5
926.6667,  1.00000000,1,0,0.0,0.5
926.7000,  1.00000000,1,0,0.025000000000000001,0.5
926.7333,  1.00000000,1,0,0.025000000000000001,0.5
926.7667,  1.00000000,1,0,0.025000000000000001,0.5
926.8000,  1.00000000,1,0,0.025000000000000001,0.5
926.8333,  1.00000000,1,0,0.025000000000000001,0.5
926.8667,  1.00000000,1,0,0.0,0.5
926.9000,  1.00000000,1,0,0.025000000000000001,0.5
926.9333,  1.00000000,1,0,0.0,0.5
926.9667,  1.00000000,1,0,0.025000000000000001,0.5
927.0000,  1.00000000,1,0,0.025000000000000001,0.5
927.0333,  1.00000000,1,0,0.025000000000000001,0.5
927.0667,  1.00000000,1,0,0.025000000000000001,0.5
927.1000,  1.00000000,1,0,0.0,0.5
927.1333,  1.00000000,1,0,0.050000000000000003,0.5
927.1667,  1.00000000,1,0,0.025000000000000001,0.5
927.2000,  1.00000000,1,0,0.0,0.5
927.2333,  1.00000000,1,0,0.025000000000000001,0.5
927.2667,  1.00000000,1,0,0.0,0.5
927.3000,  1.00000000,1,0,0.025000000000000001,0.5
927.3333,  1.00000000,1,0,0.025000000000000001,0.5
927.3667,  1.00000000,1,0,0.0,0.5
927.4000,  1.00000000,1,0,0.0,0.5
927.4333,  1.00000000,1,0,0.0,0.5
927.4667,  1.00000000,1,0,0.025000000000000001,0.5
927.5000,  1.00000000,1,0,0.025000000000000001,0.5
927.5333,  1.00000000,1,0,0.0,0.5
927.5667,  1.00000000,1,0,0.025000000000000001,0.5
927.6000,  1.00000000,1,0,0.0,0.5
927.6333,  1.00000000,1,0,0.025000000000000001,0.5
927.6667,  1.00000000,1,0,0.050000000000000003,0.5
927.7000,  1.00000000,1,0,0.025000000000000001,0.5
927.7333,  1.00000000,1,0,0.025000000000000001,0.5
927.7667,  1.00000000,1,0,0.025000000000000001,0.5
927.8000,  1.00000000,1,0,0.025000000000000001,0.5
927.8333,  1.00000000,1,0,0.025000000000000001,0.5
927.8667,  1.00000000,1,0,0.0,0.5
927.9000,  1.00000000,1,0,0.0,0.5
927.9333,  1.00000000,1,0,0.025000000000000001,0.5
927.9667,  1.00000000,1,0,0.025000000000000001,0.5
928.0000,  1.00000000,1,0,0.0,0.5
928.0333,  1.00000000,1,0,0.050000000000000003,0.5
928.0667,  1.00000000,1,0,0.025000000000000001,0.5
928.1000,  1.00000000,1,0,0.0,0.5
928.1333,  1.00000000,1,0,0.025000000000000001,0.5
928.1667,  1.00000000,1,0,0.025000000000000001,0.5
928.2000,  1.00000000,1,0,0.025000000000000001,0.5
928.2333,  1.00000000,1,0,0.0,0.5
928.2667,  1.00000000,1,0,0.025000000000000001,0.5
928.3000,  1.00000000,1,0,0.025000000000000001,0.5
928.3333,  1.00000000,1,0,0.025000000000000001,0.5
928.3667,  1.00000000,1,0,0.050000000000000003,0.5
928.4000,  1.00000000,1,0,0.025000000000000001,0.5
928.4333,  1.00000000,1,0,0.050000000000000003,0.5
928.4667,  1.00000000,1,0,0.050000000000000003,0.5
928.5000,  1.00000000,1,0,0.025000000000000001,0.5
928.5333,  1.00000000,1,0,0.050000000000000003,0.5
928.5667,  1.00000000,1,0,0.050000000000000003,0.5
928.6000,  1.00000000,1,0,0.025000000000000001,0.5
928.6333,  1.00000000,1,0,0.050000000000000003,0.5
928.6667,  1.00000000,1,0,0.025000000000000001,0.5
928.7000,  1.00000000,1,0,0.025000000000000001,0.5
928.7333,  1.00000000,1,0,0.050000000000000003,0.5
928.7667,  1.00000000,1,0,0.025000000000000001,0.5
928.8000,  1.00000000,1,0,0.025000000000000001,0.5
928.8333,  1.00000000,1,0,0.025000000000000001,0.5
928.8667,  1.00000000,1,0,0.025000000000000001,0.5
928.9000,  1.00000000,1,0,0.025000000000000001,0.5
928.9333,  1.00000000,1,0,0.050000000000000003,0.5
928.9667,  1.00000000,1,0,0.025000000000000001,0.5
929.0000,  1.00000000,1,0,0.0,0.5
929.0333,  1.00000000,1,0,0.025000000000000001,0.5
929.0667,  1.00000000,1,0,0.050000000000000003,0.5
929.1000,  1.00000000,1,0,0.025000000000000001,0.5
929.1333,  1.00000000,1,0,0.025000000000000001,0.5
929.1667,  1.00000000,1,0,0.0,0.5
929.2000,  1.00000000,1,0,0.050000000000000003,0.5
929.2333,  1.00000000,1,0,0.0,0.5
929.2667,  1.00000000,1,0,0.0,0.5
929.3000,  1.00000000,1,0,0.0,0.5
929.3333,  1.00000000,1,0,0.025000000000000001,0.5
929.3667,  1.00000000,1,0,0.0,0.5
929.4000,  1.00000000,1,0,0.025000000000000001,0.5
929.4333,  1.00000000,1,0,0.025000000000000001,0.5
929.4667,  1.00000000,1,0,0.0,0.5
929.5000,  1.00000000,1,0,0.025000000000000001,0.5
929.5333,  1.00000000,1,0,0.025000000000000001,0.5
929.5667,  1.00000000,1,0,0.0,0.5
929.6000,  1.00000000,1,0,0.0,0.5
929.6333,  1.00000000,1,0,0.025000000000000001,0.5
929.6667,  1.00000000,1,0,0.050000000000000003,0.5
929.7000,  1.00000000,1,0,0.0,0.5
929.7333,  1.00000000,1,0,0.0,0.5
929.7667,  1.00000000,1,0,0.0,0.5
929.8000,  1.00000000,1,0,0.025000000000000001,0.5
929.8333,  1.00000000,1,0,0.0,0.5
929.8667,  1.00000000,1,0,0.025000000000000001,0.5
929.9000,  1.00000000,1,0,0.0,0.5
929.9333,  1.00000000,1,0,0.025000000000000001,0.5
929.9667,  1.00000000,1,0,0.0,0.5
930.0000,  1.00000000,1,0,0.0,0.5
930.0333,  1.00000000,1,0,0.0,0.5
930.0667,  1.00000000,1,0,0.025000000000000001,0.5
930.1000,  1.00000000,1,0,0.0,0.5
930.1333,  1.00000000,1,0,0.0,0.5
930.1667,  1.00000000,1,0,0.0,0.5
930.2000,  1.00000000,1,0,0.0,0.5
930.2333,  1.00000000,1,0,0.0,0.5
930.2667,  1.00000000,1,0,0.0,0.5
930.3000,  1.00000000,1,0,0.0,0.5
930.3333,  1.00000000,1,0,0.025000000000000001,0.5
930.3667,  1.00000000,1,0,0.025000000000000001,0.5
930.4000,  1.00000000,1,0,0.0,0.5
930.4333,  1.00000000,1,0,0.0,0.5
930.4667,  1.00000000,1,0,0.025000000000000001,0.5
930.5000,  1.00000000,1,0,0.025000000000000001,0.5
930.5333,  1.00000000,1,0,0.025000000000000001,0.5
930.5667,  1.00000000,1,0,0.025000000000000001,0.5
930.6000,  1.00000000,1,0,0.025000000000000001,0.5
930.6333,  1.00000000,1,0,0.025000000000000001,0.5
930.6667,  1.00000000,1,0,0.0,0.5
930.7000,  1.00000000,1,0,0.025000000000000001,0.5
930.7333,  1.00000000,1,0,0.0,0.5
930.7667,  1.00000000,1,0,0.025000000000000001,0.5
930.8000,  1.00000000,1,0,0.0,0.5
930.8333,  1.00000000,1,0,0.025000000000000001,0.5
930.8667,  1.00000000,1,0,0.0,0.5
930.9000,  1.00000000,1,0,0.025000000000000001,0.5
930.9333,  1.00000000,1,0,0.0,0.5
930.9667,  1.00000000,1,0,0.025000000000000001,0.5
931.0000,  1.00000000,1,0,0.0,0.5
931.0333,  1.00000000,1,0,0.050000000000000003,0.5
931.0667,  1.00000000,1,0,0.0,0.5
931.1000,  1.00000000,1,0,0.0,0.5
931.1333,  1.00000000,1,0,0.025000000000000001,0.5
931.1667,  1.00000000,1,0,0.0,0.5
931.2000,  1.00000000,1,0,0.025000000000000001,0.5
931.2333,  1.00000000,1,0,0.025000000000000001,0.5
931.2667,  1.00000000,1,0,0.025000000000000001,0.5
931.3000,  1.00000000,1,0,0.025000000000000001,0.5
931.3333,  1.00000000,1,0,0.050000000000000003,0.5
931.3667,  1.00000000,1,0,0.0,0.5
931.4000,  1.00000000,1,0,0.0,0.5
931.4333,  1.00000000,1,0,0.0,0.5
931.4667,  1.00000000,1,0,0.0,0.5
931.5000,  1.00000000,1,0,0.050000000000000003,0.5
931.5333,  1.00000000,1,0,0.025000000000000001,0.5
931.5667,  1.00000000,1,0,0.050000000000000003,0.5
931.6000,  1.00000000,1,0,0.025000000000000001,0.5
931.6333,  1.00000000,1,0,0.050000000000000003,0.5
931.6667,  1.00000000,1,0,0.050000000000000003,0.5
931.7000,  1.00000000,1,0,0.0,0.5
931.7333,  1.00000000,1,0,0.0,0.5
931.7667,  1.00000000,1,0,0.0,0.5
931.8000,  1.00000000,1,0,0.025000000000000001,0.5
931.8333,  1.00000000,1,0,0.0,0.5
931.8667,  1.00000000,1,0,0.0,0.5
931.9000,  1.00000000,1,0,0.050000000000000003,0.5
931.9333,  1.00000000,1,0,0.025000000000000001,0.5
931.9667,  1.00000000,1,0,0.025000000000000001,0.5
932.0000,  1.00000000,1,0,0.025000000000000001,0.5
932.0333,  1.00000000,1,0,0.025000000000000001,0.5
932.0667,  1.00000000,1,0,0.025000000000000001,0.5
932.1000,  1.00000000,1,0,0.025000000000000001,0.5
932.1333,  1.00000000,1,0,0.050000000000000003,0.5
932.1667,  1.00000000,1,0,0.0,0.5
932.2000,  1.00000000,1,0,0.025000000000000001,0.5
932.2333,  1.00000000,1,0,0.025000000000000001,0.5
932.2667,  1.00000000,1,0,0.025000000000000001,0.5
932.3000,  1.00000000,1,0,0.025000000000000001,0.5
932.3333,  1.00000000,1,0,0.050000000000000003,0.5
932.3667,  1.00000000,1,0,0.050000000000000003,0.5
932.4000,  1.00000000,1,0,0.025000000000000001,0.5
932.4333,  1.00000000,1,0,0.0,0.5
932.4667,  1.00000000,1,0,0.0,0.5
932.5000,  1.00000000,1,0,0.025000000000000001,0.5
932.5333,  1.00000000,1,0,0.0,0.5
932.5667,  1.00000000,1,0,0.0,0.5
932.6000,  1.00000000,1,0,0.0,0.5
932.6333,  1.00000000,1,0,0.025000000000000001,0.5
932.6667,  1.00000000,1,0,0.0,0.5
932.7000,  1.00000000,1,0,0.025000000000000001,0.5
932.7333,  1.00000000,1,0,0.025000000000000001,0.5
932.7667,  1.00000000,1,0,0.025000000000000001,0.5
932.8000,  1.00000000,1,0,0.025000000000000001,0.5
932.8333,  1.00000000,1,0,0.025000000000000001,0.5
932.8667,  1.00000000,1,0,0.025000000000000001,0.5
932.9000,  1.00000000,1,0,0.050000000000000003,0.5
932.9333,  1.00000000,1,0,0.050000000000000003,0.5
932.9667,  1.00000000,1,0,0.0,0.5
933.0000,  1.00000000,1,0,0.025000000000000001,0.5
933.0333,  1.00000000,1,0,0.025000000000000001,0.5
933.0667,  1.00000000,1,0,0.050000000000000003,0.5
933.1000,  1.00000000,1,0,0.025000000000000001,0.5
933.1333,  1.00000000,1,0,0.050000000000000003,0.5
933.1667,  1.00000000,1,0,0.025000000000000001,0.5
933.2000,  1.00000000,1,0,0.025000000000000001,0.5
933.2333,  1.00000000,1,0,0.025000000000000001,0.5
933.2667,  1.00000000,1,0,0.0,0.5
933.3000,  1.00000000,1,0,0.025000000000000001,0.5
933.3333,  1.00000000,1,0,0.025000000000000001,0.5
933.3667,  1.00000000,1,0,0.0,0.5
933.4000,  1.00000000,1,0,0.025000000000000001,0.5
933.4333,  1.00000000,1,0,0.025000000000000001,0.5
933.4667,  1.00000000,1,0,0.025000000000000001,0.5
933.5000,  1.00000000,1,0,0.0,0.5
933.5333,  1.00000000,1,0,0.025000000000000001,0.5
933.5667,  1.00000000,1,0,0.0,0.5
933.6000,  1.00000000,1,0,0.025000000000000001,0.5
933.6333,  1.00000000,1,0,0.025000000000000001,0.5
933.6667,  1.00000000,1,0,0.025000000000000001,0.5
933.7000,  1.00000000,1,0,0.025000000000000001,0.5
933.7333,  1.00000000,1,0,0.025000000000000001,0.5
933.7667,  1.00000000,1,0,0.0,0.5
933.8000,  1.00000000,1,0,0.025000000000000001,0.5
933.8333,  1.00000000,1,0,0.050000000000000003,0.5
933.8667,  1.00000000,1,0,0.025000000000000001,0.5
933.9000,  1.00000000,1,0,0.025000000000000001,0.5
933.9333,  1.00000000,1,0,0.0,0.5
933.9667,  1.00000000,1,0,0.025000000000000001,0.5
934.0000,  1.00000000,1,0,0.0,0.5
934.0333,  1.00000000,1,0,0.025000000000000001,0.5
934.0667,  1.00000000,1,0,0.0,0.5
934.1000,  1.00000000,1,0,0.0,0.5
934.1333,  1.00000000,1,0,0.0,0.5
934.1667,  1.00000000,1,0,0.025000000000000001,0.5
934.2000,  1.00000000,1,0,0.025000000000000001,0.5
934.2333,  1.00000000,1,0,0.0,0.5
934.2667,  1.00000000,1,0,0.0,0.5
934.3000,  1.00000000,1,0,0.0,0.5
934.3333,  1.00000000,1,0,0.050000000000000003,0.5
934.3667,  1.00000000,1,0,0.0,0.5
934.4000,  1.00000000,1,0,0.025000000000000001,0.5
934.4333,  1.00000000,1,0,0.025000000000000001,0.5
934.4667,  1.00000000,1,0,0.025000000000000001,0.5
934.5000,  1.00000000,1,0,0.025000000000000001,0.5
934.5333,  1.00000000,1,0,0.025000000000000001,0.5
934.5667,  1.00000000,1,0,0.025000000000000001,0.5
934.6000,  1.00000000,1,0,0.0,0.5
934.6333,  1.00000000,1,0,0.0,0.5
934.6667,  1.00000000,1,0,0.025000000000000001,0.5
934.7000,  1.00000000,1,0,0.0,0.5
934.7333,  1.00000000,1,0,0.0,0.5
934.7667,  1.00000000,1,0,0.0,0.5
934.8000,  1.00000000,1,0,0.050000000000000003,0.5
934.8333,  1.00000000,1,0,0.050000000000000003,0.5
934.8667,  1.00000000,1,0,0.025000000000000001,0.5
934.9000,  1.00000000,1,0,0.025000000000000001,0.5
934.9333,  1.00000000,1,0,0.0,0.5
934.9667,  1.00000000,1,0,0.025000000000000001,0.5
935.0000,  1.00000000,1,0,0.0,0.5
935.0333,  1.00000000,1,0,0.025000000000000001,0.5
935.0667,  1.00000000,1,0,0.0,0.5
935.1000,  1.00000000,1,0,0.025000000000000001,0.5
935.1333,  1.00000000,1,0,0.0,0.5
935.1667,  1.00000000,1,0,0.0,0.5
935.2000,  1.00000000,1,0,0.025000000000000001,0.5
935.2333,  1.00000000,1,0,0.025000000000000001,0.5
935.2667,  1.00000000,1,0,0.025000000000000001,0.5
935.3000,  1.00000000,1,0,0.025000000000000001,0.5
935.3333,  1.00000000,1,0,0.0,0.5
935.3667,  1.00000000,1,0,0.0,0.5
935.4000,  1.00000000,1,0,0.025000000000000001,0.5
935.4333,  1.00000000,1,0,0.025000000000000001,0.5
935.4667,  1.00000000,1,0,0.025000000000000001,0.5
935.5000,  1.00000000,1,0,0.0,0.5
935.5333,  1.00000000,1,0,0.025000000000000001,0.5
935.5667,  1.00000000,1,0,0.0,0.5
935.6000,  1.00000000,1,0,0.0,0.5
935.6333,  1.00000000,1,0,0.025000000000000001,0.5
935.6667,  1.00000000,1,0,0.025000000000000001,0.5
935.7000,  1.00000000,1,0,0.050000000000000003,0.5
935.7333,  1.00000000,1,0,0.0,0.5
935.7667,  1.00000000,1,0,0.025000000000000001,0.5
935.8000,  1.00000000,1,0,0.0,0.5
935.8333,  1.00000000,1,0,0.050000000000000003,0.5
935.8667,  1.00000000,1,0,0.025000000000000001,0.5
935.9000,  1.00000000,1,0,0.025000000000000001,0.5
935.9333,  1.00000000,1,0,0.0,0.5
935.9667,  1.00000000,1,0,0.025000000000000001,0.5
936.0000,  1.00000000,1,0,0.0,0.5
936.0333,  1.00000000,1,0,0.0,0.5
936.0667,  1.00000000,1,0,0.0,0.5
936.1000,  1.00000000,1,0,0.050000000000000003,0.5
936.1333,  1.00000000,1,0,0.025000000000000001,0.5
936.1667,  1.00000000,1,0,0.050000000000000003,0.5
936.2000,  1.00000000,1,0,0.0,0.5
936.2333,  1.00000000,1,0,0.025000000000000001,0.5
936.2667,  1.00000000,1,0,0.025000000000000001,0.5
936.3000,  1.00000000,1,0,0.025000000000000001,0.5
936.3333,  1.00000000,1,0,0.0,0.5
936.3667,  1.00000000,1,0,0.0,0.5
936.4000,  1.00000000,1,0,0.025000000000000001,0.5
936.4333,  1.00000000,1,0,0.025000000000000001,0.5
936.4667,  1.00000000,1,0,0.025000000000000001,0.5
936.5000,  1.00000000,1,0,0.0,0.5
936.5333,  1.00000000,1,0,0.050000000000000003,0.5
936.5667,  1.00000000,1,0,0.0,0.5
936.6000,  1.00000000,1,0,0.0,0.5
936.6333,  1.00000000,1,0,0.025000000000000001,0.5
936.6667,  1.00000000,1,0,0.025000000000000001,0.5
936.7000,  1.00000000,1,0,0.025000000000000001,0.5
936.7333,  1.00000000,1,0,0.025000000000000001,0.5
936.7667,  1.00000000,1,0,0.025000000000000001,0.5
936.8000,  1.00000000,1,0,0.0,0.5
936.8333,  1.00000000,1,0,0.025000000000000001,0.5
936.8667,  1.00000000,1,0,0.050000000000000003,0.5
936.9000,  1.00000000,1,0,0.025000000000000001,0.5
936.9333,  1.00000000,1,0,0.050000000000000003,0.5
936.9667,  1.00000000,1,0,0.0,0.5
937.0000,  1.00000000,1,0,0.025000000000000001,0.5
937.0333,  1.00000000,1,0,0.0,0.5
937.0667,  1.00000000,1,0,0.0,0.5
937.1000,  1.00000000,1,0,0.0,0.5
937.1333,  1.00000000,1,0,0.0,0.5
937.1667,  1.00000000,1,0,0.025000000000000001,0.5
937.2000,  1.00000000,1,0,0.025000000000000001,0.5
937.2333,  1.00000000,1,0,0.0,0.5
937.2667,  1.00000000,1,0,0.0,0.5
937.3000,  1.00000000,1,0,0.0,0.5
937.3333,  1.00000000,1,0,0.0,0.5
937.3667,  1.00000000,1,0,0.025000000000000001,0.5
937.4000,  1.00000000,1,0,0.0,0.5
937.4333,  1.00000000,1,0,0.0,0.5
937.4667,  1.00000000,1,0,0.025000000000000001,0.5
937.5000,  1.00000000,1,0,0.025000000000000001,0.5
937.5333,  1.00000000,1,0,0.074999999999999997,0.5
937.5667,  1.00000000,1,0,0.025000000000000001,0.5
937.6000,  1.00000000,1,0,0.0,0.5
937.6333,  1.00000000,1,0,0.0,0.5
937.6667,  1.00000000,1,0,0.025000000000000001,0.5
937.7000,  1.00000000,1,0,0.0,0.5
937.7333,  1.00000000,1,0,0.025000000000000001,0.5
937.7667,  1.00000000,1,0,0.074999999999999997,0.5
937.8000,  1.00000000,1,0,0.0,0.5
937.8333,  1.00000000,1,0,0.050000000000000003,0.5
937.8667,  1.00000000,1,0,0.0,0.5
937.9000,  1.00000000,1,0,0.0,0.5
937.9333,  1.00000000,1,0,0.0,0.5
937.9667,  1.00000000,1,0,0.0,0.5
938.0000,  1.00000000,1,0,0.025000000000000001,0.5
938.0333,  1.00000000,1,0,0.025000000000000001,0.5
938.0667,  1.00000000,1,0,0.025000000000000001,0.5
938.1000,  1.00000000,1,0,0.0,0.5
938.1333,  1.00000000,1,0,0.050000000000000003,0.5
938.1667,  1.00000000,1,0,0.050000000000000003,0.5
938.2000,  1.00000000,1,0,0.0,0.5
938.2333,  1.00000000,1,0,0.025000000000000001,0.5
938.2667,  1.00000000,1,0,0.025000000000000001,0.5
938.3000,  1.00000000,1,0,0.025000000000000001,0.5
938.3333,  1.00000000,1,0,0.025000000000000001,0.5
938.3667,  1.00000000,1,0,0.0,0.5
938.4000,  1.00000000,1,0,0.0,0.5
938.4333,  1.00000000,1,0,0.050000000000000003,0.5
938.4667,  1.00000000,1,0,0.025000000000000001,0.5
938.5000,  1.00000000,1,0,0.0,0.5
938.5333,  1.00000000,1,0,0.0,0.5
938.5667,  1.00000000,1,0,0.0,0.5
938.6000,  1.00000000,1,0,0.0,0.5
938.6333,  1.00000000,1,0,0.025000000000000001,0.5
938.6667,  1.00000000,1,0,0.0,0.5
938.7000,  1.00000000,1,0,0.025000000000000001,0.5
938.7333,  1.00000000,1,0,0.0,0.5
938.7667,  1.00000000,1,0,0.025000000000000001,0.5
938.8000,  1.00000000,1,0,0.0,0.5
938.8333,  1.00000000,1,0,0.025000000000000001,0.5
938.8667,  1.00000000,1,0,0.025000000000000001,0.5
938.9000,  1.00000000,1,0,0.0,0.5
938.9333,  1.00000000,1,0,0.0,0.5
938.9667,  1.00000000,1,0,0.025000000000000001,0.5
939.0000,  1.00000000,1,0,0.0,0.5
939.0333,  1.00000000,1,0,0.0,0.5
939.0667,  1.00000000,1,0,0.025000000000000001,0.5
939.1000,  1.00000000,1,0,0.050000000000000003,0.5
939.1333,  1.00000000,1,0,0.0,0.5
939.1667,  1.00000000,1,0,0.025000000000000001,0.5
939.2000,  1.00000000,1,0,0.0,0.5
939.2333,  1.00000000,1,0,0.025000000000000001,0.5
939.2667,  1.00000000,1,0,0.025000000000000001,0.5
939.3000,  1.00000000,1,0,0.0,0.5
939.3333,  1.00000000,1,0,0.050000000000000003,0.5
939.3667,  1.00000000,1,0,0.025000000000000001,0.5
939.4000,  1.00000000,1,0,0.0,0.5
939.4333,  1.00000000,1,0,0.025000000000000001,0.5
939.4667,  1.00000000,1,0,0.0,0.5
939.5000,  1.00000000,1,0,0.025000000000000001,0.5
939.5333,  1.00000000,1,0,0.0,0.5
939.5667,  1.00000000,1,0,0.0,0.5
939.6000,  1.00000000,1,0,0.0,0.5
939.6333,  1.00000000,1,0,0.050000000000000003,0.5
939.6667,  1.00000000,1,0,0.025000000000000001,0.5
939.7000,  1.00000000,1,0,0.025000000000000001,0.5
939.7333,  1.00000000,1,0,0.074999999999999997,0.5
939.7667,  1.00000000,1,0,0.0,0.5
939.8000,  1.00000000,1,0,0.025000000000000001,0.5
939.8333,  1.00000000,1,0,0.0,0.5
939.8667,  1.00000000,1,0,0.0,0.5
939.9000,  1.00000000,1,0,0.025000000000000001,0.5
939.9333,  1.00000000,1,0,0.025000000000000001,0.5
939.9667,  1.00000000,1,0,0.025000000000000001,0.5
940.0000,  1.00000000,1,0,0.0,0.5
940.0333,  1.00000000,1,0,0.0,0.5
940.0667,  1.00000000,1,0,0.050000000000000003,0.5
940.1000,  1.00000000,1,0,0.025000000000000001,0.5
940.1333,  1.00000000,1,0,0.025000000000000001,0.5
940.1667,  1.00000000,1,0,0.025000000000000001,0.5
940.2000,  1.00000000,1,0,0.0,0.5
940.2333,  1.00000000,1,0,0.025000000000000001,0.5
940.2667,  1.00000000,1,0,0.0,0.5
940.3000,  1.00000000,1,0,0.025000000000000001,0.5
940.3333,  1.00000000,1,0,0.0,0.5
940.3667,  1.00000000,1,0,0.025000000000000001,0.5
940.4000,  1.00000000,1,0,0.074999999999999997,0.5
940.4333,  1.00000000,1,0,0.0,0.5
940.4667,  1.00000000,1,0,0.025000000000000001,0.5
940.5000,  1.00000000,1,0,0.074999999999999997,0.5
940.5333,  1.00000000,1,0,0.025000000000000001,0.5
940.5667,  1.00000000,1,0,0.050000000000000003,0.5
940.6000,  1.00000000,1,0,0.025000000000000001,0.5
940.6333,  1.00000000,1,0,0.0,0.5
940.6667,  1.00000000,1,0,0.025000000000000001,0.5
940.7000,  1.00000000,1,0,0.025000000000000001,0.5
940.7333,  1.00000000,1,0,0.025000000000000001,0.5
940.7667,  1.00000000,1,0,0.050000000000000003,0.5
940.8000,  1.00000000,1,0,0.0,0.5
940.8333,  1.00000000,1,0,0.0,0.5
940.8667,  1.00000000,1,0,0.025000000000000001,0.5
940.9000,  1.00000000,1,0,0.025000000000000001,0.5
940.9333,  1.00000000,1,0,0.0,0.5
940.9667,  1.00000000,1,0,0.0,0.5
941.0000,  1.00000000,1,0,0.025000000000000001,0.5
941.0333,  1.00000000,1,0,0.0,0.5
941.0667,  1.00000000,1,0,0.025000000000000001,0.5
941.1000,  1.00000000,1,0,0.025000000000000001,0.5
941.1333,  1.00000000,1,0,0.0,0.5
941.1667,  1.00000000,1,0,0.050000000000000003,0.5
941.2000,  1.00000000,1,0,0.0,0.5
941.2333,  1.00000000,1,0,0.0,0.5
941.2667,  1.00000000,1,0,0.025000000000000001,0.5
941.3000,  1.00000000,1,0,0.0,0.5
941.3333,  1.00000000,1,0,0.0,0.5
941.3667,  1.00000000,1,0,0.025000000000000001,0.5
941.4000,  1.00000000,1,0,0.0,0.5
941.4333,  1.00000000,1,0,0.0,0.5
941.4667,  1.00000000,1,0,0.025000000000000001,0.5
941.5000,  1.00000000,1,0,0.050000000000000003,0.5
941.5333,  1.00000000,1,0,0.0,0.5
941.5667,  1.00000000,1,0,0.0,0.5
941.6000,  1.00000000,1,0,0.025000000000000001,0.5
941.6333,  1.00000000,1,0,0.0,0.5
941.6667,  1.00000000,1,0,0.050000000000000003,0.5
941.7000,  1.00000000,1,0,0.025000000000000001,0.5
941.7333,  1.00000000,1,0,0.025000000000000001,0.5
941.7667,  1.00000000,1,0,0.025000000000000001,0.5
941.8000,  1.00000000,1,0,0.025000000000000001,0.5
941.8333,  1.00000000,1,0,0.025000000000000001,0.5
941.8667,  1.00000000,1,0,0.0,0.5
941.9000,  1.00000000,1,0,0.0,0.5
941.9333,  1.00000000,1,0,0.0,0.5
941.9667,  1.00000000,1,0,0.0,0.5
942.0000,  1.00000000,1,0,0.025000000000000001,0.5
942.0333,  1.00000000,1,0,0.0,0.5
942.0667,  1.00000000,1,0,0.025000000000000001,0.5
942.1000,  1.00000000,1,0,0.0,0.5
942.1333,  1.00000000,1,0,0.025000000000000001,0.5
942.1667,  1.00000000,1,0,0.0,0.5
942.2000,  1.00000000,1,0,0.0,0.5
942.2333,  1.00000000,1,0,0.025000000000000001,0.5
942.2667,  1.00000000,1,0,0.0,0.5
942.3000,  1.00000000,1,0,0.0,0.5
942.3333,  1.00000000,1,0,0.0,0.5
942.3667,  1.00000000,1,0,0.0,0.5
942.4000,  1.00000000,1,0,0.0,0.5
942.4333,  1.00000000,1,0,0.0,0.5
942.4667,  1.00000000,1,0,0.025000000000000001,0.5
942.5000,  1.00000000,1,0,0.025000000000000001,0.5
942.5333,  1.00000000,1,0,0.025000000000000001,0.5
942.5667,  1.00000000,1,0,0.0,0.5
942.6000,  1.00000000,1,0,0.0,0.5
942.6333,  1.00000000,1,0,0.025000000000000001,0.5
942.6667,  1.00000000,1,0,0.0,0.5
942.7000,  1.00000000,1,0,0.0,0.5
942.7333,  1.00000000,1,0,0.050000000000000003,0.5
942.7667,  1.00000000,1,0,0.025000000000000001,0.5
942.8000,  1.00000000,1,0,0.025000000000000001,0.5
942.8333,  1.00000000,1,0,0.0,0.5
942.8667,  1.00000000,1,0,0.0,0.5
942.9000,  1.00000000,1,0,0.050000000000000003,0.5
942.9333,  1.00000000,1,0,0.0,0.5
942.9667,  1.00000000,1,0,0.050000000000000003,0.5
943.0000,  1.00000000,1,0,0.0,0.5
943.0333,  1.00000000,1,0,0.050000000000000003,0.5
943.0667,  1.00000000,1,0,0.0,0.5
943.1000,  1.00000000,1,0,0.050000000000000003,0.5
943.1333,  1.00000000,1,0,0.050000000000000003,0.5
943.1667,  1.00000000,1,0,0.0,0.5
943.2000,  1.00000000,1,0,0.0,0.5
943.2333,  1.00000000,1,0,0.0,0.5
943.2667,  1.00000000,1,0,0.0,0.5
943.3000,  1.00000000,1,0,0.025000000000000001,0.5
943.3333,  1.00000000,1,0,0.0,0.5
943.3667,  1.00000000,1,0,0.0,0.5
943.4000,  1.00000000,1,0,0.0,0.5
943.4333,  1.00000000,1,0,0.025000000000000001,0.5
943.4667,  1.00000000,1,0,0.0,0.5
943.5000,  1.00000000,1,0,0.025000000000000001,0.5
943.5333,  1.00000000,1,0,0.025000000000000001,0.5
943.5667,  1.00000000,1,0,0.025000000000000001,0.5
943.6000,  1.00000000,1,0,0.025000000000000001,0.5
943.6333,  1.00000000,1,0,0.025000000000000001,0.5
943.6667,  1.00000000,1,0,0.025000000000000001,0.5
943.7000,  1.00000000,1,0,0.025000000000000001,0.5
943.7333,  1.00000000,1,0,0.050000000000000003,0.5
943.7667,  1.00000000,1,0,0.0,0.5
943.8000,  1.00000000,1,0,0.050000000000000003,0.5
943.8333,  1.00000000,1,0,0.025000000000000001,0.5
943.8667,  1.00000000,1,0,0.0,0.5
943.9000,  1.00000000,1,0,0.0,0.5
943.9333,  1.00000000,1,0,0.025000000000000001,0.5
943.9667,  1.00000000,1,0,0.0,0.5
944.0000,  1.00000000,1,0,0.050000000000000003,0.5
944.0333,  1.00000000,1,0,0.0,0.5
944.0667,  1.00000000,1,0,0.025000000000000001,0.5
944.1000,  1.00000000,1,0,0.050000000000000003,0.5
944.1333,  1.00000000,1,0,0.025000000000000001,0.5
944.1667,  1.00000000,1,0,0.025000000000000001,0.5
944.2000,  1.00000000,1,0,0.0,0.5
944.2333,  1.00000000,1,0,0.0,0.5
944.2667,  1.00000000,1,0,0.0,0.5
944.3000,  1.00000000,1,0,0.050000000000000003,0.5
944.3333,  1.00000000,1,0,0.0,0.5
944.3667,  1.00000000,1,0,0.0,0.5
944.4000,  1.00000000,1,0,0.0,0.5
944.4333,  1.00000000,1,0,0.0,0.5
944.4667,  1.00000000,1,0,0.0,0.5
944.5000,  1.00000000,1,0,0.050000000000000003,0.5
944.5333,  1.00000000,1,0,0.0,0.5
944.5667,  1.00000000,1,0,0.025000000000000001,0.5
944.6000,  1.00000000,1,0,0.025000000000000001,0.5
944.6333,  1.00000000,1,0,0.025000000000000001,0.5
944.6667,  1.00000000,1,0,0.050000000000000003,0.5
944.7000,  1.00000000,1,0,0.050000000000000003,0.5
944.7333,  1.00000000,1,0,0.0,0.5
944.7667,  1.00000000,1,0,0.025000000000000001,0.5
944.8000,  1.00000000,1,0,0.0,0.5
944.8333,  1.00000000,1,0,0.0,0.5
944.8667,  1.00000000,1,0,0.0,0.5
944.9000,  1.00000000,1,0,0.0,0.5
944.9333,  1.00000000,1,0,0.0,0.5
944.9667,  1.00000000,1,0,0.025000000000000001,0.5
945.0000,  1.00000000,1,0,0.0,0.5
945.0333,  1.00000000,1,0,0.0,0.5
945.0667,  1.00000000,1,0,0.025000000000000001,0.5
945.1000,  1.00000000,1,0,0.0,0.5
945.1333,  1.00000000,1,0,0.025000000000000001,0.5
945.1667,  1.00000000,1,0,0.025000000000000001,0.5
945.2000,  1.00000000,1,0,0.025000000000000001,0.5
945.2333,  1.00000000,1,0,0.025000000000000001,0.5
945.2667,  1.00000000,1,0,0.025000000000000001,0.5
945.3000,  1.00000000,1,0,0.0,0.5
945.3333,  1.00000000,1,0,0.025000000000000001,0.5
945.3667,  1.00000000,1,0,0.0,0.5
945.4000,  1.00000000,1,0,0.0,0.5
945.4333,  1.00000000,1,0,0.025000000000000001,0.5
945.4667,  1.00000000,1,0,0.0,0.5
945.5000,  1.00000000,1,0,0.025000000000000001,0.5
945.5333,  1.00000000,1,0,0.0,0.5
945.5667,  1.00000000,1,0,0.0,0.5
945.6000,  1.00000000,1,0,0.050000000000000003,0.5
945.6333,  1.00000000,1,0,0.025000000000000001,0.5
945.6667,  1.00000000,1,0,0.025000000000000001,0.5
945.7000,  1.00000000,1,0,0.025000000000000001,0.5
945.7333,  1.00000000,1,0,0.025000000000000001,0.5
945.7667,  1.00000000,1,0,0.0,0.5
945.8000,  1.00000000,1,0,0.0,0.5
945.8333,  1.00000000,1,0,0.0,0.5
945.8667,  1.00000000,1,0,0.025000000000000001,0.5
945.9000,  1.00000000,1,0,0.0,0.5
945.9333,  1.00000000,1,0,0.0,0.5
945.9667,  1.00000000,1,0,0.050000000000000003,0.5
946.0000,  1.00000000,1,0,0.025000000000000001,0.5
946.0333,  1.00000000,1,0,0.025000000000000001,0.5
946.0667,  1.00000000,1,0,0.0,0.5
946.1000,  1.00000000,1,0,0.0,0.5
946.1333,  1.00000000,1,0,0.025000000000000001,0.5
946.1667,  1.00000000,1,0,0.0,0.5
946.2000,  1.00000000,1,0,0.0,0.5
946.2333,  1.00000000,1,0,0.025000000000000001,0.5
946.2667,  1.00000000,1,0,0.0,0.5
946.3000,  1.00000000,1,0,0.050000000000000003,0.5
946.3333,  1.00000000,1,0,0.0,0.5
946.3667,  1.00000000,1,0,0.025000000000000001,0.5
946.4000,  1.00000000,1,0,0.0,0.5
946.4333,  1.00000000,1,0,0.025000000000000001,0.5
946.4667,  1.00000000,1,0,0.025000000000000001,0.5
946.5000,  1.00000000,1,0,0.025000000000000001,0.5
946.5333,  1.00000000,1,0,0.025000000000000001,0.5
946.5667,  1.00000000,1,0,0.050000000000000003,0.5
946.6000,  1.00000000,1,0,0.025000000000000001,0.5
946.6333,  1.00000000,1,0,0.025000000000000001,0.5
946.6667,  1.00000000,1,0,0.025000000000000001,0.5
946.7000,  1.00000000,1,0,0.0,0.5
946.7333,  1.00000000,1,0,0.0,0.5
946.7667,  1.00000000,1,0,0.025000000000000001,0.5
946.8000,  1.00000000,1,0,0.0,0.5
946.8333,  1.00000000,1,0,0.025000000000000001,0.5
946.8667,  1.00000000,1,0,0.0,0.5
946.9000,  1.00000000,1,0,0.025000000000000001,0.5
946.9333,  1.00000000,1,0,0.0,0.5
946.9667,  1.00000000,1,0,0.0,0.5
947.0000,  1.00000000,1,0,0.025000000000000001,0.5
947.0333,  1.00000000,1,0,0.0,0.5
947.0667,  1.00000000,1,0,0.025000000000000001,0.5
947.1000,  1.00000000,1,0,0.050000000000000003,0.5
947.1333,  1.00000000,1,0,0.074999999999999997,0.5
947.1667,  1.00000000,1,0,0.074999999999999997,0.5
947.2000,  1.00000000,1,0,0.074999999999999997,0.5
947.2333,  1.00000000,1,0,0.025000000000000001,0.5
947.2667,  1.00000000,1,0,0.025000000000000001,0.5
947.3000,  1.00000000,1,0,0.025000000000000001,0.5
947.3333,  1.00000000,1,0,0.025000000000000001,0.5
947.3667,  1.00000000,1,0,0.0,0.5
947.4000,  1.00000000,1,0,0.074999999999999997,0.5
947.4333,  1.00000000,1,0,0.025000000000000001,0.5
947.4667,  1.00000000,1,0,0.0,0.5
947.5000,  1.00000000,1,0,0.0,0.5
947.5333,  1.00000000,1,0,0.025000000000000001,0.5
947.5667,  1.00000000,1,0,0.025000000000000001,0.5
947.6000,  1.00000000,1,0,0.025000000000000001,0.5
947.6333,  1.00000000,1,0,0.074999999999999997,0.5
947.6667,  1.00000000,1,0,0.025000000000000001,0.5
947.7000,  1.00000000,1,0,0.0,0.5
947.7333,  1.00000000,1,0,0.025000000000000001,0.5
947.7667,  1.00000000,1,0,0.025000000000000001,0.5
947.8000,  1.00000000,1,0,0.050000000000000003,0.5
947.8333,  1.00000000,1,0,0.0,0.5
947.8667,  1.00000000,1,0,0.050000000000000003,0.5
947.9000,  1.00000000,1,0,0.025000000000000001,0.5
947.9333,  1.00000000,1,0,0.025000000000000001,0.5
947.9667,  1.00000000,1,0,0.0,0.5
948.0000,  1.00000000,1,0,0.025000000000000001,0.5
948.0333,  1.00000000,1,0,0.0,0.5
948.0667,  1.00000000,1,0,0.050000000000000003,0.5
948.1000,  1.00000000,1,0,0.025000000000000001,0.5
948.1333,  1.00000000,1,0,0.025000000000000001,0.5
948.1667,  1.00000000,1,0,0.025000000000000001,0.5
948.2000,  1.00000000,1,0,0.0,0.5
948.2333,  1.00000000,1,0,0.0,0.5
948.2667,  1.00000000,1,0,0.025000000000000001,0.5
948.3000,  1.00000000,1,0,0.025000000000000001,0.5
948.3333,  1.00000000,1,0,0.0,0.5
948.3667,  1.00000000,1,0,0.025000000000000001,0.5
948.4000,  1.00000000,1,0,0.050000000000000003,0.5
948.4333,  1.00000000,1,0,0.025000000000000001,0.5
948.4667,  1.00000000,1,0,0.050000000000000003,0.5
948.5000,  1.00000000,1,0,0.0,0.5
948.5333,  1.00000000,1,0,0.025000000000000001,0.5
948.5667,  1.00000000,1,0,0.074999999999999997,0.5
948.6000,  1.00000000,1,0,0.0,0.5
948.6333,  1.00000000,1,0,0.025000000000000001,0.5
948.6667,  1.00000000,1,0,0.025000000000000001,0.5
948.7000,  1.00000000,1,0,0.050000000000000003,0.5
948.7333,  1.00000000,1,0,0.0,0.5
948.7667,  1.00000000,1,0,0.025000000000000001,0.5
948.8000,  1.00000000,1,0,0.025000000000000001,0.5
948.8333,  1.00000000,1,0,0.025000000000000001,0.5
948.8667,  1.00000000,1,0,0.050000000000000003,0.5
948.9000,  1.00000000,1,0,0.025000000000000001,0.5
948.9333,  1.00000000,1,0,0.025000000000000001,0.5
948.9667,  1.00000000,1,0,0.0,0.5
949.0000,  1.00000000,1,0,0.025000000000000001,0.5
949.0333,  1.00000000,1,0,0.0,0.5
949.0667,  1.00000000,1,0,0.050000000000000003,0.5
949.1000,  1.00000000,1,0,0.025000000000000001,0.5
949.1333,  1.00000000,1,0,0.025000000000000001,0.5
949.1667,  1.00000000,1,0,0.050000000000000003,0.5
949.2000,  1.00000000,1,0,0.074999999999999997,0.5
949.2333,  1.00000000,1,0,0.0,0.5
949.2667,  1.00000000,1,0,0.074999999999999997,0.5
949.3000,  1.00000000,1,0,0.025000000000000001,0.5
949.3333,  1.00000000,1,0,0.025000000000000001,0.5
949.3667,  1.00000000,1,0,0.025000000000000001,0.5
949.4000,  1.00000000,1,0,0.0,0.5
949.4333,  1.00000000,1,0,0.0,0.5
949.4667,  1.00000000,1,0,0.0,0.5
949.5000,  1.00000000,1,0,0.0,0.5
949.5333,  1.00000000,1,0,0.025000000000000001,0.5
949.5667,  1.00000000,1,0,0.050000000000000003,0.5
949.6000,  1.00000000,1,0,0.0,0.5
949.6333,  1.00000000,1,0,0.0,0.5
949.6667,  1.00000000,1,0,0.025000000000000001,0.5
949.7000,  1.00000000,1,0,0.025000000000000001,0.5
949.7333,  1.00000000,1,0,0.0,0.5
949.7667,  1.00000000,1,0,0.025000000000000001,0.5
949.8000,  1.00000000,1,0,0.025000000000000001,0.5
949.8333,  1.00000000,1,0,0.0,0.5
949.8667,  1.00000000,1,0,0.0,0.5
949.9000,  1.00000000,1,0,0.025000000000000001,0.5
949.9333,  1.00000000,1,0,0.025000000000000001,0.5
949.9667,  1.00000000,1,0,0.0,0.5
950.0000,  1.00000000,1,0,0.0,0.5
950.0333,  1.00000000,1,0,0.025000000000000001,0.5
950.0667,  1.00000000,1,0,0.050000000000000003,0.5
950.1000,  1.00000000,1,0,0.025000000000000001,0.5
950.1333,  1.00000000,1,0,0.025000000000000001,0.5
950.1667,  1.00000000,1,0,0.025000000000000001,0.5
950.2000,  1.00000000,1,0,0.074999999999999997,0.5
950.2333,  1.00000000,1,0,0.050000000000000003,0.5
950.2667,  1.00000000,1,0,0.025000000000000001,0.5
950.3000,  1.00000000,1,0,0.050000000000000003,0.5
950.3333,  1.00000000,1,0,0.0,0.5
950.3667,  1.00000000,1,0,0.0,0.5
950.4000,  1.00000000,1,0,0.025000000000000001,0.5
950.4333,  1.00000000,1,0,0.025000000000000001,0.5
950.4667,  1.00000000,1,0,0.0,0.5
950.5000,  1.00000000,1,0,0.0,0.5
950.5333,  1.00000000,1,0,0.074999999999999997,0.5
950.5667,  1.00000000,1,0,0.025000000000000001,0.5
950.6000,  1.00000000,1,0,0.025000000000000001,0.5
950.6333,  1.00000000,1,0,0.0,0.5
950.6667,  1.00000000,1,0,0.0,0.5
950.7000,  1.00000000,1,0,0.025000000000000001,0.5
950.7333,  1.00000000,1,0,0.0,0.5
950.7667,  1.00000000,1,0,0.0,0.5
950.8000,  1.00000000,1,0,0.0,0.5
950.8333,  1.00000000,1,0,0.0,0.5
950.8667,  1.00000000,1,0,0.025000000000000001,0.5
950.9000,  1.00000000,1,0,0.025000000000000001,0.5
950.9333,  1.00000000,1,0,0.025000000000000001,0.5
950.9667,  1.00000000,1,0,0.0,0.5
951.0000,  1.00000000,1,0,0.025000000000000001,0.5
951.0333,  1.00000000,1,0,0.025000000000000001,0.5
951.0667,  1.00000000,1,0,0.050000000000000003,0.5
951.1000,  1.00000000,1,0,0.0,0.5
951.1333,  1.00000000,1,0,0.025000000000000001,0.5
951.1667,  1.00000000,1,0,0.0,0.5
951.2000,  1.00000000,1,0,0.0,0.5
951.2333,  1.00000000,1,0,0.0,0.5
951.2667,  1.00000000,1,0,0.0,0.5
951.3000,  1.00000000,1,0,0.025000000000000001,0.5
951.3333,  1.00000000,1,0,0.050000000000000003,0.5
951.3667,  1.00000000,1,0,0.0,0.5
951.4000,  1.00000000,1,0,0.0,0.5
951.4333,  1.00000000,1,0,0.0,0.5
951.4667,  1.00000000,1,0,0.050000000000000003,0.5
951.5000,  1.00000000,1,0,0.0,0.5
951.5333,  1.00000000,1,0,0.025000000000000001,0.5
951.5667,  1.00000000,1,0,0.025000000000000001,0.5
951.6000,  1.00000000,1,0,0.025000000000000001,0.5
951.6333,  1.00000000,1,0,0.0,0.5
951.6667,  1.00000000,1,0,0.0,0.5
951.7000,  1.00000000,1,0,0.025000000000000001,0.5
951.7333,  1.00000000,1,0,0.025000000000000001,0.5
951.7667,  1.00000000,1,0,0.025000000000000001,0.5
951.8000,  1.00000000,1,0,0.025000000000000001,0.5
951.8333,  1.00000000,1,0,0.025000000000000001,0.5
951.8667,  1.00000000,1,0,0.050000000000000003,0.5
951.9000,  1.00000000,1,0,0.025000000000000001,0.5
951.9333,  1.00000000,1,0,0.025000000000000001,0.5
951.9667,  1.00000000,1,0,0.025000000000000001,0.5
952.0000,  1.00000000,1,0,0.025000000000000001,0.5
952.0333,  1.00000000,1,0,0.050000000000000003,0.5
952.0667,  1.00000000,1,0,0.025000000000000001,0.5
952.1000,  1.00000000,1,0,0.025000000000000001,0.5
952.1333,  1.00000000,1,0,0.025000000000000001,0.5
952.1667,  1.00000000,1,0,0.0,0.5
952.2000,  1.00000000,1,0,0.025000000000000001,0.5
952.2333,  1.00000000,1,0,0.025000000000000001,0.5
952.2667,  1.00000000,1,0,0.050000000000000003,0.5
952.3000,  1.00000000,1,0,0.0,0.5
952.3333,  1.00000000,1,0,0.025000000000000001,0.5
952.3667,  1.00000000,1,0,0.050000000000000003,0.5
952.4000,  1.00000000,1,0,0.025000000000000001,0.5
952.4333,  1.00000000,1,0,0.025000000000000001,0.5
952.4667,  1.00000000,1,0,0.025000000000000001,0.5
952.5000,  1.00000000,1,0,0.0,0.5
952.5333,  1.00000000,1,0,0.050000000000000003,0.5
952.5667,  1.00000000,1,0,0.0,0.5
952.6000,  1.00000000,1,0,0.0,0.5
952.6333,  1.00000000,1,0,0.025000000000000001,0.5
952.6667,  1.00000000,1,0,0.050000000000000003,0.5
952.7000,  1.00000000,1,0,0.050000000000000003,0.5
952.7333,  1.00000000,1,0,0.0,0.5
952.7667,  1.00000000,1,0,0.025000000000000001,0.5
952.8000,  1.00000000,1,0,0.025000000000000001,0.5
952.8333,  1.00000000,1,0,0.0,0.5
952.8667,  1.00000000,1,0,0.050000000000000003,0.5
952.9000,  1.00000000,1,0,0.025000000000000001,0.5
952.9333,  1.00000000,1,0,0.050000000000000003,0.5
952.9667,  1.00000000,1,0,0.025000000000000001,0.5
953.0000,  1.00000000,1,0,0.0,0.5
953.0333,  1.00000000,1,0,0.025000000000000001,0.5
953.0667,  1.00000000,1,0,0.025000000000000001,0.5
953.1000,  1.00000000,1,0,0.050000000000000003,0.5
953.1333,  1.00000000,1,0,0.0,0.5
953.1667,  1.00000000,1,0,0.025000000000000001,0.5
953.2000,  1.00000000,1,0,0.025000000000000001,0.5
953.2333,  1.00000000,1,0,0.0,0.5
953.2667,  1.00000000,1,0,0.0,0.5
953.3000,  1.00000000,1,0,0.0,0.5
953.3333,  1.00000000,1,0,0.0,0.5
953.3667,  1.00000000,1,0,0.025000000000000001,0.5
953.4000,  1.00000000,1,0,0.025000000000000001,0.5
953.4333,  1.00000000,1,0,0.0,0.5
953.4667,  1.00000000,1,0,0.050000000000000003,0.5
953.5000,  1.00000000,1,0,0.0,0.5
953.5333,  1.00000000,1,0,0.0,0.5
953.5667,  1.00000000,1,0,0.0,0.5
953.6000,  1.00000000,1,0,0.0,0.5
953.6333,  1.00000000,1,0,0.0,0.5
953.6667,  1.00000000,1,0,0.0,0.5
953.7000,  1.00000000,1,0,0.025000000000000001,0.5
953.7333,  1.00000000,1,0,0.0,0.5
953.7667,  1.00000000,1,0,0.0,0.5
953.8000,  1.00000000,1,0,0.025000000000000001,0.5
953.8333,  1.00000000,1,0,0.025000000000000001,0.5
953.8667,  1.00000000,1,0,0.025000000000000001,0.5
953.9000,  1.00000000,1,0,0.025000000000000001,0.5
953.9333,  1.00000000,1,0,0.025000000000000001,0.5
953.9667,  1.00000000,1,0,0.0,0.5
954.0000,  1.00000000,1,0,0.0,0.5
954.0333,  1.00000000,1,0,0.025000000000000001,0.5
954.0667,  1.00000000,1,0,0.0,0.5
954.1000,  1.00000000,1,0,0.025000000000000001,0.5
954.1333,  1.00000000,1,0,0.025000000000000001,0.5
954.1667,  1.00000000,1,0,0.0,0.5
954.2000,  1.00000000,1,0,0.025000000000000001,0.5
954.2333,  1.00000000,1,0,0.0,0.5
954.2667,  1.00000000,1,0,0.0,0.5
954.3000,  1.00000000,1,0,0.025000000000000001,0.5
954.3333,  1.00000000,1,0,0.025000000000000001,0.5
954.3667,  1.00000000,1,0,0.025000000000000001,0.5
954.4000,  1.00000000,1,0,0.0,0.5
954.4333,  1.00000000,1,0,0.0,0.5
954.4667,  1.00000000,1,0,0.025000000000000001,0.5
954.5000,  1.00000000,1,0,0.0,0.5
954.5333,  1.00000000,1,0,0.0,0.5
954.5667,  1.00000000,1,0,0.0,0.5
954.6000,  1.00000000,1,0,0.050000000000000003,0.5
954.6333,  1.00000000,1,0,0.0,0.5
954.6667,  1.00000000,1,0,0.0,0.5
954.7000,  1.00000000,1,0,0.0,0.5
954.7333,  1.00000000,1,0,0.050000000000000003,0.5
954.7667,  1.00000000,1,0,0.0,0.5
954.8000,  1.00000000,1,0,0.025000000000000001,0.5
954.8333,  1.00000000,1,0,0.025000000000000001,0.5
954.8667,  1.00000000,1,0,0.0,0.5
954.9000,  1.00000000,1,0,0.0,0.5
954.9333,  1.00000000,1,0,0.0,0.5
954.9667,  1.00000000,1,0,0.0,0.5
955.0000,  1.00000000,1,0,0.0,0.5
955.0333,  1.00000000,1,0,0.025000000000000001,0.5
955.0667,  1.00000000,1,0,0.0,0.5
955.1000,  1.00000000,1,0,0.025000000000000001,0.5
955.1333,  1.00000000,1,0,0.0,0.5
955.1667,  1.00000000,1,0,0.025000000000000001,0.5
955.2000,  1.00000000,1,0,0.025000000000000001,0.5
955.2333,  1.00000000,1,0,0.025000000000000001,0.5
955.2667,  1.00000000,1,0,0.0,0.5
955.3000,  1.00000000,1,0,0.050000000000000003,0.5
955.3333,  1.00000000,1,0,0.050000000000000003,0.5
955.3667,  1.00000000,1,0,0.025000000000000001,0.5
955.4000,  1.00000000,1,0,0.0,0.5
955.4333,  1.00000000,1,0,0.025000000000000001,0.5
955.4667,  1.00000000,1,0,0.050000000000000003,0.5
955.5000,  1.00000000,1,0,0.050000000000000003,0.5
955.5333,  1.00000000,1,0,0.050000000000000003,0.5
955.5667,  1.00000000,1,0,0.0,0.5
955.6000,  1.00000000,1,0,0.050000000000000003,0.5
955.6333,  1.00000000,1,0,0.0,0.5
955.6667,  1.00000000,1,0,0.0,0.5
955.7000,  1.00000000,1,0,0.0,0.5
955.7333,  1.00000000,1,0,0.025000000000000001,0.5
955.7667,  1.00000000,1,0,0.0,0.5
955.8000,  1.00000000,1,0,0.050000000000000003,0.5
955.8333,  1.00000000,1,0,0.050000000000000003,0.5
955.8667,  1.00000000,1,0,0.025000000000000001,0.5
955.9000,  1.00000000,1,0,0.0,0.5
955.9333,  1.00000000,1,0,0.050000000000000003,0.5
955.9667,  1.00000000,1,0,0.025000000000000001,0.5
956.0000,  1.00000000,1,0,0.0,0.5
956.0333,  1.00000000,1,0,0.025000000000000001,0.5
956.0667,  1.00000000,1,0,0.0,0.5
956.1000,  1.00000000,1,0,0.025000000000000001,0.5
956.1333,  1.00000000,1,0,0.025000000000000001,0.5
956.1667,  1.00000000,1,0,0.0,0.5
956.2000,  1.00000000,1,0,0.0,0.5
956.2333,  1.00000000,1,0,0.050000000000000003,0.5
956.2667,  1.00000000,1,0,0.025000000000000001,0.5
956.3000,  1.00000000,1,0,0.025000000000000001,0.5
956.3333,  1.00000000,1,0,0.0,0.5
956.3667,  1.00000000,1,0,0.050000000000000003,0.5
956.4000,  1.00000000,1,0,0.0,0.5
956.4333,  1.00000000,1,0,0.050000000000000003,0.5
956.4667,  1.00000000,1,0,0.025000000000000001,0.5
956.5000,  1.00000000,1,0,0.0,0.5
956.5333,  1.00000000,1,0,0.0,0.5
956.5667,  1.00000000,1,0,0.0,0.5
956.6000,  1.00000000,1,0,0.025000000000000001,0.5
956.6333,  1.00000000,1,0,0.0,0.5
956.6667,  1.00000000,1,0,0.0,0.5
956.7000,  1.00000000,1,0,0.0,0.5
956.7333,  1.00000000,1,0,0.025000000000000001,0.5
956.7667,  1.00000000,1,0,0.0,0.5
956.8000,  1.00000000,1,0,0.0,0.5
956.8333,  1.00000000,1,0,0.025000000000000001,0.5
956.8667,  1.00000000,1,0,0.025000000000000001,0.5
956.9000,  1.00000000,1,0,0.025000000000000001,0.5
956.9333,  1.00000000,1,0,0.0,0.5
956.9667,  1.00000000,1,0,0.0,0.5
957.0000,  1.00000000,1,0,0.025000000000000001,0.5
957.0333,  1.00000000,1,0,0.0,0.5
957.0667,  1.00000000,1,0,0.0,0.5
957.1000,  1.00000000,1,0,0.0,0.5
957.1333,  1.00000000,1,0,0.0,0.5
957.1667,  1.00000000,1,0,0.0,0.5
957.2000,  1.00000000,1,0,0.025000000000000001,0.5
957.2333,  1.00000000,1,0,0.025000000000000001,0.5
957.2667,  1.00000000,1,0,0.0,0.5
957.3000,  1.00000000,1,0,0.0,0.5
957.3333,  1.00000000,1,0,0.025000000000000001,0.5
957.3667,  1.00000000,1,0,0.025000000000000001,0.5
957.4000,  1.00000000,1,0,0.0,0.5
957.4333,  1.00000000,1,0,0.025000000000000001,0.5
957.4667,  1.00000000,1,0,0.0,0.5
957.5000,  1.00000000,1,0,0.025000000000000001,0.5
957.5333,  1.00000000,1,0,0.050000000000000003,0.5
957.5667,  1.00000000,1,0,0.0,0.5
957.6000,  1.00000000,1,0,0.0,0.5
957.6333,  1.00000000,1,0,0.025000000000000001,0.5
957.6667,  1.00000000,1,0,0.025000000000000001,0.5
957.7000,  1.00000000,1,0,0.050000000000000003,0.5
957.7333,  1.00000000,1,0,0.0,0.5
957.7667,  1.00000000,1,0,0.025000000000000001,0.5
957.8000,  1.00000000,1,0,0.0,0.5
957.8333,  1.00000000,1,0,0.0,0.5
957.8667,  1.00000000,1,0,0.050000000000000003,0.5
957.9000,  1.00000000,1,0,0.025000000000000001,0.5
957.9333,  1.00000000,1,0,0.050000000000000003,0.5
957.9667,  1.00000000,1,0,0.0,0.5
958.0000,  1.00000000,1,0,0.025000000000000001,0.5
958.0333,  1.00000000,1,0,0.0,0.5
958.0667,  1.00000000,1,0,0.025000000000000001,0.5
958.1000,  1.00000000,1,0,0.0,0.5
958.1333,  1.00000000,1,0,0.025000000000000001,0.5
958.1667,  1.00000000,1,0,0.0,0.5
958.2000,  1.00000000,1,0,0.0,0.5
958.2333,  1.00000000,1,0,0.025000000000000001,0.5
958.2667,  1.00000000,1,0,0.0,0.5
958.3000,  1.00000000,1,0,0.0,0.5
958.3333,  1.00000000,1,0,0.0,0.5
958.3667,  1.00000000,1,0,0.0,0.5
958.4000,  1.00000000,1,0,0.050000000000000003,0.5
958.4333,  1.00000000,1,0,0.0,0.5
958.4667,  1.00000000,1,0,0.025000000000000001,0.5
958.5000,  1.00000000,1,0,0.025000000000000001,0.5
958.5333,  1.00000000,1,0,0.025000000000000001,0.5
958.5667,  1.00000000,1,0,0.050000000000000003,0.5
958.6000,  1.00000000,1,0,0.0,0.5
958.6333,  1.00000000,1,0,0.050000000000000003,0.5
958.6667,  1.00000000,1,0,0.025000000000000001,0.5
958.7000,  1.00000000,1,0,0.0,0.5
958.7333,  1.00000000,1,0,0.0,0.5
958.7667,  1.00000000,1,0,0.050000000000000003,0.5
958.8000,  1.00000000,1,0,0.0,0.5
958.8333,  1.00000000,1,0,0.0,0.5
958.8667,  1.00000000,1,0,0.0,0.5
958.9000,  1.00000000,1,0,0.0,0.5
958.9333,  1.00000000,1,0,0.025000000000000001,0.5
958.9667,  1.00000000,1,0,0.025000000000000001,0.5
959.0000,  1.00000000,1,0,0.025000000000000001,0.5
959.0333,  1.00000000,1,0,0.025000000000000001,0.5
959.0667,  1.00000000,1,0,0.025000000000000001,0.5
959.1000,  1.00000000,1,0,0.025000000000000001,0.5
959.1333,  1.00000000,1,0,0.0,0.5
959.1667,  1.00000000,1,0,0.025000000000000001,0.5
959.2000,  1.00000000,1,0,0.0,0.5
959.2333,  1.00000000,1,0,0.0,0.5
959.2667,  1.00000000,1,0,0.025000000000000001,0.5
959.3000,  1.00000000,1,0,0.074999999999999997,0.5
959.3333,  1.00000000,1,0,0.025000000000000001,0.5
959.3667,  1.00000000,1,0,0.025000000000000001,0.5
959.4000,  1.00000000,1,0,0.0,0.5
959.4333,  1.00000000,1,0,0.050000000000000003,0.5
959.4667,  1.00000000,1,0,0.025000000000000001,0.5
959.5000,  1.00000000,1,0,0.0,0.5
959.5333,  1.00000000,1,0,0.025000000000000001,0.5
959.5667,  1.00000000,1,0,0.050000000000000003,0.5
959.6000,  1.00000000,1,0,0.025000000000000001,0.5
959.6333,  1.00000000,1,0,0.0,0.5
959.6667,  1.00000000,1,0,0.0,0.5
959.7000,  1.00000000,1,0,0.0,0.5
959.7333,  1.00000000,1,0,0.025000000000000001,0.5
959.7667,  1.00000000,1,0,0.074999999999999997,0.5
959.8000,  1.00000000,1,0,0.025000000000000001,0.5
959.8333,  1.00000000,1,0,0.050000000000000003,0.5
959.8667,  1.00000000,1,0,0.025000000000000001,0.5
959.9000,  1.00000000,1,0,0.050000000000000003,0.5
959.9333,  1.00000000,1,0,0.025000000000000001,0.5
959.9667,  1.00000000,1,0,0.050000000000000003,0.5
960.0000,  1.00000000,1,0,0.025000000000000001,0.5
960.0333,  1.00000000,1,0,0.050000000000000003,0.5
960.0667,  1.00000000,1,0,0.0,0.5
960.1000,  1.00000000,1,0,0.074999999999999997,0.5
960.1333,  1.00000000,1,0,0.025000000000000001,0.5
960.1667,  1.00000000,1,0,0.025000000000000001,0.5
960.2000,  1.00000000,1,0,0.025000000000000001,0.5
960.2333,  1.00000000,1,0,0.050000000000000003,0.5
960.2667,  1.00000000,1,0,0.0,0.5
960.3000,  1.00000000,1,0,0.025000000000000001,0.5
960.3333,  1.00000000,1,0,0.050000000000000003,0.5
960.3667,  1.00000000,1,0,0.0,0.5
960.4000,  1.00000000,1,0,0.0,0.5
960.4333,  1.00000000,1,0,0.025000000000000001,0.5
960.4667,  1.00000000,1,0,0.025000000000000001,0.5
960.5000,  1.00000000,1,0,0.0,0.5
960.5333,  1.00000000,1,0,0.025000000000000001,0.5
960.5667,  1.00000000,1,0,0.025000000000000001,0.5
960.6000,  1.00000000,1,0,0.0,0.5
960.6333,  1.00000000,1,0,0.0,0.5
960.6667,  1.00000000,1,0,0.050000000000000003,0.5
960.7000,  1.00000000,1,0,0.0,0.5
960.7333,  1.00000000,1,0,0.025000000000000001,0.5
960.7667,  1.00000000,1,0,0.0,0.5
960.8000,  1.00000000,1,0,0.025000000000000001,0.5
960.8333,  1.00000000,1,0,0.0,0.5
960.8667,  1.00000000,1,0,0.0,0.5
960.9000,  1.00000000,1,0,0.0,0.5
960.9333,  1.00000000,1,0,0.025000000000000001,0.5
960.9667,  1.00000000,1,0,0.0,0.5
961.0000,  1.00000000,1,0,0.025000000000000001,0.5
961.0333,  1.00000000,1,0,0.0,0.5
961.0667,  1.00000000,1,0,0.0,0.5
961.1000,  1.00000000,1,0,0.025000000000000001,0.5
961.1333,  1.00000000,1,0,0.0,0.5
961.1667,  1.00000000,1,0,0.0,0.5
961.2000,  1.00000000,1,0,0.0,0.5
961.2333,  1.00000000,1,0,0.0,0.5
961.2667,  1.00000000,1,0,0.0,0.5
961.3000,  1.00000000,1,0,0.0,0.5
961.3333,  1.00000000,1,0,0.025000000000000001,0.5
961.3667,  1.00000000,1,0,0.025000000000000001,0.5
961.4000,  1.00000000,1,0,0.0,0.5
961.4333,  1.00000000,1,0,0.0,0.5
961.4667,  1.00000000,1,0,0.0,0.5
961.5000,  1.00000000,1,0,0.0,0.5
961.5333,  1.00000000,1,0,0.025000000000000001,0.5
961.5667,  1.00000000,1,0,0.025000000000000001,0.5
961.6000,  1.00000000,1,0,0.0,0.5
961.6333,  1.00000000,1,0,0.0,0.5
961.6667,  1.00000000,1,0,0.050000000000000003,0.5
961.7000,  1.00000000,1,0,0.025000000000000001,0.5
961.7333,  1.00000000,1,0,0.025000000000000001,0.5
961.7667,  1.00000000,1,0,0.0,0.5
961.8000,  1.00000000,1,0,0.0,0.5
961.8333,  1.00000000,1,0,0.025000000000000001,0.5
961.8667,  1.00000000,1,0,0.0,0.5
961.9000,  1.00000000,1,0,0.025000000000000001,0.5
961.9333,  1.00000000,1,0,0.0,0.5
961.9667,  1.00000000,1,0,0.025000000000000001,0.5
962.0000,  1.00000000,1,0,0.0,0.5
962.0333,  1.00000000,1,0,0.025000000000000001,0.5
962.0667,  1.00000000,1,0,0.050000000000000003,0.5
962.1000,  1.00000000,1,0,0.025000000000000001,0.5
962.1333,  1.00000000,1,0,0.025000000000000001,0.5
962.1667,  1.00000000,1,0,0.0,0.5
962.2000,  1.00000000,1,0,0.0,0.5
962.2333,  1.00000000,1,0,0.0,0.5
962.2667,  1.00000000,1,0,0.0,0.5
962.3000,  1.00000000,1,0,0.0,0.5
962.3333,  1.00000000,1,0,0.0,0.5
962.3667,  1.00000000,1,0,0.025000000000000001,0.5
962.4000,  1.00000000,1,0,0.0,0.5
962.4333,  1.00000000,1,0,0.0,0.5
962.4667,  1.00000000,1,0,0.050000000000000003,0.5
962.5000,  1.00000000,1,0,0.025000000000000001,0.5
962.5333,  1.00000000,1,0,0.025000000000000001,0.5
962.5667,  1.00000000,1,0,0.025000000000000001,0.5
962.6000,  1.00000000,1,0,0.0,0.5
962.6333,  1.00000000,1,0,0.0,0.5
962.6667,  1.00000000,1,0,0.0,0.5
962.7000,  1.00000000,1,0,0.0,0.5
962.7333,  1.00000000,1,0,0.0,0.5
962.7667,  1.00000000,1,0,0.025000000000000001,0.5
962.8000,  1.00000000,1,0,0.025000000000000001,0.5
962.8333,  1.00000000,1,0,0.025000000000000001,0.5
962.8667,  1.00000000,1,0,0.025000000000000001,0.5
962.9000,  1.00000000,1,0,0.074999999999999997,0.5
962.9333,  1.00000000,1,0,0.025000000000000001,0.5
962.9667,  1.00000000,1,0,0.025000000000000001,0.5
963.0000,  1.00000000,1,0,0.025000000000000001,0.5
963.0333,  1.00000000,1,0,0.025000000000000001,0.5
963.0667,  1.00000000,1,0,0.025000000000000001,0.5
963.1000,  1.00000000,1,0,0.0,0.5
963.1333,  1.00000000,1,0,0.025000000000000001,0.5
963.1667,  1.00000000,1,0,0.050000000000000003,0.5
963.2000,  1.00000000,1,0,0.025000000000000001,0.5
963.2333,  1.00000000,1,0,0.050000000000000003,0.5
963.2667,  1.00000000,1,0,0.025000000000000001,0.5
963.3000,  1.00000000,1,0,0.025000000000000001,0.5
963.3333,  1.00000000,1,0,0.025000000000000001,0.5
963.3667,  1.00000000,1,0,0.050000000000000003,0.5
963.4000,  1.00000000,1,0,0.0,0.5
963.4333,  1.00000000,1,0,0.025000000000000001,0.5
963.4667,  1.00000000,1,0,0.0,0.5
963.5000,  1.00000000,1,0,0.0,0.5
963.5333,  1.00000000,1,0,0.025000000000000001,0.5
963.5667,  1.00000000,1,0,0.0,0.5
963.6000,  1.00000000,1,0,0.025000000000000001,0.5
963.6333,  1.00000000,1,0,0.0,0.5
963.6667,  1.00000000,1,0,0.0,0.5
963.7000,  1.00000000,1,0,0.0,0.5
963.7333,  1.00000000,1,0,0.0,0.5
963.7667,  1.00000000,1,0,0.0,0.5
963.8000,  1.00000000,1,0,0.025000000000000001,0.5
963.8333,  1.00000000,1,0,0.025000000000000001,0.5
963.8667,  1.00000000,1,0,0.0,0.5
963.9000,  1.00000000,1,0,0.0,0.5
963.9333,  1.00000000,1,0,0.0,0.5
963.9667,  1.00000000,1,0,0.025000000000000001,0.5
964.0000,  1.00000000,1,0,0.0,0.5
964.0333,  1.00000000,1,0,0.0,0.5
964.0667,  1.00000000,1,0,0.0,0.5
964.1000,  1.00000000,1,0,0.0,0.5
964.1333,  1.00000000,1,0,0.025000000000000001,0.5
964.1667,  1.00000000,1,0,0.025000000000000001,0.5
964.2000,  1.00000000,1,0,0.050000000000000003,0.5
964.2333,  1.00000000,1,0,0.050000000000000003,0.5
964.2667,  1.00000000,1,0,0.0,0.5
964.3000,  1.00000000,1,0,0.050000000000000003,0.5
964.3333,  1.00000000,1,0,0.050000000000000003,0.5
964.3667,  1.00000000,1,0,0.025000000000000001,0.5
964.4000,  1.00000000,1,0,0.025000000000000001,0.5
964.4333,  1.00000000,1,0,0.050000000000000003,0.5
964.4667,  1.00000000,1,0,0.025000000000000001,0.5
964.5000,  1.00000000,1,0,0.0,0.5
964.5333,  1.00000000,1,0,0.025000000000000001,0.5
964.5667,  1.00000000,1,0,0.025000000000000001,0.5
964.6000,  1.00000000,1,0,0.0,0.5
964.6333,  1.00000000,1,0,0.050000000000000003,0.5
964.6667,  1.00000000,1,0,0.050000000000000003,0.5
964.7000,  1.00000000,1,0,0.0,0.5
964.7333,  1.00000000,1,0,0.050000000000000003,0.5
964.7667,  1.00000000,1,0,0.050000000000000003,0.5
964.8000,  1.00000000,1,0,0.025000000000000001,0.5
964.8333,  1.00000000,1,0,0.025000000000000001,0.5
964.8667,  1.00000000,1,0,0.0,0.5
964.9000,  1.00000000,1,0,0.0,0.5
964.9333,  1.00000000,1,0,0.025000000000000001,0.5
964.9667,  1.00000000,1,0,0.025000000000000001,0.5
965.0000,  1.00000000,1,0,0.050000000000000003,0.5
965.0333,  1.00000000,1,0,0.0,0.5
965.0667,  1.00000000,1,0,0.025000000000000001,0.5
965.1000,  1.00000000,1,0,0.0,0.5
965.1333,  1.00000000,1,0,0.0,0.5
965.1667,  1.00000000,1,0,0.025000000000000001,0.5
965.2000,  1.00000000,1,0,0.0,0.5
965.2333,  1.00000000,1,0,0.025000000000000001,0.5
965.2667,  1.00000000,1,0,0.0,0.5
965.3000,  1.00000000,1,0,0.0,0.5
965.3333,  1.00000000,1,0,0.025000000000000001,0.5
965.3667,  1.00000000,1,0,0.0,0.5
965.4000,  1.00000000,1,0,0.025000000000000001,0.5
965.4333,  1.00000000,1,0,0.025000000000000001,0.5
965.4667,  1.00000000,1,0,0.050000000000000003,0.5
965.5000,  1.00000000,1,0,0.0,0.5
965.5333,  1.00000000,1,0,0.0,0.5
965.5667,  1.00000000,1,0,0.0,0.5
965.6000,  1.00000000,1,0,0.025000000000000001,0.5
965.6333,  1.00000000,1,0,0.0,0.5
965.6667,  1.00000000,1,0,0.0,0.5
965.7000,  1.00000000,1,0,0.025000000000000001,0.5
965.7333,  1.00000000,1,0,0.0,0.5
965.7667,  1.00000000,1,0,0.025000000000000001,0.5
965.8000,  1.00000000,1,0,0.050000000000000003,0.5
965.8333,  1.00000000,1,0,0.025000000000000001,0.5
965.8667,  1.00000000,1,0,0.025000000000000001,0.5
965.9000,  1.00000000,1,0,0.0,0.5
965.9333,  1.00000000,1,0,0.025000000000000001,0.5
965.9667,  1.00000000,1,0,0.074999999999999997,0.5
966.0000,  1.00000000,1,0,0.0,0.5
966.0333,  1.00000000,1,0,0.025000000000000001,0.5
966.0667,  1.00000000,1,0,0.025000000000000001,0.5
966.1000,  1.00000000,1,0,0.025000000000000001,0.5
966.1333,  1.00000000,1,0,0.0,0.5
966.1667,  1.00000000,1,0,0.025000000000000001,0.5
966.2000,  1.00000000,1,0,0.074999999999999997,0.5
966.2333,  1.00000000,1,0,0.025000000000000001,0.5
966.2667,  1.00000000,1,0,0.074999999999999997,0.5
966.3000,  1.00000000,1,0,0.0,0.5
966.3333,  1.00000000,1,0,0.025000000000000001,0.5
966.3667,  1.00000000,1,0,0.025000000000000001,0.5
966.4000,  1.00000000,1,0,0.050000000000000003,0.5
966.4333,  1.00000000,1,0,0.025000000000000001,0.5
966.4667,  1.00000000,1,0,0.0,0.5
966.5000,  1.00000000,1,0,0.025000000000000001,0.5
966.5333,  1.00000000,1,0,0.025000000000000001,0.5
966.5667,  1.00000000,1,0,0.0,0.5
966.6000,  1.00000000,1,0,0.025000000000000001,0.5
966.6333,  1.00000000,1,0,0.0,0.5
966.6667,  1.00000000,1,0,0.0,0.5
966.7000,  1.00000000,1,0,0.074999999999999997,0.5
966.7333,  1.00000000,1,0,0.0,0.5
966.7667,  1.00000000,1,0,0.025000000000000001,0.5
966.8000,  1.00000000,1,0,0.025000000000000001,0.5
966.8333,  1.00000000,1,0,0.025000000000000001,0.5
966.8667,  1.00000000,1,0,0.050000000000000003,0.5
966.9000,  1.00000000,1,0,0.0,0.5
966.9333,  1.00000000,1,0,0.0,0.5
966.9667,  1.00000000,1,0,0.050000000000000003,0.5
967.0000,  1.00000000,1,0,0.0,0.5
967.0333,  1.00000000,1,0,0.025000000000000001,0.5
967.0667,  1.00000000,1,0,0.0,0.5
967.1000,  1.00000000,1,0,0.074999999999999997,0.5
967.1333,  1.00000000,1,0,0.050000000000000003,0.5
967.1667,  1.00000000,1,0,0.0,0.5
967.2000,  1.00000000,1,0,0.025000000000000001,0.5
967.2333,  1.00000000,1,0,0.0,0.5
967.2667,  1.00000000,1,0,0.050000000000000003,0.5
967.3000,  1.00000000,1,0,0.0,0.5
967.3333,  1.00000000,1,0,0.0,0.5
967.3667,  1.00000000,1,0,0.025000000000000001,0.5
967.4000,  1.00000000,1,0,0.0,0.5
967.4333,  1.00000000,1,0,0.0,0.5
967.4667,  1.00000000,1,0,0.0,0.5
967.5000,  1.00000000,1,0,0.050000000000000003,0.5
967.5333,  1.00000000,1,0,0.025000000000000001,0.5
967.5667,  1.00000000,1,0,0.0,0.5
967.6000,  1.00000000,1,0,0.0,0.5
967.6333,  1.00000000,1,0,0.025000000000000001,0.5
967.6667,  1.00000000,1,0,0.025000000000000001,0.5
967.7000,  1.00000000,1,0,0.0,0.5
967.7333,  1.00000000,1,0,0.0,0.5
967.7667,  1.00000000,1,0,0.0,0.5
967.8000,  1.00000000,1,0,0.0,0.5
967.8333,  1.00000000,1,0,0.0,0.5
967.8667,  1.00000000,1,0,0.0,0.5
967.9000,  1.00000000,1,0,0.0,0.5
967.9333,  1.00000000,1,0,0.0,0.5
967.9667,  1.00000000,1,0,0.0,0.5
968.0000,  1.00000000,1,0,0.025000000000000001,0.5
968.0333,  1.00000000,1,0,0.0,0.5
968.0667,  1.00000000,1,0,0.025000000000000001,0.5
968.1000,  1.00000000,1,0,0.0,0.5
968.1333,  1.00000000,1,0,0.0,0.5
968.1667,  1.00000000,1,0,0.0,0.5
968.2000,  1.00000000,1,0,0.025000000000000001,0.5
968.2333,  1.00000000,1,0,0.025000000000000001,0.5
968.2667,  1.00000000,1,0,0.025000000000000001,0.5
968.3000,  1.00000000,1,0,0.0,0.5
968.3333,  1.00000000,1,0,0.0,0.5
968.3667,  1.00000000,1,0,0.0,0.5
968.4000,  1.00000000,1,0,0.025000000000000001,0.5
968.4333,  1.00000000,1,0,0.0,0.5
968.4667,  1.00000000,1,0,0.025000000000000001,0.5
968.5000,  1.00000000,1,0,0.0,0.5
968.5333,  1.00000000,1,0,0.0,0.5
968.5667,  1.00000000,1,0,0.025000000000000001,0.5
968.6000,  1.00000000,1,0,0.0,0.5
968.6333,  1.00000000,1,0,0.025000000000000001,0.5
968.6667,  1.00000000,1,0,0.0,0.5
968.7000,  1.00000000,1,0,0.025000000000000001,0.5
968.7333,  1.00000000,1,0,0.025000000000000001,0.5
968.7667,  1.00000000,1,0,0.0,0.5
968.8000,  1.00000000,1,0,0.0,0.5
968.8333,  1.00000000,1,0,0.0,0.5
968.8667,  1.00000000,1,0,0.025000000000000001,0.5
968.9000,  1.00000000,1,0,0.025000000000000001,0.5
968.9333,  1.00000000,1,0,0.0,0.5
968.9667,  1.00000000,1,0,0.0,0.5
969.0000,  1.00000000,1,0,0.025000000000000001,0.5
969.0333,  1.00000000,1,0,0.025000000000000001,0.5
969.0667,  1.00000000,1,0,0.025000000000000001,0.5
969.1000,  1.00000000,1,0,0.025000000000000001,0.5
969.1333,  1.00000000,1,0,0.025000000000000001,0.5
969.1667,  1.00000000,1,0,0.025000000000000001,0.5
969.2000,  1.00000000,1,0,0.025000000000000001,0.5
969.2333,  1.00000000,1,0,0.025000000000000001,0.5
969.2667,  1.00000000,1,0,0.025000000000000001,0.5
969.3000,  1.00000000,1,0,0.025000000000000001,0.5
969.3333,  1.00000000,1,0,0.0,0.5
969.3667,  1.00000000,1,0,0.0,0.5
969.4000,  1.00000000,1,0,0.025000000000000001,0.5
969.4333,  1.00000000,1,0,0.050000000000000003,0.5
969.4667,  1.00000000,1,0,0.025000000000000001,0.5
969.5000,  1.00000000,1,0,0.0,0.5
969.5333,  1.00000000,1,0,0.0,0.5
969.5667,  1.00000000,1,0,0.025000000000000001,0.5
969.6000,  1.00000000,1,0,0.0,0.5
969.6333,  1.00000000,1,0,0.0,0.5
969.6667,  1.00000000,1,0,0.0,0.5
969.7000,  1.00000000,1,0,0.025000000000000001,0.5
969.7333,  1.00000000,1,0,0.0,0.5
969.7667,  1.00000000,1,0,0.025000000000000001,0.5
969.8000,  1.00000000,1,0,0.0,0.5
969.8333,  1.00000000,1,0,0.025000000000000001,0.5
969.8667,  1.00000000,1,0,0.025000000000000001,0.5
969.9000,  1.00000000,1,0,0.0,0.5
969.9333,  1.00000000,1,0,0.0,0.5
969.9667,  1.00000000,1,0,0.0,0.5
970.0000,  1.00000000,1,0,0.025000000000000001,0.5
970.0333,  1.00000000,1,0,0.0,0.5
970.0667,  1.00000000,1,0,0.025000000000000001,0.5
970.1000,  1.00000000,1,0,0.025000000000000001,0.5
970.1333,  1.00000000,1,0,0.025000000000000001,0.5
970.1667,  1.00000000,1,0,0.025000000000000001,0.5
970.2000,  1.00000000,1,0,0.025000000000000001,0.5
970.2333,  1.00000000,1,0,0.025000000000000001,0.5
970.2667,  1.00000000,1,0,0.0,0.5
970.3000,  1.00000000,1,0,0.025000000000000001,0.5
970.3333,  1.00000000,1,0,0.0,0.5
970.3667,  1.00000000,1,0,0.0,0.5
970.4000,  1.00000000,1,0,0.025000000000000001,0.5
970.4333,  1.00000000,1,0,0.025000000000000001,0.5
970.4667,  1.00000000,1,0,0.0,0.5
970.5000,  1.00000000,1,0,0.025000000000000001,0.5
970.5333,  1.00000000,1,0,0.0,0.5
970.5667,  1.00000000,1,0,0.025000000000000001,0.5
970.6000,  1.00000000,1,0,0.025000000000000001,0.5
970.6333,  1.00000000,1,0,0.025000000000000001,0.5
970.6667,  1.00000000,1,0,0.050000000000000003,0.5
970.7000,  1.00000000,1,0,0.050000000000000003,0.5
970.7333,  1.00000000,1,0,0.025000000000000001,0.5
970.7667,  1.00000000,1,0,0.025000000000000001,0.5
970.8000,  1.00000000,1,0,0.0,0.5
970.8333,  1.00000000,1,0,0.050000000000000003,0.5
970.8667,  1.00000000,1,0,0.0,0.5
970.9000,  1.00000000,1,0,0.025000000000000001,0.5
970.9333,  1.00000000,1,0,0.025000000000000001,0.5
970.9667,  1.00000000,1,0,0.025000000000000001,0.5
971.0000,  1.00000000,1,0,0.0,0.5
971.0333,  1.00000000,1,0,0.0,0.5
971.0667,  1.00000000,1,0,0.050000000000000003,0.5
971.1000,  1.00000000,1,0,0.025000000000000001,0.5
971.1333,  1.00000000,1,0,0.0,0.5
971.1667,  1.00000000,1,0,0.0,0.5
971.2000,  1.00000000,1,0,0.0,0.5
971.2333,  1.00000000,1,0,0.050000000000000003,0.5
971.2667,  1.00000000,1,0,0.025000000000000001,0.5
971.3000,  1.00000000,1,0,0.0,0.5
971.3333,  1.00000000,1,0,0.050000000000000003,0.5
971.3667,  1.00000000,1,0,0.050000000000000003,0.5
971.4000,  1.00000000,1,0,0.0,0.5
971.4333,  1.00000000,1,0,0.025000000000000001,0.5
971.4667,  1.00000000,1,0,0.0,0.5
971.5000,  1.00000000,1,0,0.025000000000000001,0.5
971.5333,  1.00000000,1,0,0.0,0.5
971.5667,  1.00000000,1,0,0.025000000000000001,0.5
971.6000,  1.00000000,1,0,0.050000000000000003,0.5
971.6333,  1.00000000,1,0,0.025000000000000001,0.5
971.6667,  1.00000000,1,0,0.025000000000000001,0.5
971.7000,  1.00000000,1,0,0.025000000000000001,0.5
971.7333,  1.00000000,1,0,0.025000000000000001,0.5
971.7667,  1.00000000,1,0,0.025000000000000001,0.5
971.8000,  1.00000000,1,0,0.0,0.5
971.8333,  1.00000000,1,0,0.025000000000000001,0.5
971.8667,  1.00000000,1,0,0.025000000000000001,0.5
971.9000,  1.00000000,1,0,0.0,0.5
971.9333,  1.00000000,1,0,0.0,0.5
971.9667,  1.00000000,1,0,0.050000000000000003,0.5
972.0000,  1.00000000,1,0,0.025000000000000001,0.5
972.0333,  1.00000000,1,0,0.025000000000000001,0.5
972.0667,  1.00000000,1,0,0.0,0.5
972.1000,  1.00000000,1,0,0.025000000000000001,0.5
972.1333,  1.00000000,1,0,0.0,0.5
972.1667,  1.00000000,1,0,0.0,0.5
972.2000,  1.00000000,1,0,0.025000000000000001,0.5
972.2333,  1.00000000,1,0,0.0,0.5
972.2667,  1.00000000,1,0,0.0,0.5
972.3000,  1.00000000,1,0,0.050000000000000003,0.5
972.3333,  1.00000000,1,0,0.0,0.5
972.3667,  1.00000000,1,0,0.025000000000000001,0.5
972.4000,  1.00000000,1,0,0.074999999999999997,0.5
972.4333,  1.00000000,1,0,0.025000000000000001,0.5
972.4667,  1.00000000,1,0,0.0,0.5
972.5000,  1.00000000,1,0,0.0,0.5
972.5333,  1.00000000,1,0,0.025000000000000001,0.5
972.5667,  1.00000000,1,0,0.0,0.5
972.6000,  1.00000000,1,0,0.0,0.5
972.6333,  1.00000000,1,0,0.050000000000000003,0.5
972.6667,  1.00000000,1,0,0.0,0.5
972.7000,  1.00000000,1,0,0.025000000000000001,0.5
972.7333,  1.00000000,1,0,0.074999999999999997,0.5
972.7667,  1.00000000,1,0,0.025000000000000001,0.5
972.8000,  1.00000000,1,0,0.0,0.5
972.8333,  1.00000000,1,0,0.050000000000000003,0.5
972.8667,  1.00000000,1,0,0.0,0.5
972.9000,  1.00000000,1,0,0.0,0.5
972.9333,  1.00000000,1,0,0.074999999999999997,0.5
972.9667,  1.00000000,1,0,0.025000000000000001,0.5
973.0000,  1.00000000,1,0,0.025000000000000001,0.5
973.0333,  1.00000000,1,0,0.0,0.5
973.0667,  1.00000000,1,0,0.0,0.5
973.1000,  1.00000000,1,0,0.0,0.5
973.1333,  1.00000000,1,0,0.0,0.5
973.1667,  1.00000000,1,0,0.0,0.5
973.2000,  1.00000000,1,0,0.0,0.5
973.2333,  1.00000000,1,0,0.0,0.5
973.2667,  1.00000000,1,0,0.0,0.5
973.3000,  1.00000000,1,0,0.0,0.5
973.3333,  1.00000000,1,0,0.050000000000000003,0.5
973.3667,  1.00000000,1,0,0.0,0.5
973.4000,  1.00000000,1,0,0.025000000000000001,0.5
973.4333,  1.00000000,1,0,0.0,0.5
973.4667,  1.00000000,1,0,0.050000000000000003,0.5
973.5000,  1.00000000,1,0,0.0,0.5
973.5333,  1.00000000,1,0,0.025000000000000001,0.5
973.5667,  1.00000000,1,0,0.050000000000000003,0.5
973.6000,  1.00000000,1,0,0.025000000000000001,0.5
973.6333,  1.00000000,1,0,0.0,0.5
973.6667,  1.00000000,1,0,0.074999999999999997,0.5
973.7000,  1.00000000,1,0,0.0,0.5
973.7333,  1.00000000,1,0,0.0,0.5
973.7667,  1.00000000,1,0,0.0,0.5
973.8000,  1.00000000,1,0,0.0,0.5
973.8333,  1.00000000,1,0,0.025000000000000001,0.5
973.8667,  1.00000000,1,0,0.0,0.5
973.9000,  1.00000000,1,0,0.050000000000000003,0.5
973.9333,  1.00000000,1,0,0.0,0.5
973.9667,  1.00000000,1,0,0.025000000000000001,0.5
974.0000,  1.00000000,1,0,0.025000000000000001,0.5
974.0333,  1.00000000,1,0,0.0,0.5
974.0667,  1.00000000,1,0,0.0,0.5
974.1000,  1.00000000,1,0,0.0,0.5
974.1333,  1.00000000,1,0,0.0,0.5
974.1667,  1.00000000,1,0,0.0,0.5
974.2000,  1.00000000,1,0,0.025000000000000001,0.5
974.2333,  1.00000000,1,0,0.0,0.5
974.2667,  1.00000000,1,0,0.025000000000000001,0.5
974.3000,  1.00000000,1,0,0.0,0.5
974.3333,  1.00000000,1,0,0.0,0.5
974.3667,  1.00000000,1,0,0.025000000000000001,0.5
974.4000,  1.00000000,1,0,0.0,0.5
974.4333,  1.00000000,1,0,0.0,0.5
974.4667,  1.00000000,1,0,0.0,0.5
974.5000,  1.00000000,1,0,0.025000000000000001,0.5
974.5333,  1.00000000,1,0,0.0,0.5
974.5667,  1.00000000,1,0,0.0,0.5
974.6000,  1.00000000,1,0,0.050000000000000003,0.5
974.6333,  1.00000000,1,0,0.0,0.5
974.6667,  1.00000000,1,0,0.025000000000000001,0.5
974.7000,  1.00000000,1,0,0.0,0.5
974.7333,  1.00000000,1,0,0.025000000000000001,0.5
974.7667,  1.00000000,1,0,0.0,0.5
974.8000,  1.00000000,1,0,0.025000000000000001,0.5
974.8333,  1.00000000,1,0,0.025000000000000001,0.5
974.8667,  1.00000000,1,0,0.025000000000000001,0.5
974.9000,  1.00000000,1,0,0.0,0.5
974.9333,  1.00000000,1,0,0.025000000000000001,0.5
974.9667,  1.00000000,1,0,0.0,0.5
975.0000,  1.00000000,1,0,0.025000000000000001,0.5
975.0333,  1.00000000,1,0,0.025000000000000001,0.5
975.0667,  1.00000000,1,0,0.0,0.5
975.1000,  1.00000000,1,0,0.025000000000000001,0.5
975.1333,  1.00000000,1,0,0.050000000000000003,0.5
975.1667,  1.00000000,1,0,0.025000000000000001,0.5
975.2000,  1.00000000,1,0,0.025000000000000001,0.5
975.2333,  1.00000000,1,0,0.050000000000000003,0.5
975.2667,  1.00000000,1,0,0.0,0.5
975.3000,  1.00000000,1,0,0.050000000000000003,0.5
975.3333,  1.00000000,1,0,0.0,0.5
975.3667,  1.00000000,1,0,0.050000000000000003,0.5
975.4000,  1.00000000,1,0,0.025000000000000001,0.5
975.4333,  1.00000000,1,0,0.050000000000000003,0.5
975.4667,  1.00000000,1,0,0.025000000000000001,0.5
975.5000,  1.00000000,1,0,0.050000000000000003,0.5
975.5333,  1.00000000,1,0,0.025000000000000001,0.5
975.5667,  1.00000000,1,0,0.0,0.5
975.6000,  1.00000000,1,0,0.050000000000000003,0.5
975.6333,  1.00000000,1,0,0.025000000000000001,0.5
975.6667,  1.00000000,1,0,0.025000000000000001,0.5
975.7000,  1.00000000,1,0,0.025000000000000001,0.5
975.7333,  1.00000000,1,0,0.025000000000000001,0.5
975.7667,  1.00000000,1,0,0.050000000000000003,0.5
975.8000,  1.00000000,1,0,0.050000000000000003,0.5
975.8333,  1.00000000,1,0,0.025000000000000001,0.5
975.8667,  1.00000000,1,0,0.050000000000000003,0.5
975.9000,  1.00000000,1,0,0.025000000000000001,0.5
975.9333,  1.00000000,1,0,0.0,0.5
975.9667,  1.00000000,1,0,0.025000000000000001,0.5
976.0000,  1.00000000,1,0,0.025000000000000001,0.5
976.0333,  1.00000000,1,0,0.050000000000000003,0.5
976.0667,  1.00000000,1,0,0.0,0.5
976.1000,  1.00000000,1,0,0.050000000000000003,0.5
976.1333,  1.00000000,1,0,0.0,0.5
976.1667,  1.00000000,1,0,0.025000000000000001,0.5
976.2000,  1.00000000,1,0,0.025000000000000001,0.5
976.2333,  1.00000000,1,0,0.050000000000000003,0.5
976.2667,  1.00000000,1,0,0.025000000000000001,0.5
976.3000,  1.00000000,1,0,0.0,0.5
976.3333,  1.00000000,1,0,0.025000000000000001,0.5
976.3667,  1.00000000,1,0,0.0,0.5
976.4000,  1.00000000,1,0,0.050000000000000003,0.5
976.4333,  1.00000000,1,0,0.025000000000000001,0.5
976.4667,  1.00000000,1,0,0.0,0.5
976.5000,  1.00000000,1,0,0.074999999999999997,0.5
976.5333,  1.00000000,1,0,0.025000000000000001,0.5
976.5667,  1.00000000,1,0,0.050000000000000003,0.5
976.6000,  1.00000000,1,0,0.074999999999999997,0.5
976.6333,  1.00000000,1,0,0.050000000000000003,0.5
976.6667,  1.00000000,1,0,0.0,0.5
976.7000,  1.00000000,1,0,0.025000000000000001,0.5
976.7333,  1.00000000,1,0,0.025000000000000001,0.5
976.7667,  1.00000000,1,0,0.0,0.5
976.8000,  1.00000000,1,0,0.025000000000000001,0.5
976.8333,  1.00000000,1,0,0.025000000000000001,0.5
976.8667,  1.00000000,1,0,0.025000000000000001,0.5
976.9000,  1.00000000,1,0,0.0,0.5
976.9333,  1.00000000,1,0,0.0,0.5
976.9667,  1.00000000,1,0,0.0,0.5
977.0000,  1.00000000,1,0,0.025000000000000001,0.5
977.0333,  1.00000000,1,0,0.025000000000000001,0.5
977.0667,  1.00000000,1,0,0.0,0.5
977.1000,  1.00000000,1,0,0.025000000000000001,0.5
977.1333,  1.00000000,1,0,0.0,0.5
977.1667,  1.00000000,1,0,0.0,0.5
977.2000,  1.00000000,1,0,0.0,0.5
977.2333,  1.00000000,1,0,0.0,0.5
977.2667,  1.00000000,1,0,0.0,0.5
977.3000,  1.00000000,1,0,0.025000000000000001,0.5
977.3333,  1.00000000,1,0,0.0,0.5
977.3667,  1.00000000,1,0,0.025000000000000001,0.5
977.4000,  1.00000000,1,0,0.025000000000000001,0.5
977.4333,  1.00000000,1,0,0.050000000000000003,0.5
977.4667,  1.00000000,1,0,0.0,0.5
977.5000,  1.00000000,1,0,0.0,0.5
977.5333,  1.00000000,1,0,0.0,0.5
977.5667,  1.00000000,1,0,0.0,0.5
977.6000,  1.00000000,1,0,0.0,0.5
977.6333,  1.00000000,1,0,0.025000000000000001,0.5
977.6667,  1.00000000,1,0,0.025000000000000001,0.5
977.7000,  1.00000000,1,0,0.025000000000000001,0.5
977.7333,  1.00000000,1,0,0.0,0.5
977.7667,  1.00000000,1,0,0.0,0.5
977.8000,  1.00000000,1,0,0.0,0.5
977.8333,  1.00000000,1,0,0.050000000000000003,0.5
977.8667,  1.00000000,1,0,0.0,0.5
977.9000,  1.00000000,1,0,0.025000000000000001,0.5
977.9333,  1.00000000,1,0,0.0,0.5
977.9667,  1.00000000,1,0,0.025000000000000001,0.5
978.0000,  1.00000000,1,0,0.0,0.5
978.0333,  1.00000000,1,0,0.025000000000000001,0.5
978.0667,  1.00000000,1,0,0.025000000000000001,0.5
978.1000,  1.00000000,1,0,0.050000000000000003,0.5
978.1333,  1.00000000,1,0,0.025000000000000001,0.5
978.1667,  1.00000000,1,0,0.0,0.5
978.2000,  1.00000000,1,0,0.025000000000000001,0.5
978.2333,  1.00000000,1,0,0.0,0.5
978.2667,  1.00000000,1,0,0.025000000000000001,0.5
978.3000,  1.00000000,1,0,0.0,0.5
978.3333,  1.00000000,1,0,0.0,0.5
978.3667,  1.00000000,1,0,0.0,0.5
978.4000,  1.00000000,1,0,0.0,0.5
978.4333,  1.00000000,1,0,0.0,0.5
978.4667,  1.00000000,1,0,0.025000000000000001,0.5
978.5000,  1.00000000,1,0,0.025000000000000001,0.5
978.5333,  1.00000000,1,0,0.0,0.5
978.5667,  1.00000000,1,0,0.0,0.5
978.6000,  1.00000000,1,0,0.0,0.5
978.6333,  1.00000000,1,0,0.0,0.5
978.6667,  1.00000000,1,0,0.0,0.5
978.7000,  1.00000000,1,0,0.025000000000000001,0.5
978.7333,  1.00000000,1,0,0.025000000000000001,0.5
978.7667,  1.00000000,1,0,0.0,0.5
978.8000,  1.00000000,1,0,0.0,0.5
978.8333,  1.00000000,1,0,0.050000000000000003,0.5
978.8667,  1.00000000,1,0,0.0,0.5
978.9000,  1.00000000,1,0,0.025000000000000001,0.5
978.9333,  1.00000000,1,0,0.025000000000000001,0.5
978.9667,  1.00000000,1,0,0.0,0.5
979.0000,  1.00000000,1,0,0.0,0.5
979.0333,  1.00000000,1,0,0.0,0.5
979.0667,  1.00000000,1,0,0.0,0.5
979.1000,  1.00000000,1,0,0.0,0.5
979.1333,  1.00000000,1,0,0.0,0.5
979.1667,  1.00000000,1,0,0.025000000000000001,0.5
979.2000,  1.00000000,1,0,0.0,0.5
979.2333,  1.00000000,1,0,0.050000000000000003,0.5
979.2667,  1.00000000,1,0,0.025000000000000001,0.5
979.3000,  1.00000000,1,0,0.025000000000000001,0.5
979.3333,  1.00000000,1,0,0.025000000000000001,0.5
979.3667,  1.00000000,1,0,0.0,0.5
979.4000,  1.00000000,1,0,0.0,0.5
979.4333,  1.00000000,1,0,0.025000000000000001,0.5
979.4667,  1.00000000,1,0,0.0,0.5
979.5000,  1.00000000,1,0,0.025000000000000001,0.5
979.5333,  1.00000000,1,0,0.0,0.5
979.5667,  1.00000000,1,0,0.025000000000000001,0.5
979.6000,  1.00000000,1,0,0.0,0.5
979.6333,  1.00000000,1,0,0.025000000000000001,0.5
979.6667,  1.00000000,1,0,0.050000000000000003,0.5
979.7000,  1.00000000,1,0,0.025000000000000001,0.5
979.7333,  1.00000000,1,0,0.050000000000000003,0.5
979.7667,  1.00000000,1,0,0.050000000000000003,0.5
979.8000,  1.00000000,1,0,0.025000000000000001,0.5
979.8333,  1.00000000,1,0,0.025000000000000001,0.5
979.8667,  1.00000000,1,0,0.025000000000000001,0.5
979.9000,  1.00000000,1,0,0.025000000000000001,0.5
979.9333,  1.00000000,1,0,0.0,0.5
979.9667,  1.00000000,1,0,0.0,0.5
980.0000,  1.00000000,1,0,0.0,0.5
980.0333,  1.00000000,1,0,0.050000000000000003,0.5
980.0667,  1.00000000,1,0,0.0,0.5
980.1000,  1.00000000,1,0,0.025000000000000001,0.5
980.1333,  1.00000000,1,0,0.0,0.5
980.1667,  1.00000000,1,0,0.050000000000000003,0.5
980.2000,  1.00000000,1,0,0.0,0.5
980.2333,  1.00000000,1,0,0.025000000000000001,0.5
980.2667,  1.00000000,1,0,0.050000000000000003,0.5
980.3000,  1.00000000,1,0,0.025000000000000001,0.5
980.3333,  1.00000000,1,0,0.050000000000000003,0.5
980.3667,  1.00000000,1,0,0.0,0.5
980.4000,  1.00000000,1,0,0.025000000000000001,0.5
980.4333,  1.00000000,1,0,0.0,0.5
980.4667,  1.00000000,1,0,0.0,0.5
980.5000,  1.00000000,1,0,0.0,0.5
980.5333,  1.00000000,1,0,0.025000000000000001,0.5
980.5667,  1.00000000,1,0,0.0,0.5
980.6000,  1.00000000,1,0,0.0,0.5
980.6333,  1.00000000,1,0,0.0,0.5
980.6667,  1.00000000,1,0,0.025000000000000001,0.5
980.7000,  1.00000000,1,0,0.0,0.5
980.7333,  1.00000000,1,0,0.0,0.5
980.7667,  1.00000000,1,0,0.0,0.5
980.8000,  1.00000000,1,0,0.025000000000000001,0.5
980.8333,  1.00000000,1,0,0.074999999999999997,0.5
980.8667,  1.00000000,1,0,0.0,0.5
980.9000,  1.00000000,1,0,0.0,0.5
980.9333,  1.00000000,1,0,0.025000000000000001,0.5
980.9667,  1.00000000,1,0,0.0,0.5
981.0000,  1.00000000,1,0,0.025000000000000001,0.5
981.0333,  1.00000000,1,0,0.0,0.5
981.0667,  1.00000000,1,0,0.050000000000000003,0.5
981.1000,  1.00000000,1,0,0.0,0.5
981.1333,  1.00000000,1,0,0.0,0.5
981.1667,  1.00000000,1,0,0.050000000000000003,0.5
981.2000,  1.00000000,1,0,0.0,0.5
981.2333,  1.00000000,1,0,0.025000000000000001,0.5
981.2667,  1.00000000,1,0,0.025000000000000001,0.5
981.3000,  1.00000000,1,0,0.0,0.5
981.3333,  1.00000000,1,0,0.025000000000000001,0.5
981.3667,  1.00000000,1,0,0.025000000000000001,0.5
981.4000,  1.00000000,1,0,0.025000000000000001,0.5
981.4333,  1.00000000,1,0,0.0,0.5
981.4667,  1.00000000,1,0,0.0,0.5
981.5000,  1.00000000,1,0,0.025000000000000001,0.5
981.5333,  1.00000000,1,0,0.0,0.5
981.5667,  1.00000000,1,0,0.025000000000000001,0.5
981.6000,  1.00000000,1,0,0.0,0.5
981.6333,  1.00000000,1,0,0.0,0.5
981.6667,  1.00000000,1,0,0.025000000000000001,0.5
981.7000,  1.00000000,1,0,0.025000000000000001,0.5
981.7333,  1.00000000,1,0,0.025000000000000001,0.5
981.7667,  1.00000000,1,0,0.0,0.5
981.8000,  1.00000000,1,0,0.0,0.5
981.8333,  1.00000000,1,0,0.0,0.5
981.8667,  1.00000000,1,0,0.0,0.5
981.9000,  1.00000000,1,0,0.0,0.5
981.9333,  1.00000000,1,0,0.0,0.5
981.9667,  1.00000000,1,0,0.025000000000000001,0.5
982.0000,  1.00000000,1,0,0.0,0.5
982.0333,  1.00000000,1,0,0.0,0.5
982.0667,  1.00000000,1,0,0.0,0.5
982.1000,  1.00000000,1,0,0.0,0.5
982.1333,  1.00000000,1,0,0.025000000000000001,0.5
982.1667,  1.00000000,1,0,0.0,0.5
982.2000,  1.00000000,1,0,0.0,0.5
982.2333,  1.00000000,1,0,0.025000000000000001,0.5
982.2667,  1.00000000,1,0,0.0,0.5
982.3000,  1.00000000,1,0,0.0,0.5
982.3333,  1.00000000,1,0,0.0,0.5
982.3667,  1.00000000,1,0,0.025000000000000001,0.5
982.4000,  1.00000000,1,0,0.0,0.5
982.4333,  1.00000000,1,0,0.0,0.5
982.4667,  1.00000000,1,0,0.0,0.5
982.5000,  1.00000000,1,0,0.0,0.5
982.5333,  1.00000000,1,0,0.0,0.5
982.5667,  1.00000000,1,0,0.0,0.5
982.6000,  1.00000000,1,0,0.050000000000000003,0.5
982.6333,  1.00000000,1,0,0.025000000000000001,0.5
982.6667,  1.00000000,1,0,0.0,0.5
982.7000,  1.00000000,1,0,0.0,0.5
982.7333,  1.00000000,1,0,0.0,0.5
982.7667,  1.00000000,1,0,0.025000000000000001,0.5
982.8000,  1.00000000,1,0,0.025000000000000001,0.5
982.8333,  1.00000000,1,0,0.0,0.5
982.8667,  1.00000000,1,0,0.0,0.5
982.9000,  1.00000000,1,0,0.0,0.5
982.9333,  1.00000000,1,0,0.025000000000000001,0.5
982.9667,  1.00000000,1,0,0.025000000000000001,0.5
983.0000,  1.00000000,1,0,0.0,0.5
983.0333,  1.00000000,1,0,0.0,0.5
983.0667,  1.00000000,1,0,0.0,0.5
983.1000,  1.00000000,1,0,0.025000000000000001,0.5
983.1333,  1.00000000,1,0,0.0,0.5
983.1667,  1.00000000,1,0,0.0,0.5
983.2000,  1.00000000,1,0,0.050000000000000003,0.5
983.2333,  1.00000000,1,0,0.025000000000000001,0.5
983.2667,  1.00000000,1,0,0.025000000000000001,0.5
983.3000,  1.00000000,1,0,0.050000000000000003,0.5
983.3333,  1.00000000,1,0,0.025000000000000001,0.5
983.3667,  1.00000000,1,0,0.0,0.5
983.4000,  1.00000000,1,0,0.025000000000000001,0.5
983.4333,  1.00000000,1,0,0.0,0.5
983.4667,  1.00000000,1,0,0.0,0.5
983.5000,  1.00000000,1,0,0.050000000000000003,0.5
983.5333,  1.00000000,1,0,0.025000000000000001,0.5
983.5667,  1.00000000,1,0,0.025000000000000001,0.5
983.6000,  1.00000000,1,0,0.050000000000000003,0.5
983.6333,  1.00000000,1,0,0.050000000000000003,0.5
983.6667,  1.00000000,1,0,0.0,0.5
983.7000,  1.00000000,1,0,0.025000000000000001,0.5
983.7333,  1.00000000,1,0,0.050000000000000003,0.5
983.7667,  1.00000000,1,0,0.0,0.5
983.8000,  1.00000000,1,0,0.025000000000000001,0.5
983.8333,  1.00000000,1,0,0.025000000000000001,0.5
983.8667,  1.00000000,1,0,0.0,0.5
983.9000,  1.00000000,1,0,0.025000000000000001,0.5
983.9333,  1.00000000,1,0,0.050000000000000003,0.5
983.9667,  1.00000000,1,0,0.0,0.5
984.0000,  1.00000000,1,0,0.074999999999999997,0.5
984.0333,  1.00000000,1,0,0.0,0.5
984.0667,  1.00000000,1,0,0.025000000000000001,0.5
984.1000,  1.00000000,1,0,0.050000000000000003,0.5
984.1333,  1.00000000,1,0,0.0,0.5
984.1667,  1.00000000,1,0,0.025000000000000001,0.5
984.2000,  1.00000000,1,0,0.025000000000000001,0.5
984.2333,  1.00000000,1,0,0.025000000000000001,0.5
984.2667,  1.00000000,1,0,0.0,0.5
984.3000,  1.00000000,1,0,0.050000000000000003,0.5
984.3333,  1.00000000,1,0,0.0,0.5
984.3667,  1.00000000,1,0,0.0,0.5
984.4000,  1.00000000,1,0,0.0,0.5
984.4333,  1.00000000,1,0,0.0,0.5
984.4667,  1.00000000,1,0,0.074999999999999997,0.5
984.5000,  1.00000000,1,0,0.025000000000000001,0.5
984.5333,  1.00000000,1,0,0.050000000000000003,0.5
984.5667,  1.00000000,1,0,0.025000000000000001,0.5
984.6000,  1.00000000,1,0,0.074999999999999997,0.5
984.6333,  1.00000000,1,0,0.025000000000000001,0.5
984.6667,  1.00000000,1,0,0.0,0.5
984.7000,  1.00000000,1,0,0.025000000000000001,0.5
984.7333,  1.00000000,1,0,0.050000000000000003,0.5
984.7667,  1.00000000,1,0,0.025000000000000001,0.5
984.8000,  1.00000000,1,0,0.025000000000000001,0.5
984.8333,  1.00000000,1,0,0.0,0.5
984.8667,  1.00000000,1,0,0.0,0.5
984.9000,  1.00000000,1,0,0.025000000000000001,0.5
984.9333,  1.00000000,1,0,0.0,0.5
984.9667,  1.00000000,1,0,0.025000000000000001,0.5
985.0000,  1.00000000,1,0,0.0,0.5
985.0333,  1.00000000,1,0,0.025000000000000001,0.5
985.0667,  1.00000000,1,0,0.0,0.5
985.1000,  1.00000000,1,0,0.0,0.5
985.1333,  1.00000000,1,0,0.025000000000000001,0.5
985.1667,  1.00000000,1,0,0.050000000000000003,0.5
985.2000,  1.00000000,1,0,0.0,0.5
985.2333,  1.00000000,1,0,0.025000000000000001,0.5
985.2667,  1.00000000,1,0,0.025000000000000001,0.5
985.3000,  1.00000000,1,0,0.025000000000000001,0.5
985.3333,  1.00000000,1,0,0.050000000000000003,0.5
985.3667,  1.00000000,1,0,0.050000000000000003,0.5
985.4000,  1.00000000,1,0,0.025000000000000001,0.5
985.4333,  1.00000000,1,0,0.050000000000000003,0.5
985.4667,  1.00000000,1,0,0.0,0.5
985.5000,  1.00000000,1,0,0.025000000000000001,0.5
985.5333,  1.00000000,1,0,0.0,0.5
985.5667,  1.00000000,1,0,0.025000000000000001,0.5
985.6000,  1.00000000,1,0,0.0,0.5
985.6333,  1.00000000,1,0,0.050000000000000003,0.5
985.6667,  1.00000000,1,0,0.0,0.5
985.7000,  1.00000000,1,0,0.0,0.5
985.7333,  1.00000000,1,0,0.0,0.5
985.7667,  1.00000000,1,0,0.0,0.5
985.8000,  1.00000000,1,0,0.0,0.5
985.8333,  1.00000000,1,0,0.0,0.5
985.8667,  1.00000000,1,0,0.025000000000000001,0.5
985.9000,  1.00000000,1,0,0.0,0.5
985.9333,  1.00000000,1,0,0.025000000000000001,0.5
985.9667,  1.00000000,1,0,0.025000000000000001,0.5
986.0000,  1.00000000,1,0,0.050000000000000003,0.5
986.0333,  1.00000000,1,0,0.025000000000000001,0.5
986.0667,  1.00000000,1,0,0.0,0.5
986.1000,  1.00000000,1,0,0.0,0.5
986.1333,  1.00000000,1,0,0.0,0.5
986.1667,  1.00000000,1,0,0.025000000000000001,0.5
986.2000,  1.00000000,1,0,0.050000000000000003,0.5
986.2333,  1.00000000,1,0,0.025000000000000001,0.5
986.2667,  1.00000000,1,0,0.0,0.5
986.3000,  1.00000000,1,0,0.050000000000000003,0.5
986.3333,  1.00000000,1,0,0.025000000000000001,0.5
986.3667,  1.00000000,1,0,0.025000000000000001,0.5
986.4000,  1.00000000,1,0,0.025000000000000001,0.5
986.4333,  1.00000000,1,0,0.050000000000000003,0.5
986.4667,  1.00000000,1,0,0.050000000000000003,0.5
986.5000,  1.00000000,1,0,0.025000000000000001,0.5
986.5333,  1.00000000,1,0,0.0,0.5
986.5667,  1.00000000,1,0,0.0,0.5
986.6000,  1.00000000,1,0,0.0,0.5
986.6333,  1.00000000,1,0,0.025000000000000001,0.5
986.6667,  1.00000000,1,0,0.025000000000000001,0.5
986.7000,  1.00000000,1,0,0.050000000000000003,0.5
986.7333,  1.00000000,1,0,0.025000000000000001,0.5
986.7667,  1.00000000,1,0,0.050000000000000003,0.5
986.8000,  1.00000000,1,0,0.0,0.5
986.8333,  1.00000000,1,0,0.074999999999999997,0.5
986.8667,  1.00000000,1,0,0.050000000000000003,0.5
986.9000,  1.00000000,1,0,0.0,0.5
986.9333,  1.00000000,1,0,0.025000000000000001,0.5
986.9667,  1.00000000,1,0,0.025000000000000001,0.5
987.0000,  1.00000000,1,0,0.050000000000000003,0.5
987.0333,  1.00000000,1,0,0.050000000000000003,0.5
987.0667,  1.00000000,1,0,0.0,0.5
987.1000,  1.00000000,1,0,0.050000000000000003,0.5
987.1333,  1.00000000,1,0,0.025000000000000001,0.5
987.1667,  1.00000000,1,0,0.0,0.5
987.2000,  1.00000000,1,0,0.0,0.5
987.2333,  1.00000000,1,0,0.0,0.5
987.2667,  1.00000000,1,0,0.050000000000000003,0.5
987.3000,  1.00000000,1,0,0.025000000000000001,0.5
987.3333,  1.00000000,1,0,0.0,0.5
987.3667,  1.00000000,1,0,0.0,0.5
987.4000,  1.00000000,1,0,0.025000000000000001,0.5
987.4333,  1.00000000,1,0,0.0,0.5
987.4667,  1.00000000,1,0,0.0,0.5
987.5000,  1.00000000,1,0,0.025000000000000001,0.5
987.5333,  1.00000000,1,0,0.0,0.5
987.5667,  1.00000000,1,0,0.025000000000000001,0.5
987.6000,  1.00000000,1,0,0.025000000000000001,0.5
987.6333,  1.00000000,1,0,0.0,0.5
987.6667,  1.00000000,1,0,0.0,0.5
987.7000,  1.00000000,1,0,0.025000000000000001,0.5
987.7333,  1.00000000,1,0,0.025000000000000001,0.5
987.7667,  1.00000000,1,0,0.050000000000000003,0.5
987.8000,  1.00000000,1,0,0.0,0.5
987.8333,  1.00000000,1,0,0.050000000000000003,0.5
987.8667,  1.00000000,1,0,0.025000000000000001,0.5
987.9000,  1.00000000,1,0,0.025000000000000001,0.5
987.9333,  1.00000000,1,0,0.025000000000000001,0.5
987.9667,  1.00000000,1,0,0.025000000000000001,0.5
988.0000,  1.00000000,1,0,0.050000000000000003,0.5
988.0333,  1.00000000,1,0,0.050000000000000003,0.5
988.0667,  1.00000000,1,0,0.050000000000000003,0.5
988.1000,  1.00000000,1,0,0.0,0.5
988.1333,  1.00000000,1,0,0.025000000000000001,0.5
988.1667,  1.00000000,1,0,0.025000000000000001,0.5
988.2000,  1.00000000,1,0,0.025000000000000001,0.5
988.2333,  1.00000000,1,0,0.0,0.5
988.2667,  1.00000000,1,0,0.025000000000000001,0.5
988.3000,  1.00000000,1,0,0.025000000000000001,0.5
988.3333,  1.00000000,1,0,0.025000000000000001,0.5
988.3667,  1.00000000,1,0,0.0,0.5
988.4000,  1.00000000,1,0,0.0,0.5
988.4333,  1.00000000,1,0,0.0,0.5
988.4667,  1.00000000,1,0,0.025000000000000001,0.5
988.5000,  1.00000000,1,0,0.050000000000000003,0.5
988.5333,  1.00000000,1,0,0.0,0.5
988.5667,  1.00000000,1,0,0.025000000000000001,0.5
988.6000,  1.00000000,1,0,0.050000000000000003,0.5
988.6333,  1.00000000,1,0,0.050000000000000003,0.5
988.6667,  1.00000000,1,0,0.025000000000000001,0.5
988.7000,  1.00000000,1,0,0.0,0.5
988.7333,  1.00000000,1,0,0.0,0.5
988.7667,  1.00000000,1,0,0.050000000000000003,0.5
988.8000,  1.00000000,1,0,0.050000000000000003,0.5
988.8333,  1.00000000,1,0,0.0,0.5
988.8667,  1.00000000,1,0,0.025000000000000001,0.5
988.9000,  1.00000000,1,0,0.0,0.5
988.9333,  1.00000000,1,0,0.025000000000000001,0.5
988.9667,  1.00000000,1,0,0.0,0.5
989.0000,  1.00000000,1,0,0.0,0.5
989.0333,  1.00000000,1,0,0.0,0.5
989.0667,  1.00000000,1,0,0.0,0.5
989.1000,  1.00000000,1,0,0.0,0.5
989.1333,  1.00000000,1,0,0.0,0.5
989.1667,  1.00000000,1,0,0.0,0.5
989.2000,  1.00000000,1,0,0.025000000000000001,0.5
989.2333,  1.00000000,1,0,0.0,0.5
989.2667,  1.00000000,1,0,0.025000000000000001,0.5
989.3000,  1.00000000,1,0,0.0,0.5
989.3333,  1.00000000,1,0,0.0,0.5
989.3667,  1.00000000,1,0,0.0,0.5
989.4000,  1.00000000,1,0,0.050000000000000003,0.5
989.4333,  1.00000000,1,0,0.0,0.5
989.4667,  1.00000000,1,0,0.025000000000000001,0.5
989.5000,  1.00000000,1,0,0.025000000000000001,0.5
989.5333,  1.00000000,1,0,0.0,0.5
989.5667,  1.00000000,1,0,0.0,0.5
989.6000,  1.00000000,1,0,0.0,0.5
989.6333,  1.00000000,1,0,0.025000000000000001,0.5
989.6667,  1.00000000,1,0,0.0,0.5
989.7000,  1.00000000,1,0,0.025000000000000001,0.5
989.7333,  1.00000000,1,0,0.025000000000000001,0.5
989.7667,  1.00000000,1,0,0.025000000000000001,0.5
989.8000,  1.00000000,1,0,0.025000000000000001,0.5
989.8333,  1.00000000,1,0,0.0,0.5
989.8667,  1.00000000,1,0,0.0,0.5
989.9000,  1.00000000,1,0,0.025000000000000001,0.5
989.9333,  1.00000000,1,0,0.0,0.5
989.9667,  1.00000000,1,0,0.025000000000000001,0.5
990.0000,  1.00000000,1,0,0.050000000000000003,0.5
990.0333,  1.00000000,1,0,0.025000000000000001,0.5
990.0667,  1.00000000,1,0,0.0,0.5
990.1000,  1.00000000,1,0,0.0,0.5
990.1333,  1.00000000,1,0,0.025000000000000001,0.5
990.1667,  1.00000000,1,0,0.0,0.5
990.2000,  1.00000000,1,0,0.0,0.5
990.2333,  1.00000000,1,0,0.025000000000000001,0.5
990.2667,  1.00000000,1,0,0.0,0.5
990.3000,  1.00000000,1,0,0.025000000000000001,0.5
990.3333,  1.00000000,1,0,0.050000000000000003,0.5
990.3667,  1.00000000,1,0,0.025000000000000001,0.5
990.4000,  1.00000000,1,0,0.0,0.5
990.4333,  1.00000000,1,0,0.0,0.5
990.4667,  1.00000000,1,0,0.050000000000000003,0.5
990.5000,  1.00000000,1,0,0.0,0.5
990.5333,  1.00000000,1,0,0.025000000000000001,0.5
990.5667,  1.00000000,1,0,0.025000000000000001,0.5
990.6000,  1.00000000,1,0,0.0,0.5
990.6333,  1.00000000,1,0,0.0,0.5
990.6667,  1.00000000,1,0,0.025000000000000001,0.5
990.7000,  1.00000000,1,0,0.050000000000000003,0.5
990.7333,  1.00000000,1,0,0.025000000000000001,0.5
990.7667,  1.00000000,1,0,0.025000000000000001,0.5
990.8000,  1.00000000,1,0,0.025000000000000001,0.5
990.8333,  1.00000000,1,0,0.025000000000000001,0.5
990.8667,  1.00000000,1,0,0.0,0.5
990.9000,  1.00000000,1,0,0.0,0.5
990.9333,  1.00000000,1,0,0.025000000000000001,0.5
990.9667,  1.00000000,1,0,0.0,0.5
991.0000,  1.00000000,1,0,0.025000000000000001,0.5
991.0333,  1.00000000,1,0,0.0,0.5
991.0667,  1.00000000,1,0,0.050000000000000003,0.5
991.1000,  1.00000000,1,0,0.0,0.5
991.1333,  1.00000000,1,0,0.0,0.5
991.1667,  1.00000000,1,0,0.050000000000000003,0.5
991.2000,  1.00000000,1,0,0.050000000000000003,0.5
991.2333,  1.00000000,1,0,0.025000000000000001,0.5
991.2667,  1.00000000,1,0,0.025000000000000001,0.5
991.3000,  1.00000000,1,0,0.0,0.5
991.3333,  1.00000000,1,0,0.025000000000000001,0.5
991.3667,  1.00000000,1,0,0.0,0.5
991.4000,  1.00000000,1,0,0.025000000000000001,0.5
991.4333,  1.00000000,1,0,0.0,0.5
991.4667,  1.00000000,1,0,0.025000000000000001,0.5
991.5000,  1.00000000,1,0,0.025000000000000001,0.5
991.5333,  1.00000000,1,0,0.0,0.5
991.5667,  1.00000000,1,0,0.025000000000000001,0.5
991.6000,  1.00000000,1,0,0.025000000000000001,0.5
991.6333,  1.00000000,1,0,0.025000000000000001,0.5
991.6667,  1.00000000,1,0,0.0,0.5
991.7000,  1.00000000,1,0,0.025000000000000001,0.5
991.7333,  1.00000000,1,0,0.074999999999999997,0.5
991.7667,  1.00000000,1,0,0.0,0.5
991.8000,  1.00000000,1,0,0.0,0.5
991.8333,  1.00000000,1,0,0.0,0.5
991.8667,  1.00000000,1,0,0.050000000000000003,0.5
991.9000,  1.00000000,1,0,0.050000000000000003,0.5
991.9333,  1.00000000,1,0,0.025000000000000001,0.5
991.9667,  1.00000000,1,0,0.0,0.5
992.0000,  1.00000000,1,0,0.0,0.5
992.0333,  1.00000000,1,0,0.0,0.5
992.0667,  1.00000000,1,0,0.0,0.5
992.1000,  1.00000000,1,0,0.025000000000000001,0.5
992.1333,  1.00000000,1,0,0.0,0.5
992.1667,  1.00000000,1,0,0.025000000000000001,0.5
992.2000,  1.00000000,1,0,0.025000000000000001,0.5
992.2333,  1.00000000,1,0,0.025000000000000001,0.5
992.2667,  1.00000000,1,0,0.0,0.5
992.3000,  1.00000000,1,0,0.025000000000000001,0.5
992.3333,  1.00000000,1,0,0.025000000000000001,0.5
992.3667,  1.00000000,1,0,0.025000000000000001,0.5
992.4000,  1.00000000,1,0,0.025000000000000001,0.5
992.4333,  1.00000000,1,0,0.0,0.5
992.4667,  1.00000000,1,0,0.0,0.5
992.5000,  1.00000000,1,0,0.050000000000000003,0.5
992.5333,  1.00000000,1,0,0.025000000000000001,0.5
992.5667,  1.00000000,1,0,0.025000000000000001,0.5
992.6000,  1.00000000,1,0,0.0,0.5
992.6333,  1.00000000,1,0,0.0,0.5
992.6667,  1.00000000,1,0,0.0,0.5
992.7000,  1.00000000,1,0,0.0,0.5
992.7333,  1.00000000,1,0,0.0,0.5
992.7667,  1.00000000,1,0,0.0,0.5
992.8000,  1.00000000,1,0,0.0,0.5
992.8333,  1.00000000,1,0,0.0,0.5
992.8667,  1.00000000,1,0,0.0,0.5
992.9000,  1.00000000,1,0,0.025000000000000001,0.5
992.9333,  1.00000000,1,0,0.0,0.5
992.9667,  1.00000000,1,0,0.025000000000000001,0.5
993.0000,  1.00000000,1,0,0.025000000000000001,0.5
993.0333,  1.00000000,1,0,0.0,0.5
993.0667,  1.00000000,1,0,0.0,0.5
993.1000,  1.00000000,1,0,0.025000000000000001,0.5
993.1333,  1.00000000,1,0,0.0,0.5
993.1667,  1.00000000,1,0,0.050000000000000003,0.5
993.2000,  1.00000000,1,0,0.025000000000000001,0.5
993.2333,  1.00000000,1,0,0.025000000000000001,0.5
993.2667,  1.00000000,1,0,0.025000000000000001,0.5
993.3000,  1.00000000,1,0,0.0,0.5
993.3333,  1.00000000,1,0,0.0,0.5
993.3667,  1.00000000,1,0,0.025000000000000001,0.5
993.4000,  1.00000000,1,0,0.025000000000000001,0.5
993.4333,  1.00000000,1,0,0.025000000000000001,0.5
993.4667,  1.00000000,1,0,0.0,0.5
993.5000,  1.00000000,1,0,0.025000000000000001,0.5
993.5333,  1.00000000,1,0,0.0,0.5
993.5667,  1.00000000,1,0,0.025000000000000001,0.5
993.6000,  1.00000000,1,0,0.0,0.5
993.6333,  1.00000000,1,0,0.025000000000000001,0.5
993.6667,  1.00000000,1,0,0.050000000000000003,0.5
993.7000,  1.00000000,1,0,0.0,0.5
993.7333,  1.00000000,1,0,0.0,0.5
993.7667,  1.00000000,1,0,0.0,0.5
993.8000,  1.00000000,1,0,0.025000000000000001,0.5
993.8333,  1.00000000,1,0,0.050000000000000003,0.5
993.8667,  1.00000000,1,0,0.0,0.5
993.9000,  1.00000000,1,0,0.050000000000000003,0.5
993.9333,  1.00000000,1,0,0.0,0.5
993.9667,  1.00000000,1,0,0.0,0.5
994.0000,  1.00000000,1,0,0.050000000000000003,0.5
994.0333,  1.00000000,1,0,0.025000000000000001,0.5
994.0667,  1.00000000,1,0,0.0,0.5
994.1000,  1.00000000,1,0,0.0,0.5
994.1333,  1.00000000,1,0,0.0,0.5
994.1667,  1.00000000,1,0,0.050000000000000003,0.5
994.2000,  1.00000000,1,0,0.0,0.5
994.2333,  1.00000000,1,0,0.025000000000000001,0.5
994.2667,  1.00000000,1,0,0.0,0.5
994.3000,  1.00000000,1,0,0.050000000000000003,0.5
994.3333,  1.00000000,1,0,0.050000000000000003,0.5
994.3667,  1.00000000,1,0,0.0,0.5
994.4000,  1.00000000,1,0,0.025000000000000001,0.5
994.4333,  1.00000000,1,0,0.025000000000000001,0.5
994.4667,  1.00000000,1,0,0.050000000000000003,0.5
994.5000,  1.00000000,1,0,0.050000000000000003,0.5
994.5333,  1.00000000,1,0,0.025000000000000001,0.5
994.5667,  1.00000000,1,0,0.0,0.5
994.6000,  1.00000000,1,0,0.0,0.5
994.6333,  1.00000000,1,0,0.025000000000000001,0.5
994.6667,  1.00000000,1,0,0.025000000000000001,0.5
994.7000,  1.00000000,1,0,0.050000000000000003,0.5
994.7333,  1.00000000,1,0,0.025000000000000001,0.5
994.7667,  1.00000000,1,0,0.074999999999999997,0.5
994.8000,  1.00000000,1,0,0.0,0.5
994.8333,  1.00000000,1,0,0.050000000000000003,0.5
994.8667,  1.00000000,1,0,0.050000000000000003,0.5
994.9000,  1.00000000,1,0,0.025000000000000001,0.5
994.9333,  1.00000000,1,0,0.025000000000000001,0.5
994.9667,  1.00000000,1,0,0.025000000000000001,0.5
995.0000,  1.00000000,1,0,0.025000000000000001,0.5
995.0333,  1.00000000,1,0,0.050000000000000003,0.5
995.0667,  1.00000000,1,0,0.0,0.5
995.1000,  1.00000000,1,0,0.025000000000000001,0.5
995.1333,  1.00000000,1,0,0.025000000000000001,0.5
995.1667,  1.00000000,1,0,0.025000000000000001,0.5
995.2000,  1.00000000,1,0,0.025000000000000001,0.5
995.2333,  1.00000000,1,0,0.025000000000000001,0.5
995.2667,  1.00000000,1,0,0.050000000000000003,0.5
995.3000,  1.00000000,1,0,0.050000000000000003,0.5
995.3333,  1.00000000,1,0,0.025000000000000001,0.5
995.3667,  1.00000000,1,0,0.025000000000000001,0.5
995.4000,  1.00000000,1,0,0.0,0.5
995.4333,  1.00000000,1,0,0.025000000000000001,0.5
995.4667,  1.00000000,1,0,0.0,0.5
995.5000,  1.00000000,1,0,0.025000000000000001,0.5
995.5333,  1.00000000,1,0,0.025000000000000001,0.5
995.5667,  1.00000000,1,0,0.0,0.5
995.6000,  1.00000000,1,0,0.0,0.5
995.6333,  1.00000000,1,0,0.025000000000000001,0.5
995.6667,  1.00000000,1,0,0.025000000000000001,0.5
995.7000,  1.00000000,1,0,0.0,0.5
995.7333,  1.00000000,1,0,0.0,0.5
995.7667,  1.00000000,1,0,0.025000000000000001,0.5
995.8000,  1.00000000,1,0,0.0,0.5
995.8333,  1.00000000,1,0,0.025000000000000001,0.5
995.8667,  1.00000000,1,0,0.0,0.5
995.9000,  1.00000000,1,0,0.050000000000000003,0.5
995.9333,  1.00000000,1,0,0.025000000000000001,0.5
995.9667,  1.00000000,1,0,0.0,0.5
996.0000,  1.00000000,1,0,0.0,0.5
996.0333,  1.00000000,1,0,0.050000000000000003,0.5
996.0667,  1.00000000,1,0,0.0,0.5
996.1000,  1.00000000,1,0,0.025000000000000001,0.5
996.1333,  1.00000000,1,0,0.025000000000000001,0.5
996.1667,  1.00000000,1,0,0.025000000000000001,0.5
996.2000,  1.00000000,1,0,0.0,0.5
996.2333,  1.00000000,1,0,0.025000000000000001,0.5
996.2667,  1.00000000,1,0,0.025000000000000001,0.5
996.3000,  1.00000000,1,0,0.025000000000000001,0.5
996.3333,  1.00000000,1,0,0.025000000000000001,0.5
996.3667,  1.00000000,1,0,0.074999999999999997,0.5
996.4000,  1.00000000,1,0,0.025000000000000001,0.5
996.4333,  1.00000000,1,0,0.050000000000000003,0.5
996.4667,  1.00000000,1,0,0.050000000000000003,0.5
996.5000,  1.00000000,1,0,0.0,0.5
996.5333,  1.00000000,1,0,0.0,0.5
996.5667,  1.00000000,1,0,0.025000000000000001,0.5
996.6000,  1.00000000,1,0,0.0,0.5
996.6333,  1.00000000,1,0,0.0,0.5
996.6667,  1.00000000,1,0,0.025000000000000001,0.5
996.7000,  1.00000000,1,0,0.0,0.5
996.7333,  1.00000000,1,0,0.025000000000000001,0.5
996.7667,  1.00000000,1,0,0.0,0.5
996.8000,  1.00000000,1,0,0.025000000000000001,0.5
996.8333,  1.00000000,1,0,0.025000000000000001,0.5
996.8667,  1.00000000,1,0,0.074999999999999997,0.5
996.9000,  1.00000000,1,0,0.0,0.5
996.9333,  1.00000000,1,0,0.025000000000000001,0.5
996.9667,  1.00000000,1,0,0.0,0.5
997.0000,  1.00000000,1,0,0.025000000000000001,0.5
997.0333,  1.00000000,1,0,0.025000000000000001,0.5
997.0667,  1.00000000,1,0,0.025000000000000001,0.5
997.1000,  1.00000000,1,0,0.025000000000000001,0.5
997.1333,  1.00000000,1,0,0.025000000000000001,0.5
997.1667,  1.00000000,1,0,0.025000000000000001,0.5
997.2000,  1.00000000,1,0,0.025000000000000001,0.5
997.2333,  1.00000000,1,0,0.025000000000000001,0.5
997.2667,  1.00000000,1,0,0.025000000000000001,0.5
997.3000,  1.00000000,1,0,0.025000000000000001,0.5
997.3333,  1.00000000,1,0,0.025000000000000001,0.5
997.3667,  1.00000000,1,0,0.025000000000000001,0.5
997.4000,  1.00000000,1,0,0.0,0.5
997.4333,  1.00000000,1,0,0.025000000000000001,0.5
997.4667,  1.00000000,1,0,0.0,0.5
997.5000,  1.00000000,1,0,0.025000000000000001,0.5
997.5333,  1.00000000,1,0,0.0,0.5
997.5667,  1.00000000,1,0,0.025000000000000001,0.5
997.6000,  1.00000000,1,0,0.025000000000000001,0.5
997.6333,  1.00000000,1,0,0.025000000000000001,0.5
997.6667,  1.00000000,1,0,0.0,0.5
997.7000,  1.00000000,1,0,0.050000000000000003,0.5
997.7333,  1.00000000,1,0,0.025000000000000001,0.5
997.7667,  1.00000000,1,0,0.025000000000000001,0.5
997.8000,  1.00000000,1,0,0.0,0.5
997.8333,  1.00000000,1,0,0.0,0.5
997.8667,  1.00000000,1,0,0.050000000000000003,0.5
997.9000,  1.00000000,1,0,0.025000000000000001,0.5
997.9333,  1.00000000,1,0,0.025000000000000001,0.5
997.9667,  1.00000000,1,0,0.0,0.5
998.0000,  1.00000000,1,0,0.025000000000000001,0.5
998.0333,  1.00000000,1,0,0.025000000000000001,0.5
998.0667,  1.00000000,1,0,0.025000000000000001,0.5
998.1000,  1.00000000,1,0,0.0,0.5
998.1333,  1.00000000,1,0,0.0,0.5
998.1667,  1.00000000,1,0,0.025000000000000001,0.5
998.2000,  1.00000000,1,0,0.0,0.5
998.2333,  1.00000000,1,0,0.025000000000000001,0.5
998.2667,  1.00000000,1,0,0.0,0.5
998.3000,  1.00000000,1,0,0.0,0.5
998.3333,  1.00000000,1,0,0.0,0.5
998.3667,  1.00000000,1,0,0.025000000000000001,0.5
998.4000,  1.00000000,1,0,0.0,0.5
998.4333,  1.00000000,1,0,0.025000000000000001,0.5
998.4667,  1.00000000,1,0,0.050000000000000003,0.5
998.5000,  1.00000000,1,0,0.0,0.5
998.5333,  1.00000000,1,0,0.0,0.5
998.5667,  1.00000000,1,0,0.0,0.5
998.6000,  1.00000000,1,0,0.0,0.5
998.6333,  1.00000000,1,0,0.025000000000000001,0.5
998.6667,  1.00000000,1,0,0.0,0.5
998.7000,  1.00000000,1,0,0.0,0.5
998.7333,  1.00000000,1,0,0.025000000000000001,0.5
998.7667,  1.00000000,1,0,0.0,0.5
998.8000,  1.00000000,1,0,0.025000000000000001,0.5
998.8333,  1.00000000,1,0,0.0,0.5
998.8667,  1.00000000,1,0,0.025000000000000001,0.5
998.9000,  1.00000000,1,0,0.025000000000000001,0.5
998.9333,  1.00000000,1,0,0.025000000000000001,0.5
998.9667,  1.00000000,1,0,0.025000000000000001,0.5
999.0000,  1.00000000,1,0,0.050000000000000003,0.5
999.0333,  1.00000000,1,0,0.0,0.5
999.0667,  1.00000000,1,0,0.0,0.5
999.1000,  1.00000000,1,0,0.0,0.5
999.1333,  1.00000000,1,0,0.074999999999999997,0.5
999.1667,  1.00000000,1,0,0.025000000000000001,0.5
999.2000,  1.00000000,1,0,0.050000000000000003,0.5
999.2333,  1.00000000,1,0,0.025000000000000001,0.5
999.2667,  1.00000000,1,0,0.0,0.5
999.3000,  1.00000000,1,0,0.025000000000000001,0.5
999.3333,  1.00000000,1,0,0.025000000000000001,0.5
999.3667,  1.00000000,1,0,0.050000000000000003,0.5
999.4000,  1.00000000,1,0,0.0,0.5
999.4333,  1.00000000,1,0,0.025000000000000001,0.5
999.4667,  1.00000000,1,0,0.025000000000000001,0.5
999.5000,  1.00000000,1,0,0.050000000000000003,0.5
999.5333,  1.00000000,1,0,0.025000000000000001,0.5
999.5667,  1.00000000,1,0,0.025000000000000001,0.5
999.6000,  1.00000000,1,0,0.025000000000000001,0.5
999.6333,  1.00000000,1,0,0.025000000000000001,0.5
999.6667,  1.00000000,1,0,0.025000000000000001,0.5
999.7000,  1.00000000,1,0,0.0,0.5
999.7333,  1.00000000,1,0,0.025000000000000001,0.5
999.7667,  1.00000000,1,0,0.025000000000000001,0.5
999.8000,  1.00000000,1,0,0.025000000000000001,0.5
999.8333,  1.00000000,1,0,0.025000000000000001,0.5
999.8667,  1.00000000,1,0,0.0,0.5
999.9000,  1.00000000,1,0,0.050000000000000003,0.5
999.9333,  1.00000000,1,0,0.050000000000000003,0.5
999.9667,  1.00000000,1,0,0.050000000000000003,0.5
1000.0000,  1.00000000,1,0,0.025000000000000001,0.5
1000.0333,  1.00000000,1,0,0.025000000000000001,0.5
1000.0667,  1.00000000,1,0,0.0,0.5
1000.1000,  1.00000000,1,0,0.0,0.5
1000.1333,  1.00000000,1,0,0.0,0.5
1000.1667,  1.00000000,1,0,0.025000000000000001,0.5
1000.2000,  1.00000000,1,0,0.025000000000000001,0.5
1000.2333,  1.00000000,1,0,0.025000000000000001,0.5
1000.2667,  1.00000000,1,0,0.0,0.5
1000.3000,  1.00000000,1,0,0.0,0.5
1000.3333,  1.00000000,1,0,0.025000000000000001,0.5
1000.3667,  1.00000000,1,0,0.0,0.5
1000.4000,  1.00000000,1,0,0.0,0.5
1000.4333,  1.00000000,1,0,0.0,0.5
1000.4667,  1.00000000,1,0,0.0,0.5
1000.5000,  1.00000000,1,0,0.025000000000000001,0.5
1000.5333,  1.00000000,1,0,0.0,0.5
1000.5667,  1.00000000,1,0,0.0,0.5
1000.6000,  1.00000000,1,0,0.025000000000000001,0.5
1000.6333,  1.00000000,1,0,0.0,0.5
1000.6667,  1.00000000,1,0,0.0,0.5
1000.7000,  1.00000000,1,0,0.0,0.5
1000.7333,  1.00000000,1,0,0.0,0.5
1000.7667,  1.00000000,1,0,0.0,0.5
1000.8000,  1.00000000,1,0,0.0,0.5
1000.8333,  1.00000000,1,0,0.0,0.5
1000.8667,  1.00000000,1,0,0.0,0.5
1000.9000,  1.00000000,1,0,0.025000000000000001,0.5
1000.9333,  1.00000000,1,0,0.0,0.5
1000.9667,  1.00000000,1,0,0.0,0.5
1001.0000,  1.00000000,1,0,0.050000000000000003,0.5
1001.0333,  1.00000000,1,0,0.0,0.5
1001.0667,  1.00000000,1,0,0.025000000000000001,0.5
1001.1000,  1.00000000,1,0,0.025000000000000001,0.5
1001.1333,  1.00000000,1,0,0.0,0.5
1001.1667,  1.00000000,1,0,0.025000000000000001,0.5
1001.2000,  1.00000000,1,0,0.0,0.5
1001.2333,  1.00000000,1,0,0.050000000000000003,0.5
1001.2667,  1.00000000,1,0,0.025000000000000001,0.5
1001.3000,  1.00000000,1,0,0.025000000000000001,0.5
1001.3333,  1.00000000,1,0,0.0,0.5
1001.3667,  1.00000000,1,0,0.025000000000000001,0.5
1001.4000,  1.00000000,1,0,0.050000000000000003,0.5
1001.4333,  1.00000000,1,0,0.050000000000000003,0.5
1001.4667,  1.00000000,1,0,0.0,0.5
1001.5000,  1.00000000,1,0,0.025000000000000001,0.5
1001.5333,  1.00000000,1,0,0.025000000000000001,0.5
1001.5667,  1.00000000,1,0,0.0,0.5
1001.6000,  1.00000000,1,0,0.0,0.5
1001.6333,  1.00000000,1,0,0.025000000000000001,0.5
1001.6667,  1.00000000,1,0,0.0,0.5
1001.7000,  1.00000000,1,0,0.0,0.5
1001.7333,  1.00000000,1,0,0.025000000000000001,0.5
1001.7667,  1.00000000,1,0,0.0,0.5
1001.8000,  1.00000000,1,0,0.0,0.5
1001.8333,  1.00000000,1,0,0.0,0.5
1001.8667,  1.00000000,1,0,0.0,0.5
1001.9000,  1.00000000,1,0,0.025000000000000001,0.5
1001.9333,  1.00000000,1,0,0.0,0.5
1001.9667,  1.00000000,1,0,0.0,0.5
1002.0000,  1.00000000,1,0,0.0,0.5
1002.0333,  1.00000000,1,0,0.0,0.5
1002.0667,  1.00000000,1,0,0.0,0.5
1002.1000,  1.00000000,1,0,0.0,0.5
1002.1333,  1.00000000,1,0,0.0,0.5
1002.1667,  1.00000000,1,0,0.0,0.5
1002.2000,  1.00000000,1,0,0.0,0.5
1002.2333,  1.00000000,1,0,0.0,0.5
1002.2667,  1.00000000,1,0,0.0,0.5
1002.3000,  1.00000000,1,0,0.0,0.5
1002.3333,  1.00000000,1,0,0.025000000000000001,0.5
1002.3667,  1.00000000,1,0,0.025000000000000001,0.5
1002.4000,  1.00000000,1,0,0.0,0.5
1002.4333,  1.00000000,1,0,0.0,0.5
1002.4667,  1.00000000,1,0,0.0,0.5
1002.5000,  1.00000000,1,0,0.0,0.5
1002.5333,  1.00000000,1,0,0.025000000000000001,0.5
1002.5667,  1.00000000,1,0,0.025000000000000001,0.5
1002.6000,  1.00000000,1,0,0.0,0.5
1002.6333,  1.00000000,1,0,0.025000000000000001,0.5
1002.6667,  1.00000000,1,0,0.0,0.5
1002.7000,  1.00000000,1,0,0.0,0.5
1002.7333,  1.00000000,1,0,0.0,0.5
1002.7667,  1.00000000,1,0,0.0,0.5
1002.8000,  1.00000000,1,0,0.0,0.5
1002.8333,  1.00000000,1,0,0.0,0.5
1002.8667,  1.00000000,1,0,0.0,0.5
1002.9000,  1.00000000,1,0,0.025000000000000001,0.5
1002.9333,  1.00000000,1,0,0.0,0.5
1002.9667,  1.00000000,1,0,0.025000000000000001,0.5
1003.0000,  1.00000000,1,0,0.0,0.5
1003.0333,  1.00000000,1,0,0.0,0.5
1003.0667,  1.00000000,1,0,0.050000000000000003,0.5
1003.1000,  1.00000000,1,0,0.0,0.5
1003.1333,  1.00000000,1,0,0.025000000000000001,0.5
1003.1667,  1.00000000,1,0,0.025000000000000001,0.5
1003.2000,  1.00000000,1,0,0.0,0.5
1003.2333,  1.00000000,1,0,0.0,0.5
1003.2667,  1.00000000,1,0,0.025000000000000001,0.5
1003.3000,  1.00000000,1,0,0.025000000000000001,0.5
1003.3333,  1.00000000,1,0,0.0,0.5
1003.3667,  1.00000000,1,0,0.0,0.5
1003.4000,  1.00000000,1,0,0.0,0.5
1003.4333,  1.00000000,1,0,0.0,0.5
1003.4667,  1.00000000,1,0,0.050000000000000003,0.5
1003.5000,  1.00000000,1,0,0.025000000000000001,0.5
1003.5333,  1.00000000,1,0,0.0,0.5
1003.5667,  1.00000000,1,0,0.050000000000000003,0.5
1003.6000,  1.00000000,1,0,0.0,0.5
1003.6333,  1.00000000,1,0,0.025000000000000001,0.5
1003.6667,  1.00000000,1,0,0.025000000000000001,0.5
1003.7000,  1.00000000,1,0,0.025000000000000001,0.5
1003.7333,  1.00000000,1,0,0.0,0.5
1003.7667,  1.00000000,1,0,0.0,0.5
1003.8000,  1.00000000,1,0,0.025000000000000001,0.5
1003.8333,  1.00000000,1,0,0.0,0.5
1003.8667,  1.00000000,1,0,0.025000000000000001,0.5
1003.9000,  1.00000000,1,0,0.0,0.5
1003.9333,  1.00000000,1,0,0.0,0.5
1003.9667,  1.00000000,1,0,0.0,0.5
1004.0000,  1.00000000,1,0,0.025000000000000001,0.5
1004.0333,  1.00000000,1,0,0.050000000000000003,0.5
1004.0667,  1.00000000,1,0,0.0,0.5
1004.1000,  1.00000000,1,0,0.050000000000000003,0.5
1004.1333,  1.00000000,1,0,0.0,0.5
1004.1667,  1.00000000,1,0,0.0,0.5
1004.2000,  1.00000000,1,0,0.025000000000000001,0.5
1004.2333,  1.00000000,1,0,0.050000000000000003,0.5
1004.2667,  1.00000000,1,0,0.0,0.5
1004.3000,  1.00000000,1,0,0.025000000000000001,0.5
1004.3333,  1.00000000,1,0,0.025000000000000001,0.5
1004.3667,  1.00000000,1,0,0.025000000000000001,0.5
1004.4000,  1.00000000,1,0,0.025000000000000001,0.5
1004.4333,  1.00000000,1,0,0.0,0.5
1004.4667,  1.00000000,1,0,0.0,0.5
1004.5000,  1.00000000,1,0,0.0,0.5
1004.5333,  1.00000000,1,0,0.0,0.5
1004.5667,  1.00000000,1,0,0.0,0.5
1004.6000,  1.00000000,1,0,0.0,0.5
1004.6333,  1.00000000,1,0,0.050000000000000003,0.5
1004.6667,  1.00000000,1,0,0.025000000000000001,0.5
1004.7000,  1.00000000,1,0,0.025000000000000001,0.5
1004.7333,  1.00000000,1,0,0.074999999999999997,0.5
1004.7667,  1.00000000,1,0,0.0,0.5
1004.8000,  1.00000000,1,0,0.025000000000000001,0.5
1004.8333,  1.00000000,1,0,0.025000000000000001,0.5
1004.8667,  1.00000000,1,0,0.025000000000000001,0.5
1004.9000,  1.00000000,1,0,0.0,0.5
1004.9333,  1.00000000,1,0,0.0,0.5
1004.9667,  1.00000000,1,0,0.025000000000000001,0.5
1005.0000,  1.00000000,1,0,0.025000000000000001,0.5
1005.0333,  1.00000000,1,0,0.025000000000000001,0.5
1005.0667,  1.00000000,1,0,0.0,0.5
1005.1000,  1.00000000,1,0,0.050000000000000003,0.5
1005.1333,  1.00000000,1,0,0.050000000000000003,0.5
1005.1667,  1.00000000,1,0,0.050000000000000003,0.5
1005.2000,  1.00000000,1,0,0.025000000000000001,0.5
1005.2333,  1.00000000,1,0,0.0,0.5
1005.2667,  1.00000000,1,0,0.025000000000000001,0.5
1005.3000,  1.00000000,1,0,0.050000000000000003,0.5
1005.3333,  1.00000000,1,0,0.025000000000000001,0.5
1005.3667,  1.00000000,1,0,0.025000000000000001,0.5
1005.4000,  1.00000000,1,0,0.0,0.5
1005.4333,  1.00000000,1,0,0.0,0.5
1005.4667,  1.00000000,1,0,0.0,0.5
1005.5000,  1.00000000,1,0,0.050000000000000003,0.5
1005.5333,  1.00000000,1,0,0.025000000000000001,0.5
1005.5667,  1.00000000,1,0,0.025000000000000001,0.5
1005.6000,  1.00000000,1,0,0.050000000000000003,0.5
1005.6333,  1.00000000,1,0,0.0,0.5
1005.6667,  1.00000000,1,0,0.025000000000000001,0.5
1005.7000,  1.00000000,1,0,0.050000000000000003,0.5
1005.7333,  1.00000000,1,0,0.025000000000000001,0.5
1005.7667,  1.00000000,1,0,0.0,0.5
1005.8000,  1.00000000,1,0,0.025000000000000001,0.5
1005.8333,  1.00000000,1,0,0.0,0.5
1005.8667,  1.00000000,1,0,0.025000000000000001,0.5
1005.9000,  1.00000000,1,0,0.025000000000000001,0.5
1005.9333,  1.00000000,1,0,0.0,0.5
1005.9667,  1.00000000,1,0,0.050000000000000003,0.5
1006.0000,  1.00000000,1,0,0.025000000000000001,0.5
1006.0333,  1.00000000,1,0,0.050000000000000003,0.5
1006.0667,  1.00000000,1,0,0.025000000000000001,0.5
1006.1000,  1.00000000,1,0,0.025000000000000001,0.5
1006.1333,  1.00000000,1,0,0.025000000000000001,0.5
1006.1667,  1.00000000,1,0,0.025000000000000001,0.5
1006.2000,  1.00000000,1,0,0.025000000000000001,0.5
1006.2333,  1.00000000,1,0,0.0,0.5
1006.2667,  1.00000000,1,0,0.025000000000000001,0.5
1006.3000,  1.00000000,1,0,0.025000000000000001,0.5
1006.3333,  1.00000000,1,0,0.025000000000000001,0.5
1006.3667,  1.00000000,1,0,0.0,0.5
1006.4000,  1.00000000,1,0,0.025000000000000001,0.5
1006.4333,  1.00000000,1,0,0.0,0.5
1006.4667,  1.00000000,1,0,0.0,0.5
1006.5000,  1.00000000,1,0,0.050000000000000003,0.5
1006.5333,  1.00000000,1,0,0.0,0.5
1006.5667,  1.00000000,1,0,0.025000000000000001,0.5
1006.6000,  1.00000000,1,0,0.025000000000000001,0.5
1006.6333,  1.00000000,1,0,0.0,0.5
1006.6667,  1.00000000,1,0,0.0,0.5
1006.7000,  1.00000000,1,0,0.050000000000000003,0.5
1006.7333,  1.00000000,1,0,0.074999999999999997,0.5
1006.7667,  1.00000000,1,0,0.074999999999999997,0.5
1006.8000,  1.00000000,1,0,0.0,0.5
1006.8333,  1.00000000,1,0,0.0,0.5
1006.8667,  1.00000000,1,0,0.0,0.5
1006.9000,  1.00000000,1,0,0.025000000000000001,0.5
1006.9333,  1.00000000,1,0,0.0,0.5
1006.9667,  1.00000000,1,0,0.025000000000000001,0.5
1007.0000,  1.00000000,1,0,0.0,0.5
1007.0333,  1.00000000,1,0,0.0,0.5
1007.0667,  1.00000000,1,0,0.025000000000000001,0.5
1007.1000,  1.00000000,1,0,0.025000000000000001,0.5
1007.1333,  1.00000000,1,0,0.025000000000000001,0.5
1007.1667,  1.00000000,1,0,0.025000000000000001,0.5
1007.2000,  1.00000000,1,0,0.0,0.5
1007.2333,  1.00000000,1,0,0.050000000000000003,0.5
1007.2667,  1.00000000,1,0,0.025000000000000001,0.5
1007.3000,  1.00000000,1,0,0.0,0.5
1007.3333,  1.00000000,1,0,0.0,0.5
1007.3667,  1.00000000,1,0,0.0,0.5
1007.4000,  1.00000000,1,0,0.050000000000000003,0.5
1007.4333,  1.00000000,1,0,0.0,0.5
1007.4667,  1.00000000,1,0,0.025000000000000001,0.5
1007.5000,  1.00000000,1,0,0.0,0.5
1007.5333,  1.00000000,1,0,0.025000000000000001,0.5
1007.5667,  1.00000000,1,0,0.050000000000000003,0.5
1007.6000,  1.00000000,1,0,0.050000000000000003,0.5
1007.6333,  1.00000000,1,0,0.0,0.5
1007.6667,  1.00000000,1,0,0.0,0.5
1007.7000,  1.00000000,1,0,0.025000000000000001,0.5
1007.7333,  1.00000000,1,0,0.0,0.5
1007.7667,  1.00000000,1,0,0.0,0.5
1007.8000,  1.00000000,1,0,0.050000000000000003,0.5
1007.8333,  1.00000000,1,0,0.050000000000000003,0.5
1007.8667,  1.00000000,1,0,0.025000000000000001,0.5
1007.9000,  1.00000000,1,0,0.050000000000000003,0.5
1007.9333,  1.00000000,1,0,0.025000000000000001,0.5
1007.9667,  1.00000000,1,0,0.0,0.5
1008.0000,  1.00000000,1,0,0.0,0.5
1008.0333,  1.00000000,1,0,0.025000000000000001,0.5
1008.0667,  1.00000000,1,0,0.0,0.5
1008.1000,  1.00000000,1,0,0.0,0.5
1008.1333,  1.00000000,1,0,0.0,0.5
1008.1667,  1.00000000,1,0,0.025000000000000001,0.5
1008.2000,  1.00000000,1,0,0.025000000000000001,0.5
1008.2333,  1.00000000,1,0,0.025000000000000001,0.5
1008.2667,  1.00000000,1,0,0.074999999999999997,0.5
1008.3000,  1.00000000,1,0,0.025000000000000001,0.5
1008.3333,  1.00000000,1,0,0.0,0.5
1008.3667,  1.00000000,1,0,0.025000000000000001,0.5
1008.4000,  1.00000000,1,0,0.050000000000000003,0.5
1008.4333,  1.00000000,1,0,0.025000000000000001,0.5
1008.4667,  1.00000000,1,0,0.050000000000000003,0.5
1008.5000,  1.00000000,1,0,0.0,0.5
1008.5333,  1.00000000,1,0,0.025000000000000001,0.5
1008.5667,  1.00000000,1,0,0.074999999999999997,0.5
1008.6000,  1.00000000,1,0,0.025000000000000001,0.5
1008.6333,  1.00000000,1,0,0.025000000000000001,0.5
1008.6667,  1.00000000,1,0,0.050000000000000003,0.5
1008.7000,  1.00000000,1,0,0.025000000000000001,0.5
1008.7333,  1.00000000,1,0,0.0,0.5
1008.7667,  1.00000000,1,0,0.0,0.5
1008.8000,  1.00000000,1,0,0.025000000000000001,0.5
1008.8333,  1.00000000,1,0,0.0,0.5
1008.8667,  1.00000000,1,0,0.025000000000000001,0.5
1008.9000,  1.00000000,1,0,0.0,0.5
1008.9333,  1.00000000,1,0,0.025000000000000001,0.5
1008.9667,  1.00000000,1,0,0.025000000000000001,0.5
1009.0000,  1.00000000,1,0,0.0,0.5
1009.0333,  1.00000000,1,0,0.025000000000000001,0.5
1009.0667,  1.00000000,1,0,0.0,0.5
1009.1000,  1.00000000,1,0,0.050000000000000003,0.5
1009.1333,  1.00000000,1,0,0.025000000000000001,0.5
1009.1667,  1.00000000,1,0,0.0,0.5
1009.2000,  1.00000000,1,0,0.025000000000000001,0.5
1009.2333,  1.00000000,1,0,0.025000000000000001,0.5
1009.2667,  1.00000000,1,0,0.0,0.5
1009.3000,  1.00000000,1,0,0.025000000000000001,0.5
1009.3333,  1.00000000,1,0,0.0,0.5
1009.3667,  1.00000000,1,0,0.0,0.5
1009.4000,  1.00000000,1,0,0.025000000000000001,0.5
1009.4333,  1.00000000,1,0,0.025000000000000001,0.5
1009.4667,  1.00000000,1,0,0.050000000000000003,0.5
1009.5000,  1.00000000,1,0,0.0,0.5
1009.5333,  1.00000000,1,0,0.050000000000000003,0.5
1009.5667,  1.00000000,1,0,0.050000000000000003,0.5
1009.6000,  1.00000000,1,0,0.050000000000000003,0.5
1009.6333,  1.00000000,1,0,0.0,0.5
1009.6667,  1.00000000,1,0,0.0,0.5
1009.7000,  1.00000000,1,0,0.050000000000000003,0.5
1009.7333,  1.00000000,1,0,0.050000000000000003,0.5
1009.7667,  1.00000000,1,0,0.025000000000000001,0.5
1009.8000,  1.00000000,1,0,0.025000000000000001,0.5
1009.8333,  1.00000000,1,0,0.0,0.5
1009.8667,  1.00000000,1,0,0.025000000000000001,0.5
1009.9000,  1.00000000,1,0,0.0,0.5
1009.9333,  1.00000000,1,0,0.0,0.5
1009.9667,  1.00000000,1,0,0.0,0.5
1010.0000,  1.00000000,1,0,0.025000000000000001,0.5
1010.0333,  1.00000000,1,0,0.025000000000000001,0.5
1010.0667,  1.00000000,1,0,0.0,0.5
1010.1000,  1.00000000,1,0,0.0,0.5
1010.1333,  1.00000000,1,0,0.0,0.5
1010.1667,  1.00000000,1,0,0.025000000000000001,0.5
1010.2000,  1.00000000,1,0,0.0,0.5
1010.2333,  1.00000000,1,0,0.0,0.5
1010.2667,  1.00000000,1,0,0.0,0.5
1010.3000,  1.00000000,1,0,0.025000000000000001,0.5
1010.3333,  1.00000000,1,0,0.0,0.5
1010.3667,  1.00000000,1,0,0.025000000000000001,0.5
1010.4000,  1.00000000,1,0,0.0,0.5
1010.4333,  1.00000000,1,0,0.025000000000000001,0.5
1010.4667,  1.00000000,1,0,0.025000000000000001,0.5
1010.5000,  1.00000000,1,0,0.0,0.5
1010.5333,  1.00000000,1,0,0.0,0.5
1010.5667,  1.00000000,1,0,0.0,0.5
1010.6000,  1.00000000,1,0,0.0,0.5
1010.6333,  1.00000000,1,0,0.0,0.5
1010.6667,  1.00000000,1,0,0.050000000000000003,0.5
1010.7000,  1.00000000,1,0,0.050000000000000003,0.5
1010.7333,  1.00000000,1,0,0.0,0.5
1010.7667,  1.00000000,1,0,0.050000000000000003,0.5
1010.8000,  1.00000000,1,0,0.025000000000000001,0.5
1010.8333,  1.00000000,1,0,0.050000000000000003,0.5
1010.8667,  1.00000000,1,0,0.0,0.5
1010.9000,  1.00000000,1,0,0.025000000000000001,0.5
1010.9333,  1.00000000,1,0,0.025000000000000001,0.5
1010.9667,  1.00000000,1,0,0.050000000000000003,0.5
1011.0000,  1.00000000,1,0,0.0,0.5
1011.0333,  1.00000000,1,0,0.025000000000000001,0.5
1011.0667,  1.00000000,1,0,0.025000000000000001,0.5
1011.1000,  1.00000000,1,0,0.0,0.5
1011.1333,  1.00000000,1,0,0.025000000000000001,0.5
1011.1667,  1.00000000,1,0,0.0,0.5
1011.2000,  1.00000000,1,0,0.0,0.5
1011.2333,  1.00000000,1,0,0.025000000000000001,0.5
1011.2667,  1.00000000,1,0,0.0,0.5
1011.3000,  1.00000000,1,0,0.025000000000000001,0.5
1011.3333,  1.00000000,1,0,0.0,0.5
1011.3667,  1.00000000,1,0,0.0,0.5
1011.4000,  1.00000000,1,0,0.025000000000000001,0.5
1011.4333,  1.00000000,1,0,0.025000000000000001,0.5
1011.4667,  1.00000000,1,0,0.025000000000000001,0.5
1011.5000,  1.00000000,1,0,0.025000000000000001,0.5
1011.5333,  1.00000000,1,0,0.025000000000000001,0.5
1011.5667,  1.00000000,1,0,0.0,0.5
1011.6000,  1.00000000,1,0,0.0,0.5
1011.6333,  1.00000000,1,0,0.0,0.5
1011.6667,  1.00000000,1,0,0.0,0.5
1011.7000,  1.00000000,1,0,0.025000000000000001,0.5
1011.7333,  1.00000000,1,0,0.050000000000000003,0.5
1011.7667,  1.00000000,1,0,0.025000000000000001,0.5
1011.8000,  1.00000000,1,0,0.025000000000000001,0.5
1011.8333,  1.00000000,1,0,0.025000000000000001,0.5
1011.8667,  1.00000000,1,0,0.0,0.5
1011.9000,  1.00000000,1,0,0.025000000000000001,0.5
1011.9333,  1.00000000,1,0,0.050000000000000003,0.5
1011.9667,  1.00000000,1,0,0.025000000000000001,0.5
1012.0000,  1.00000000,1,0,0.025000000000000001,0.5
1012.0333,  1.00000000,1,0,0.050000000000000003,0.5
1012.0667,  1.00000000,1,0,0.050000000000000003,0.5
1012.1000,  1.00000000,1,0,0.0,0.5
1012.1333,  1.00000000,1,0,0.0,0.5
1012.1667,  1.00000000,1,0,0.025000000000000001,0.5
1012.2000,  1.00000000,1,0,0.025000000000000001,0.5
1012.2333,  1.00000000,1,0,0.025000000000000001,0.5
1012.2667,  1.00000000,1,0,0.025000000000000001,0.5
1012.3000,  1.00000000,1,0,0.050000000000000003,0.5
1012.3333,  1.00000000,1,0,0.050000000000000003,0.5
1012.3667,  1.00000000,1,0,0.0,0.5
1012.4000,  1.00000000,1,0,0.050000000000000003,0.5
1012.4333,  1.00000000,1,0,0.0,0.5
1012.4667,  1.00000000,1,0,0.0,0.5
1012.5000,  1.00000000,1,0,0.0,0.5
1012.5333,  1.00000000,1,0,0.025000000000000001,0.5
1012.5667,  1.00000000,1,0,0.0,0.5
1012.6000,  1.00000000,1,0,0.0,0.5
1012.6333,  1.00000000,1,0,0.0,0.5
1012.6667,  1.00000000,1,0,0.025000000000000001,0.5
1012.7000,  1.00000000,1,0,0.0,0.5
1012.7333,  1.00000000,1,0,0.025000000000000001,0.5
1012.7667,  1.00000000,1,0,0.050000000000000003,0.5
1012.8000,  1.00000000,1,0,0.025000000000000001,0.5
1012.8333,  1.00000000,1,0,0.050000000000000003,0.5
1012.8667,  1.00000000,1,0,0.025000000000000001,0.5
1012.9000,  1.00000000,1,0,0.025000000000000001,0.5
1012.9333,  1.00000000,1,0,0.0,0.5
1012.9667,  1.00000000,1,0,0.025000000000000001,0.5
1013.0000,  1.00000000,1,0,0.0,0.5
1013.0333,  1.00000000,1,0,0.025000000000000001,0.5
1013.0667,  1.00000000,1,0,0.025000000000000001,0.5
1013.1000,  1.00000000,1,0,0.025000000000000001,0.5
1013.1333,  1.00000000,1,0,0.0,0.5
1013.1667,  1.00000000,1,0,0.025000000000000001,0.5
1013.2000,  1.00000000,1,0,0.0,0.5
1013.2333,  1.00000000,1,0,0.0,0.5
1013.2667,  1.00000000,1,0,0.0,0.5
1013.3000,  1.00000000,1,0,0.050000000000000003,0.5
1013.3333,  1.00000000,1,0,0.0,0.5
1013.3667,  1.00000000,1,0,0.0,0.5
1013.4000,  1.00000000,1,0,0.0,0.5
1013.4333,  1.00000000,1,0,0.025000000000000001,0.5
1013.4667,  1.00000000,1,0,0.0,0.5
1013.5000,  1.00000000,1,0,0.074999999999999997,0.5
1013.5333,  1.00000000,1,0,0.0,0.5
1013.5667,  1.00000000,1,0,0.025000000000000001,0.5
1013.6000,  1.00000000,1,0,0.0,0.5
1013.6333,  1.00000000,1,0,0.0,0.5
1013.6667,  1.00000000,1,0,0.0,0.5
1013.7000,  1.00000000,1,0,0.0,0.5
1013.7333,  1.00000000,1,0,0.0,0.5
1013.7667,  1.00000000,1,0,0.0,0.5
1013.8000,  1.00000000,1,0,0.0,0.5
1013.8333,  1.00000000,1,0,0.0,0.5
1013.8667,  1.00000000,1,0,0.0,0.5
1013.9000,  1.00000000,1,0,0.0,0.5
1013.9333,  1.00000000,1,0,0.025000000000000001,0.5
1013.9667,  1.00000000,1,0,0.0,0.5
1014.0000,  1.00000000,1,0,0.0,0.5
1014.0333,  1.00000000,1,0,0.0,0.5
1014.0667,  1.00000000,1,0,0.025000000000000001,0.5
1014.1000,  1.00000000,1,0,0.025000000000000001,0.5
1014.1333,  1.00000000,1,0,0.074999999999999997,0.5
1014.1667,  1.00000000,1,0,0.025000000000000001,0.5
1014.2000,  1.00000000,1,0,0.050000000000000003,0.5
1014.2333,  1.00000000,1,0,0.0,0.5
1014.2667,  1.00000000,1,0,0.0,0.5
1014.3000,  1.00000000,1,0,0.0,0.5
1014.3333,  1.00000000,1,0,0.025000000000000001,0.5
1014.3667,  1.00000000,1,0,0.0,0.5
1014.4000,  1.00000000,1,0,0.025000000000000001,0.5
1014.4333,  1.00000000,1,0,0.025000000000000001,0.5
1014.4667,  1.00000000,1,0,0.0,0.5
1014.5000,  1.00000000,1,0,0.0,0.5
1014.5333,  1.00000000,1,0,0.0,0.5
1014.5667,  1.00000000,1,0,0.0,0.5
1014.6000,  1.00000000,1,0,0.0,0.5
1014.6333,  1.00000000,1,0,0.025000000000000001,0.5
1014.6667,  1.00000000,1,0,0.0,0.5
1014.7000,  1.00000000,1,0,0.025000000000000001,0.5
1014.7333,  1.00000000,1,0,0.025000000000000001,0.5
1014.7667,  1.00000000,1,0,0.0,0.5
1014.8000,  1.00000000,1,0,0.050000000000000003,0.5
1014.8333,  1.00000000,1,0,0.025000000000000001,0.5
1014.8667,  1.00000000,1,0,0.025000000000000001,0.5
1014.9000,  1.00000000,1,0,0.025000000000000001,0.5
1014.9333,  1.00000000,1,0,0.0,0.5
1014.9667,  1.00000000,1,0,0.050000000000000003,0.5
1015.0000,  1.00000000,1,0,0.025000000000000001,0.5
1015.0333,  1.00000000,1,0,0.050000000000000003,0.5
1015.0667,  1.00000000,1,0,0.0,0.5
1015.1000,  1.00000000,1,0,0.025000000000000001,0.5
1015.1333,  1.00000000,1,0,0.025000000000000001,0.5
1015.1667,  1.00000000,1,0,0.025000000000000001,0.5
1015.2000,  1.00000000,1,0,0.025000000000000001,0.5
1015.2333,  1.00000000,1,0,0.025000000000000001,0.5
1015.2667,  1.00000000,1,0,0.025000000000000001,0.5
1015.3000,  1.00000000,1,0,0.0,0.5
1015.3333,  1.00000000,1,0,0.025000000000000001,0.5
1015.3667,  1.00000000,1,0,0.050000000000000003,0.5
1015.4000,  1.00000000,1,0,0.074999999999999997,0.5
1015.4333,  1.00000000,1,0,0.050000000000000003,0.5
1015.4667,  1.00000000,1,0,0.050000000000000003,0.5
1015.5000,  1.00000000,1,0,0.025000000000000001,0.5
1015.5333,  1.00000000,1,0,0.025000000000000001,0.5
1015.5667,  1.00000000,1,0,0.0,0.5
1015.6000,  1.00000000,1,0,0.025000000000000001,0.5
1015.6333,  1.00000000,1,0,0.025000000000000001,0.5
1015.6667,  1.00000000,1,0,0.0,0.5
1015.7000,  1.00000000,1,0,0.0,0.5
1015.7333,  1.00000000,1,0,0.0,0.5
1015.7667,  1.00000000,1,0,0.025000000000000001,0.5
1015.8000,  1.00000000,1,0,0.025000000000000001,0.5
1015.8333,  1.00000000,1,0,0.0,0.5
1015.8667,  1.00000000,1,0,0.0,0.5
1015.9000,  1.00000000,1,0,0.0,0.5
1015.9333,  1.00000000,1,0,0.0,0.5
1015.9667,  1.00000000,1,0,0.025000000000000001,0.5
1016.0000,  1.00000000,1,0,0.0,0.5
1016.0333,  1.00000000,1,0,0.0,0.5
1016.0667,  1.00000000,1,0,0.025000000000000001,0.5
1016.1000,  1.00000000,1,0,0.025000000000000001,0.5
1016.1333,  1.00000000,1,0,0.0,0.5
1016.1667,  1.00000000,1,0,0.0,0.5
1016.2000,  1.00000000,1,0,0.025000000000000001,0.5
1016.2333,  1.00000000,1,0,0.050000000000000003,0.5
1016.2667,  1.00000000,1,0,0.0,0.5
1016.3000,  1.00000000,1,0,0.0,0.5
1016.3333,  1.00000000,1,0,0.0,0.5
1016.3667,  1.00000000,1,0,0.025000000000000001,0.5
1016.4000,  1.00000000,1,0,0.025000000000000001,0.5
1016.4333,  1.00000000,1,0,0.025000000000000001,0.5
1016.4667,  1.00000000,1,0,0.025000000000000001,0.5
1016.5000,  1.00000000,1,0,0.050000000000000003,0.5
1016.5333,  1.00000000,1,0,0.0,0.5
1016.5667,  1.00000000,1,0,0.0,0.5
1016.6000,  1.00000000,1,0,0.0,0.5
1016.6333,  1.00000000,1,0,0.0,0.5
1016.6667,  1.00000000,1,0,0.025000000000000001,0.5
1016.7000,  1.00000000,1,0,0.050000000000000003,0.5
1016.7333,  1.00000000,1,0,0.025000000000000001,0.5
1016.7667,  1.00000000,1,0,0.025000000000000001,0.5
1016.8000,  1.00000000,1,0,0.0,0.5
1016.8333,  1.00000000,1,0,0.025000000000000001,0.5
1016.8667,  1.00000000,1,0,0.0,0.5
1016.9000,  1.00000000,1,0,0.074999999999999997,0.5
1016.9333,  1.00000000,1,0,0.025000000000000001,0.5
1016.9667,  1.00000000,1,0,0.0,0.5
1017.0000,  1.00000000,1,0,0.025000000000000001,0.5
1017.0333,  1.00000000,1,0,0.025000000000000001,0.5
1017.0667,  1.00000000,1,0,0.050000000000000003,0.5
1017.1000,  1.00000000,1,0,0.0,0.5
1017.1333,  1.00000000,1,0,0.025000000000000001,0.5
1017.1667,  1.00000000,1,0,0.050000000000000003,0.5
1017.2000,  1.00000000,1,0,0.0,0.5
1017.2333,  1.00000000,1,0,0.0,0.5
1017.2667,  1.00000000,1,0,0.025000000000000001,0.5
1017.3000,  1.00000000,1,0,0.0,0.5
1017.3333,  1.00000000,1,0,0.025000000000000001,0.5
1017.3667,  1.00000000,1,0,0.025000000000000001,0.5
1017.4000,  1.00000000,1,0,0.025000000000000001,0.5
1017.4333,  1.00000000,1,0,0.050000000000000003,0.5
1017.4667,  1.00000000,1,0,0.025000000000000001,0.5
1017.5000,  1.00000000,1,0,0.025000000000000001,0.5
1017.5333,  1.00000000,1,0,0.0,0.5
1017.5667,  1.00000000,1,0,0.0,0.5
1017.6000,  1.00000000,1,0,0.025000000000000001,0.5
1017.6333,  1.00000000,1,0,0.025000000000000001,0.5
1017.6667,  1.00000000,1,0,0.0,0.5
1017.7000,  1.00000000,1,0,0.025000000000000001,0.5
1017.7333,  1.00000000,1,0,0.025000000000000001,0.5
1017.7667,  1.00000000,1,0,0.050000000000000003,0.5
1017.8000,  1.00000000,1,0,0.0,0.5
1017.8333,  1.00000000,1,0,0.0,0.5
1017.8667,  1.00000000,1,0,0.0,0.5
1017.9000,  1.00000000,1,0,0.050000000000000003,0.5
1017.9333,  1.00000000,1,0,0.0,0.5
1017.9667,  1.00000000,1,0,0.050000000000000003,0.5
1018.0000,  1.00000000,1,0,0.0,0.5
1018.0333,  1.00000000,1,0,0.0,0.5
1018.0667,  1.00000000,1,0,0.025000000000000001,0.5
1018.1000,  1.00000000,1,0,0.0,0.5
1018.1333,  1.00000000,1,0,0.025000000000000001,0.5
1018.1667,  1.00000000,1,0,0.0,0.5
1018.2000,  1.00000000,1,0,0.0,0.5
1018.2333,  1.00000000,1,0,0.0,0.5
1018.2667,  1.00000000,1,0,0.0,0.5
1018.3000,  1.00000000,1,0,0.0,0.5
1018.3333,  1.00000000,1,0,0.0,0.5
1018.3667,  1.00000000,1,0,0.025000000000000001,0.5
1018.4000,  1.00000000,1,0,0.0,0.5
1018.4333,  1.00000000,1,0,0.025000000000000001,0.5
1018.4667,  1.00000000,1,0,0.0,0.5
1018.5000,  1.00000000,1,0,0.0,0.5
1018.5333,  1.00000000,1,0,0.0,0.5
1018.5667,  1.00000000,1,0,0.0,0.5
1018.6000,  1.00000000,1,0,0.025000000000000001,0.5
1018.6333,  1.00000000,1,0,0.025000000000000001,0.5
1018.6667,  1.00000000,1,0,0.0,0.5
1018.7000,  1.00000000,1,0,0.0,0.5
1018.7333,  1.00000000,1,0,0.0,0.5
1018.7667,  1.00000000,1,0,0.025000000000000001,0.5
1018.8000,  1.00000000,1,0,0.025000000000000001,0.5
1018.8333,  1.00000000,1,0,0.025000000000000001,0.5
1018.8667,  1.00000000,1,0,0.0,0.5
1018.9000,  1.00000000,1,0,0.050000000000000003,0.5
1018.9333,  1.00000000,1,0,0.025000000000000001,0.5
1018.9667,  1.00000000,1,0,0.025000000000000001,0.5
1019.0000,  1.00000000,1,0,0.050000000000000003,0.5
1019.0333,  1.00000000,1,0,0.0,0.5
1019.0667,  1.00000000,1,0,0.025000000000000001,0.5
1019.1000,  1.00000000,1,0,0.0,0.5
1019.1333,  1.00000000,1,0,0.025000000000000001,0.5
1019.1667,  1.00000000,1,0,0.0,0.5
1019.2000,  1.00000000,1,0,0.050000000000000003,0.5
1019.2333,  1.00000000,1,0,0.025000000000000001,0.5
1019.2667,  1.00000000,1,0,0.0,0.5
1019.3000,  1.00000000,1,0,0.025000000000000001,0.5
1019.3333,  1.00000000,1,0,0.025000000000000001,0.5
1019.3667,  1.00000000,1,0,0.0,0.5
1019.4000,  1.00000000,1,0,0.025000000000000001,0.5
1019.4333,  1.00000000,1,0,0.025000000000000001,0.5
1019.4667,  1.00000000,1,0,0.025000000000000001,0.5
1019.5000,  1.00000000,1,0,0.025000000000000001,0.5
1019.5333,  1.00000000,1,0,0.025000000000000001,0.5
1019.5667,  1.00000000,1,0,0.025000000000000001,0.5
1019.6000,  1.00000000,1,0,0.0,0.5
1019.6333,  1.00000000,1,0,0.0,0.5
1019.6667,  1.00000000,1,0,0.0,0.5
1019.7000,  1.00000000,1,0,0.0,0.5
1019.7333,  1.00000000,1,0,0.0,0.5
1019.7667,  1.00000000,1,0,0.025000000000000001,0.5
1019.8000,  1.00000000,1,0,0.025000000000000001,0.5
1019.8333,  1.00000000,1,0,0.025000000000000001,0.5
1019.8667,  1.00000000,1,0,0.025000000000000001,0.5
1019.9000,  1.00000000,1,0,0.025000000000000001,0.5
1019.9333,  1.00000000,1,0,0.025000000000000001,0.5
1019.9667,  1.00000000,1,0,0.0,0.5
1020.0000,  1.00000000,1,0,0.050000000000000003,0.5
1020.0333,  1.00000000,1,0,0.0,0.5
1020.0667,  1.00000000,1,0,0.0,0.5
1020.1000,  1.00000000,1,0,0.025000000000000001,0.5
1020.1333,  1.00000000,1,0,0.0,0.5
1020.1667,  1.00000000,1,0,0.0,0.5
1020.2000,  1.00000000,1,0,0.0,0.5
1020.2333,  1.00000000,1,0,0.0,0.5
1020.2667,  1.00000000,1,0,0.050000000000000003,0.5
1020.3000,  1.00000000,1,0,0.025000000000000001,0.5
1020.3333,  1.00000000,1,0,0.025000000000000001,0.5
1020.3667,  1.00000000,1,0,0.0,0.5
1020.4000,  1.00000000,1,0,0.025000000000000001,0.5
1020.4333,  1.00000000,1,0,0.025000000000000001,0.5
1020.4667,  1.00000000,1,0,0.025000000000000001,0.5
1020.5000,  1.00000000,1,0,0.050000000000000003,0.5
1020.5333,  1.00000000,1,0,0.025000000000000001,0.5
1020.5667,  1.00000000,1,0,0.025000000000000001,0.5
1020.6000,  1.00000000,1,0,0.025000000000000001,0.5
1020.6333,  1.00000000,1,0,0.025000000000000001,0.5
1020.6667,  1.00000000,1,0,0.050000000000000003,0.5
1020.7000,  1.00000000,1,0,0.025000000000000001,0.5
1020.7333,  1.00000000,1,0,0.025000000000000001,0.5
1020.7667,  1.00000000,1,0,0.0,0.5
1020.8000,  1.00000000,1,0,0.0,0.5
1020.8333,  1.00000000,1,0,0.025000000000000001,0.5
1020.8667,  1.00000000,1,0,0.050000000000000003,0.5
1020.9000,  1.00000000,1,0,0.025000000000000001,0.5
1020.9333,  1.00000000,1,0,0.0,0.5
1020.9667,  1.00000000,1,0,0.025000000000000001,0.5
1021.0000,  1.00000000,1,0,0.0,0.5
1021.0333,  1.00000000,1,0,0.0,0.5
1021.0667,  1.00000000,1,0,0.025000000000000001,0.5
1021.1000,  1.00000000,1,0,0.0,0.5
1021.1333,  1.00000000,1,0,0.025000000000000001,0.5
1021.1667,  1.00000000,1,0,0.025000000000000001,0.5
1021.2000,  1.00000000,1,0,0.025000000000000001,0.5
1021.2333,  1.00000000,1,0,0.0,0.5
1021.2667,  1.00000000,1,0,0.0,0.5
1021.3000,  1.00000000,1,0,0.0,0.5
1021.3333,  1.00000000,1,0,0.0,0.5
1021.3667,  1.00000000,1,0,0.025000000000000001,0.5
1021.4000,  1.00000000,1,0,0.0,0.5
1021.4333,  1.00000000,1,0,0.074999999999999997,0.5
1021.4667,  1.00000000,1,0,0.025000000000000001,0.5
1021.5000,  1.00000000,1,0,0.0,0.5
1021.5333,  1.00000000,1,0,0.0,0.5
1021.5667,  1.00000000,1,0,0.025000000000000001,0.5
1021.6000,  1.00000000,1,0,0.0,0.5
1021.6333,  1.00000000,1,0,0.025000000000000001,0.5
1021.6667,  1.00000000,1,0,0.0,0.5
1021.7000,  1.00000000,1,0,0.050000000000000003,0.5
1021.7333,  1.00000000,1,0,0.0,0.5
1021.7667,  1.00000000,1,0,0.025000000000000001,0.5
1021.8000,  1.00000000,1,0,0.0,0.5
1021.8333,  1.00000000,1,0,0.0,0.5
1021.8667,  1.00000000,1,0,0.025000000000000001,0.5
1021.9000,  1.00000000,1,0,0.0,0.5
1021.9333,  1.00000000,1,0,0.025000000000000001,0.5
1021.9667,  1.00000000,1,0,0.025000000000000001,0.5
1022.0000,  1.00000000,1,0,0.0,0.5
1022.0333,  1.00000000,1,0,0.0,0.5
1022.0667,  1.00000000,1,0,0.025000000000000001,0.5
1022.1000,  1.00000000,1,0,0.0,0.5
1022.1333,  1.00000000,1,0,0.025000000000000001,0.5
1022.1667,  1.00000000,1,0,0.050000000000000003,0.5
1022.2000,  1.00000000,1,0,0.025000000000000001,0.5
1022.2333,  1.00000000,1,0,0.0,0.5
1022.2667,  1.00000000,1,0,0.025000000000000001,0.5
1022.3000,  1.00000000,1,0,0.0,0.5
1022.3333,  1.00000000,1,0,0.0,0.5
1022.3667,  1.00000000,1,0,0.025000000000000001,0.5
1022.4000,  1.00000000,1,0,0.025000000000000001,0.5
1022.4333,  1.00000000,1,0,0.074999999999999997,0.5
1022.4667,  1.00000000,1,0,0.050000000000000003,0.5
1022.5000,  1.00000000,1,0,0.025000000000000001,0.5
1022.5333,  1.00000000,1,0,0.025000000000000001,0.5
1022.5667,  1.00000000,1,0,0.0,0.5
1022.6000,  1.00000000,1,0,0.025000000000000001,0.5
1022.6333,  1.00000000,1,0,0.025000000000000001,0.5
1022.6667,  1.00000000,1,0,0.025000000000000001,0.5
1022.7000,  1.00000000,1,0,0.0,0.5
1022.7333,  1.00000000,1,0,0.0,0.5
1022.7667,  1.00000000,1,0,0.0,0.5
1022.8000,  1.00000000,1,0,0.025000000000000001,0.5
1022.8333,  1.00000000,1,0,0.025000000000000001,0.5
1022.8667,  1.00000000,1,0,0.025000000000000001,0.5
1022.9000,  1.00000000,1,0,0.0,0.5
1022.9333,  1.00000000,1,0,0.025000000000000001,0.5
1022.9667,  1.00000000,1,0,0.050000000000000003,0.5
1023.0000,  1.00000000,1,0,0.025000000000000001,0.5
1023.0333,  1.00000000,1,0,0.025000000000000001,0.5
1023.0667,  1.00000000,1,0,0.050000000000000003,0.5
1023.1000,  1.00000000,1,0,0.025000000000000001,0.5
1023.1333,  1.00000000,1,0,0.0,0.5
1023.1667,  1.00000000,1,0,0.025000000000000001,0.5
1023.2000,  1.00000000,1,0,0.0,0.5
1023.2333,  1.00000000,1,0,0.025000000000000001,0.5
1023.2667,  1.00000000,1,0,0.025000000000000001,0.5
1023.3000,  1.00000000,1,0,0.025000000000000001,0.5
1023.3333,  1.00000000,1,0,0.025000000000000001,0.5
1023.3667,  1.00000000,1,0,0.025000000000000001,0.5
1023.4000,  1.00000000,1,0,0.050000000000000003,0.5
1023.4333,  1.00000000,1,0,0.0,0.5
1023.4667,  1.00000000,1,0,0.050000000000000003,0.5
1023.5000,  1.00000000,1,0,0.050000000000000003,0.5
1023.5333,  1.00000000,1,0,0.025000000000000001,0.5
1023.5667,  1.00000000,1,0,0.0,0.5
1023.6000,  1.00000000,1,0,0.0,0.5
1023.6333,  1.00000000,1,0,0.050000000000000003,0.5
1023.6667,  1.00000000,1,0,0.0,0.5
1023.7000,  1.00000000,1,0,0.025000000000000001,0.5
1023.7333,  1.00000000,1,0,0.025000000000000001,0.5
1023.7667,  1.00000000,1,0,0.025000000000000001,0.5
1023.8000,  1.00000000,1,0,0.025000000000000001,0.5
1023.8333,  1.00000000,1,0,0.0,0.5
1023.8667,  1.00000000,1,0,0.025000000000000001,0.5
1023.9000,  1.00000000,1,0,0.0,0.5
1023.9333,  1.00000000,1,0,0.0,0.5
1023.9667,  1.00000000,1,0,0.0,0.5
1024.0000,  1.00000000,1,0,0.0,0.5
1024.0333,  1.00000000,1,0,0.0,0.5
1024.0667,  1.00000000,1,0,0.025000000000000001,0.5
1024.1000,  1.00000000,1,0,0.025000000000000001,0.5
1024.1333,  1.00000000,1,0,0.025000000000000001,0.5
1024.1667,  1.00000000,1,0,0.025000000000000001,0.5
1024.2000,  1.00000000,1,0,0.025000000000000001,0.5
1024.2333,  1.00000000,1,0,0.0,0.5
1024.2667,  1.00000000,1,0,0.025000000000000001,0.5
1024.3000,  1.00000000,1,0,0.074999999999999997,0.5
1024.3333,  1.00000000,1,0,0.0,0.5
1024.3667,  1.00000000,1,0,0.0,0.5
1024.4000,  1.00000000,1,0,0.0,0.5
1024.4333,  1.00000000,1,0,0.025000000000000001,0.5
1024.4667,  1.00000000,1,0,0.0,0.5
1024.5000,  1.00000000,1,0,0.0,0.5
1024.5333,  1.00000000,1,0,0.0,0.5
1024.5667,  1.00000000,1,0,0.025000000000000001,0.5
1024.6000,  1.00000000,1,0,0.0,0.5
1024.6333,  1.00000000,1,0,0.025000000000000001,0.5
1024.6667,  1.00000000,1,0,0.0,0.5
1024.7000,  1.00000000,1,0,0.0,0.5
1024.7333,  1.00000000,1,0,0.0,0.5
1024.7667,  1.00000000,1,0,0.025000000000000001,0.5
1024.8000,  1.00000000,1,0,0.025000000000000001,0.5
1024.8333,  1.00000000,1,0,0.0,0.5
1024.8667,  1.00000000,1,0,0.0,0.5
1024.9000,  1.00000000,1,0,0.0,0.5
1024.9333,  1.00000000,1,0,0.0,0.5
1024.9667,  1.00000000,1,0,0.0,0.5
1025.0000,  1.00000000,1,0,0.0,0.5
1025.0333,  1.00000000,1,0,0.025000000000000001,0.5
1025.0667,  1.00000000,1,0,0.0,0.5
1025.1000,  1.00000000,1,0,0.0,0.5
1025.1333,  1.00000000,1,0,0.0,0.5
1025.1667,  1.00000000,1,0,0.025000000000000001,0.5
1025.2000,  1.00000000,1,0,0.0,0.5
1025.2333,  1.00000000,1,0,0.0,0.5
1025.2667,  1.00000000,1,0,0.025000000000000001,0.5
1025.3000,  1.00000000,1,0,0.025000000000000001,0.5
1025.3333,  1.00000000,1,0,0.0,0.5
1025.3667,  1.00000000,1,0,0.050000000000000003,0.5
1025.4000,  1.00000000,1,0,0.0,0.5
1025.4333,  1.00000000,1,0,0.0,0.5
1025.4667,  1.00000000,1,0,0.050000000000000003,0.5
1025.5000,  1.00000000,1,0,0.025000000000000001,0.5
1025.5333,  1.00000000,1,0,0.0,0.5
1025.5667,  1.00000000,1,0,0.0,0.5
1025.6000,  1.00000000,1,0,0.0,0.5
1025.6333,  1.00000000,1,0,0.0,0.5
1025.6667,  1.00000000,1,0,0.025000000000000001,0.5
1025.7000,  1.00000000,1,0,0.0,0.5
1025.7333,  1.00000000,1,0,0.025000000000000001,0.5
1025.7667,  1.00000000,1,0,0.025000000000000001,0.5
1025.8000,  1.00000000,1,0,0.0,0.5
1025.8333,  1.00000000,1,0,0.025000000000000001,0.5
1025.8667,  1.00000000,1,0,0.0,0.5
1025.9000,  1.00000000,1,0,0.0,0.5
1025.9333,  1.00000000,1,0,0.025000000000000001,0.5
1025.9667,  1.00000000,1,0,0.0,0.5
1026.0000,  1.00000000,1,0,0.025000000000000001,0.5
1026.0333,  1.00000000,1,0,0.050000000000000003,0.5
1026.0667,  1.00000000,1,0,0.0,0.5
1026.1000,  1.00000000,1,0,0.0,0.5
1026.1333,  1.00000000,1,0,0.0,0.5
1026.1667,  1.00000000,1,0,0.025000000000000001,0.5
1026.2000,  1.00000000,1,0,0.0,0.5
1026.2333,  1.00000000,1,0,0.0,0.5
1026.2667,  1.00000000,1,0,0.025000000000000001,0.5
1026.3000,  1.00000000,1,0,0.0,0.5
1026.3333,  1.00000000,1,0,0.025000000000000001,0.5
1026.3667,  1.00000000,1,0,0.025000000000000001,0.5
1026.4000,  1.00000000,1,0,0.0,0.5
1026.4333,  1.00000000,1,0,0.0,0.5
1026.4667,  1.00000000,1,0,0.025000000000000001,0.5
1026.5000,  1.00000000,1,0,0.050000000000000003,0.5
1026.5333,  1.00000000,1,0,0.0,0.5
1026.5667,  1.00000000,1,0,0.025000000000000001,0.5
1026.6000,  1.00000000,1,0,0.025000000000000001,0.5
1026.6333,  1.00000000,1,0,0.025000000000000001,0.5
1026.6667,  1.00000000,1,0,0.0,0.5
1026.7000,  1.00000000,1,0,0.025000000000000001,0.5
1026.7333,  1.00000000,1,0,0.0,0.5
1026.7667,  1.00000000,1,0,0.025000000000000001,0.5
1026.8000,  1.00000000,1,0,0.0,0.5
1026.8333,  1.00000000,1,0,0.025000000000000001,0.5
1026.8667,  1.00000000,1,0,0.0,0.5
1026.9000,  1.00000000,1,0,0.025000000000000001,0.5
1026.9333,  1.00000000,1,0,0.0,0.5
1026.9667,  1.00000000,1,0,0.050000000000000003,0.5
1027.0000,  1.00000000,1,0,0.025000000000000001,0.5
1027.0333,  1.00000000,1,0,0.025000000000000001,0.5
1027.0667,  1.00000000,1,0,0.0,0.5
1027.1000,  1.00000000,1,0,0.025000000000000001,0.5
1027.1333,  1.00000000,1,0,0.025000000000000001,0.5
1027.1667,  1.00000000,1,0,0.050000000000000003,0.5
1027.2000,  1.00000000,1,0,0.025000000000000001,0.5
1027.2333,  1.00000000,1,0,0.0,0.5
1027.2667,  1.00000000,1,0,0.050000000000000003,0.5
1027.3000,  1.00000000,1,0,0.0,0.5
1027.3333,  1.00000000,1,0,0.050000000000000003,0.5
1027.3667,  1.00000000,1,0,0.0,0.5
1027.4000,  1.00000000,1,0,0.0,0.5
1027.4333,  1.00000000,1,0,0.0,0.5
1027.4667,  1.00000000,1,0,0.0,0.5
1027.5000,  1.00000000,1,0,0.050000000000000003,0.5
1027.5333,  1.00000000,1,0,0.025000000000000001,0.5
1027.5667,  1.00000000,1,0,0.0,0.5
1027.6000,  1.00000000,1,0,0.0,0.5
1027.6333,  1.00000000,1,0,0.0,0.5
1027.6667,  1.00000000,1,0,0.025000000000000001,0.5
1027.7000,  1.00000000,1,0,0.050000000000000003,0.5
1027.7333,  1.00000000,1,0,0.025000000000000001,0.5
1027.7667,  1.00000000,1,0,0.0,0.5
1027.8000,  1.00000000,1,0,0.025000000000000001,0.5
1027.8333,  1.00000000,1,0,0.0,0.5
1027.8667,  1.00000000,1,0,0.025000000000000001,0.5
1027.9000,  1.00000000,1,0,0.0,0.5
1027.9333,  1.00000000,1,0,0.0,0.5
1027.9667,  1.00000000,1,0,0.0,0.5
1028.0000,  1.00000000,1,0,0.050000000000000003,0.5
1028.0333,  1.00000000,1,0,0.050000000000000003,0.5
1028.0667,  1.00000000,1,0,0.0,0.5
1028.1000,  1.00000000,1,0,0.0,0.5
1028.1333,  1.00000000,1,0,0.025000000000000001,0.5
1028.1667,  1.00000000,1,0,0.0,0.5
1028.2000,  1.00000000,1,0,0.0,0.5
1028.2333,  1.00000000,1,0,0.0,0.5
1028.2667,  1.00000000,1,0,0.025000000000000001,0.5
1028.3000,  1.00000000,1,0,0.050000000000000003,0.5
1028.3333,  1.00000000,1,0,0.025000000000000001,0.5
1028.3667,  1.00000000,1,0,0.025000000000000001,0.5
1028.4000,  1.00000000,1,0,0.0,0.5
1028.4333,  1.00000000,1,0,0.0,0.5
1028.4667,  1.00000000,1,0,0.0,0.5
1028.5000,  1.00000000,1,0,0.0,0.5
1028.5333,  1.00000000,1,0,0.025000000000000001,0.5
1028.5667,  1.00000000,1,0,0.0,0.5
1028.6000,  1.00000000,1,0,0.0,0.5
1028.6333,  1.00000000,1,0,0.0,0.5
1028.6667,  1.00000000,1,0,0.025000000000000001,0.5
1028.7000,  1.00000000,1,0,0.0,0.5
1028.7333,  1.00000000,1,0,0.0,0.5
1028.7667,  1.00000000,1,0,0.0,0.5
1028.8000,  1.00000000,1,0,0.0,0.5
1028.8333,  1.00000000,1,0,0.0,0.5
1028.8667,  1.00000000,1,0,0.0,0.5
1028.9000,  1.00000000,1,0,0.0,0.5
1028.9333,  1.00000000,1,0,0.025000000000000001,0.5
1028.9667,  1.00000000,1,0,0.0,0.5
1029.0000,  1.00000000,1,0,0.0,0.5
1029.0333,  1.00000000,1,0,0.025000000000000001,0.5
1029.0667,  1.00000000,1,0,0.0,0.5
1029.1000,  1.00000000,1,0,0.025000000000000001,0.5
1029.1333,  1.00000000,1,0,0.0,0.5
1029.1667,  1.00000000,1,0,0.0,0.5
1029.2000,  1.00000000,1,0,0.0,0.5
1029.2333,  1.00000000,1,0,0.025000000000000001,0.5
1029.2667,  1.00000000,1,0,0.0,0.5
1029.3000,  1.00000000,1,0,0.0,0.5
1029.3333,  1.00000000,1,0,0.0,0.5
1029.3667,  1.00000000,1,0,0.0,0.5
1029.4000,  1.00000000,1,0,0.0,0.5
1029.4333,  1.00000000,1,0,0.0,0.5
1029.4667,  1.00000000,1,0,0.074999999999999997,0.5
1029.5000,  1.00000000,1,0,0.025000000000000001,0.5
1029.5333,  1.00000000,1,0,0.0,0.5
1029.5667,  1.00000000,1,0,0.0,0.5
1029.6000,  1.00000000,1,0,0.0,0.5
1029.6333,  1.00000000,1,0,0.050000000000000003,0.5
1029.6667,  1.00000000,1,0,0.025000000000000001,0.5
1029.7000,  1.00000000,1,0,0.025000000000000001,0.5
1029.7333,  1.00000000,1,0,0.050000000000000003,0.5
1029.7667,  1.00000000,1,0,0.025000000000000001,0.5
1029.8000,  1.00000000,1,0,0.025000000000000001,0.5
1029.8333,  1.00000000,1,0,0.0,0.5
1029.8667,  1.00000000,1,0,0.025000000000000001,0.5
1029.9000,  1.00000000,1,0,0.025000000000000001,0.5
1029.9333,  1.00000000,1,0,0.0,0.5
1029.9667,  1.00000000,1,0,0.025000000000000001,0.5
1030.0000,  1.00000000,1,0,0.0,0.5
1030.0333,  1.00000000,1,0,0.0,0.5
1030.0667,  1.00000000,1,0,0.025000000000000001,0.5
1030.1000,  1.00000000,1,0,0.0,0.5
1030.1333,  1.00000000,1,0,0.025000000000000001,0.5
1030.1667,  1.00000000,1,0,0.025000000000000001,0.5
1030.2000,  1.00000000,1,0,0.025000000000000001,0.5
1030.2333,  1.00000000,1,0,0.025000000000000001,0.5
1030.2667,  1.00000000,1,0,0.0,0.5
1030.3000,  1.00000000,1,0,0.0,0.5
1030.3333,  1.00000000,1,0,0.025000000000000001,0.5
1030.3667,  1.00000000,1,0,0.025000000000000001,0.5
1030.4000,  1.00000000,1,0,0.025000000000000001,0.5
1030.4333,  1.00000000,1,0,0.050000000000000003,0.5
1030.4667,  1.00000000,1,0,0.025000000000000001,0.5
1030.5000,  1.00000000,1,0,0.025000000000000001,0.5
1030.5333,  1.00000000,1,0,0.025000000000000001,0.5
1030.5667,  1.00000000,1,0,0.025000000000000001,0.5
1030.6000,  1.00000000,1,0,0.025000000000000001,0.5
1030.6333,  1.00000000,1,0,0.025000000000000001,0.5
1030.6667,  1.00000000,1,0,0.025000000000000001,0.5
1030.7000,  1.00000000,1,0,0.0,0.5
1030.7333,  1.00000000,1,0,0.0,0.5
1030.7667,  1.00000000,1,0,0.050000000000000003,0.5
1030.8000,  1.00000000,1,0,0.0,0.5
1030.8333,  1.00000000,1,0,0.025000000000000001,0.5
1030.8667,  1.00000000,1,0,0.0,0.5
1030.9000,  1.00000000,1,0,0.0,0.5
1030.9333,  1.00000000,1,0,0.025000000000000001,0.5
1030.9667,  1.00000000,1,0,0.0,0.5
1031.0000,  1.00000000,1,0,0.0,0.5
1031.0333,  1.00000000,1,0,0.050000000000000003,0.5
1031.0667,  1.00000000,1,0,0.0,0.5
1031.1000,  1.00000000,1,0,0.025000000000000001,0.5
1031.1333,  1.00000000,1,0,0.025000000000000001,0.5
1031.1667,  1.00000000,1,0,0.0,0.5
1031.2000,  1.00000000,1,0,0.0,0.5
1031.2333,  1.00000000,1,0,0.0,0.5
1031.2667,  1.00000000,1,0,0.025000000000000001,0.5
1031.3000,  1.00000000,1,0,0.050000000000000003,0.5
1031.3333,  1.00000000,1,0,0.025000000000000001,0.5
1031.3667,  1.00000000,1,0,0.025000000000000001,0.5
1031.4000,  1.00000000,1,0,0.025000000000000001,0.5
1031.4333,  1.00000000,1,0,0.0,0.5
1031.4667,  1.00000000,1,0,0.025000000000000001,0.5
1031.5000,  1.00000000,1,0,0.050000000000000003,0.5
1031.5333,  1.00000000,1,0,0.0,0.5
1031.5667,  1.00000000,1,0,0.025000000000000001,0.5
1031.6000,  1.00000000,1,0,0.025000000000000001,0.5
1031.6333,  1.00000000,1,0,0.0,0.5
1031.6667,  1.00000000,1,0,0.050000000000000003,0.5
1031.7000,  1.00000000,1,0,0.050000000000000003,0.5
1031.7333,  1.00000000,1,0,0.050000000000000003,0.5
1031.7667,  1.00000000,1,0,0.025000000000000001,0.5
1031.8000,  1.00000000,1,0,0.0,0.5
1031.8333,  1.00000000,1,0,0.025000000000000001,0.5
1031.8667,  1.00000000,1,0,0.025000000000000001,0.5
1031.9000,  1.00000000,1,0,0.025000000000000001,0.5
1031.9333,  1.00000000,1,0,0.050000000000000003,0.5
1031.9667,  1.00000000,1,0,0.0,0.5
1032.0000,  1.00000000,1,0,0.025000000000000001,0.5
1032.0333,  1.00000000,1,0,0.0,0.5
1032.0667,  1.00000000,1,0,0.0,0.5
1032.1000,  1.00000000,1,0,0.025000000000000001,0.5
1032.1333,  1.00000000,1,0,0.0,0.5
1032.1667,  1.00000000,1,0,0.0,0.5
1032.2000,  1.00000000,1,0,0.050000000000000003,0.5
1032.2333,  1.00000000,1,0,0.0,0.5
1032.2667,  1.00000000,1,0,0.025000000000000001,0.5
1032.3000,  1.00000000,1,0,0.0,0.5
1032.3333,  1.00000000,1,0,0.025000000000000001,0.5
1032.3667,  1.00000000,1,0,0.025000000000000001,0.5
1032.4000,  1.00000000,1,0,0.025000000000000001,0.5
1032.4333,  1.00000000,1,0,0.0,0.5
1032.4667,  1.00000000,1,0,0.025000000000000001,0.5
1032.5000,  1.00000000,1,0,0.050000000000000003,0.5
1032.5333,  1.00000000,1,0,0.025000000000000001,0.5
1032.5667,  1.00000000,1,0,0.0,0.5
1032.6000,  1.00000000,1,0,0.0,0.5
1032.6333,  1.00000000,1,0,0.050000000000000003,0.5
1032.6667,  1.00000000,1,0,0.025000000000000001,0.5
1032.7000,  1.00000000,1,0,0.0,0.5
1032.7333,  1.00000000,1,0,0.0,0.5
1032.7667,  1.00000000,1,0,0.025000000000000001,0.5
1032.8000,  1.00000000,1,0,0.0,0.5
1032.8333,  1.00000000,1,0,0.0,0.5
1032.8667,  1.00000000,1,0,0.025000000000000001,0.5
1032.9000,  1.00000000,1,0,0.025000000000000001,0.5
1032.9333,  1.00000000,1,0,0.025000000000000001,0.5
1032.9667,  1.00000000,1,0,0.025000000000000001,0.5
1033.0000,  1.00000000,1,0,0.0,0.5
1033.0333,  1.00000000,1,0,0.025000000000000001,0.5
1033.0667,  1.00000000,1,0,0.050000000000000003,0.5
1033.1000,  1.00000000,1,0,0.050000000000000003,0.5
1033.1333,  1.00000000,1,0,0.0,0.5
1033.1667,  1.00000000,1,0,0.025000000000000001,0.5
1033.2000,  1.00000000,1,0,0.025000000000000001,0.5
1033.2333,  1.00000000,1,0,0.0,0.5
1033.2667,  1.00000000,1,0,0.025000000000000001,0.5
1033.3000,  1.00000000,1,0,0.0,0.5
1033.3333,  1.00000000,1,0,0.0,0.5
1033.3667,  1.00000000,1,0,0.0,0.5
1033.4000,  1.00000000,1,0,0.0,0.5
1033.4333,  1.00000000,1,0,0.025000000000000001,0.5
1033.4667,  1.00000000,1,0,0.0,0.5
1033.5000,  1.00000000,1,0,0.025000000000000001,0.5
1033.5333,  1.00000000,1,0,0.025000000000000001,0.5
1033.5667,  1.00000000,1,0,0.0,0.5
1033.6000,  1.00000000,1,0,0.025000000000000001,0.5
1033.6333,  1.00000000,1,0,0.0,0.5
1033.6667,  1.00000000,1,0,0.0,0.5
1033.7000,  1.00000000,1,0,0.0,0.5
1033.7333,  1.00000000,1,0,0.0,0.5
1033.7667,  1.00000000,1,0,0.0,0.5
1033.8000,  1.00000000,1,0,0.0,0.5
1033.8333,  1.00000000,1,0,0.0,0.5
1033.8667,  1.00000000,1,0,0.0,0.5
1033.9000,  1.00000000,1,0,0.025000000000000001,0.5
1033.9333,  1.00000000,1,0,0.0,0.5
1033.9667,  1.00000000,1,0,0.0,0.5
1034.0000,  1.00000000,1,0,0.0,0.5
1034.0333,  1.00000000,1,0,0.0,0.5
1034.0667,  1.00000000,1,0,0.025000000000000001,0.5
1034.1000,  1.00000000,1,0,0.0,0.5
1034.1333,  1.00000000,1,0,0.0,0.5
1034.1667,  1.00000000,1,0,0.025000000000000001,0.5
1034.2000,  1.00000000,1,0,0.050000000000000003,0.5
1034.2333,  1.00000000,1,0,0.025000000000000001,0.5
1034.2667,  1.00000000,1,0,0.050000000000000003,0.5
1034.3000,  1.00000000,1,0,0.0,0.5
1034.3333,  1.00000000,1,0,0.050000000000000003,0.5
1034.3667,  1.00000000,1,0,0.025000000000000001,0.5
1034.4000,  1.00000000,1,0,0.0,0.5
1034.4333,  1.00000000,1,0,0.0,0.5
1034.4667,  1.00000000,1,0,0.0,0.5
1034.5000,  1.00000000,1,0,0.025000000000000001,0.5
1034.5333,  1.00000000,1,0,0.0,0.5
1034.5667,  1.00000000,1,0,0.0,0.5
1034.6000,  1.00000000,1,0,0.025000000000000001,0.5
1034.6333,  1.00000000,1,0,0.0,0.5
1034.6667,  1.00000000,1,0,0.050000000000000003,0.5
1034.7000,  1.00000000,1,0,0.0,0.5
1034.7333,  1.00000000,1,0,0.050000000000000003,0.5
1034.7667,  1.00000000,1,0,0.0,0.5
1034.8000,  1.00000000,1,0,0.025000000000000001,0.5
1034.8333,  1.00000000,1,0,0.025000000000000001,0.5
1034.8667,  1.00000000,1,0,0.0,0.5
1034.9000,  1.00000000,1,0,0.050000000000000003,0.5
1034.9333,  1.00000000,1,0,0.050000000000000003,0.5
1034.9667,  1.00000000,1,0,0.074999999999999997,0.5
1035.0000,  1.00000000,1,0,0.025000000000000001,0.5
1035.0333,  1.00000000,1,0,0.0,0.5
1035.0667,  1.00000000,1,0,0.025000000000000001,0.5
1035.1000,  1.00000000,1,0,0.074999999999999997,0.5
1035.1333,  1.00000000,1,0,0.025000000000000001,0.5
1035.1667,  1.00000000,1,0,0.0,0.5
1035.2000,  1.00000000,1,0,0.0,0.5
1035.2333,  1.00000000,1,0,0.050000000000000003,0.5
1035.2667,  1.00000000,1,0,0.050000000000000003,0.5
1035.3000,  1.00000000,1,0,0.0,0.5
1035.3333,  1.00000000,1,0,0.0,0.5
1035.3667,  1.00000000,1,0,0.0,0.5
1035.4000,  1.00000000,1,0,0.025000000000000001,0.5
1035.4333,  1.00000000,1,0,0.0,0.5
1035.4667,  1.00000000,1,0,0.0,0.5
1035.5000,  1.00000000,1,0,0.0,0.5
1035.5333,  1.00000000,1,0,0.025000000000000001,0.5
1035.5667,  1.00000000,1,0,0.050000000000000003,0.5
1035.6000,  1.00000000,1,0,0.0,0.5
1035.6333,  1.00000000,1,0,0.0,0.5
1035.6667,  1.00000000,1,0,0.0,0.5
1035.7000,  1.00000000,1,0,0.025000000000000001,0.5
1035.7333,  1.00000000,1,0,0.025000000000000001,0.5
1035.7667,  1.00000000,1,0,0.0,0.5
1035.8000,  1.00000000,1,0,0.025000000000000001,0.5
1035.8333,  1.00000000,1,0,0.074999999999999997,0.5
1035.8667,  1.00000000,1,0,0.074999999999999997,0.5
1035.9000,  1.00000000,1,0,0.025000000000000001,0.5
1035.9333,  1.00000000,1,0,0.025000000000000001,0.5
1035.9667,  1.00000000,1,0,0.0,0.5
1036.0000,  1.00000000,1,0,0.0,0.5
1036.0333,  1.00000000,1,0,0.0,0.5
1036.0667,  1.00000000,1,0,0.0,0.5
1036.1000,  1.00000000,1,0,0.0,0.5
1036.1333,  1.00000000,1,0,0.0,0.5
1036.1667,  1.00000000,1,0,0.025000000000000001,0.5
1036.2000,  1.00000000,1,0,0.025000000000000001,0.5
1036.2333,  1.00000000,1,0,0.025000000000000001,0.5
1036.2667,  1.00000000,1,0,0.0,0.5
1036.3000,  1.00000000,1,0,0.0,0.5
1036.3333,  1.00000000,1,0,0.025000000000000001,0.5
1036.3667,  1.00000000,1,0,0.025000000000000001,0.5
1036.4000,  1.00000000,1,0,0.0,0.5
1036.4333,  1.00000000,1,0,0.0,0.5
1036.4667,  1.00000000,1,0,0.0,0.5
1036.5000,  1.00000000,1,0,0.025000000000000001,0.5
1036.5333,  1.00000000,1,0,0.0,0.5
1036.5667,  1.00000000,1,0,0.025000000000000001,0.5
1036.6000,  1.00000000,1,0,0.0,0.5
1036.6333,  1.00000000,1,0,0.0,0.5
1036.6667,  1.00000000,1,0,0.050000000000000003,0.5
1036.7000,  1.00000000,1,0,0.0,0.5
1036.7333,  1.00000000,1,0,0.0,0.5
1036.7667,  1.00000000,1,0,0.0,0.5
1036.8000,  1.00000000,1,0,0.0,0.5
1036.8333,  1.00000000,1,0,0.0,0.5
1036.8667,  1.00000000,1,0,0.050000000000000003,0.5
1036.9000,  1.00000000,1,0,0.0,0.5
1036.9333,  1.00000000,1,0,0.0,0.5
1036.9667,  1.00000000,1,0,0.0,0.5
1037.0000,  1.00000000,1,0,0.0,0.5
1037.0333,  1.00000000,1,0,0.0,0.5
1037.0667,  1.00000000,1,0,0.025000000000000001,0.5
1037.1000,  1.00000000,1,0,0.0,0.5
1037.1333,  1.00000000,1,0,0.025000000000000001,0.5
1037.1667,  1.00000000,1,0,0.0,0.5
1037.2000,  1.00000000,1,0,0.074999999999999997,0.5
1037.2333,  1.00000000,1,0,0.025000000000000001,0.5
1037.2667,  1.00000000,1,0,0.0,0.5
1037.3000,  1.00000000,1,0,0.025000000000000001,0.5
1037.3333,  1.00000000,1,0,0.0,0.5
1037.3667,  1.00000000,1,0,0.025000000000000001,0.5
1037.4000,  1.00000000,1,0,0.025000000000000001,0.5
1037.4333,  1.00000000,1,0,0.025000000000000001,0.5
1037.4667,  1.00000000,1,0,0.025000000000000001,0.5
1037.5000,  1.00000000,1,0,0.0,0.5
1037.5333,  1.00000000,1,0,0.050000000000000003,0.5
1037.5667,  1.00000000,1,0,0.0,0.5
1037.6000,  1.00000000,1,0,0.0,0.5
1037.6333,  1.00000000,1,0,0.0,0.5
1037.6667,  1.00000000,1,0,0.0,0.5
1037.7000,  1.00000000,1,0,0.0,0.5
1037.7333,  1.00000000,1,0,0.0,0.5
1037.7667,  1.00000000,1,0,0.0,0.5
1037.8000,  1.00000000,1,0,0.0,0.5
1037.8333,  1.00000000,1,0,0.025000000000000001,0.5
1037.8667,  1.00000000,1,0,0.0,0.5
1037.9000,  1.00000000,1,0,0.0,0.5
1037.9333,  1.00000000,1,0,0.0,0.5
1037.9667,  1.00000000,1,0,0.0,0.5
1038.0000,  1.00000000,1,0,0.050000000000000003,0.5
1038.0333,  1.00000000,1,0,0.0,0.5
1038.0667,  1.00000000,1,0,0.0,0.5
1038.1000,  1.00000000,1,0,0.0,0.5
1038.1333,  1.00000000,1,0,0.0,0.5
1038.1667,  1.00000000,1,0,0.0,0.5
1038.2000,  1.00000000,1,0,0.025000000000000001,0.5
1038.2333,  1.00000000,1,0,0.025000000000000001,0.5
1038.2667,  1.00000000,1,0,0.025000000000000001,0.5
1038.3000,  1.00000000,1,0,0.0,0.5
1038.3333,  1.00000000,1,0,0.0,0.5
1038.3667,  1.00000000,1,0,0.0,0.5
1038.4000,  1.00000000,1,0,0.025000000000000001,0.5
1038.4333,  1.00000000,1,0,0.0,0.5
1038.4667,  1.00000000,1,0,0.025000000000000001,0.5
1038.5000,  1.00000000,1,0,0.0,0.5
1038.5333,  1.00000000,1,0,0.025000000000000001,0.5
1038.5667,  1.00000000,1,0,0.025000000000000001,0.5
1038.6000,  1.00000000,1,0,0.050000000000000003,0.5
1038.6333,  1.00000000,1,0,0.0,0.5
1038.6667,  1.00000000,1,0,0.0,0.5
1038.7000,  1.00000000,1,0,0.0,0.5
1038.7333,  1.00000000,1,0,0.0,0.5
1038.7667,  1.00000000,1,0,0.025000000000000001,0.5
1038.8000,  1.00000000,1,0,0.025000000000000001,0.5
1038.8333,  1.00000000,1,0,0.0,0.5
1038.8667,  1.00000000,1,0,0.025000000000000001,0.5
1038.9000,  1.00000000,1,0,0.025000000000000001,0.5
1038.9333,  1.00000000,1,0,0.0,0.5
1038.9667,  1.00000000,1,0,0.0,0.5
1039.0000,  1.00000000,1,0,0.050000000000000003,0.5
1039.0333,  1.00000000,1,0,0.0,0.5
1039.0667,  1.00000000,1,0,0.050000000000000003,0.5
1039.1000,  1.00000000,1,0,0.025000000000000001,0.5
1039.1333,  1.00000000,1,0,0.025000000000000001,0.5
1039.1667,  1.00000000,1,0,0.0,0.5
1039.2000,  1.00000000,1,0,0.025000000000000001,0.5
1039.2333,  1.00000000,1,0,0.025000000000000001,0.5
1039.2667,  1.00000000,1,0,0.0,0.5
1039.3000,  1.00000000,1,0,0.025000000000000001,0.5
1039.3333,  1.00000000,1,0,0.025000000000000001,0.5
1039.3667,  1.00000000,1,0,0.025000000000000001,0.5
1039.4000,  1.00000000,1,0,0.025000000000000001,0.5
1039.4333,  1.00000000,1,0,0.0,0.5
1039.4667,  1.00000000,1,0,0.050000000000000003,0.5
1039.5000,  1.00000000,1,0,0.0,0.5
1039.5333,  1.00000000,1,0,0.0,0.5
1039.5667,  1.00000000,1,0,0.050000000000000003,0.5
1039.6000,  1.00000000,1,0,0.025000000000000001,0.5
1039.6333,  1.00000000,1,0,0.025000000000000001,0.5
1039.6667,  1.00000000,1,0,0.0,0.5
1039.7000,  1.00000000,1,0,0.0,0.5
1039.7333,  1.00000000,1,0,0.0,0.5
1039.7667,  1.00000000,1,0,0.0,0.5
1039.8000,  1.00000000,1,0,0.025000000000000001,0.5
1039.8333,  1.00000000,1,0,0.050000000000000003,0.5
1039.8667,  1.00000000,1,0,0.0,0.5
1039.9000,  1.00000000,1,0,0.0,0.5
1039.9333,  1.00000000,1,0,0.025000000000000001,0.5
1039.9667,  1.00000000,1,0,0.0,0.5
1040.0000,  1.00000000,1,0,0.025000000000000001,0.5
1040.0333,  1.00000000,1,0,0.025000000000000001,0.5
1040.0667,  1.00000000,1,0,0.0,0.5
1040.1000,  1.00000000,1,0,0.050000000000000003,0.5
1040.1333,  1.00000000,1,0,0.0,0.5
1040.1667,  1.00000000,1,0,0.0,0.5
1040.2000,  1.00000000,1,0,0.0,0.5
1040.2333,  1.00000000,1,0,0.0,0.5
1040.2667,  1.00000000,1,0,0.0,0.5
1040.3000,  1.00000000,1,0,0.0,0.5
1040.3333,  1.00000000,1,0,0.0,0.5
1040.3667,  1.00000000,1,0,0.025000000000000001,0.5
1040.4000,  1.00000000,1,0,0.025000000000000001,0.5
1040.4333,  1.00000000,1,0,0.0,0.5
1040.4667,  1.00000000,1,0,0.025000000000000001,0.5
1040.5000,  1.00000000,1,0,0.025000000000000001,0.5
1040.5333,  1.00000000,1,0,0.025000000000000001,0.5
1040.5667,  1.00000000,1,0,0.050000000000000003,0.5
1040.6000,  1.00000000,1,0,0.0,0.5
1040.6333,  1.00000000,1,0,0.0,0.5
1040.6667,  1.00000000,1,0,0.025000000000000001,0.5
1040.7000,  1.00000000,1,0,0.0,0.5
1040.7333,  1.00000000,1,0,0.0,0.5
1040.7667,  1.00000000,1,0,0.025000000000000001,0.5
1040.8000,  1.00000000,1,0,0.0,0.5
1040.8333,  1.00000000,1,0,0.025000000000000001,0.5
1040.8667,  1.00000000,1,0,0.0,0.5
1040.9000,  1.00000000,1,0,0.025000000000000001,0.5
1040.9333,  1.00000000,1,0,0.025000000000000001,0.5
1040.9667,  1.00000000,1,0,0.025000000000000001,0.5
1041.0000,  1.00000000,1,0,0.025000000000000001,0.5
1041.0333,  1.00000000,1,0,0.0,0.5
1041.0667,  1.00000000,1,0,0.0,0.5
1041.1000,  1.00000000,1,0,0.0,0.5
1041.1333,  1.00000000,1,0,0.0,0.5
1041.1667,  1.00000000,1,0,0.0,0.5
1041.2000,  1.00000000,1,0,0.0,0.5
1041.2333,  1.00000000,1,0,0.025000000000000001,0.5
1041.2667,  1.00000000,1,0,0.0,0.5
1041.3000,  1.00000000,1,0,0.025000000000000001,0.5
1041.3333,  1.00000000,1,0,0.050000000000000003,0.5
1041.3667,  1.00000000,1,0,0.025000000000000001,0.5
1041.4000,  1.00000000,1,0,0.0,0.5
1041.4333,  1.00000000,1,0,0.025000000000000001,0.5
1041.4667,  1.00000000,1,0,0.025000000000000001,0.5
1041.5000,  1.00000000,1,0,0.0,0.5
1041.5333,  1.00000000,1,0,0.050000000000000003,0.5
1041.5667,  1.00000000,1,0,0.025000000000000001,0.5
1041.6000,  1.00000000,1,0,0.0,0.5
1041.6333,  1.00000000,1,0,0.0,0.5
1041.6667,  1.00000000,1,0,0.0,0.5
1041.7000,  1.00000000,1,0,0.0,0.5
1041.7333,  1.00000000,1,0,0.0,0.5
1041.7667,  1.00000000,1,0,0.0,0.5
1041.8000,  1.00000000,1,0,0.0,0.5
1041.8333,  1.00000000,1,0,0.025000000000000001,0.5
1041.8667,  1.00000000,1,0,0.050000000000000003,0.5
1041.9000,  1.00000000,1,0,0.025000000000000001,0.5
1041.9333,  1.00000000,1,0,0.050000000000000003,0.5
1041.9667,  1.00000000,1,0,0.0,0.5
1042.0000,  1.00000000,1,0,0.0,0.5
1042.0333,  1.00000000,1,0,0.025000000000000001,0.5
1042.0667,  1.00000000,1,0,0.025000000000000001,0.5
1042.1000,  1.00000000,1,0,0.025000000000000001,0.5
1042.1333,  1.00000000,1,0,0.050000000000000003,0.5
1042.1667,  1.00000000,1,0,0.050000000000000003,0.5
1042.2000,  1.00000000,1,0,0.050000000000000003,0.5
1042.2333,  1.00000000,1,0,0.025000000000000001,0.5
1042.2667,  1.00000000,1,0,0.025000000000000001,0.5
1042.3000,  1.00000000,1,0,0.025000000000000001,0.5
1042.3333,  1.00000000,1,0,0.025000000000000001,0.5
1042.3667,  1.00000000,1,0,0.0,0.5
1042.4000,  1.00000000,1,0,0.050000000000000003,0.5
1042.4333,  1.00000000,1,0,0.025000000000000001,0.5
1042.4667,  1.00000000,1,0,0.0,0.5
1042.5000,  1.00000000,1,0,0.0,0.5
1042.5333,  1.00000000,1,0,0.050000000000000003,0.5
1042.5667,  1.00000000,1,0,0.0,0.5
1042.6000,  1.00000000,1,0,0.025000000000000001,0.5
1042.6333,  1.00000000,1,0,0.025000000000000001,0.5
1042.6667,  1.00000000,1,0,0.025000000000000001,0.5
1042.7000,  1.00000000,1,0,0.025000000000000001,0.5
1042.7333,  1.00000000,1,0,0.0,0.5
1042.7667,  1.00000000,1,0,0.050000000000000003,0.5
1042.8000,  1.00000000,1,0,0.0,0.5
1042.8333,  1.00000000,1,0,0.025000000000000001,0.5
1042.8667,  1.00000000,1,0,0.025000000000000001,0.5
1042.9000,  1.00000000,1,0,0.025000000000000001,0.5
1042.9333,  1.00000000,1,0,0.025000000000000001,0.5
1042.9667,  1.00000000,1,0,0.0,0.5
1043.0000,  1.00000000,1,0,0.025000000000000001,0.5
1043.0333,  1.00000000,1,0,0.0,0.5
1043.0667,  1.00000000,1,0,0.0,0.5
1043.1000,  1.00000000,1,0,0.025000000000000001,0.5
1043.1333,  1.00000000,1,0,0.0,0.5
1043.1667,  1.00000000,1,0,0.025000000000000001,0.5
1043.2000,  1.00000000,1,0,0.0,0.5
1043.2333,  1.00000000,1,0,0.0,0.5
1043.2667,  1.00000000,1,0,0.025000000000000001,0.5
1043.3000,  1.00000000,1,0,0.0,0.5
1043.3333,  1.00000000,1,0,0.0,0.5
1043.3667,  1.00000000,1,0,0.0,0.5
1043.4000,  1.00000000,1,0,0.025000000000000001,0.5
1043.4333,  1.00000000,1,0,0.025000000000000001,0.5
1043.4667,  1.00000000,1,0,0.050000000000000003,0.5
1043.5000,  1.00000000,1,0,0.050000000000000003,0.5
1043.5333,  1.00000000,1,0,0.0,0.5
1043.5667,  1.00000000,1,0,0.025000000000000001,0.5
1043.6000,  1.00000000,1,0,0.0,0.5
1043.6333,  1.00000000,1,0,0.025000000000000001,0.5
1043.6667,  1.00000000,1,0,0.025000000000000001,0.5
1043.7000,  1.00000000,1,0,0.0,0.5
1043.7333,  1.00000000,1,0,0.025000000000000001,0.5
1043.7667,  1.00000000,1,0,0.0,0.5
1043.8000,  1.00000000,1,0,0.0,0.5
1043.8333,  1.00000000,1,0,0.0,0.5
1043.8667,  1.00000000,1,0,0.0,0.5
1043.9000,  1.00000000,1,0,0.0,0.5
1043.9333,  1.00000000,1,0,0.025000000000000001,0.5
1043.9667,  1.00000000,1,0,0.025000000000000001,0.5
1044.0000,  1.00000000,1,0,0.025000000000000001,0.5
1044.0333,  1.00000000,1,0,0.0,0.5
1044.0667,  1.00000000,1,0,0.0,0.5
1044.1000,  1.00000000,1,0,0.025000000000000001,0.5
1044.1333,  1.00000000,1,0,0.0,0.5
1044.1667,  1.00000000,1,0,0.050000000000000003,0.5
1044.2000,  1.00000000,1,0,0.025000000000000001,0.5
1044.2333,  1.00000000,1,0,0.050000000000000003,0.5
1044.2667,  1.00000000,1,0,0.025000000000000001,0.5
1044.3000,  1.00000000,1,0,0.0,0.5
1044.3333,  1.00000000,1,0,0.0,0.5
1044.3667,  1.00000000,1,0,0.0,0.5
1044.4000,  1.00000000,1,0,0.0,0.5
1044.4333,  1.00000000,1,0,0.050000000000000003,0.5
1044.4667,  1.00000000,1,0,0.025000000000000001,0.5
1044.5000,  1.00000000,1,0,0.0,0.5
1044.5333,  1.00000000,1,0,0.0,0.5
1044.5667,  1.00000000,1,0,0.0,0.5
1044.6000,  1.00000000,1,0,0.050000000000000003,0.5
1044.6333,  1.00000000,1,0,0.025000000000000001,0.5
1044.6667,  1.00000000,1,0,0.050000000000000003,0.5
1044.7000,  1.00000000,1,0,0.025000000000000001,0.5
1044.7333,  1.00000000,1,0,0.0,0.5
1044.7667,  1.00000000,1,0,0.025000000000000001,0.5
1044.8000,  1.00000000,1,0,0.025000000000000001,0.5
1044.8333,  1.00000000,1,0,0.0,0.5
1044.8667,  1.00000000,1,0,0.0,0.5
1044.9000,  1.00000000,1,0,0.0,0.5
1044.9333,  1.00000000,1,0,0.0,0.5
1044.9667,  1.00000000,1,0,0.0,0.5
1045.0000,  1.00000000,1,0,0.025000000000000001,0.5
1045.0333,  1.00000000,1,0,0.0,0.5
1045.0667,  1.00000000,1,0,0.050000000000000003,0.5
1045.1000,  1.00000000,1,0,0.025000000000000001,0.5
1045.1333,  1.00000000,1,0,0.0,0.5
1045.1667,  1.00000000,1,0,0.0,0.5
1045.2000,  1.00000000,1,0,0.050000000000000003,0.5
1045.2333,  1.00000000,1,0,0.050000000000000003,0.5
1045.2667,  1.00000000,1,0,0.025000000000000001,0.5
1045.3000,  1.00000000,1,0,0.0,0.5
1045.3333,  1.00000000,1,0,0.025000000000000001,0.5
1045.3667,  1.00000000,1,0,0.025000000000000001,0.5
1045.4000,  1.00000000,1,0,0.050000000000000003,0.5
1045.4333,  1.00000000,1,0,0.0,0.5
1045.4667,  1.00000000,1,0,0.0,0.5
1045.5000,  1.00000000,1,0,0.0,0.5
1045.5333,  1.00000000,1,0,0.0,0.5
1045.5667,  1.00000000,1,0,0.025000000000000001,0.5
1045.6000,  1.00000000,1,0,0.025000000000000001,0.5
1045.6333,  1.00000000,1,0,0.025000000000000001,0.5
1045.6667,  1.00000000,1,0,0.025000000000000001,0.5
1045.7000,  1.00000000,1,0,0.050000000000000003,0.5
1045.7333,  1.00000000,1,0,0.0,0.5
1045.7667,  1.00000000,1,0,0.025000000000000001,0.5
1045.8000,  1.00000000,1,0,0.050000000000000003,0.5
1045.8333,  1.00000000,1,0,0.025000000000000001,0.5
1045.8667,  1.00000000,1,0,0.025000000000000001,0.5
1045.9000,  1.00000000,1,0,0.050000000000000003,0.5
1045.9333,  1.00000000,1,0,0.025000000000000001,0.5
1045.9667,  1.00000000,1,0,0.0,0.5
1046.0000,  1.00000000,1,0,0.0,0.5
1046.0333,  1.00000000,1,0,0.0,0.5
1046.0667,  1.00000000,1,0,0.0,0.5
1046.1000,  1.00000000,1,0,0.0,0.5
1046.1333,  1.00000000,1,0,0.0,0.5
1046.1667,  1.00000000,1,0,0.025000000000000001,0.5
1046.2000,  1.00000000,1,0,0.0,0.5
1046.2333,  1.00000000,1,0,0.0,0.5
1046.2667,  1.00000000,1,0,0.0,0.5
1046.3000,  1.00000000,1,0,0.050000000000000003,0.5
1046.3333,  1.00000000,1,0,0.025000000000000001,0.5
1046.3667,  1.00000000,1,0,0.050000000000000003,0.5
1046.4000,  1.00000000,1,0,0.025000000000000001,0.5
1046.4333,  1.00000000,1,0,0.025000000000000001,0.5
1046.4667,  1.00000000,1,0,0.025000000000000001,0.5
1046.5000,  1.00000000,1,0,0.0,0.5
1046.5333,  1.00000000,1,0,0.050000000000000003,0.5
1046.5667,  1.00000000,1,0,0.025000000000000001,0.5
1046.6000,  1.00000000,1,0,0.0,0.5
1046.6333,  1.00000000,1,0,0.050000000000000003,0.5
1046.6667,  1.00000000,1,0,0.025000000000000001,0.5
1046.7000,  1.00000000,1,0,0.025000000000000001,0.5
1046.7333,  1.00000000,1,0,0.025000000000000001,0.5
1046.7667,  1.00000000,1,0,0.025000000000000001,0.5
1046.8000,  1.00000000,1,0,0.025000000000000001,0.5
1046.8333,  1.00000000,1,0,0.025000000000000001,0.5
1046.8667,  1.00000000,1,0,0.074999999999999997,0.5
1046.9000,  1.00000000,1,0,0.050000000000000003,0.5
1046.9333,  1.00000000,1,0,0.025000000000000001,0.5
1046.9667,  1.00000000,1,0,0.025000000000000001,0.5
1047.0000,  1.00000000,1,0,0.050000000000000003,0.5
1047.0333,  1.00000000,1,0,0.0,0.5
1047.0667,  1.00000000,1,0,0.025000000000000001,0.5
1047.1000,  1.00000000,1,0,0.0,0.5
1047.1333,  1.00000000,1,0,0.050000000000000003,0.5
1047.1667,  1.00000000,1,0,0.050000000000000003,0.5
1047.2000,  1.00000000,1,0,0.050000000000000003,0.5
1047.2333,  1.00000000,1,0,0.025000000000000001,0.5
1047.2667,  1.00000000,1,0,0.0,0.5
1047.3000,  1.00000000,1,0,0.0,0.5
1047.3333,  1.00000000,1,0,0.025000000000000001,0.5
1047.3667,  1.00000000,1,0,0.0,0.5
1047.4000,  1.00000000,1,0,0.0,0.5
1047.4333,  1.00000000,1,0,0.025000000000000001,0.5
1047.4667,  1.00000000,1,0,0.0,0.5
1047.5000,  1.00000000,1,0,0.050000000000000003,0.5
1047.5333,  1.00000000,1,0,0.0,0.5
1047.5667,  1.00000000,1,0,0.050000000000000003,0.5
1047.6000,  1.00000000,1,0,0.050000000000000003,0.5
1047.6333,  1.00000000,1,0,0.074999999999999997,0.5
1047.6667,  1.00000000,1,0,0.0,0.5
1047.7000,  1.00000000,1,0,0.0,0.5
1047.7333,  1.00000000,1,0,0.050000000000000003,0.5
1047.7667,  1.00000000,1,0,0.0,0.5
1047.8000,  1.00000000,1,0,0.0,0.5
1047.8333,  1.00000000,1,0,0.025000000000000001,0.5
1047.8667,  1.00000000,1,0,0.025000000000000001,0.5
1047.9000,  1.00000000,1,0,0.0,0.5
1047.9333,  1.00000000,1,0,0.0,0.5
1047.9667,  1.00000000,1,0,0.025000000000000001,0.5
1048.0000,  1.00000000,1,0,0.0,0.5
1048.0333,  1.00000000,1,0,0.025000000000000001,0.5
1048.0667,  1.00000000,1,0,0.0,0.5
1048.1000,  1.00000000,1,0,0.025000000000000001,0.5
1048.1333,  1.00000000,1,0,0.0,0.5
1048.1667,  1.00000000,1,0,0.0,0.5
1048.2000,  1.00000000,1,0,0.0,0.5
1048.2333,  1.00000000,1,0,0.025000000000000001,0.5
1048.2667,  1.00000000,1,0,0.025000000000000001,0.5
1048.3000,  1.00000000,1,0,0.025000000000000001,0.5
1048.3333,  1.00000000,1,0,0.0,0.5
1048.3667,  1.00000000,1,0,0.025000000000000001,0.5
1048.4000,  1.00000000,1,0,0.0,0.5
1048.4333,  1.00000000,1,0,0.025000000000000001,0.5
1048.4667,  1.00000000,1,0,0.0,0.5
1048.5000,  1.00000000,1,0,0.0,0.5
1048.5333,  1.00000000,1,0,0.0,0.5
1048.5667,  1.00000000,1,0,0.0,0.5
1048.6000,  1.00000000,1,0,0.025000000000000001,0.5
1048.6333,  1.00000000,1,0,0.0,0.5
1048.6667,  1.00000000,1,0,0.025000000000000001,0.5
1048.7000,  1.00000000,1,0,0.0,0.5
1048.7333,  1.00000000,1,0,0.025000000000000001,0.5
1048.7667,  1.00000000,1,0,0.0,0.5
1048.8000,  1.00000000,1,0,0.0,0.5
1048.8333,  1.00000000,1,0,0.0,0.5
1048.8667,  1.00000000,1,0,0.0,0.5
1048.9000,  1.00000000,1,0,0.025000000000000001,0.5
1048.9333,  1.00000000,1,0,0.025000000000000001,0.5
1048.9667,  1.00000000,1,0,0.025000000000000001,0.5
1049.0000,  1.00000000,1,0,0.0,0.5
1049.0333,  1.00000000,1,0,0.0,0.5
1049.0667,  1.00000000,1,0,0.050000000000000003,0.5
1049.1000,  1.00000000,1,0,0.0,0.5
1049.1333,  1.00000000,1,0,0.0,0.5
1049.1667,  1.00000000,1,0,0.0,0.5
1049.2000,  1.00000000,1,0,0.0,0.5
1049.2333,  1.00000000,1,0,0.0,0.5
1049.2667,  1.00000000,1,0,0.0,0.5
1049.3000,  1.00000000,1,0,0.0,0.5
1049.3333,  1.00000000,1,0,0.0,0.5
1049.3667,  1.00000000,1,0,0.025000000000000001,0.5
1049.4000,  1.00000000,1,0,0.0,0.5
1049.4333,  1.00000000,1,0,0.0,0.5
1049.4667,  1.00000000,1,0,0.0,0.5
1049.5000,  1.00000000,1,0,0.0,0.5
1049.5333,  1.00000000,1,0,0.025000000000000001,0.5
1049.5667,  1.00000000,1,0,0.0,0.5
1049.6000,  1.00000000,1,0,0.0,0.5
1049.6333,  1.00000000,1,0,0.0,0.5
1049.6667,  1.00000000,1,0,0.0,0.5
1049.7000,  1.00000000,1,0,0.050000000000000003,0.5
1049.7333,  1.00000000,1,0,0.0,0.5
1049.7667,  1.00000000,1,0,0.0,0.5
1049.8000,  1.00000000,1,0,0.0,0.5
1049.8333,  1.00000000,1,0,0.0,0.5
1049.8667,  1.00000000,1,0,0.025000000000000001,0.5
1049.9000,  1.00000000,1,0,0.0,0.5
1049.9333,  1.00000000,1,0,0.025000000000000001,0.5
1049.9667,  1.00000000,1,0,0.0,0.5
1050.0000,  1.00000000,1,0,0.0,0.5
1050.0333,  1.00000000,1,0,0.0,0.5
1050.0667,  1.00000000,1,0,0.0,0.5
1050.1000,  1.00000000,1,0,0.025000000000000001,0.5
1050.1333,  1.00000000,1,0,0.0,0.5
1050.1667,  1.00000000,1,0,0.025000000000000001,0.5
1050.2000,  1.00000000,1,0,0.0,0.5
1050.2333,  1.00000000,1,0,0.0,0.5
1050.2667,  1.00000000,1,0,0.025000000000000001,0.5
1050.3000,  1.00000000,1,0,0.0,0.5
1050.3333,  1.00000000,1,0,0.0,0.5
1050.3667,  1.00000000,1,0,0.025000000000000001,0.5
1050.4000,  1.00000000,1,0,0.0,0.5
1050.4333,  1.00000000,1,0,0.0,0.5
1050.4667,  1.00000000,1,0,0.0,0.5
1050.5000,  1.00000000,1,0,0.0,0.5
1050.5333,  1.00000000,1,0,0.0,0.5
1050.5667,  1.00000000,1,0,0.025000000000000001,0.5
1050.6000,  1.00000000,1,0,0.0,0.5
1050.6333,  1.00000000,1,0,0.025000000000000001,0.5
1050.6667,  1.00000000,1,0,0.025000000000000001,0.5
1050.7000,  1.00000000,1,0,0.0,0.5
1050.7333,  1.00000000,1,0,0.025000000000000001,0.5
1050.7667,  1.00000000,1,0,0.025000000000000001,0.5
1050.8000,  1.00000000,1,0,0.0,0.5
1050.8333,  1.00000000,1,0,0.025000000000000001,0.5
1050.8667,  1.00000000,1,0,0.025000000000000001,0.5
1050.9000,  1.00000000,1,0,0.050000000000000003,0.5
1050.9333,  1.00000000,1,0,0.025000000000000001,0.5
1050.9667,  1.00000000,1,0,0.025000000000000001,0.5
1051.0000,  1.00000000,1,0,0.0,0.5
1051.0333,  1.00000000,1,0,0.050000000000000003,0.5
1051.0667,  1.00000000,1,0,0.0,0.5
1051.1000,  1.00000000,1,0,0.025000000000000001,0.5
1051.1333,  1.00000000,1,0,0.0,0.5
1051.1667,  1.00000000,1,0,0.0,0.5
1051.2000,  1.00000000,1,0,0.050000000000000003,0.5
1051.2333,  1.00000000,1,0,0.0,0.5
1051.2667,  1.00000000,1,0,0.025000000000000001,0.5
1051.3000,  1.00000000,1,0,0.0,0.5
1051.3333,  1.00000000,1,0,0.0,0.5
1051.3667,  1.00000000,1,0,0.025000000000000001,0.5
1051.4000,  1.00000000,1,0,0.050000000000000003,0.5
1051.4333,  1.00000000,1,0,0.025000000000000001,0.5
1051.4667,  1.00000000,1,0,0.0,0.5
1051.5000,  1.00000000,1,0,0.050000000000000003,0.5
1051.5333,  1.00000000,1,0,0.0,0.5
1051.5667,  1.00000000,1,0,0.025000000000000001,0.5
1051.6000,  1.00000000,1,0,0.0,0.5
1051.6333,  1.00000000,1,0,0.0,0.5
1051.6667,  1.00000000,1,0,0.0,0.5
1051.7000,  1.00000000,1,0,0.0,0.5
1051.7333,  1.00000000,1,0,0.025000000000000001,0.5
1051.7667,  1.00000000,1,0,0.025000000000000001,0.5
1051.8000,  1.00000000,1,0,0.0,0.5
1051.8333,  1.00000000,1,0,0.0,0.5
1051.8667,  1.00000000,1,0,0.025000000000000001,0.5
1051.9000,  1.00000000,1,0,0.0,0.5
1051.9333,  1.00000000,1,0,0.0,0.5
1051.9667,  1.00000000,1,0,0.0,0.5
1052.0000,  1.00000000,1,0,0.0,0.5
1052.0333,  1.00000000,1,0,0.025000000000000001,0.5
1052.0667,  1.00000000,1,0,0.050000000000000003,0.5
1052.1000,  1.00000000,1,0,0.0,0.5
1052.1333,  1.00000000,1,0,0.0,0.5
1052.1667,  1.00000000,1,0,0.0,0.5
1052.2000,  1.00000000,1,0,0.0,0.5
1052.2333,  1.00000000,1,0,0.025000000000000001,0.5
1052.2667,  1.00000000,1,0,0.0,0.5
1052.3000,  1.00000000,1,0,0.0,0.5
1052.3333,  1.00000000,1,0,0.0,0.5
1052.3667,  1.00000000,1,0,0.0,0.5
1052.4000,  1.00000000,1,0,0.025000000000000001,0.5
1052.4333,  1.00000000,1,0,0.0,0.5
1052.4667,  1.00000000,1,0,0.025000000000000001,0.5
1052.5000,  1.00000000,1,0,0.0,0.5
1052.5333,  1.00000000,1,0,0.025000000000000001,0.5
1052.5667,  1.00000000,1,0,0.0,0.5
1052.6000,  1.00000000,1,0,0.025000000000000001,0.5
1052.6333,  1.00000000,1,0,0.0,0.5
1052.6667,  1.00000000,1,0,0.0,0.5
1052.7000,  1.00000000,1,0,0.0,0.5
1052.7333,  1.00000000,1,0,0.025000000000000001,0.5
1052.7667,  1.00000000,1,0,0.0,0.5
1052.8000,  1.00000000,1,0,0.025000000000000001,0.5
1052.8333,  1.00000000,1,0,0.025000000000000001,0.5
1052.8667,  1.00000000,1,0,0.0,0.5
1052.9000,  1.00000000,1,0,0.025000000000000001,0.5
1052.9333,  1.00000000,1,0,0.025000000000000001,0.5
1052.9667,  1.00000000,1,0,0.050000000000000003,0.5
1053.0000,  1.00000000,1,0,0.0,0.5
1053.0333,  1.00000000,1,0,0.025000000000000001,0.5
1053.0667,  1.00000000,1,0,0.0,0.5
1053.1000,  1.00000000,1,0,0.025000000000000001,0.5
1053.1333,  1.00000000,1,0,0.050000000000000003,0.5
1053.1667,  1.00000000,1,0,0.0,0.5
1053.2000,  1.00000000,1,0,0.025000000000000001,0.5
1053.2333,  1.00000000,1,0,0.050000000000000003,0.5
1053.2667,  1.00000000,1,0,0.0,0.5
1053.3000,  1.00000000,1,0,0.025000000000000001,0.5
1053.3333,  1.00000000,1,0,0.0,0.5
1053.3667,  1.00000000,1,0,0.025000000000000001,0.5
1053.4000,  1.00000000,1,0,0.025000000000000001,0.5
1053.4333,  1.00000000,1,0,0.0,0.5
1053.4667,  1.00000000,1,0,0.025000000000000001,0.5
1053.5000,  1.00000000,1,0,0.0,0.5
1053.5333,  1.00000000,1,0,0.0,0.5
1053.5667,  1.00000000,1,0,0.0,0.5
1053.6000,  1.00000000,1,0,0.0,0.5
1053.6333,  1.00000000,1,0,0.0,0.5
1053.6667,  1.00000000,1,0,0.0,0.5
1053.7000,  1.00000000,1,0,0.025000000000000001,0.5
1053.7333,  1.00000000,1,0,0.050000000000000003,0.5
1053.7667,  1.00000000,1,0,0.0,0.5
1053.8000,  1.00000000,1,0,0.0,0.5
1053.8333,  1.00000000,1,0,0.025000000000000001,0.5
1053.8667,  1.00000000,1,0,0.0,0.5
1053.9000,  1.00000000,1,0,0.0,0.5
1053.9333,  1.00000000,1,0,0.0,0.5
1053.9667,  1.00000000,1,0,0.0,0.5
1054.0000,  1.00000000,1,0,0.050000000000000003,0.5
1054.0333,  1.00000000,1,0,0.025000000000000001,0.5
1054.0667,  1.00000000,1,0,0.0,0.5
1054.1000,  1.00000000,1,0,0.0,0.5
1054.1333,  1.00000000,1,0,0.025000000000000001,0.5
1054.1667,  1.00000000,1,0,0.0,0.5
1054.2000,  1.00000000,1,0,0.025000000000000001,0.5
1054.2333,  1.00000000,1,0,0.0,0.5
1054.2667,  1.00000000,1,0,0.025000000000000001,0.5
1054.3000,  1.00000000,1,0,0.0,0.5
1054.3333,  1.00000000,1,0,0.0,0.5
1054.3667,  1.00000000,1,0,0.025000000000000001,0.5
1054.4000,  1.00000000,1,0,0.0,0.5
1054.4333,  1.00000000,1,0,0.025000000000000001,0.5
1054.4667,  1.00000000,1,0,0.025000000000000001,0.5
1054.5000,  1.00000000,1,0,0.050000000000000003,0.5
1054.5333,  1.00000000,1,0,0.025000000000000001,0.5
1054.5667,  1.00000000,1,0,0.0,0.5
1054.6000,  1.00000000,1,0,0.025000000000000001,0.5
1054.6333,  1.00000000,1,0,0.0,0.5
1054.6667,  1.00000000,1,0,0.025000000000000001,0.5
1054.7000,  1.00000000,1,0,0.025000000000000001,0.5
1054.7333,  1.00000000,1,0,0.025000000000000001,0.5
1054.7667,  1.00000000,1,0,0.0,0.5
1054.8000,  1.00000000,1,0,0.0,0.5
1054.8333,  1.00000000,1,0,0.0,0.5
1054.8667,  1.00000000,1,0,0.050000000000000003,0.5
1054.9000,  1.00000000,1,0,0.0,0.5
1054.9333,  1.00000000,1,0,0.0,0.5
1054.9667,  1.00000000,1,0,0.0,0.5
1055.0000,  1.00000000,1,0,0.0,0.5
1055.0333,  1.00000000,1,0,0.050000000000000003,0.5
1055.0667,  1.00000000,1,0,0.025000000000000001,0.5
1055.1000,  1.00000000,1,0,0.050000000000000003,0.5
1055.1333,  1.00000000,1,0,0.025000000000000001,0.5
1055.1667,  1.00000000,1,0,0.0,0.5
1055.2000,  1.00000000,1,0,0.025000000000000001,0.5
1055.2333,  1.00000000,1,0,0.025000000000000001,0.5
1055.2667,  1.00000000,1,0,0.025000000000000001,0.5
1055.3000,  1.00000000,1,0,0.050000000000000003,0.5
1055.3333,  1.00000000,1,0,0.025000000000000001,0.5
1055.3667,  1.00000000,1,0,0.0,0.5
1055.4000,  1.00000000,1,0,0.050000000000000003,0.5
1055.4333,  1.00000000,1,0,0.0,0.5
1055.4667,  1.00000000,1,0,0.0,0.5
1055.5000,  1.00000000,1,0,0.0,0.5
1055.5333,  1.00000000,1,0,0.025000000000000001,0.5
1055.5667,  1.00000000,1,0,0.0,0.5
1055.6000,  1.00000000,1,0,0.0,0.5
1055.6333,  1.00000000,1,0,0.025000000000000001,0.5
1055.6667,  1.00000000,1,0,0.0,0.5
1055.7000,  1.00000000,1,0,0.0,0.5
1055.7333,  1.00000000,1,0,0.0,0.5
1055.7667,  1.00000000,1,0,0.050000000000000003,0.5
1055.8000,  1.00000000,1,0,0.0,0.5
1055.8333,  1.00000000,1,0,0.025000000000000001,0.5
1055.8667,  1.00000000,1,0,0.0,0.5
1055.9000,  1.00000000,1,0,0.025000000000000001,0.5
1055.9333,  1.00000000,1,0,0.0,0.5
1055.9667,  1.00000000,1,0,0.0,0.5
1056.0000,  1.00000000,1,0,0.025000000000000001,0.5
1056.0333,  1.00000000,1,0,0.0,0.5
1056.0667,  1.00000000,1,0,0.0,0.5
1056.1000,  1.00000000,1,0,0.0,0.5
1056.1333,  1.00000000,1,0,0.025000000000000001,0.5
1056.1667,  1.00000000,1,0,0.025000000000000001,0.5
1056.2000,  1.00000000,1,0,0.025000000000000001,0.5
1056.2333,  1.00000000,1,0,0.0,0.5
1056.2667,  1.00000000,1,0,0.0,0.5
1056.3000,  1.00000000,1,0,0.0,0.5
1056.3333,  1.00000000,1,0,0.0,0.5
1056.3667,  1.00000000,1,0,0.025000000000000001,0.5
1056.4000,  1.00000000,1,0,0.025000000000000001,0.5
1056.4333,  1.00000000,1,0,0.025000000000000001,0.5
1056.4667,  1.00000000,1,0,0.0,0.5
1056.5000,  1.00000000,1,0,0.0,0.5
1056.5333,  1.00000000,1,0,0.050000000000000003,0.5
1056.5667,  1.00000000,1,0,0.0,0.5
1056.6000,  1.00000000,1,0,0.0,0.5
1056.6333,  1.00000000,1,0,0.0,0.5
1056.6667,  1.00000000,1,0,0.025000000000000001,0.5
1056.7000,  1.00000000,1,0,0.050000000000000003,0.5
1056.7333,  1.00000000,1,0,0.0,0.5
1056.7667,  1.00000000,1,0,0.0,0.5
1056.8000,  1.00000000,1,0,0.050000000000000003,0.5
1056.8333,  1.00000000,1,0,0.0,0.5
1056.8667,  1.00000000,1,0,0.025000000000000001,0.5
1056.9000,  1.00000000,1,0,0.0,0.5
1056.9333,  1.00000000,1,0,0.0,0.5
1056.9667,  1.00000000,1,0,0.0,0.5
1057.0000,  1.00000000,1,0,0.0,0.5
1057.0333,  1.00000000,1,0,0.0,0.5
1057.0667,  1.00000000,1,0,0.0,0.5
1057.1000,  1.00000000,1,0,0.025000000000000001,0.5
1057.1333,  1.00000000,1,0,0.025000000000000001,0.5
1057.1667,  1.00000000,1,0,0.0,0.5
1057.2000,  1.00000000,1,0,0.025000000000000001,0.5
1057.2333,  1.00000000,1,0,0.0,0.5
1057.2667,  1.00000000,1,0,0.050000000000000003,0.5
1057.3000,  1.00000000,1,0,0.0,0.5
1057.3333,  1.00000000,1,0,0.025000000000000001,0.5
1057.3667,  1.00000000,1,0,0.0,0.5
1057.4000,  1.00000000,1,0,0.0,0.5
1057.4333,  1.00000000,1,0,0.025000000000000001,0.5
1057.4667,  1.00000000,1,0,0.050000000000000003,0.5
1057.5000,  1.00000000,1,0,0.0,0.5
1057.5333,  1.00000000,1,0,0.0,0.5
1057.5667,  1.00000000,1,0,0.0,0.5
1057.6000,  1.00000000,1,0,0.025000000000000001,0.5
1057.6333,  1.00000000,1,0,0.0,0.5
1057.6667,  1.00000000,1,0,0.0,0.5
1057.7000,  1.00000000,1,0,0.025000000000000001,0.5
1057.7333,  1.00000000,1,0,0.025000000000000001,0.5
1057.7667,  1.00000000,1,0,0.050000000000000003,0.5
1057.8000,  1.00000000,1,0,0.025000000000000001,0.5
1057.8333,  1.00000000,1,0,0.050000000000000003,0.5
1057.8667,  1.00000000,1,0,0.0,0.5
1057.9000,  1.00000000,1,0,0.0,0.5
1057.9333,  1.00000000,1,0,0.025000000000000001,0.5
1057.9667,  1.00000000,1,0,0.050000000000000003,0.5
1058.0000,  1.00000000,1,0,0.050000000000000003,0.5
1058.0333,  1.00000000,1,0,0.025000000000000001,0.5
1058.0667,  1.00000000,1,0,0.025000000000000001,0.5
1058.1000,  1.00000000,1,0,0.025000000000000001,0.5
1058.1333,  1.00000000,1,0,0.0,0.5
1058.1667,  1.00000000,1,0,0.025000000000000001,0.5
1058.2000,  1.00000000,1,0,0.025000000000000001,0.5
1058.2333,  1.00000000,1,0,0.074999999999999997,0.5
1058.2667,  1.00000000,1,0,0.025000000000000001,0.5
1058.3000,  1.00000000,1,0,0.025000000000000001,0.5
1058.3333,  1.00000000,1,0,0.025000000000000001,0.5
1058.3667,  1.00000000,1,0,0.025000000000000001,0.5
1058.4000,  1.00000000,1,0,0.025000000000000001,0.5
1058.4333,  1.00000000,1,0,0.074999999999999997,0.5
1058.4667,  1.00000000,1,0,0.050000000000000003,0.5
1058.5000,  1.00000000,1,0,0.0,0.5
1058.5333,  1.00000000,1,0,0.050000000000000003,0.5
1058.5667,  1.00000000,1,0,0.025000000000000001,0.5
1058.6000,  1.00000000,1,0,0.025000000000000001,0.5
1058.6333,  1.00000000,1,0,0.025000000000000001,0.5
1058.6667,  1.00000000,1,0,0.025000000000000001,0.5
1058.7000,  1.00000000,1,0,0.025000000000000001,0.5
1058.7333,  1.00000000,1,0,0.050000000000000003,0.5
1058.7667,  1.00000000,1,0,0.050000000000000003,0.5
1058.8000,  1.00000000,1,0,0.0,0.5
1058.8333,  1.00000000,1,0,0.050000000000000003,0.5
1058.8667,  1.00000000,1,0,0.050000000000000003,0.5
1058.9000,  1.00000000,1,0,0.025000000000000001,0.5
1058.9333,  1.00000000,1,0,0.025000000000000001,0.5
1058.9667,  1.00000000,1,0,0.025000000000000001,0.5
1059.0000,  1.00000000,1,0,0.050000000000000003,0.5
1059.0333,  1.00000000,1,0,0.025000000000000001,0.5
1059.0667,  1.00000000,1,0,0.025000000000000001,0.5
1059.1000,  1.00000000,1,0,0.025000000000000001,0.5
1059.1333,  1.00000000,1,0,0.025000000000000001,0.5
1059.1667,  1.00000000,1,0,0.025000000000000001,0.5
1059.2000,  1.00000000,1,0,0.050000000000000003,0.5
1059.2333,  1.00000000,1,0,0.025000000000000001,0.5
1059.2667,  1.00000000,1,0,0.025000000000000001,0.5
1059.3000,  1.00000000,1,0,0.050000000000000003,0.5
1059.3333,  1.00000000,1,0,0.0,0.5
1059.3667,  1.00000000,1,0,0.050000000000000003,0.5
1059.4000,  1.00000000,1,0,0.050000000000000003,0.5
1059.4333,  1.00000000,1,0,0.0,0.5
1059.4667,  1.00000000,1,0,0.0,0.5
1059.5000,  1.00000000,1,0,0.025000000000000001,0.5
1059.5333,  1.00000000,1,0,0.0,0.5
1059.5667,  1.00000000,1,0,0.0,0.5
1059.6000,  1.00000000,1,0,0.0,0.5
1059.6333,  1.00000000,1,0,0.025000000000000001,0.5
1059.6667,  1.00000000,1,0,0.0,0.5
1059.7000,  1.00000000,1,0,0.025000000000000001,0.5
1059.7333,  1.00000000,1,0,0.0,0.5
1059.7667,  1.00000000,1,0,0.0,0.5
1059.8000,  1.00000000,1,0,0.025000000000000001,0.5
1059.8333,  1.00000000,1,0,0.025000000000000001,0.5
1059.8667,  1.00000000,1,0,0.0,0.5
1059.9000,  1.00000000,1,0,0.0,0.5
1059.9333,  1.00000000,1,0,0.025000000000000001,0.5
1059.9667,  1.00000000,1,0,0.0,0.5
1060.0000,  1.00000000,1,0,0.0,0.5
1060.0333,  1.00000000,1,0,0.025000000000000001,0.5
1060.0667,  1.00000000,1,0,0.0,0.5
1060.1000,  1.00000000,1,0,0.0,0.5
1060.1333,  1.00000000,1,0,0.0,0.5
1060.1667,  1.00000000,1,0,0.0,0.5
1060.2000,  1.00000000,1,0,0.025000000000000001,0.5
1060.2333,  1.00000000,1,0,0.025000000000000001,0.5
1060.2667,  1.00000000,1,0,0.025000000000000001,0.5
1060.3000,  1.00000000,1,0,0.0,0.5
1060.3333,  1.00000000,1,0,0.0,0.5
1060.3667,  1.00000000,1,0,0.025000000000000001,0.5
1060.4000,  1.00000000,1,0,0.0,0.5
1060.4333,  1.00000000,1,0,0.025000000000000001,0.5
1060.4667,  1.00000000,1,0,0.050000000000000003,0.5
1060.5000,  1.00000000,1,0,0.0,0.5
1060.5333,  1.00000000,1,0,0.050000000000000003,0.5
1060.5667,  1.00000000,1,0,0.0,0.5
1060.6000,  1.00000000,1,0,0.0,0.5
1060.6333,  1.00000000,1,0,0.0,0.5
1060.6667,  1.00000000,1,0,0.025000000000000001,0.5
1060.7000,  1.00000000,1,0,0.0,0.5
1060.7333,  1.00000000,1,0,0.0,0.5
1060.7667,  1.00000000,1,0,0.0,0.5
1060.8000,  1.00000000,1,0,0.025000000000000001,0.5
1060.8333,  1.00000000,1,0,0.0,0.5
1060.8667,  1.00000000,1,0,0.025000000000000001,0.5
1060.9000,  1.00000000,1,0,0.0,0.5
1060.9333,  1.00000000,1,0,0.050000000000000003,0.5
1060.9667,  1.00000000,1,0,0.0,0.5
1061.0000,  1.00000000,1,0,0.025000000000000001,0.5
1061.0333,  1.00000000,1,0,0.0,0.5
1061.0667,  1.00000000,1,0,0.025000000000000001,0.5
1061.1000,  1.00000000,1,0,0.050000000000000003,0.5
1061.1333,  1.00000000,1,0,0.025000000000000001,0.5
1061.1667,  1.00000000,1,0,0.025000000000000001,0.5
1061.2000,  1.00000000,1,0,0.025000000000000001,0.5
1061.2333,  1.00000000,1,0,0.0,0.5
1061.2667,  1.00000000,1,0,0.0,0.5
1061.3000,  1.00000000,1,0,0.0,0.5
1061.3333,  1.00000000,1,0,0.0,0.5
1061.3667,  1.00000000,1,0,0.0,0.5
1061.4000,  1.00000000,1,0,0.0,0.5
1061.4333,  1.00000000,1,0,0.025000000000000001,0.5
1061.4667,  1.00000000,1,0,0.0,0.5
1061.5000,  1.00000000,1,0,0.0,0.5
1061.5333,  1.00000000,1,0,0.025000000000000001,0.5
1061.5667,  1.00000000,1,0,0.0,0.5
1061.6000,  1.00000000,1,0,0.025000000000000001,0.5
1061.6333,  1.00000000,1,0,0.0,0.5
1061.6667,  1.00000000,1,0,0.050000000000000003,0.5
1061.7000,  1.00000000,1,0,0.025000000000000001,0.5
1061.7333,  1.00000000,1,0,0.0,0.5
1061.7667,  1.00000000,1,0,0.0,0.5
1061.8000,  1.00000000,1,0,0.0,0.5
1061.8333,  1.00000000,1,0,0.0,0.5
1061.8667,  1.00000000,1,0,0.050000000000000003,0.5
1061.9000,  1.00000000,1,0,0.025000000000000001,0.5
1061.9333,  1.00000000,1,0,0.0,0.5
1061.9667,  1.00000000,1,0,0.025000000000000001,0.5
1062.0000,  1.00000000,1,0,0.0,0.5
1062.0333,  1.00000000,1,0,0.0,0.5
1062.0667,  1.00000000,1,0,0.0,0.5
1062.1000,  1.00000000,1,0,0.0,0.5
1062.1333,  1.00000000,1,0,0.0,0.5
1062.1667,  1.00000000,1,0,0.0,0.5
1062.2000,  1.00000000,1,0,0.0,0.5
1062.2333,  1.00000000,1,0,0.0,0.5
1062.2667,  1.00000000,1,0,0.0,0.5
1062.3000,  1.00000000,1,0,0.0,0.5
1062.3333,  1.00000000,1,0,0.0,0.5
1062.3667,  1.00000000,1,0,0.050000000000000003,0.5
1062.4000,  1.00000000,1,0,0.025000000000000001,0.5
1062.4333,  1.00000000,1,0,0.050000000000000003,0.5
1062.4667,  1.00000000,1,0,0.025000000000000001,0.5
1062.5000,  1.00000000,1,0,0.0,0.5
1062.5333,  1.00000000,1,0,0.025000000000000001,0.5
1062.5667,  1.00000000,1,0,0.0,0.5
1062.6000,  1.00000000,1,0,0.0,0.5
1062.6333,  1.00000000,1,0,0.025000000000000001,0.5
1062.6667,  1.00000000,1,0,0.0,0.5
1062.7000,  1.00000000,1,0,0.050000000000000003,0.5
1062.7333,  1.00000000,1,0,0.0,0.5
1062.7667,  1.00000000,1,0,0.0,0.5
1062.8000,  1.00000000,1,0,0.0,0.5
1062.8333,  1.00000000,1,0,0.0,0.5
1062.8667,  1.00000000,1,0,0.025000000000000001,0.5
1062.9000,  1.00000000,1,0,0.0,0.5
1062.9333,  1.00000000,1,0,0.025000000000000001,0.5
1062.9667,  1.00000000,1,0,0.0,0.5
1063.0000,  1.00000000,1,0,0.0,0.5
1063.0333,  1.00000000,1,0,0.025000000000000001,0.5
1063.0667,  1.00000000,1,0,0.025000000000000001,0.5
1063.1000,  1.00000000,1,0,0.025000000000000001,0.5
1063.1333,  1.00000000,1,0,0.025000000000000001,0.5
1063.1667,  1.00000000,1,0,0.0,0.5
1063.2000,  1.00000000,1,0,0.050000000000000003,0.5
1063.2333,  1.00000000,1,0,0.050000000000000003,0.5
1063.2667,  1.00000000,1,0,0.025000000000000001,0.5
1063.3000,  1.00000000,1,0,0.0,0.5
1063.3333,  1.00000000,1,0,0.0,0.5
1063.3667,  1.00000000,1,0,0.025000000000000001,0.5
1063.4000,  1.00000000,1,0,0.0,0.5
1063.4333,  1.00000000,1,0,0.0,0.5
1063.4667,  1.00000000,1,0,0.0,0.5
1063.5000,  1.00000000,1,0,0.0,0.5
1063.5333,  1.00000000,1,0,0.025000000000000001,0.5
1063.5667,  1.00000000,1,0,0.074999999999999997,0.5
1063.6000,  1.00000000,1,0,0.025000000000000001,0.5
1063.6333,  1.00000000,1,0,0.050000000000000003,0.5
1063.6667,  1.00000000,1,0,0.0,0.5
1063.7000,  1.00000000,1,0,0.025000000000000001,0.5
1063.7333,  1.00000000,1,0,0.025000000000000001,0.5
1063.7667,  1.00000000,1,0,0.0,0.5
1063.8000,  1.00000000,1,0,0.025000000000000001,0.5
1063.8333,  1.00000000,1,0,0.025000000000000001,0.5
1063.8667,  1.00000000,1,0,0.025000000000000001,0.5
1063.9000,  1.00000000,1,0,0.050000000000000003,0.5
1063.9333,  1.00000000,1,0,0.0,0.5
1063.9667,  1.00000000,1,0,0.025000000000000001,0.5
1064.0000,  1.00000000,1,0,0.0,0.5
1064.0333,  1.00000000,1,0,0.025000000000000001,0.5
1064.0667,  1.00000000,1,0,0.0,0.5
1064.1000,  1.00000000,1,0,0.0,0.5
1064.1333,  1.00000000,1,0,0.025000000000000001,0.5
1064.1667,  1.00000000,1,0,0.025000000000000001,0.5
1064.2000,  1.00000000,1,0,0.025000000000000001,0.5
1064.2333,  1.00000000,1,0,0.0,0.5
1064.2667,  1.00000000,1,0,0.025000000000000001,0.5
1064.3000,  1.00000000,1,0,0.0,0.5
1064.3333,  1.00000000,1,0,0.025000000000000001,0.5
1064.3667,  1.00000000,1,0,0.050000000000000003,0.5
1064.4000,  1.00000000,1,0,0.050000000000000003,0.5
1064.4333,  1.00000000,1,0,0.025000000000000001,0.5
1064.4667,  1.00000000,1,0,0.050000000000000003,0.5
1064.5000,  1.00000000,1,0,0.0,0.5
1064.5333,  1.00000000,1,0,0.0,0.5
1064.5667,  1.00000000,1,0,0.0,0.5
1064.6000,  1.00000000,1,0,0.0,0.5
1064.6333,  1.00000000,1,0,0.0,0.5
1064.6667,  1.00000000,1,0,0.0,0.5
1064.7000,  1.00000000,1,0,0.0,0.5
1064.7333,  1.00000000,1,0,0.0,0.5
1064.7667,  1.00000000,1,0,0.025000000000000001,0.5
1064.8000,  1.00000000,1,0,0.025000000000000001,0.5
1064.8333,  1.00000000,1,0,0.0,0.5
1064.8667,  1.00000000,1,0,0.0,0.5
1064.9000,  1.00000000,1,0,0.0,0.5
1064.9333,  1.00000000,1,0,0.0,0.5
1064.9667,  1.00000000,1,0,0.0,0.5
1065.0000,  1.00000000,1,0,0.0,0.5
1065.0333,  1.00000000,1,0,0.025000000000000001,0.5
1065.0667,  1.00000000,1,0,0.025000000000000001,0.5
1065.1000,  1.00000000,1,0,0.0,0.5
1065.1333,  1.00000000,1,0,0.0,0.5
1065.1667,  1.00000000,1,0,0.0,0.5
1065.2000,  1.00000000,1,0,0.050000000000000003,0.5
1065.2333,  1.00000000,1,0,0.025000000000000001,0.5
1065.2667,  1.00000000,1,0,0.0,0.5
1065.3000,  1.00000000,1,0,0.025000000000000001,0.5
1065.3333,  1.00000000,1,0,0.0,0.5
1065.3667,  1.00000000,1,0,0.0,0.5
1065.4000,  1.00000000,1,0,0.025000000000000001,0.5
1065.4333,  1.00000000,1,0,0.0,0.5
1065.4667,  1.00000000,1,0,0.025000000000000001,0.5
1065.5000,  1.00000000,1,0,0.0,0.5
1065.5333,  1.00000000,1,0,0.025000000000000001,0.5
1065.5667,  1.00000000,1,0,0.025000000000000001,0.5
1065.6000,  1.00000000,1,0,0.0,0.5
1065.6333,  1.00000000,1,0,0.025000000000000001,0.5
1065.6667,  1.00000000,1,0,0.0,0.5
1065.7000,  1.00000000,1,0,0.0,0.5
1065.7333,  1.00000000,1,0,0.0,0.5
1065.7667,  1.00000000,1,0,0.050000000000000003,0.5
1065.8000,  1.00000000,1,0,0.0,0.5
1065.8333,  1.00000000,1,0,0.025000000000000001,0.5
1065.8667,  1.00000000,1,0,0.0,0.5
1065.9000,  1.00000000,1,0,0.050000000000000003,0.5
1065.9333,  1.00000000,1,0,0.025000000000000001,0.5
1065.9667,  1.00000000,1,0,0.0,0.5
1066.0000,  1.00000000,1,0,0.0,0.5
1066.0333,  1.00000000,1,0,0.0,0.5
1066.0667,  1.00000000,1,0,0.025000000000000001,0.5
1066.1000,  1.00000000,1,0,0.025000000000000001,0.5
1066.1333,  1.00000000,1,0,0.074999999999999997,0.5
1066.1667,  1.00000000,1,0,0.0,0.5
1066.2000,  1.00000000,1,0,0.0,0.5
1066.2333,  1.00000000,1,0,0.0,0.5
1066.2667,  1.00000000,1,0,0.025000000000000001,0.5
1066.3000,  1.00000000,1,0,0.050000000000000003,0.5
1066.3333,  1.00000000,1,0,0.025000000000000001,0.5
1066.3667,  1.00000000,1,0,0.0,0.5
1066.4000,  1.00000000,1,0,0.0,0.5
1066.4333,  1.00000000,1,0,0.0,0.5
1066.4667,  1.00000000,1,0,0.0,0.5
1066.5000,  1.00000000,1,0,0.050000000000000003,0.5
1066.5333,  1.00000000,1,0,0.025000000000000001,0.5
1066.5667,  1.00000000,1,0,0.025000000000000001,0.5
1066.6000,  1.00000000,1,0,0.050000000000000003,0.5
1066.6333,  1.00000000,1,0,0.050000000000000003,0.5
1066.6667,  1.00000000,1,0,0.0,0.5
1066.7000,  1.00000000,1,0,0.0,0.5
1066.7333,  1.00000000,1,0,0.025000000000000001,0.5
1066.7667,  1.00000000,1,0,0.025000000000000001,0.5
1066.8000,  1.00000000,1,0,0.025000000000000001,0.5
1066.8333,  1.00000000,1,0,0.025000000000000001,0.5
1066.8667,  1.00000000,1,0,0.025000000000000001,0.5
1066.9000,  1.00000000,1,0,0.025000000000000001,0.5
1066.9333,  1.00000000,1,0,0.0,0.5
1066.9667,  1.00000000,1,0,0.0,0.5
1067.0000,  1.00000000,1,0,0.0,0.5
1067.0333,  1.00000000,1,0,0.025000000000000001,0.5
1067.0667,  1.00000000,1,0,0.025000000000000001,0.5
1067.1000,  1.00000000,1,0,0.025000000000000001,0.5
1067.1333,  1.00000000,1,0,0.025000000000000001,0.5
1067.1667,  1.00000000,1,0,0.074999999999999997,0.5
1067.2000,  1.00000000,1,0,0.025000000000000001,0.5
1067.2333,  1.00000000,1,0,0.025000000000000001,0.5
1067.2667,  1.00000000,1,0,0.0,0.5
1067.3000,  1.00000000,1,0,0.0,0.5
1067.3333,  1.00000000,1,0,0.025000000000000001,0.5
1067.3667,  1.00000000,1,0,0.025000000000000001,0.5
1067.4000,  1.00000000,1,0,0.0,0.5
1067.4333,  1.00000000,1,0,0.0,0.5
1067.4667,  1.00000000,1,0,0.0,0.5
1067.5000,  1.00000000,1,0,0.025000000000000001,0.5
1067.5333,  1.00000000,1,0,0.025000000000000001,0.5
1067.5667,  1.00000000,1,0,0.0,0.5
1067.6000,  1.00000000,1,0,0.025000000000000001,0.5
1067.6333,  1.00000000,1,0,0.050000000000000003,0.5
1067.6667,  1.00000000,1,0,0.025000000000000001,0.5
1067.7000,  1.00000000,1,0,0.025000000000000001,0.5
1067.7333,  1.00000000,1,0,0.025000000000000001,0.5
1067.7667,  1.00000000,1,0,0.0,0.5
1067.8000,  1.00000000,1,0,0.0,0.5
1067.8333,  1.00000000,1,0,0.025000000000000001,0.5
1067.8667,  1.00000000,1,0,0.0,0.5
1067.9000,  1.00000000,1,0,0.025000000000000001,0.5
1067.9333,  1.00000000,1,0,0.0,0.5
1067.9667,  1.00000000,1,0,0.0,0.5
1068.0000,  1.00000000,1,0,0.0,0.5
1068.0333,  1.00000000,1,0,0.0,0.5
1068.0667,  1.00000000,1,0,0.0,0.5
1068.1000,  1.00000000,1,0,0.0,0.5
1068.1333,  1.00000000,1,0,0.025000000000000001,0.5
1068.1667,  1.00000000,1,0,0.050000000000000003,0.5
1068.2000,  1.00000000,1,0,0.0,0.5
1068.2333,  1.00000000,1,0,0.0,0.5
1068.2667,  1.00000000,1,0,0.025000000000000001,0.5
1068.3000,  1.00000000,1,0,0.025000000000000001,0.5
1068.3333,  1.00000000,1,0,0.050000000000000003,0.5
1068.3667,  1.00000000,1,0,0.025000000000000001,0.5
1068.4000,  1.00000000,1,0,0.0,0.5
1068.4333,  1.00000000,1,0,0.025000000000000001,0.5
1068.4667,  1.00000000,1,0,0.025000000000000001,0.5
1068.5000,  1.00000000,1,0,0.0,0.5
1068.5333,  1.00000000,1,0,0.0,0.5
1068.5667,  1.00000000,1,0,0.050000000000000003,0.5
1068.6000,  1.00000000,1,0,0.0,0.5
1068.6333,  1.00000000,1,0,0.025000000000000001,0.5
1068.6667,  1.00000000,1,0,0.0,0.5
1068.7000,  1.00000000,1,0,0.0,0.5
1068.7333,  1.00000000,1,0,0.0,0.5
1068.7667,  1.00000000,1,0,0.0,0.5
1068.8000,  1.00000000,1,0,0.025000000000000001,0.5
1068.8333,  1.00000000,1,0,0.0,0.5
1068.8667,  1.00000000,1,0,0.0,0.5
1068.9000,  1.00000000,1,0,0.0,0.5
1068.9333,  1.00000000,1,0,0.0,0.5
1068.9667,  1.00000000,1,0,0.025000000000000001,0.5
1069.0000,  1.00000000,1,0,0.0,0.5
1069.0333,  1.00000000,1,0,0.050000000000000003,0.5
1069.0667,  1.00000000,1,0,0.0,0.5
1069.1000,  1.00000000,1,0,0.0,0.5
1069.1333,  1.00000000,1,0,0.025000000000000001,0.5
1069.1667,  1.00000000,1,0,0.0,0.5
1069.2000,  1.00000000,1,0,0.025000000000000001,0.5
1069.2333,  1.00000000,1,0,0.0,0.5
1069.2667,  1.00000000,1,0,0.0,0.5
1069.3000,  1.00000000,1,0,0.025000000000000001,0.5
1069.3333,  1.00000000,1,0,0.025000000000000001,0.5
1069.3667,  1.00000000,1,0,0.050000000000000003,0.5
1069.4000,  1.00000000,1,0,0.025000000000000001,0.5
1069.4333,  1.00000000,1,0,0.025000000000000001,0.5
1069.4667,  1.00000000,1,0,0.025000000000000001,0.5
1069.5000,  1.00000000,1,0,0.025000000000000001,0.5
1069.5333,  1.00000000,1,0,0.025000000000000001,0.5
1069.5667,  1.00000000,1,0,0.0,0.5
1069.6000,  1.00000000,1,0,0.050000000000000003,0.5
1069.6333,  1.00000000,1,0,0.0,0.5
1069.6667,  1.00000000,1,0,0.074999999999999997,0.5
1069.7000,  1.00000000,1,0,0.025000000000000001,0.5
1069.7333,  1.00000000,1,0,0.0,0.5
1069.7667,  1.00000000,1,0,0.0,0.5
1069.8000,  1.00000000,1,0,0.0,0.5
1069.8333,  1.00000000,1,0,0.050000000000000003,0.5
1069.8667,  1.00000000,1,0,0.050000000000000003,0.5
1069.9000,  1.00000000,1,0,0.050000000000000003,0.5
1069.9333,  1.00000000,1,0,0.0,0.5
1069.9667,  1.00000000,1,0,0.025000000000000001,0.5
1070.0000,  1.00000000,1,0,0.0,0.5
1070.0333,  1.00000000,1,0,0.0,0.5
1070.0667,  1.00000000,1,0,0.050000000000000003,0.5
1070.1000,  1.00000000,1,0,0.0,0.5
1070.1333,  1.00000000,1,0,0.0,0.5
1070.1667,  1.00000000,1,0,0.025000000000000001,0.5
1070.2000,  1.00000000,1,0,0.0,0.5
1070.2333,  1.00000000,1,0,0.0,0.5
1070.2667,  1.00000000,1,0,0.074999999999999997,0.5
1070.3000,  1.00000000,1,0,0.050000000000000003,0.5
1070.3333,  1.00000000,1,0,0.0,0.5
1070.3667,  1.00000000,1,0,0.025000000000000001,0.5
1070.4000,  1.00000000,1,0,0.025000000000000001,0.5
1070.4333,  1.00000000,1,0,0.0,0.5
1070.4667,  1.00000000,1,0,0.050000000000000003,0.5
1070.5000,  1.00000000,1,0,0.0,0.5
1070.5333,  1.00000000,1,0,0.0,0.5
1070.5667,  1.00000000,1,0,0.0,0.5
1070.6000,  1.00000000,1,0,0.025000000000000001,0.5
1070.6333,  1.00000000,1,0,0.025000000000000001,0.5
1070.6667,  1.00000000,1,0,0.0,0.5
1070.7000,  1.00000000,1,0,0.050000000000000003,0.5
1070.7333,  1.00000000,1,0,0.025000000000000001,0.5
1070.7667,  1.00000000,1,0,0.0,0.5
1070.8000,  1.00000000,1,0,0.025000000000000001,0.5
1070.8333,  1.00000000,1,0,0.0,0.5
1070.8667,  1.00000000,1,0,0.0,0.5
1070.9000,  1.00000000,1,0,0.025000000000000001,0.5
1070.9333,  1.00000000,1,0,0.025000000000000001,0.5
1070.9667,  1.00000000,1,0,0.0,0.5
1071.0000,  1.00000000,1,0,0.0,0.5
1071.0333,  1.00000000,1,0,0.025000000000000001,0.5
1071.0667,  1.00000000,1,0,0.0,0.5
1071.1000,  1.00000000,1,0,0.025000000000000001,0.5
1071.1333,  1.00000000,1,0,0.0,0.5
1071.1667,  1.00000000,1,0,0.050000000000000003,0.5
1071.2000,  1.00000000,1,0,0.0,0.5
1071.2333,  1.00000000,1,0,0.025000000000000001,0.5
1071.2667,  1.00000000,1,0,0.025000000000000001,0.5
1071.3000,  1.00000000,1,0,0.025000000000000001,0.5
1071.3333,  1.00000000,1,0,0.025000000000000001,0.5
1071.3667,  1.00000000,1,0,0.025000000000000001,0.5
1071.4000,  1.00000000,1,0,0.050000000000000003,0.5
1071.4333,  1.00000000,1,0,0.025000000000000001,0.5
1071.4667,  1.00000000,1,0,0.025000000000000001,0.5
1071.5000,  1.00000000,1,0,0.025000000000000001,0.5
1071.5333,  1.00000000,1,0,0.0,0.5
1071.5667,  1.00000000,1,0,0.0,0.5
1071.6000,  1.00000000,1,0,0.025000000000000001,0.5
1071.6333,  1.00000000,1,0,0.025000000000000001,0.5
1071.6667,  1.00000000,1,0,0.025000000000000001,0.5
1071.7000,  1.00000000,1,0,0.025000000000000001,0.5
1071.7333,  1.00000000,1,0,0.025000000000000001,0.5
1071.7667,  1.00000000,1,0,0.0,0.5
1071.8000,  1.00000000,1,0,0.025000000000000001,0.5
1071.8333,  1.00000000,1,0,0.025000000000000001,0.5
1071.8667,  1.00000000,1,0,0.025000000000000001,0.5
1071.9000,  1.00000000,1,0,0.0,0.5
1071.9333,  1.00000000,1,0,0.0,0.5
1071.9667,  1.00000000,1,0,0.025000000000000001,0.5
1072.0000,  1.00000000,1,0,0.074999999999999997,0.5
1072.0333,  1.00000000,1,0,0.025000000000000001,0.5
1072.0667,  1.00000000,1,0,0.025000000000000001,0.5
1072.1000,  1.00000000,1,0,0.0,0.5
1072.1333,  1.00000000,1,0,0.0,0.5
1072.1667,  1.00000000,1,0,0.025000000000000001,0.5
1072.2000,  1.00000000,1,0,0.0,0.5
1072.2333,  1.00000000,1,0,0.0,0.5
1072.2667,  1.00000000,1,0,0.0,0.5
1072.3000,  1.00000000,1,0,0.025000000000000001,0.5
1072.3333,  1.00000000,1,0,0.0,0.5
1072.3667,  1.00000000,1,0,0.025000000000000001,0.5
1072.4000,  1.00000000,1,0,0.025000000000000001,0.5
1072.4333,  1.00000000,1,0,0.025000000000000001,0.5
1072.4667,  1.00000000,1,0,0.025000000000000001,0.5
1072.5000,  1.00000000,1,0,0.0,0.5
1072.5333,  1.00000000,1,0,0.050000000000000003,0.5
1072.5667,  1.00000000,1,0,0.050000000000000003,0.5
1072.6000,  1.00000000,1,0,0.0,0.5
1072.6333,  1.00000000,1,0,0.025000000000000001,0.5
1072.6667,  1.00000000,1,0,0.025000000000000001,0.5
1072.7000,  1.00000000,1,0,0.025000000000000001,0.5
1072.7333,  1.00000000,1,0,0.0,0.5
1072.7667,  1.00000000,1,0,0.0,0.5
1072.8000,  1.00000000,1,0,0.025000000000000001,0.5
1072.8333,  1.00000000,1,0,0.0,0.5
1072.8667,  1.00000000,1,0,0.0,0.5
1072.9000,  1.00000000,1,0,0.0,0.5
1072.9333,  1.00000000,1,0,0.025000000000000001,0.5
1072.9667,  1.00000000,1,0,0.050000000000000003,0.5
1073.0000,  1.00000000,1,0,0.0,0.5
1073.0333,  1.00000000,1,0,0.0,0.5
1073.0667,  1.00000000,1,0,0.025000000000000001,0.5
1073.1000,  1.00000000,1,0,0.0,0.5
1073.1333,  1.00000000,1,0,0.050000000000000003,0.5
1073.1667,  1.00000000,1,0,0.0,0.5
1073.2000,  1.00000000,1,0,0.0,0.5
1073.2333,  1.00000000,1,0,0.0,0.5
1073.2667,  1.00000000,1,0,0.025000000000000001,0.5
1073.3000,  1.00000000,1,0,0.025000000000000001,0.5
1073.3333,  1.00000000,1,0,0.0,0.5
1073.3667,  1.00000000,1,0,0.0,0.5
1073.4000,  1.00000000,1,0,0.0,0.5
1073.4333,  1.00000000,1,0,0.0,0.5
1073.4667,  1.00000000,1,0,0.025000000000000001,0.5
1073.5000,  1.00000000,1,0,0.025000000000000001,0.5
1073.5333,  1.00000000,1,0,0.025000000000000001,0.5
1073.5667,  1.00000000,1,0,0.025000000000000001,0.5
1073.6000,  1.00000000,1,0,0.0,0.5
1073.6333,  1.00000000,1,0,0.025000000000000001,0.5
1073.6667,  1.00000000,1,0,0.0,0.5
1073.7000,  1.00000000,1,0,0.025000000000000001,0.5
1073.7333,  1.00000000,1,0,0.0,0.5
1073.7667,  1.00000000,1,0,0.025000000000000001,0.5
1073.8000,  1.00000000,1,0,0.0,0.5
1073.8333,  1.00000000,1,0,0.0,0.5
1073.8667,  1.00000000,1,0,0.0,0.5
1073.9000,  1.00000000,1,0,0.0,0.5
1073.9333,  1.00000000,1,0,0.025000000000000001,0.5
1073.9667,  1.00000000,1,0,0.025000000000000001,0.5
1074.0000,  1.00000000,1,0,0.025000000000000001,0.5
1074.0333,  1.00000000,1,0,0.025000000000000001,0.5
1074.0667,  1.00000000,1,0,0.0,0.5
1074.1000,  1.00000000,1,0,0.0,0.5
1074.1333,  1.00000000,1,0,0.0,0.5
1074.1667,  1.00000000,1,0,0.050000000000000003,0.5
1074.2000,  1.00000000,1,0,0.050000000000000003,0.5
1074.2333,  1.00000000,1,0,0.0,0.5
1074.2667,  1.00000000,1,0,0.025000000000000001,0.5
1074.3000,  1.00000000,1,0,0.050000000000000003,0.5
1074.3333,  1.00000000,1,0,0.050000000000000003,0.5
1074.3667,  1.00000000,1,0,0.0,0.5
1074.4000,  1.00000000,1,0,0.0,0.5
1074.4333,  1.00000000,1,0,0.025000000000000001,0.5
1074.4667,  1.00000000,1,0,0.0,0.5
1074.5000,  1.00000000,1,0,0.050000000000000003,0.5
1074.5333,  1.00000000,1,0,0.025000000000000001,0.5
1074.5667,  1.00000000,1,0,0.0,0.5
1074.6000,  1.00000000,1,0,0.025000000000000001,0.5
1074.6333,  1.00000000,1,0,0.025000000000000001,0.5
1074.6667,  1.00000000,1,0,0.025000000000000001,0.5
1074.7000,  1.00000000,1,0,0.025000000000000001,0.5
1074.7333,  1.00000000,1,0,0.025000000000000001,0.5
1074.7667,  1.00000000,1,0,0.025000000000000001,0.5
1074.8000,  1.00000000,1,0,0.025000000000000001,0.5
1074.8333,  1.00000000,1,0,0.050000000000000003,0.5
1074.8667,  1.00000000,1,0,0.0,0.5
1074.9000,  1.00000000,1,0,0.0,0.5
1074.9333,  1.00000000,1,0,0.0,0.5
1074.9667,  1.00000000,1,0,0.0,0.5
1075.0000,  1.00000000,1,0,0.074999999999999997,0.5
1075.0333,  1.00000000,1,0,0.025000000000000001,0.5
1075.0667,  1.00000000,1,0,0.0,0.5
1075.1000,  1.00000000,1,0,0.0,0.5
1075.1333,  1.00000000,1,0,0.0,0.5
1075.1667,  1.00000000,1,0,0.0,0.5
1075.2000,  1.00000000,1,0,0.025000000000000001,0.5
1075.2333,  1.00000000,1,0,0.0,0.5
1075.2667,  1.00000000,1,0,0.0,0.5
1075.3000,  1.00000000,1,0,0.0,0.5
1075.3333,  1.00000000,1,0,0.0,0.5
1075.3667,  1.00000000,1,0,0.025000000000000001,0.5
1075.4000,  1.00000000,1,0,0.0,0.5
1075.4333,  1.00000000,1,0,0.025000000000000001,0.5
1075.4667,  1.00000000,1,0,0.0,0.5
1075.5000,  1.00000000,1,0,0.025000000000000001,0.5
1075.5333,  1.00000000,1,0,0.0,0.5
1075.5667,  1.00000000,1,0,0.025000000000000001,0.5
1075.6000,  1.00000000,1,0,0.0,0.5
1075.6333,  1.00000000,1,0,0.025000000000000001,0.5
1075.6667,  1.00000000,1,0,0.050000000000000003,0.5
1075.7000,  1.00000000,1,0,0.025000000000000001,0.5
1075.7333,  1.00000000,1,0,0.0,0.5
1075.7667,  1.00000000,1,0,0.0,0.5
1075.8000,  1.00000000,1,0,0.0,0.5
1075.8333,  1.00000000,1,0,0.0,0.5
1075.8667,  1.00000000,1,0,0.0,0.5
1075.9000,  1.00000000,1,0,0.0,0.5
1075.9333,  1.00000000,1,0,0.0,0.5
1075.9667,  1.00000000,1,0,0.025000000000000001,0.5
1076.0000,  1.00000000,1,0,0.025000000000000001,0.5
1076.0333,  1.00000000,1,0,0.0,0.5
1076.0667,  1.00000000,1,0,0.0,0.5
1076.1000,  1.00000000,1,0,0.0,0.5
1076.1333,  1.00000000,1,0,0.050000000000000003,0.5
1076.1667,  1.00000000,1,0,0.025000000000000001,0.5
1076.2000,  1.00000000,1,0,0.025000000000000001,0.5
1076.2333,  1.00000000,1,0,0.0,0.5
1076.2667,  1.00000000,1,0,0.025000000000000001,0.5
1076.3000,  1.00000000,1,0,0.0,0.5
1076.3333,  1.00000000,1,0,0.0,0.5
1076.3667,  1.00000000,1,0,0.0,0.5
1076.4000,  1.00000000,1,0,0.025000000000000001,0.5
1076.4333,  1.00000000,1,0,0.0,0.5
1076.4667,  1.00000000,1,0,0.050000000000000003,0.5
1076.5000,  1.00000000,1,0,0.025000000000000001,0.5
1076.5333,  1.00000000,1,0,0.0,0.5
1076.5667,  1.00000000,1,0,0.0,0.5
1076.6000,  1.00000000,1,0,0.0,0.5
1076.6333,  1.00000000,1,0,0.0,0.5
1076.6667,  1.00000000,1,0,0.0,0.5
1076.7000,  1.00000000,1,0,0.0,0.5
1076.7333,  1.00000000,1,0,0.0,0.5
1076.7667,  1.00000000,1,0,0.0,0.5
1076.8000,  1.00000000,1,0,0.025000000000000001,0.5
1076.8333,  1.00000000,1,0,0.0,0.5
1076.8667,  1.00000000,1,0,0.0,0.5
1076.9000,  1.00000000,1,0,0.0,0.5
1076.9333,  1.00000000,1,0,0.025000000000000001,0.5
1076.9667,  1.00000000,1,0,0.025000000000000001,0.5
1077.0000,  1.00000000,1,0,0.025000000000000001,0.5
1077.0333,  1.00000000,1,0,0.0,0.5
1077.0667,  1.00000000,1,0,0.0,0.5
1077.1000,  1.00000000,1,0,0.050000000000000003,0.5
1077.1333,  1.00000000,1,0,0.0,0.5
1077.1667,  1.00000000,1,0,0.0,0.5
1077.2000,  1.00000000,1,0,0.0,0.5
1077.2333,  1.00000000,1,0,0.025000000000000001,0.5
1077.2667,  1.00000000,1,0,0.025000000000000001,0.5
1077.3000,  1.00000000,1,0,0.025000000000000001,0.5
1077.3333,  1.00000000,1,0,0.0,0.5
1077.3667,  1.00000000,1,0,0.050000000000000003,0.5
1077.4000,  1.00000000,1,0,0.025000000000000001,0.5
1077.4333,  1.00000000,1,0,0.025000000000000001,0.5
1077.4667,  1.00000000,1,0,0.025000000000000001,0.5
1077.5000,  1.00000000,1,0,0.025000000000000001,0.5
1077.5333,  1.00000000,1,0,0.0,0.5
1077.5667,  1.00000000,1,0,0.025000000000000001,0.5
1077.6000,  1.00000000,1,0,0.0,0.5
1077.6333,  1.00000000,1,0,0.0,0.5
1077.6667,  1.00000000,1,0,0.0,0.5
1077.7000,  1.00000000,1,0,0.050000000000000003,0.5
1077.7333,  1.00000000,1,0,0.0,0.5
1077.7667,  1.00000000,1,0,0.0,0.5
1077.8000,  1.00000000,1,0,0.0,0.5
1077.8333,  1.00000000,1,0,0.0,0.5
1077.8667,  1.00000000,1,0,0.0,0.5
1077.9000,  1.00000000,1,0,0.0,0.5
1077.9333,  1.00000000,1,0,0.025000000000000001,0.5
1077.9667,  1.00000000,1,0,0.050000000000000003,0.5
1078.0000,  1.00000000,1,0,0.074999999999999997,0.5
1078.0333,  1.00000000,1,0,0.025000000000000001,0.5
1078.0667,  1.00000000,1,0,0.025000000000000001,0.5
1078.1000,  1.00000000,1,0,0.0,0.5
1078.1333,  1.00000000,1,0,0.0,0.5
1078.1667,  1.00000000,1,0,0.050000000000000003,0.5
1078.2000,  1.00000000,1,0,0.0,0.5
1078.2333,  1.00000000,1,0,0.025000000000000001,0.5
1078.2667,  1.00000000,1,0,0.025000000000000001,0.5
1078.3000,  1.00000000,1,0,0.0,0.5
1078.3333,  1.00000000,1,0,0.0,0.5
1078.3667,  1.00000000,1,0,0.074999999999999997,0.5
1078.4000,  1.00000000,1,0,0.025000000000000001,0.5
1078.4333,  1.00000000,1,0,0.0,0.5
1078.4667,  1.00000000,1,0,0.025000000000000001,0.5
1078.5000,  1.00000000,1,0,0.0,0.5
1078.5333,  1.00000000,1,0,0.0,0.5
1078.5667,  1.00000000,1,0,0.0,0.5
1078.6000,  1.00000000,1,0,0.025000000000000001,0.5
1078.6333,  1.00000000,1,0,0.0,0.5
1078.6667,  1.00000000,1,0,0.025000000000000001,0.5
1078.7000,  1.00000000,1,0,0.025000000000000001,0.5
1078.7333,  1.00000000,1,0,0.074999999999999997,0.5
1078.7667,  1.00000000,1,0,0.0,0.5
1078.8000,  1.00000000,1,0,0.025000000000000001,0.5
1078.8333,  1.00000000,1,0,0.0,0.5
1078.8667,  1.00000000,1,0,0.050000000000000003,0.5
1078.9000,  1.00000000,1,0,0.0,0.5
1078.9333,  1.00000000,1,0,0.0,0.5
1078.9667,  1.00000000,1,0,0.0,0.5
1079.0000,  1.00000000,1,0,0.0,0.5
1079.0333,  1.00000000,1,0,0.0,0.5
1079.0667,  1.00000000,1,0,0.0,0.5
1079.1000,  1.00000000,1,0,0.0,0.5
1079.1333,  1.00000000,1,0,0.025000000000000001,0.5
1079.1667,  1.00000000,1,0,0.0,0.5
1079.2000,  1.00000000,1,0,0.0,0.5
1079.2333,  1.00000000,1,0,0.0,0.5
1079.2667,  1.00000000,1,0,0.025000000000000001,0.5
1079.3000,  1.00000000,1,0,0.025000000000000001,0.5
1079.3333,  1.00000000,1,0,0.050000000000000003,0.5
1079.3667,  1.00000000,1,0,0.0,0.5
1079.4000,  1.00000000,1,0,0.0,0.5
1079.4333,  1.00000000,1,0,0.0,0.5
1079.4667,  1.00000000,1,0,0.025000000000000001,0.5
1079.5000,  1.00000000,1,0,0.025000000000000001,0.5
1079.5333,  1.00000000,1,0,0.025000000000000001,0.5
1079.5667,  1.00000000,1,0,0.025000000000000001,0.5
1079.6000,  1.00000000,1,0,0.025000000000000001,0.5
1079.6333,  1.00000000,1,0,0.0,0.5
1079.6667,  1.00000000,1,0,0.0,0.5
1079.7000,  1.00000000,1,0,0.0,0.5
1079.7333,  1.00000000,1,0,0.0,0.5
1079.7667,  1.00000000,1,0,0.0,0.5
1079.8000,  1.00000000,1,0,0.0,0.5
1079.8333,  1.00000000,1,0,0.0,0.5
1079.8667,  1.00000000,1,0,0.025000000000000001,0.5
1079.9000,  1.00000000,1,0,0.0,0.5
1079.9333,  1.00000000,1,0,0.0,0.5
1079.9667,  1.00000000,1,0,0.0,0.5
1080.0000,  1.00000000,1,0,0.0,0.5
1080.0333,  1.00000000,1,0,0.0,0.5
1080.0667,  1.00000000,1,0,0.025000000000000001,0.5
1080.1000,  1.00000000,1,0,0.050000000000000003,0.5
1080.1333,  1.00000000,1,0,0.025000000000000001,0.5
1080.1667,  1.00000000,1,0,0.025000000000000001,0.5
1080.2000,  1.00000000,1,0,0.0,0.5
1080.2333,  1.00000000,1,0,0.0,0.5
1080.2667,  1.00000000,1,0,0.050000000000000003,0.5
1080.3000,  1.00000000,1,0,0.0,0.5
1080.3333,  1.00000000,1,0,0.025000000000000001,0.5
1080.3667,  1.00000000,1,0,0.025000000000000001,0.5
1080.4000,  1.00000000,1,0,0.050000000000000003,0.5
1080.4333,  1.00000000,1,0,0.050000000000000003,0.5
1080.4667,  1.00000000,1,0,0.0,0.5
1080.5000,  1.00000000,1,0,0.050000000000000003,0.5
1080.5333,  1.00000000,1,0,0.050000000000000003,0.5
1080.5667,  1.00000000,1,0,0.025000000000000001,0.5
1080.6000,  1.00000000,1,0,0.050000000000000003,0.5
1080.6333,  1.00000000,1,0,0.025000000000000001,0.5
1080.6667,  1.00000000,1,0,0.0,0.5
1080.7000,  1.00000000,1,0,0.0,0.5
1080.7333,  1.00000000,1,0,0.025000000000000001,0.5
1080.7667,  1.00000000,1,0,0.025000000000000001,0.5
1080.8000,  1.00000000,1,0,0.0,0.5
1080.8333,  1.00000000,1,0,0.0,0.5
1080.8667,  1.00000000,1,0,0.0,0.5
1080.9000,  1.00000000,1,0,0.0,0.5
1080.9333,  1.00000000,1,0,0.0,0.5
1080.9667,  1.00000000,1,0,0.0,0.5
1081.0000,  1.00000000,1,0,0.0,0.5
1081.0333,  1.00000000,1,0,0.0,0.5
1081.0667,  1.00000000,1,0,0.0,0.5
1081.1000,  1.00000000,1,0,0.0,0.5
1081.1333,  1.00000000,1,0,0.025000000000000001,0.5
1081.1667,  1.00000000,1,0,0.025000000000000001,0.5
1081.2000,  1.00000000,1,0,0.025000000000000001,0.5
1081.2333,  1.00000000,1,0,0.0,0.5
1081.2667,  1.00000000,1,0,0.0,0.5
1081.3000,  1.00000000,1,0,0.0,0.5
1081.3333,  1.00000000,1,0,0.025000000000000001,0.5
1081.3667,  1.00000000,1,0,0.0,0.5
1081.4000,  1.00000000,1,0,0.0,0.5
1081.4333,  1.00000000,1,0,0.0,0.5
1081.4667,  1.00000000,1,0,0.0,0.5
1081.5000,  1.00000000,1,0,0.025000000000000001,0.5
1081.5333,  1.00000000,1,0,0.0,0.5
1081.5667,  1.00000000,1,0,0.025000000000000001,0.5
1081.6000,  1.00000000,1,0,0.025000000000000001,0.5
1081.6333,  1.00000000,1,0,0.025000000000000001,0.5
1081.6667,  1.00000000,1,0,0.0,0.5
1081.7000,  1.00000000,1,0,0.025000000000000001,0.5
1081.7333,  1.00000000,1,0,0.025000000000000001,0.5
1081.7667,  1.00000000,1,0,0.050000000000000003,0.5
1081.8000,  1.00000000,1,0,0.025000000000000001,0.5
1081.8333,  1.00000000,1,0,0.0,0.5
1081.8667,  1.00000000,1,0,0.0,0.5
1081.9000,  1.00000000,1,0,0.050000000000000003,0.5
1081.9333,  1.00000000,1,0,0.025000000000000001,0.5
1081.9667,  1.00000000,1,0,0.0,0.5
1082.0000,  1.00000000,1,0,0.0,0.5
1082.0333,  1.00000000,1,0,0.025000000000000001,0.5
1082.0667,  1.00000000,1,0,0.0,0.5
1082.1000,  1.00000000,1,0,0.0,0.5
1082.1333,  1.00000000,1,0,0.025000000000000001,0.5
1082.1667,  1.00000000,1,0,0.0,0.5
1082.2000,  1.00000000,1,0,0.025000000000000001,0.5
1082.2333,  1.00000000,1,0,0.0,0.5
1082.2667,  1.00000000,1,0,0.0,0.5
1082.3000,  1.00000000,1,0,0.074999999999999997,0.5
1082.3333,  1.00000000,1,0,0.0,0.5
1082.3667,  1.00000000,1,0,0.025000000000000001,0.5
1082.4000,  1.00000000,1,0,0.0,0.5
1082.4333,  1.00000000,1,0,0.0,0.5
1082.4667,  1.00000000,1,0,0.0,0.5
1082.5000,  1.00000000,1,0,0.050000000000000003,0.5
1082.5333,  1.00000000,1,0,0.0,0.5
1082.5667,  1.00000000,1,0,0.0,0.5
1082.6000,  1.00000000,1,0,0.0,0.5
1082.6333,  1.00000000,1,0,0.0,0.5
1082.6667,  1.00000000,1,0,0.025000000000000001,0.5
1082.7000,  1.00000000,1,0,0.025000000000000001,0.5
1082.7333,  1.00000000,1,0,0.0,0.5
1082.7667,  1.00000000,1,0,0.0,0.5
1082.8000,  1.00000000,1,0,0.025000000000000001,0.5
1082.8333,  1.00000000,1,0,0.0,0.5
1082.8667,  1.00000000,1,0,0.0,0.5
1082.9000,  1.00000000,1,0,0.0,0.5
1082.9333,  1.00000000,1,0,0.0,0.5
1082.9667,  1.00000000,1,0,0.025000000000000001,0.5
1083.0000,  1.00000000,1,0,0.0,0.5
1083.0333,  1.00000000,1,0,0.050000000000000003,0.5
1083.0667,  1.00000000,1,0,0.025000000000000001,0.5
1083.1000,  1.00000000,1,0,0.025000000000000001,0.5
1083.1333,  1.00000000,1,0,0.025000000000000001,0.5
1083.1667,  1.00000000,1,0,0.025000000000000001,0.5
1083.2000,  1.00000000,1,0,0.025000000000000001,0.5
1083.2333,  1.00000000,1,0,0.025000000000000001,0.5
1083.2667,  1.00000000,1,0,0.025000000000000001,0.5
1083.3000,  1.00000000,1,0,0.025000000000000001,0.5
1083.3333,  1.00000000,1,0,0.0,0.5
1083.3667,  1.00000000,1,0,0.0,0.5
1083.4000,  1.00000000,1,0,0.050000000000000003,0.5
1083.4333,  1.00000000,1,0,0.050000000000000003,0.5
1083.4667,  1.00000000,1,0,0.050000000000000003,0.5
1083.5000,  1.00000000,1,0,0.0,0.5
1083.5333,  1.00000000,1,0,0.025000000000000001,0.5
1083.5667,  1.00000000,1,0,0.025000000000000001,0.5
1083.6000,  1.00000000,1,0,0.025000000000000001,0.5
1083.6333,  1.00000000,1,0,0.025000000000000001,0.5
1083.6667,  1.00000000,1,0,0.025000000000000001,0.5
1083.7000,  1.00000000,1,0,0.0,0.5
1083.7333,  1.00000000,1,0,0.0,0.5
1083.7667,  1.00000000,1,0,0.0,0.5
1083.8000,  1.00000000,1,0,0.0,0.5
1083.8333,  1.00000000,1,0,0.025000000000000001,0.5
1083.8667,  1.00000000,1,0,0.025000000000000001,0.5
1083.9000,  1.00000000,1,0,0.050000000000000003,0.5
1083.9333,  1.00000000,1,0,0.0,0.5
1083.9667,  1.00000000,1,0,0.0,0.5
1084.0000,  1.00000000,1,0,0.0,0.5
1084.0333,  1.00000000,1,0,0.0,0.5
1084.0667,  1.00000000,1,0,0.0,0.5
1084.1000,  1.00000000,1,0,0.0,0.5
1084.1333,  1.00000000,1,0,0.0,0.5
1084.1667,  1.00000000,1,0,0.0,0.5
1084.2000,  1.00000000,1,0,0.0,0.5
1084.2333,  1.00000000,1,0,0.0,0.5
1084.2667,  1.00000000,1,0,0.0,0.5
1084.3000,  1.00000000,1,0,0.0,0.5
1084.3333,  1.00000000,1,0,0.0,0.5
1084.3667,  1.00000000,1,0,0.0,0.5
1084.4000,  1.00000000,1,0,0.0,0.5
1084.4333,  1.00000000,1,0,0.025000000000000001,0.5
1084.4667,  1.00000000,1,0,0.0,0.5
1084.5000,  1.00000000,1,0,0.025000000000000001,0.5
1084.5333,  1.00000000,1,0,0.025000000000000001,0.5
1084.5667,  1.00000000,1,0,0.0,0.5
1084.6000,  1.00000000,1,0,0.025000000000000001,0.5
1084.6333,  1.00000000,1,0,0.0,0.5
1084.6667,  1.00000000,1,0,0.0,0.5
1084.7000,  1.00000000,1,0,0.050000000000000003,0.5
1084.7333,  1.00000000,1,0,0.050000000000000003,0.5
1084.7667,  1.00000000,1,0,0.0,0.5
1084.8000,  1.00000000,1,0,0.025000000000000001,0.5
1084.8333,  1.00000000,1,0,0.025000000000000001,0.5
1084.8667,  1.00000000,1,0,0.050000000000000003,0.5
1084.9000,  1.00000000,1,0,0.025000000000000001,0.5
1084.9333,  1.00000000,1,0,0.0,0.5
1084.9667,  1.00000000,1,0,0.0,0.5
1085.0000,  1.00000000,1,0,0.025000000000000001,0.5
1085.0333,  1.00000000,1,0,0.050000000000000003,0.5
1085.0667,  1.00000000,1,0,0.025000000000000001,0.5
1085.1000,  1.00000000,1,0,0.025000000000000001,0.5
1085.1333,  1.00000000,1,0,0.025000000000000001,0.5
1085.1667,  1.00000000,1,0,0.025000000000000001,0.5
1085.2000,  1.00000000,1,0,0.0,0.5
1085.2333,  1.00000000,1,0,0.0,0.5
1085.2667,  1.00000000,1,0,0.0,0.5
1085.3000,  1.00000000,1,0,0.0,0.5
1085.3333,  1.00000000,1,0,0.0,0.5
1085.3667,  1.00000000,1,0,0.0,0.5
1085.4000,  1.00000000,1,0,0.0,0.5
1085.4333,  1.00000000,1,0,0.0,0.5
1085.4667,  1.00000000,1,0,0.050000000000000003,0.5
1085.5000,  1.00000000,1,0,0.0,0.5
1085.5333,  1.00000000,1,0,0.0,0.5
1085.5667,  1.00000000,1,0,0.0,0.5
1085.6000,  1.00000000,1,0,0.0,0.5
1085.6333,  1.00000000,1,0,0.025000000000000001,0.5
1085.6667,  1.00000000,1,0,0.050000000000000003,0.5
1085.7000,  1.00000000,1,0,0.0,0.5
1085.7333,  1.00000000,1,0,0.025000000000000001,0.5
1085.7667,  1.00000000,1,0,0.0,0.5
1085.8000,  1.00000000,1,0,0.0,0.5
1085.8333,  1.00000000,1,0,0.0,0.5
1085.8667,  1.00000000,1,0,0.025000000000000001,0.5
1085.9000,  1.00000000,1,0,0.0,0.5
1085.9333,  1.00000000,1,0,0.0,0.5
1085.9667,  1.00000000,1,0,0.025000000000000001,0.5
1086.0000,  1.00000000,1,0,0.050000000000000003,0.5
1086.0333,  1.00000000,1,0,0.025000000000000001,0.5
1086.0667,  1.00000000,1,0,0.0,0.5
1086.1000,  1.00000000,1,0,0.025000000000000001,0.5
1086.1333,  1.00000000,1,0,0.0,0.5
1086.1667,  1.00000000,1,0,0.050000000000000003,0.5
1086.2000,  1.00000000,1,0,0.0,0.5
1086.2333,  1.00000000,1,0,0.0,0.5
1086.2667,  1.00000000,1,0,0.0,0.5
1086.3000,  1.00000000,1,0,0.025000000000000001,0.5
1086.3333,  1.00000000,1,0,0.0,0.5
1086.3667,  1.00000000,1,0,0.025000000000000001,0.5
1086.4000,  1.00000000,1,0,0.0,0.5
1086.4333,  1.00000000,1,0,0.025000000000000001,0.5
1086.4667,  1.00000000,1,0,0.025000000000000001,0.5
1086.5000,  1.00000000,1,0,0.0,0.5
1086.5333,  1.00000000,1,0,0.025000000000000001,0.5
1086.5667,  1.00000000,1,0,0.0,0.5
1086.6000,  1.00000000,1,0,0.0,0.5
1086.6333,  1.00000000,1,0,0.050000000000000003,0.5
1086.6667,  1.00000000,1,0,0.025000000000000001,0.5
1086.7000,  1.00000000,1,0,0.025000000000000001,0.5
1086.7333,  1.00000000,1,0,0.025000000000000001,0.5
1086.7667,  1.00000000,1,0,0.0,0.5
1086.8000,  1.00000000,1,0,0.050000000000000003,0.5
1086.8333,  1.00000000,1,0,0.0,0.5
1086.8667,  1.00000000,1,0,0.0,0.5
1086.9000,  1.00000000,1,0,0.0,0.5
1086.9333,  1.00000000,1,0,0.0,0.5
1086.9667,  1.00000000,1,0,0.0,0.5
1087.0000,  1.00000000,1,0,0.0,0.5
1087.0333,  1.00000000,1,0,0.025000000000000001,0.5
1087.0667,  1.00000000,1,0,0.0,0.5
1087.1000,  1.00000000,1,0,0.025000000000000001,0.5
1087.1333,  1.00000000,1,0,0.0,0.5
1087.1667,  1.00000000,1,0,0.050000000000000003,0.5
1087.2000,  1.00000000,1,0,0.0,0.5
1087.2333,  1.00000000,1,0,0.0,0.5
1087.2667,  1.00000000,1,0,0.050000000000000003,0.5
1087.3000,  1.00000000,1,0,0.050000000000000003,0.5
1087.3333,  1.00000000,1,0,0.050000000000000003,0.5
1087.3667,  1.00000000,1,0,0.050000000000000003,0.5
1087.4000,  1.00000000,1,0,0.0,0.5
1087.4333,  1.00000000,1,0,0.0,0.5
1087.4667,  1.00000000,1,0,0.0,0.5
1087.5000,  1.00000000,1,0,0.0,0.5
1087.5333,  1.00000000,1,0,0.0,0.5
1087.5667,  1.00000000,1,0,0.0,0.5
1087.6000,  1.00000000,1,0,0.0,0.5
1087.6333,  1.00000000,1,0,0.0,0.5
1087.6667,  1.00000000,1,0,0.0,0.5
1087.7000,  1.00000000,1,0,0.0,0.5
1087.7333,  1.00000000,1,0,0.0,0.5
1087.7667,  1.00000000,1,0,0.0,0.5
1087.8000,  1.00000000,1,0,0.0,0.5
1087.8333,  1.00000000,1,0,0.0,0.5
1087.8667,  1.00000000,1,0,0.0,0.5
1087.9000,  1.00000000,1,0,0.025000000000000001,0.5
1087.9333,  1.00000000,1,0,0.0,0.5
1087.9667,  1.00000000,1,0,0.0,0.5
1088.0000,  1.00000000,1,0,0.025000000000000001,0.5
1088.0333,  1.00000000,1,0,0.0,0.5
1088.0667,  1.00000000,1,0,0.0,0.5
1088.1000,  1.00000000,1,0,0.025000000000000001,0.5
1088.1333,  1.00000000,1,0,0.025000000000000001,0.5
1088.1667,  1.00000000,1,0,0.0,0.5
1088.2000,  1.00000000,1,0,0.0,0.5
1088.2333,  1.00000000,1,0,0.0,0.5
1088.2667,  1.00000000,1,0,0.0,0.5
1088.3000,  1.00000000,1,0,0.0,0.5
1088.3333,  1.00000000,1,0,0.025000000000000001,0.5
1088.3667,  1.00000000,1,0,0.025000000000000001,0.5
1088.4000,  1.00000000,1,0,0.0,0.5
1088.4333,  1.00000000,1,0,0.025000000000000001,0.5
1088.4667,  1.00000000,1,0,0.025000000000000001,0.5
1088.5000,  1.00000000,1,0,0.0,0.5
1088.5333,  1.00000000,1,0,0.0,0.5
1088.5667,  1.00000000,1,0,0.0,0.5
1088.6000,  1.00000000,1,0,0.025000000000000001,0.5
1088.6333,  1.00000000,1,0,0.0,0.5
1088.6667,  1.00000000,1,0,0.0,0.5
1088.7000,  1.00000000,1,0,0.025000000000000001,0.5
1088.7333,  1.00000000,1,0,0.025000000000000001,0.5
1088.7667,  1.00000000,1,0,0.025000000000000001,0.5
1088.8000,  1.00000000,1,0,0.0,0.5
1088.8333,  1.00000000,1,0,0.0,0.5
1088.8667,  1.00000000,1,0,0.025000000000000001,0.5
1088.9000,  1.00000000,1,0,0.0,0.5
1088.9333,  1.00000000,1,0,0.0,0.5
1088.9667,  1.00000000,1,0,0.025000000000000001,0.5
1089.0000,  1.00000000,1,0,0.0,0.5
1089.0333,  1.00000000,1,0,0.0,0.5
1089.0667,  1.00000000,1,0,0.0,0.5
1089.1000,  1.00000000,1,0,0.0,0.5
1089.1333,  1.00000000,1,0,0.0,0.5
1089.1667,  1.00000000,1,0,0.0,0.5
1089.2000,  1.00000000,1,0,0.0,0.5
1089.2333,  1.00000000,1,0,0.025000000000000001,0.5
1089.2667,  1.00000000,1,0,0.025000000000000001,0.5
1089.3000,  1.00000000,1,0,0.0,0.5
1089.3333,  1.00000000,1,0,0.0,0.5
1089.3667,  1.00000000,1,0,0.0,0.5
1089.4000,  1.00000000,1,0,0.0,0.5
1089.4333,  1.00000000,1,0,0.0,0.5
1089.4667,  1.00000000,1,0,0.0,0.5
1089.5000,  1.00000000,1,0,0.025000000000000001,0.5
1089.5333,  1.00000000,1,0,0.025000000000000001,0.5
1089.5667,  1.00000000,1,0,0.0,0.5
1089.6000,  1.00000000,1,0,0.0,0.5
1089.6333,  1.00000000,1,0,0.0,0.5
1089.6667,  1.00000000,1,0,0.025000000000000001,0.5
1089.7000,  1.00000000,1,0,0.0,0.5
1089.7333,  1.00000000,1,0,0.0,0.5
1089.7667,  1.00000000,1,0,0.074999999999999997,0.5
1089.8000,  1.00000000,1,0,0.025000000000000001,0.5
1089.8333,  1.00000000,1,0,0.025000000000000001,0.5
1089.8667,  1.00000000,1,0,0.025000000000000001,0.5
1089.9000,  1.00000000,1,0,0.025000000000000001,0.5
1089.9333,  1.00000000,1,0,0.0,0.5
1089.9667,  1.00000000,1,0,0.025000000000000001,0.5
1090.0000,  1.00000000,1,0,0.050000000000000003,0.5
1090.0333,  1.00000000,1,0,0.0,0.5
1090.0667,  1.00000000,1,0,0.025000000000000001,0.5
1090.1000,  1.00000000,1,0,0.050000000000000003,0.5
1090.1333,  1.00000000,1,0,0.025000000000000001,0.5
1090.1667,  1.00000000,1,0,0.025000000000000001,0.5
1090.2000,  1.00000000,1,0,0.050000000000000003,0.5
1090.2333,  1.00000000,1,0,0.025000000000000001,0.5
1090.2667,  1.00000000,1,0,0.0,0.5
1090.3000,  1.00000000,1,0,0.0,0.5
1090.3333,  1.00000000,1,0,0.050000000000000003,0.5
1090.3667,  1.00000000,1,0,0.0,0.5
1090.4000,  1.00000000,1,0,0.025000000000000001,0.5
1090.4333,  1.00000000,1,0,0.025000000000000001,0.5
1090.4667,  1.00000000,1,0,0.0,0.5
1090.5000,  1.00000000,1,0,0.025000000000000001,0.5
1090.5333,  1.00000000,1,0,0.025000000000000001,0.5
1090.5667,  1.00000000,1,0,0.0,0.5
1090.6000,  1.00000000,1,0,0.0,0.5
1090.6333,  1.00000000,1,0,0.074999999999999997,0.5
1090.6667,  1.00000000,1,0,0.025000000000000001,0.5
1090.7000,  1.00000000,1,0,0.0,0.5
1090.7333,  1.00000000,1,0,0.025000000000000001,0.5
1090.7667,  1.00000000,1,0,0.025000000000000001,0.5
1090.8000,  1.00000000,1,0,0.050000000000000003,0.5
1090.8333,  1.00000000,1,0,0.0,0.5
1090.8667,  1.00000000,1,0,0.0,0.5
1090.9000,  1.00000000,1,0,0.025000000000000001,0.5
1090.9333,  1.00000000,1,0,0.0,0.5
1090.9667,  1.00000000,1,0,0.025000000000000001,0.5
1091.0000,  1.00000000,1,0,0.0,0.5
1091.0333,  1.00000000,1,0,0.0,0.5
1091.0667,  1.00000000,1,0,0.025000000000000001,0.5
1091.1000,  1.00000000,1,0,0.025000000000000001,0.5
1091.1333,  1.00000000,1,0,0.025000000000000001,0.5
1091.1667,  1.00000000,1,0,0.025000000000000001,0.5
1091.2000,  1.00000000,1,0,0.025000000000000001,0.5
1091.2333,  1.00000000,1,0,0.050000000000000003,0.5
1091.2667,  1.00000000,1,0,0.0,0.5
1091.3000,  1.00000000,1,0,0.025000000000000001,0.5
1091.3333,  1.00000000,1,0,0.0,0.5
1091.3667,  1.00000000,1,0,0.025000000000000001,0.5
1091.4000,  1.00000000,1,0,0.0,0.5
1091.4333,  1.00000000,1,0,0.0,0.5
1091.4667,  1.00000000,1,0,0.0,0.5
1091.5000,  1.00000000,1,0,0.0,0.5
1091.5333,  1.00000000,1,0,0.0,0.5
1091.5667,  1.00000000,1,0,0.0,0.5
1091.6000,  1.00000000,1,0,0.0,0.5
1091.6333,  1.00000000,1,0,0.0,0.5
1091.6667,  1.00000000,1,0,0.0,0.5
1091.7000,  1.00000000,1,0,0.0,0.5
1091.7333,  1.00000000,1,0,0.050000000000000003,0.5
1091.7667,  1.00000000,1,0,0.050000000000000003,0.5
1091.8000,  1.00000000,1,0,0.0,0.5
1091.8333,  1.00000000,1,0,0.025000000000000001,0.5
1091.8667,  1.00000000,1,0,0.050000000000000003,0.5
1091.9000,  1.00000000,1,0,0.050000000000000003,0.5
1091.9333,  1.00000000,1,0,0.050000000000000003,0.5
1091.9667,  1.00000000,1,0,0.025000000000000001,0.5
1092.0000,  1.00000000,1,0,0.025000000000000001,0.5
1092.0333,  1.00000000,1,0,0.025000000000000001,0.5
1092.0667,  1.00000000,1,0,0.050000000000000003,0.5
1092.1000,  1.00000000,1,0,0.025000000000000001,0.5
1092.1333,  1.00000000,1,0,0.050000000000000003,0.5
1092.1667,  1.00000000,1,0,0.025000000000000001,0.5
1092.2000,  1.00000000,1,0,0.025000000000000001,0.5
1092.2333,  1.00000000,1,0,0.0,0.5
1092.2667,  1.00000000,1,0,0.025000000000000001,0.5
1092.3000,  1.00000000,1,0,0.025000000000000001,0.5
1092.3333,  1.00000000,1,0,0.050000000000000003,0.5
1092.3667,  1.00000000,1,0,0.025000000000000001,0.5
1092.4000,  1.00000000,1,0,0.025000000000000001,0.5
1092.4333,  1.00000000,1,0,0.0,0.5
1092.4667,  1.00000000,1,0,0.025000000000000001,0.5
1092.5000,  1.00000000,1,0,0.0,0.5
1092.5333,  1.00000000,1,0,0.0,0.5
1092.5667,  1.00000000,1,0,0.0,0.5
1092.6000,  1.00000000,1,0,0.025000000000000001,0.5
1092.6333,  1.00000000,1,0,0.0,0.5
1092.6667,  1.00000000,1,0,0.0,0.5
1092.7000,  1.00000000,1,0,0.0,0.5
1092.7333,  1.00000000,1,0,0.025000000000000001,0.5
1092.7667,  1.00000000,1,0,0.025000000000000001,0.5
1092.8000,  1.00000000,1,0,0.0,0.5
1092.8333,  1.00000000,1,0,0.025000000000000001,0.5
1092.8667,  1.00000000,1,0,0.025000000000000001,0.5
1092.9000,  1.00000000,1,0,0.0,0.5
1092.9333,  1.00000000,1,0,0.0,0.5
1092.9667,  1.00000000,1,0,0.025000000000000001,0.5
1093.0000,  1.00000000,1,0,0.0,0.5
1093.0333,  1.00000000,1,0,0.0,0.5
1093.0667,  1.00000000,1,0,0.0,0.5
1093.1000,  1.00000000,1,0,0.0,0.5
1093.1333,  1.00000000,1,0,0.025000000000000001,0.5
1093.1667,  1.00000000,1,0,0.025000000000000001,0.5
1093.2000,  1.00000000,1,0,0.025000000000000001,0.5
1093.2333,  1.00000000,1,0,0.0,0.5
1093.2667,  1.00000000,1,0,0.050000000000000003,0.5
1093.3000,  1.00000000,1,0,0.050000000000000003,0.5
1093.3333,  1.00000000,1,0,0.025000000000000001,0.5
1093.3667,  1.00000000,1,0,0.050000000000000003,0.5
1093.4000,  1.00000000,1,0,0.0,0.5
1093.4333,  1.00000000,1,0,0.0,0.5
1093.4667,  1.00000000,1,0,0.0,0.5
1093.5000,  1.00000000,1,0,0.025000000000000001,0.5
1093.5333,  1.00000000,1,0,0.025000000000000001,0.5
1093.5667,  1.00000000,1,0,0.0,0.5
1093.6000,  1.00000000,1,0,0.0,0.5
1093.6333,  1.00000000,1,0,0.025000000000000001,0.5
1093.6667,  1.00000000,1,0,0.050000000000000003,0.5
1093.7000,  1.00000000,1,0,0.025000000000000001,0.5
1093.7333,  1.00000000,1,0,0.0,0.5
1093.7667,  1.00000000,1,0,0.025000000000000001,0.5
1093.8000,  1.00000000,1,0,0.025000000000000001,0.5
1093.8333,  1.00000000,1,0,0.025000000000000001,0.5
1093.8667,  1.00000000,1,0,0.025000000000000001,0.5
1093.9000,  1.00000000,1,0,0.0,0.5
1093.9333,  1.00000000,1,0,0.025000000000000001,0.5
1093.9667,  1.00000000,1,0,0.074999999999999997,0.5
1094.0000,  1.00000000,1,0,0.0,0.5
1094.0333,  1.00000000,1,0,0.050000000000000003,0.5
1094.0667,  1.00000000,1,0,0.025000000000000001,0.5
1094.1000,  1.00000000,1,0,0.025000000000000001,0.5
1094.1333,  1.00000000,1,0,0.050000000000000003,0.5
1094.1667,  1.00000000,1,0,0.025000000000000001,0.5
1094.2000,  1.00000000,1,0,0.025000000000000001,0.5
1094.2333,  1.00000000,1,0,0.025000000000000001,0.5
1094.2667,  1.00000000,1,0,0.050000000000000003,0.5
1094.3000,  1.00000000,1,0,0.0,0.5
1094.3333,  1.00000000,1,0,0.0,0.5
1094.3667,  1.00000000,1,0,0.025000000000000001,0.5
1094.4000,  1.00000000,1,0,0.025000000000000001,0.5
1094.4333,  1.00000000,1,0,0.025000000000000001,0.5
1094.4667,  1.00000000,1,0,0.0,0.5
1094.5000,  1.00000000,1,0,0.025000000000000001,0.5
1094.5333,  1.00000000,1,0,0.025000000000000001,0.5
1094.5667,  1.00000000,1,0,0.0,0.5
1094.6000,  1.00000000,1,0,0.025000000000000001,0.5
1094.6333,  1.00000000,1,0,0.0,0.5
1094.6667,  1.00000000,1,0,0.0,0.5
1094.7000,  1.00000000,1,0,0.025000000000000001,0.5
1094.7333,  1.00000000,1,0,0.0,0.5
1094.7667,  1.00000000,1,0,0.025000000000000001,0.5
1094.8000,  1.00000000,1,0,0.025000000000000001,0.5
1094.8333,  1.00000000,1,0,0.025000000000000001,0.5
1094.8667,  1.00000000,1,0,0.0,0.5
1094.9000,  1.00000000,1,0,0.0,0.5
1094.9333,  1.00000000,1,0,0.0,0.5
1094.9667,  1.00000000,1,0,0.0,0.5
1095.0000,  1.00000000,1,0,0.025000000000000001,0.5
1095.0333,  1.00000000,1,0,0.050000000000000003,0.5
1095.0667,  1.00000000,1,0,0.0,0.5
1095.1000,  1.00000000,1,0,0.0,0.5
1095.1333,  1.00000000,1,0,0.0,0.5
1095.1667,  1.00000000,1,0,0.050000000000000003,0.5
1095.2000,  1.00000000,1,0,0.050000000000000003,0.5
1095.2333,  1.00000000,1,0,0.0,0.5
1095.2667,  1.00000000,1,0,0.025000000000000001,0.5
1095.3000,  1.00000000,1,0,0.0,0.5
1095.3333,  1.00000000,1,0,0.0,0.5
1095.3667,  1.00000000,1,0,0.025000000000000001,0.5
1095.4000,  1.00000000,1,0,0.025000000000000001,0.5
1095.4333,  1.00000000,1,0,0.025000000000000001,0.5
1095.4667,  1.00000000,1,0,0.025000000000000001,0.5
1095.5000,  1.00000000,1,0,0.0,0.5
1095.5333,  1.00000000,1,0,0.0,0.5
1095.5667,  1.00000000,1,0,0.0,0.5
1095.6000,  1.00000000,1,0,0.0,0.5
1095.6333,  1.00000000,1,0,0.0,0.5
1095.6667,  1.00000000,1,0,0.0,0.5
1095.7000,  1.00000000,1,0,0.0,0.5
1095.7333,  1.00000000,1,0,0.025000000000000001,0.5
1095.7667,  1.00000000,1,0,0.025000000000000001,0.5
1095.8000,  1.00000000,1,0,0.050000000000000003,0.5
1095.8333,  1.00000000,1,0,0.0,0.5
1095.8667,  1.00000000,1,0,0.050000000000000003,0.5
1095.9000,  1.00000000,1,0,0.0,0.5
1095.9333,  1.00000000,1,0,0.0,0.5
1095.9667,  1.00000000,1,0,0.0,0.5
1096.0000,  1.00000000,1,0,0.0,0.5
1096.0333,  1.00000000,1,0,0.025000000000000001,0.5
1096.0667,  1.00000000,1,0,0.025000000000000001,0.5
1096.1000,  1.00000000,1,0,0.0,0.5
1096.1333,  1.00000000,1,0,0.0,0.5
1096.1667,  1.00000000,1,0,0.0,0.5
1096.2000,  1.00000000,1,0,0.0,0.5
1096.2333,  1.00000000,1,0,0.0,0.5
1096.2667,  1.00000000,1,0,0.0,0.5
1096.3000,  1.00000000,1,0,0.0,0.5
1096.3333,  1.00000000,1,0,0.025000000000000001,0.5
1096.3667,  1.00000000,1,0,0.025000000000000001,0.5
1096.4000,  1.00000000,1,0,0.0,0.5
1096.4333,  1.00000000,1,0,0.0,0.5
1096.4667,  1.00000000,1,0,0.025000000000000001,0.5
1096.5000,  1.00000000,1,0,0.025000000000000001,0.5
1096.5333,  1.00000000,1,0,0.0,0.5
1096.5667,  1.00000000,1,0,0.025000000000000001,0.5
1096.6000,  1.00000000,1,0,0.0,0.5
1096.6333,  1.00000000,1,0,0.0,0.5
1096.6667,  1.00000000,1,0,0.0,0.5
1096.7000,  1.00000000,1,0,0.0,0.5
1096.7333,  1.00000000,1,0,0.025000000000000001,0.5
1096.7667,  1.00000000,1,0,0.0,0.5
1096.8000,  1.00000000,1,0,0.0,0.5
1096.8333,  1.00000000,1,0,0.0,0.5
1096.8667,  1.00000000,1,0,0.0,0.5
1096.9000,  1.00000000,1,0,0.0,0.5
1096.9333,  1.00000000,1,0,0.0,0.5
1096.9667,  1.00000000,1,0,0.0,0.5
1097.0000,  1.00000000,1,0,0.0,0.5
1097.0333,  1.00000000,1,0,0.0,0.5
1097.0667,  1.00000000,1,0,0.0,0.5
1097.1000,  1.00000000,1,0,0.0,0.5
1097.1333,  1.00000000,1,0,0.025000000000000001,0.5
1097.1667,  1.00000000,1,0,0.025000000000000001,0.5
1097.2000,  1.00000000,1,0,0.0,0.5
1097.2333,  1.00000000,1,0,0.0,0.5
1097.2667,  1.00000000,1,0,0.0,0.5
1097.3000,  1.00000000,1,0,0.0,0.5
1097.3333,  1.00000000,1,0,0.025000000000000001,0.5
1097.3667,  1.00000000,1,0,0.0,0.5
1097.4000,  1.00000000,1,0,0.025000000000000001,0.5
1097.4333,  1.00000000,1,0,0.0,0.5
1097.4667,  1.00000000,1,0,0.0,0.5
1097.5000,  1.00000000,1,0,0.0,0.5
1097.5333,  1.00000000,1,0,0.0,0.5
1097.5667,  1.00000000,1,0,0.0,0.5
1097.6000,  1.00000000,1,0,0.0,0.5
1097.6333,  1.00000000,1,0,0.0,0.5
1097.6667,  1.00000000,1,0,0.0,0.5
1097.7000,  1.00000000,1,0,0.0,0.5
1097.7333,  1.00000000,1,0,0.025000000000000001,0.5
1097.7667,  1.00000000,1,0,0.0,0.5
1097.8000,  1.00000000,1,0,0.0,0.5
1097.8333,  1.00000000,1,0,0.025000000000000001,0.5
1097.8667,  1.00000000,1,0,0.0,0.5
1097.9000,  1.00000000,1,0,0.0,0.5
1097.9333,  1.00000000,1,0,0.025000000000000001,0.5
1097.9667,  1.00000000,1,0,0.0,0.5
1098.0000,  1.00000000,1,0,0.0,0.5
1098.0333,  1.00000000,1,0,0.0,0.5
1098.0667,  1.00000000,1,0,0.0,0.5
1098.1000,  1.00000000,1,0,0.0,0.5
1098.1333,  1.00000000,1,0,0.0,0.5
1098.1667,  1.00000000,1,0,0.025000000000000001,0.5
1098.2000,  1.00000000,1,0,0.0,0.5
1098.2333,  1.00000000,1,0,0.0,0.5
1098.2667,  1.00000000,1,0,0.0,0.5
1098.3000,  1.00000000,1,0,0.0,0.5
1098.3333,  1.00000000,1,0,0.0,0.5
1098.3667,  1.00000000,1,0,0.025000000000000001,0.5
1098.4000,  1.00000000,1,0,0.0,0.5
1098.4333,  1.00000000,1,0,0.025000000000000001,0.5
1098.4667,  1.00000000,1,0,0.0,0.5
1098.5000,  1.00000000,1,0,0.025000000000000001,0.5
1098.5333,  1.00000000,1,0,0.025000000000000001,0.5
1098.5667,  1.00000000,1,0,0.025000000000000001,0.5
1098.6000,  1.00000000,1,0,0.0,0.5
1098.6333,  1.00000000,1,0,0.0,0.5
1098.6667,  1.00000000,1,0,0.0,0.5
1098.7000,  1.00000000,1,0,0.025000000000000001,0.5
1098.7333,  1.00000000,1,0,0.0,0.5
1098.7667,  1.00000000,1,0,0.025000000000000001,0.5
1098.8000,  1.00000000,1,0,0.025000000000000001,0.5
1098.8333,  1.00000000,1,0,0.0,0.5
1098.8667,  1.00000000,1,0,0.025000000000000001,0.5
1098.9000,  1.00000000,1,0,0.0,0.5
1098.9333,  1.00000000,1,0,0.050000000000000003,0.5
1098.9667,  1.00000000,1,0,0.025000000000000001,0.5
1099.0000,  1.00000000,1,0,0.0,0.5
1099.0333,  1.00000000,1,0,0.050000000000000003,0.5
1099.0667,  1.00000000,1,0,0.0,0.5
1099.1000,  1.00000000,1,0,0.0,0.5
1099.1333,  1.00000000,1,0,0.025000000000000001,0.5
1099.1667,  1.00000000,1,0,0.025000000000000001,0.5
1099.2000,  1.00000000,1,0,0.0,0.5
1099.2333,  1.00000000,1,0,0.0,0.5
1099.2667,  1.00000000,1,0,0.025000000000000001,0.5
1099.3000,  1.00000000,1,0,0.050000000000000003,0.5
1099.3333,  1.00000000,1,0,0.025000000000000001,0.5
1099.3667,  1.00000000,1,0,0.0,0.5
1099.4000,  1.00000000,1,0,0.0,0.5
1099.4333,  1.00000000,1,0,0.025000000000000001,0.5
1099.4667,  1.00000000,1,0,0.0,0.5
1099.5000,  1.00000000,1,0,0.0,0.5
1099.5333,  1.00000000,1,0,0.050000000000000003,0.5
1099.5667,  1.00000000,1,0,0.050000000000000003,0.5
1099.6000,  1.00000000,1,0,0.025000000000000001,0.5
1099.6333,  1.00000000,1,0,0.025000000000000001,0.5
1099.6667,  1.00000000,1,0,0.0,0.5
1099.7000,  1.00000000,1,0,0.050000000000000003,0.5
1099.7333,  1.00000000,1,0,0.025000000000000001,0.5
1099.7667,  1.00000000,1,0,0.025000000000000001,0.5
1099.8000,  1.00000000,1,0,0.0,0.5
1099.8333,  1.00000000,1,0,0.025000000000000001,0.5
1099.8667,  1.00000000,1,0,0.025000000000000001,0.5
1099.9000,  1.00000000,1,0,0.025000000000000001,0.5
1099.9333,  1.00000000,1,0,0.025000000000000001,0.5
1099.9667,  1.00000000,1,0,0.0,0.5
1100.0000,  1.00000000,1,0,0.0,0.5
1100.0333,  1.00000000,1,0,0.0,0.5
1100.0667,  1.00000000,1,0,0.050000000000000003,0.5
1100.1000,  1.00000000,1,0,0.025000000000000001,0.5
1100.1333,  1.00000000,1,0,0.025000000000000001,0.5
1100.1667,  1.00000000,1,0,0.025000000000000001,0.5
1100.2000,  1.00000000,1,0,0.0,0.5
1100.2333,  1.00000000,1,0,0.0,0.5
1100.2667,  1.00000000,1,0,0.074999999999999997,0.5
1100.3000,  1.00000000,1,0,0.0,0.5
1100.3333,  1.00000000,1,0,0.025000000000000001,0.5
1100.3667,  1.00000000,1,0,0.0,0.5
1100.4000,  1.00000000,1,0,0.025000000000000001,0.5
1100.4333,  1.00000000,1,0,0.0,0.5
1100.4667,  1.00000000,1,0,0.025000000000000001,0.5
1100.5000,  1.00000000,1,0,0.0,0.5
1100.5333,  1.00000000,1,0,0.025000000000000001,0.5
1100.5667,  1.00000000,1,0,0.025000000000000001,0.5
1100.6000,  1.00000000,1,0,0.0,0.5
1100.6333,  1.00000000,1,0,0.0,0.5
1100.6667,  1.00000000,1,0,0.0,0.5
1100.7000,  1.00000000,1,0,0.025000000000000001,0.5
1100.7333,  1.00000000,1,0,0.025000000000000001,0.5
1100.7667,  1.00000000,1,0,0.0,0.5
1100.8000,  1.00000000,1,0,0.0,0.5
1100.8333,  1.00000000,1,0,0.0,0.5
1100.8667,  1.00000000,1,0,0.0,0.5
1100.9000,  1.00000000,1,0,0.0,0.5
1100.9333,  1.00000000,1,0,0.025000000000000001,0.5
1100.9667,  1.00000000,1,0,0.025000000000000001,0.5
1101.0000,  1.00000000,1,0,0.025000000000000001,0.5
1101.0333,  1.00000000,1,0,0.050000000000000003,0.5
1101.0667,  1.00000000,1,0,0.025000000000000001,0.5
1101.1000,  1.00000000,1,0,0.025000000000000001,0.5
1101.1333,  1.00000000,1,0,0.050000000000000003,0.5
1101.1667,  1.00000000,1,0,0.0,0.5
1101.2000,  1.00000000,1,0,0.0,0.5
1101.2333,  1.00000000,1,0,0.0,0.5
1101.2667,  1.00000000,1,0,0.025000000000000001,0.5
1101.3000,  1.00000000,1,0,0.0,0.5
1101.3333,  1.00000000,1,0,0.0,0.5
1101.3667,  1.00000000,1,0,0.050000000000000003,0.5
1101.4000,  1.00000000,1,0,0.0,0.5
1101.4333,  1.00000000,1,0,0.025000000000000001,0.5
1101.4667,  1.00000000,1,0,0.0,0.5
1101.5000,  1.00000000,1,0,0.0,0.5
1101.5333,  1.00000000,1,0,0.0,0.5
1101.5667,  1.00000000,1,0,0.0,0.5
1101.6000,  1.00000000,1,0,0.0,0.5
1101.6333,  1.00000000,1,0,0.025000000000000001,0.5
1101.6667,  1.00000000,1,0,0.025000000000000001,0.5
1101.7000,  1.00000000,1,0,0.0,0.5
1101.7333,  1.00000000,1,0,0.0,0.5
1101.7667,  1.00000000,1,0,0.025000000000000001,0.5
1101.8000,  1.00000000,1,0,0.025000000000000001,0.5
1101.8333,  1.00000000,1,0,0.025000000000000001,0.5
1101.8667,  1.00000000,1,0,0.025000000000000001,0.5
1101.9000,  1.00000000,1,0,0.0,0.5
1101.9333,  1.00000000,1,0,0.0,0.5
1101.9667,  1.00000000,1,0,0.050000000000000003,0.5
1102.0000,  1.00000000,1,0,0.0,0.5
1102.0333,  1.00000000,1,0,0.0,0.5
1102.0667,  1.00000000,1,0,0.0,0.5
1102.1000,  1.00000000,1,0,0.0,0.5
1102.1333,  1.00000000,1,0,0.025000000000000001,0.5
1102.1667,  1.00000000,1,0,0.025000000000000001,0.5
1102.2000,  1.00000000,1,0,0.025000000000000001,0.5
1102.2333,  1.00000000,1,0,0.0,0.5
1102.2667,  1.00000000,1,0,0.025000000000000001,0.5
1102.3000,  1.00000000,1,0,0.0,0.5
1102.3333,  1.00000000,1,0,0.025000000000000001,0.5
1102.3667,  1.00000000,1,0,0.0,0.5
1102.4000,  1.00000000,1,0,0.025000000000000001,0.5
1102.4333,  1.00000000,1,0,0.0,0.5
1102.4667,  1.00000000,1,0,0.0,0.5
1102.5000,  1.00000000,1,0,0.025000000000000001,0.5
1102.5333,  1.00000000,1,0,0.0,0.5
1102.5667,  1.00000000,1,0,0.025000000000000001,0.5
1102.6000,  1.00000000,1,0,0.0,0.5
1102.6333,  1.00000000,1,0,0.025000000000000001,0.5
1102.6667,  1.00000000,1,0,0.0,0.5
1102.7000,  1.00000000,1,0,0.0,0.5
1102.7333,  1.00000000,1,0,0.050000000000000003,0.5
1102.7667,  1.00000000,1,0,0.025000000000000001,0.5
1102.8000,  1.00000000,1,0,0.025000000000000001,0.5
1102.8333,  1.00000000,1,0,0.0,0.5
1102.8667,  1.00000000,1,0,0.0,0.5
1102.9000,  1.00000000,1,0,0.0,0.5
1102.9333,  1.00000000,1,0,0.0,0.5
1102.9667,  1.00000000,1,0,0.0,0.5
1103.0000,  1.00000000,1,0,0.025000000000000001,0.5
1103.0333,  1.00000000,1,0,0.025000000000000001,0.5
1103.0667,  1.00000000,1,0,0.050000000000000003,0.5
1103.1000,  1.00000000,1,0,0.0,0.5
1103.1333,  1.00000000,1,0,0.0,0.5
1103.1667,  1.00000000,1,0,0.0,0.5
1103.2000,  1.00000000,1,0,0.0,0.5
1103.2333,  1.00000000,1,0,0.0,0.5
1103.2667,  1.00000000,1,0,0.050000000000000003,0.5
1103.3000,  1.00000000,1,0,0.0,0.5
1103.3333,  1.00000000,1,0,0.0,0.5
1103.3667,  1.00000000,1,0,0.050000000000000003,0.5
1103.4000,  1.00000000,1,0,0.025000000000000001,0.5
1103.4333,  1.00000000,1,0,0.0,0.5
1103.4667,  1.00000000,1,0,0.025000000000000001,0.5
1103.5000,  1.00000000,1,0,0.025000000000000001,0.5
1103.5333,  1.00000000,1,0,0.025000000000000001,0.5
1103.5667,  1.00000000,1,0,0.025000000000000001,0.5
1103.6000,  1.00000000,1,0,0.025000000000000001,0.5
1103.6333,  1.00000000,1,0,0.0,0.5
1103.6667,  1.00000000,1,0,0.050000000000000003,0.5
1103.7000,  1.00000000,1,0,0.050000000000000003,0.5
1103.7333,  1.00000000,1,0,0.0,0.5
1103.7667,  1.00000000,1,0,0.0,0.5
1103.8000,  1.00000000,1,0,0.0,0.5
1103.8333,  1.00000000,1,0,0.050000000000000003,0.5
1103.8667,  1.00000000,1,0,0.050000000000000003,0.5
1103.9000,  1.00000000,1,0,0.025000000000000001,0.5
1103.9333,  1.00000000,1,0,0.025000000000000001,0.5
1103.9667,  1.00000000,1,0,0.025000000000000001,0.5
1104.0000,  1.00000000,1,0,0.025000000000000001,0.5
1104.0333,  1.00000000,1,0,0.050000000000000003,0.5
1104.0667,  1.00000000,1,0,0.050000000000000003,0.5
1104.1000,  1.00000000,1,0,0.0,0.5
1104.1333,  1.00000000,1,0,0.025000000000000001,0.5
1104.1667,  1.00000000,1,0,0.0,0.5
1104.2000,  1.00000000,1,0,0.025000000000000001,0.5
1104.2333,  1.00000000,1,0,0.0,0.5
1104.2667,  1.00000000,1,0,0.025000000000000001,0.5
1104.3000,  1.00000000,1,0,0.0,0.5
1104.3333,  1.00000000,1,0,0.025000000000000001,0.5
1104.3667,  1.00000000,1,0,0.025000000000000001,0.5
1104.4000,  1.00000000,1,0,0.0,0.5
1104.4333,  1.00000000,1,0,0.025000000000000001,0.5
1104.4667,  1.00000000,1,0,0.0,0.5
1104.5000,  1.00000000,1,0,0.0,0.5
1104.5333,  1.00000000,1,0,0.0,0.5
1104.5667,  1.00000000,1,0,0.0,0.5
1104.6000,  1.00000000,1,0,0.025000000000000001,0.5
1104.6333,  1.00000000,1,0,0.025000000000000001,0.5
1104.6667,  1.00000000,1,0,0.0,0.5
1104.7000,  1.00000000,1,0,0.0,0.5
1104.7333,  1.00000000,1,0,0.0,0.5
1104.7667,  1.00000000,1,0,0.0,0.5
1104.8000,  1.00000000,1,0,0.0,0.5
1104.8333,  1.00000000,1,0,0.0,0.5
1104.8667,  1.00000000,1,0,0.0,0.5
1104.9000,  1.00000000,1,0,0.0,0.5
1104.9333,  1.00000000,1,0,0.0,0.5
1104.9667,  1.00000000,1,0,0.025000000000000001,0.5
1105.0000,  1.00000000,1,0,0.050000000000000003,0.5
1105.0333,  1.00000000,1,0,0.0,0.5
1105.0667,  1.00000000,1,0,0.050000000000000003,0.5
1105.1000,  1.00000000,1,0,0.0,0.5
1105.1333,  1.00000000,1,0,0.025000000000000001,0.5
1105.1667,  1.00000000,1,0,0.050000000000000003,0.5
1105.2000,  1.00000000,1,0,0.0,0.5
1105.2333,  1.00000000,1,0,0.0,0.5
1105.2667,  1.00000000,1,0,0.0,0.5
1105.3000,  1.00000000,1,0,0.0,0.5
1105.3333,  1.00000000,1,0,0.0,0.5
1105.3667,  1.00000000,1,0,0.0,0.5
1105.4000,  1.00000000,1,0,0.0,0.5
1105.4333,  1.00000000,1,0,0.0,0.5
1105.4667,  1.00000000,1,0,0.0,0.5
1105.5000,  1.00000000,1,0,0.0,0.5
1105.5333,  1.00000000,1,0,0.0,0.5
1105.5667,  1.00000000,1,0,0.0,0.5
1105.6000,  1.00000000,1,0,0.0,0.5
1105.6333,  1.00000000,1,0,0.0,0.5
1105.6667,  1.00000000,1,0,0.025000000000000001,0.5
1105.7000,  1.00000000,1,0,0.025000000000000001,0.5
1105.7333,  1.00000000,1,0,0.025000000000000001,0.5
1105.7667,  1.00000000,1,0,0.025000000000000001,0.5
1105.8000,  1.00000000,1,0,0.025000000000000001,0.5
1105.8333,  1.00000000,1,0,0.025000000000000001,0.5
1105.8667,  1.00000000,1,0,0.025000000000000001,0.5
1105.9000,  1.00000000,1,0,0.0,0.5
1105.9333,  1.00000000,1,0,0.0,0.5
1105.9667,  1.00000000,1,0,0.050000000000000003,0.5
1106.0000,  1.00000000,1,0,0.025000000000000001,0.5
1106.0333,  1.00000000,1,0,0.025000000000000001,0.5
1106.0667,  1.00000000,1,0,0.0,0.5
1106.1000,  1.00000000,1,0,0.074999999999999997,0.5
1106.1333,  1.00000000,1,0,0.050000000000000003,0.5
1106.1667,  1.00000000,1,0,0.0,0.5
1106.2000,  1.00000000,1,0,0.050000000000000003,0.5
1106.2333,  1.00000000,1,0,0.050000000000000003,0.5
1106.2667,  1.00000000,1,0,0.0,0.5
1106.3000,  1.00000000,1,0,0.025000000000000001,0.5
1106.3333,  1.00000000,1,0,0.0,0.5
1106.3667,  1.00000000,1,0,0.0,0.5
1106.4000,  1.00000000,1,0,0.025000000000000001,0.5
1106.4333,  1.00000000,1,0,0.025000000000000001,0.5
1106.4667,  1.00000000,1,0,0.0,0.5
1106.5000,  1.00000000,1,0,0.0,0.5
1106.5333,  1.00000000,1,0,0.0,0.5
1106.5667,  1.00000000,1,0,0.025000000000000001,0.5
1106.6000,  1.00000000,1,0,0.025000000000000001,0.5
1106.6333,  1.00000000,1,0,0.050000000000000003,0.5
1106.6667,  1.00000000,1,0,0.0,0.5
1106.7000,  1.00000000,1,0,0.050000000000000003,0.5
1106.7333,  1.00000000,1,0,0.0,0.5
1106.7667,  1.00000000,1,0,0.0,0.5
1106.8000,  1.00000000,1,0,0.0,0.5
1106.8333,  1.00000000,1,0,0.025000000000000001,0.5
1106.8667,  1.00000000,1,0,0.025000000000000001,0.5
1106.9000,  1.00000000,1,0,0.025000000000000001,0.5
1106.9333,  1.00000000,1,0,0.025000000000000001,0.5
1106.9667,  1.00000000,1,0,0.050000000000000003,0.5
1107.0000,  1.00000000,1,0,0.0,0.5
1107.0333,  1.00000000,1,0,0.0,0.5
1107.0667,  1.00000000,1,0,0.0,0.5
1107.1000,  1.00000000,1,0,0.0,0.5
1107.1333,  1.00000000,1,0,0.0,0.5
1107.1667,  1.00000000,1,0,0.025000000000000001,0.5
1107.2000,  1.00000000,1,0,0.0,0.5
1107.2333,  1.00000000,1,0,0.025000000000000001,0.5
1107.2667,  1.00000000,1,0,0.0,0.5
1107.3000,  1.00000000,1,0,0.0,0.5
1107.3333,  1.00000000,1,0,0.0,0.5
1107.3667,  1.00000000,1,0,0.025000000000000001,0.5
1107.4000,  1.00000000,1,0,0.0,0.5
1107.4333,  1.00000000,1,0,0.050000000000000003,0.5
1107.4667,  1.00000000,1,0,0.025000000000000001,0.5
1107.5000,  1.00000000,1,0,0.0,0.5
1107.5333,  1.00000000,1,0,0.0,0.5
1107.5667,  1.00000000,1,0,0.0,0.5
1107.6000,  1.00000000,1,0,0.0,0.5
1107.6333,  1.00000000,1,0,0.0,0.5
1107.6667,  1.00000000,1,0,0.025000000000000001,0.5
1107.7000,  1.00000000,1,0,0.025000000000000001,0.5
1107.7333,  1.00000000,1,0,0.0,0.5
1107.7667,  1.00000000,1,0,0.0,0.5
1107.8000,  1.00000000,1,0,0.0,0.5
1107.8333,  1.00000000,1,0,0.0,0.5
1107.8667,  1.00000000,1,0,0.025000000000000001,0.5
1107.9000,  1.00000000,1,0,0.025000000000000001,0.5
1107.9333,  1.00000000,1,0,0.0,0.5
1107.9667,  1.00000000,1,0,0.025000000000000001,0.5
1108.0000,  1.00000000,1,0,0.0,0.5
1108.0333,  1.00000000,1,0,0.0,0.5
1108.0667,  1.00000000,1,0,0.025000000000000001,0.5
1108.1000,  1.00000000,1,0,0.0,0.5
1108.1333,  1.00000000,1,0,0.025000000000000001,0.5
1108.1667,  1.00000000,1,0,0.0,0.5
1108.2000,  1.00000000,1,0,0.0,0.5
1108.2333,  1.00000000,1,0,0.0,0.5
1108.2667,  1.00000000,1,0,0.0,0.5
1108.3000,  1.00000000,1,0,0.025000000000000001,0.5
1108.3333,  1.00000000,1,0,0.0,0.5
1108.3667,  1.00000000,1,0,0.025000000000000001,0.5
1108.4000,  1.00000000,1,0,0.0,0.5
1108.4333,  1.00000000,1,0,0.0,0.5
1108.4667,  1.00000000,1,0,0.0,0.5
1108.5000,  1.00000000,1,0,0.0,0.5
1108.5333,  1.00000000,1,0,0.0,0.5
1108.5667,  1.00000000,1,0,0.0,0.5
1108.6000,  1.00000000,1,0,0.025000000000000001,0.5
1108.6333,  1.00000000,1,0,0.025000000000000001,0.5
1108.6667,  1.00000000,1,0,0.0,0.5
1108.7000,  1.00000000,1,0,0.025000000000000001,0.5
1108.7333,  1.00000000,1,0,0.025000000000000001,0.5
1108.7667,  1.00000000,1,0,0.025000000000000001,0.5
1108.8000,  1.00000000,1,0,0.025000000000000001,0.5
1108.8333,  1.00000000,1,0,0.050000000000000003,0.5
1108.8667,  1.00000000,1,0,0.025000000000000001,0.5
1108.9000,  1.00000000,1,0,0.025000000000000001,0.5
1108.9333,  1.00000000,1,0,0.025000000000000001,0.5
1108.9667,  1.00000000,1,0,0.050000000000000003,0.5
1109.0000,  1.00000000,1,0,0.0,0.5
1109.0333,  1.00000000,1,0,0.025000000000000001,0.5
1109.0667,  1.00000000,1,0,0.0,0.5
1109.1000,  1.00000000,1,0,0.050000000000000003,0.5
1109.1333,  1.00000000,1,0,0.0,0.5
1109.1667,  1.00000000,1,0,0.0,0.5
1109.2000,  1.00000000,1,0,0.025000000000000001,0.5
1109.2333,  1.00000000,1,0,0.025000000000000001,0.5
1109.2667,  1.00000000,1,0,0.050000000000000003,0.5
1109.3000,  1.00000000,1,0,0.025000000000000001,0.5
1109.3333,  1.00000000,1,0,0.025000000000000001,0.5
1109.3667,  1.00000000,1,0,0.074999999999999997,0.5
1109.4000,  1.00000000,1,0,0.0,0.5
1109.4333,  1.00000000,1,0,0.025000000000000001,0.5
1109.4667,  1.00000000,1,0,0.0,0.5
1109.5000,  1.00000000,1,0,0.0,0.5
1109.5333,  1.00000000,1,0,0.025000000000000001,0.5
1109.5667,  1.00000000,1,0,0.0,0.5
1109.6000,  1.00000000,1,0,0.0,0.5
1109.6333,  1.00000000,1,0,0.025000000000000001,0.5
1109.6667,  1.00000000,1,0,0.0,0.5
1109.7000,  1.00000000,1,0,0.025000000000000001,0.5
1109.7333,  1.00000000,1,0,0.0,0.5
1109.7667,  1.00000000,1,0,0.025000000000000001,0.5
1109.8000,  1.00000000,1,0,0.025000000000000001,0.5
1109.8333,  1.00000000,1,0,0.025000000000000001,0.5
1109.8667,  1.00000000,1,0,0.050000000000000003,0.5
1109.9000,  1.00000000,1,0,0.025000000000000001,0.5
1109.9333,  1.00000000,1,0,0.0,0.5
1109.9667,  1.00000000,1,0,0.025000000000000001,0.5
1110.0000,  1.00000000,1,0,0.025000000000000001,0.5
1110.0333,  1.00000000,1,0,0.0,0.5
1110.0667,  1.00000000,1,0,0.0,0.5
1110.1000,  1.00000000,1,0,0.0,0.5
1110.1333,  1.00000000,1,0,0.0,0.5
1110.1667,  1.00000000,1,0,0.0,0.5
1110.2000,  1.00000000,1,0,0.025000000000000001,0.5
1110.2333,  1.00000000,1,0,0.0,0.5
1110.2667,  1.00000000,1,0,0.025000000000000001,0.5
1110.3000,  1.00000000,1,0,0.025000000000000001,0.5
1110.3333,  1.00000000,1,0,0.0,0.5
1110.3667,  1.00000000,1,0,0.025000000000000001,0.5
1110.4000,  1.00000000,1,0,0.025000000000000001,0.5
1110.4333,  1.00000000,1,0,0.0,0.5
1110.4667,  1.00000000,1,0,0.0,0.5
1110.5000,  1.00000000,1,0,0.025000000000000001,0.5
1110.5333,  1.00000000,1,0,0.0,0.5
1110.5667,  1.00000000,1,0,0.0,0.5
1110.6000,  1.00000000,1,0,0.050000000000000003,0.5
1110.6333,  1.00000000,1,0,0.0,0.5
1110.6667,  1.00000000,1,0,0.0,0.5
1110.7000,  1.00000000,1,0,0.0,0.5
1110.7333,  1.00000000,1,0,0.025000000000000001,0.5
1110.7667,  1.00000000,1,0,0.0,0.5
1110.8000,  1.00000000,1,0,0.025000000000000001,0.5
1110.8333,  1.00000000,1,0,0.025000000000000001,0.5
1110.8667,  1.00000000,1,0,0.050000000000000003,0.5
1110.9000,  1.00000000,1,0,0.0,0.5
1110.9333,  1.00000000,1,0,0.0,0.5
1110.9667,  1.00000000,1,0,0.0,0.5
1111.0000,  1.00000000,1,0,0.0,0.5
1111.0333,  1.00000000,1,0,0.025000000000000001,0.5
1111.0667,  1.00000000,1,0,0.0,0.5
1111.1000,  1.00000000,1,0,0.0,0.5
1111.1333,  1.00000000,1,0,0.025000000000000001,0.5
1111.1667,  1.00000000,1,0,0.0,0.5
1111.2000,  1.00000000,1,0,0.025000000000000001,0.5
1111.2333,  1.00000000,1,0,0.050000000000000003,0.5
1111.2667,  1.00000000,1,0,0.0,0.5
1111.3000,  1.00000000,1,0,0.025000000000000001,0.5
1111.3333,  1.00000000,1,0,0.0,0.5
1111.3667,  1.00000000,1,0,0.025000000000000001,0.5
1111.4000,  1.00000000,1,0,0.050000000000000003,0.5
1111.4333,  1.00000000,1,0,0.050000000000000003,0.5
1111.4667,  1.00000000,1,0,0.0,0.5
1111.5000,  1.00000000,1,0,0.025000000000000001,0.5
1111.5333,  1.00000000,1,0,0.0,0.5
1111.5667,  1.00000000,1,0,0.025000000000000001,0.5
1111.6000,  1.00000000,1,0,0.0,0.5
1111.6333,  1.00000000,1,0,0.0,0.5
1111.6667,  1.00000000,1,0,0.0,0.5
1111.7000,  1.00000000,1,0,0.0,0.5
1111.7333,  1.00000000,1,0,0.0,0.5
1111.7667,  1.00000000,1,0,0.025000000000000001,0.5
1111.8000,  1.00000000,1,0,0.0,0.5
1111.8333,  1.00000000,1,0,0.0,0.5
1111.8667,  1.00000000,1,0,0.0,0.5
1111.9000,  1.00000000,1,0,0.025000000000000001,0.5
1111.9333,  1.00000000,1,0,0.025000000000000001,0.5
1111.9667,  1.00000000,1,0,0.0,0.5
1112.0000,  1.00000000,1,0,0.0,0.5
1112.0333,  1.00000000,1,0,0.0,0.5
1112.0667,  1.00000000,1,0,0.0,0.5
1112.1000,  1.00000000,1,0,0.0,0.5
1112.1333,  1.00000000,1,0,0.0,0.5
1112.1667,  1.00000000,1,0,0.0,0.5
1112.2000,  1.00000000,1,0,0.0,0.5
1112.2333,  1.00000000,1,0,0.025000000000000001,0.5
1112.2667,  1.00000000,1,0,0.0,0.5
1112.3000,  1.00000000,1,0,0.0,0.5
1112.3333,  1.00000000,1,0,0.025000000000000001,0.5
1112.3667,  1.00000000,1,0,0.050000000000000003,0.5
1112.4000,  1.00000000,1,0,0.0,0.5
1112.4333,  1.00000000,1,0,0.0,0.5
1112.4667,  1.00000000,1,0,0.025000000000000001,0.5
1112.5000,  1.00000000,1,0,0.025000000000000001,0.5
1112.5333,  1.00000000,1,0,0.0,0.5
1112.5667,  1.00000000,1,0,0.0,0.5
1112.6000,  1.00000000,1,0,0.025000000000000001,0.5
1112.6333,  1.00000000,1,0,0.0,0.5
1112.6667,  1.00000000,1,0,0.025000000000000001,0.5
1112.7000,  1.00000000,1,0,0.0,0.5
1112.7333,  1.00000000,1,0,0.0,0.5
1112.7667,  1.00000000,1,0,0.025000000000000001,0.5
1112.8000,  1.00000000,1,0,0.0,0.5
1112.8333,  1.00000000,1,0,0.025000000000000001,0.5
1112.8667,  1.00000000,1,0,0.0,0.5
1112.9000,  1.00000000,1,0,0.0,0.5
1112.9333,  1.00000000,1,0,0.0,0.5
1112.9667,  1.00000000,1,0,0.0,0.5
1113.0000,  1.00000000,1,0,0.025000000000000001,0.5
1113.0333,  1.00000000,1,0,0.0,0.5
1113.0667,  1.00000000,1,0,0.0,0.5
1113.1000,  1.00000000,1,0,0.0,0.5
1113.1333,  1.00000000,1,0,0.0,0.5
1113.1667,  1.00000000,1,0,0.050000000000000003,0.5
1113.2000,  1.00000000,1,0,0.0,0.5
1113.2333,  1.00000000,1,0,0.0,0.5
1113.2667,  1.00000000,1,0,0.050000000000000003,0.5
1113.3000,  1.00000000,1,0,0.0,0.5
1113.3333,  1.00000000,1,0,0.074999999999999997,0.5
1113.3667,  1.00000000,1,0,0.0,0.5
1113.4000,  1.00000000,1,0,0.050000000000000003,0.5
1113.4333,  1.00000000,1,0,0.0,0.5
1113.4667,  1.00000000,1,0,0.025000000000000001,0.5
1113.5000,  1.00000000,1,0,0.0,0.5
1113.5333,  1.00000000,1,0,0.025000000000000001,0.5
1113.5667,  1.00000000,1,0,0.025000000000000001,0.5
1113.6000,  1.00000000,1,0,0.0,0.5
1113.6333,  1.00000000,1,0,0.0,0.5
1113.6667,  1.00000000,1,0,0.0,0.5
1113.7000,  1.00000000,1,0,0.0,0.5
1113.7333,  1.00000000,1,0,0.0,0.5
1113.7667,  1.00000000,1,0,0.0,0.5
1113.8000,  1.00000000,1,0,0.050000000000000003,0.5
1113.8333,  1.00000000,1,0,0.0,0.5
1113.8667,  1.00000000,1,0,0.0,0.5
1113.9000,  1.00000000,1,0,0.025000000000000001,0.5
1113.9333,  1.00000000,1,0,0.0,0.5
1113.9667,  1.00000000,1,0,0.0,0.5
1114.0000,  1.00000000,1,0,0.0,0.5
1114.0333,  1.00000000,1,0,0.0,0.5
1114.0667,  1.00000000,1,0,0.0,0.5
1114.1000,  1.00000000,1,0,0.0,0.5
1114.1333,  1.00000000,1,0,0.0,0.5
1114.1667,  1.00000000,1,0,0.025000000000000001,0.5
1114.2000,  1.00000000,1,0,0.025000000000000001,0.5
1114.2333,  1.00000000,1,0,0.0,0.5
1114.2667,  1.00000000,1,0,0.0,0.5
1114.3000,  1.00000000,1,0,0.025000000000000001,0.5
1114.3333,  1.00000000,1,0,0.025000000000000001,0.5
1114.3667,  1.00000000,1,0,0.050000000000000003,0.5
1114.4000,  1.00000000,1,0,0.025000000000000001,0.5
1114.4333,  1.00000000,1,0,0.050000000000000003,0.5
1114.4667,  1.00000000,1,0,0.025000000000000001,0.5
1114.5000,  1.00000000,1,0,0.050000000000000003,0.5
1114.5333,  1.00000000,1,0,0.0,0.5
1114.5667,  1.00000000,1,0,0.0,0.5
1114.6000,  1.00000000,1,0,0.0,0.5
1114.6333,  1.00000000,1,0,0.025000000000000001,0.5
1114.6667,  1.00000000,1,0,0.025000000000000001,0.5
1114.7000,  1.00000000,1,0,0.025000000000000001,0.5
1114.7333,  1.00000000,1,0,0.050000000000000003,0.5
1114.7667,  1.00000000,1,0,0.0,0.5
1114.8000,  1.00000000,1,0,0.025000000000000001,0.5
1114.8333,  1.00000000,1,0,0.0,0.5
1114.8667,  1.00000000,1,0,0.0,0.5
1114.9000,  1.00000000,1,0,0.0,0.5
1114.9333,  1.00000000,1,0,0.025000000000000001,0.5
1114.9667,  1.00000000,1,0,0.0,0.5
1115.0000,  1.00000000,1,0,0.0,0.5
1115.0333,  1.00000000,1,0,0.025000000000000001,0.5
1115.0667,  1.00000000,1,0,0.025000000000000001,0.5
1115.1000,  1.00000000,1,0,0.025000000000000001,0.5
1115.1333,  1.00000000,1,0,0.025000000000000001,0.5
1115.1667,  1.00000000,1,0,0.0,0.5
1115.2000,  1.00000000,1,0,0.0,0.5
1115.2333,  1.00000000,1,0,0.0,0.5
1115.2667,  1.00000000,1,0,0.025000000000000001,0.5
1115.3000,  1.00000000,1,0,0.0,0.5
1115.3333,  1.00000000,1,0,0.025000000000000001,0.5
1115.3667,  1.00000000,1,0,0.025000000000000001,0.5
1115.4000,  1.00000000,1,0,0.025000000000000001,0.5
1115.4333,  1.00000000,1,0,0.050000000000000003,0.5
1115.4667,  1.00000000,1,0,0.025000000000000001,0.5
1115.5000,  1.00000000,1,0,0.0,0.5
1115.5333,  1.00000000,1,0,0.025000000000000001,0.5
1115.5667,  1.00000000,1,0,0.0,0.5
1115.6000,  1.00000000,1,0,0.025000000000000001,0.5
1115.6333,  1.00000000,1,0,0.0,0.5
1115.6667,  1.00000000,1,0,0.0,0.5
1115.7000,  1.00000000,1,0,0.025000000000000001,0.5
1115.7333,  1.00000000,1,0,0.0,0.5
1115.7667,  1.00000000,1,0,0.025000000000000001,0.5
1115.8000,  1.00000000,1,0,0.0,0.5
1115.8333,  1.00000000,1,0,0.0,0.5
1115.8667,  1.00000000,1,0,0.0,0.5
1115.9000,  1.00000000,1,0,0.0,0.5
1115.9333,  1.00000000,1,0,0.0,0.5
1115.9667,  1.00000000,1,0,0.0,0.5
1116.0000,  1.00000000,1,0,0.0,0.5
1116.0333,  1.00000000,1,0,0.0,0.5
1116.0667,  1.00000000,1,0,0.050000000000000003,0.5
1116.1000,  1.00000000,1,0,0.0,0.5
1116.1333,  1.00000000,1,0,0.0,0.5
1116.1667,  1.00000000,1,0,0.0,0.5
1116.2000,  1.00000000,1,0,0.025000000000000001,0.5
1116.2333,  1.00000000,1,0,0.050000000000000003,0.5
1116.2667,  1.00000000,1,0,0.0,0.5
1116.3000,  1.00000000,1,0,0.025000000000000001,0.5
1116.3333,  1.00000000,1,0,0.0,0.5
1116.3667,  1.00000000,1,0,0.0,0.5
1116.4000,  1.00000000,1,0,0.0,0.5
1116.4333,  1.00000000,1,0,0.0,0.5
1116.4667,  1.00000000,1,0,0.050000000000000003,0.5
1116.5000,  1.00000000,1,0,0.0,0.5
1116.5333,  1.00000000,1,0,0.050000000000000003,0.5
1116.5667,  1.00000000,1,0,0.0,0.5
1116.6000,  1.00000000,1,0,0.025000000000000001,0.5
1116.6333,  1.00000000,1,0,0.0,0.5
1116.6667,  1.00000000,1,0,0.0,0.5
1116.7000,  1.00000000,1,0,0.050000000000000003,0.5
1116.7333,  1.00000000,1,0,0.050000000000000003,0.5
1116.7667,  1.00000000,1,0,0.025000000000000001,0.5
1116.8000,  1.00000000,1,0,0.074999999999999997,0.5
1116.8333,  1.00000000,1,0,0.050000000000000003,0.5
1116.8667,  1.00000000,1,0,0.050000000000000003,0.5
1116.9000,  1.00000000,1,0,0.0,0.5
1116.9333,  1.00000000,1,0,0.0,0.5
1116.9667,  1.00000000,1,0,0.025000000000000001,0.5
1117.0000,  1.00000000,1,0,0.025000000000000001,0.5
1117.0333,  1.00000000,1,0,0.050000000000000003,0.5
1117.0667,  1.00000000,1,0,0.050000000000000003,0.5
1117.1000,  1.00000000,1,0,0.0,0.5
1117.1333,  1.00000000,1,0,0.025000000000000001,0.5
1117.1667,  1.00000000,1,0,0.025000000000000001,0.5
1117.2000,  1.00000000,1,0,0.0,0.5
1117.2333,  1.00000000,1,0,0.0,0.5
1117.2667,  1.00000000,1,0,0.050000000000000003,0.5
1117.3000,  1.00000000,1,0,0.0,0.5
1117.3333,  1.00000000,1,0,0.050000000000000003,0.5
1117.3667,  1.00000000,1,0,0.0,0.5
1117.4000,  1.00000000,1,0,0.0,0.5
1117.4333,  1.00000000,1,0,0.0,0.5
1117.4667,  1.00000000,1,0,0.0,0.5
1117.5000,  1.00000000,1,0,0.025000000000000001,0.5
1117.5333,  1.00000000,1,0,0.0,0.5
1117.5667,  1.00000000,1,0,0.050000000000000003,0.5
1117.6000,  1.00000000,1,0,0.050000000000000003,0.5
1117.6333,  1.00000000,1,0,0.025000000000000001,0.5
1117.6667,  1.00000000,1,0,0.0,0.5
1117.7000,  1.00000000,1,0,0.0,0.5
1117.7333,  1.00000000,1,0,0.025000000000000001,0.5
1117.7667,  1.00000000,1,0,0.025000000000000001,0.5
1117.8000,  1.00000000,1,0,0.025000000000000001,0.5
1117.8333,  1.00000000,1,0,0.0,0.5
1117.8667,  1.00000000,1,0,0.0,0.5
1117.9000,  1.00000000,1,0,0.0,0.5
1117.9333,  1.00000000,1,0,0.025000000000000001,0.5
1117.9667,  1.00000000,1,0,0.0,0.5
1118.0000,  1.00000000,1,0,0.0,0.5
1118.0333,  1.00000000,1,0,0.0,0.5
1118.0667,  1.00000000,1,0,0.0,0.5
1118.1000,  1.00000000,1,0,0.025000000000000001,0.5
1118.1333,  1.00000000,1,0,0.025000000000000001,0.5
1118.1667,  1.00000000,1,0,0.0,0.5
1118.2000,  1.00000000,1,0,0.0,0.5
1118.2333,  1.00000000,1,0,0.0,0.5
1118.2667,  1.00000000,1,0,0.0,0.5
1118.3000,  1.00000000,1,0,0.0,0.5
1118.3333,  1.00000000,1,0,0.0,0.5
1118.3667,  1.00000000,1,0,0.0,0.5
1118.4000,  1.00000000,1,0,0.025000000000000001,0.5
1118.4333,  1.00000000,1,0,0.025000000000000001,0.5
1118.4667,  1.00000000,1,0,0.0,0.5
1118.5000,  1.00000000,1,0,0.025000000000000001,0.5
1118.5333,  1.00000000,1,0,0.025000000000000001,0.5
1118.5667,  1.00000000,1,0,0.0,0.5
1118.6000,  1.00000000,1,0,0.0,0.5
1118.6333,  1.00000000,1,0,0.025000000000000001,0.5
1118.6667,  1.00000000,1,0,0.0,0.5
1118.7000,  1.00000000,1,0,0.0,0.5
1118.7333,  1.00000000,1,0,0.050000000000000003,0.5
1118.7667,  1.00000000,1,0,0.0,0.5
1118.8000,  1.00000000,1,0,0.0,0.5
1118.8333,  1.00000000,1,0,0.0,0.5
1118.8667,  1.00000000,1,0,0.0,0.5
1118.9000,  1.00000000,1,0,0.025000000000000001,0.5
1118.9333,  1.00000000,1,0,0.025000000000000001,0.5
1118.9667,  1.00000000,1,0,0.025000000000000001,0.5
1119.0000,  1.00000000,1,0,0.025000000000000001,0.5
1119.0333,  1.00000000,1,0,0.025000000000000001,0.5
1119.0667,  1.00000000,1,0,0.0,0.5
1119.1000,  1.00000000,1,0,0.050000000000000003,0.5
1119.1333,  1.00000000,1,0,0.025000000000000001,0.5
1119.1667,  1.00000000,1,0,0.0,0.5
1119.2000,  1.00000000,1,0,0.025000000000000001,0.5
1119.2333,  1.00000000,1,0,0.025000000000000001,0.5
1119.2667,  1.00000000,1,0,0.0,0.5
1119.3000,  1.00000000,1,0,0.0,0.5
1119.3333,  1.00000000,1,0,0.025000000000000001,0.5
1119.3667,  1.00000000,1,0,0.0,0.5
1119.4000,  1.00000000,1,0,0.074999999999999997,0.5
1119.4333,  1.00000000,1,0,0.0,0.5
1119.4667,  1.00000000,1,0,0.025000000000000001,0.5
1119.5000,  1.00000000,1,0,0.025000000000000001,0.5
1119.5333,  1.00000000,1,0,0.0,0.5
1119.5667,  1.00000000,1,0,0.0,0.5
1119.6000,  1.00000000,1,0,0.0,0.5
1119.6333,  1.00000000,1,0,0.025000000000000001,0.5
1119.6667,  1.00000000,1,0,0.025000000000000001,0.5
1119.7000,  1.00000000,1,0,0.050000000000000003,0.5
1119.7333,  1.00000000,1,0,0.0,0.5
1119.7667,  1.00000000,1,0,0.0,0.5
1119.8000,  1.00000000,1,0,0.0,0.5
1119.8333,  1.00000000,1,0,0.0,0.5
1119.8667,  1.00000000,1,0,0.0,0.5
1119.9000,  1.00000000,1,0,0.0,0.5
1119.9333,  1.00000000,1,0,0.0,0.5
1119.9667,  1.00000000,1,0,0.025000000000000001,0.5
1120.0000,  1.00000000,1,0,0.025000000000000001,0.5
1120.0333,  1.00000000,1,0,0.0,0.5
1120.0667,  1.00000000,1,0,0.0,0.5
1120.1000,  1.00000000,1,0,0.025000000000000001,0.5
1120.1333,  1.00000000,1,0,0.050000000000000003,0.5
1120.1667,  1.00000000,1,0,0.0,0.5
1120.2000,  1.00000000,1,0,0.0,0.5
1120.2333,  1.00000000,1,0,0.025000000000000001,0.5
1120.2667,  1.00000000,1,0,0.025000000000000001,0.5
1120.3000,  1.00000000,1,0,0.0,0.5
1120.3333,  1.00000000,1,0,0.025000000000000001,0.5
1120.3667,  1.00000000,1,0,0.0,0.5
1120.4000,  1.00000000,1,0,0.050000000000000003,0.5
1120.4333,  1.00000000,1,0,0.0,0.5
1120.4667,  1.00000000,1,0,0.0,0.5
1120.5000,  1.00000000,1,0,0.0,0.5
1120.5333,  1.00000000,1,0,0.025000000000000001,0.5
1120.5667,  1.00000000,1,0,0.0,0.5
1120.6000,  1.00000000,1,0,0.0,0.5
1120.6333,  1.00000000,1,0,0.025000000000000001,0.5
1120.6667,  1.00000000,1,0,0.0,0.5
1120.7000,  1.00000000,1,0,0.025000000000000001,0.5
1120.7333,  1.00000000,1,0,0.0,0.5
1120.7667,  1.00000000,1,0,0.0,0.5
1120.8000,  1.00000000,1,0,0.025000000000000001,0.5
1120.8333,  1.00000000,1,0,0.0,0.5
1120.8667,  1.00000000,1,0,0.0,0.5
1120.9000,  1.00000000,1,0,0.0,0.5
1120.9333,  1.00000000,1,0,0.0,0.5
1120.9667,  1.00000000,1,0,0.0,0.5
1121.0000,  1.00000000,1,0,0.0,0.5
1121.0333,  1.00000000,1,0,0.025000000000000001,0.5
1121.0667,  1.00000000,1,0,0.0,0.5
1121.1000,  1.00000000,1,0,0.0,0.5
1121.1333,  1.00000000,1,0,0.0,0.5
1121.1667,  1.00000000,1,0,0.0,0.5
1121.2000,  1.00000000,1,0,0.025000000000000001,0.5
1121.2333,  1.00000000,1,0,0.0,0.5
1121.2667,  1.00000000,1,0,0.0,0.5
1121.3000,  1.00000000,1,0,0.025000000000000001,0.5
1121.3333,  1.00000000,1,0,0.0,0.5
1121.3667,  1.00000000,1,0,0.025000000000000001,0.5
1121.4000,  1.00000000,1,0,0.0,0.5
1121.4333,  1.00000000,1,0,0.0,0.5
1121.4667,  1.00000000,1,0,0.0,0.5
1121.5000,  1.00000000,1,0,0.0,0.5
1121.5333,  1.00000000,1,0,0.0,0.5
1121.5667,  1.00000000,1,0,0.0,0.5
1121.6000,  1.00000000,1,0,0.025000000000000001,0.5
1121.6333,  1.00000000,1,0,0.0,0.5
1121.6667,  1.00000000,1,0,0.0,0.5
1121.7000,  1.00000000,1,0,0.025000000000000001,0.5
1121.7333,  1.00000000,1,0,0.0,0.5
1121.7667,  1.00000000,1,0,0.050000000000000003,0.5
1121.8000,  1.00000000,1,0,0.025000000000000001,0.5
1121.8333,  1.00000000,1,0,0.0,0.5
1121.8667,  1.00000000,1,0,0.0,0.5
1121.9000,  1.00000000,1,0,0.025000000000000001,0.5
1121.9333,  1.00000000,1,0,0.025000000000000001,0.5
1121.9667,  1.00000000,1,0,0.025000000000000001,0.5
1122.0000,  1.00000000,1,0,0.0,0.5
1122.0333,  1.00000000,1,0,0.0,0.5
1122.0667,  1.00000000,1,0,0.025000000000000001,0.5
1122.1000,  1.00000000,1,0,0.074999999999999997,0.5
1122.1333,  1.00000000,1,0,0.0,0.5
1122.1667,  1.00000000,1,0,0.025000000000000001,0.5
1122.2000,  1.00000000,1,0,0.0,0.5
1122.2333,  1.00000000,1,0,0.025000000000000001,0.5
1122.2667,  1.00000000,1,0,0.0,0.5
1122.3000,  1.00000000,1,0,0.0,0.5
1122.3333,  1.00000000,1,0,0.025000000000000001,0.5
1122.3667,  1.00000000,1,0,0.050000000000000003,0.5
1122.4000,  1.00000000,1,0,0.0,0.5
1122.4333,  1.00000000,1,0,0.025000000000000001,0.5
1122.4667,  1.00000000,1,0,0.0,0.5
1122.5000,  1.00000000,1,0,0.025000000000000001,0.5
1122.5333,  1.00000000,1,0,0.025000000000000001,0.5
1122.5667,  1.00000000,1,0,0.025000000000000001,0.5
1122.6000,  1.00000000,1,0,0.025000000000000001,0.5
1122.6333,  1.00000000,1,0,0.0,0.5
1122.6667,  1.00000000,1,0,0.025000000000000001,0.5
1122.7000,  1.00000000,1,0,0.0,0.5
1122.7333,  1.00000000,1,0,0.0,0.5
1122.7667,  1.00000000,1,0,0.025000000000000001,0.5
1122.8000,  1.00000000,1,0,0.0,0.5
1122.8333,  1.00000000,1,0,0.025000000000000001,0.5
1122.8667,  1.00000000,1,0,0.0,0.5
1122.9000,  1.00000000,1,0,0.050000000000000003,0.5
1122.9333,  1.00000000,1,0,0.025000000000000001,0.5
1122.9667,  1.00000000,1,0,0.0,0.5
1123.0000,  1.00000000,1,0,0.0,0.5
1123.0333,  1.00000000,1,0,0.025000000000000001,0.5
1123.0667,  1.00000000,1,0,0.0,0.5
1123.1000,  1.00000000,1,0,0.0,0.5
1123.1333,  1.00000000,1,0,0.0,0.5
1123.1667,  1.00000000,1,0,0.0,0.5
1123.2000,  1.00000000,1,0,0.050000000000000003,0.5
1123.2333,  1.00000000,1,0,0.025000000000000001,0.5
1123.2667,  1.00000000,1,0,0.0,0.5
1123.3000,  1.00000000,1,0,0.0,0.5
1123.3333,  1.00000000,1,0,0.025000000000000001,0.5
1123.3667,  1.00000000,1,0,0.025000000000000001,0.5
1123.4000,  1.00000000,1,0,0.025000000000000001,0.5
1123.4333,  1.00000000,1,0,0.0,0.5
1123.4667,  1.00000000,1,0,0.0,0.5
1123.5000,  1.00000000,1,0,0.0,0.5
1123.5333,  1.00000000,1,0,0.0,0.5
1123.5667,  1.00000000,1,0,0.0,0.5
1123.6000,  1.00000000,1,0,0.0,0.5
1123.6333,  1.00000000,1,0,0.0,0.5
1123.6667,  1.00000000,1,0,0.025000000000000001,0.5
1123.7000,  1.00000000,1,0,0.025000000000000001,0.5
1123.7333,  1.00000000,1,0,0.0,0.5
1123.7667,  1.00000000,1,0,0.025000000000000001,0.5
1123.8000,  1.00000000,1,0,0.025000000000000001,0.5
1123.8333,  1.00000000,1,0,0.0,0.5
1123.8667,  1.00000000,1,0,0.025000000000000001,0.5
1123.9000,  1.00000000,1,0,0.025000000000000001,0.5
1123.9333,  1.00000000,1,0,0.0,0.5
1123.9667,  1.00000000,1,0,0.0,0.5
1124.0000,  1.00000000,1,0,0.0,0.5
1124.0333,  1.00000000,1,0,0.0,0.5
1124.0667,  1.00000000,1,0,0.0,0.5
1124.1000,  1.00000000,1,0,0.0,0.5
1124.1333,  1.00000000,1,0,0.050000000000000003,0.5
1124.1667,  1.00000000,1,0,0.0,0.5
1124.2000,  1.00000000,1,0,0.025000000000000001,0.5
1124.2333,  1.00000000,1,0,0.0,0.5
1124.2667,  1.00000000,1,0,0.0,0.5
1124.3000,  1.00000000,1,0,0.0,0.5
1124.3333,  1.00000000,1,0,0.0,0.5
1124.3667,  1.00000000,1,0,0.050000000000000003,0.5
1124.4000,  1.00000000,1,0,0.025000000000000001,0.5
1124.4333,  1.00000000,1,0,0.0,0.5
1124.4667,  1.00000000,1,0,0.025000000000000001,0.5
1124.5000,  1.00000000,1,0,0.0,0.5
1124.5333,  1.00000000,1,0,0.025000000000000001,0.5
1124.5667,  1.00000000,1,0,0.025000000000000001,0.5
1124.6000,  1.00000000,1,0,0.025000000000000001,0.5
1124.6333,  1.00000000,1,0,0.0,0.5
1124.6667,  1.00000000,1,0,0.050000000000000003,0.5
1124.7000,  1.00000000,1,0,0.0,0.5
1124.7333,  1.00000000,1,0,0.025000000000000001,0.5
1124.7667,  1.00000000,1,0,0.0,0.5
1124.8000,  1.00000000,1,0,0.025000000000000001,0.5
1124.8333,  1.00000000,1,0,0.050000000000000003,0.5
1124.8667,  1.00000000,1,0,0.0,0.5
1124.9000,  1.00000000,1,0,0.0,0.5
1124.9333,  1.00000000,1,0,0.0,0.5
1124.9667,  1.00000000,1,0,0.0,0.5
1125.0000,  1.00000000,1,0,0.025000000000000001,0.5
1125.0333,  1.00000000,1,0,0.050000000000000003,0.5
1125.0667,  1.00000000,1,0,0.025000000000000001,0.5
1125.1000,  1.00000000,1,0,0.0,0.5
1125.1333,  1.00000000,1,0,0.0,0.5
1125.1667,  1.00000000,1,0,0.0,0.5
1125.2000,  1.00000000,1,0,0.0,0.5
1125.2333,  1.00000000,1,0,0.025000000000000001,0.5
1125.2667,  1.00000000,1,0,0.025000000000000001,0.5
1125.3000,  1.00000000,1,0,0.050000000000000003,0.5
1125.3333,  1.00000000,1,0,0.0,0.5
1125.3667,  1.00000000,1,0,0.025000000000000001,0.5
1125.4000,  1.00000000,1,0,0.025000000000000001,0.5
1125.4333,  1.00000000,1,0,0.025000000000000001,0.5
1125.4667,  1.00000000,1,0,0.025000000000000001,0.5
1125.5000,  1.00000000,1,0,0.0,0.5
1125.5333,  1.00000000,1,0,0.0,0.5
1125.5667,  1.00000000,1,0,0.0,0.5
1125.6000,  1.00000000,1,0,0.050000000000000003,0.5
1125.6333,  1.00000000,1,0,0.050000000000000003,0.5
1125.6667,  1.00000000,1,0,0.025000000000000001,0.5
1125.7000,  1.00000000,1,0,0.025000000000000001,0.5
1125.7333,  1.00000000,1,0,0.025000000000000001,0.5
1125.7667,  1.00000000,1,0,0.050000000000000003,0.5
1125.8000,  1.00000000,1,0,0.0,0.5
1125.8333,  1.00000000,1,0,0.0,0.5
1125.8667,  1.00000000,1,0,0.025000000000000001,0.5
1125.9000,  1.00000000,1,0,0.025000000000000001,0.5
1125.9333,  1.00000000,1,0,0.025000000000000001,0.5
1125.9667,  1.00000000,1,0,0.0,0.5
1126.0000,  1.00000000,1,0,0.0,0.5
1126.0333,  1.00000000,1,0,0.025000000000000001,0.5
1126.0667,  1.00000000,1,0,0.0,0.5
1126.1000,  1.00000000,1,0,0.0,0.5
1126.1333,  1.00000000,1,0,0.0,0.5
1126.1667,  1.00000000,1,0,0.0,0.5
1126.2000,  1.00000000,1,0,0.0,0.5
1126.2333,  1.00000000,1,0,0.025000000000000001,0.5
1126.2667,  1.00000000,1,0,0.025000000000000001,0.5
1126.3000,  1.00000000,1,0,0.025000000000000001,0.5
1126.3333,  1.00000000,1,0,0.025000000000000001,0.5
1126.3667,  1.00000000,1,0,0.0,0.5
1126.4000,  1.00000000,1,0,0.0,0.5
1126.4333,  1.00000000,1,0,0.0,0.5
1126.4667,  1.00000000,1,0,0.0,0.5
1126.5000,  1.00000000,1,0,0.0,0.5
1126.5333,  1.00000000,1,0,0.0,0.5
1126.5667,  1.00000000,1,0,0.0,0.5
1126.6000,  1.00000000,1,0,0.0,0.5
1126.6333,  1.00000000,1,0,0.0,0.5
1126.6667,  1.00000000,1,0,0.025000000000000001,0.5
1126.7000,  1.00000000,1,0,0.0,0.5
1126.7333,  1.00000000,1,0,0.0,0.5
1126.7667,  1.00000000,1,0,0.025000000000000001,0.5
1126.8000,  1.00000000,1,0,0.025000000000000001,0.5
1126.8333,  1.00000000,1,0,0.0,0.5
1126.8667,  1.00000000,1,0,0.025000000000000001,0.5
1126.9000,  1.00000000,1,0,0.025000000000000001,0.5
1126.9333,  1.00000000,1,0,0.050000000000000003,0.5
1126.9667,  1.00000000,1,0,0.0,0.5
1127.0000,  1.00000000,1,0,0.0,0.5
1127.0333,  1.00000000,1,0,0.025000000000000001,0.5
1127.0667,  1.00000000,1,0,0.0,0.5
1127.1000,  1.00000000,1,0,0.0,0.5
1127.1333,  1.00000000,1,0,0.0,0.5
1127.1667,  1.00000000,1,0,0.0,0.5
1127.2000,  1.00000000,1,0,0.025000000000000001,0.5
1127.2333,  1.00000000,1,0,0.0,0.5
1127.2667,  1.00000000,1,0,0.025000000000000001,0.5
1127.3000,  1.00000000,1,0,0.0,0.5
1127.3333,  1.00000000,1,0,0.050000000000000003,0.5
1127.3667,  1.00000000,1,0,0.0,0.5
1127.4000,  1.00000000,1,0,0.025000000000000001,0.5
1127.4333,  1.00000000,1,0,0.025000000000000001,0.5
1127.4667,  1.00000000,1,0,0.025000000000000001,0.5
1127.5000,  1.00000000,1,0,0.025000000000000001,0.5
1127.5333,  1.00000000,1,0,0.0,0.5
1127.5667,  1.00000000,1,0,0.025000000000000001,0.5
1127.6000,  1.00000000,1,0,0.025000000000000001,0.5
1127.6333,  1.00000000,1,0,0.0,0.5
1127.6667,  1.00000000,1,0,0.0,0.5
1127.7000,  1.00000000,1,0,0.025000000000000001,0.5
1127.7333,  1.00000000,1,0,0.050000000000000003,0.5
1127.7667,  1.00000000,1,0,0.050000000000000003,0.5
1127.8000,  1.00000000,1,0,0.0,0.5
1127.8333,  1.00000000,1,0,0.050000000000000003,0.5
1127.8667,  1.00000000,1,0,0.0,0.5
1127.9000,  1.00000000,1,0,0.0,0.5
1127.9333,  1.00000000,1,0,0.0,0.5
1127.9667,  1.00000000,1,0,0.0,0.5
1128.0000,  1.00000000,1,0,0.0,0.5
1128.0333,  1.00000000,1,0,0.0,0.5
1128.0667,  1.00000000,1,0,0.0,0.5
1128.1000,  1.00000000,1,0,0.025000000000000001,0.5
1128.1333,  1.00000000,1,0,0.025000000000000001,0.5
1128.1667,  1.00000000,1,0,0.0,0.5
1128.2000,  1.00000000,1,0,0.0,0.5
1128.2333,  1.00000000,1,0,0.025000000000000001,0.5
1128.2667,  1.00000000,1,0,0.0,0.5
1128.3000,  1.00000000,1,0,0.050000000000000003,0.5
1128.3333,  1.00000000,1,0,0.0,0.5
1128.3667,  1.00000000,1,0,0.0,0.5
1128.4000,  1.00000000,1,0,0.025000000000000001,0.5
1128.4333,  1.00000000,1,0,0.025000000000000001,0.5
1128.4667,  1.00000000,1,0,0.0,0.5
1128.5000,  1.00000000,1,0,0.025000000000000001,0.5
1128.5333,  1.00000000,1,0,0.050000000000000003,0.5
1128.5667,  1.00000000,1,0,0.025000000000000001,0.5
1128.6000,  1.00000000,1,0,0.0,0.5
1128.6333,  1.00000000,1,0,0.0,0.5
1128.6667,  1.00000000,1,0,0.025000000000000001,0.5
1128.7000,  1.00000000,1,0,0.0,0.5
1128.7333,  1.00000000,1,0,0.025000000000000001,0.5
1128.7667,  1.00000000,1,0,0.025000000000000001,0.5
1128.8000,  1.00000000,1,0,0.0,0.5
1128.8333,  1.00000000,1,0,0.0,0.5
1128.8667,  1.00000000,1,0,0.0,0.5
1128.9000,  1.00000000,1,0,0.0,0.5
1128.9333,  1.00000000,1,0,0.0,0.5
1128.9667,  1.00000000,1,0,0.0,0.5
1129.0000,  1.00000000,1,0,0.0,0.5
1129.0333,  1.00000000,1,0,0.025000000000000001,0.5
1129.0667,  1.00000000,1,0,0.0,0.5
1129.1000,  1.00000000,1,0,0.0,0.5
1129.1333,  1.00000000,1,0,0.025000000000000001,0.5
1129.1667,  1.00000000,1,0,0.050000000000000003,0.5
1129.2000,  1.00000000,1,0,0.025000000000000001,0.5
1129.2333,  1.00000000,1,0,0.0,0.5
1129.2667,  1.00000000,1,0,0.0,0.5
1129.3000,  1.00000000,1,0,0.0,0.5
1129.3333,  1.00000000,1,0,0.0,0.5
1129.3667,  1.00000000,1,0,0.0,0.5
1129.4000,  1.00000000,1,0,0.0,0.5
1129.4333,  1.00000000,1,0,0.0,0.5
1129.4667,  1.00000000,1,0,0.0,0.5
1129.5000,  1.00000000,1,0,0.0,0.5
1129.5333,  1.00000000,1,0,0.0,0.5
1129.5667,  1.00000000,1,0,0.0,0.5
1129.6000,  1.00000000,1,0,0.025000000000000001,0.5
1129.6333,  1.00000000,1,0,0.0,0.5
1129.6667,  1.00000000,1,0,0.0,0.5
1129.7000,  1.00000000,1,0,0.025000000000000001,0.5
1129.7333,  1.00000000,1,0,0.025000000000000001,0.5
1129.7667,  1.00000000,1,0,0.025000000000000001,0.5
1129.8000,  1.00000000,1,0,0.025000000000000001,0.5
1129.8333,  1.00000000,1,0,0.0,0.5
1129.8667,  1.00000000,1,0,0.0,0.5
1129.9000,  1.00000000,1,0,0.025000000000000001,0.5
1129.9333,  1.00000000,1,0,0.0,0.5
1129.9667,  1.00000000,1,0,0.0,0.5
1130.0000,  1.00000000,1,0,0.025000000000000001,0.5
1130.0333,  1.00000000,1,0,0.0,0.5
1130.0667,  1.00000000,1,0,0.0,0.5
1130.1000,  1.00000000,1,0,0.0,0.5
1130.1333,  1.00000000,1,0,0.0,0.5
1130.1667,  1.00000000,1,0,0.050000000000000003,0.5
1130.2000,  1.00000000,1,0,0.0,0.5
1130.2333,  1.00000000,1,0,0.025000000000000001,0.5
1130.2667,  1.00000000,1,0,0.0,0.5
1130.3000,  1.00000000,1,0,0.0,0.5
1130.3333,  1.00000000,1,0,0.0,0.5
1130.3667,  1.00000000,1,0,0.0,0.5
1130.4000,  1.00000000,1,0,0.0,0.5
1130.4333,  1.00000000,1,0,0.025000000000000001,0.5
1130.4667,  1.00000000,1,0,0.0,0.5
1130.5000,  1.00000000,1,0,0.0,0.5
1130.5333,  1.00000000,1,0,0.025000000000000001,0.5
1130.5667,  1.00000000,1,0,0.0,0.5
1130.6000,  1.00000000,1,0,0.0,0.5
1130.6333,  1.00000000,1,0,0.025000000000000001,0.5
1130.6667,  1.00000000,1,0,0.0,0.5
1130.7000,  1.00000000,1,0,0.0,0.5
1130.7333,  1.00000000,1,0,0.0,0.5
1130.7667,  1.00000000,1,0,0.0,0.5
1130.8000,  1.00000000,1,0,0.0,0.5
1130.8333,  1.00000000,1,0,0.0,0.5
1130.8667,  1.00000000,1,0,0.0,0.5
1130.9000,  1.00000000,1,0,0.0,0.5
1130.9333,  1.00000000,1,0,0.0,0.5
1130.9667,  1.00000000,1,0,0.0,0.5
1131.0000,  1.00000000,1,0,0.0,0.5
1131.0333,  1.00000000,1,0,0.0,0.5
1131.0667,  1.00000000,1,0,0.025000000000000001,0.5
1131.1000,  1.00000000,1,0,0.0,0.5
1131.1333,  1.00000000,1,0,0.050000000000000003,0.5
1131.1667,  1.00000000,1,0,0.025000000000000001,0.5
1131.2000,  1.00000000,1,0,0.050000000000000003,0.5
1131.2333,  1.00000000,1,0,0.0,0.5
1131.2667,  1.00000000,1,0,0.050000000000000003,0.5
1131.3000,  1.00000000,1,0,0.025000000000000001,0.5
1131.3333,  1.00000000,1,0,0.0,0.5
1131.3667,  1.00000000,1,0,0.0,0.5
1131.4000,  1.00000000,1,0,0.0,0.5
1131.4333,  1.00000000,1,0,0.0,0.5
1131.4667,  1.00000000,1,0,0.0,0.5
1131.5000,  1.00000000,1,0,0.0,0.5
1131.5333,  1.00000000,1,0,0.025000000000000001,0.5
1131.5667,  1.00000000,1,0,0.0,0.5
1131.6000,  1.00000000,1,0,0.025000000000000001,0.5
1131.6333,  1.00000000,1,0,0.050000000000000003,0.5
1131.6667,  1.00000000,1,0,0.025000000000000001,0.5
1131.7000,  1.00000000,1,0,0.025000000000000001,0.5
1131.7333,  1.00000000,1,0,0.025000000000000001,0.5
1131.7667,  1.00000000,1,0,0.0,0.5
1131.8000,  1.00000000,1,0,0.025000000000000001,0.5
1131.8333,  1.00000000,1,0,0.050000000000000003,0.5
1131.8667,  1.00000000,1,0,0.025000000000000001,0.5
1131.9000,  1.00000000,1,0,0.025000000000000001,0.5
1131.9333,  1.00000000,1,0,0.0,0.5
1131.9667,  1.00000000,1,0,0.025000000000000001,0.5
1132.0000,  1.00000000,1,0,0.0,0.5
1132.0333,  1.00000000,1,0,0.0,0.5
1132.0667,  1.00000000,1,0,0.025000000000000001,0.5
1132.1000,  1.00000000,1,0,0.025000000000000001,0.5
1132.1333,  1.00000000,1,0,0.0,0.5
1132.1667,  1.00000000,1,0,0.0,0.5
1132.2000,  1.00000000,1,0,0.0,0.5
1132.2333,  1.00000000,1,0,0.025000000000000001,0.5
1132.2667,  1.00000000,1,0,0.025000000000000001,0.5
1132.3000,  1.00000000,1,0,0.025000000000000001,0.5
1132.3333,  1.00000000,1,0,0.0,0.5
1132.3667,  1.00000000,1,0,0.025000000000000001,0.5
1132.4000,  1.00000000,1,0,0.0,0.5
1132.4333,  1.00000000,1,0,0.0,0.5
1132.4667,  1.00000000,1,0,0.0,0.5
1132.5000,  1.00000000,1,0,0.025000000000000001,0.5
1132.5333,  1.00000000,1,0,0.0,0.5
1132.5667,  1.00000000,1,0,0.025000000000000001,0.5
1132.6000,  1.00000000,1,0,0.0,0.5
1132.6333,  1.00000000,1,0,0.0,0.5
1132.6667,  1.00000000,1,0,0.025000000000000001,0.5
1132.7000,  1.00000000,1,0,0.0,0.5
1132.7333,  1.00000000,1,0,0.0,0.5
1132.7667,  1.00000000,1,0,0.0,0.5
1132.8000,  1.00000000,1,0,0.0,0.5
1132.8333,  1.00000000,1,0,0.025000000000000001,0.5
1132.8667,  1.00000000,1,0,0.0,0.5
1132.9000,  1.00000000,1,0,0.0,0.5
1132.9333,  1.00000000,1,0,0.0,0.5
1132.9667,  1.00000000,1,0,0.0,0.5
1133.0000,  1.00000000,1,0,0.025000000000000001,0.5
1133.0333,  1.00000000,1,0,0.0,0.5
1133.0667,  1.00000000,1,0,0.0,0.5
1133.1000,  1.00000000,1,0,0.0,0.5
1133.1333,  1.00000000,1,0,0.0,0.5
1133.1667,  1.00000000,1,0,0.0,0.5
1133.2000,  1.00000000,1,0,0.0,0.5
1133.2333,  1.00000000,1,0,0.025000000000000001,0.5
1133.2667,  1.00000000,1,0,0.0,0.5
1133.3000,  1.00000000,1,0,0.025000000000000001,0.5
1133.3333,  1.00000000,1,0,0.0,0.5
1133.3667,  1.00000000,1,0,0.0,0.5
1133.4000,  1.00000000,1,0,0.0,0.5
1133.4333,  1.00000000,1,0,0.0,0.5
1133.4667,  1.00000000,1,0,0.025000000000000001,0.5
1133.5000,  1.00000000,1,0,0.0,0.5
1133.5333,  1.00000000,1,0,0.0,0.5
1133.5667,  1.00000000,1,0,0.025000000000000001,0.5
1133.6000,  1.00000000,1,0,0.025000000000000001,0.5
1133.6333,  1.00000000,1,0,0.0,0.5
1133.6667,  1.00000000,1,0,0.025000000000000001,0.5
1133.7000,  1.00000000,1,0,0.0,0.5
1133.7333,  1.00000000,1,0,0.025000000000000001,0.5
1133.7667,  1.00000000,1,0,0.025000000000000001,0.5
1133.8000,  1.00000000,1,0,0.025000000000000001,0.5
1133.8333,  1.00000000,1,0,0.025000000000000001,0.5
1133.8667,  1.00000000,1,0,0.025000000000000001,0.5
1133.9000,  1.00000000,1,0,0.025000000000000001,0.5
1133.9333,  1.00000000,1,0,0.0,0.5
1133.9667,  1.00000000,1,0,0.0,0.5
1134.0000,  1.00000000,1,0,0.025000000000000001,0.5
1134.0333,  1.00000000,1,0,0.025000000000000001,0.5
1134.0667,  1.00000000,1,0,0.025000000000000001,0.5
1134.1000,  1.00000000,1,0,0.0,0.5
1134.1333,  1.00000000,1,0,0.025000000000000001,0.5
1134.1667,  1.00000000,1,0,0.0,0.5
1134.2000,  1.00000000,1,0,0.050000000000000003,0.5
1134.2333,  1.00000000,1,0,0.050000000000000003,0.5
1134.2667,  1.00000000,1,0,0.0,0.5
1134.3000,  1.00000000,1,0,0.0,0.5
1134.3333,  1.00000000,1,0,0.0,0.5
1134.3667,  1.00000000,1,0,0.050000000000000003,0.5
1134.4000,  1.00000000,1,0,0.0,0.5
1134.4333,  1.00000000,1,0,0.0,0.5
1134.4667,  1.00000000,1,0,0.025000000000000001,0.5
1134.5000,  1.00000000,1,0,0.0,0.5
1134.5333,  1.00000000,1,0,0.0,0.5
1134.5667,  1.00000000,1,0,0.025000000000000001,0.5
1134.6000,  1.00000000,1,0,0.025000000000000001,0.5
1134.6333,  1.00000000,1,0,0.0,0.5
1134.6667,  1.00000000,1,0,0.0,0.5
1134.7000,  1.00000000,1,0,0.0,0.5
1134.7333,  1.00000000,1,0,0.0,0.5
1134.7667,  1.00000000,1,0,0.025000000000000001,0.5
1134.8000,  1.00000000,1,0,0.0,0.5
1134.8333,  1.00000000,1,0,0.0,0.5
1134.8667,  1.00000000,1,0,0.0,0.5
1134.9000,  1.00000000,1,0,0.025000000000000001,0.5
1134.9333,  1.00000000,1,0,0.0,0.5
1134.9667,  1.00000000,1,0,0.0,0.5
1135.0000,  1.00000000,1,0,0.025000000000000001,0.5
1135.0333,  1.00000000,1,0,0.0,0.5
1135.0667,  1.00000000,1,0,0.0,0.5
1135.1000,  1.00000000,1,0,0.025000000000000001,0.5
1135.1333,  1.00000000,1,0,0.025000000000000001,0.5
1135.1667,  1.00000000,1,0,0.0,0.5
1135.2000,  1.00000000,1,0,0.025000000000000001,0.5
1135.2333,  1.00000000,1,0,0.025000000000000001,0.5
1135.2667,  1.00000000,1,0,0.0,0.5
1135.3000,  1.00000000,1,0,0.074999999999999997,0.5
1135.3333,  1.00000000,1,0,0.050000000000000003,0.5
1135.3667,  1.00000000,1,0,0.0,0.5
1135.4000,  1.00000000,1,0,0.025000000000000001,0.5
1135.4333,  1.00000000,1,0,0.025000000000000001,0.5
1135.4667,  1.00000000,1,0,0.0,0.5
1135.5000,  1.00000000,1,0,0.025000000000000001,0.5
1135.5333,  1.00000000,1,0,0.0,0.5
1135.5667,  1.00000000,1,0,0.0,0.5
1135.6000,  1.00000000,1,0,0.025000000000000001,0.5
1135.6333,  1.00000000,1,0,0.0,0.5
1135.6667,  1.00000000,1,0,0.0,0.5
1135.7000,  1.00000000,1,0,0.025000000000000001,0.5
1135.7333,  1.00000000,1,0,0.0,0.5
1135.7667,  1.00000000,1,0,0.0,0.5
1135.8000,  1.00000000,1,0,0.0,0.5
1135.8333,  1.00000000,1,0,0.025000000000000001,0.5
1135.8667,  1.00000000,1,0,0.025000000000000001,0.5
1135.9000,  1.00000000,1,0,0.0,0.5
1135.9333,  1.00000000,1,0,0.0,0.5
1135.9667,  1.00000000,1,0,0.025000000000000001,0.5
1136.0000,  1.00000000,1,0,0.0,0.5
1136.0333,  1.00000000,1,0,0.0,0.5
1136.0667,  1.00000000,1,0,0.0,0.5
1136.1000,  1.00000000,1,0,0.025000000000000001,0.5
1136.1333,  1.00000000,1,0,0.025000000000000001,0.5
1136.1667,  1.00000000,1,0,0.0,0.5
1136.2000,  1.00000000,1,0,0.0,0.5
1136.2333,  1.00000000,1,0,0.025000000000000001,0.5
1136.2667,  1.00000000,1,0,0.0,0.5
1136.3000,  1.00000000,1,0,0.0,0.5
1136.3333,  1.00000000,1,0,0.0,0.5
1136.3667,  1.00000000,1,0,0.0,0.5
1136.4000,  1.00000000,1,0,0.0,0.5
1136.4333,  1.00000000,1,0,0.025000000000000001,0.5
1136.4667,  1.00000000,1,0,0.025000000000000001,0.5
1136.5000,  1.00000000,1,0,0.025000000000000001,0.5
1136.5333,  1.00000000,1,0,0.0,0.5
1136.5667,  1.00000000,1,0,0.0,0.5
1136.6000,  1.00000000,1,0,0.0,0.5
1136.6333,  1.00000000,1,0,0.0,0.5
1136.6667,  1.00000000,1,0,0.025000000000000001,0.5
1136.7000,  1.00000000,1,0,0.0,0.5
1136.7333,  1.00000000,1,0,0.0,0.5
1136.7667,  1.00000000,1,0,0.025000000000000001,0.5
1136.8000,  1.00000000,1,0,0.0,0.5
1136.8333,  1.00000000,1,0,0.0,0.5
1136.8667,  1.00000000,1,0,0.025000000000000001,0.5
1136.9000,  1.00000000,1,0,0.0,0.5
1136.9333,  1.00000000,1,0,0.025000000000000001,0.5
1136.9667,  1.00000000,1,0,0.025000000000000001,0.5
1137.0000,  1.00000000,1,0,0.0,0.5
1137.0333,  1.00000000,1,0,0.0,0.5
1137.0667,  1.00000000,1,0,0.0,0.5
1137.1000,  1.00000000,1,0,0.0,0.5
1137.1333,  1.00000000,1,0,0.025000000000000001,0.5
1137.1667,  1.00000000,1,0,0.0,0.5
1137.2000,  1.00000000,1,0,0.0,0.5
1137.2333,  1.00000000,1,0,0.0,0.5
1137.2667,  1.00000000,1,0,0.0,0.5
1137.3000,  1.00000000,1,0,0.0,0.5
1137.3333,  1.00000000,1,0,0.0,0.5
1137.3667,  1.00000000,1,0,0.050000000000000003,0.5
1137.4000,  1.00000000,1,0,0.025000000000000001,0.5
1137.4333,  1.00000000,1,0,0.0,0.5
1137.4667,  1.00000000,1,0,0.025000000000000001,0.5
1137.5000,  1.00000000,1,0,0.025000000000000001,0.5
1137.5333,  1.00000000,1,0,0.025000000000000001,0.5
1137.5667,  1.00000000,1,0,0.0,0.5
1137.6000,  1.00000000,1,0,0.025000000000000001,0.5
1137.6333,  1.00000000,1,0,0.0,0.5
1137.6667,  1.00000000,1,0,0.050000000000000003,0.5
1137.7000,  1.00000000,1,0,0.050000000000000003,0.5
1137.7333,  1.00000000,1,0,0.025000000000000001,0.5
1137.7667,  1.00000000,1,0,0.050000000000000003,0.5
1137.8000,  1.00000000,1,0,0.0,0.5
1137.8333,  1.00000000,1,0,0.025000000000000001,0.5
1137.8667,  1.00000000,1,0,0.025000000000000001,0.5
1137.9000,  1.00000000,1,0,0.0,0.5
1137.9333,  1.00000000,1,0,0.025000000000000001,0.5
1137.9667,  1.00000000,1,0,0.025000000000000001,0.5
1138.0000,  1.00000000,1,0,0.0,0.5
1138.0333,  1.00000000,1,0,0.0,0.5
1138.0667,  1.00000000,1,0,0.0,0.5
1138.1000,  1.00000000,1,0,0.025000000000000001,0.5
1138.1333,  1.00000000,1,0,0.025000000000000001,0.5
1138.1667,  1.00000000,1,0,0.025000000000000001,0.5
1138.2000,  1.00000000,1,0,0.0,0.5
1138.2333,  1.00000000,1,0,0.025000000000000001,0.5
1138.2667,  1.00000000,1,0,0.025000000000000001,0.5
1138.3000,  1.00000000,1,0,0.025000000000000001,0.5
1138.3333,  1.00000000,1,0,0.0,0.5
1138.3667,  1.00000000,1,0,0.025000000000000001,0.5
1138.4000,  1.00000000,1,0,0.0,0.5
1138.4333,  1.00000000,1,0,0.025000000000000001,0.5
1138.4667,  1.00000000,1,0,0.0,0.5
1138.5000,  1.00000000,1,0,0.0,0.5
1138.5333,  1.00000000,1,0,0.025000000000000001,0.5
1138.5667,  1.00000000,1,0,0.0,0.5
1138.6000,  1.00000000,1,0,0.025000000000000001,0.5
1138.6333,  1.00000000,1,0,0.0,0.5
1138.6667,  1.00000000,1,0,0.025000000000000001,0.5
1138.7000,  1.00000000,1,0,0.0,0.5
1138.7333,  1.00000000,1,0,0.025000000000000001,0.5
1138.7667,  1.00000000,1,0,0.025000000000000001,0.5
1138.8000,  1.00000000,1,0,0.025000000000000001,0.5
1138.8333,  1.00000000,1,0,0.025000000000000001,0.5
1138.8667,  1.00000000,1,0,0.025000000000000001,0.5
1138.9000,  1.00000000,1,0,0.0,0.5
1138.9333,  1.00000000,1,0,0.050000000000000003,0.5
1138.9667,  1.00000000,1,0,0.0,0.5
1139.0000,  1.00000000,1,0,0.025000000000000001,0.5
1139.0333,  1.00000000,1,0,0.0,0.5
1139.0667,  1.00000000,1,0,0.025000000000000001,0.5
1139.1000,  1.00000000,1,0,0.0,0.5
1139.1333,  1.00000000,1,0,0.0,0.5
1139.1667,  1.00000000,1,0,0.0,0.5
1139.2000,  1.00000000,1,0,0.0,0.5
1139.2333,  1.00000000,1,0,0.025000000000000001,0.5
1139.2667,  1.00000000,1,0,0.025000000000000001,0.5
1139.3000,  1.00000000,1,0,0.025000000000000001,0.5
1139.3333,  1.00000000,1,0,0.025000000000000001,0.5
1139.3667,  1.00000000,1,0,0.0,0.5
1139.4000,  1.00000000,1,0,0.0,0.5
1139.4333,  1.00000000,1,0,0.0,0.5
1139.4667,  1.00000000,1,0,0.0,0.5
1139.5000,  1.00000000,1,0,0.025000000000000001,0.5
1139.5333,  1.00000000,1,0,0.050000000000000003,0.5
1139.5667,  1.00000000,1,0,0.0,0.5
1139.6000,  1.00000000,1,0,0.025000000000000001,0.5
1139.6333,  1.00000000,1,0,0.0,0.5
1139.6667,  1.00000000,1,0,0.025000000000000001,0.5
1139.7000,  1.00000000,1,0,0.025000000000000001,0.5
1139.7333,  1.00000000,1,0,0.025000000000000001,0.5
1139.7667,  1.00000000,1,0,0.0,0.5
1139.8000,  1.00000000,1,0,0.0,0.5
1139.8333,  1.00000000,1,0,0.0,0.5
1139.8667,  1.00000000,1,0,0.0,0.5
1139.9000,  1.00000000,1,0,0.025000000000000001,0.5
1139.9333,  1.00000000,1,0,0.025000000000000001,0.5
1139.9667,  1.00000000,1,0,0.0,0.5
1140.0000,  1.00000000,1,0,0.0,0.5
1140.0333,  1.00000000,1,0,0.050000000000000003,0.5
1140.0667,  1.00000000,1,0,0.0,0.5
1140.1000,  1.00000000,1,0,0.025000000000000001,0.5
1140.1333,  1.00000000,1,0,0.025000000000000001,0.5
1140.1667,  1.00000000,1,0,0.0,0.5
1140.2000,  1.00000000,1,0,0.025000000000000001,0.5
1140.2333,  1.00000000,1,0,0.025000000000000001,0.5
1140.2667,  1.00000000,1,0,0.025000000000000001,0.5
1140.3000,  1.00000000,1,0,0.025000000000000001,0.5
1140.3333,  1.00000000,1,0,0.0,0.5
1140.3667,  1.00000000,1,0,0.025000000000000001,0.5
1140.4000,  1.00000000,1,0,0.025000000000000001,0.5
1140.4333,  1.00000000,1,0,0.0,0.5
1140.4667,  1.00000000,1,0,0.0,0.5
1140.5000,  1.00000000,1,0,0.0,0.5
1140.5333,  1.00000000,1,0,0.025000000000000001,0.5
1140.5667,  1.00000000,1,0,0.050000000000000003,0.5
1140.6000,  1.00000000,1,0,0.0,0.5
1140.6333,  1.00000000,1,0,0.0,0.5
1140.6667,  1.00000000,1,0,0.025000000000000001,0.5
1140.7000,  1.00000000,1,0,0.025000000000000001,0.5
1140.7333,  1.00000000,1,0,0.025000000000000001,0.5
1140.7667,  1.00000000,1,0,0.0,0.5
1140.8000,  1.00000000,1,0,0.0,0.5
1140.8333,  1.00000000,1,0,0.0,0.5
1140.8667,  1.00000000,1,0,0.025000000000000001,0.5
1140.9000,  1.00000000,1,0,0.0,0.5
1140.9333,  1.00000000,1,0,0.0,0.5
1140.9667,  1.00000000,1,0,0.0,0.5
1141.0000,  1.00000000,1,0,0.025000000000000001,0.5
1141.0333,  1.00000000,1,0,0.0,0.5
1141.0667,  1.00000000,1,0,0.025000000000000001,0.5
1141.1000,  1.00000000,1,0,0.025000000000000001,0.5
1141.1333,  1.00000000,1,0,0.0,0.5
1141.1667,  1.00000000,1,0,0.025000000000000001,0.5
1141.2000,  1.00000000,1,0,0.0,0.5
1141.2333,  1.00000000,1,0,0.025000000000000001,0.5
1141.2667,  1.00000000,1,0,0.050000000000000003,0.5
1141.3000,  1.00000000,1,0,0.0,0.5
1141.3333,  1.00000000,1,0,0.0,0.5
1141.3667,  1.00000000,1,0,0.025000000000000001,0.5
1141.4000,  1.00000000,1,0,0.025000000000000001,0.5
1141.4333,  1.00000000,1,0,0.0,0.5
1141.4667,  1.00000000,1,0,0.0,0.5
1141.5000,  1.00000000,1,0,0.025000000000000001,0.5
1141.5333,  1.00000000,1,0,0.0,0.5
1141.5667,  1.00000000,1,0,0.0,0.5
1141.6000,  1.00000000,1,0,0.025000000000000001,0.5
1141.6333,  1.00000000,1,0,0.0,0.5
1141.6667,  1.00000000,1,0,0.0,0.5
1141.7000,  1.00000000,1,0,0.025000000000000001,0.5
1141.7333,  1.00000000,1,0,0.025000000000000001,0.5
1141.7667,  1.00000000,1,0,0.0,0.5
1141.8000,  1.00000000,1,0,0.0,0.5
1141.8333,  1.00000000,1,0,0.0,0.5
1141.8667,  1.00000000,1,0,0.050000000000000003,0.5
1141.9000,  1.00000000,1,0,0.025000000000000001,0.5
1141.9333,  1.00000000,1,0,0.025000000000000001,0.5
1141.9667,  1.00000000,1,0,0.025000000000000001,0.5
1142.0000,  1.00000000,1,0,0.050000000000000003,0.5
1142.0333,  1.00000000,1,0,0.0,0.5
1142.0667,  1.00000000,1,0,0.0,0.5
1142.1000,  1.00000000,1,0,0.0,0.5
1142.1333,  1.00000000,1,0,0.0,0.5
1142.1667,  1.00000000,1,0,0.025000000000000001,0.5
1142.2000,  1.00000000,1,0,0.025000000000000001,0.5
1142.2333,  1.00000000,1,0,0.025000000000000001,0.5
1142.2667,  1.00000000,1,0,0.025000000000000001,0.5
1142.3000,  1.00000000,1,0,0.050000000000000003,0.5
1142.3333,  1.00000000,1,0,0.0,0.5
1142.3667,  1.00000000,1,0,0.0,0.5
1142.4000,  1.00000000,1,0,0.025000000000000001,0.5
1142.4333,  1.00000000,1,0,0.0,0.5
1142.4667,  1.00000000,1,0,0.0,0.5
1142.5000,  1.00000000,1,0,0.025000000000000001,0.5
1142.5333,  1.00000000,1,0,0.025000000000000001,0.5
1142.5667,  1.00000000,1,0,0.025000000000000001,0.5
1142.6000,  1.00000000,1,0,0.025000000000000001,0.5
1142.6333,  1.00000000,1,0,0.025000000000000001,0.5
1142.6667,  1.00000000,1,0,0.025000000000000001,0.5
1142.7000,  1.00000000,1,0,0.0,0.5
1142.7333,  1.00000000,1,0,0.025000000000000001,0.5
1142.7667,  1.00000000,1,0,0.0,0.5
1142.8000,  1.00000000,1,0,0.025000000000000001,0.5
1142.8333,  1.00000000,1,0,0.025000000000000001,0.5
1142.8667,  1.00000000,1,0,0.0,0.5
1142.9000,  1.00000000,1,0,0.025000000000000001,0.5
1142.9333,  1.00000000,1,0,0.025000000000000001,0.5
1142.9667,  1.00000000,1,0,0.025000000000000001,0.5
1143.0000,  1.00000000,1,0,0.0,0.5
1143.0333,  1.00000000,1,0,0.0,0.5
1143.0667,  1.00000000,1,0,0.0,0.5
1143.1000,  1.00000000,1,0,0.025000000000000001,0.5
1143.1333,  1.00000000,1,0,0.025000000000000001,0.5
1143.1667,  1.00000000,1,0,0.050000000000000003,0.5
1143.2000,  1.00000000,1,0,0.025000000000000001,0.5
1143.2333,  1.00000000,1,0,0.050000000000000003,0.5
1143.2667,  1.00000000,1,0,0.050000000000000003,0.5
1143.3000,  1.00000000,1,0,0.0,0.5
1143.3333,  1.00000000,1,0,0.025000000000000001,0.5
1143.3667,  1.00000000,1,0,0.0,0.5
1143.4000,  1.00000000,1,0,0.0,0.5
1143.4333,  1.00000000,1,0,0.050000000000000003,0.5
1143.4667,  1.00000000,1,0,0.0,0.5
1143.5000,  1.00000000,1,0,0.0,0.5
1143.5333,  1.00000000,1,0,0.0,0.5
1143.5667,  1.00000000,1,0,0.0,0.5
1143.6000,  1.00000000,1,0,0.025000000000000001,0.5
1143.6333,  1.00000000,1,0,0.0,0.5
1143.6667,  1.00000000,1,0,0.0,0.5
1143.7000,  1.00000000,1,0,0.0,0.5
1143.7333,  1.00000000,1,0,0.0,0.5
1143.7667,  1.00000000,1,0,0.025000000000000001,0.5
1143.8000,  1.00000000,1,0,0.0,0.5
1143.8333,  1.00000000,1,0,0.0,0.5
1143.8667,  1.00000000,1,0,0.0,0.5
1143.9000,  1.00000000,1,0,0.0,0.5
1143.9333,  1.00000000,1,0,0.0,0.5
1143.9667,  1.00000000,1,0,0.025000000000000001,0.5
1144.0000,  1.00000000,1,0,0.0,0.5
1144.0333,  1.00000000,1,0,0.0,0.5
1144.0667,  1.00000000,1,0,0.025000000000000001,0.5
1144.1000,  1.00000000,1,0,0.050000000000000003,0.5
1144.1333,  1.00000000,1,0,0.025000000000000001,0.5
1144.1667,  1.00000000,1,0,0.0,0.5
1144.2000,  1.00000000,1,0,0.0,0.5
1144.2333,  1.00000000,1,0,0.0,0.5
1144.2667,  1.00000000,1,0,0.025000000000000001,0.5
1144.3000,  1.00000000,1,0,0.0,0.5
1144.3333,  1.00000000,1,0,0.025000000000000001,0.5
1144.3667,  1.00000000,1,0,0.0,0.5
1144.4000,  1.00000000,1,0,0.0,0.5
1144.4333,  1.00000000,1,0,0.050000000000000003,0.5
1144.4667,  1.00000000,1,0,0.0,0.5
1144.5000,  1.00000000,1,0,0.050000000000000003,0.5
1144.5333,  1.00000000,1,0,0.050000000000000003,0.5
1144.5667,  1.00000000,1,0,0.0,0.5
1144.6000,  1.00000000,1,0,0.050000000000000003,0.5
1144.6333,  1.00000000,1,0,0.0,0.5
1144.6667,  1.00000000,1,0,0.050000000000000003,0.5
1144.7000,  1.00000000,1,0,0.0,0.5
1144.7333,  1.00000000,1,0,0.0,0.5
1144.7667,  1.00000000,1,0,0.0,0.5
1144.8000,  1.00000000,1,0,0.025000000000000001,0.5
1144.8333,  1.00000000,1,0,0.0,0.5
1144.8667,  1.00000000,1,0,0.025000000000000001,0.5
1144.9000,  1.00000000,1,0,0.050000000000000003,0.5
1144.9333,  1.00000000,1,0,0.025000000000000001,0.5
1144.9667,  1.00000000,1,0,0.025000000000000001,0.5
1145.0000,  1.00000000,1,0,0.025000000000000001,0.5
1145.0333,  1.00000000,1,0,0.025000000000000001,0.5
1145.0667,  1.00000000,1,0,0.025000000000000001,0.5
1145.1000,  1.00000000,1,0,0.025000000000000001,0.5
1145.1333,  1.00000000,1,0,0.025000000000000001,0.5
1145.1667,  1.00000000,1,0,0.025000000000000001,0.5
1145.2000,  1.00000000,1,0,0.025000000000000001,0.5
1145.2333,  1.00000000,1,0,0.0,0.5
1145.2667,  1.00000000,1,0,0.025000000000000001,0.5
1145.3000,  1.00000000,1,0,0.0,0.5
1145.3333,  1.00000000,1,0,0.0,0.5
1145.3667,  1.00000000,1,0,0.025000000000000001,0.5
1145.4000,  1.00000000,1,0,0.0,0.5
1145.4333,  1.00000000,1,0,0.050000000000000003,0.5
1145.4667,  1.00000000,1,0,0.0,0.5
1145.5000,  1.00000000,1,0,0.025000000000000001,0.5
1145.5333,  1.00000000,1,0,0.074999999999999997,0.5
1145.5667,  1.00000000,1,0,0.0,0.5
1145.6000,  1.00000000,1,0,0.0,0.5
1145.6333,  1.00000000,1,0,0.0,0.5
1145.6667,  1.00000000,1,0,0.0,0.5
1145.7000,  1.00000000,1,0,0.0,0.5
1145.7333,  1.00000000,1,0,0.025000000000000001,0.5
1145.7667,  1.00000000,1,0,0.050000000000000003,0.5
1145.8000,  1.00000000,1,0,0.0,0.5
1145.8333,  1.00000000,1,0,0.0,0.5
1145.8667,  1.00000000,1,0,0.025000000000000001,0.5
1145.9000,  1.00000000,1,0,0.0,0.5
1145.9333,  1.00000000,1,0,0.0,0.5
1145.9667,  1.00000000,1,0,0.0,0.5
1146.0000,  1.00000000,1,0,0.0,0.5
1146.0333,  1.00000000,1,0,0.025000000000000001,0.5
1146.0667,  1.00000000,1,0,0.025000000000000001,0.5
1146.1000,  1.00000000,1,0,0.050000000000000003,0.5
1146.1333,  1.00000000,1,0,0.050000000000000003,0.5
1146.1667,  1.00000000,1,0,0.0,0.5
1146.2000,  1.00000000,1,0,0.025000000000000001,0.5
1146.2333,  1.00000000,1,0,0.0,0.5
1146.2667,  1.00000000,1,0,0.050000000000000003,0.5
1146.3000,  1.00000000,1,0,0.025000000000000001,0.5
1146.3333,  1.00000000,1,0,0.050000000000000003,0.5
1146.3667,  1.00000000,1,0,0.0,0.5
1146.4000,  1.00000000,1,0,0.025000000000000001,0.5
1146.4333,  1.00000000,1,0,0.025000000000000001,0.5
1146.4667,  1.00000000,1,0,0.025000000000000001,0.5
1146.5000,  1.00000000,1,0,0.0,0.5
1146.5333,  1.00000000,1,0,0.0,0.5
1146.5667,  1.00000000,1,0,0.0,0.5
1146.6000,  1.00000000,1,0,0.050000000000000003,0.5
1146.6333,  1.00000000,1,0,0.025000000000000001,0.5
1146.6667,  1.00000000,1,0,0.0,0.5
1146.7000,  1.00000000,1,0,0.0,0.5
1146.7333,  1.00000000,1,0,0.0,0.5
1146.7667,  1.00000000,1,0,0.0,0.5
1146.8000,  1.00000000,1,0,0.0,0.5
1146.8333,  1.00000000,1,0,0.0,0.5
1146.8667,  1.00000000,1,0,0.0,0.5
1146.9000,  1.00000000,1,0,0.025000000000000001,0.5
1146.9333,  1.00000000,1,0,0.025000000000000001,0.5
1146.9667,  1.00000000,1,0,0.025000000000000001,0.5
1147.0000,  1.00000000,1,0,0.025000000000000001,0.5
1147.0333,  1.00000000,1,0,0.0,0.5
1147.0667,  1.00000000,1,0,0.025000000000000001,0.5
1147.1000,  1.00000000,1,0,0.0,0.5
1147.1333,  1.00000000,1,0,0.0,0.5
1147.1667,  1.00000000,1,0,0.0,0.5
1147.2000,  1.00000000,1,0,0.025000000000000001,0.5
1147.2333,  1.00000000,1,0,0.0,0.5
1147.2667,  1.00000000,1,0,0.0,0.5
1147.3000,  1.00000000,1,0,0.0,0.5
1147.3333,  1.00000000,1,0,0.0,0.5
1147.3667,  1.00000000,1,0,0.0,0.5
1147.4000,  1.00000000,1,0,0.0,0.5
1147.4333,  1.00000000,1,0,0.0,0.5
1147.4667,  1.00000000,1,0,0.0,0.5
1147.5000,  1.00000000,1,0,0.025000000000000001,0.5
1147.5333,  1.00000000,1,0,0.0,0.5
1147.5667,  1.00000000,1,0,0.0,0.5
1147.6000,  1.00000000,1,0,0.0,0.5
1147.6333,  1.00000000,1,0,0.0,0.5
1147.6667,  1.00000000,1,0,0.0,0.5
1147.7000,  1.00000000,1,0,0.0,0.5
1147.7333,  1.00000000,1,0,0.0,0.5
1147.7667,  1.00000000,1,0,0.025000000000000001,0.5
1147.8000,  1.00000000,1,0,0.0,0.5
1147.8333,  1.00000000,1,0,0.0,0.5
1147.8667,  1.00000000,1,0,0.025000000000000001,0.5
1147.9000,  1.00000000,1,0,0.025000000000000001,0.5
1147.9333,  1.00000000,1,0,0.0,0.5
1147.9667,  1.00000000,1,0,0.0,0.5
1148.0000,  1.00000000,1,0,0.050000000000000003,0.5
1148.0333,  1.00000000,1,0,0.0,0.5
1148.0667,  1.00000000,1,0,0.0,0.5
1148.1000,  1.00000000,1,0,0.0,0.5
1148.1333,  1.00000000,1,0,0.0,0.5
1148.1667,  1.00000000,1,0,0.0,0.5
1148.2000,  1.00000000,1,0,0.0,0.5
1148.2333,  1.00000000,1,0,0.0,0.5
1148.2667,  1.00000000,1,0,0.0,0.5
1148.3000,  1.00000000,1,0,0.0,0.5
1148.3333,  1.00000000,1,0,0.0,0.5
1148.3667,  1.00000000,1,0,0.0,0.5
1148.4000,  1.00000000,1,0,0.0,0.5
1148.4333,  1.00000000,1,0,0.0,0.5
1148.4667,  1.00000000,1,0,0.0,0.5
1148.5000,  1.00000000,1,0,0.025000000000000001,0.5
1148.5333,  1.00000000,1,0,0.0,0.5
1148.5667,  1.00000000,1,0,0.025000000000000001,0.5
1148.6000,  1.00000000,1,0,0.0,0.5
1148.6333,  1.00000000,1,0,0.050000000000000003,0.5
1148.6667,  1.00000000,1,0,0.0,0.5
1148.7000,  1.00000000,1,0,0.025000000000000001,0.5
1148.7333,  1.00000000,1,0,0.0,0.5
1148.7667,  1.00000000,1,0,0.0,0.5
1148.8000,  1.00000000,1,0,0.0,0.5
1148.8333,  1.00000000,1,0,0.025000000000000001,0.5
1148.8667,  1.00000000,1,0,0.0,0.5
1148.9000,  1.00000000,1,0,0.050000000000000003,0.5
1148.9333,  1.00000000,1,0,0.050000000000000003,0.5
1148.9667,  1.00000000,1,0,0.050000000000000003,0.5
1149.0000,  1.00000000,1,0,0.025000000000000001,0.5
1149.0333,  1.00000000,1,0,0.025000000000000001,0.5
1149.0667,  1.00000000,1,0,0.0,0.5
1149.1000,  1.00000000,1,0,0.025000000000000001,0.5
1149.1333,  1.00000000,1,0,0.0,0.5
1149.1667,  1.00000000,1,0,0.025000000000000001,0.5
1149.2000,  1.00000000,1,0,0.025000000000000001,0.5
1149.2333,  1.00000000,1,0,0.050000000000000003,0.5
1149.2667,  1.00000000,1,0,0.025000000000000001,0.5
1149.3000,  1.00000000,1,0,0.025000000000000001,0.5
1149.3333,  1.00000000,1,0,0.025000000000000001,0.5
1149.3667,  1.00000000,1,0,0.0,0.5
1149.4000,  1.00000000,1,0,0.0,0.5
1149.4333,  1.00000000,1,0,0.0,0.5
1149.4667,  1.00000000,1,0,0.025000000000000001,0.5
1149.5000,  1.00000000,1,0,0.025000000000000001,0.5
1149.5333,  1.00000000,1,0,0.0,0.5
1149.5667,  1.00000000,1,0,0.0,0.5
1149.6000,  1.00000000,1,0,0.025000000000000001,0.5
1149.6333,  1.00000000,1,0,0.0,0.5
1149.6667,  1.00000000,1,0,0.025000000000000001,0.5
1149.7000,  1.00000000,1,0,0.0,0.5
1149.7333,  1.00000000,1,0,0.0,0.5
1149.7667,  1.00000000,1,0,0.0,0.5
1149.8000,  1.00000000,1,0,0.0,0.5
1149.8333,  1.00000000,1,0,0.0,0.5
1149.8667,  1.00000000,1,0,0.0,0.5
1149.9000,  1.00000000,1,0,0.0,0.5
1149.9333,  1.00000000,1,0,0.0,0.5
1149.9667,  1.00000000,1,0,0.0,0.5
1150.0000,  1.00000000,1,0,0.0,0.5
1150.0333,  1.00000000,1,0,0.025000000000000001,0.5
1150.0667,  1.00000000,1,0,0.0,0.5
1150.1000,  1.00000000,1,0,0.025000000000000001,0.5
1150.1333,  1.00000000,1,0,0.0,0.5
1150.1667,  1.00000000,1,0,0.0,0.5
1150.2000,  1.00000000,1,0,0.025000000000000001,0.5
1150.2333,  1.00000000,1,0,0.025000000000000001,0.5
1150.2667,  1.00000000,1,0,0.025000000000000001,0.5
1150.3000,  1.00000000,1,0,0.025000000000000001,0.5
1150.3333,  1.00000000,1,0,0.025000000000000001,0.5
1150.3667,  1.00000000,1,0,0.025000000000000001,0.5
1150.4000,  1.00000000,1,0,0.0,0.5
1150.4333,  1.00000000,1,0,0.0,0.5
1150.4667,  1.00000000,1,0,0.0,0.5
1150.5000,  1.00000000,1,0,0.0,0.5
1150.5333,  1.00000000,1,0,0.0,0.5
1150.5667,  1.00000000,1,0,0.050000000000000003,0.5
1150.6000,  1.00000000,1,0,0.025000000000000001,0.5
1150.6333,  1.00000000,1,0,0.0,0.5
1150.6667,  1.00000000,1,0,0.0,0.5
1150.7000,  1.00000000,1,0,0.025000000000000001,0.5
1150.7333,  1.00000000,1,0,0.025000000000000001,0.5
1150.7667,  1.00000000,1,0,0.025000000000000001,0.5
1150.8000,  1.00000000,1,0,0.0,0.5
1150.8333,  1.00000000,1,0,0.025000000000000001,0.5
1150.8667,  1.00000000,1,0,0.025000000000000001,0.5
1150.9000,  1.00000000,1,0,0.025000000000000001,0.5
1150.9333,  1.00000000,1,0,0.0,0.5
1150.9667,  1.00000000,1,0,0.025000000000000001,0.5
1151.0000,  1.00000000,1,0,0.0,0.5
1151.0333,  1.00000000,1,0,0.0,0.5
1151.0667,  1.00000000,1,0,0.0,0.5
1151.1000,  1.00000000,1,0,0.0,0.5
1151.1333,  1.00000000,1,0,0.0,0.5
1151.1667,  1.00000000,1,0,0.0,0.5
1151.2000,  1.00000000,1,0,0.025000000000000001,0.5
1151.2333,  1.00000000,1,0,0.025000000000000001,0.5
1151.2667,  1.00000000,1,0,0.0,0.5
1151.3000,  1.00000000,1,0,0.0,0.5
1151.3333,  1.00000000,1,0,0.025000000000000001,0.5
1151.3667,  1.00000000,1,0,0.025000000000000001,0.5
1151.4000,  1.00000000,1,0,0.0,0.5
1151.4333,  1.00000000,1,0,0.0,0.5
1151.4667,  1.00000000,1,0,0.0,0.5
1151.5000,  1.00000000,1,0,0.0,0.5
1151.5333,  1.00000000,1,0,0.0,0.5
1151.5667,  1.00000000,1,0,0.0,0.5
1151.6000,  1.00000000,1,0,0.025000000000000001,0.5
1151.6333,  1.00000000,1,0,0.0,0.5
1151.6667,  1.00000000,1,0,0.0,0.5
1151.7000,  1.00000000,1,0,0.025000000000000001,0.5
1151.7333,  1.00000000,1,0,0.0,0.5
1151.7667,  1.00000000,1,0,0.025000000000000001,0.5
1151.8000,  1.00000000,1,0,0.0,0.5
1151.8333,  1.00000000,1,0,0.0,0.5
1151.8667,  1.00000000,1,0,0.0,0.5
1151.9000,  1.00000000,1,0,0.0,0.5
1151.9333,  1.00000000,1,0,0.0,0.5
1151.9667,  1.00000000,1,0,0.0,0.5
1152.0000,  1.00000000,1,0,0.025000000000000001,0.5
1152.0333,  1.00000000,1,0,0.0,0.5
1152.0667,  1.00000000,1,0,0.0,0.5
1152.1000,  1.00000000,1,0,0.0,0.5
1152.1333,  1.00000000,1,0,0.0,0.5
1152.1667,  1.00000000,1,0,0.0,0.5
1152.2000,  1.00000000,1,0,0.0,0.5
1152.2333,  1.00000000,1,0,0.0,0.5
1152.2667,  1.00000000,1,0,0.0,0.5
1152.3000,  1.00000000,1,0,0.0,0.5
1152.3333,  1.00000000,1,0,0.0,0.5
1152.3667,  1.00000000,1,0,0.025000000000000001,0.5
1152.4000,  1.00000000,1,0,0.0,0.5
1152.4333,  1.00000000,1,0,0.0,0.5
1152.4667,  1.00000000,1,0,0.0,0.5
1152.5000,  1.00000000,1,0,0.0,0.5
1152.5333,  1.00000000,1,0,0.050000000000000003,0.5
1152.5667,  1.00000000,1,0,0.0,0.5
1152.6000,  1.00000000,1,0,0.0,0.5
1152.6333,  1.00000000,1,0,0.0,0.5
1152.6667,  1.00000000,1,0,0.025000000000000001,0.5
1152.7000,  1.00000000,1,0,0.0,0.5
1152.7333,  1.00000000,1,0,0.0,0.5
1152.7667,  1.00000000,1,0,0.0,0.5
1152.8000,  1.00000000,1,0,0.025000000000000001,0.5
1152.8333,  1.00000000,1,0,0.025000000000000001,0.5
1152.8667,  1.00000000,1,0,0.025000000000000001,0.5
1152.9000,  1.00000000,1,0,0.025000000000000001,0.5
1152.9333,  1.00000000,1,0,0.0,0.5
1152.9667,  1.00000000,1,0,0.050000000000000003,0.5
1153.0000,  1.00000000,1,0,0.0,0.5
1153.0333,  1.00000000,1,0,0.0,0.5
1153.0667,  1.00000000,1,0,0.0,0.5
1153.1000,  1.00000000,1,0,0.025000000000000001,0.5
1153.1333,  1.00000000,1,0,0.0,0.5
1153.1667,  1.00000000,1,0,0.0,0.5
1153.2000,  1.00000000,1,0,0.0,0.5
1153.2333,  1.00000000,1,0,0.0,0.5
1153.2667,  1.00000000,1,0,0.0,0.5
1153.3000,  1.00000000,1,0,0.025000000000000001,0.5
1153.3333,  1.00000000,1,0,0.025000000000000001,0.5
1153.3667,  1.00000000,1,0,0.050000000000000003,0.5
1153.4000,  1.00000000,1,0,0.025000000000000001,0.5
1153.4333,  1.00000000,1,0,0.025000000000000001,0.5
1153.4667,  1.00000000,1,0,0.0,0.5
1153.5000,  1.00000000,1,0,0.0,0.5
1153.5333,  1.00000000,1,0,0.025000000000000001,0.5
1153.5667,  1.00000000,1,0,0.0,0.5
1153.6000,  1.00000000,1,0,0.0,0.5
1153.6333,  1.00000000,1,0,0.0,0.5
1153.6667,  1.00000000,1,0,0.0,0.5
1153.7000,  1.00000000,1,0,0.025000000000000001,0.5
1153.7333,  1.00000000,1,0,0.025000000000000001,0.5
1153.7667,  1.00000000,1,0,0.050000000000000003,0.5
1153.8000,  1.00000000,1,0,0.0,0.5
1153.8333,  1.00000000,1,0,0.025000000000000001,0.5
1153.8667,  1.00000000,1,0,0.0,0.5
1153.9000,  1.00000000,1,0,0.025000000000000001,0.5
1153.9333,  1.00000000,1,0,0.025000000000000001,0.5
1153.9667,  1.00000000,1,0,0.0,0.5
1154.0000,  1.00000000,1,0,0.0,0.5
1154.0333,  1.00000000,1,0,0.0,0.5
1154.0667,  1.00000000,1,0,0.0,0.5
1154.1000,  1.00000000,1,0,0.025000000000000001,0.5
1154.1333,  1.00000000,1,0,0.0,0.5
1154.1667,  1.00000000,1,0,0.025000000000000001,0.5
1154.2000,  1.00000000,1,0,0.0,0.5
1154.2333,  1.00000000,1,0,0.0,0.5
1154.2667,  1.00000000,1,0,0.0,0.5
1154.3000,  1.00000000,1,0,0.0,0.5
1154.3333,  1.00000000,1,0,0.0,0.5
1154.3667,  1.00000000,1,0,0.0,0.5
1154.4000,  1.00000000,1,0,0.025000000000000001,0.5
1154.4333,  1.00000000,1,0,0.0,0.5
1154.4667,  1.00000000,1,0,0.0,0.5
1154.5000,  1.00000000,1,0,0.0,0.5
1154.5333,  1.00000000,1,0,0.0,0.5
1154.5667,  1.00000000,1,0,0.050000000000000003,0.5
1154.6000,  1.00000000,1,0,0.0,0.5
1154.6333,  1.00000000,1,0,0.0,0.5
1154.6667,  1.00000000,1,0,0.025000000000000001,0.5
1154.7000,  1.00000000,1,0,0.0,0.5
1154.7333,  1.00000000,1,0,0.0,0.5
1154.7667,  1.00000000,1,0,0.0,0.5
1154.8000,  1.00000000,1,0,0.0,0.5
1154.8333,  1.00000000,1,0,0.0,0.5
1154.8667,  1.00000000,1,0,0.0,0.5
1154.9000,  1.00000000,1,0,0.0,0.5
1154.9333,  1.00000000,1,0,0.0,0.5
1154.9667,  1.00000000,1,0,0.0,0.5
1155.0000,  1.00000000,1,0,0.025000000000000001,0.5
1155.0333,  1.00000000,1,0,0.025000000000000001,0.5
1155.0667,  1.00000000,1,0,0.0,0.5
1155.1000,  1.00000000,1,0,0.025000000000000001,0.5
1155.1333,  1.00000000,1,0,0.025000000000000001,0.5
1155.1667,  1.00000000,1,0,0.050000000000000003,0.5
1155.2000,  1.00000000,1,0,0.0,0.5
1155.2333,  1.00000000,1,0,0.0,0.5
1155.2667,  1.00000000,1,0,0.0,0.5
1155.3000,  1.00000000,1,0,0.025000000000000001,0.5
1155.3333,  1.00000000,1,0,0.025000000000000001,0.5
1155.3667,  1.00000000,1,0,0.025000000000000001,0.5
1155.4000,  1.00000000,1,0,0.0,0.5
1155.4333,  1.00000000,1,0,0.025000000000000001,0.5
1155.4667,  1.00000000,1,0,0.025000000000000001,0.5
1155.5000,  1.00000000,1,0,0.025000000000000001,0.5
1155.5333,  1.00000000,1,0,0.025000000000000001,0.5
1155.5667,  1.00000000,1,0,0.025000000000000001,0.5
1155.6000,  1.00000000,1,0,0.0,0.5
1155.6333,  1.00000000,1,0,0.0,0.5
1155.6667,  1.00000000,1,0,0.025000000000000001,0.5
1155.7000,  1.00000000,1,0,0.0,0.5
1155.7333,  1.00000000,1,0,0.0,0.5
1155.7667,  1.00000000,1,0,0.025000000000000001,0.5
1155.8000,  1.00000000,1,0,0.0,0.5
1155.8333,  1.00000000,1,0,0.025000000000000001,0.5
1155.8667,  1.00000000,1,0,0.0,0.5
1155.9000,  1.00000000,1,0,0.025000000000000001,0.5
1155.9333,  1.00000000,1,0,0.025000000000000001,0.5
1155.9667,  1.00000000,1,0,0.0,0.5
1156.0000,  1.00000000,1,0,0.0,0.5
1156.0333,  1.00000000,1,0,0.050000000000000003,0.5
1156.0667,  1.00000000,1,0,0.0,0.5
1156.1000,  1.00000000,1,0,0.025000000000000001,0.5
1156.1333,  1.00000000,1,0,0.050000000000000003,0.5
1156.1667,  1.00000000,1,0,0.0,0.5
1156.2000,  1.00000000,1,0,0.0,0.5
1156.2333,  1.00000000,1,0,0.0,0.5
1156.2667,  1.00000000,1,0,0.0,0.5
1156.3000,  1.00000000,1,0,0.050000000000000003,0.5
1156.3333,  1.00000000,1,0,0.025000000000000001,0.5
1156.3667,  1.00000000,1,0,0.0,0.5
1156.4000,  1.00000000,1,0,0.025000000000000001,0.5
1156.4333,  1.00000000,1,0,0.0,0.5
1156.4667,  1.00000000,1,0,0.0,0.5
1156.5000,  1.00000000,1,0,0.0,0.5
1156.5333,  1.00000000,1,0,0.0,0.5
1156.5667,  1.00000000,1,0,0.050000000000000003,0.5
1156.6000,  1.00000000,1,0,0.0,0.5
1156.6333,  1.00000000,1,0,0.0,0.5
1156.6667,  1.00000000,1,0,0.0,0.5
1156.7000,  1.00000000,1,0,0.0,0.5
1156.7333,  1.00000000,1,0,0.0,0.5
1156.7667,  1.00000000,1,0,0.0,0.5
1156.8000,  1.00000000,1,0,0.0,0.5
1156.8333,  1.00000000,1,0,0.0,0.5
1156.8667,  1.00000000,1,0,0.0,0.5
1156.9000,  1.00000000,1,0,0.0,0.5
1156.9333,  1.00000000,1,0,0.0,0.5
1156.9667,  1.00000000,1,0,0.0,0.5
1157.0000,  1.00000000,1,0,0.0,0.5
1157.0333,  1.00000000,1,0,0.0,0.5
1157.0667,  1.00000000,1,0,0.025000000000000001,0.5
1157.1000,  1.00000000,1,0,0.025000000000000001,0.5
1157.1333,  1.00000000,1,0,0.0,0.5
1157.1667,  1.00000000,1,0,0.0,0.5
1157.2000,  1.00000000,1,0,0.0,0.5
1157.2333,  1.00000000,1,0,0.0,0.5
1157.2667,  1.00000000,1,0,0.0,0.5
1157.3000,  1.00000000,1,0,0.0,0.5
1157.3333,  1.00000000,1,0,0.0,0.5
1157.3667,  1.00000000,1,0,0.0,0.5
1157.4000,  1.00000000,1,0,0.0,0.5
1157.4333,  1.00000000,1,0,0.0,0.5
1157.4667,  1.00000000,1,0,0.025000000000000001,0.5
1157.5000,  1.00000000,1,0,0.0,0.5
1157.5333,  1.00000000,1,0,0.0,0.5
1157.5667,  1.00000000,1,0,0.025000000000000001,0.5
1157.6000,  1.00000000,1,0,0.0,0.5
1157.6333,  1.00000000,1,0,0.0,0.5
1157.6667,  1.00000000,1,0,0.0,0.5
1157.7000,  1.00000000,1,0,0.0,0.5
1157.7333,  1.00000000,1,0,0.025000000000000001,0.5
1157.7667,  1.00000000,1,0,0.0,0.5
1157.8000,  1.00000000,1,0,0.0,0.5
1157.8333,  1.00000000,1,0,0.0,0.5
1157.8667,  1.00000000,1,0,0.0,0.5
1157.9000,  1.00000000,1,0,0.0,0.5
1157.9333,  1.00000000,1,0,0.0,0.5
1157.9667,  1.00000000,1,0,0.0,0.5
1158.0000,  1.00000000,1,0,0.0,0.5
1158.0333,  1.00000000,1,0,0.0,0.5
1158.0667,  1.00000000,1,0,0.0,0.5
1158.1000,  1.00000000,1,0,0.0,0.5
1158.1333,  1.00000000,1,0,0.0,0.5
1158.1667,  1.00000000,1,0,0.0,0.5
1158.2000,  1.00000000,1,0,0.025000000000000001,0.5
1158.2333,  1.00000000,1,0,0.0,0.5
1158.2667,  1.00000000,1,0,0.0,0.5
1158.3000,  1.00000000,1,0,0.0,0.5
1158.3333,  1.00000000,1,0,0.0,0.5
1158.3667,  1.00000000,1,0,0.0,0.5
1158.4000,  1.00000000,1,0,0.0,0.5
1158.4333,  1.00000000,1,0,0.0,0.5
1158.4667,  1.00000000,1,0,0.0,0.5
1158.5000,  1.00000000,1,0,0.0,0.5
1158.5333,  1.00000000,1,0,0.0,0.5
1158.5667,  1.00000000,1,0,0.0,0.5
1158.6000,  1.00000000,1,0,0.025000000000000001,0.5
1158.6333,  1.00000000,1,0,0.0,0.5
1158.6667,  1.00000000,1,0,0.050000000000000003,0.5
1158.7000,  1.00000000,1,0,0.0,0.5
1158.7333,  1.00000000,1,0,0.025000000000000001,0.5
1158.7667,  1.00000000,1,0,0.0,0.5
1158.8000,  1.00000000,1,0,0.0,0.5
1158.8333,  1.00000000,1,0,0.0,0.5
1158.8667,  1.00000000,1,0,0.0,0.5
1158.9000,  1.00000000,1,0,0.0,0.5
1158.9333,  1.00000000,1,0,0.025000000000000001,0.5
1158.9667,  1.00000000,1,0,0.0,0.5
1159.0000,  1.00000000,1,0,0.0,0.5
1159.0333,  1.00000000,1,0,0.0,0.5
1159.0667,  1.00000000,1,0,0.025000000000000001,0.5
1159.1000,  1.00000000,1,0,0.0,0.5
1159.1333,  1.00000000,1,0,0.025000000000000001,0.5
1159.1667,  1.00000000,1,0,0.0,0.5
1159.2000,  1.00000000,1,0,0.0,0.5
1159.2333,  1.00000000,1,0,0.0,0.5
1159.2667,  1.00000000,1,0,0.0,0.5
1159.3000,  1.00000000,1,0,0.0,0.5
1159.3333,  1.00000000,1,0,0.0,0.5
1159.3667,  1.00000000,1,0,0.0,0.5
1159.4000,  1.00000000,1,0,0.0,0.5
1159.4333,  1.00000000,1,0,0.0,0.5
1159.4667,  1.00000000,1,0,0.0,0.5
1159.5000,  1.00000000,1,0,0.0,0.5
1159.5333,  1.00000000,1,0,0.0,0.5
1159.5667,  1.00000000,1,0,0.0,0.5
1159.6000,  1.00000000,1,0,0.025000000000000001,0.5
1159.6333,  1.00000000,1,0,0.025000000000000001,0.5
1159.6667,  1.00000000,1,0,0.050000000000000003,0.5
1159.7000,  1.00000000,1,0,0.025000000000000001,0.5
1159.7333,  1.00000000,1,0,0.0,0.5
1159.7667,  1.00000000,1,0,0.0,0.5
1159.8000,  1.00000000,1,0,0.0,0.5
1159.8333,  1.00000000,1,0,0.0,0.5
1159.8667,  1.00000000,1,0,0.025000000000000001,0.5
1159.9000,  1.00000000,1,0,0.0,0.5
1159.9333,  1.00000000,1,0,0.0,0.5
1159.9667,  1.00000000,1,0,0.0,0.5
1160.0000,  1.00000000,1,0,0.0,0.5
1160.0333,  1.00000000,1,0,0.0,0.5
1160.0667,  1.00000000,1,0,0.025000000000000001,0.5
1160.1000,  1.00000000,1,0,0.0,0.5
1160.1333,  1.00000000,1,0,0.0,0.5
1160.1667,  1.00000000,1,0,0.025000000000000001,0.5
1160.2000,  1.00000000,1,0,0.0,0.5
1160.2333,  1.00000000,1,0,0.025000000000000001,0.5
1160.2667,  1.00000000,1,0,0.0,0.5
1160.3000,  1.00000000,1,0,0.0,0.5
1160.3333,  1.00000000,1,0,0.025000000000000001,0.5
1160.3667,  1.00000000,1,0,0.0,0.5
1160.4000,  1.00000000,1,0,0.025000000000000001,0.5
1160.4333,  1.00000000,1,0,0.0,0.5
1160.4667,  1.00000000,1,0,0.0,0.5
1160.5000,  1.00000000,1,0,0.0,0.5
1160.5333,  1.00000000,1,0,0.0,0.5
1160.5667,  1.00000000,1,0,0.0,0.5
1160.6000,  1.00000000,1,0,0.0,0.5
1160.6333,  1.00000000,1,0,0.0,0.5
1160.6667,  1.00000000,1,0,0.0,0.5
1160.7000,  1.00000000,1,0,0.025000000000000001,0.5
1160.7333,  1.00000000,1,0,0.0,0.5
1160.7667,  1.00000000,1,0,0.025000000000000001,0.5
1160.8000,  1.00000000,1,0,0.0,0.5
1160.8333,  1.00000000,1,0,0.0,0.5
1160.8667,  1.00000000,1,0,0.0,0.5
1160.9000,  1.00000000,1,0,0.025000000000000001,0.5
1160.9333,  1.00000000,1,0,0.025000000000000001,0.5
1160.9667,  1.00000000,1,0,0.025000000000000001,0.5
1161.0000,  1.00000000,1,0,0.0,0.5
1161.0333,  1.00000000,1,0,0.025000000000000001,0.5
1161.0667,  1.00000000,1,0,0.0,0.5
1161.1000,  1.00000000,1,0,0.0,0.5
1161.1333,  1.00000000,1,0,0.025000000000000001,0.5
1161.1667,  1.00000000,1,0,0.0,0.5
1161.2000,  1.00000000,1,0,0.0,0.5
1161.2333,  1.00000000,1,0,0.025000000000000001,0.5
1161.2667,  1.00000000,1,0,0.0,0.5
1161.3000,  1.00000000,1,0,0.025000000000000001,0.5
1161.3333,  1.00000000,1,0,0.050000000000000003,0.5
1161.3667,  1.00000000,1,0,0.025000000000000001,0.5
1161.4000,  1.00000000,1,0,0.025000000000000001,0.5
1161.4333,  1.00000000,1,0,0.025000000000000001,0.5
1161.4667,  1.00000000,1,0,0.025000000000000001,0.5
1161.5000,  1.00000000,1,0,0.025000000000000001,0.5
1161.5333,  1.00000000,1,0,0.0,0.5
1161.5667,  1.00000000,1,0,0.025000000000000001,0.5
1161.6000,  1.00000000,1,0,0.0,0.5
1161.6333,  1.00000000,1,0,0.0,0.5
1161.6667,  1.00000000,1,0,0.025000000000000001,0.5
1161.7000,  1.00000000,1,0,0.025000000000000001,0.5
1161.7333,  1.00000000,1,0,0.0,0.5
1161.7667,  1.00000000,1,0,0.0,0.5
1161.8000,  1.00000000,1,0,0.025000000000000001,0.5
1161.8333,  1.00000000,1,0,0.025000000000000001,0.5
1161.8667,  1.00000000,1,0,0.050000000000000003,0.5
1161.9000,  1.00000000,1,0,0.025000000000000001,0.5
1161.9333,  1.00000000,1,0,0.0,0.5
1161.9667,  1.00000000,1,0,0.050000000000000003,0.5
1162.0000,  1.00000000,1,0,0.025000000000000001,0.5
1162.0333,  1.00000000,1,0,0.0,0.5
1162.0667,  1.00000000,1,0,0.025000000000000001,0.5
1162.1000,  1.00000000,1,0,0.025000000000000001,0.5
1162.1333,  1.00000000,1,0,0.050000000000000003,0.5
1162.1667,  1.00000000,1,0,0.0,0.5
1162.2000,  1.00000000,1,0,0.0,0.5
1162.2333,  1.00000000,1,0,0.0,0.5
1162.2667,  1.00000000,1,0,0.0,0.5
1162.3000,  1.00000000,1,0,0.0,0.5
1162.3333,  1.00000000,1,0,0.025000000000000001,0.5
1162.3667,  1.00000000,1,0,0.0,0.5
1162.4000,  1.00000000,1,0,0.050000000000000003,0.5
1162.4333,  1.00000000,1,0,0.0,0.5
1162.4667,  1.00000000,1,0,0.0,0.5
1162.5000,  1.00000000,1,0,0.025000000000000001,0.5
1162.5333,  1.00000000,1,0,0.0,0.5
1162.5667,  1.00000000,1,0,0.0,0.5
1162.6000,  1.00000000,1,0,0.025000000000000001,0.5
1162.6333,  1.00000000,1,0,0.0,0.5
1162.6667,  1.00000000,1,0,0.025000000000000001,0.5
1162.7000,  1.00000000,1,0,0.0,0.5
1162.7333,  1.00000000,1,0,0.0,0.5
1162.7667,  1.00000000,1,0,0.0,0.5
1162.8000,  1.00000000,1,0,0.0,0.5
1162.8333,  1.00000000,1,0,0.025000000000000001,0.5
1162.8667,  1.00000000,1,0,0.0,0.5
1162.9000,  1.00000000,1,0,0.025000000000000001,0.5
1162.9333,  1.00000000,1,0,0.025000000000000001,0.5
1162.9667,  1.00000000,1,0,0.0,0.5
1163.0000,  1.00000000,1,0,0.025000000000000001,0.5
1163.0333,  1.00000000,1,0,0.025000000000000001,0.5
1163.0667,  1.00000000,1,0,0.0,0.5
1163.1000,  1.00000000,1,0,0.025000000000000001,0.5
1163.1333,  1.00000000,1,0,0.025000000000000001,0.5
1163.1667,  1.00000000,1,0,0.025000000000000001,0.5
1163.2000,  1.00000000,1,0,0.0,0.5
1163.2333,  1.00000000,1,0,0.025000000000000001,0.5
1163.2667,  1.00000000,1,0,0.025000000000000001,0.5
1163.3000,  1.00000000,1,0,0.0,0.5
1163.3333,  1.00000000,1,0,0.0,0.5
1163.3667,  1.00000000,1,0,0.0,0.5
1163.4000,  1.00000000,1,0,0.025000000000000001,0.5
1163.4333,  1.00000000,1,0,0.0,0.5
1163.4667,  1.00000000,1,0,0.0,0.5
1163.5000,  1.00000000,1,0,0.0,0.5
1163.5333,  1.00000000,1,0,0.0,0.5
1163.5667,  1.00000000,1,0,0.025000000000000001,0.5
1163.6000,  1.00000000,1,0,0.025000000000000001,0.5
1163.6333,  1.00000000,1,0,0.050000000000000003,0.5
1163.6667,  1.00000000,1,0,0.025000000000000001,0.5
1163.7000,  1.00000000,1,0,0.0,0.5
1163.7333,  1.00000000,1,0,0.0,0.5
1163.7667,  1.00000000,1,0,0.0,0.5
1163.8000,  1.00000000,1,0,0.0,0.5
1163.8333,  1.00000000,1,0,0.025000000000000001,0.5
1163.8667,  1.00000000,1,0,0.0,0.5
1163.9000,  1.00000000,1,0,0.0,0.5
1163.9333,  1.00000000,1,0,0.025000000000000001,0.5
1163.9667,  1.00000000,1,0,0.050000000000000003,0.5
1164.0000,  1.00000000,1,0,0.025000000000000001,0.5
1164.0333,  1.00000000,1,0,0.025000000000000001,0.5
1164.0667,  1.00000000,1,0,0.0,0.5
1164.1000,  1.00000000,1,0,0.025000000000000001,0.5
1164.1333,  1.00000000,1,0,0.025000000000000001,0.5
1164.1667,  1.00000000,1,0,0.025000000000000001,0.5
1164.2000,  1.00000000,1,0,0.050000000000000003,0.5
1164.2333,  1.00000000,1,0,0.0,0.5
1164.2667,  1.00000000,1,0,0.0,0.5
1164.3000,  1.00000000,1,0,0.0,0.5
1164.3333,  1.00000000,1,0,0.0,0.5
1164.3667,  1.00000000,1,0,0.0,0.5
1164.4000,  1.00000000,1,0,0.025000000000000001,0.5
1164.4333,  1.00000000,1,0,0.025000000000000001,0.5
1164.4667,  1.00000000,1,0,0.0,0.5
1164.5000,  1.00000000,1,0,0.0,0.5
1164.5333,  1.00000000,1,0,0.025000000000000001,0.5
1164.5667,  1.00000000,1,0,0.025000000000000001,0.5
1164.6000,  1.00000000,1,0,0.0,0.5
1164.6333,  1.00000000,1,0,0.0,0.5
1164.6667,  1.00000000,1,0,0.0,0.5
1164.7000,  1.00000000,1,0,0.025000000000000001,0.5
1164.7333,  1.00000000,1,0,0.025000000000000001,0.5
1164.7667,  1.00000000,1,0,0.025000000000000001,0.5
1164.8000,  1.00000000,1,0,0.025000000000000001,0.5
1164.8333,  1.00000000,1,0,0.0,0.5
1164.8667,  1.00000000,1,0,0.025000000000000001,0.5
1164.9000,  1.00000000,1,0,0.0,0.5
1164.9333,  1.00000000,1,0,0.025000000000000001,0.5
1164.9667,  1.00000000,1,0,0.0,0.5
1165.0000,  1.00000000,1,0,0.0,0.5
1165.0333,  1.00000000,1,0,0.025000000000000001,0.5
1165.0667,  1.00000000,1,0,0.025000000000000001,0.5
1165.1000,  1.00000000,1,0,0.0,0.5
1165.1333,  1.00000000,1,0,0.025000000000000001,0.5
1165.1667,  1.00000000,1,0,0.0,0.5
1165.2000,  1.00000000,1,0,0.025000000000000001,0.5
1165.2333,  1.00000000,1,0,0.0,0.5
1165.2667,  1.00000000,1,0,0.0,0.5
1165.3000,  1.00000000,1,0,0.0,0.5
1165.3333,  1.00000000,1,0,0.025000000000000001,0.5
1165.3667,  1.00000000,1,0,0.025000000000000001,0.5
1165.4000,  1.00000000,1,0,0.0,0.5
1165.4333,  1.00000000,1,0,0.0,0.5
1165.4667,  1.00000000,1,0,0.025000000000000001,0.5
1165.5000,  1.00000000,1,0,0.025000000000000001,0.5
1165.5333,  1.00000000,1,0,0.0,0.5
1165.5667,  1.00000000,1,0,0.025000000000000001,0.5
1165.6000,  1.00000000,1,0,0.025000000000000001,0.5
1165.6333,  1.00000000,1,0,0.025000000000000001,0.5
1165.6667,  1.00000000,1,0,0.050000000000000003,0.5
1165.7000,  1.00000000,1,0,0.025000000000000001,0.5
1165.7333,  1.00000000,1,0,0.0,0.5
1165.7667,  1.00000000,1,0,0.025000000000000001,0.5
1165.8000,  1.00000000,1,0,0.025000000000000001,0.5
1165.8333,  1.00000000,1,0,0.0,0.5
1165.8667,  1.00000000,1,0,0.0,0.5
1165.9000,  1.00000000,1,0,0.0,0.5
1165.9333,  1.00000000,1,0,0.025000000000000001,0.5
1165.9667,  1.00000000,1,0,0.0,0.5
1166.0000,  1.00000000,1,0,0.0,0.5
1166.0333,  1.00000000,1,0,0.025000000000000001,0.5
1166.0667,  1.00000000,1,0,0.0,0.5
1166.1000,  1.00000000,1,0,0.0,0.5
1166.1333,  1.00000000,1,0,0.0,0.5
1166.1667,  1.00000000,1,0,0.025000000000000001,0.5
1166.2000,  1.00000000,1,0,0.0,0.5
1166.2333,  1.00000000,1,0,0.0,0.5
1166.2667,  1.00000000,1,0,0.025000000000000001,0.5
1166.3000,  1.00000000,1,0,0.050000000000000003,0.5
1166.3333,  1.00000000,1,0,0.0,0.5
1166.3667,  1.00000000,1,0,0.025000000000000001,0.5
1166.4000,  1.00000000,1,0,0.0,0.5
1166.4333,  1.00000000,1,0,0.0,0.5
1166.4667,  1.00000000,1,0,0.0,0.5
1166.5000,  1.00000000,1,0,0.0,0.5
1166.5333,  1.00000000,1,0,0.0,0.5
1166.5667,  1.00000000,1,0,0.025000000000000001,0.5
1166.6000,  1.00000000,1,0,0.025000000000000001,0.5
1166.6333,  1.00000000,1,0,0.0,0.5
1166.6667,  1.00000000,1,0,0.0,0.5
1166.7000,  1.00000000,1,0,0.025000000000000001,0.5
1166.7333,  1.00000000,1,0,0.0,0.5
1166.7667,  1.00000000,1,0,0.0,0.5
1166.8000,  1.00000000,1,0,0.025000000000000001,0.5
1166.8333,  1.00000000,1,0,0.050000000000000003,0.5
1166.8667,  1.00000000,1,0,0.025000000000000001,0.5
1166.9000,  1.00000000,1,0,0.025000000000000001,0.5
1166.9333,  1.00000000,1,0,0.0,0.5
1166.9667,  1.00000000,1,0,0.0,0.5
1167.0000,  1.00000000,1,0,0.025000000000000001,0.5
1167.0333,  1.00000000,1,0,0.050000000000000003,0.5
1167.0667,  1.00000000,1,0,0.050000000000000003,0.5
1167.1000,  1.00000000,1,0,0.025000000000000001,0.5
1167.1333,  1.00000000,1,0,0.074999999999999997,0.5
1167.1667,  1.00000000,1,0,0.025000000000000001,0.5
1167.2000,  1.00000000,1,0,0.025000000000000001,0.5
1167.2333,  1.00000000,1,0,0.025000000000000001,0.5
1167.2667,  1.00000000,1,0,0.0,0.5
1167.3000,  1.00000000,1,0,0.0,0.5
1167.3333,  1.00000000,1,0,0.0,0.5
1167.3667,  1.00000000,1,0,0.0,0.5
1167.4000,  1.00000000,1,0,0.0,0.5
1167.4333,  1.00000000,1,0,0.0,0.5
1167.4667,  1.00000000,1,0,0.0,0.5
1167.5000,  1.00000000,1,0,0.025000000000000001,0.5
1167.5333,  1.00000000,1,0,0.025000000000000001,0.5
1167.5667,  1.00000000,1,0,0.0,0.5
1167.6000,  1.00000000,1,0,0.025000000000000001,0.5
1167.6333,  1.00000000,1,0,0.025000000000000001,0.5
1167.6667,  1.00000000,1,0,0.0,0.5
1167.7000,  1.00000000,1,0,0.0,0.5
1167.7333,  1.00000000,1,0,0.0,0.5
1167.7667,  1.00000000,1,0,0.025000000000000001,0.5
1167.8000,  1.00000000,1,0,0.0,0.5
1167.8333,  1.00000000,1,0,0.0,0.5
1167.8667,  1.00000000,1,0,0.0,0.5
1167.9000,  1.00000000,1,0,0.025000000000000001,0.5
1167.9333,  1.00000000,1,0,0.025000000000000001,0.5
1167.9667,  1.00000000,1,0,0.0,0.5
1168.0000,  1.00000000,1,0,0.0,0.5
1168.0333,  1.00000000,1,0,0.0,0.5
1168.0667,  1.00000000,1,0,0.025000000000000001,0.5
1168.1000,  1.00000000,1,0,0.0,0.5
1168.1333,  1.00000000,1,0,0.0,0.5
1168.1667,  1.00000000,1,0,0.0,0.5
1168.2000,  1.00000000,1,0,0.0,0.5
1168.2333,  1.00000000,1,0,0.025000000000000001,0.5
1168.2667,  1.00000000,1,0,0.0,0.5
1168.3000,  1.00000000,1,0,0.0,0.5
1168.3333,  1.00000000,1,0,0.025000000000000001,0.5
1168.3667,  1.00000000,1,0,0.0,0.5
1168.4000,  1.00000000,1,0,0.0,0.5
1168.4333,  1.00000000,1,0,0.0,0.5
1168.4667,  1.00000000,1,0,0.0,0.5
1168.5000,  1.00000000,1,0,0.0,0.5
1168.5333,  1.00000000,1,0,0.0,0.5
1168.5667,  1.00000000,1,0,0.0,0.5
1168.6000,  1.00000000,1,0,0.0,0.5
1168.6333,  1.00000000,1,0,0.0,0.5
1168.6667,  1.00000000,1,0,0.025000000000000001,0.5
1168.7000,  1.00000000,1,0,0.0,0.5
1168.7333,  1.00000000,1,0,0.025000000000000001,0.5
1168.7667,  1.00000000,1,0,0.025000000000000001,0.5
1168.8000,  1.00000000,1,0,0.025000000000000001,0.5
1168.8333,  1.00000000,1,0,0.0,0.5
1168.8667,  1.00000000,1,0,0.025000000000000001,0.5
1168.9000,  1.00000000,1,0,0.0,0.5
1168.9333,  1.00000000,1,0,0.0,0.5
1168.9667,  1.00000000,1,0,0.0,0.5
1169.0000,  1.00000000,1,0,0.0,0.5
1169.0333,  1.00000000,1,0,0.0,0.5
1169.0667,  1.00000000,1,0,0.0,0.5
1169.1000,  1.00000000,1,0,0.0,0.5
1169.1333,  1.00000000,1,0,0.0,0.5
1169.1667,  1.00000000,1,0,0.0,0.5
1169.2000,  1.00000000,1,0,0.0,0.5
1169.2333,  1.00000000,1,0,0.0,0.5
1169.2667,  1.00000000,1,0,0.0,0.5
1169.3000,  1.00000000,1,0,0.025000000000000001,0.5
1169.3333,  1.00000000,1,0,0.0,0.5
1169.3667,  1.00000000,1,0,0.025000000000000001,0.5
1169.4000,  1.00000000,1,0,0.0,0.5
1169.4333,  1.00000000,1,0,0.050000000000000003,0.5
1169.4667,  1.00000000,1,0,0.0,0.5
1169.5000,  1.00000000,1,0,0.025000000000000001,0.5
1169.5333,  1.00000000,1,0,0.025000000000000001,0.5
1169.5667,  1.00000000,1,0,0.0,0.5
1169.6000,  1.00000000,1,0,0.0,0.5
1169.6333,  1.00000000,1,0,0.025000000000000001,0.5
1169.6667,  1.00000000,1,0,0.050000000000000003,0.5
1169.7000,  1.00000000,1,0,0.025000000000000001,0.5
1169.7333,  1.00000000,1,0,0.0,0.5
1169.7667,  1.00000000,1,0,0.0,0.5
1169.8000,  1.00000000,1,0,0.025000000000000001,0.5
1169.8333,  1.00000000,1,0,0.025000000000000001,0.5
1169.8667,  1.00000000,1,0,0.0,0.5
1169.9000,  1.00000000,1,0,0.0,0.5
1169.9333,  1.00000000,1,0,0.025000000000000001,0.5
1169.9667,  1.00000000,1,0,0.025000000000000001,0.5
1170.0000,  1.00000000,1,0,0.0,0.5
1170.0333,  1.00000000,1,0,0.025000000000000001,0.5
1170.0667,  1.00000000,1,0,0.025000000000000001,0.5
1170.1000,  1.00000000,1,0,0.025000000000000001,0.5
1170.1333,  1.00000000,1,0,0.025000000000000001,0.5
1170.1667,  1.00000000,1,0,0.025000000000000001,0.5
1170.2000,  1.00000000,1,0,0.025000000000000001,0.5
1170.2333,  1.00000000,1,0,0.0,0.5
1170.2667,  1.00000000,1,0,0.0,0.5
1170.3000,  1.00000000,1,0,0.0,0.5
1170.3333,  1.00000000,1,0,0.0,0.5
1170.3667,  1.00000000,1,0,0.0,0.5
1170.4000,  1.00000000,1,0,0.0,0.5
1170.4333,  1.00000000,1,0,0.0,0.5
1170.4667,  1.00000000,1,0,0.025000000000000001,0.5
1170.5000,  1.00000000,1,0,0.0,0.5
1170.5333,  1.00000000,1,0,0.074999999999999997,0.5
1170.5667,  1.00000000,1,0,0.025000000000000001,0.5
1170.6000,  1.00000000,1,0,0.0,0.5
1170.6333,  1.00000000,1,0,0.0,0.5
1170.6667,  1.00000000,1,0,0.025000000000000001,0.5
1170.7000,  1.00000000,1,0,0.025000000000000001,0.5
1170.7333,  1.00000000,1,0,0.025000000000000001,0.5
1170.7667,  1.00000000,1,0,0.0,0.5
1170.8000,  1.00000000,1,0,0.0,0.5
1170.8333,  1.00000000,1,0,0.0,0.5
1170.8667,  1.00000000,1,0,0.025000000000000001,0.5
1170.9000,  1.00000000,1,0,0.0,0.5
1170.9333,  1.00000000,1,0,0.025000000000000001,0.5
1170.9667,  1.00000000,1,0,0.0,0.5
1171.0000,  1.00000000,1,0,0.0,0.5
1171.0333,  1.00000000,1,0,0.0,0.5
1171.0667,  1.00000000,1,0,0.0,0.5
1171.1000,  1.00000000,1,0,0.025000000000000001,0.5
1171.1333,  1.00000000,1,0,0.0,0.5
1171.1667,  1.00000000,1,0,0.0,0.5
1171.2000,  1.00000000,1,0,0.0,0.5
1171.2333,  1.00000000,1,0,0.0,0.5
1171.2667,  1.00000000,1,0,0.0,0.5
1171.3000,  1.00000000,1,0,0.0,0.5
1171.3333,  1.00000000,1,0,0.0,0.5
1171.3667,  1.00000000,1,0,0.025000000000000001,0.5
1171.4000,  1.00000000,1,0,0.0,0.5
1171.4333,  1.00000000,1,0,0.0,0.5
1171.4667,  1.00000000,1,0,0.025000000000000001,0.5
1171.5000,  1.00000000,1,0,0.025000000000000001,0.5
1171.5333,  1.00000000,1,0,0.025000000000000001,0.5
1171.5667,  1.00000000,1,0,0.0,0.5
1171.6000,  1.00000000,1,0,0.0,0.5
1171.6333,  1.00000000,1,0,0.025000000000000001,0.5
1171.6667,  1.00000000,1,0,0.025000000000000001,0.5
1171.7000,  1.00000000,1,0,0.0,0.5
1171.7333,  1.00000000,1,0,0.0,0.5
1171.7667,  1.00000000,1,0,0.025000000000000001,0.5
1171.8000,  1.00000000,1,0,0.050000000000000003,0.5
1171.8333,  1.00000000,1,0,0.025000000000000001,0.5
1171.8667,  1.00000000,1,0,0.0,0.5
1171.9000,  1.00000000,1,0,0.0,0.5
1171.9333,  1.00000000,1,0,0.0,0.5
1171.9667,  1.00000000,1,0,0.050000000000000003,0.5
1172.0000,  1.00000000,1,0,0.0,0.5
1172.0333,  1.00000000,1,0,0.0,0.5
1172.0667,  1.00000000,1,0,0.025000000000000001,0.5
1172.1000,  1.00000000,1,0,0.0,0.5
1172.1333,  1.00000000,1,0,0.0,0.5
1172.1667,  1.00000000,1,0,0.0,0.5
1172.2000,  1.00000000,1,0,0.0,0.5
1172.2333,  1.00000000,1,0,0.0,0.5
1172.2667,  1.00000000,1,0,0.0,0.5
1172.3000,  1.00000000,1,0,0.025000000000000001,0.5
1172.3333,  1.00000000,1,0,0.0,0.5
1172.3667,  1.00000000,1,0,0.0,0.5
1172.4000,  1.00000000,1,0,0.0,0.5
1172.4333,  1.00000000,1,0,0.0,0.5
1172.4667,  1.00000000,1,0,0.025000000000000001,0.5
1172.5000,  1.00000000,1,0,0.0,0.5
1172.5333,  1.00000000,1,0,0.0,0.5
1172.5667,  1.00000000,1,0,0.0,0.5
1172.6000,  1.00000000,1,0,0.0,0.5
1172.6333,  1.00000000,1,0,0.025000000000000001,0.5
1172.6667,  1.00000000,1,0,0.025000000000000001,0.5
1172.7000,  1.00000000,1,0,0.0,0.5
1172.7333,  1.00000000,1,0,0.0,0.5
1172.7667,  1.00000000,1,0,0.0,0.5
1172.8000,  1.00000000,1,0,0.0,0.5
1172.8333,  1.00000000,1,0,0.0,0.5
1172.8667,  1.00000000,1,0,0.050000000000000003,0.5
1172.9000,  1.00000000,1,0,0.050000000000000003,0.5
1172.9333,  1.00000000,1,0,0.025000000000000001,0.5
1172.9667,  1.00000000,1,0,0.025000000000000001,0.5
1173.0000,  1.00000000,1,0,0.050000000000000003,0.5
1173.0333,  1.00000000,1,0,0.025000000000000001,0.5
1173.0667,  1.00000000,1,0,0.0,0.5
1173.1000,  1.00000000,1,0,0.0,0.5
1173.1333,  1.00000000,1,0,0.0,0.5
1173.1667,  1.00000000,1,0,0.0,0.5
1173.2000,  1.00000000,1,0,0.025000000000000001,0.5
1173.2333,  1.00000000,1,0,0.0,0.5
1173.2667,  1.00000000,1,0,0.025000000000000001,0.5
1173.3000,  1.00000000,1,0,0.0,0.5
1173.3333,  1.00000000,1,0,0.0,0.5
1173.3667,  1.00000000,1,0,0.0,0.5
1173.4000,  1.00000000,1,0,0.0,0.5
1173.4333,  1.00000000,1,0,0.0,0.5
1173.4667,  1.00000000,1,0,0.025000000000000001,0.5
1173.5000,  1.00000000,1,0,0.0,0.5
1173.5333,  1.00000000,1,0,0.025000000000000001,0.5
1173.5667,  1.00000000,1,0,0.0,0.5
1173.6000,  1.00000000,1,0,0.025000000000000001,0.5
1173.6333,  1.00000000,1,0,0.0,0.5
1173.6667,  1.00000000,1,0,0.0,0.5
1173.7000,  1.00000000,1,0,0.025000000000000001,0.5
1173.7333,  1.00000000,1,0,0.0,0.5
1173.7667,  1.00000000,1,0,0.0,0.5
1173.8000,  1.00000000,1,0,0.0,0.5
1173.8333,  1.00000000,1,0,0.0,0.5
1173.8667,  1.00000000,1,0,0.0,0.5
1173.9000,  1.00000000,1,0,0.025000000000000001,0.5
1173.9333,  1.00000000,1,0,0.0,0.5
1173.9667,  1.00000000,1,0,0.0,0.5
1174.0000,  1.00000000,1,0,0.0,0.5
1174.0333,  1.00000000,1,0,0.0,0.5
1174.0667,  1.00000000,1,0,0.0,0.5
1174.1000,  1.00000000,1,0,0.025000000000000001,0.5
1174.1333,  1.00000000,1,0,0.0,0.5
1174.1667,  1.00000000,1,0,0.0,0.5
1174.2000,  1.00000000,1,0,0.025000000000000001,0.5
1174.2333,  1.00000000,1,0,0.025000000000000001,0.5
1174.2667,  1.00000000,1,0,0.025000000000000001,0.5
1174.3000,  1.00000000,1,0,0.0,0.5
1174.3333,  1.00000000,1,0,0.0,0.5
1174.3667,  1.00000000,1,0,0.025000000000000001,0.5
1174.4000,  1.00000000,1,0,0.0,0.5
1174.4333,  1.00000000,1,0,0.0,0.5
1174.4667,  1.00000000,1,0,0.0,0.5
1174.5000,  1.00000000,1,0,0.0,0.5
1174.5333,  1.00000000,1,0,0.0,0.5
1174.5667,  1.00000000,1,0,0.025000000000000001,0.5
1174.6000,  1.00000000,1,0,0.0,0.5
1174.6333,  1.00000000,1,0,0.0,0.5
1174.6667,  1.00000000,1,0,0.0,0.5
1174.7000,  1.00000000,1,0,0.025000000000000001,0.5
1174.7333,  1.00000000,1,0,0.0,0.5
1174.7667,  1.00000000,1,0,0.0,0.5
1174.8000,  1.00000000,1,0,0.0,0.5
1174.8333,  1.00000000,1,0,0.0,0.5
1174.8667,  1.00000000,1,0,0.025000000000000001,0.5
1174.9000,  1.00000000,1,0,0.0,0.5
1174.9333,  1.00000000,1,0,0.025000000000000001,0.5
1174.9667,  1.00000000,1,0,0.025000000000000001,0.5
1175.0000,  1.00000000,1,0,0.0,0.5
1175.0333,  1.00000000,1,0,0.025000000000000001,0.5
1175.0667,  1.00000000,1,0,0.0,0.5
1175.1000,  1.00000000,1,0,0.025000000000000001,0.5
1175.1333,  1.00000000,1,0,0.025000000000000001,0.5
1175.1667,  1.00000000,1,0,0.025000000000000001,0.5
1175.2000,  1.00000000,1,0,0.0,0.5
1175.2333,  1.00000000,1,0,0.0,0.5
1175.2667,  1.00000000,1,0,0.0,0.5
1175.3000,  1.00000000,1,0,0.025000000000000001,0.5
1175.3333,  1.00000000,1,0,0.0,0.5
1175.3667,  1.00000000,1,0,0.0,0.5
1175.4000,  1.00000000,1,0,0.0,0.5
1175.4333,  1.00000000,1,0,0.025000000000000001,0.5
1175.4667,  1.00000000,1,0,0.0,0.5
1175.5000,  1.00000000,1,0,0.025000000000000001,0.5
1175.5333,  1.00000000,1,0,0.025000000000000001,0.5
1175.5667,  1.00000000,1,0,0.0,0.5
1175.6000,  1.00000000,1,0,0.025000000000000001,0.5
1175.6333,  1.00000000,1,0,0.0,0.5
1175.6667,  1.00000000,1,0,0.025000000000000001,0.5
1175.7000,  1.00000000,1,0,0.050000000000000003,0.5
1175.7333,  1.00000000,1,0,0.0,0.5
1175.7667,  1.00000000,1,0,0.025000000000000001,0.5
1175.8000,  1.00000000,1,0,0.025000000000000001,0.5
1175.8333,  1.00000000,1,0,0.0,0.5
1175.8667,  1.00000000,1,0,0.025000000000000001,0.5
1175.9000,  1.00000000,1,0,0.0,0.5
1175.9333,  1.00000000,1,0,0.0,0.5
1175.9667,  1.00000000,1,0,0.050000000000000003,0.5
1176.0000,  1.00000000,1,0,0.0,0.5
1176.0333,  1.00000000,1,0,0.0,0.5
1176.0667,  1.00000000,1,0,0.0,0.5
1176.1000,  1.00000000,1,0,0.0,0.5
1176.1333,  1.00000000,1,0,0.0,0.5
1176.1667,  1.00000000,1,0,0.025000000000000001,0.5
1176.2000,  1.00000000,1,0,0.0,0.5
1176.2333,  1.00000000,1,0,0.0,0.5
1176.2667,  1.00000000,1,0,0.0,0.5
1176.3000,  1.00000000,1,0,0.0,0.5
1176.3333,  1.00000000,1,0,0.0,0.5
1176.3667,  1.00000000,1,0,0.025000000000000001,0.5
1176.4000,  1.00000000,1,0,0.0,0.5
1176.4333,  1.00000000,1,0,0.0,0.5
1176.4667,  1.00000000,1,0,0.025000000000000001,0.5
1176.5000,  1.00000000,1,0,0.025000000000000001,0.5
1176.5333,  1.00000000,1,0,0.025000000000000001,0.5
1176.5667,  1.00000000,1,0,0.0,0.5
1176.6000,  1.00000000,1,0,0.0,0.5
1176.6333,  1.00000000,1,0,0.0,0.5
1176.6667,  1.00000000,1,0,0.0,0.5
1176.7000,  1.00000000,1,0,0.0,0.5
1176.7333,  1.00000000,1,0,0.025000000000000001,0.5
1176.7667,  1.00000000,1,0,0.025000000000000001,0.5
1176.8000,  1.00000000,1,0,0.0,0.5
1176.8333,  1.00000000,1,0,0.074999999999999997,0.5
1176.8667,  1.00000000,1,0,0.050000000000000003,0.5
1176.9000,  1.00000000,1,0,0.0,0.5
1176.9333,  1.00000000,1,0,0.0,0.5
1176.9667,  1.00000000,1,0,0.0,0.5
1177.0000,  1.00000000,1,0,0.0,0.5
1177.0333,  1.00000000,1,0,0.025000000000000001,0.5
1177.0667,  1.00000000,1,0,0.0,0.5
1177.1000,  1.00000000,1,0,0.0,0.5
1177.1333,  1.00000000,1,0,0.025000000000000001,0.5
1177.1667,  1.00000000,1,0,0.0,0.5
1177.2000,  1.00000000,1,0,0.0,0.5
1177.2333,  1.00000000,1,0,0.0,0.5
1177.2667,  1.00000000,1,0,0.050000000000000003,0.5
1177.3000,  1.00000000,1,0,0.050000000000000003,0.5
1177.3333,  1.00000000,1,0,0.050000000000000003,0.5
1177.3667,  1.00000000,1,0,0.050000000000000003,0.5
1177.4000,  1.00000000,1,0,0.025000000000000001,0.5
1177.4333,  1.00000000,1,0,0.0,0.5
1177.4667,  1.00000000,1,0,0.050000000000000003,0.5
1177.5000,  1.00000000,1,0,0.025000000000000001,0.5
1177.5333,  1.00000000,1,0,0.0,0.5
1177.5667,  1.00000000,1,0,0.050000000000000003,0.5
1177.6000,  1.00000000,1,0,0.074999999999999997,0.5
1177.6333,  1.00000000,1,0,0.050000000000000003,0.5
1177.6667,  1.00000000,1,0,0.050000000000000003,0.5
1177.7000,  1.00000000,1,0,0.0,0.5
1177.7333,  1.00000000,1,0,0.025000000000000001,0.5
1177.7667,  1.00000000,1,0,0.0,0.5
1177.8000,  1.00000000,1,0,0.074999999999999997,0.5
1177.8333,  1.00000000,1,0,0.0,0.5
1177.8667,  1.00000000,1,0,0.025000000000000001,0.5
1177.9000,  1.00000000,1,0,0.0,0.5
1177.9333,  1.00000000,1,0,0.0,0.5
1177.9667,  1.00000000,1,0,0.025000000000000001,0.5
1178.0000,  1.00000000,1,0,0.0,0.5
1178.0333,  1.00000000,1,0,0.025000000000000001,0.5
1178.0667,  1.00000000,1,0,0.025000000000000001,0.5
1178.1000,  1.00000000,1,0,0.0,0.5
1178.1333,  1.00000000,1,0,0.0,0.5
1178.1667,  1.00000000,1,0,0.050000000000000003,0.5
1178.2000,  1.00000000,1,0,0.0,0.5
1178.2333,  1.00000000,1,0,0.050000000000000003,0.5
1178.2667,  1.00000000,1,0,0.025000000000000001,0.5
1178.3000,  1.00000000,1,0,0.0,0.5
1178.3333,  1.00000000,1,0,0.025000000000000001,0.5
1178.3667,  1.00000000,1,0,0.0,0.5
1178.4000,  1.00000000,1,0,0.025000000000000001,0.5
1178.4333,  1.00000000,1,0,0.025000000000000001,0.5
1178.4667,  1.00000000,1,0,0.0,0.5
1178.5000,  1.00000000,1,0,0.0,0.5
1178.5333,  1.00000000,1,0,0.0,0.5
1178.5667,  1.00000000,1,0,0.0,0.5
1178.6000,  1.00000000,1,0,0.0,0.5
1178.6333,  1.00000000,1,0,0.0,0.5
1178.6667,  1.00000000,1,0,0.0,0.5
1178.7000,  1.00000000,1,0,0.025000000000000001,0.5
1178.7333,  1.00000000,1,0,0.0,0.5
1178.7667,  1.00000000,1,0,0.0,0.5
1178.8000,  1.00000000,1,0,0.025000000000000001,0.5
1178.8333,  1.00000000,1,0,0.0,0.5
1178.8667,  1.00000000,1,0,0.0,0.5
1178.9000,  1.00000000,1,0,0.0,0.5
1178.9333,  1.00000000,1,0,0.0,0.5
1178.9667,  1.00000000,1,0,0.0,0.5
1179.0000,  1.00000000,1,0,0.0,0.5
1179.0333,  1.00000000,1,0,0.025000000000000001,0.5
1179.0667,  1.00000000,1,0,0.0,0.5
1179.1000,  1.00000000,1,0,0.025000000000000001,0.5
1179.1333,  1.00000000,1,0,0.0,0.5
1179.1667,  1.00000000,1,0,0.0,0.5
1179.2000,  1.00000000,1,0,0.050000000000000003,0.5
1179.2333,  1.00000000,1,0,0.025000000000000001,0.5
1179.2667,  1.00000000,1,0,0.025000000000000001,0.5
1179.3000,  1.00000000,1,0,0.0,0.5
1179.3333,  1.00000000,1,0,0.025000000000000001,0.5
1179.3667,  1.00000000,1,0,0.025000000000000001,0.5
1179.4000,  1.00000000,1,0,0.025000000000000001,0.5
1179.4333,  1.00000000,1,0,0.074999999999999997,0.5
1179.4667,  1.00000000,1,0,0.025000000000000001,0.5
1179.5000,  1.00000000,1,0,0.025000000000000001,0.5
1179.5333,  1.00000000,1,0,0.050000000000000003,0.5
1179.5667,  1.00000000,1,0,0.050000000000000003,0.5
1179.6000,  1.00000000,1,0,0.0,0.5
1179.6333,  1.00000000,1,0,0.050000000000000003,0.5
1179.6667,  1.00000000,1,0,0.050000000000000003,0.5
1179.7000,  1.00000000,1,0,0.050000000000000003,0.5
1179.7333,  1.00000000,1,0,0.0,0.5
1179.7667,  1.00000000,1,0,0.0,0.5
1179.8000,  1.00000000,1,0,0.0,0.5
1179.8333,  1.00000000,1,0,0.0,0.5
1179.8667,  1.00000000,1,0,0.025000000000000001,0.5
1179.9000,  1.00000000,1,0,0.0,0.5
1179.9333,  1.00000000,1,0,0.050000000000000003,0.5
1179.9667,  1.00000000,1,0,0.0,0.5
1180.0000,  1.00000000,1,0,0.025000000000000001,0.5
1180.0333,  1.00000000,1,0,0.0,0.5
1180.0667,  1.00000000,1,0,0.0,0.5
1180.1000,  1.00000000,1,0,0.025000000000000001,0.5
1180.1333,  1.00000000,1,0,0.0,0.5
1180.1667,  1.00000000,1,0,0.025000000000000001,0.5
1180.2000,  1.00000000,1,0,0.0,0.5
1180.2333,  1.00000000,1,0,0.0,0.5
1180.2667,  1.00000000,1,0,0.025000000000000001,0.5
1180.3000,  1.00000000,1,0,0.025000000000000001,0.5
1180.3333,  1.00000000,1,0,0.0,0.5
1180.3667,  1.00000000,1,0,0.0,0.5
1180.4000,  1.00000000,1,0,0.025000000000000001,0.5
1180.4333,  1.00000000,1,0,0.0,0.5
1180.4667,  1.00000000,1,0,0.025000000000000001,0.5
1180.5000,  1.00000000,1,0,0.0,0.5
1180.5333,  1.00000000,1,0,0.0,0.5
1180.5667,  1.00000000,1,0,0.0,0.5
1180.6000,  1.00000000,1,0,0.0,0.5
1180.6333,  1.00000000,1,0,0.0,0.5
1180.6667,  1.00000000,1,0,0.0,0.5
1180.7000,  1.00000000,1,0,0.0,0.5
1180.7333,  1.00000000,1,0,0.0,0.5
1180.7667,  1.00000000,1,0,0.0,0.5
1180.8000,  1.00000000,1,0,0.0,0.5
1180.8333,  1.00000000,1,0,0.025000000000000001,0.5
1180.8667,  1.00000000,1,0,0.0,0.5
1180.9000,  1.00000000,1,0,0.025000000000000001,0.5
1180.9333,  1.00000000,1,0,0.025000000000000001,0.5
1180.9667,  1.00000000,1,0,0.0,0.5
1181.0000,  1.00000000,1,0,0.025000000000000001,0.5
1181.0333,  1.00000000,1,0,0.0,0.5
1181.0667,  1.00000000,1,0,0.0,0.5
1181.1000,  1.00000000,1,0,0.0,0.5
1181.1333,  1.00000000,1,0,0.0,0.5
1181.1667,  1.00000000,1,0,0.0,0.5
1181.2000,  1.00000000,1,0,0.050000000000000003,0.5
1181.2333,  1.00000000,1,0,0.050000000000000003,0.5
1181.2667,  1.00000000,1,0,0.0,0.5
1181.3000,  1.00000000,1,0,0.0,0.5
1181.3333,  1.00000000,1,0,0.025000000000000001,0.5
1181.3667,  1.00000000,1,0,0.025000000000000001,0.5
1181.4000,  1.00000000,1,0,0.0,0.5
1181.4333,  1.00000000,1,0,0.0,0.5
1181.4667,  1.00000000,1,0,0.0,0.5
1181.5000,  1.00000000,1,0,0.025000000000000001,0.5
1181.5333,  1.00000000,1,0,0.025000000000000001,0.5
1181.5667,  1.00000000,1,0,0.0,0.5
1181.6000,  1.00000000,1,0,0.0,0.5
1181.6333,  1.00000000,1,0,0.025000000000000001,0.5
1181.6667,  1.00000000,1,0,0.0,0.5
1181.7000,  1.00000000,1,0,0.0,0.5
1181.7333,  1.00000000,1,0,0.0,0.5
1181.7667,  1.00000000,1,0,0.0,0.5
1181.8000,  1.00000000,1,0,0.0,0.5
1181.8333,  1.00000000,1,0,0.025000000000000001,0.5
1181.8667,  1.00000000,1,0,0.050000000000000003,0.5
1181.9000,  1.00000000,1,0,0.025000000000000001,0.5
1181.9333,  1.00000000,1,0,0.025000000000000001,0.5
1181.9667,  1.00000000,1,0,0.0,0.5
1182.0000,  1.00000000,1,0,0.0,0.5
1182.0333,  1.00000000,1,0,0.0,0.5
1182.0667,  1.00000000,1,0,0.050000000000000003,0.5
1182.1000,  1.00000000,1,0,0.0,0.5
1182.1333,  1.00000000,1,0,0.0,0.5
1182.1667,  1.00000000,1,0,0.025000000000000001,0.5
1182.2000,  1.00000000,1,0,0.0,0.5
1182.2333,  1.00000000,1,0,0.0,0.5
1182.2667,  1.00000000,1,0,0.0,0.5
1182.3000,  1.00000000,1,0,0.025000000000000001,0.5
1182.3333,  1.00000000,1,0,0.0,0.5
1182.3667,  1.00000000,1,0,0.0,0.5
1182.4000,  1.00000000,1,0,0.0,0.5
1182.4333,  1.00000000,1,0,0.0,0.5
1182.4667,  1.00000000,1,0,0.0,0.5
1182.5000,  1.00000000,1,0,0.050000000000000003,0.5
1182.5333,  1.00000000,1,0,0.025000000000000001,0.5
1182.5667,  1.00000000,1,0,0.025000000000000001,0.5
1182.6000,  1.00000000,1,0,0.025000000000000001,0.5
1182.6333,  1.00000000,1,0,0.0,0.5
1182.6667,  1.00000000,1,0,0.050000000000000003,0.5
1182.7000,  1.00000000,1,0,0.0,0.5
1182.7333,  1.00000000,1,0,0.0,0.5
1182.7667,  1.00000000,1,0,0.025000000000000001,0.5
1182.8000,  1.00000000,1,0,0.025000000000000001,0.5
1182.8333,  1.00000000,1,0,0.0,0.5
1182.8667,  1.00000000,1,0,0.0,0.5
1182.9000,  1.00000000,1,0,0.0,0.5
1182.9333,  1.00000000,1,0,0.0,0.5
1182.9667,  1.00000000,1,0,0.0,0.5
1183.0000,  1.00000000,1,0,0.0,0.5
1183.0333,  1.00000000,1,0,0.0,0.5
1183.0667,  1.00000000,1,0,0.025000000000000001,0.5
1183.1000,  1.00000000,1,0,0.0,0.5
1183.1333,  1.00000000,1,0,0.0,0.5
1183.1667,  1.00000000,1,0,0.0,0.5
1183.2000,  1.00000000,1,0,0.0,0.5
1183.2333,  1.00000000,1,0,0.0,0.5
1183.2667,  1.00000000,1,0,0.0,0.5
1183.3000,  1.00000000,1,0,0.0,0.5
1183.3333,  1.00000000,1,0,0.0,0.5
1183.3667,  1.00000000,1,0,0.0,0.5
1183.4000,  1.00000000,1,0,0.025000000000000001,0.5
1183.4333,  1.00000000,1,0,0.025000000000000001,0.5
1183.4667,  1.00000000,1,0,0.025000000000000001,0.5
1183.5000,  1.00000000,1,0,0.0,0.5
1183.5333,  1.00000000,1,0,0.0,0.5
1183.5667,  1.00000000,1,0,0.025000000000000001,0.5
1183.6000,  1.00000000,1,0,0.0,0.5
1183.6333,  1.00000000,1,0,0.0,0.5
1183.6667,  1.00000000,1,0,0.0,0.5
1183.7000,  1.00000000,1,0,0.0,0.5
1183.7333,  1.00000000,1,0,0.0,0.5
1183.7667,  1.00000000,1,0,0.0,0.5
1183.8000,  1.00000000,1,0,0.0,0.5
1183.8333,  1.00000000,1,0,0.050000000000000003,0.5
1183.8667,  1.00000000,1,0,0.025000000000000001,0.5
1183.9000,  1.00000000,1,0,0.0,0.5
1183.9333,  1.00000000,1,0,0.0,0.5
1183.9667,  1.00000000,1,0,0.050000000000000003,0.5
1184.0000,  1.00000000,1,0,0.025000000000000001,0.5
1184.0333,  1.00000000,1,0,0.025000000000000001,0.5
1184.0667,  1.00000000,1,0,0.0,0.5
1184.1000,  1.00000000,1,0,0.0,0.5
1184.1333,  1.00000000,1,0,0.025000000000000001,0.5
1184.1667,  1.00000000,1,0,0.025000000000000001,0.5
1184.2000,  1.00000000,1,0,0.0,0.5
1184.2333,  1.00000000,1,0,0.0,0.5
1184.2667,  1.00000000,1,0,0.0,0.5
1184.3000,  1.00000000,1,0,0.0,0.5
1184.3333,  1.00000000,1,0,0.0,0.5
1184.3667,  1.00000000,1,0,0.0,0.5
1184.4000,  1.00000000,1,0,0.025000000000000001,0.5
1184.4333,  1.00000000,1,0,0.025000000000000001,0.5
1184.4667,  1.00000000,1,0,0.025000000000000001,0.5
1184.5000,  1.00000000,1,0,0.0,0.5
1184.5333,  1.00000000,1,0,0.025000000000000001,0.5
1184.5667,  1.00000000,1,0,0.0,0.5
1184.6000,  1.00000000,1,0,0.025000000000000001,0.5
1184.6333,  1.00000000,1,0,0.0,0.5
1184.6667,  1.00000000,1,0,0.025000000000000001,0.5
1184.7000,  1.00000000,1,0,0.025000000000000001,0.5
1184.7333,  1.00000000,1,0,0.0,0.5
1184.7667,  1.00000000,1,0,0.0,0.5
1184.8000,  1.00000000,1,0,0.0,0.5
1184.8333,  1.00000000,1,0,0.0,0.5
1184.8667,  1.00000000,1,0,0.025000000000000001,0.5
1184.9000,  1.00000000,1,0,0.0,0.5
1184.9333,  1.00000000,1,0,0.025000000000000001,0.5
1184.9667,  1.00000000,1,0,0.0,0.5
1185.0000,  1.00000000,1,0,0.0,0.5
1185.0333,  1.00000000,1,0,0.0,0.5
1185.0667,  1.00000000,1,0,0.025000000000000001,0.5
1185.1000,  1.00000000,1,0,0.050000000000000003,0.5
1185.1333,  1.00000000,1,0,0.025000000000000001,0.5
1185.1667,  1.00000000,1,0,0.025000000000000001,0.5
1185.2000,  1.00000000,1,0,0.025000000000000001,0.5
1185.2333,  1.00000000,1,0,0.0,0.5
1185.2667,  1.00000000,1,0,0.025000000000000001,0.5
1185.3000,  1.00000000,1,0,0.025000000000000001,0.5
1185.3333,  1.00000000,1,0,0.025000000000000001,0.5
1185.3667,  1.00000000,1,0,0.0,0.5
1185.4000,  1.00000000,1,0,0.0,0.5
1185.4333,  1.00000000,1,0,0.025000000000000001,0.5
1185.4667,  1.00000000,1,0,0.0,0.5
1185.5000,  1.00000000,1,0,0.025000000000000001,0.5
1185.5333,  1.00000000,1,0,0.025000000000000001,0.5
1185.5667,  1.00000000,1,0,0.050000000000000003,0.5
1185.6000,  1.00000000,1,0,0.0,0.5
1185.6333,  1.00000000,1,0,0.0,0.5
1185.6667,  1.00000000,1,0,0.0,0.5
1185.7000,  1.00000000,1,0,0.025000000000000001,0.5
1185.7333,  1.00000000,1,0,0.050000000000000003,0.5
1185.7667,  1.00000000,1,0,0.025000000000000001,0.5
1185.8000,  1.00000000,1,0,0.025000000000000001,0.5
1185.8333,  1.00000000,1,0,0.050000000000000003,0.5
1185.8667,  1.00000000,1,0,0.0,0.5
1185.9000,  1.00000000,1,0,0.050000000000000003,0.5
1185.9333,  1.00000000,1,0,0.0,0.5
1185.9667,  1.00000000,1,0,0.050000000000000003,0.5
1186.0000,  1.00000000,1,0,0.025000000000000001,0.5
1186.0333,  1.00000000,1,0,0.0,0.5
1186.0667,  1.00000000,1,0,0.0,0.5
1186.1000,  1.00000000,1,0,0.025000000000000001,0.5
1186.1333,  1.00000000,1,0,0.025000000000000001,0.5
1186.1667,  1.00000000,1,0,0.0,0.5
1186.2000,  1.00000000,1,0,0.0,0.5
1186.2333,  1.00000000,1,0,0.025000000000000001,0.5
1186.2667,  1.00000000,1,0,0.0,0.5
1186.3000,  1.00000000,1,0,0.025000000000000001,0.5
1186.3333,  1.00000000,1,0,0.025000000000000001,0.5
1186.3667,  1.00000000,1,0,0.0,0.5
1186.4000,  1.00000000,1,0,0.025000000000000001,0.5
1186.4333,  1.00000000,1,0,0.0,0.5
1186.4667,  1.00000000,1,0,0.025000000000000001,0.5
1186.5000,  1.00000000,1,0,0.0,0.5
1186.5333,  1.00000000,1,0,0.0,0.5
1186.5667,  1.00000000,1,0,0.0,0.5
1186.6000,  1.00000000,1,0,0.0,0.5
1186.6333,  1.00000000,1,0,0.0,0.5
1186.6667,  1.00000000,1,0,0.025000000000000001,0.5
1186.7000,  1.00000000,1,0,0.025000000000000001,0.5
1186.7333,  1.00000000,1,0,0.0,0.5
1186.7667,  1.00000000,1,0,0.050000000000000003,0.5
1186.8000,  1.00000000,1,0,0.0,0.5
1186.8333,  1.00000000,1,0,0.025000000000000001,0.5
1186.8667,  1.00000000,1,0,0.0,0.5
1186.9000,  1.00000000,1,0,0.025000000000000001,0.5
1186.9333,  1.00000000,1,0,0.0,0.5
1186.9667,  1.00000000,1,0,0.0,0.5
1187.0000,  1.00000000,1,0,0.0,0.5
1187.0333,  1.00000000,1,0,0.050000000000000003,0.5
1187.0667,  1.00000000,1,0,0.0,0.5
1187.1000,  1.00000000,1,0,0.0,0.5
1187.1333,  1.00000000,1,0,0.0,0.5
1187.1667,  1.00000000,1,0,0.0,0.5
1187.2000,  1.00000000,1,0,0.0,0.5
1187.2333,  1.00000000,1,0,0.0,0.5
1187.2667,  1.00000000,1,0,0.0,0.5
1187.3000,  1.00000000,1,0,0.0,0.5
1187.3333,  1.00000000,1,0,0.025000000000000001,0.5
1187.3667,  1.00000000,1,0,0.0,0.5
1187.4000,  1.00000000,1,0,0.0,0.5
1187.4333,  1.00000000,1,0,0.025000000000000001,0.5
1187.4667,  1.00000000,1,0,0.0,0.5
1187.5000,  1.00000000,1,0,0.0,0.5
1187.5333,  1.00000000,1,0,0.0,0.5
1187.5667,  1.00000000,1,0,0.0,0.5
1187.6000,  1.00000000,1,0,0.0,0.5
1187.6333,  1.00000000,1,0,0.025000000000000001,0.5
1187.6667,  1.00000000,1,0,0.0,0.5
1187.7000,  1.00000000,1,0,0.025000000000000001,0.5
1187.7333,  1.00000000,1,0,0.025000000000000001,0.5
1187.7667,  1.00000000,1,0,0.0,0.5
1187.8000,  1.00000000,1,0,0.025000000000000001,0.5
1187.8333,  1.00000000,1,0,0.0,0.5
1187.8667,  1.00000000,1,0,0.0,0.5
1187.9000,  1.00000000,1,0,0.025000000000000001,0.5
1187.9333,  1.00000000,1,0,0.050000000000000003,0.5
1187.9667,  1.00000000,1,0,0.025000000000000001,0.5
1188.0000,  1.00000000,1,0,0.0,0.5
1188.0333,  1.00000000,1,0,0.025000000000000001,0.5
1188.0667,  1.00000000,1,0,0.025000000000000001,0.5
1188.1000,  1.00000000,1,0,0.0,0.5
1188.1333,  1.00000000,1,0,0.025000000000000001,0.5
1188.1667,  1.00000000,1,0,0.050000000000000003,0.5
1188.2000,  1.00000000,1,0,0.0,0.5
1188.2333,  1.00000000,1,0,0.0,0.5
1188.2667,  1.00000000,1,0,0.050000000000000003,0.5
1188.3000,  1.00000000,1,0,0.025000000000000001,0.5
1188.3333,  1.00000000,1,0,0.025000000000000001,0.5
1188.3667,  1.00000000,1,0,0.025000000000000001,0.5
1188.4000,  1.00000000,1,0,0.0,0.5
1188.4333,  1.00000000,1,0,0.0,0.5
1188.4667,  1.00000000,1,0,0.0,0.5
1188.5000,  1.00000000,1,0,0.025000000000000001,0.5
1188.5333,  1.00000000,1,0,0.025000000000000001,0.5
1188.5667,  1.00000000,1,0,0.025000000000000001,0.5
1188.6000,  1.00000000,1,0,0.0,0.5
1188.6333,  1.00000000,1,0,0.0,0.5
1188.6667,  1.00000000,1,0,0.025000000000000001,0.5
1188.7000,  1.00000000,1,0,0.025000000000000001,0.5
1188.7333,  1.00000000,1,0,0.0,0.5
1188.7667,  1.00000000,1,0,0.025000000000000001,0.5
1188.8000,  1.00000000,1,0,0.0,0.5
1188.8333,  1.00000000,1,0,0.025000000000000001,0.5
1188.8667,  1.00000000,1,0,0.0,0.5
1188.9000,  1.00000000,1,0,0.0,0.5
1188.9333,  1.00000000,1,0,0.025000000000000001,0.5
1188.9667,  1.00000000,1,0,0.0,0.5
1189.0000,  1.00000000,1,0,0.0,0.5
1189.0333,  1.00000000,1,0,0.0,0.5
1189.0667,  1.00000000,1,0,0.0,0.5
1189.1000,  1.00000000,1,0,0.025000000000000001,0.5
1189.1333,  1.00000000,1,0,0.025000000000000001,0.5
1189.1667,  1.00000000,1,0,0.0,0.5
1189.2000,  1.00000000,1,0,0.025000000000000001,0.5
1189.2333,  1.00000000,1,0,0.0,0.5
1189.2667,  1.00000000,1,0,0.0,0.5
1189.3000,  1.00000000,1,0,0.025000000000000001,0.5
1189.3333,  1.00000000,1,0,0.025000000000000001,0.5
1189.3667,  1.00000000,1,0,0.0,0.5
1189.4000,  1.00000000,1,0,0.0,0.5
1189.4333,  1.00000000,1,0,0.050000000000000003,0.5
1189.4667,  1.00000000,1,0,0.0,0.5
1189.5000,  1.00000000,1,0,0.025000000000000001,0.5
1189.5333,  1.00000000,1,0,0.0,0.5
1189.5667,  1.00000000,1,0,0.025000000000000001,0.5
1189.6000,  1.00000000,1,0,0.050000000000000003,0.5
1189.6333,  1.00000000,1,0,0.025000000000000001,0.5
1189.6667,  1.00000000,1,0,0.0,0.5
1189.7000,  1.00000000,1,0,0.025000000000000001,0.5
1189.7333,  1.00000000,1,0,0.0,0.5
1189.7667,  1.00000000,1,0,0.025000000000000001,0.5
1189.8000,  1.00000000,1,0,0.025000000000000001,0.5
1189.8333,  1.00000000,1,0,0.050000000000000003,0.5
1189.8667,  1.00000000,1,0,0.0,0.5
1189.9000,  1.00000000,1,0,0.050000000000000003,0.5
1189.9333,  1.00000000,1,0,0.025000000000000001,0.5
1189.9667,  1.00000000,1,0,0.050000000000000003,0.5
1190.0000,  1.00000000,1,0,0.0,0.5
1190.0333,  1.00000000,1,0,0.0,0.5
1190.0667,  1.00000000,1,0,0.025000000000000001,0.5
1190.1000,  1.00000000,1,0,0.025000000000000001,0.5
1190.1333,  1.00000000,1,0,0.0,0.5
1190.1667,  1.00000000,1,0,0.0,0.5
1190.2000,  1.00000000,1,0,0.025000000000000001,0.5
1190.2333,  1.00000000,1,0,0.0,0.5
1190.2667,  1.00000000,1,0,0.0,0.5
1190.3000,  1.00000000,1,0,0.050000000000000003,0.5
1190.3333,  1.00000000,1,0,0.0,0.5
1190.3667,  1.00000000,1,0,0.0,0.5
1190.4000,  1.00000000,1,0,0.0,0.5
1190.4333,  1.00000000,1,0,0.025000000000000001,0.5
1190.4667,  1.00000000,1,0,0.0,0.5
1190.5000,  1.00000000,1,0,0.025000000000000001,0.5
1190.5333,  1.00000000,1,0,0.0,0.5
1190.5667,  1.00000000,1,0,0.025000000000000001,0.5
1190.6000,  1.00000000,1,0,0.050000000000000003,0.5
1190.6333,  1.00000000,1,0,0.0,0.5
1190.6667,  1.00000000,1,0,0.025000000000000001,0.5
1190.7000,  1.00000000,1,0,0.050000000000000003,0.5
1190.7333,  1.00000000,1,0,0.025000000000000001,0.5
1190.7667,  1.00000000,1,0,0.0,0.5
1190.8000,  1.00000000,1,0,0.050000000000000003,0.5
1190.8333,  1.00000000,1,0,0.0,0.5
1190.8667,  1.00000000,1,0,0.0,0.5
1190.9000,  1.00000000,1,0,0.050000000000000003,0.5
1190.9333,  1.00000000,1,0,0.025000000000000001,0.5
1190.9667,  1.00000000,1,0,0.0,0.5
1191.0000,  1.00000000,1,0,0.0,0.5
1191.0333,  1.00000000,1,0,0.025000000000000001,0.5
1191.0667,  1.00000000,1,0,0.0,0.5
1191.1000,  1.00000000,1,0,0.0,0.5
1191.1333,  1.00000000,1,0,0.0,0.5
1191.1667,  1.00000000,1,0,0.0,0.5
1191.2000,  1.00000000,1,0,0.025000000000000001,0.5
1191.2333,  1.00000000,1,0,0.0,0.5
1191.2667,  1.00000000,1,0,0.0,0.5
1191.3000,  1.00000000,1,0,0.0,0.5
1191.3333,  1.00000000,1,0,0.025000000000000001,0.5
1191.3667,  1.00000000,1,0,0.0,0.5
1191.4000,  1.00000000,1,0,0.050000000000000003,0.5
1191.4333,  1.00000000,1,0,0.0,0.5
1191.4667,  1.00000000,1,0,0.0,0.5
1191.5000,  1.00000000,1,0,0.0,0.5
1191.5333,  1.00000000,1,0,0.025000000000000001,0.5
1191.5667,  1.00000000,1,0,0.0,0.5
1191.6000,  1.00000000,1,0,0.0,0.5
1191.6333,  1.00000000,1,0,0.0,0.5
1191.6667,  1.00000000,1,0,0.025000000000000001,0.5
1191.7000,  1.00000000,1,0,0.025000000000000001,0.5
1191.7333,  1.00000000,1,0,0.025000000000000001,0.5
1191.7667,  1.00000000,1,0,0.025000000000000001,0.5
1191.8000,  1.00000000,1,0,0.0,0.5
1191.8333,  1.00000000,1,0,0.025000000000000001,0.5
1191.8667,  1.00000000,1,0,0.0,0.5
1191.9000,  1.00000000,1,0,0.025000000000000001,0.5
1191.9333,  1.00000000,1,0,0.025000000000000001,0.5
1191.9667,  1.00000000,1,0,0.025000000000000001,0.5
1192.0000,  1.00000000,1,0,0.0,0.5
1192.0333,  1.00000000,1,0,0.0,0.5
1192.0667,  1.00000000,1,0,0.025000000000000001,0.5
1192.1000,  1.00000000,1,0,0.0,0.5
1192.1333,  1.00000000,1,0,0.0,0.5
1192.1667,  1.00000000,1,0,0.0,0.5
1192.2000,  1.00000000,1,0,0.025000000000000001,0.5
1192.2333,  1.00000000,1,0,0.0,0.5
1192.2667,  1.00000000,1,0,0.0,0.5
1192.3000,  1.00000000,1,0,0.0,0.5
1192.3333,  1.00000000,1,0,0.0,0.5
1192.3667,  1.00000000,1,0,0.025000000000000001,0.5
1192.4000,  1.00000000,1,0,0.050000000000000003,0.5
1192.4333,  1.00000000,1,0,0.0,0.5
1192.4667,  1.00000000,1,0,0.0,0.5
1192.5000,  1.00000000,1,0,0.0,0.5
1192.5333,  1.00000000,1,0,0.025000000000000001,0.5
1192.5667,  1.00000000,1,0,0.0,0.5
1192.6000,  1.00000000,1,0,0.0,0.5
1192.6333,  1.00000000,1,0,0.0,0.5
1192.6667,  1.00000000,1,0,0.025000000000000001,0.5
1192.7000,  1.00000000,1,0,0.0,0.5
1192.7333,  1.00000000,1,0,0.0,0.5
1192.7667,  1.00000000,1,0,0.0,0.5
1192.8000,  1.00000000,1,0,0.0,0.5
1192.8333,  1.00000000,1,0,0.0,0.5
1192.8667,  1.00000000,1,0,0.050000000000000003,0.5
1192.9000,  1.00000000,1,0,0.025000000000000001,0.5
1192.9333,  1.00000000,1,0,0.0,0.5
1192.9667,  1.00000000,1,0,0.0,0.5
1193.0000,  1.00000000,1,0,0.0,0.5
1193.0333,  1.00000000,1,0,0.0,0.5
1193.0667,  1.00000000,1,0,0.025000000000000001,0.5
1193.1000,  1.00000000,1,0,0.025000000000000001,0.5
1193.1333,  1.00000000,1,0,0.025000000000000001,0.5
1193.1667,  1.00000000,1,0,0.0,0.5
1193.2000,  1.00000000,1,0,0.050000000000000003,0.5
1193.2333,  1.00000000,1,0,0.0,0.5
1193.2667,  1.00000000,1,0,0.0,0.5
1193.3000,  1.00000000,1,0,0.0,0.5
1193.3333,  1.00000000,1,0,0.025000000000000001,0.5
1193.3667,  1.00000000,1,0,0.025000000000000001,0.5
1193.4000,  1.00000000,1,0,0.025000000000000001,0.5
1193.4333,  1.00000000,1,0,0.0,0.5
1193.4667,  1.00000000,1,0,0.025000000000000001,0.5
1193.5000,  1.00000000,1,0,0.0,0.5
1193.5333,  1.00000000,1,0,0.025000000000000001,0.5
1193.5667,  1.00000000,1,0,0.025000000000000001,0.5
1193.6000,  1.00000000,1,0,0.0,0.5
1193.6333,  1.00000000,1,0,0.0,0.5
1193.6667,  1.00000000,1,0,0.025000000000000001,0.5
1193.7000,  1.00000000,1,0,0.025000000000000001,0.5
1193.7333,  1.00000000,1,0,0.025000000000000001,0.5
1193.7667,  1.00000000,1,0,0.0,0.5
1193.8000,  1.00000000,1,0,0.025000000000000001,0.5
1193.8333,  1.00000000,1,0,0.0,0.5
1193.8667,  1.00000000,1,0,0.025000000000000001,0.5
1193.9000,  1.00000000,1,0,0.0,0.5
1193.9333,  1.00000000,1,0,0.0,0.5
1193.9667,  1.00000000,1,0,0.025000000000000001,0.5
1194.0000,  1.00000000,1,0,0.025000000000000001,0.5
1194.0333,  1.00000000,1,0,0.0,0.5
1194.0667,  1.00000000,1,0,0.0,0.5
1194.1000,  1.00000000,1,0,0.025000000000000001,0.5
1194.1333,  1.00000000,1,0,0.0,0.5
1194.1667,  1.00000000,1,0,0.025000000000000001,0.5
1194.2000,  1.00000000,1,0,0.025000000000000001,0.5
1194.2333,  1.00000000,1,0,0.025000000000000001,0.5
1194.2667,  1.00000000,1,0,0.0,0.5
1194.3000,  1.00000000,1,0,0.0,0.5
1194.3333,  1.00000000,1,0,0.0,0.5
1194.3667,  1.00000000,1,0,0.0,0.5
1194.4000,  1.00000000,1,0,0.0,0.5
1194.4333,  1.00000000,1,0,0.0,0.5
1194.4667,  1.00000000,1,0,0.0,0.5
1194.5000,  1.00000000,1,0,0.0,0.5
1194.5333,  1.00000000,1,0,0.0,0.5
1194.5667,  1.00000000,1,0,0.0,0.5
1194.6000,  1.00000000,1,0,0.0,0.5
1194.6333,  1.00000000,1,0,0.025000000000000001,0.5
1194.6667,  1.00000000,1,0,0.050000000000000003,0.5
1194.7000,  1.00000000,1,0,0.074999999999999997,0.5
1194.7333,  1.00000000,1,0,0.0,0.5
1194.7667,  1.00000000,1,0,0.025000000000000001,0.5
1194.8000,  1.00000000,1,0,0.025000000000000001,0.5
1194.8333,  1.00000000,1,0,0.0,0.5
1194.8667,  1.00000000,1,0,0.025000000000000001,0.5
1194.9000,  1.00000000,1,0,0.0,0.5
1194.9333,  1.00000000,1,0,0.025000000000000001,0.5
1194.9667,  1.00000000,1,0,0.0,0.5
1195.0000,  1.00000000,1,0,0.0,0.5
1195.0333,  1.00000000,1,0,0.025000000000000001,0.5
1195.0667,  1.00000000,1,0,0.0,0.5
1195.1000,  1.00000000,1,0,0.0,0.5
1195.1333,  1.00000000,1,0,0.025000000000000001,0.5
1195.1667,  1.00000000,1,0,0.025000000000000001,0.5
1195.2000,  1.00000000,1,0,0.025000000000000001,0.5
1195.2333,  1.00000000,1,0,0.0,0.5
1195.2667,  1.00000000,1,0,0.025000000000000001,0.5
1195.3000,  1.00000000,1,0,0.025000000000000001,0.5
1195.3333,  1.00000000,1,0,0.0,0.5
1195.3667,  1.00000000,1,0,0.025000000000000001,0.5
1195.4000,  1.00000000,1,0,0.025000000000000001,0.5
1195.4333,  1.00000000,1,0,0.0,0.5
1195.4667,  1.00000000,1,0,0.0,0.5
1195.5000,  1.00000000,1,0,0.0,0.5
1195.5333,  1.00000000,1,0,0.0,0.5
1195.5667,  1.00000000,1,0,0.0,0.5
1195.6000,  1.00000000,1,0,0.0,0.5
1195.6333,  1.00000000,1,0,0.0,0.5
1195.6667,  1.00000000,1,0,0.0,0.5
1195.7000,  1.00000000,1,0,0.0,0.5
1195.7333,  1.00000000,1,0,0.0,0.5
1195.7667,  1.00000000,1,0,0.025000000000000001,0.5
1195.8000,  1.00000000,1,0,0.0,0.5
1195.8333,  1.00000000,1,0,0.0,0.5
1195.8667,  1.00000000,1,0,0.025000000000000001,0.5
1195.9000,  1.00000000,1,0,0.0,0.5
1195.9333,  1.00000000,1,0,0.025000000000000001,0.5
1195.9667,  1.00000000,1,0,0.0,0.5
1196.0000,  1.00000000,1,0,0.025000000000000001,0.5
1196.0333,  1.00000000,1,0,0.025000000000000001,0.5
1196.0667,  1.00000000,1,0,0.0,0.5
1196.1000,  1.00000000,1,0,0.0,0.5
1196.1333,  1.00000000,1,0,0.0,0.5
1196.1667,  1.00000000,1,0,0.0,0.5
1196.2000,  1.00000000,1,0,0.025000000000000001,0.5
1196.2333,  1.00000000,1,0,0.0,0.5
1196.2667,  1.00000000,1,0,0.0,0.5
1196.3000,  1.00000000,1,0,0.0,0.5
1196.3333,  1.00000000,1,0,0.025000000000000001,0.5
1196.3667,  1.00000000,1,0,0.025000000000000001,0.5
1196.4000,  1.00000000,1,0,0.0,0.5
1196.4333,  1.00000000,1,0,0.050000000000000003,0.5
1196.4667,  1.00000000,1,0,0.0,0.5
1196.5000,  1.00000000,1,0,0.0,0.5
1196.5333,  1.00000000,1,0,0.0,0.5
1196.5667,  1.00000000,1,0,0.025000000000000001,0.5
1196.6000,  1.00000000,1,0,0.0,0.5
1196.6333,  1.00000000,1,0,0.0,0.5
1196.6667,  1.00000000,1,0,0.0,0.5
1196.7000,  1.00000000,1,0,0.0,0.5
1196.7333,  1.00000000,1,0,0.025000000000000001,0.5
1196.7667,  1.00000000,1,0,0.0,0.5
1196.8000,  1.00000000,1,0,0.0,0.5
1196.8333,  1.00000000,1,0,0.0,0.5
1196.8667,  1.00000000,1,0,0.0,0.5
1196.9000,  1.00000000,1,0,0.025000000000000001,0.5
1196.9333,  1.00000000,1,0,0.025000000000000001,0.5
1196.9667,  1.00000000,1,0,0.0,0.5
1197.0000,  1.00000000,1,0,0.0,0.5
1197.0333,  1.00000000,1,0,0.0,0.5
1197.0667,  1.00000000,1,0,0.0,0.5
1197.1000,  1.00000000,1,0,0.0,0.5
1197.1333,  1.00000000,1,0,0.0,0.5
1197.1667,  1.00000000,1,0,0.0,0.5
1197.2000,  1.00000000,1,0,0.0,0.5
1197.2333,  1.00000000,1,0,0.0,0.5
1197.2667,  1.00000000,1,0,0.025000000000000001,0.5
1197.3000,  1.00000000,1,0,0.0,0.5
1197.3333,  1.00000000,1,0,0.0,0.5
1197.3667,  1.00000000,1,0,0.025000000000000001,0.5
1197.4000,  1.00000000,1,0,0.0,0.5
1197.4333,  1.00000000,1,0,0.025000000000000001,0.5
1197.4667,  1.00000000,1,0,0.0,0.5
1197.5000,  1.00000000,1,0,0.025000000000000001,0.5
1197.5333,  1.00000000,1,0,0.025000000000000001,0.5
1197.5667,  1.00000000,1,0,0.0,0.5
1197.6000,  1.00000000,1,0,0.0,0.5
1197.6333,  1.00000000,1,0,0.025000000000000001,0.5
1197.6667,  1.00000000,1,0,0.0,0.5
1197.7000,  1.00000000,1,0,0.050000000000000003,0.5
1197.7333,  1.00000000,1,0,0.0,0.5
1197.7667,  1.00000000,1,0,0.0,0.5
1197.8000,  1.00000000,1,0,0.0,0.5
1197.8333,  1.00000000,1,0,0.0,0.5
1197.8667,  1.00000000,1,0,0.0,0.5
1197.9000,  1.00000000,1,0,0.025000000000000001,0.5
1197.9333,  1.00000000,1,0,0.0,0.5
1197.9667,  1.00000000,1,0,0.0,0.5
1198.0000,  1.00000000,1,0,0.0,0.5
1198.0333,  1.00000000,1,0,0.025000000000000001,0.5
1198.0667,  1.00000000,1,0,0.0,0.5
1198.1000,  1.00000000,1,0,0.0,0.5
1198.1333,  1.00000000,1,0,0.0,0.5
1198.1667,  1.00000000,1,0,0.025000000000000001,0.5
1198.2000,  1.00000000,1,0,0.0,0.5
1198.2333,  1.00000000,1,0,0.0,0.5
1198.2667,  1.00000000,1,0,0.025000000000000001,0.5
1198.3000,  1.00000000,1,0,0.025000000000000001,0.5
1198.3333,  1.00000000,1,0,0.025000000000000001,0.5
1198.3667,  1.00000000,1,0,0.025000000000000001,0.5
1198.4000,  1.00000000,1,0,0.0,0.5
1198.4333,  1.00000000,1,0,0.0,0.5
1198.4667,  1.00000000,1,0,0.025000000000000001,0.5
1198.5000,  1.00000000,1,0,0.0,0.5
1198.5333,  1.00000000,1,0,0.0,0.5
1198.5667,  1.00000000,1,0,0.0,0.5
1198.6000,  1.00000000,1,0,0.0,0.5
1198.6333,  1.00000000,1,0,0.0,0.5
1198.6667,  1.00000000,1,0,0.0,0.5
1198.7000,  1.00000000,1,0,0.0,0.5
1198.7333,  1.00000000,1,0,0.0,0.5
1198.7667,  1.00000000,1,0,0.0,0.5
1198.8000,  1.00000000,1,0,0.0,0.5
1198.8333,  1.00000000,1,0,0.025000000000000001,0.5
1198.8667,  1.00000000,1,0,0.0,0.5
1198.9000,  1.00000000,1,0,0.0,0.5
1198.9333,  1.00000000,1,0,0.0,0.5
1198.9667,  1.00000000,1,0,0.025000000000000001,0.5
1199.0000,  1.00000000,1,0,0.0,0.5
1199.0333,  1.00000000,1,0,0.025000000000000001,0.5
1199.0667,  1.00000000,1,0,0.0,0.5
1199.1000,  1.00000000,1,0,0.0,0.5
1199.1333,  1.00000000,1,0,0.0,0.5
1199.1667,  1.00000000,1,0,0.0,0.5
1199.2000,  1.00000000,1,0,0.0,0.5
1199.2333,  1.00000000,1,0,0.0,0.5
1199.2667,  1.00000000,1,0,0.0,0.5
1199.3000,  1.00000000,1,0,0.0,0.5
1199.3333,  1.00000000,1,0,0.0,0.5
1199.3667,  1.00000000,1,0,0.0,0.5
1199.4000,  1.00000000,1,0,0.0,0.5
1199.4333,  1.00000000,1,0,0.0,0.5
1199.4667,  1.00000000,1,0,0.0,0.5
1199.5000,  1.00000000,1,0,0.025000000000000001,0.5
1199.5333,  1.00000000,1,0,0.050000000000000003,0.5
1199.5667,  1.00000000,1,0,0.0,0.5
1199.6000,  1.00000000,1,0,0.0,0.5
1199.6333,  1.00000000,1,0,0.025000000000000001,0.5
1199.6667,  1.00000000,1,0,0.025000000000000001,0.5
1199.7000,  1.00000000,1,0,0.0,0.5
1199.7333,  1.00000000,1,0,0.025000000000000001,0.5
1199.7667,  1.00000000,1,0,0.0,0.5
1199.8000,  1.00000000,1,0,0.0,0.5
1199.8333,  1.00000000,1,0,0.0,0.5
1199.8667,  1.00000000,1,0,0.0,0.5
1199.9000,  1.00000000,1,0,0.0,0.5
1199.9333,  1.00000000,1,0,0.025000000000000001,0.5
1199.9667,  1.00000000,1,0,0.0,0.5
1200.0000,  1.00000000,1,0,0.0,0.5
1200.0333,  1.00000000,1,0,0.0,0.5
1200.0667,  1.00000000,1,0,0.0,0.5
1200.1000,  1.00000000,1,0,0.0,0.5
1200.1333,  1.00000000,1,0,0.0,0.5
1200.1667,  1.00000000,1,0,0.0,0.5
1200.2000,  1.00000000,1,0,0.0,0.5
1200.2333,  1.00000000,1,0,0.025000000000000001,0.5
1200.2667,  1.00000000,1,0,0.025000000000000001,0.5
1200.3000,  1.00000000,1,0,0.0,0.5
1200.3333,  1.00000000,1,0,0.025000000000000001,0.5
1200.3667,  1.00000000,1,0,0.0,0.5
1200.4000,  1.00000000,1,0,0.0,0.5
1200.4333,  1.00000000,1,0,0.025000000000000001,0.5
1200.4667,  1.00000000,1,0,0.025000000000000001,0.5
1200.5000,  1.00000000,1,0,0.0,0.5
1200.5333,  1.00000000,1,0,0.0,0.5
1200.5667,  1.00000000,1,0,0.0,0.5
1200.6000,  1.00000000,1,0,0.050000000000000003,0.5
1200.6333,  1.00000000,1,0,0.0,0.5
1200.6667,  1.00000000,1,0,0.0,0.5
1200.7000,  1.00000000,1,0,0.0,0.5
1200.7333,  1.00000000,1,0,0.0,0.5
1200.7667,  1.00000000,1,0,0.025000000000000001,0.5
1200.8000,  1.00000000,1,0,0.025000000000000001,0.5
1200.8333,  1.00000000,1,0,0.0,0.5
1200.8667,  1.00000000,1,0,0.025000000000000001,0.5
1200.9000,  1.00000000,1,0,0.0,0.5
1200.9333,  1.00000000,1,0,0.025000000000000001,0.5
1200.9667,  1.00000000,1,0,0.025000000000000001,0.5
1201.0000,  1.00000000,1,0,0.025000000000000001,0.5
1201.0333,  1.00000000,1,0,0.025000000000000001,0.5
1201.0667,  1.00000000,1,0,0.0,0.5
1201.1000,  1.00000000,1,0,0.0,0.5
1201.1333,  1.00000000,1,0,0.0,0.5
1201.1667,  1.00000000,1,0,0.0,0.5
1201.2000,  1.00000000,1,0,0.025000000000000001,0.5
1201.2333,  1.00000000,1,0,0.0,0.5
1201.2667,  1.00000000,1,0,0.0,0.5
1201.3000,  1.00000000,1,0,0.0,0.5
1201.3333,  1.00000000,1,0,0.0,0.5
1201.3667,  1.00000000,1,0,0.0,0.5
1201.4000,  1.00000000,1,0,0.025000000000000001,0.5
1201.4333,  1.00000000,1,0,0.0,0.5
1201.4667,  1.00000000,1,0,0.025000000000000001,0.5
1201.5000,  1.00000000,1,0,0.0,0.5
1201.5333,  1.00000000,1,0,0.050000000000000003,0.5
1201.5667,  1.00000000,1,0,0.025000000000000001,0.5
1201.6000,  1.00000000,1,0,0.0,0.5
1201.6333,  1.00000000,1,0,0.0,0.5
1201.6667,  1.00000000,1,0,0.0,0.5
1201.7000,  1.00000000,1,0,0.025000000000000001,0.5
1201.7333,  1.00000000,1,0,0.0,0.5
1201.7667,  1.00000000,1,0,0.025000000000000001,0.5
1201.8000,  1.00000000,1,0,0.0,0.5
1201.8333,  1.00000000,1,0,0.025000000000000001,0.5
1201.8667,  1.00000000,1,0,0.025000000000000001,0.5
1201.9000,  1.00000000,1,0,0.074999999999999997,0.5
1201.9333,  1.00000000,1,0,0.0,0.5
1201.9667,  1.00000000,1,0,0.025000000000000001,0.5
1202.0000,  1.00000000,1,0,0.0,0.5
1202.0333,  1.00000000,1,0,0.025000000000000001,0.5
1202.0667,  1.00000000,1,0,0.025000000000000001,0.5
1202.1000,  1.00000000,1,0,0.0,0.5
1202.1333,  1.00000000,1,0,0.025000000000000001,0.5
1202.1667,  1.00000000,1,0,0.0,0.5
1202.2000,  1.00000000,1,0,0.0,0.5
1202.2333,  1.00000000,1,0,0.0,0.5
1202.2667,  1.00000000,1,0,0.0,0.5
1202.3000,  1.00000000,1,0,0.0,0.5
1202.3333,  1.00000000,1,0,0.025000000000000001,0.5
1202.3667,  1.00000000,1,0,0.025000000000000001,0.5
1202.4000,  1.00000000,1,0,0.0,0.5
1202.4333,  1.00000000,1,0,0.025000000000000001,0.5
1202.4667,  1.00000000,1,0,0.0,0.5
1202.5000,  1.00000000,1,0,0.0,0.5
1202.5333,  1.00000000,1,0,0.0,0.5
1202.5667,  1.00000000,1,0,0.0,0.5
1202.6000,  1.00000000,1,0,0.025000000000000001,0.5
1202.6333,  1.00000000,1,0,0.025000000000000001,0.5
1202.6667,  1.00000000,1,0,0.0,0.5
1202.7000,  1.00000000,1,0,0.0,0.5
1202.7333,  1.00000000,1,0,0.0,0.5
1202.7667,  1.00000000,1,0,0.025000000000000001,0.5
1202.8000,  1.00000000,1,0,0.0,0.5
1202.8333,  1.00000000,1,0,0.025000000000000001,0.5
1202.8667,  1.00000000,1,0,0.025000000000000001,0.5
1202.9000,  1.00000000,1,0,0.0,0.5
1202.9333,  1.00000000,1,0,0.0,0.5
1202.9667,  1.00000000,1,0,0.0,0.5
1203.0000,  1.00000000,1,0,0.025000000000000001,0.5
1203.0333,  1.00000000,1,0,0.0,0.5
1203.0667,  1.00000000,1,0,0.025000000000000001,0.5
1203.1000,  1.00000000,1,0,0.0,0.5
1203.1333,  1.00000000,1,0,0.025000000000000001,0.5
1203.1667,  1.00000000,1,0,0.0,0.5
1203.2000,  1.00000000,1,0,0.0,0.5
1203.2333,  1.00000000,1,0,0.025000000000000001,0.5
1203.2667,  1.00000000,1,0,0.050000000000000003,0.5
1203.3000,  1.00000000,1,0,0.0,0.5
1203.3333,  1.00000000,1,0,0.025000000000000001,0.5
1203.3667,  1.00000000,1,0,0.0,0.5
1203.4000,  1.00000000,1,0,0.0,0.5
1203.4333,  1.00000000,1,0,0.0,0.5
1203.4667,  1.00000000,1,0,0.0,0.5
1203.5000,  1.00000000,1,0,0.025000000000000001,0.5
1203.5333,  1.00000000,1,0,0.025000000000000001,0.5
1203.5667,  1.00000000,1,0,0.025000000000000001,0.5
1203.6000,  1.00000000,1,0,0.025000000000000001,0.5
1203.6333,  1.00000000,1,0,0.0,0.5
1203.6667,  1.00000000,1,0,0.025000000000000001,0.5
1203.7000,  1.00000000,1,0,0.025000000000000001,0.5
1203.7333,  1.00000000,1,0,0.0,0.5
1203.7667,  1.00000000,1,0,0.050000000000000003,0.5
1203.8000,  1.00000000,1,0,0.0,0.5
1203.8333,  1.00000000,1,0,0.0,0.5
1203.8667,  1.00000000,1,0,0.0,0.5
1203.9000,  1.00000000,1,0,0.0,0.5
1203.9333,  1.00000000,1,0,0.0,0.5
1203.9667,  1.00000000,1,0,0.050000000000000003,0.5
1204.0000,  1.00000000,1,0,0.0,0.5
1204.0333,  1.00000000,1,0,0.0,0.5
1204.0667,  1.00000000,1,0,0.0,0.5
1204.1000,  1.00000000,1,0,0.025000000000000001,0.5
1204.1333,  1.00000000,1,0,0.0,0.5
1204.1667,  1.00000000,1,0,0.025000000000000001,0.5
1204.2000,  1.00000000,1,0,0.0,0.5
1204.2333,  1.00000000,1,0,0.0,0.5
1204.2667,  1.00000000,1,0,0.025000000000000001,0.5
1204.3000,  1.00000000,1,0,0.025000000000000001,0.5
1204.3333,  1.00000000,1,0,0.050000000000000003,0.5
1204.3667,  1.00000000,1,0,0.025000000000000001,0.5
1204.4000,  1.00000000,1,0,0.0,0.5
1204.4333,  1.00000000,1,0,0.0,0.5
1204.4667,  1.00000000,1,0,0.0,0.5
1204.5000,  1.00000000,1,0,0.0,0.5
1204.5333,  1.00000000,1,0,0.0,0.5
1204.5667,  1.00000000,1,0,0.0,0.5
1204.6000,  1.00000000,1,0,0.0,0.5
1204.6333,  1.00000000,1,0,0.0,0.5
1204.6667,  1.00000000,1,0,0.025000000000000001,0.5
1204.7000,  1.00000000,1,0,0.025000000000000001,0.5
1204.7333,  1.00000000,1,0,0.050000000000000003,0.5
1204.7667,  1.00000000,1,0,0.0,0.5
1204.8000,  1.00000000,1,0,0.025000000000000001,0.5
1204.8333,  1.00000000,1,0,0.0,0.5
1204.8667,  1.00000000,1,0,0.0,0.5
1204.9000,  1.00000000,1,0,0.0,0.5
1204.9333,  1.00000000,1,0,0.025000000000000001,0.5
1204.9667,  1.00000000,1,0,0.0,0.5
1205.0000,  1.00000000,1,0,0.025000000000000001,0.5
1205.0333,  1.00000000,1,0,0.0,0.5
1205.0667,  1.00000000,1,0,0.0,0.5
1205.1000,  1.00000000,1,0,0.025000000000000001,0.5
1205.1333,  1.00000000,1,0,0.0,0.5
1205.1667,  1.00000000,1,0,0.0,0.5
1205.2000,  1.00000000,1,0,0.0,0.5
1205.2333,  1.00000000,1,0,0.0,0.5
1205.2667,  1.00000000,1,0,0.0,0.5
1205.3000,  1.00000000,1,0,0.0,0.5
1205.3333,  1.00000000,1,0,0.025000000000000001,0.5
1205.3667,  1.00000000,1,0,0.0,0.5
1205.4000,  1.00000000,1,0,0.0,0.5
1205.4333,  1.00000000,1,0,0.0,0.5
1205.4667,  1.00000000,1,0,0.025000000000000001,0.5
1205.5000,  1.00000000,1,0,0.0,0.5
1205.5333,  1.00000000,1,0,0.0,0.5
1205.5667,  1.00000000,1,0,0.025000000000000001,0.5
1205.6000,  1.00000000,1,0,0.0,0.5
1205.6333,  1.00000000,1,0,0.025000000000000001,0.5
1205.6667,  1.00000000,1,0,0.025000000000000001,0.5
1205.7000,  1.00000000,1,0,0.025000000000000001,0.5
1205.7333,  1.00000000,1,0,0.0,0.5
1205.7667,  1.00000000,1,0,0.025000000000000001,0.5
1205.8000,  1.00000000,1,0,0.0,0.5
1205.8333,  1.00000000,1,0,0.025000000000000001,0.5
1205.8667,  1.00000000,1,0,0.025000000000000001,0.5
1205.9000,  1.00000000,1,0,0.0,0.5
1205.9333,  1.00000000,1,0,0.025000000000000001,0.5
1205.9667,  1.00000000,1,0,0.0,0.5
1206.0000,  1.00000000,1,0,0.0,0.5
1206.0333,  1.00000000,1,0,0.0,0.5
1206.0667,  1.00000000,1,0,0.0,0.5
1206.1000,  1.00000000,1,0,0.0,0.5
1206.1333,  1.00000000,1,0,0.0,0.5
1206.1667,  1.00000000,1,0,0.0,0.5
1206.2000,  1.00000000,1,0,0.0,0.5
1206.2333,  1.00000000,1,0,0.025000000000000001,0.5
1206.2667,  1.00000000,1,0,0.050000000000000003,0.5
1206.3000,  1.00000000,1,0,0.0,0.5
1206.3333,  1.00000000,1,0,0.0,0.5
1206.3667,  1.00000000,1,0,0.0,0.5
1206.4000,  1.00000000,1,0,0.025000000000000001,0.5
1206.4333,  1.00000000,1,0,0.0,0.5
1206.4667,  1.00000000,1,0,0.0,0.5
1206.5000,  1.00000000,1,0,0.0,0.5
1206.5333,  1.00000000,1,0,0.0,0.5
1206.5667,  1.00000000,1,0,0.025000000000000001,0.5
1206.6000,  1.00000000,1,0,0.0,0.5
1206.6333,  1.00000000,1,0,0.0,0.5
1206.6667,  1.00000000,1,0,0.0,0.5
1206.7000,  1.00000000,1,0,0.025000000000000001,0.5
1206.7333,  1.00000000,1,0,0.025000000000000001,0.5
1206.7667,  1.00000000,1,0,0.025000000000000001,0.5
1206.8000,  1.00000000,1,0,0.0,0.5
1206.8333,  1.00000000,1,0,0.050000000000000003,0.5
1206.8667,  1.00000000,1,0,0.0,0.5
1206.9000,  1.00000000,1,0,0.0,0.5
1206.9333,  1.00000000,1,0,0.0,0.5
1206.9667,  1.00000000,1,0,0.0,0.5
1207.0000,  1.00000000,1,0,0.0,0.5
1207.0333,  1.00000000,1,0,0.0,0.5
1207.0667,  1.00000000,1,0,0.025000000000000001,0.5
1207.1000,  1.00000000,1,0,0.025000000000000001,0.5
1207.1333,  1.00000000,1,0,0.025000000000000001,0.5
1207.1667,  1.00000000,1,0,0.025000000000000001,0.5
1207.2000,  1.00000000,1,0,0.050000000000000003,0.5
1207.2333,  1.00000000,1,0,0.025000000000000001,0.5
1207.2667,  1.00000000,1,0,0.025000000000000001,0.5
1207.3000,  1.00000000,1,0,0.0,0.5
1207.3333,  1.00000000,1,0,0.025000000000000001,0.5
1207.3667,  1.00000000,1,0,0.0,0.5
1207.4000,  1.00000000,1,0,0.0,0.5
1207.4333,  1.00000000,1,0,0.025000000000000001,0.5
1207.4667,  1.00000000,1,0,0.0,0.5
1207.5000,  1.00000000,1,0,0.0,0.5
1207.5333,  1.00000000,1,0,0.0,0.5
1207.5667,  1.00000000,1,0,0.0,0.5
1207.6000,  1.00000000,1,0,0.0,0.5
1207.6333,  1.00000000,1,0,0.0,0.5
1207.6667,  1.00000000,1,0,0.025000000000000001,0.5
1207.7000,  1.00000000,1,0,0.025000000000000001,0.5
1207.7333,  1.00000000,1,0,0.0,0.5
1207.7667,  1.00000000,1,0,0.025000000000000001,0.5
1207.8000,  1.00000000,1,0,0.025000000000000001,0.5
1207.8333,  1.00000000,1,0,0.0,0.5
1207.8667,  1.00000000,1,0,0.025000000000000001,0.5
1207.9000,  1.00000000,1,0,0.025000000000000001,0.5
1207.9333,  1.00000000,1,0,0.0,0.5
1207.9667,  1.00000000,1,0,0.025000000000000001,0.5
1208.0000,  1.00000000,1,0,0.0,0.5
1208.0333,  1.00000000,1,0,0.025000000000000001,0.5
1208.0667,  1.00000000,1,0,0.0,0.5
1208.1000,  1.00000000,1,0,0.0,0.5
1208.1333,  1.00000000,1,0,0.0,0.5
1208.1667,  1.00000000,1,0,0.0,0.5
1208.2000,  1.00000000,1,0,0.025000000000000001,0.5
1208.2333,  1.00000000,1,0,0.0,0.5
1208.2667,  1.00000000,1,0,0.0,0.5
1208.3000,  1.00000000,1,0,0.0,0.5
1208.3333,  1.00000000,1,0,0.0,0.5
1208.3667,  1.00000000,1,0,0.0,0.5
1208.4000,  1.00000000,1,0,0.025000000000000001,0.5
1208.4333,  1.00000000,1,0,0.0,0.5
1208.4667,  1.00000000,1,0,0.0,0.5
1208.5000,  1.00000000,1,0,0.0,0.5
1208.5333,  1.00000000,1,0,0.0,0.5
1208.5667,  1.00000000,1,0,0.0,0.5
1208.6000,  1.00000000,1,0,0.0,0.5
1208.6333,  1.00000000,1,0,0.0,0.5
1208.6667,  1.00000000,1,0,0.025000000000000001,0.5
1208.7000,  1.00000000,1,0,0.050000000000000003,0.5
1208.7333,  1.00000000,1,0,0.025000000000000001,0.5
1208.7667,  1.00000000,1,0,0.025000000000000001,0.5
1208.8000,  1.00000000,1,0,0.0,0.5
1208.8333,  1.00000000,1,0,0.0,0.5
1208.8667,  1.00000000,1,0,0.0,0.5
1208.9000,  1.00000000,1,0,0.050000000000000003,0.5
1208.9333,  1.00000000,1,0,0.0,0.5
1208.9667,  1.00000000,1,0,0.025000000000000001,0.5
1209.0000,  1.00000000,1,0,0.0,0.5
1209.0333,  1.00000000,1,0,0.0,0.5
1209.0667,  1.00000000,1,0,0.0,0.5
1209.1000,  1.00000000,1,0,0.050000000000000003,0.5
1209.1333,  1.00000000,1,0,0.0,0.5
1209.1667,  1.00000000,1,0,0.025000000000000001,0.5
1209.2000,  1.00000000,1,0,0.025000000000000001,0.5
1209.2333,  1.00000000,1,0,0.0,0.5
1209.2667,  1.00000000,1,0,0.025000000000000001,0.5
1209.3000,  1.00000000,1,0,0.0,0.5
1209.3333,  1.00000000,1,0,0.0,0.5
1209.3667,  1.00000000,1,0,0.0,0.5
1209.4000,  1.00000000,1,0,0.0,0.5
1209.4333,  1.00000000,1,0,0.0,0.5
1209.4667,  1.00000000,1,0,0.0,0.5
1209.5000,  1.00000000,1,0,0.0,0.5
1209.5333,  1.00000000,1,0,0.0,0.5
1209.5667,  1.00000000,1,0,0.050000000000000003,0.5
1209.6000,  1.00000000,1,0,0.0,0.5
1209.6333,  1.00000000,1,0,0.025000000000000001,0.5
1209.6667,  1.00000000,1,0,0.0,0.5
1209.7000,  1.00000000,1,0,0.0,0.5
1209.7333,  1.00000000,1,0,0.0,0.5
1209.7667,  1.00000000,1,0,0.050000000000000003,0.5
1209.8000,  1.00000000,1,0,0.0,0.5
1209.8333,  1.00000000,1,0,0.0,0.5
1209.8667,  1.00000000,1,0,0.0,0.5
1209.9000,  1.00000000,1,0,0.0,0.5
1209.9333,  1.00000000,1,0,0.0,0.5
1209.9667,  1.00000000,1,0,0.0,0.5
1210.0000,  1.00000000,1,0,0.025000000000000001,0.5
1210.0333,  1.00000000,1,0,0.0,0.5
1210.0667,  1.00000000,1,0,0.0,0.5
1210.1000,  1.00000000,1,0,0.0,0.5
1210.1333,  1.00000000,1,0,0.025000000000000001,0.5
1210.1667,  1.00000000,1,0,0.025000000000000001,0.5
1210.2000,  1.00000000,1,0,0.0,0.5
1210.2333,  1.00000000,1,0,0.025000000000000001,0.5
1210.2667,  1.00000000,1,0,0.0,0.5
1210.3000,  1.00000000,1,0,0.025000000000000001,0.5
1210.3333,  1.00000000,1,0,0.0,0.5
1210.3667,  1.00000000,1,0,0.025000000000000001,0.5
1210.4000,  1.00000000,1,0,0.025000000000000001,0.5
1210.4333,  1.00000000,1,0,0.0,0.5
1210.4667,  1.00000000,1,0,0.025000000000000001,0.5
1210.5000,  1.00000000,1,0,0.0,0.5
1210.5333,  1.00000000,1,0,0.0,0.5
1210.5667,  1.00000000,1,0,0.0,0.5
1210.6000,  1.00000000,1,0,0.0,0.5
1210.6333,  1.00000000,1,0,0.050000000000000003,0.5
1210.6667,  1.00000000,1,0,0.0,0.5
1210.7000,  1.00000000,1,0,0.0,0.5
1210.7333,  1.00000000,1,0,0.025000000000000001,0.5
1210.7667,  1.00000000,1,0,0.025000000000000001,0.5
1210.8000,  1.00000000,1,0,0.0,0.5
1210.8333,  1.00000000,1,0,0.0,0.5
1210.8667,  1.00000000,1,0,0.0,0.5
1210.9000,  1.00000000,1,0,0.0,0.5
1210.9333,  1.00000000,1,0,0.0,0.5
1210.9667,  1.00000000,1,0,0.0,0.5
1211.0000,  1.00000000,1,0,0.0,0.5
1211.0333,  1.00000000,1,0,0.0,0.5
1211.0667,  1.00000000,1,0,0.0,0.5
1211.1000,  1.00000000,1,0,0.0,0.5
1211.1333,  1.00000000,1,0,0.0,0.5
1211.1667,  1.00000000,1,0,0.025000000000000001,0.5
1211.2000,  1.00000000,1,0,0.0,0.5
1211.2333,  1.00000000,1,0,0.0,0.5
1211.2667,  1.00000000,1,0,0.0,0.5
1211.3000,  1.00000000,1,0,0.050000000000000003,0.5
1211.3333,  1.00000000,1,0,0.050000000000000003,0.5
1211.3667,  1.00000000,1,0,0.025000000000000001,0.5
1211.4000,  1.00000000,1,0,0.0,0.5
1211.4333,  1.00000000,1,0,0.0,0.5
1211.4667,  1.00000000,1,0,0.025000000000000001,0.5
1211.5000,  1.00000000,1,0,0.025000000000000001,0.5
1211.5333,  1.00000000,1,0,0.0,0.5
1211.5667,  1.00000000,1,0,0.025000000000000001,0.5
1211.6000,  1.00000000,1,0,0.0,0.5
1211.6333,  1.00000000,1,0,0.0,0.5
1211.6667,  1.00000000,1,0,0.0,0.5
1211.7000,  1.00000000,1,0,0.050000000000000003,0.5
1211.7333,  1.00000000,1,0,0.0,0.5
1211.7667,  1.00000000,1,0,0.0,0.5
1211.8000,  1.00000000,1,0,0.0,0.5
1211.8333,  1.00000000,1,0,0.050000000000000003,0.5
1211.8667,  1.00000000,1,0,0.050000000000000003,0.5
1211.9000,  1.00000000,1,0,0.0,0.5
1211.9333,  1.00000000,1,0,0.025000000000000001,0.5
1211.9667,  1.00000000,1,0,0.025000000000000001,0.5
1212.0000,  1.00000000,1,0,0.025000000000000001,0.5
1212.0333,  1.00000000,1,0,0.025000000000000001,0.5
1212.0667,  1.00000000,1,0,0.0,0.5
1212.1000,  1.00000000,1,0,0.025000000000000001,0.5
1212.1333,  1.00000000,1,0,0.025000000000000001,0.5
1212.1667,  1.00000000,1,0,0.0,0.5
1212.2000,  1.00000000,1,0,0.0,0.5
1212.2333,  1.00000000,1,0,0.025000000000000001,0.5
1212.2667,  1.00000000,1,0,0.025000000000000001,0.5
1212.3000,  1.00000000,1,0,0.025000000000000001,0.5
1212.3333,  1.00000000,1,0,0.0,0.5
1212.3667,  1.00000000,1,0,0.025000000000000001,0.5
1212.4000,  1.00000000,1,0,0.0,0.5
1212.4333,  1.00000000,1,0,0.0,0.5
1212.4667,  1.00000000,1,0,0.0,0.5
1212.5000,  1.00000000,1,0,0.025000000000000001,0.5
1212.5333,  1.00000000,1,0,0.0,0.5
1212.5667,  1.00000000,1,0,0.025000000000000001,0.5
1212.6000,  1.00000000,1,0,0.0,0.5
1212.6333,  1.00000000,1,0,0.0,0.5
1212.6667,  1.00000000,1,0,0.0,0.5
1212.7000,  1.00000000,1,0,0.0,0.5
1212.7333,  1.00000000,1,0,0.025000000000000001,0.5
1212.7667,  1.00000000,1,0,0.0,0.5
1212.8000,  1.00000000,1,0,0.0,0.5
1212.8333,  1.00000000,1,0,0.0,0.5
1212.8667,  1.00000000,1,0,0.025000000000000001,0.5
1212.9000,  1.00000000,1,0,0.0,0.5
1212.9333,  1.00000000,1,0,0.050000000000000003,0.5
1212.9667,  1.00000000,1,0,0.0,0.5
1213.0000,  1.00000000,1,0,0.0,0.5
1213.0333,  1.00000000,1,0,0.0,0.5
1213.0667,  1.00000000,1,0,0.0,0.5
1213.1000,  1.00000000,1,0,0.0,0.5
1213.1333,  1.00000000,1,0,0.025000000000000001,0.5
1213.1667,  1.00000000,1,0,0.025000000000000001,0.5
1213.2000,  1.00000000,1,0,0.0,0.5
1213.2333,  1.00000000,1,0,0.050000000000000003,0.5
1213.2667,  1.00000000,1,0,0.0,0.5
1213.3000,  1.00000000,1,0,0.025000000000000001,0.5
1213.3333,  1.00000000,1,0,0.0,0.5
1213.3667,  1.00000000,1,0,0.050000000000000003,0.5
1213.4000,  1.00000000,1,0,0.0,0.5
1213.4333,  1.00000000,1,0,0.0,0.5
1213.4667,  1.00000000,1,0,0.025000000000000001,0.5
1213.5000,  1.00000000,1,0,0.025000000000000001,0.5
1213.5333,  1.00000000,1,0,0.0,0.5
1213.5667,  1.00000000,1,0,0.074999999999999997,0.5
1213.6000,  1.00000000,1,0,0.0,0.5
1213.6333,  1.00000000,1,0,0.050000000000000003,0.5
1213.6667,  1.00000000,1,0,0.025000000000000001,0.5
1213.7000,  1.00000000,1,0,0.025000000000000001,0.5
1213.7333,  1.00000000,1,0,0.025000000000000001,0.5
1213.7667,  1.00000000,1,0,0.0,0.5
1213.8000,  1.00000000,1,0,0.050000000000000003,0.5
1213.8333,  1.00000000,1,0,0.050000000000000003,0.5
1213.8667,  1.00000000,1,0,0.050000000000000003,0.5
1213.9000,  1.00000000,1,0,0.025000000000000001,0.5
1213.9333,  1.00000000,1,0,0.0,0.5
1213.9667,  1.00000000,1,0,0.025000000000000001,0.5
1214.0000,  1.00000000,1,0,0.0,0.5
1214.0333,  1.00000000,1,0,0.025000000000000001,0.5
1214.0667,  1.00000000,1,0,0.025000000000000001,0.5
1214.1000,  1.00000000,1,0,0.0,0.5
1214.1333,  1.00000000,1,0,0.050000000000000003,0.5
1214.1667,  1.00000000,1,0,0.0,0.5
1214.2000,  1.00000000,1,0,0.025000000000000001,0.5
1214.2333,  1.00000000,1,0,0.025000000000000001,0.5
1214.2667,  1.00000000,1,0,0.0,0.5
1214.3000,  1.00000000,1,0,0.050000000000000003,0.5
1214.3333,  1.00000000,1,0,0.025000000000000001,0.5
1214.3667,  1.00000000,1,0,0.0,0.5
1214.4000,  1.00000000,1,0,0.0,0.5
1214.4333,  1.00000000,1,0,0.025000000000000001,0.5
1214.4667,  1.00000000,1,0,0.0,0.5
1214.5000,  1.00000000,1,0,0.025000000000000001,0.5
1214.5333,  1.00000000,1,0,0.025000000000000001,0.5
1214.5667,  1.00000000,1,0,0.0,0.5
1214.6000,  1.00000000,1,0,0.0,0.5
1214.6333,  1.00000000,1,0,0.0,0.5
1214.6667,  1.00000000,1,0,0.0,0.5
1214.7000,  1.00000000,1,0,0.0,0.5
1214.7333,  1.00000000,1,0,0.0,0.5
1214.7667,  1.00000000,1,0,0.0,0.5
1214.8000,  1.00000000,1,0,0.0,0.5
1214.8333,  1.00000000,1,0,0.0,0.5
1214.8667,  1.00000000,1,0,0.025000000000000001,0.5
1214.9000,  1.00000000,1,0,0.050000000000000003,0.5
1214.9333,  1.00000000,1,0,0.0,0.5
1214.9667,  1.00000000,1,0,0.0,0.5
1215.0000,  1.00000000,1,0,0.0,0.5
1215.0333,  1.00000000,1,0,0.025000000000000001,0.5
1215.0667,  1.00000000,1,0,0.0,0.5
1215.1000,  1.00000000,1,0,0.025000000000000001,0.5
1215.1333,  1.00000000,1,0,0.0,0.5
1215.1667,  1.00000000,1,0,0.0,0.5
1215.2000,  1.00000000,1,0,0.0,0.5
1215.2333,  1.00000000,1,0,0.0,0.5
1215.2667,  1.00000000,1,0,0.0,0.5
1215.3000,  1.00000000,1,0,0.050000000000000003,0.5
1215.3333,  1.00000000,1,0,0.0,0.5
1215.3667,  1.00000000,1,0,0.0,0.5
1215.4000,  1.00000000,1,0,0.025000000000000001,0.5
1215.4333,  1.00000000,1,0,0.0,0.5
1215.4667,  1.00000000,1,0,0.025000000000000001,0.5
1215.5000,  1.00000000,1,0,0.0,0.5
1215.5333,  1.00000000,1,0,0.050000000000000003,0.5
1215.5667,  1.00000000,1,0,0.025000000000000001,0.5
1215.6000,  1.00000000,1,0,0.0,0.5
1215.6333,  1.00000000,1,0,0.0,0.5
1215.6667,  1.00000000,1,0,0.0,0.5
1215.7000,  1.00000000,1,0,0.0,0.5
1215.7333,  1.00000000,1,0,0.025000000000000001,0.5
1215.7667,  1.00000000,1,0,0.0,0.5
1215.8000,  1.00000000,1,0,0.025000000000000001,0.5
1215.8333,  1.00000000,1,0,0.0,0.5
1215.8667,  1.00000000,1,0,0.0,0.5
1215.9000,  1.00000000,1,0,0.025000000000000001,0.5
1215.9333,  1.00000000,1,0,0.0,0.5
1215.9667,  1.00000000,1,0,0.0,0.5
1216.0000,  1.00000000,1,0,0.0,0.5
1216.0333,  1.00000000,1,0,0.050000000000000003,0.5
1216.0667,  1.00000000,1,0,0.0,0.5
1216.1000,  1.00000000,1,0,0.050000000000000003,0.5
1216.1333,  1.00000000,1,0,0.0,0.5
1216.1667,  1.00000000,1,0,0.0,0.5
1216.2000,  1.00000000,1,0,0.0,0.5
1216.2333,  1.00000000,1,0,0.0,0.5
1216.2667,  1.00000000,1,0,0.0,0.5
1216.3000,  1.00000000,1,0,0.025000000000000001,0.5
1216.3333,  1.00000000,1,0,0.025000000000000001,0.5
1216.3667,  1.00000000,1,0,0.025000000000000001,0.5
1216.4000,  1.00000000,1,0,0.025000000000000001,0.5
1216.4333,  1.00000000,1,0,0.0,0.5
1216.4667,  1.00000000,1,0,0.025000000000000001,0.5
1216.5000,  1.00000000,1,0,0.0,0.5
1216.5333,  1.00000000,1,0,0.0,0.5
1216.5667,  1.00000000,1,0,0.0,0.5
1216.6000,  1.00000000,1,0,0.0,0.5
1216.6333,  1.00000000,1,0,0.0,0.5
1216.6667,  1.00000000,1,0,0.0,0.5
1216.7000,  1.00000000,1,0,0.0,0.5
1216.7333,  1.00000000,1,0,0.0,0.5
1216.7667,  1.00000000,1,0,0.025000000000000001,0.5
1216.8000,  1.00000000,1,0,0.0,0.5
1216.8333,  1.00000000,1,0,0.0,0.5
1216.8667,  1.00000000,1,0,0.0,0.5
1216.9000,  1.00000000,1,0,0.0,0.5
1216.9333,  1.00000000,1,0,0.025000000000000001,0.5
1216.9667,  1.00000000,1,0,0.0,0.5
1217.0000,  1.00000000,1,0,0.0,0.5
1217.0333,  1.00000000,1,0,0.0,0.5
1217.0667,  1.00000000,1,0,0.0,0.5
1217.1000,  1.00000000,1,0,0.025000000000000001,0.5
1217.1333,  1.00000000,1,0,0.0,0.5
1217.1667,  1.00000000,1,0,0.0,0.5
1217.2000,  1.00000000,1,0,0.025000000000000001,0.5
1217.2333,  1.00000000,1,0,0.0,0.5
1217.2667,  1.00000000,1,0,0.0,0.5
1217.3000,  1.00000000,1,0,0.0,0.5
1217.3333,  1.00000000,1,0,0.0,0.5
1217.3667,  1.00000000,1,0,0.0,0.5
1217.4000,  1.00000000,1,0,0.025000000000000001,0.5
1217.4333,  1.00000000,1,0,0.0,0.5
1217.4667,  1.00000000,1,0,0.025000000000000001,0.5
1217.5000,  1.00000000,1,0,0.025000000000000001,0.5
1217.5333,  1.00000000,1,0,0.0,0.5
1217.5667,  1.00000000,1,0,0.0,0.5
1217.6000,  1.00000000,1,0,0.0,0.5
1217.6333,  1.00000000,1,0,0.0,0.5
1217.6667,  1.00000000,1,0,0.025000000000000001,0.5
1217.7000,  1.00000000,1,0,0.025000000000000001,0.5
1217.7333,  1.00000000,1,0,0.0,0.5
1217.7667,  1.00000000,1,0,0.0,0.5
1217.8000,  1.00000000,1,0,0.0,0.5
1217.8333,  1.00000000,1,0,0.0,0.5
1217.8667,  1.00000000,1,0,0.0,0.5
1217.9000,  1.00000000,1,0,0.0,0.5
1217.9333,  1.00000000,1,0,0.0,0.5
1217.9667,  1.00000000,1,0,0.0,0.5
1218.0000,  1.00000000,1,0,0.0,0.5
1218.0333,  1.00000000,1,0,0.0,0.5
1218.0667,  1.00000000,1,0,0.025000000000000001,0.5
1218.1000,  1.00000000,1,0,0.0,0.5
1218.1333,  1.00000000,1,0,0.025000000000000001,0.5
1218.1667,  1.00000000,1,0,0.025000000000000001,0.5
1218.2000,  1.00000000,1,0,0.025000000000000001,0.5
1218.2333,  1.00000000,1,0,0.0,0.5
1218.2667,  1.00000000,1,0,0.0,0.5
1218.3000,  1.00000000,1,0,0.0,0.5
1218.3333,  1.00000000,1,0,0.0,0.5
1218.3667,  1.00000000,1,0,0.0,0.5
1218.4000,  1.00000000,1,0,0.0,0.5
1218.4333,  1.00000000,1,0,0.025000000000000001,0.5
1218.4667,  1.00000000,1,0,0.0,0.5
1218.5000,  1.00000000,1,0,0.0,0.5
1218.5333,  1.00000000,1,0,0.0,0.5
1218.5667,  1.00000000,1,0,0.0,0.5
1218.6000,  1.00000000,1,0,0.0,0.5
1218.6333,  1.00000000,1,0,0.0,0.5
1218.6667,  1.00000000,1,0,0.050000000000000003,0.5
1218.7000,  1.00000000,1,0,0.025000000000000001,0.5
1218.7333,  1.00000000,1,0,0.0,0.5
1218.7667,  1.00000000,1,0,0.0,0.5
1218.8000,  1.00000000,1,0,0.0,0.5
1218.8333,  1.00000000,1,0,0.025000000000000001,0.5
1218.8667,  1.00000000,1,0,0.050000000000000003,0.5
1218.9000,  1.00000000,1,0,0.0,0.5
1218.9333,  1.00000000,1,0,0.025000000000000001,0.5
1218.9667,  1.00000000,1,0,0.050000000000000003,0.5
1219.0000,  1.00000000,1,0,0.0,0.5
1219.0333,  1.00000000,1,0,0.0,0.5
1219.0667,  1.00000000,1,0,0.0,0.5
1219.1000,  1.00000000,1,0,0.0,0.5
1219.1333,  1.00000000,1,0,0.025000000000000001,0.5
1219.1667,  1.00000000,1,0,0.025000000000000001,0.5
1219.2000,  1.00000000,1,0,0.025000000000000001,0.5
1219.2333,  1.00000000,1,0,0.025000000000000001,0.5
1219.2667,  1.00000000,1,0,0.025000000000000001,0.5
1219.3000,  1.00000000,1,0,0.025000000000000001,0.5
1219.3333,  1.00000000,1,0,0.0,0.5
1219.3667,  1.00000000,1,0,0.0,0.5
1219.4000,  1.00000000,1,0,0.025000000000000001,0.5
1219.4333,  1.00000000,1,0,0.0,0.5
1219.4667,  1.00000000,1,0,0.0,0.5
1219.5000,  1.00000000,1,0,0.0,0.5
1219.5333,  1.00000000,1,0,0.025000000000000001,0.5
1219.5667,  1.00000000,1,0,0.0,0.5
1219.6000,  1.00000000,1,0,0.025000000000000001,0.5
1219.6333,  1.00000000,1,0,0.025000000000000001,0.5
1219.6667,  1.00000000,1,0,0.0,0.5
1219.7000,  1.00000000,1,0,0.025000000000000001,0.5
1219.7333,  1.00000000,1,0,0.025000000000000001,0.5
1219.7667,  1.00000000,1,0,0.025000000000000001,0.5
1219.8000,  1.00000000,1,0,0.0,0.5
1219.8333,  1.00000000,1,0,0.0,0.5
1219.8667,  1.00000000,1,0,0.0,0.5
1219.9000,  1.00000000,1,0,0.025000000000000001,0.5
1219.9333,  1.00000000,1,0,0.025000000000000001,0.5
1219.9667,  1.00000000,1,0,0.0,0.5
1220.0000,  1.00000000,1,0,0.0,0.5
1220.0333,  1.00000000,1,0,0.0,0.5
1220.0667,  1.00000000,1,0,0.0,0.5
1220.1000,  1.00000000,1,0,0.025000000000000001,0.5
1220.1333,  1.00000000,1,0,0.0,0.5
1220.1667,  1.00000000,1,0,0.050000000000000003,0.5
1220.2000,  1.00000000,1,0,0.0,0.5
1220.2333,  1.00000000,1,0,0.0,0.5
1220.2667,  1.00000000,1,0,0.025000000000000001,0.5
1220.3000,  1.00000000,1,0,0.0,0.5
1220.3333,  1.00000000,1,0,0.0,0.5
1220.3667,  1.00000000,1,0,0.025000000000000001,0.5
1220.4000,  1.00000000,1,0,0.0,0.5
1220.4333,  1.00000000,1,0,0.0,0.5
1220.4667,  1.00000000,1,0,0.0,0.5
1220.5000,  1.00000000,1,0,0.0,0.5
1220.5333,  1.00000000,1,0,0.025000000000000001,0.5
1220.5667,  1.00000000,1,0,0.025000000000000001,0.5
1220.6000,  1.00000000,1,0,0.0,0.5
1220.6333,  1.00000000,1,0,0.025000000000000001,0.5
1220.6667,  1.00000000,1,0,0.0,0.5
1220.7000,  1.00000000,1,0,0.0,0.5
1220.7333,  1.00000000,1,0,0.0,0.5
1220.7667,  1.00000000,1,0,0.0,0.5
1220.8000,  1.00000000,1,0,0.0,0.5
1220.8333,  1.00000000,1,0,0.0,0.5
1220.8667,  1.00000000,1,0,0.0,0.5
1220.9000,  1.00000000,1,0,0.0,0.5
1220.9333,  1.00000000,1,0,0.0,0.5
1220.9667,  1.00000000,1,0,0.0,0.5
1221.0000,  1.00000000,1,0,0.0,0.5
1221.0333,  1.00000000,1,0,0.0,0.5
1221.0667,  1.00000000,1,0,0.0,0.5
1221.1000,  1.00000000,1,0,0.025000000000000001,0.5
1221.1333,  1.00000000,1,0,0.0,0.5
1221.1667,  1.00000000,1,0,0.025000000000000001,0.5
1221.2000,  1.00000000,1,0,0.0,0.5
1221.2333,  1.00000000,1,0,0.0,0.5
1221.2667,  1.00000000,1,0,0.050000000000000003,0.5
1221.3000,  1.00000000,1,0,0.0,0.5
1221.3333,  1.00000000,1,0,0.025000000000000001,0.5
1221.3667,  1.00000000,1,0,0.025000000000000001,0.5
1221.4000,  1.00000000,1,0,0.025000000000000001,0.5
1221.4333,  1.00000000,1,0,0.025000000000000001,0.5
1221.4667,  1.00000000,1,0,0.025000000000000001,0.5
1221.5000,  1.00000000,1,0,0.025000000000000001,0.5
1221.5333,  1.00000000,1,0,0.0,0.5
1221.5667,  1.00000000,1,0,0.025000000000000001,0.5
1221.6000,  1.00000000,1,0,0.0,0.5
1221.6333,  1.00000000,1,0,0.025000000000000001,0.5
1221.6667,  1.00000000,1,0,0.0,0.5
1221.7000,  1.00000000,1,0,0.0,0.5
1221.7333,  1.00000000,1,0,0.025000000000000001,0.5
1221.7667,  1.00000000,1,0,0.0,0.5
1221.8000,  1.00000000,1,0,0.025000000000000001,0.5
1221.8333,  1.00000000,1,0,0.0,0.5
1221.8667,  1.00000000,1,0,0.0,0.5
1221.9000,  1.00000000,1,0,0.0,0.5
1221.9333,  1.00000000,1,0,0.0,0.5
1221.9667,  1.00000000,1,0,0.025000000000000001,0.5
1222.0000,  1.00000000,1,0,0.0,0.5
1222.0333,  1.00000000,1,0,0.0,0.5
1222.0667,  1.00000000,1,0,0.0,0.5
1222.1000,  1.00000000,1,0,0.0,0.5
1222.1333,  1.00000000,1,0,0.050000000000000003,0.5
1222.1667,  1.00000000,1,0,0.025000000000000001,0.5
1222.2000,  1.00000000,1,0,0.025000000000000001,0.5
1222.2333,  1.00000000,1,0,0.0,0.5
1222.2667,  1.00000000,1,0,0.0,0.5
1222.3000,  1.00000000,1,0,0.0,0.5
1222.3333,  1.00000000,1,0,0.0,0.5
1222.3667,  1.00000000,1,0,0.025000000000000001,0.5
1222.4000,  1.00000000,1,0,0.0,0.5
1222.4333,  1.00000000,1,0,0.0,0.5
1222.4667,  1.00000000,1,0,0.025000000000000001,0.5
1222.5000,  1.00000000,1,0,0.025000000000000001,0.5
1222.5333,  1.00000000,1,0,0.0,0.5
1222.5667,  1.00000000,1,0,0.0,0.5
1222.6000,  1.00000000,1,0,0.0,0.5
1222.6333,  1.00000000,1,0,0.0,0.5
1222.6667,  1.00000000,1,0,0.0,0.5
1222.7000,  1.00000000,1,0,0.0,0.5
1222.7333,  1.00000000,1,0,0.025000000000000001,0.5
1222.7667,  1.00000000,1,0,0.0,0.5
1222.8000,  1.00000000,1,0,0.025000000000000001,0.5
1222.8333,  1.00000000,1,0,0.0,0.5
1222.8667,  1.00000000,1,0,0.0,0.5
1222.9000,  1.00000000,1,0,0.0,0.5
1222.9333,  1.00000000,1,0,0.025000000000000001,0.5
1222.9667,  1.00000000,1,0,0.025000000000000001,0.5
1223.0000,  1.00000000,1,0,0.0,0.5
1223.0333,  1.00000000,1,0,0.0,0.5
1223.0667,  1.00000000,1,0,0.0,0.5
1223.1000,  1.00000000,1,0,0.025000000000000001,0.5
1223.1333,  1.00000000,1,0,0.0,0.5
1223.1667,  1.00000000,1,0,0.0,0.5
1223.2000,  1.00000000,1,0,0.0,0.5
1223.2333,  1.00000000,1,0,0.0,0.5
1223.2667,  1.00000000,1,0,0.0,0.5
1223.3000,  1.00000000,1,0,0.0,0.5
1223.3333,  1.00000000,1,0,0.0,0.5
1223.3667,  1.00000000,1,0,0.0,0.5
1223.4000,  1.00000000,1,0,0.0,0.5
1223.4333,  1.00000000,1,0,0.0,0.5
1223.4667,  1.00000000,1,0,0.0,0.5
1223.5000,  1.00000000,1,0,0.025000000000000001,0.5
1223.5333,  1.00000000,1,0,0.0,0.5
1223.5667,  1.00000000,1,0,0.025000000000000001,0.5
1223.6000,  1.00000000,1,0,0.025000000000000001,0.5
1223.6333,  1.00000000,1,0,0.0,0.5
1223.6667,  1.00000000,1,0,0.025000000000000001,0.5
1223.7000,  1.00000000,1,0,0.0,0.5
1223.7333,  1.00000000,1,0,0.0,0.5
1223.7667,  1.00000000,1,0,0.025000000000000001,0.5
1223.8000,  1.00000000,1,0,0.0,0.5
1223.8333,  1.00000000,1,0,0.025000000000000001,0.5
1223.8667,  1.00000000,1,0,0.0,0.5
1223.9000,  1.00000000,1,0,0.025000000000000001,0.5
1223.9333,  1.00000000,1,0,0.050000000000000003,0.5
1223.9667,  1.00000000,1,0,0.025000000000000001,0.5
1224.0000,  1.00000000,1,0,0.025000000000000001,0.5
1224.0333,  1.00000000,1,0,0.0,0.5
1224.0667,  1.00000000,1,0,0.025000000000000001,0.5
1224.1000,  1.00000000,1,0,0.0,0.5
1224.1333,  1.00000000,1,0,0.0,0.5
1224.1667,  1.00000000,1,0,0.0,0.5
1224.2000,  1.00000000,1,0,0.0,0.5
1224.2333,  1.00000000,1,0,0.025000000000000001,0.5
1224.2667,  1.00000000,1,0,0.0,0.5
1224.3000,  1.00000000,1,0,0.0,0.5
1224.3333,  1.00000000,1,0,0.0,0.5
1224.3667,  1.00000000,1,0,0.025000000000000001,0.5
1224.4000,  1.00000000,1,0,0.025000000000000001,0.5
1224.4333,  1.00000000,1,0,0.0,0.5
1224.4667,  1.00000000,1,0,0.0,0.5
1224.5000,  1.00000000,1,0,0.0,0.5
1224.5333,  1.00000000,1,0,0.0,0.5
1224.5667,  1.00000000,1,0,0.0,0.5
1224.6000,  1.00000000,1,0,0.0,0.5
1224.6333,  1.00000000,1,0,0.025000000000000001,0.5
1224.6667,  1.00000000,1,0,0.0,0.5
1224.7000,  1.00000000,1,0,0.025000000000000001,0.5
1224.7333,  1.00000000,1,0,0.0,0.5
1224.7667,  1.00000000,1,0,0.025000000000000001,0.5
1224.8000,  1.00000000,1,0,0.0,0.5
1224.8333,  1.00000000,1,0,0.050000000000000003,0.5
1224.8667,  1.00000000,1,0,0.025000000000000001,0.5
1224.9000,  1.00000000,1,0,0.0,0.5
1224.9333,  1.00000000,1,0,0.0,0.5
1224.9667,  1.00000000,1,0,0.050000000000000003,0.5
1225.0000,  1.00000000,1,0,0.0,0.5
1225.0333,  1.00000000,1,0,0.0,0.5
1225.0667,  1.00000000,1,0,0.0,0.5
1225.1000,  1.00000000,1,0,0.025000000000000001,0.5
1225.1333,  1.00000000,1,0,0.074999999999999997,0.5
1225.1667,  1.00000000,1,0,0.0,0.5
1225.2000,  1.00000000,1,0,0.025000000000000001,0.5
1225.2333,  1.00000000,1,0,0.025000000000000001,0.5
1225.2667,  1.00000000,1,0,0.0,0.5
1225.3000,  1.00000000,1,0,0.050000000000000003,0.5
1225.3333,  1.00000000,1,0,0.0,0.5
1225.3667,  1.00000000,1,0,0.0,0.5
1225.4000,  1.00000000,1,0,0.0,0.5
1225.4333,  1.00000000,1,0,0.0,0.5
1225.4667,  1.00000000,1,0,0.0,0.5
1225.5000,  1.00000000,1,0,0.025000000000000001,0.5
1225.5333,  1.00000000,1,0,0.0,0.5
1225.5667,  1.00000000,1,0,0.0,0.5
1225.6000,  1.00000000,1,0,0.0,0.5
1225.6333,  1.00000000,1,0,0.0,0.5
1225.6667,  1.00000000,1,0,0.0,0.5
1225.7000,  1.00000000,1,0,0.0,0.5
1225.7333,  1.00000000,1,0,0.025000000000000001,0.5
1225.7667,  1.00000000,1,0,0.0,0.5
1225.8000,  1.00000000,1,0,0.025000000000000001,0.5
1225.8333,  1.00000000,1,0,0.025000000000000001,0.5
1225.8667,  1.00000000,1,0,0.025000000000000001,0.5
1225.9000,  1.00000000,1,0,0.0,0.5
1225.9333,  1.00000000,1,0,0.0,0.5
1225.9667,  1.00000000,1,0,0.0,0.5
1226.0000,  1.00000000,1,0,0.050000000000000003,0.5
1226.0333,  1.00000000,1,0,0.0,0.5
1226.0667,  1.00000000,1,0,0.050000000000000003,0.5
1226.1000,  1.00000000,1,0,0.025000000000000001,0.5
1226.1333,  1.00000000,1,0,0.050000000000000003,0.5
1226.1667,  1.00000000,1,0,0.0,0.5
1226.2000,  1.00000000,1,0,0.050000000000000003,0.5
1226.2333,  1.00000000,1,0,0.0,0.5
1226.2667,  1.00000000,1,0,0.0,0.5
1226.3000,  1.00000000,1,0,0.025000000000000001,0.5
1226.3333,  1.00000000,1,0,0.0,0.5
1226.3667,  1.00000000,1,0,0.050000000000000003,0.5
1226.4000,  1.00000000,1,0,0.025000000000000001,0.5
1226.4333,  1.00000000,1,0,0.0,0.5
1226.4667,  1.00000000,1,0,0.025000000000000001,0.5
1226.5000,  1.00000000,1,0,0.0,0.5
1226.5333,  1.00000000,1,0,0.0,0.5
1226.5667,  1.00000000,1,0,0.025000000000000001,0.5
1226.6000,  1.00000000,1,0,0.025000000000000001,0.5
1226.6333,  1.00000000,1,0,0.0,0.5
1226.6667,  1.00000000,1,0,0.0,0.5
1226.7000,  1.00000000,1,0,0.0,0.5
1226.7333,  1.00000000,1,0,0.0,0.5
1226.7667,  1.00000000,1,0,0.0,0.5
1226.8000,  1.00000000,1,0,0.0,0.5
1226.8333,  1.00000000,1,0,0.0,0.5
1226.8667,  1.00000000,1,0,0.0,0.5
1226.9000,  1.00000000,1,0,0.0,0.5
1226.9333,  1.00000000,1,0,0.0,0.5
1226.9667,  1.00000000,1,0,0.025000000000000001,0.5
1227.0000,  1.00000000,1,0,0.0,0.5
1227.0333,  1.00000000,1,0,0.0,0.5
1227.0667,  1.00000000,1,0,0.025000000000000001,0.5
1227.1000,  1.00000000,1,0,0.0,0.5
1227.1333,  1.00000000,1,0,0.025000000000000001,0.5
1227.1667,  1.00000000,1,0,0.0,0.5
1227.2000,  1.00000000,1,0,0.025000000000000001,0.5
1227.2333,  1.00000000,1,0,0.025000000000000001,0.5
1227.2667,  1.00000000,1,0,0.0,0.5
1227.3000,  1.00000000,1,0,0.0,0.5
1227.3333,  1.00000000,1,0,0.025000000000000001,0.5
1227.3667,  1.00000000,1,0,0.025000000000000001,0.5
1227.4000,  1.00000000,1,0,0.0,0.5
1227.4333,  1.00000000,1,0,0.025000000000000001,0.5
1227.4667,  1.00000000,1,0,0.0,0.5
1227.5000,  1.00000000,1,0,0.025000000000000001,0.5
1227.5333,  1.00000000,1,0,0.0,0.5
1227.5667,  1.00000000,1,0,0.0,0.5
1227.6000,  1.00000000,1,0,0.0,0.5
1227.6333,  1.00000000,1,0,0.0,0.5
1227.6667,  1.00000000,1,0,0.050000000000000003,0.5
1227.7000,  1.00000000,1,0,0.0,0.5
1227.7333,  1.00000000,1,0,0.0,0.5
1227.7667,  1.00000000,1,0,0.0,0.5
1227.8000,  1.00000000,1,0,0.025000000000000001,0.5
1227.8333,  1.00000000,1,0,0.025000000000000001,0.5
1227.8667,  1.00000000,1,0,0.0,0.5
1227.9000,  1.00000000,1,0,0.025000000000000001,0.5
1227.9333,  1.00000000,1,0,0.0,0.5
1227.9667,  1.00000000,1,0,0.0,0.5
1228.0000,  1.00000000,1,0,0.0,0.5
1228.0333,  1.00000000,1,0,0.025000000000000001,0.5
1228.0667,  1.00000000,1,0,0.025000000000000001,0.5
1228.1000,  1.00000000,1,0,0.050000000000000003,0.5
1228.1333,  1.00000000,1,0,0.0,0.5
1228.1667,  1.00000000,1,0,0.025000000000000001,0.5
1228.2000,  1.00000000,1,0,0.0,0.5
1228.2333,  1.00000000,1,0,0.0,0.5
1228.2667,  1.00000000,1,0,0.0,0.5
1228.3000,  1.00000000,1,0,0.0,0.5
1228.3333,  1.00000000,1,0,0.0,0.5
1228.3667,  1.00000000,1,0,0.0,0.5
1228.4000,  1.00000000,1,0,0.0,0.5
1228.4333,  1.00000000,1,0,0.025000000000000001,0.5
1228.4667,  1.00000000,1,0,0.0,0.5
1228.5000,  1.00000000,1,0,0.0,0.5
1228.5333,  1.00000000,1,0,0.0,0.5
1228.5667,  1.00000000,1,0,0.0,0.5
1228.6000,  1.00000000,1,0,0.0,0.5
1228.6333,  1.00000000,1,0,0.025000000000000001,0.5
1228.6667,  1.00000000,1,0,0.0,0.5
1228.7000,  1.00000000,1,0,0.0,0.5
1228.7333,  1.00000000,1,0,0.025000000000000001,0.5
1228.7667,  1.00000000,1,0,0.0,0.5
1228.8000,  1.00000000,1,0,0.0,0.5
1228.8333,  1.00000000,1,0,0.0,0.5
1228.8667,  1.00000000,1,0,0.0,0.5
1228.9000,  1.00000000,1,0,0.0,0.5
1228.9333,  1.00000000,1,0,0.025000000000000001,0.5
1228.9667,  1.00000000,1,0,0.025000000000000001,0.5
1229.0000,  1.00000000,1,0,0.0,0.5
1229.0333,  1.00000000,1,0,0.0,0.5
1229.0667,  1.00000000,1,0,0.0,0.5
1229.1000,  1.00000000,1,0,0.025000000000000001,0.5
1229.1333,  1.00000000,1,0,0.025000000000000001,0.5
1229.1667,  1.00000000,1,0,0.0,0.5
1229.2000,  1.00000000,1,0,0.0,0.5
1229.2333,  1.00000000,1,0,0.0,0.5
1229.2667,  1.00000000,1,0,0.025000000000000001,0.5
1229.3000,  1.00000000,1,0,0.050000000000000003,0.5
1229.3333,  1.00000000,1,0,0.0,0.5
1229.3667,  1.00000000,1,0,0.025000000000000001,0.5
1229.4000,  1.00000000,1,0,0.0,0.5
1229.4333,  1.00000000,1,0,0.0,0.5
1229.4667,  1.00000000,1,0,0.0,0.5
1229.5000,  1.00000000,1,0,0.025000000000000001,0.5
1229.5333,  1.00000000,1,0,0.0,0.5
1229.5667,  1.00000000,1,0,0.0,0.5
1229.6000,  1.00000000,1,0,0.0,0.5
1229.6333,  1.00000000,1,0,0.0,0.5
1229.6667,  1.00000000,1,0,0.0,0.5
1229.7000,  1.00000000,1,0,0.0,0.5
1229.7333,  1.00000000,1,0,0.0,0.5
1229.7667,  1.00000000,1,0,0.025000000000000001,0.5
1229.8000,  1.00000000,1,0,0.025000000000000001,0.5
1229.8333,  1.00000000,1,0,0.0,0.5
1229.8667,  1.00000000,1,0,0.0,0.5
1229.9000,  1.00000000,1,0,0.025000000000000001,0.5
1229.9333,  1.00000000,1,0,0.0,0.5
1229.9667,  1.00000000,1,0,0.025000000000000001,0.5
1230.0000,  1.00000000,1,0,0.025000000000000001,0.5
1230.0333,  1.00000000,1,0,0.0,0.5
1230.0667,  1.00000000,1,0,0.0,0.5
1230.1000,  1.00000000,1,0,0.025000000000000001,0.5
1230.1333,  1.00000000,1,0,0.0,0.5
1230.1667,  1.00000000,1,0,0.0,0.5
1230.2000,  1.00000000,1,0,0.025000000000000001,0.5
1230.2333,  1.00000000,1,0,0.050000000000000003,0.5
1230.2667,  1.00000000,1,0,0.0,0.5
1230.3000,  1.00000000,1,0,0.0,0.5
1230.3333,  1.00000000,1,0,0.025000000000000001,0.5
1230.3667,  1.00000000,1,0,0.025000000000000001,0.5
1230.4000,  1.00000000,1,0,0.025000000000000001,0.5
1230.4333,  1.00000000,1,0,0.025000000000000001,0.5
1230.4667,  1.00000000,1,0,0.025000000000000001,0.5
1230.5000,  1.00000000,1,0,0.025000000000000001,0.5
1230.5333,  1.00000000,1,0,0.0,0.5
1230.5667,  1.00000000,1,0,0.0,0.5
1230.6000,  1.00000000,1,0,0.0,0.5
1230.6333,  1.00000000,1,0,0.050000000000000003,0.5
1230.6667,  1.00000000,1,0,0.0,0.5
1230.7000,  1.00000000,1,0,0.0,0.5
1230.7333,  1.00000000,1,0,0.0,0.5
1230.7667,  1.00000000,1,0,0.0,0.5
1230.8000,  1.00000000,1,0,0.025000000000000001,0.5
1230.8333,  1.00000000,1,0,0.025000000000000001,0.5
1230.8667,  1.00000000,1,0,0.0,0.5
1230.9000,  1.00000000,1,0,0.0,0.5
1230.9333,  1.00000000,1,0,0.0,0.5
1230.9667,  1.00000000,1,0,0.025000000000000001,0.5
1231.0000,  1.00000000,1,0,0.0,0.5
1231.0333,  1.00000000,1,0,0.0,0.5
1231.0667,  1.00000000,1,0,0.025000000000000001,0.5
1231.1000,  1.00000000,1,0,0.025000000000000001,0.5
1231.1333,  1.00000000,1,0,0.0,0.5
1231.1667,  1.00000000,1,0,0.025000000000000001,0.5
1231.2000,  1.00000000,1,0,0.050000000000000003,0.5
1231.2333,  1.00000000,1,0,0.0,0.5
1231.2667,  1.00000000,1,0,0.0,0.5
1231.3000,  1.00000000,1,0,0.0,0.5
1231.3333,  1.00000000,1,0,0.025000000000000001,0.5
1231.3667,  1.00000000,1,0,0.0,0.5
1231.4000,  1.00000000,1,0,0.0,0.5
1231.4333,  1.00000000,1,0,0.0,0.5
1231.4667,  1.00000000,1,0,0.0,0.5
1231.5000,  1.00000000,1,0,0.025000000000000001,0.5
1231.5333,  1.00000000,1,0,0.0,0.5
1231.5667,  1.00000000,1,0,0.0,0.5
1231.6000,  1.00000000,1,0,0.0,0.5
1231.6333,  1.00000000,1,0,0.025000000000000001,0.5
1231.6667,  1.00000000,1,0,0.0,0.5
1231.7000,  1.00000000,1,0,0.050000000000000003,0.5
1231.7333,  1.00000000,1,0,0.025000000000000001,0.5
1231.7667,  1.00000000,1,0,0.0,0.5
1231.8000,  1.00000000,1,0,0.0,0.5
1231.8333,  1.00000000,1,0,0.0,0.5
1231.8667,  1.00000000,1,0,0.0,0.5
1231.9000,  1.00000000,1,0,0.0,0.5
1231.9333,  1.00000000,1,0,0.0,0.5
1231.9667,  1.00000000,1,0,0.025000000000000001,0.5
1232.0000,  1.00000000,1,0,0.025000000000000001,0.5
1232.0333,  1.00000000,1,0,0.0,0.5
1232.0667,  1.00000000,1,0,0.025000000000000001,0.5
1232.1000,  1.00000000,1,0,0.025000000000000001,0.5
1232.1333,  1.00000000,1,0,0.0,0.5
1232.1667,  1.00000000,1,0,0.025000000000000001,0.5
1232.2000,  1.00000000,1,0,0.050000000000000003,0.5
1232.2333,  1.00000000,1,0,0.0,0.5
1232.2667,  1.00000000,1,0,0.0,0.5
1232.3000,  1.00000000,1,0,0.025000000000000001,0.5
1232.3333,  1.00000000,1,0,0.0,0.5
1232.3667,  1.00000000,1,0,0.0,0.5
1232.4000,  1.00000000,1,0,0.0,0.5
1232.4333,  1.00000000,1,0,0.0,0.5
1232.4667,  1.00000000,1,0,0.025000000000000001,0.5
1232.5000,  1.00000000,1,0,0.025000000000000001,0.5
1232.5333,  1.00000000,1,0,0.025000000000000001,0.5
1232.5667,  1.00000000,1,0,0.025000000000000001,0.5
1232.6000,  1.00000000,1,0,0.025000000000000001,0.5
1232.6333,  1.00000000,1,0,0.0,0.5
1232.6667,  1.00000000,1,0,0.025000000000000001,0.5
1232.7000,  1.00000000,1,0,0.0,0.5
1232.7333,  1.00000000,1,0,0.0,0.5
1232.7667,  1.00000000,1,0,0.0,0.5
1232.8000,  1.00000000,1,0,0.050000000000000003,0.5
1232.8333,  1.00000000,1,0,0.050000000000000003,0.5
1232.8667,  1.00000000,1,0,0.050000000000000003,0.5
1232.9000,  1.00000000,1,0,0.0,0.5
1232.9333,  1.00000000,1,0,0.025000000000000001,0.5
1232.9667,  1.00000000,1,0,0.0,0.5
1233.0000,  1.00000000,1,0,0.025000000000000001,0.5
1233.0333,  1.00000000,1,0,0.0,0.5
1233.0667,  1.00000000,1,0,0.0,0.5
1233.1000,  1.00000000,1,0,0.050000000000000003,0.5
1233.1333,  1.00000000,1,0,0.025000000000000001,0.5
1233.1667,  1.00000000,1,0,0.0,0.5
1233.2000,  1.00000000,1,0,0.0,0.5
1233.2333,  1.00000000,1,0,0.0,0.5
1233.2667,  1.00000000,1,0,0.0,0.5
1233.3000,  1.00000000,1,0,0.0,0.5
1233.3333,  1.00000000,1,0,0.0,0.5
1233.3667,  1.00000000,1,0,0.0,0.5
1233.4000,  1.00000000,1,0,0.0,0.5
1233.4333,  1.00000000,1,0,0.0,0.5
1233.4667,  1.00000000,1,0,0.025000000000000001,0.5
1233.5000,  1.00000000,1,0,0.025000000000000001,0.5
1233.5333,  1.00000000,1,0,0.0,0.5
1233.5667,  1.00000000,1,0,0.025000000000000001,0.5
1233.6000,  1.00000000,1,0,0.0,0.5
1233.6333,  1.00000000,1,0,0.025000000000000001,0.5
1233.6667,  1.00000000,1,0,0.025000000000000001,0.5
1233.7000,  1.00000000,1,0,0.0,0.5
1233.7333,  1.00000000,1,0,0.0,0.5
1233.7667,  1.00000000,1,0,0.0,0.5
1233.8000,  1.00000000,1,0,0.025000000000000001,0.5
1233.8333,  1.00000000,1,0,0.0,0.5
1233.8667,  1.00000000,1,0,0.0,0.5
1233.9000,  1.00000000,1,0,0.0,0.5
1233.9333,  1.00000000,1,0,0.0,0.5
1233.9667,  1.00000000,1,0,0.0,0.5
1234.0000,  1.00000000,1,0,0.025000000000000001,0.5
1234.0333,  1.00000000,1,0,0.050000000000000003,0.5
1234.0667,  1.00000000,1,0,0.025000000000000001,0.5
1234.1000,  1.00000000,1,0,0.050000000000000003,0.5
1234.1333,  1.00000000,1,0,0.050000000000000003,0.5
1234.1667,  1.00000000,1,0,0.025000000000000001,0.5
1234.2000,  1.00000000,1,0,0.025000000000000001,0.5
1234.2333,  1.00000000,1,0,0.0,0.5
1234.2667,  1.00000000,1,0,0.025000000000000001,0.5
1234.3000,  1.00000000,1,0,0.025000000000000001,0.5
1234.3333,  1.00000000,1,0,0.025000000000000001,0.5
1234.3667,  1.00000000,1,0,0.0,0.5
1234.4000,  1.00000000,1,0,0.0,0.5
1234.4333,  1.00000000,1,0,0.0,0.5
1234.4667,  1.00000000,1,0,0.0,0.5
1234.5000,  1.00000000,1,0,0.0,0.5
1234.5333,  1.00000000,1,0,0.0,0.5
1234.5667,  1.00000000,1,0,0.025000000000000001,0.5
1234.6000,  1.00000000,1,0,0.025000000000000001,0.5
1234.6333,  1.00000000,1,0,0.0,0.5
1234.6667,  1.00000000,1,0,0.025000000000000001,0.5
1234.7000,  1.00000000,1,0,0.0,0.5
1234.7333,  1.00000000,1,0,0.0,0.5
1234.7667,  1.00000000,1,0,0.025000000000000001,0.5
1234.8000,  1.00000000,1,0,0.025000000000000001,0.5
1234.8333,  1.00000000,1,0,0.025000000000000001,0.5
1234.8667,  1.00000000,1,0,0.025000000000000001,0.5
1234.9000,  1.00000000,1,0,0.0,0.5
1234.9333,  1.00000000,1,0,0.025000000000000001,0.5
1234.9667,  1.00000000,1,0,0.025000000000000001,0.5
1235.0000,  1.00000000,1,0,0.0,0.5
1235.0333,  1.00000000,1,0,0.025000000000000001,0.5
1235.0667,  1.00000000,1,0,0.0,0.5
1235.1000,  1.00000000,1,0,0.0,0.5
1235.1333,  1.00000000,1,0,0.0,0.5
1235.1667,  1.00000000,1,0,0.025000000000000001,0.5
1235.2000,  1.00000000,1,0,0.0,0.5
1235.2333,  1.00000000,1,0,0.0,0.5
1235.2667,  1.00000000,1,0,0.0,0.5
1235.3000,  1.00000000,1,0,0.025000000000000001,0.5
1235.3333,  1.00000000,1,0,0.025000000000000001,0.5
1235.3667,  1.00000000,1,0,0.025000000000000001,0.5
1235.4000,  1.00000000,1,0,0.0,0.5
1235.4333,  1.00000000,1,0,0.0,0.5
1235.4667,  1.00000000,1,0,0.0,0.5
1235.5000,  1.00000000,1,0,0.025000000000000001,0.5
1235.5333,  1.00000000,1,0,0.025000000000000001,0.5
1235.5667,  1.00000000,1,0,0.025000000000000001,0.5
1235.6000,  1.00000000,1,0,0.025000000000000001,0.5
1235.6333,  1.00000000,1,0,0.025000000000000001,0.5
1235.6667,  1.00000000,1,0,0.0,0.5
1235.7000,  1.00000000,1,0,0.025000000000000001,0.5
1235.7333,  1.00000000,1,0,0.025000000000000001,0.5
1235.7667,  1.00000000,1,0,0.0,0.5
1235.8000,  1.00000000,1,0,0.025000000000000001,0.5
1235.8333,  1.00000000,1,0,0.0,0.5
1235.8667,  1.00000000,1,0,0.025000000000000001,0.5
1235.9000,  1.00000000,1,0,0.050000000000000003,0.5
1235.9333,  1.00000000,1,0,0.050000000000000003,0.5
1235.9667,  1.00000000,1,0,0.0,0.5
1236.0000,  1.00000000,1,0,0.025000000000000001,0.5
1236.0333,  1.00000000,1,0,0.0,0.5
1236.0667,  1.00000000,1,0,0.025000000000000001,0.5
1236.1000,  1.00000000,1,0,0.0,0.5
1236.1333,  1.00000000,1,0,0.0,0.5
1236.1667,  1.00000000,1,0,0.0,0.5
1236.2000,  1.00000000,1,0,0.0,0.5
1236.2333,  1.00000000,1,0,0.050000000000000003,0.5
1236.2667,  1.00000000,1,0,0.0,0.5
1236.3000,  1.00000000,1,0,0.025000000000000001,0.5
1236.3333,  1.00000000,1,0,0.025000000000000001,0.5
1236.3667,  1.00000000,1,0,0.025000000000000001,0.5
1236.4000,  1.00000000,1,0,0.0,0.5
1236.4333,  1.00000000,1,0,0.0,0.5
1236.4667,  1.00000000,1,0,0.0,0.5
1236.5000,  1.00000000,1,0,0.025000000000000001,0.5
1236.5333,  1.00000000,1,0,0.0,0.5
1236.5667,  1.00000000,1,0,0.0,0.5
1236.6000,  1.00000000,1,0,0.0,0.5
1236.6333,  1.00000000,1,0,0.0,0.5
1236.6667,  1.00000000,1,0,0.0,0.5
1236.7000,  1.00000000,1,0,0.0,0.5
1236.7333,  1.00000000,1,0,0.0,0.5
1236.7667,  1.00000000,1,0,0.050000000000000003,0.5
1236.8000,  1.00000000,1,0,0.025000000000000001,0.5
1236.8333,  1.00000000,1,0,0.0,0.5
1236.8667,  1.00000000,1,0,0.0,0.5
1236.9000,  1.00000000,1,0,0.0,0.5
1236.9333,  1.00000000,1,0,0.0,0.5
1236.9667,  1.00000000,1,0,0.025000000000000001,0.5
1237.0000,  1.00000000,1,0,0.0,0.5
1237.0333,  1.00000000,1,0,0.025000000000000001,0.5
1237.0667,  1.00000000,1,0,0.025000000000000001,0.5
1237.1000,  1.00000000,1,0,0.025000000000000001,0.5
1237.1333,  1.00000000,1,0,0.0,0.5
1237.1667,  1.00000000,1,0,0.025000000000000001,0.5
1237.2000,  1.00000000,1,0,0.074999999999999997,0.5
1237.2333,  1.00000000,1,0,0.0,0.5
1237.2667,  1.00000000,1,0,0.0,0.5
1237.3000,  1.00000000,1,0,0.0,0.5
1237.3333,  1.00000000,1,0,0.050000000000000003,0.5
1237.3667,  1.00000000,1,0,0.0,0.5
1237.4000,  1.00000000,1,0,0.0,0.5
1237.4333,  1.00000000,1,0,0.0,0.5
1237.4667,  1.00000000,1,0,0.0,0.5
1237.5000,  1.00000000,1,0,0.025000000000000001,0.5
1237.5333,  1.00000000,1,0,0.0,0.5
1237.5667,  1.00000000,1,0,0.025000000000000001,0.5
1237.6000,  1.00000000,1,0,0.0,0.5
1237.6333,  1.00000000,1,0,0.025000000000000001,0.5
1237.6667,  1.00000000,1,0,0.025000000000000001,0.5
1237.7000,  1.00000000,1,0,0.0,0.5
1237.7333,  1.00000000,1,0,0.025000000000000001,0.5
1237.7667,  1.00000000,1,0,0.0,0.5
1237.8000,  1.00000000,1,0,0.025000000000000001,0.5
1237.8333,  1.00000000,1,0,0.0,0.5
1237.8667,  1.00000000,1,0,0.050000000000000003,0.5
1237.9000,  1.00000000,1,0,0.0,0.5
1237.9333,  1.00000000,1,0,0.0,0.5
1237.9667,  1.00000000,1,0,0.0,0.5
1238.0000,  1.00000000,1,0,0.0,0.5
1238.0333,  1.00000000,1,0,0.025000000000000001,0.5
1238.0667,  1.00000000,1,0,0.025000000000000001,0.5
1238.1000,  1.00000000,1,0,0.0,0.5
1238.1333,  1.00000000,1,0,0.025000000000000001,0.5
1238.1667,  1.00000000,1,0,0.025000000000000001,0.5
1238.2000,  1.00000000,1,0,0.025000000000000001,0.5
1238.2333,  1.00000000,1,0,0.025000000000000001,0.5
1238.2667,  1.00000000,1,0,0.0,0.5
1238.3000,  1.00000000,1,0,0.0,0.5
1238.3333,  1.00000000,1,0,0.0,0.5
1238.3667,  1.00000000,1,0,0.0,0.5
1238.4000,  1.00000000,1,0,0.0,0.5
1238.4333,  1.00000000,1,0,0.025000000000000001,0.5
1238.4667,  1.00000000,1,0,0.0,0.5
1238.5000,  1.00000000,1,0,0.025000000000000001,0.5
1238.5333,  1.00000000,1,0,0.0,0.5
1238.5667,  1.00000000,1,0,0.0,0.5
1238.6000,  1.00000000,1,0,0.0,0.5
1238.6333,  1.00000000,1,0,0.025000000000000001,0.5
1238.6667,  1.00000000,1,0,0.0,0.5
1238.7000,  1.00000000,1,0,0.025000000000000001,0.5
1238.7333,  1.00000000,1,0,0.0,0.5
1238.7667,  1.00000000,1,0,0.0,0.5
1238.8000,  1.00000000,1,0,0.025000000000000001,0.5
1238.8333,  1.00000000,1,0,0.025000000000000001,0.5
1238.8667,  1.00000000,1,0,0.074999999999999997,0.5
1238.9000,  1.00000000,1,0,0.025000000000000001,0.5
1238.9333,  1.00000000,1,0,0.050000000000000003,0.5
1238.9667,  1.00000000,1,0,0.025000000000000001,0.5
1239.0000,  1.00000000,1,0,0.0,0.5
1239.0333,  1.00000000,1,0,0.0,0.5
1239.0667,  1.00000000,1,0,0.025000000000000001,0.5
1239.1000,  1.00000000,1,0,0.0,0.5
1239.1333,  1.00000000,1,0,0.025000000000000001,0.5
1239.1667,  1.00000000,1,0,0.0,0.5
1239.2000,  1.00000000,1,0,0.0,0.5
1239.2333,  1.00000000,1,0,0.025000000000000001,0.5
1239.2667,  1.00000000,1,0,0.025000000000000001,0.5
1239.3000,  1.00000000,1,0,0.025000000000000001,0.5
1239.3333,  1.00000000,1,0,0.025000000000000001,0.5
1239.3667,  1.00000000,1,0,0.025000000000000001,0.5
1239.4000,  1.00000000,1,0,0.025000000000000001,0.5
1239.4333,  1.00000000,1,0,0.0,0.5
1239.4667,  1.00000000,1,0,0.025000000000000001,0.5
1239.5000,  1.00000000,1,0,0.0,0.5
1239.5333,  1.00000000,1,0,0.0,0.5
1239.5667,  1.00000000,1,0,0.0,0.5
1239.6000,  1.00000000,1,0,0.0,0.5
1239.6333,  1.00000000,1,0,0.0,0.5
1239.6667,  1.00000000,1,0,0.0,0.5
1239.7000,  1.00000000,1,0,0.025000000000000001,0.5
1239.7333,  1.00000000,1,0,0.0,0.5
1239.7667,  1.00000000,1,0,0.025000000000000001,0.5
1239.8000,  1.00000000,1,0,0.0,0.5
1239.8333,  1.00000000,1,0,0.0,0.5
1239.8667,  1.00000000,1,0,0.0,0.5
1239.9000,  1.00000000,1,0,0.0,0.5
1239.9333,  1.00000000,1,0,0.0,0.5
1239.9667,  1.00000000,1,0,0.0,0.5
1240.0000,  1.00000000,1,0,0.0,0.5
1240.0333,  1.00000000,1,0,0.0,0.5
1240.0667,  1.00000000,1,0,0.025000000000000001,0.5
1240.1000,  1.00000000,1,0,0.0,0.5
1240.1333,  1.00000000,1,0,0.0,0.5
1240.1667,  1.00000000,1,0,0.025000000000000001,0.5
1240.2000,  1.00000000,1,0,0.025000000000000001,0.5
1240.2333,  1.00000000,1,0,0.0,0.5
1240.2667,  1.00000000,1,0,0.0,0.5
1240.3000,  1.00000000,1,0,0.0,0.5
1240.3333,  1.00000000,1,0,0.0,0.5
1240.3667,  1.00000000,1,0,0.025000000000000001,0.5
1240.4000,  1.00000000,1,0,0.025000000000000001,0.5
1240.4333,  1.00000000,1,0,0.0,0.5
1240.4667,  1.00000000,1,0,0.0,0.5
1240.5000,  1.00000000,1,0,0.025000000000000001,0.5
1240.5333,  1.00000000,1,0,0.050000000000000003,0.5
1240.5667,  1.00000000,1,0,0.025000000000000001,0.5
1240.6000,  1.00000000,1,0,0.0,0.5
1240.6333,  1.00000000,1,0,0.0,0.5
1240.6667,  1.00000000,1,0,0.0,0.5
1240.7000,  1.00000000,1,0,0.025000000000000001,0.5
1240.7333,  1.00000000,1,0,0.025000000000000001,0.5
1240.7667,  1.00000000,1,0,0.025000000000000001,0.5
1240.8000,  1.00000000,1,0,0.0,0.5
1240.8333,  1.00000000,1,0,0.025000000000000001,0.5
1240.8667,  1.00000000,1,0,0.050000000000000003,0.5
1240.9000,  1.00000000,1,0,0.0,0.5
1240.9333,  1.00000000,1,0,0.025000000000000001,0.5
1240.9667,  1.00000000,1,0,0.025000000000000001,0.5
1241.0000,  1.00000000,1,0,0.050000000000000003,0.5
1241.0333,  1.00000000,1,0,0.0,0.5
1241.0667,  1.00000000,1,0,0.0,0.5
1241.1000,  1.00000000,1,0,0.0,0.5
1241.1333,  1.00000000,1,0,0.025000000000000001,0.5
1241.1667,  1.00000000,1,0,0.025000000000000001,0.5
1241.2000,  1.00000000,1,0,0.0,0.5
1241.2333,  1.00000000,1,0,0.025000000000000001,0.5
1241.2667,  1.00000000,1,0,0.050000000000000003,0.5
1241.3000,  1.00000000,1,0,0.0,0.5
1241.3333,  1.00000000,1,0,0.025000000000000001,0.5
1241.3667,  1.00000000,1,0,0.0,0.5
1241.4000,  1.00000000,1,0,0.0,0.5
1241.4333,  1.00000000,1,0,0.0,0.5
1241.4667,  1.00000000,1,0,0.0,0.5
1241.5000,  1.00000000,1,0,0.0,0.5
1241.5333,  1.00000000,1,0,0.0,0.5
1241.5667,  1.00000000,1,0,0.0,0.5
1241.6000,  1.00000000,1,0,0.0,0.5
1241.6333,  1.00000000,1,0,0.0,0.5
1241.6667,  1.00000000,1,0,0.025000000000000001,0.5
1241.7000,  1.00000000,1,0,0.0,0.5
1241.7333,  1.00000000,1,0,0.0,0.5
1241.7667,  1.00000000,1,0,0.025000000000000001,0.5
1241.8000,  1.00000000,1,0,0.0,0.5
1241.8333,  1.00000000,1,0,0.0,0.5
1241.8667,  1.00000000,1,0,0.0,0.5
1241.9000,  1.00000000,1,0,0.0,0.5
1241.9333,  1.00000000,1,0,0.025000000000000001,0.5
1241.9667,  1.00000000,1,0,0.025000000000000001,0.5
1242.0000,  1.00000000,1,0,0.0,0.5
1242.0333,  1.00000000,1,0,0.0,0.5
1242.0667,  1.00000000,1,0,0.025000000000000001,0.5
1242.1000,  1.00000000,1,0,0.0,0.5
1242.1333,  1.00000000,1,0,0.0,0.5
1242.1667,  1.00000000,1,0,0.025000000000000001,0.5
1242.2000,  1.00000000,1,0,0.025000000000000001,0.5
1242.2333,  1.00000000,1,0,0.025000000000000001,0.5
1242.2667,  1.00000000,1,0,0.025000000000000001,0.5
1242.3000,  1.00000000,1,0,0.0,0.5
1242.3333,  1.00000000,1,0,0.0,0.5
1242.3667,  1.00000000,1,0,0.0,0.5
1242.4000,  1.00000000,1,0,0.0,0.5
1242.4333,  1.00000000,1,0,0.050000000000000003,0.5
1242.4667,  1.00000000,1,0,0.025000000000000001,0.5
1242.5000,  1.00000000,1,0,0.025000000000000001,0.5
1242.5333,  1.00000000,1,0,0.0,0.5
1242.5667,  1.00000000,1,0,0.0,0.5
1242.6000,  1.00000000,1,0,0.0,0.5
1242.6333,  1.00000000,1,0,0.025000000000000001,0.5
1242.6667,  1.00000000,1,0,0.0,0.5
1242.7000,  1.00000000,1,0,0.0,0.5
1242.7333,  1.00000000,1,0,0.0,0.5
1242.7667,  1.00000000,1,0,0.0,0.5
1242.8000,  1.00000000,1,0,0.025000000000000001,0.5
1242.8333,  1.00000000,1,0,0.0,0.5
1242.8667,  1.00000000,1,0,0.025000000000000001,0.5
1242.9000,  1.00000000,1,0,0.0,0.5
1242.9333,  1.00000000,1,0,0.0,0.5
1242.9667,  1.00000000,1,0,0.025000000000000001,0.5
1243.0000,  1.00000000,1,0,0.0,0.5
1243.0333,  1.00000000,1,0,0.025000000000000001,0.5
1243.0667,  1.00000000,1,0,0.025000000000000001,0.5
1243.1000,  1.00000000,1,0,0.0,0.5
1243.1333,  1.00000000,1,0,0.025000000000000001,0.5
1243.1667,  1.00000000,1,0,0.025000000000000001,0.5
1243.2000,  1.00000000,1,0,0.0,0.5
1243.2333,  1.00000000,1,0,0.0,0.5
1243.2667,  1.00000000,1,0,0.0,0.5
1243.3000,  1.00000000,1,0,0.0,0.5
1243.3333,  1.00000000,1,0,0.0,0.5
1243.3667,  1.00000000,1,0,0.0,0.5
1243.4000,  1.00000000,1,0,0.050000000000000003,0.5
1243.4333,  1.00000000,1,0,0.025000000000000001,0.5
1243.4667,  1.00000000,1,0,0.0,0.5
1243.5000,  1.00000000,1,0,0.0,0.5
1243.5333,  1.00000000,1,0,0.0,0.5
1243.5667,  1.00000000,1,0,0.0,0.5
1243.6000,  1.00000000,1,0,0.025000000000000001,0.5
1243.6333,  1.00000000,1,0,0.025000000000000001,0.5
1243.6667,  1.00000000,1,0,0.0,0.5
1243.7000,  1.00000000,1,0,0.025000000000000001,0.5
1243.7333,  1.00000000,1,0,0.025000000000000001,0.5
1243.7667,  1.00000000,1,0,0.0,0.5
1243.8000,  1.00000000,1,0,0.0,0.5
1243.8333,  1.00000000,1,0,0.0,0.5
1243.8667,  1.00000000,1,0,0.0,0.5
1243.9000,  1.00000000,1,0,0.025000000000000001,0.5
1243.9333,  1.00000000,1,0,0.0,0.5
1243.9667,  1.00000000,1,0,0.0,0.5
1244.0000,  1.00000000,1,0,0.025000000000000001,0.5
1244.0333,  1.00000000,1,0,0.0,0.5
1244.0667,  1.00000000,1,0,0.0,0.5
1244.1000,  1.00000000,1,0,0.0,0.5
1244.1333,  1.00000000,1,0,0.025000000000000001,0.5
1244.1667,  1.00000000,1,0,0.0,0.5
1244.2000,  1.00000000,1,0,0.050000000000000003,0.5
1244.2333,  1.00000000,1,0,0.0,0.5
1244.2667,  1.00000000,1,0,0.0,0.5
1244.3000,  1.00000000,1,0,0.0,0.5
1244.3333,  1.00000000,1,0,0.025000000000000001,0.5
1244.3667,  1.00000000,1,0,0.0,0.5
1244.4000,  1.00000000,1,0,0.0,0.5
1244.4333,  1.00000000,1,0,0.050000000000000003,0.5
1244.4667,  1.00000000,1,0,0.0,0.5
1244.5000,  1.00000000,1,0,0.0,0.5
1244.5333,  1.00000000,1,0,0.025000000000000001,0.5
1244.5667,  1.00000000,1,0,0.0,0.5
1244.6000,  1.00000000,1,0,0.0,0.5
1244.6333,  1.00000000,1,0,0.025000000000000001,0.5
1244.6667,  1.00000000,1,0,0.0,0.5
1244.7000,  1.00000000,1,0,0.050000000000000003,0.5
1244.7333,  1.00000000,1,0,0.025000000000000001,0.5
1244.7667,  1.00000000,1,0,0.050000000000000003,0.5
1244.8000,  1.00000000,1,0,0.025000000000000001,0.5
1244.8333,  1.00000000,1,0,0.025000000000000001,0.5
1244.8667,  1.00000000,1,0,0.0,0.5
1244.9000,  1.00000000,1,0,0.0,0.5
1244.9333,  1.00000000,1,0,0.0,0.5
1244.9667,  1.00000000,1,0,0.025000000000000001,0.5
1245.0000,  1.00000000,1,0,0.0,0.5
1245.0333,  1.00000000,1,0,0.0,0.5
1245.0667,  1.00000000,1,0,0.0,0.5
1245.1000,  1.00000000,1,0,0.0,0.5
1245.1333,  1.00000000,1,0,0.0,0.5
1245.1667,  1.00000000,1,0,0.025000000000000001,0.5
1245.2000,  1.00000000,1,0,0.0,0.5
1245.2333,  1.00000000,1,0,0.0,0.5
1245.2667,  1.00000000,1,0,0.025000000000000001,0.5
1245.3000,  1.00000000,1,0,0.025000000000000001,0.5
1245.3333,  1.00000000,1,0,0.0,0.5
1245.3667,  1.00000000,1,0,0.050000000000000003,0.5
1245.4000,  1.00000000,1,0,0.0,0.5
1245.4333,  1.00000000,1,0,0.025000000000000001,0.5
1245.4667,  1.00000000,1,0,0.025000000000000001,0.5
1245.5000,  1.00000000,1,0,0.025000000000000001,0.5
1245.5333,  1.00000000,1,0,0.0,0.5
1245.5667,  1.00000000,1,0,0.0,0.5
1245.6000,  1.00000000,1,0,0.025000000000000001,0.5
1245.6333,  1.00000000,1,0,0.0,0.5
1245.6667,  1.00000000,1,0,0.025000000000000001,0.5
1245.7000,  1.00000000,1,0,0.074999999999999997,0.5
1245.7333,  1.00000000,1,0,0.025000000000000001,0.5
1245.7667,  1.00000000,1,0,0.025000000000000001,0.5
1245.8000,  1.00000000,1,0,0.025000000000000001,0.5
1245.8333,  1.00000000,1,0,0.0,0.5
1245.8667,  1.00000000,1,0,0.0,0.5
1245.9000,  1.00000000,1,0,0.025000000000000001,0.5
1245.9333,  1.00000000,1,0,0.0,0.5
1245.9667,  1.00000000,1,0,0.0,0.5
1246.0000,  1.00000000,1,0,0.0,0.5
1246.0333,  1.00000000,1,0,0.0,0.5
1246.0667,  1.00000000,1,0,0.025000000000000001,0.5
1246.1000,  1.00000000,1,0,0.025000000000000001,0.5
1246.1333,  1.00000000,1,0,0.0,0.5
1246.1667,  1.00000000,1,0,0.0,0.5
1246.2000,  1.00000000,1,0,0.050000000000000003,0.5
1246.2333,  1.00000000,1,0,0.025000000000000001,0.5
1246.2667,  1.00000000,1,0,0.050000000000000003,0.5
1246.3000,  1.00000000,1,0,0.025000000000000001,0.5
1246.3333,  1.00000000,1,0,0.0,0.5
1246.3667,  1.00000000,1,0,0.0,0.5
1246.4000,  1.00000000,1,0,0.0,0.5
1246.4333,  1.00000000,1,0,0.050000000000000003,0.5
1246.4667,  1.00000000,1,0,0.0,0.5
1246.5000,  1.00000000,1,0,0.050000000000000003,0.5
1246.5333,  1.00000000,1,0,0.0,0.5
1246.5667,  1.00000000,1,0,0.0,0.5
1246.6000,  1.00000000,1,0,0.025000000000000001,0.5
1246.6333,  1.00000000,1,0,0.025000000000000001,0.5
1246.6667,  1.00000000,1,0,0.0,0.5
1246.7000,  1.00000000,1,0,0.0,0.5
1246.7333,  1.00000000,1,0,0.0,0.5
1246.7667,  1.00000000,1,0,0.0,0.5
1246.8000,  1.00000000,1,0,0.025000000000000001,0.5
1246.8333,  1.00000000,1,0,0.0,0.5
1246.8667,  1.00000000,1,0,0.025000000000000001,0.5
1246.9000,  1.00000000,1,0,0.0,0.5
1246.9333,  1.00000000,1,0,0.0,0.5
1246.9667,  1.00000000,1,0,0.0,0.5
1247.0000,  1.00000000,1,0,0.025000000000000001,0.5
1247.0333,  1.00000000,1,0,0.025000000000000001,0.5
1247.0667,  1.00000000,1,0,0.0,0.5
1247.1000,  1.00000000,1,0,0.0,0.5
1247.1333,  1.00000000,1,0,0.025000000000000001,0.5
1247.1667,  1.00000000,1,0,0.0,0.5
1247.2000,  1.00000000,1,0,0.0,0.5
1247.2333,  1.00000000,1,0,0.0,0.5
1247.2667,  1.00000000,1,0,0.025000000000000001,0.5
1247.3000,  1.00000000,1,0,0.0,0.5
1247.3333,  1.00000000,1,0,0.0,0.5
1247.3667,  1.00000000,1,0,0.025000000000000001,0.5
1247.4000,  1.00000000,1,0,0.025000000000000001,0.5
1247.4333,  1.00000000,1,0,0.0,0.5
1247.4667,  1.00000000,1,0,0.0,0.5
1247.5000,  1.00000000,1,0,0.025000000000000001,0.5
1247.5333,  1.00000000,1,0,0.0,0.5
1247.5667,  1.00000000,1,0,0.0,0.5
1247.6000,  1.00000000,1,0,0.0,0.5
1247.6333,  1.00000000,1,0,0.025000000000000001,0.5
1247.6667,  1.00000000,1,0,0.0,0.5
1247.7000,  1.00000000,1,0,0.0,0.5
1247.7333,  1.00000000,1,0,0.025000000000000001,0.5
1247.7667,  1.00000000,1,0,0.0,0.5
1247.8000,  1.00000000,1,0,0.025000000000000001,0.5
1247.8333,  1.00000000,1,0,0.0,0.5
1247.8667,  1.00000000,1,0,0.025000000000000001,0.5
1247.9000,  1.00000000,1,0,0.025000000000000001,0.5
1247.9333,  1.00000000,1,0,0.0,0.5
1247.9667,  1.00000000,1,0,0.025000000000000001,0.5
1248.0000,  1.00000000,1,0,0.0,0.5
1248.0333,  1.00000000,1,0,0.0,0.5
1248.0667,  1.00000000,1,0,0.025000000000000001,0.5
1248.1000,  1.00000000,1,0,0.0,0.5
1248.1333,  1.00000000,1,0,0.0,0.5
1248.1667,  1.00000000,1,0,0.0,0.5
1248.2000,  1.00000000,1,0,0.0,0.5
1248.2333,  1.00000000,1,0,0.0,0.5
1248.2667,  1.00000000,1,0,0.025000000000000001,0.5
1248.3000,  1.00000000,1,0,0.025000000000000001,0.5
1248.3333,  1.00000000,1,0,0.050000000000000003,0.5
1248.3667,  1.00000000,1,0,0.0,0.5
1248.4000,  1.00000000,1,0,0.025000000000000001,0.5
1248.4333,  1.00000000,1,0,0.0,0.5
1248.4667,  1.00000000,1,0,0.0,0.5
1248.5000,  1.00000000,1,0,0.0,0.5
1248.5333,  1.00000000,1,0,0.0,0.5
1248.5667,  1.00000000,1,0,0.0,0.5
1248.6000,  1.00000000,1,0,0.0,0.5
1248.6333,  1.00000000,1,0,0.0,0.5
1248.6667,  1.00000000,1,0,0.025000000000000001,0.5
1248.7000,  1.00000000,1,0,0.025000000000000001,0.5
1248.7333,  1.00000000,1,0,0.025000000000000001,0.5
1248.7667,  1.00000000,1,0,0.074999999999999997,0.5
1248.8000,  1.00000000,1,0,0.025000000000000001,0.5
1248.8333,  1.00000000,1,0,0.0,0.5
1248.8667,  1.00000000,1,0,0.0,0.5
1248.9000,  1.00000000,1,0,0.0,0.5
1248.9333,  1.00000000,1,0,0.0,0.5
1248.9667,  1.00000000,1,0,0.0,0.5
1249.0000,  1.00000000,1,0,0.0,0.5
1249.0333,  1.00000000,1,0,0.0,0.5
1249.0667,  1.00000000,1,0,0.0,0.5
1249.1000,  1.00000000,1,0,0.0,0.5
1249.1333,  1.00000000,1,0,0.025000000000000001,0.5
1249.1667,  1.00000000,1,0,0.025000000000000001,0.5
1249.2000,  1.00000000,1,0,0.0,0.5
1249.2333,  1.00000000,1,0,0.0,0.5
1249.2667,  1.00000000,1,0,0.025000000000000001,0.5
1249.3000,  1.00000000,1,0,0.0,0.5
1249.3333,  1.00000000,1,0,0.025000000000000001,0.5
1249.3667,  1.00000000,1,0,0.0,0.5
1249.4000,  1.00000000,1,0,0.0,0.5
1249.4333,  1.00000000,1,0,0.0,0.5
1249.4667,  1.00000000,1,0,0.0,0.5
1249.5000,  1.00000000,1,0,0.025000000000000001,0.5
1249.5333,  1.00000000,1,0,0.0,0.5
1249.5667,  1.00000000,1,0,0.0,0.5
1249.6000,  1.00000000,1,0,0.0,0.5
1249.6333,  1.00000000,1,0,0.0,0.5
1249.6667,  1.00000000,1,0,0.0,0.5
1249.7000,  1.00000000,1,0,0.0,0.5
1249.7333,  1.00000000,1,0,0.0,0.5
1249.7667,  1.00000000,1,0,0.025000000000000001,0.5
1249.8000,  1.00000000,1,0,0.0,0.5
1249.8333,  1.00000000,1,0,0.0,0.5
1249.8667,  1.00000000,1,0,0.050000000000000003,0.5
1249.9000,  1.00000000,1,0,0.025000000000000001,0.5
1249.9333,  1.00000000,1,0,0.0,0.5
1249.9667,  1.00000000,1,0,0.025000000000000001,0.5
1250.0000,  1.00000000,1,0,0.025000000000000001,0.5
1250.0333,  1.00000000,1,0,0.0,0.5
1250.0667,  1.00000000,1,0,0.025000000000000001,0.5
1250.1000,  1.00000000,1,0,0.025000000000000001,0.5
1250.1333,  1.00000000,1,0,0.050000000000000003,0.5
1250.1667,  1.00000000,1,0,0.0,0.5
1250.2000,  1.00000000,1,0,0.025000000000000001,0.5
1250.2333,  1.00000000,1,0,0.0,0.5
1250.2667,  1.00000000,1,0,0.0,0.5
1250.3000,  1.00000000,1,0,0.0,0.5
1250.3333,  1.00000000,1,0,0.0,0.5
1250.3667,  1.00000000,1,0,0.0,0.5
1250.4000,  1.00000000,1,0,0.0,0.5
1250.4333,  1.00000000,1,0,0.025000000000000001,0.5
1250.4667,  1.00000000,1,0,0.0,0.5
1250.5000,  1.00000000,1,0,0.025000000000000001,0.5
1250.5333,  1.00000000,1,0,0.0,0.5
1250.5667,  1.00000000,1,0,0.0,0.5
1250.6000,  1.00000000,1,0,0.0,0.5
1250.6333,  1.00000000,1,0,0.0,0.5
1250.6667,  1.00000000,1,0,0.050000000000000003,0.5
1250.7000,  1.00000000,1,0,0.0,0.5
1250.7333,  1.00000000,1,0,0.0,0.5
1250.7667,  1.00000000,1,0,0.0,0.5
1250.8000,  1.00000000,1,0,0.050000000000000003,0.5
1250.8333,  1.00000000,1,0,0.0,0.5
1250.8667,  1.00000000,1,0,0.025000000000000001,0.5
1250.9000,  1.00000000,1,0,0.025000000000000001,0.5
1250.9333,  1.00000000,1,0,0.0,0.5
1250.9667,  1.00000000,1,0,0.025000000000000001,0.5
1251.0000,  1.00000000,1,0,0.025000000000000001,0.5
1251.0333,  1.00000000,1,0,0.0,0.5
1251.0667,  1.00000000,1,0,0.0,0.5
1251.1000,  1.00000000,1,0,0.0,0.5
1251.1333,  1.00000000,1,0,0.0,0.5
1251.1667,  1.00000000,1,0,0.0,0.5
1251.2000,  1.00000000,1,0,0.025000000000000001,0.5
1251.2333,  1.00000000,1,0,0.025000000000000001,0.5
1251.2667,  1.00000000,1,0,0.0,0.5
1251.3000,  1.00000000,1,0,0.0,0.5
1251.3333,  1.00000000,1,0,0.0,0.5
1251.3667,  1.00000000,1,0,0.0,0.5
1251.4000,  1.00000000,1,0,0.0,0.5
1251.4333,  1.00000000,1,0,0.025000000000000001,0.5
1251.4667,  1.00000000,1,0,0.0,0.5
1251.5000,  1.00000000,1,0,0.0,0.5
1251.5333,  1.00000000,1,0,0.0,0.5
1251.5667,  1.00000000,1,0,0.0,0.5
1251.6000,  1.00000000,1,0,0.0,0.5
1251.6333,  1.00000000,1,0,0.0,0.5
1251.6667,  1.00000000,1,0,0.0,0.5
1251.7000,  1.00000000,1,0,0.0,0.5
1251.7333,  1.00000000,1,0,0.025000000000000001,0.5
1251.7667,  1.00000000,1,0,0.0,0.5
1251.8000,  1.00000000,1,0,0.0,0.5
1251.8333,  1.00000000,1,0,0.0,0.5
1251.8667,  1.00000000,1,0,0.0,0.5
1251.9000,  1.00000000,1,0,0.025000000000000001,0.5
1251.9333,  1.00000000,1,0,0.0,0.5
1251.9667,  1.00000000,1,0,0.0,0.5
1252.0000,  1.00000000,1,0,0.0,0.5
1252.0333,  1.00000000,1,0,0.0,0.5
1252.0667,  1.00000000,1,0,0.050000000000000003,0.5
1252.1000,  1.00000000,1,0,0.0,0.5
1252.1333,  1.00000000,1,0,0.050000000000000003,0.5
1252.1667,  1.00000000,1,0,0.0,0.5
1252.2000,  1.00000000,1,0,0.0,0.5
1252.2333,  1.00000000,1,0,0.0,0.5
1252.2667,  1.00000000,1,0,0.0,0.5
1252.3000,  1.00000000,1,0,0.0,0.5
1252.3333,  1.00000000,1,0,0.0,0.5
1252.3667,  1.00000000,1,0,0.050000000000000003,0.5
1252.4000,  1.00000000,1,0,0.0,0.5
1252.4333,  1.00000000,1,0,0.025000000000000001,0.5
1252.4667,  1.00000000,1,0,0.0,0.5
1252.5000,  1.00000000,1,0,0.0,0.5
1252.5333,  1.00000000,1,0,0.0,0.5
1252.5667,  1.00000000,1,0,0.0,0.5
1252.6000,  1.00000000,1,0,0.0,0.5
1252.6333,  1.00000000,1,0,0.0,0.5
1252.6667,  1.00000000,1,0,0.0,0.5
1252.7000,  1.00000000,1,0,0.025000000000000001,0.5
1252.7333,  1.00000000,1,0,0.0,0.5
1252.7667,  1.00000000,1,0,0.025000000000000001,0.5
1252.8000,  1.00000000,1,0,0.0,0.5
1252.8333,  1.00000000,1,0,0.0,0.5
1252.8667,  1.00000000,1,0,0.025000000000000001,0.5
1252.9000,  1.00000000,1,0,0.025000000000000001,0.5
1252.9333,  1.00000000,1,0,0.0,0.5
1252.9667,  1.00000000,1,0,0.0,0.5
1253.0000,  1.00000000,1,0,0.0,0.5
1253.0333,  1.00000000,1,0,0.0,0.5
1253.0667,  1.00000000,1,0,0.0,0.5
1253.1000,  1.00000000,1,0,0.0,0.5
1253.1333,  1.00000000,1,0,0.0,0.5
1253.1667,  1.00000000,1,0,0.0,0.5
1253.2000,  1.00000000,1,0,0.025000000000000001,0.5
1253.2333,  1.00000000,1,0,0.0,0.5
1253.2667,  1.00000000,1,0,0.0,0.5
1253.3000,  1.00000000,1,0,0.0,0.5
1253.3333,  1.00000000,1,0,0.0,0.5
1253.3667,  1.00000000,1,0,0.025000000000000001,0.5
1253.4000,  1.00000000,1,0,0.0,0.5
1253.4333,  1.00000000,1,0,0.0,0.5
1253.4667,  1.00000000,1,0,0.0,0.5
1253.5000,  1.00000000,1,0,0.0,0.5
1253.5333,  1.00000000,1,0,0.025000000000000001,0.5
1253.5667,  1.00000000,1,0,0.0,0.5
1253.6000,  1.00000000,1,0,0.025000000000000001,0.5
1253.6333,  1.00000000,1,0,0.0,0.5
1253.6667,  1.00000000,1,0,0.025000000000000001,0.5
1253.7000,  1.00000000,1,0,0.0,0.5
1253.7333,  1.00000000,1,0,0.025000000000000001,0.5
1253.7667,  1.00000000,1,0,0.025000000000000001,0.5
1253.8000,  1.00000000,1,0,0.0,0.5
1253.8333,  1.00000000,1,0,0.0,0.5
1253.8667,  1.00000000,1,0,0.0,0.5
1253.9000,  1.00000000,1,0,0.0,0.5
1253.9333,  1.00000000,1,0,0.025000000000000001,0.5
1253.9667,  1.00000000,1,0,0.0,0.5
1254.0000,  1.00000000,1,0,0.0,0.5
1254.0333,  1.00000000,1,0,0.0,0.5
1254.0667,  1.00000000,1,0,0.0,0.5
1254.1000,  1.00000000,1,0,0.025000000000000001,0.5
1254.1333,  1.00000000,1,0,0.0,0.5
1254.1667,  1.00000000,1,0,0.0,0.5
1254.2000,  1.00000000,1,0,0.0,0.5
1254.2333,  1.00000000,1,0,0.025000000000000001,0.5
1254.2667,  1.00000000,1,0,0.025000000000000001,0.5
1254.3000,  1.00000000,1,0,0.025000000000000001,0.5
1254.3333,  1.00000000,1,0,0.025000000000000001,0.5
1254.3667,  1.00000000,1,0,0.0,0.5
1254.4000,  1.00000000,1,0,0.0,0.5
1254.4333,  1.00000000,1,0,0.0,0.5
1254.4667,  1.00000000,1,0,0.050000000000000003,0.5
1254.5000,  1.00000000,1,0,0.0,0.5
1254.5333,  1.00000000,1,0,0.0,0.5
1254.5667,  1.00000000,1,0,0.025000000000000001,0.5
1254.6000,  1.00000000,1,0,0.0,0.5
1254.6333,  1.00000000,1,0,0.0,0.5
1254.6667,  1.00000000,1,0,0.0,0.5
1254.7000,  1.00000000,1,0,0.0,0.5
1254.7333,  1.00000000,1,0,0.0,0.5
1254.7667,  1.00000000,1,0,0.0,0.5
1254.8000,  1.00000000,1,0,0.0,0.5
1254.8333,  1.00000000,1,0,0.025000000000000001,0.5
1254.8667,  1.00000000,1,0,0.025000000000000001,0.5
1254.9000,  1.00000000,1,0,0.0,0.5
1254.9333,  1.00000000,1,0,0.0,0.5
1254.9667,  1.00000000,1,0,0.025000000000000001,0.5
1255.0000,  1.00000000,1,0,0.0,0.5
1255.0333,  1.00000000,1,0,0.0,0.5
1255.0667,  1.00000000,1,0,0.0,0.5
1255.1000,  1.00000000,1,0,0.025000000000000001,0.5
1255.1333,  1.00000000,1,0,0.0,0.5
1255.1667,  1.00000000,1,0,0.025000000000000001,0.5
1255.2000,  1.00000000,1,0,0.0,0.5
1255.2333,  1.00000000,1,0,0.0,0.5
1255.2667,  1.00000000,1,0,0.0,0.5
1255.3000,  1.00000000,1,0,0.0,0.5
1255.3333,  1.00000000,1,0,0.0,0.5
1255.3667,  1.00000000,1,0,0.0,0.5
1255.4000,  1.00000000,1,0,0.0,0.5
1255.4333,  1.00000000,1,0,0.025000000000000001,0.5
1255.4667,  1.00000000,1,0,0.025000000000000001,0.5
1255.5000,  1.00000000,1,0,0.025000000000000001,0.5
1255.5333,  1.00000000,1,0,0.025000000000000001,0.5
1255.5667,  1.00000000,1,0,0.0,0.5
1255.6000,  1.00000000,1,0,0.0,0.5
1255.6333,  1.00000000,1,0,0.025000000000000001,0.5
1255.6667,  1.00000000,1,0,0.0,0.5
1255.7000,  1.00000000,1,0,0.025000000000000001,0.5
1255.7333,  1.00000000,1,0,0.0,0.5
1255.7667,  1.00000000,1,0,0.0,0.5
1255.8000,  1.00000000,1,0,0.025000000000000001,0.5
1255.8333,  1.00000000,1,0,0.050000000000000003,0.5
1255.8667,  1.00000000,1,0,0.0,0.5
1255.9000,  1.00000000,1,0,0.050000000000000003,0.5
1255.9333,  1.00000000,1,0,0.0,0.5
1255.9667,  1.00000000,1,0,0.0,0.5
1256.0000,  1.00000000,1,0,0.025000000000000001,0.5
1256.0333,  1.00000000,1,0,0.0,0.5
1256.0667,  1.00000000,1,0,0.0,0.5
1256.1000,  1.00000000,1,0,0.0,0.5
1256.1333,  1.00000000,1,0,0.025000000000000001,0.5
1256.1667,  1.00000000,1,0,0.0,0.5
1256.2000,  1.00000000,1,0,0.0,0.5
1256.2333,  1.00000000,1,0,0.0,0.5
1256.2667,  1.00000000,1,0,0.025000000000000001,0.5
1256.3000,  1.00000000,1,0,0.0,0.5
1256.3333,  1.00000000,1,0,0.025000000000000001,0.5
1256.3667,  1.00000000,1,0,0.050000000000000003,0.5
1256.4000,  1.00000000,1,0,0.025000000000000001,0.5
1256.4333,  1.00000000,1,0,0.0,0.5
1256.4667,  1.00000000,1,0,0.0,0.5
1256.5000,  1.00000000,1,0,0.0,0.5
1256.5333,  1.00000000,1,0,0.0,0.5
1256.5667,  1.00000000,1,0,0.0,0.5
1256.6000,  1.00000000,1,0,0.0,0.5
1256.6333,  1.00000000,1,0,0.0,0.5
1256.6667,  1.00000000,1,0,0.0,0.5
1256.7000,  1.00000000,1,0,0.025000000000000001,0.5
1256.7333,  1.00000000,1,0,0.0,0.5
1256.7667,  1.00000000,1,0,0.0,0.5
1256.8000,  1.00000000,1,0,0.0,0.5
1256.8333,  1.00000000,1,0,0.0,0.5
1256.8667,  1.00000000,1,0,0.0,0.5
1256.9000,  1.00000000,1,0,0.0,0.5
1256.9333,  1.00000000,1,0,0.0,0.5
1256.9667,  1.00000000,1,0,0.0,0.5
1257.0000,  1.00000000,1,0,0.0,0.5
1257.0333,  1.00000000,1,0,0.0,0.5
1257.0667,  1.00000000,1,0,0.0,0.5
1257.1000,  1.00000000,1,0,0.0,0.5
1257.1333,  1.00000000,1,0,0.0,0.5
1257.1667,  1.00000000,1,0,0.0,0.5
1257.2000,  1.00000000,1,0,0.0,0.5
1257.2333,  1.00000000,1,0,0.025000000000000001,0.5
1257.2667,  1.00000000,1,0,0.0,0.5
1257.3000,  1.00000000,1,0,0.0,0.5
1257.3333,  1.00000000,1,0,0.025000000000000001,0.5
1257.3667,  1.00000000,1,0,0.025000000000000001,0.5
1257.4000,  1.00000000,1,0,0.0,0.5
1257.4333,  1.00000000,1,0,0.0,0.5
1257.4667,  1.00000000,1,0,0.025000000000000001,0.5
1257.5000,  1.00000000,1,0,0.050000000000000003,0.5
1257.5333,  1.00000000,1,0,0.0,0.5
1257.5667,  1.00000000,1,0,0.0,0.5
1257.6000,  1.00000000,1,0,0.0,0.5
1257.6333,  1.00000000,1,0,0.025000000000000001,0.5
1257.6667,  1.00000000,1,0,0.0,0.5
1257.7000,  1.00000000,1,0,0.0,0.5
1257.7333,  1.00000000,1,0,0.025000000000000001,0.5
1257.7667,  1.00000000,1,0,0.0,0.5
1257.8000,  1.00000000,1,0,0.0,0.5
1257.8333,  1.00000000,1,0,0.025000000000000001,0.5
1257.8667,  1.00000000,1,0,0.025000000000000001,0.5
1257.9000,  1.00000000,1,0,0.025000000000000001,0.5
1257.9333,  1.00000000,1,0,0.0,0.5
1257.9667,  1.00000000,1,0,0.0,0.5
1258.0000,  1.00000000,1,0,0.0,0.5
1258.0333,  1.00000000,1,0,0.025000000000000001,0.5
1258.0667,  1.00000000,1,0,0.025000000000000001,0.5
1258.1000,  1.00000000,1,0,0.025000000000000001,0.5
1258.1333,  1.00000000,1,0,0.025000000000000001,0.5
1258.1667,  1.00000000,1,0,0.0,0.5
1258.2000,  1.00000000,1,0,0.025000000000000001,0.5
1258.2333,  1.00000000,1,0,0.0,0.5
1258.2667,  1.00000000,1,0,0.0,0.5
1258.3000,  1.00000000,1,0,0.0,0.5
1258.3333,  1.00000000,1,0,0.0,0.5
1258.3667,  1.00000000,1,0,0.0,0.5
1258.4000,  1.00000000,1,0,0.0,0.5
1258.4333,  1.00000000,1,0,0.0,0.5
1258.4667,  1.00000000,1,0,0.0,0.5
1258.5000,  1.00000000,1,0,0.0,0.5
1258.5333,  1.00000000,1,0,0.0,0.5
1258.5667,  1.00000000,1,0,0.0,0.5
1258.6000,  1.00000000,1,0,0.0,0.5
1258.6333,  1.00000000,1,0,0.0,0.5
1258.6667,  1.00000000,1,0,0.0,0.5
1258.7000,  1.00000000,1,0,0.025000000000000001,0.5
1258.7333,  1.00000000,1,0,0.0,0.5
1258.7667,  1.00000000,1,0,0.0,0.5
1258.8000,  1.00000000,1,0,0.0,0.5
1258.8333,  1.00000000,1,0,0.0,0.5
1258.8667,  1.00000000,1,0,0.0,0.5
1258.9000,  1.00000000,1,0,0.0,0.5
1258.9333,  1.00000000,1,0,0.0,0.5
1258.9667,  1.00000000,1,0,0.025000000000000001,0.5
1259.0000,  1.00000000,1,0,0.025000000000000001,0.5
1259.0333,  1.00000000,1,0,0.025000000000000001,0.5
1259.0667,  1.00000000,1,0,0.025000000000000001,0.5
1259.1000,  1.00000000,1,0,0.025000000000000001,0.5
1259.1333,  1.00000000,1,0,0.025000000000000001,0.5
1259.1667,  1.00000000,1,0,0.025000000000000001,0.5
1259.2000,  1.00000000,1,0,0.025000000000000001,0.5
1259.2333,  1.00000000,1,0,0.050000000000000003,0.5
1259.2667,  1.00000000,1,0,0.0,0.5
1259.3000,  1.00000000,1,0,0.025000000000000001,0.5
1259.3333,  1.00000000,1,0,0.025000000000000001,0.5
1259.3667,  1.00000000,1,0,0.025000000000000001,0.5
1259.4000,  1.00000000,1,0,0.0,0.5
1259.4333,  1.00000000,1,0,0.0,0.5
1259.4667,  1.00000000,1,0,0.025000000000000001,0.5
1259.5000,  1.00000000,1,0,0.0,0.5
1259.5333,  1.00000000,1,0,0.025000000000000001,0.5
1259.5667,  1.00000000,1,0,0.0,0.5
1259.6000,  1.00000000,1,0,0.0,0.5
1259.6333,  1.00000000,1,0,0.0,0.5
1259.6667,  1.00000000,1,0,0.0,0.5
1259.7000,  1.00000000,1,0,0.0,0.5
1259.7333,  1.00000000,1,0,0.0,0.5
1259.7667,  1.00000000,1,0,0.0,0.5
1259.8000,  1.00000000,1,0,0.0,0.5
1259.8333,  1.00000000,1,0,0.0,0.5
1259.8667,  1.00000000,1,0,0.025000000000000001,0.5
1259.9000,  1.00000000,1,0,0.025000000000000001,0.5
1259.9333,  1.00000000,1,0,0.025000000000000001,0.5
1259.9667,  1.00000000,1,0,0.0,0.5
1260.0000,  1.00000000,1,0,0.0,0.5
1260.0333,  1.00000000,1,0,0.025000000000000001,0.5
1260.0667,  1.00000000,1,0,0.0,0.5
1260.1000,  1.00000000,1,0,0.0,0.5
1260.1333,  1.00000000,1,0,0.025000000000000001,0.5
1260.1667,  1.00000000,1,0,0.025000000000000001,0.5
1260.2000,  1.00000000,1,0,0.0,0.5
1260.2333,  1.00000000,1,0,0.025000000000000001,0.5
1260.2667,  1.00000000,1,0,0.025000000000000001,0.5
1260.3000,  1.00000000,1,0,0.0,0.5
1260.3333,  1.00000000,1,0,0.025000000000000001,0.5
1260.3667,  1.00000000,1,0,0.0,0.5
1260.4000,  1.00000000,1,0,0.0,0.5
1260.4333,  1.00000000,1,0,0.025000000000000001,0.5
1260.4667,  1.00000000,1,0,0.025000000000000001,0.5
1260.5000,  1.00000000,1,0,0.050000000000000003,0.5
1260.5333,  1.00000000,1,0,0.025000000000000001,0.5
1260.5667,  1.00000000,1,0,0.025000000000000001,0.5
1260.6000,  1.00000000,1,0,0.0,0.5
1260.6333,  1.00000000,1,0,0.0,0.5
1260.6667,  1.00000000,1,0,0.025000000000000001,0.5
1260.7000,  1.00000000,1,0,0.025000000000000001,0.5
1260.7333,  1.00000000,1,0,0.025000000000000001,0.5
1260.7667,  1.00000000,1,0,0.050000000000000003,0.5
1260.8000,  1.00000000,1,0,0.025000000000000001,0.5
1260.8333,  1.00000000,1,0,0.025000000000000001,0.5
1260.8667,  1.00000000,1,0,0.050000000000000003,0.5
1260.9000,  1.00000000,1,0,0.025000000000000001,0.5
1260.9333,  1.00000000,1,0,0.025000000000000001,0.5
1260.9667,  1.00000000,1,0,0.0,0.5
1261.0000,  1.00000000,1,0,0.0,0.5
1261.0333,  1.00000000,1,0,0.025000000000000001,0.5
1261.0667,  1.00000000,1,0,0.025000000000000001,0.5
1261.1000,  1.00000000,1,0,0.0,0.5
1261.1333,  1.00000000,1,0,0.0,0.5
1261.1667,  1.00000000,1,0,0.025000000000000001,0.5
1261.2000,  1.00000000,1,0,0.0,0.5
1261.2333,  1.00000000,1,0,0.0,0.5
1261.2667,  1.00000000,1,0,0.0,0.5
1261.3000,  1.00000000,1,0,0.0,0.5
1261.3333,  1.00000000,1,0,0.0,0.5
1261.3667,  1.00000000,1,0,0.0,0.5
1261.4000,  1.00000000,1,0,0.0,0.5
1261.4333,  1.00000000,1,0,0.0,0.5
1261.4667,  1.00000000,1,0,0.0,0.5
1261.5000,  1.00000000,1,0,0.025000000000000001,0.5
1261.5333,  1.00000000,1,0,0.0,0.5
1261.5667,  1.00000000,1,0,0.0,0.5
1261.6000,  1.00000000,1,0,0.0,0.5
1261.6333,  1.00000000,1,0,0.050000000000000003,0.5
1261.6667,  1.00000000,1,0,0.050000000000000003,0.5
1261.7000,  1.00000000,1,0,0.0,0.5
1261.7333,  1.00000000,1,0,0.025000000000000001,0.5
1261.7667,  1.00000000,1,0,0.025000000000000001,0.5
1261.8000,  1.00000000,1,0,0.0,0.5
1261.8333,  1.00000000,1,0,0.0,0.5
1261.8667,  1.00000000,1,0,0.050000000000000003,0.5
1261.9000,  1.00000000,1,0,0.0,0.5
1261.9333,  1.00000000,1,0,0.0,0.5
1261.9667,  1.00000000,1,0,0.025000000000000001,0.5
1262.0000,  1.00000000,1,0,0.0,0.5
1262.0333,  1.00000000,1,0,0.0,0.5
1262.0667,  1.00000000,1,0,0.0,0.5
1262.1000,  1.00000000,1,0,0.0,0.5
1262.1333,  1.00000000,1,0,0.0,0.5
1262.1667,  1.00000000,1,0,0.0,0.5
1262.2000,  1.00000000,1,0,0.025000000000000001,0.5
1262.2333,  1.00000000,1,0,0.025000000000000001,0.5
1262.2667,  1.00000000,1,0,0.025000000000000001,0.5
1262.3000,  1.00000000,1,0,0.025000000000000001,0.5
1262.3333,  1.00000000,1,0,0.0,0.5
1262.3667,  1.00000000,1,0,0.0,0.5
1262.4000,  1.00000000,1,0,0.0,0.5
1262.4333,  1.00000000,1,0,0.0,0.5
1262.4667,  1.00000000,1,0,0.025000000000000001,0.5
1262.5000,  1.00000000,1,0,0.0,0.5
1262.5333,  1.00000000,1,0,0.0,0.5
1262.5667,  1.00000000,1,0,0.025000000000000001,0.5
1262.6000,  1.00000000,1,0,0.025000000000000001,0.5
1262.6333,  1.00000000,1,0,0.025000000000000001,0.5
1262.6667,  1.00000000,1,0,0.0,0.5
1262.7000,  1.00000000,1,0,0.025000000000000001,0.5
1262.7333,  1.00000000,1,0,0.0,0.5
1262.7667,  1.00000000,1,0,0.025000000000000001,0.5
1262.8000,  1.00000000,1,0,0.050000000000000003,0.5
1262.8333,  1.00000000,1,0,0.050000000000000003,0.5
1262.8667,  1.00000000,1,0,0.0,0.5
1262.9000,  1.00000000,1,0,0.0,0.5
1262.9333,  1.00000000,1,0,0.0,0.5
1262.9667,  1.00000000,1,0,0.025000000000000001,0.5
1263.0000,  1.00000000,1,0,0.025000000000000001,0.5
1263.0333,  1.00000000,1,0,0.0,0.5
1263.0667,  1.00000000,1,0,0.0,0.5
1263.1000,  1.00000000,1,0,0.0,0.5
1263.1333,  1.00000000,1,0,0.025000000000000001,0.5
1263.1667,  1.00000000,1,0,0.0,0.5
1263.2000,  1.00000000,1,0,0.0,0.5
1263.2333,  1.00000000,1,0,0.0,0.5
1263.2667,  1.00000000,1,0,0.0,0.5
1263.3000,  1.00000000,1,0,0.025000000000000001,0.5
1263.3333,  1.00000000,1,0,0.050000000000000003,0.5
1263.3667,  1.00000000,1,0,0.0,0.5
1263.4000,  1.00000000,1,0,0.0,0.5
1263.4333,  1.00000000,1,0,0.025000000000000001,0.5
1263.4667,  1.00000000,1,0,0.0,0.5
1263.5000,  1.00000000,1,0,0.025000000000000001,0.5
1263.5333,  1.00000000,1,0,0.0,0.5
1263.5667,  1.00000000,1,0,0.0,0.5
1263.6000,  1.00000000,1,0,0.0,0.5
1263.6333,  1.00000000,1,0,0.050000000000000003,0.5
1263.6667,  1.00000000,1,0,0.0,0.5
1263.7000,  1.00000000,1,0,0.0,0.5
1263.7333,  1.00000000,1,0,0.0,0.5
1263.7667,  1.00000000,1,0,0.025000000000000001,0.5
1263.8000,  1.00000000,1,0,0.0,0.5
1263.8333,  1.00000000,1,0,0.050000000000000003,0.5
1263.8667,  1.00000000,1,0,0.0,0.5
1263.9000,  1.00000000,1,0,0.0,0.5
1263.9333,  1.00000000,1,0,0.025000000000000001,0.5
1263.9667,  1.00000000,1,0,0.0,0.5
1264.0000,  1.00000000,1,0,0.0,0.5
1264.0333,  1.00000000,1,0,0.0,0.5
1264.0667,  1.00000000,1,0,0.025000000000000001,0.5
1264.1000,  1.00000000,1,0,0.0,0.5
1264.1333,  1.00000000,1,0,0.0,0.5
1264.1667,  1.00000000,1,0,0.0,0.5
1264.2000,  1.00000000,1,0,0.025000000000000001,0.5
1264.2333,  1.00000000,1,0,0.025000000000000001,0.5
1264.2667,  1.00000000,1,0,0.025000000000000001,0.5
1264.3000,  1.00000000,1,0,0.025000000000000001,0.5
1264.3333,  1.00000000,1,0,0.0,0.5
1264.3667,  1.00000000,1,0,0.025000000000000001,0.5
1264.4000,  1.00000000,1,0,0.0,0.5
1264.4333,  1.00000000,1,0,0.0,0.5
1264.4667,  1.00000000,1,0,0.0,0.5
1264.5000,  1.00000000,1,0,0.0,0.5
1264.5333,  1.00000000,1,0,0.0,0.5
1264.5667,  1.00000000,1,0,0.0,0.5
1264.6000,  1.00000000,1,0,0.0,0.5
1264.6333,  1.00000000,1,0,0.0,0.5
1264.6667,  1.00000000,1,0,0.050000000000000003,0.5
1264.7000,  1.00000000,1,0,0.050000000000000003,0.5
1264.7333,  1.00000000,1,0,0.0,0.5
1264.7667,  1.00000000,1,0,0.0,0.5
1264.8000,  1.00000000,1,0,0.0,0.5
1264.8333,  1.00000000,1,0,0.0,0.5
1264.8667,  1.00000000,1,0,0.0,0.5
1264.9000,  1.00000000,1,0,0.025000000000000001,0.5
1264.9333,  1.00000000,1,0,0.025000000000000001,0.5
1264.9667,  1.00000000,1,0,0.050000000000000003,0.5
1265.0000,  1.00000000,1,0,0.025000000000000001,0.5
1265.0333,  1.00000000,1,0,0.050000000000000003,0.5
1265.0667,  1.00000000,1,0,0.050000000000000003,0.5
1265.1000,  1.00000000,1,0,0.0,0.5
1265.1333,  1.00000000,1,0,0.0,0.5
1265.1667,  1.00000000,1,0,0.025000000000000001,0.5
1265.2000,  1.00000000,1,0,0.0,0.5
1265.2333,  1.00000000,1,0,0.0,0.5
1265.2667,  1.00000000,1,0,0.0,0.5
1265.3000,  1.00000000,1,0,0.0,0.5
1265.3333,  1.00000000,1,0,0.0,0.5
1265.3667,  1.00000000,1,0,0.0,0.5
1265.4000,  1.00000000,1,0,0.0,0.5
1265.4333,  1.00000000,1,0,0.025000000000000001,0.5
1265.4667,  1.00000000,1,0,0.050000000000000003,0.5
1265.5000,  1.00000000,1,0,0.025000000000000001,0.5
1265.5333,  1.00000000,1,0,0.050000000000000003,0.5
1265.5667,  1.00000000,1,0,0.025000000000000001,0.5
1265.6000,  1.00000000,1,0,0.050000000000000003,0.5
1265.6333,  1.00000000,1,0,0.0,0.5
1265.6667,  1.00000000,1,0,0.0,0.5
1265.7000,  1.00000000,1,0,0.0,0.5
1265.7333,  1.00000000,1,0,0.0,0.5
1265.7667,  1.00000000,1,0,0.025000000000000001,0.5
1265.8000,  1.00000000,1,0,0.050000000000000003,0.5
1265.8333,  1.00000000,1,0,0.025000000000000001,0.5
1265.8667,  1.00000000,1,0,0.025000000000000001,0.5
1265.9000,  1.00000000,1,0,0.025000000000000001,0.5
1265.9333,  1.00000000,1,0,0.0,0.5
1265.9667,  1.00000000,1,0,0.0,0.5
1266.0000,  1.00000000,1,0,0.0,0.5
1266.0333,  1.00000000,1,0,0.0,0.5
1266.0667,  1.00000000,1,0,0.0,0.5
1266.1000,  1.00000000,1,0,0.0,0.5
1266.1333,  1.00000000,1,0,0.0,0.5
1266.1667,  1.00000000,1,0,0.0,0.5
1266.2000,  1.00000000,1,0,0.025000000000000001,0.5
1266.2333,  1.00000000,1,0,0.0,0.5
1266.2667,  1.00000000,1,0,0.0,0.5
1266.3000,  1.00000000,1,0,0.0,0.5
1266.3333,  1.00000000,1,0,0.0,0.5
1266.3667,  1.00000000,1,0,0.025000000000000001,0.5
1266.4000,  1.00000000,1,0,0.025000000000000001,0.5
1266.4333,  1.00000000,1,0,0.025000000000000001,0.5
1266.4667,  1.00000000,1,0,0.0,0.5
1266.5000,  1.00000000,1,0,0.025000000000000001,0.5
1266.5333,  1.00000000,1,0,0.0,0.5
1266.5667,  1.00000000,1,0,0.0,0.5
1266.6000,  1.00000000,1,0,0.0,0.5
1266.6333,  1.00000000,1,0,0.0,0.5
1266.6667,  1.00000000,1,0,0.0,0.5
1266.7000,  1.00000000,1,0,0.0,0.5
1266.7333,  1.00000000,1,0,0.025000000000000001,0.5
1266.7667,  1.00000000,1,0,0.0,0.5
1266.8000,  1.00000000,1,0,0.0,0.5
1266.8333,  1.00000000,1,0,0.025000000000000001,0.5
1266.8667,  1.00000000,1,0,0.025000000000000001,0.5
1266.9000,  1.00000000,1,0,0.0,0.5
1266.9333,  1.00000000,1,0,0.0,0.5
1266.9667,  1.00000000,1,0,0.0,0.5
1267.0000,  1.00000000,1,0,0.025000000000000001,0.5
1267.0333,  1.00000000,1,0,0.050000000000000003,0.5
1267.0667,  1.00000000,1,0,0.025000000000000001,0.5
1267.1000,  1.00000000,1,0,0.025000000000000001,0.5
1267.1333,  1.00000000,1,0,0.050000000000000003,0.5
1267.1667,  1.00000000,1,0,0.0,0.5
1267.2000,  1.00000000,1,0,0.025000000000000001,0.5
1267.2333,  1.00000000,1,0,0.025000000000000001,0.5
1267.2667,  1.00000000,1,0,0.025000000000000001,0.5
1267.3000,  1.00000000,1,0,0.025000000000000001,0.5
1267.3333,  1.00000000,1,0,0.0,0.5
1267.3667,  1.00000000,1,0,0.025000000000000001,0.5
1267.4000,  1.00000000,1,0,0.025000000000000001,0.5
1267.4333,  1.00000000,1,0,0.0,0.5
1267.4667,  1.00000000,1,0,0.0,0.5
1267.5000,  1.00000000,1,0,0.0,0.5
1267.5333,  1.00000000,1,0,0.0,0.5
1267.5667,  1.00000000,1,0,0.0,0.5
1267.6000,  1.00000000,1,0,0.0,0.5
1267.6333,  1.00000000,1,0,0.0,0.5
1267.6667,  1.00000000,1,0,0.0,0.5
1267.7000,  1.00000000,1,0,0.0,0.5
1267.7333,  1.00000000,1,0,0.0,0.5
1267.7667,  1.00000000,1,0,0.0,0.5
1267.8000,  1.00000000,1,0,0.0,0.5
1267.8333,  1.00000000,1,0,0.025000000000000001,0.5
1267.8667,  1.00000000,1,0,0.0,0.5
1267.9000,  1.00000000,1,0,0.025000000000000001,0.5
1267.9333,  1.00000000,1,0,0.0,0.5
1267.9667,  1.00000000,1,0,0.0,0.5
1268.0000,  1.00000000,1,0,0.050000000000000003,0.5
1268.0333,  1.00000000,1,0,0.050000000000000003,0.5
1268.0667,  1.00000000,1,0,0.025000000000000001,0.5
1268.1000,  1.00000000,1,0,0.0,0.5
1268.1333,  1.00000000,1,0,0.0,0.5
1268.1667,  1.00000000,1,0,0.0,0.5
1268.2000,  1.00000000,1,0,0.0,0.5
1268.2333,  1.00000000,1,0,0.025000000000000001,0.5
1268.2667,  1.00000000,1,0,0.0,0.5
1268.3000,  1.00000000,1,0,0.0,0.5
1268.3333,  1.00000000,1,0,0.025000000000000001,0.5
1268.3667,  1.00000000,1,0,0.025000000000000001,0.5
1268.4000,  1.00000000,1,0,0.0,0.5
1268.4333,  1.00000000,1,0,0.025000000000000001,0.5
1268.4667,  1.00000000,1,0,0.025000000000000001,0.5
1268.5000,  1.00000000,1,0,0.025000000000000001,0.5
1268.5333,  1.00000000,1,0,0.0,0.5
1268.5667,  1.00000000,1,0,0.025000000000000001,0.5
1268.6000,  1.00000000,1,0,0.025000000000000001,0.5
1268.6333,  1.00000000,1,0,0.025000000000000001,0.5
1268.6667,  1.00000000,1,0,0.0,0.5
1268.7000,  1.00000000,1,0,0.0,0.5
1268.7333,  1.00000000,1,0,0.050000000000000003,0.5
1268.7667,  1.00000000,1,0,0.050000000000000003,0.5
1268.8000,  1.00000000,1,0,0.025000000000000001,0.5
1268.8333,  1.00000000,1,0,0.074999999999999997,0.5
1268.8667,  1.00000000,1,0,0.050000000000000003,0.5
1268.9000,  1.00000000,1,0,0.025000000000000001,0.5
1268.9333,  1.00000000,1,0,0.0,0.5
1268.9667,  1.00000000,1,0,0.025000000000000001,0.5
1269.0000,  1.00000000,1,0,0.0,0.5
1269.0333,  1.00000000,1,0,0.025000000000000001,0.5
1269.0667,  1.00000000,1,0,0.050000000000000003,0.5
1269.1000,  1.00000000,1,0,0.0,0.5
1269.1333,  1.00000000,1,0,0.025000000000000001,0.5
1269.1667,  1.00000000,1,0,0.0,0.5
1269.2000,  1.00000000,1,0,0.0,0.5
1269.2333,  1.00000000,1,0,0.0,0.5
1269.2667,  1.00000000,1,0,0.0,0.5
1269.3000,  1.00000000,1,0,0.025000000000000001,0.5
1269.3333,  1.00000000,1,0,0.0,0.5
1269.3667,  1.00000000,1,0,0.0,0.5
1269.4000,  1.00000000,1,0,0.0,0.5
1269.4333,  1.00000000,1,0,0.025000000000000001,0.5
1269.4667,  1.00000000,1,0,0.0,0.5
1269.5000,  1.00000000,1,0,0.0,0.5
1269.5333,  1.00000000,1,0,0.0,0.5
1269.5667,  1.00000000,1,0,0.025000000000000001,0.5
1269.6000,  1.00000000,1,0,0.050000000000000003,0.5
1269.6333,  1.00000000,1,0,0.025000000000000001,0.5
1269.6667,  1.00000000,1,0,0.025000000000000001,0.5
1269.7000,  1.00000000,1,0,0.025000000000000001,0.5
1269.7333,  1.00000000,1,0,0.0,0.5
1269.7667,  1.00000000,1,0,0.0,0.5
1269.8000,  1.00000000,1,0,0.0,0.5
1269.8333,  1.00000000,1,0,0.0,0.5
1269.8667,  1.00000000,1,0,0.0,0.5
1269.9000,  1.00000000,1,0,0.0,0.5
1269.9333,  1.00000000,1,0,0.0,0.5
1269.9667,  1.00000000,1,0,0.0,0.5
1270.0000,  1.00000000,1,0,0.0,0.5
1270.0333,  1.00000000,1,0,0.025000000000000001,0.5
1270.0667,  1.00000000,1,0,0.025000000000000001,0.5
1270.1000,  1.00000000,1,0,0.025000000000000001,0.5
1270.1333,  1.00000000,1,0,0.0,0.5
1270.1667,  1.00000000,1,0,0.025000000000000001,0.5
1270.2000,  1.00000000,1,0,0.0,0.5
1270.2333,  1.00000000,1,0,0.0,0.5
1270.2667,  1.00000000,1,0,0.050000000000000003,0.5
1270.3000,  1.00000000,1,0,0.0,0.5
1270.3333,  1.00000000,1,0,0.0,0.5
1270.3667,  1.00000000,1,0,0.025000000000000001,0.5
1270.4000,  1.00000000,1,0,0.0,0.5
1270.4333,  1.00000000,1,0,0.025000000000000001,0.5
1270.4667,  1.00000000,1,0,0.0,0.5
1270.5000,  1.00000000,1,0,0.025000000000000001,0.5
1270.5333,  1.00000000,1,0,0.0,0.5
1270.5667,  1.00000000,1,0,0.025000000000000001,0.5
1270.6000,  1.00000000,1,0,0.0,0.5
1270.6333,  1.00000000,1,0,0.0,0.5
1270.6667,  1.00000000,1,0,0.0,0.5
1270.7000,  1.00000000,1,0,0.025000000000000001,0.5
1270.7333,  1.00000000,1,0,0.0,0.5
1270.7667,  1.00000000,1,0,0.0,0.5
1270.8000,  1.00000000,1,0,0.0,0.5
1270.8333,  1.00000000,1,0,0.0,0.5
1270.8667,  1.00000000,1,0,0.0,0.5
1270.9000,  1.00000000,1,0,0.0,0.5
1270.9333,  1.00000000,1,0,0.025000000000000001,0.5
1270.9667,  1.00000000,1,0,0.0,0.5
1271.0000,  1.00000000,1,0,0.0,0.5
1271.0333,  1.00000000,1,0,0.0,0.5
1271.0667,  1.00000000,1,0,0.0,0.5
1271.1000,  1.00000000,1,0,0.0,0.5
1271.1333,  1.00000000,1,0,0.0,0.5
1271.1667,  1.00000000,1,0,0.0,0.5
1271.2000,  1.00000000,1,0,0.0,0.5
1271.2333,  1.00000000,1,0,0.0,0.5
1271.2667,  1.00000000,1,0,0.0,0.5
1271.3000,  1.00000000,1,0,0.0,0.5
1271.3333,  1.00000000,1,0,0.0,0.5
1271.3667,  1.00000000,1,0,0.0,0.5
1271.4000,  1.00000000,1,0,0.025000000000000001,0.5
1271.4333,  1.00000000,1,0,0.0,0.5
1271.4667,  1.00000000,1,0,0.025000000000000001,0.5
1271.5000,  1.00000000,1,0,0.0,0.5
1271.5333,  1.00000000,1,0,0.0,0.5
1271.5667,  1.00000000,1,0,0.0,0.5
1271.6000,  1.00000000,1,0,0.025000000000000001,0.5
1271.6333,  1.00000000,1,0,0.0,0.5
1271.6667,  1.00000000,1,0,0.0,0.5
1271.7000,  1.00000000,1,0,0.050000000000000003,0.5
1271.7333,  1.00000000,1,0,0.025000000000000001,0.5
1271.7667,  1.00000000,1,0,0.025000000000000001,0.5
1271.8000,  1.00000000,1,0,0.050000000000000003,0.5
1271.8333,  1.00000000,1,0,0.0,0.5
1271.8667,  1.00000000,1,0,0.0,0.5
1271.9000,  1.00000000,1,0,0.025000000000000001,0.5
1271.9333,  1.00000000,1,0,0.0,0.5
1271.9667,  1.00000000,1,0,0.025000000000000001,0.5
1272.0000,  1.00000000,1,0,0.025000000000000001,0.5
1272.0333,  1.00000000,1,0,0.0,0.5
1272.0667,  1.00000000,1,0,0.025000000000000001,0.5
1272.1000,  1.00000000,1,0,0.0,0.5
1272.1333,  1.00000000,1,0,0.0,0.5
1272.1667,  1.00000000,1,0,0.025000000000000001,0.5
1272.2000,  1.00000000,1,0,0.0,0.5
1272.2333,  1.00000000,1,0,0.0,0.5
1272.2667,  1.00000000,1,0,0.0,0.5
1272.3000,  1.00000000,1,0,0.0,0.5
1272.3333,  1.00000000,1,0,0.0,0.5
1272.3667,  1.00000000,1,0,0.0,0.5
1272.4000,  1.00000000,1,0,0.0,0.5
1272.4333,  1.00000000,1,0,0.0,0.5
1272.4667,  1.00000000,1,0,0.0,0.5
1272.5000,  1.00000000,1,0,0.0,0.5
1272.5333,  1.00000000,1,0,0.0,0.5
1272.5667,  1.00000000,1,0,0.025000000000000001,0.5
1272.6000,  1.00000000,1,0,0.025000000000000001,0.5
1272.6333,  1.00000000,1,0,0.025000000000000001,0.5
1272.6667,  1.00000000,1,0,0.0,0.5
1272.7000,  1.00000000,1,0,0.025000000000000001,0.5
1272.7333,  1.00000000,1,0,0.0,0.5
1272.7667,  1.00000000,1,0,0.0,0.5
1272.8000,  1.00000000,1,0,0.0,0.5
1272.8333,  1.00000000,1,0,0.0,0.5
1272.8667,  1.00000000,1,0,0.0,0.5
1272.9000,  1.00000000,1,0,0.025000000000000001,0.5
1272.9333,  1.00000000,1,0,0.0,0.5
1272.9667,  1.00000000,1,0,0.0,0.5
1273.0000,  1.00000000,1,0,0.0,0.5
1273.0333,  1.00000000,1,0,0.0,0.5
1273.0667,  1.00000000,1,0,0.025000000000000001,0.5
1273.1000,  1.00000000,1,0,0.025000000000000001,0.5
1273.1333,  1.00000000,1,0,0.0,0.5
1273.1667,  1.00000000,1,0,0.0,0.5
1273.2000,  1.00000000,1,0,0.0,0.5
1273.2333,  1.00000000,1,0,0.050000000000000003,0.5
1273.2667,  1.00000000,1,0,0.0,0.5
1273.3000,  1.00000000,1,0,0.0,0.5
1273.3333,  1.00000000,1,0,0.025000000000000001,0.5
1273.3667,  1.00000000,1,0,0.0,0.5
1273.4000,  1.00000000,1,0,0.0,0.5
1273.4333,  1.00000000,1,0,0.0,0.5
1273.4667,  1.00000000,1,0,0.0,0.5
1273.5000,  1.00000000,1,0,0.0,0.5
1273.5333,  1.00000000,1,0,0.0,0.5
1273.5667,  1.00000000,1,0,0.025000000000000001,0.5
1273.6000,  1.00000000,1,0,0.0,0.5
1273.6333,  1.00000000,1,0,0.0,0.5
1273.6667,  1.00000000,1,0,0.025000000000000001,0.5
1273.7000,  1.00000000,1,0,0.0,0.5
1273.7333,  1.00000000,1,0,0.025000000000000001,0.5
1273.7667,  1.00000000,1,0,0.025000000000000001,0.5
1273.8000,  1.00000000,1,0,0.025000000000000001,0.5
1273.8333,  1.00000000,1,0,0.025000000000000001,0.5
1273.8667,  1.00000000,1,0,0.0,0.5
1273.9000,  1.00000000,1,0,0.0,0.5
1273.9333,  1.00000000,1,0,0.025000000000000001,0.5
1273.9667,  1.00000000,1,0,0.0,0.5
1274.0000,  1.00000000,1,0,0.050000000000000003,0.5
1274.0333,  1.00000000,1,0,0.025000000000000001,0.5
1274.0667,  1.00000000,1,0,0.025000000000000001,0.5
1274.1000,  1.00000000,1,0,0.0,0.5
1274.1333,  1.00000000,1,0,0.025000000000000001,0.5
1274.1667,  1.00000000,1,0,0.0,0.5
1274.2000,  1.00000000,1,0,0.0,0.5
1274.2333,  1.00000000,1,0,0.025000000000000001,0.5
1274.2667,  1.00000000,1,0,0.0,0.5
1274.3000,  1.00000000,1,0,0.0,0.5
1274.3333,  1.00000000,1,0,0.0,0.5
1274.3667,  1.00000000,1,0,0.0,0.5
1274.4000,  1.00000000,1,0,0.025000000000000001,0.5
1274.4333,  1.00000000,1,0,0.0,0.5
1274.4667,  1.00000000,1,0,0.025000000000000001,0.5
1274.5000,  1.00000000,1,0,0.0,0.5
1274.5333,  1.00000000,1,0,0.0,0.5
1274.5667,  1.00000000,1,0,0.050000000000000003,0.5
1274.6000,  1.00000000,1,0,0.0,0.5
1274.6333,  1.00000000,1,0,0.025000000000000001,0.5
1274.6667,  1.00000000,1,0,0.0,0.5
1274.7000,  1.00000000,1,0,0.0,0.5
1274.7333,  1.00000000,1,0,0.050000000000000003,0.5
1274.7667,  1.00000000,1,0,0.0,0.5
1274.8000,  1.00000000,1,0,0.0,0.5
1274.8333,  1.00000000,1,0,0.025000000000000001,0.5
1274.8667,  1.00000000,1,0,0.0,0.5
1274.9000,  1.00000000,1,0,0.0,0.5
1274.9333,  1.00000000,1,0,0.0,0.5
1274.9667,  1.00000000,1,0,0.025000000000000001,0.5
1275.0000,  1.00000000,1,0,0.0,0.5
1275.0333,  1.00000000,1,0,0.025000000000000001,0.5
1275.0667,  1.00000000,1,0,0.0,0.5
1275.1000,  1.00000000,1,0,0.0,0.5
1275.1333,  1.00000000,1,0,0.0,0.5
1275.1667,  1.00000000,1,0,0.0,0.5
1275.2000,  1.00000000,1,0,0.0,0.5
1275.2333,  1.00000000,1,0,0.0,0.5
1275.2667,  1.00000000,1,0,0.0,0.5
1275.3000,  1.00000000,1,0,0.0,0.5
1275.3333,  1.00000000,1,0,0.0,0.5
1275.3667,  1.00000000,1,0,0.0,0.5
1275.4000,  1.00000000,1,0,0.025000000000000001,0.5
1275.4333,  1.00000000,1,0,0.0,0.5
1275.4667,  1.00000000,1,0,0.0,0.5
1275.5000,  1.00000000,1,0,0.0,0.5
1275.5333,  1.00000000,1,0,0.025000000000000001,0.5
1275.5667,  1.00000000,1,0,0.0,0.5
1275.6000,  1.00000000,1,0,0.0,0.5
1275.6333,  1.00000000,1,0,0.0,0.5
1275.6667,  1.00000000,1,0,0.0,0.5
1275.7000,  1.00000000,1,0,0.025000000000000001,0.5
1275.7333,  1.00000000,1,0,0.0,0.5
1275.7667,  1.00000000,1,0,0.025000000000000001,0.5
1275.8000,  1.00000000,1,0,0.025000000000000001,0.5
1275.8333,  1.00000000,1,0,0.025000000000000001,0.5
1275.8667,  1.00000000,1,0,0.0,0.5
1275.9000,  1.00000000,1,0,0.0,0.5
1275.9333,  1.00000000,1,0,0.0,0.5
1275.9667,  1.00000000,1,0,0.0,0.5
1276.0000,  1.00000000,1,0,0.0,0.5
1276.0333,  1.00000000,1,0,0.0,0.5
1276.0667,  1.00000000,1,0,0.0,0.5
1276.1000,  1.00000000,1,0,0.0,0.5
1276.1333,  1.00000000,1,0,0.0,0.5
1276.1667,  1.00000000,1,0,0.0,0.5
1276.2000,  1.00000000,1,0,0.025000000000000001,0.5
1276.2333,  1.00000000,1,0,0.0,0.5
1276.2667,  1.00000000,1,0,0.025000000000000001,0.5
1276.3000,  1.00000000,1,0,0.0,0.5
1276.3333,  1.00000000,1,0,0.0,0.5
1276.3667,  1.00000000,1,0,0.0,0.5
1276.4000,  1.00000000,1,0,0.0,0.5
1276.4333,  1.00000000,1,0,0.0,0.5
1276.4667,  1.00000000,1,0,0.0,0.5
1276.5000,  1.00000000,1,0,0.0,0.5
1276.5333,  1.00000000,1,0,0.025000000000000001,0.5
1276.5667,  1.00000000,1,0,0.0,0.5
1276.6000,  1.00000000,1,0,0.025000000000000001,0.5
1276.6333,  1.00000000,1,0,0.0,0.5
1276.6667,  1.00000000,1,0,0.0,0.5
1276.7000,  1.00000000,1,0,0.025000000000000001,0.5
1276.7333,  1.00000000,1,0,0.0,0.5
1276.7667,  1.00000000,1,0,0.025000000000000001,0.5
1276.8000,  1.00000000,1,0,0.0,0.5
1276.8333,  1.00000000,1,0,0.025000000000000001,0.5
1276.8667,  1.00000000,1,0,0.0,0.5
1276.9000,  1.00000000,1,0,0.025000000000000001,0.5
1276.9333,  1.00000000,1,0,0.0,0.5
1276.9667,  1.00000000,1,0,0.025000000000000001,0.5
1277.0000,  1.00000000,1,0,0.025000000000000001,0.5
1277.0333,  1.00000000,1,0,0.0,0.5
1277.0667,  1.00000000,1,0,0.025000000000000001,0.5
1277.1000,  1.00000000,1,0,0.0,0.5
1277.1333,  1.00000000,1,0,0.025000000000000001,0.5
1277.1667,  1.00000000,1,0,0.0,0.5
1277.2000,  1.00000000,1,0,0.025000000000000001,0.5
1277.2333,  1.00000000,1,0,0.0,0.5
1277.2667,  1.00000000,1,0,0.0,0.5
1277.3000,  1.00000000,1,0,0.025000000000000001,0.5
1277.3333,  1.00000000,1,0,0.0,0.5
1277.3667,  1.00000000,1,0,0.0,0.5
1277.4000,  1.00000000,1,0,0.0,0.5
1277.4333,  1.00000000,1,0,0.0,0.5
1277.4667,  1.00000000,1,0,0.0,0.5
1277.5000,  1.00000000,1,0,0.025000000000000001,0.5
1277.5333,  1.00000000,1,0,0.0,0.5
1277.5667,  1.00000000,1,0,0.0,0.5
1277.6000,  1.00000000,1,0,0.0,0.5
1277.6333,  1.00000000,1,0,0.0,0.5
1277.6667,  1.00000000,1,0,0.0,0.5
1277.7000,  1.00000000,1,0,0.0,0.5
1277.7333,  1.00000000,1,0,0.025000000000000001,0.5
1277.7667,  1.00000000,1,0,0.0,0.5
1277.8000,  1.00000000,1,0,0.025000000000000001,0.5
1277.8333,  1.00000000,1,0,0.0,0.5
1277.8667,  1.00000000,1,0,0.0,0.5
1277.9000,  1.00000000,1,0,0.0,0.5
1277.9333,  1.00000000,1,0,0.025000000000000001,0.5
1277.9667,  1.00000000,1,0,0.0,0.5
1278.0000,  1.00000000,1,0,0.025000000000000001,0.5
1278.0333,  1.00000000,1,0,0.025000000000000001,0.5
1278.0667,  1.00000000,1,0,0.0,0.5
1278.1000,  1.00000000,1,0,0.0,0.5
1278.1333,  1.00000000,1,0,0.0,0.5
1278.1667,  1.00000000,1,0,0.0,0.5
1278.2000,  1.00000000,1,0,0.0,0.5
1278.2333,  1.00000000,1,0,0.0,0.5
1278.2667,  1.00000000,1,0,0.0,0.5
1278.3000,  1.00000000,1,0,0.025000000000000001,0.5
1278.3333,  1.00000000,1,0,0.0,0.5
1278.3667,  1.00000000,1,0,0.0,0.5
1278.4000,  1.00000000,1,0,0.0,0.5
1278.4333,  1.00000000,1,0,0.0,0.5
1278.4667,  1.00000000,1,0,0.0,0.5
1278.5000,  1.00000000,1,0,0.0,0.5
1278.5333,  1.00000000,1,0,0.0,0.5
1278.5667,  1.00000000,1,0,0.0,0.5
1278.6000,  1.00000000,1,0,0.025000000000000001,0.5
1278.6333,  1.00000000,1,0,0.0,0.5
1278.6667,  1.00000000,1,0,0.0,0.5
1278.7000,  1.00000000,1,0,0.0,0.5
1278.7333,  1.00000000,1,0,0.0,0.5
1278.7667,  1.00000000,1,0,0.0,0.5
1278.8000,  1.00000000,1,0,0.0,0.5
1278.8333,  1.00000000,1,0,0.0,0.5
1278.8667,  1.00000000,1,0,0.0,0.5
1278.9000,  1.00000000,1,0,0.050000000000000003,0.5
1278.9333,  1.00000000,1,0,0.0,0.5
1278.9667,  1.00000000,1,0,0.0,0.5
1279.0000,  1.00000000,1,0,0.025000000000000001,0.5
1279.0333,  1.00000000,1,0,0.0,0.5
1279.0667,  1.00000000,1,0,0.025000000000000001,0.5
1279.1000,  1.00000000,1,0,0.025000000000000001,0.5
1279.1333,  1.00000000,1,0,0.025000000000000001,0.5
1279.1667,  1.00000000,1,0,0.0,0.5
1279.2000,  1.00000000,1,0,0.0,0.5
1279.2333,  1.00000000,1,0,0.050000000000000003,0.5
1279.2667,  1.00000000,1,0,0.0,0.5
1279.3000,  1.00000000,1,0,0.025000000000000001,0.5
1279.3333,  1.00000000,1,0,0.025000000000000001,0.5
1279.3667,  1.00000000,1,0,0.0,0.5
1279.4000,  1.00000000,1,0,0.0,0.5
1279.4333,  1.00000000,1,0,0.0,0.5
1279.4667,  1.00000000,1,0,0.025000000000000001,0.5
1279.5000,  1.00000000,1,0,0.0,0.5
1279.5333,  1.00000000,1,0,0.0,0.5
1279.5667,  1.00000000,1,0,0.0,0.5
1279.6000,  1.00000000,1,0,0.025000000000000001,0.5
1279.6333,  1.00000000,1,0,0.0,0.5
1279.6667,  1.00000000,1,0,0.0,0.5
1279.7000,  1.00000000,1,0,0.0,0.5
1279.7333,  1.00000000,1,0,0.050000000000000003,0.5
1279.7667,  1.00000000,1,0,0.025000000000000001,0.5
1279.8000,  1.00000000,1,0,0.0,0.5
1279.8333,  1.00000000,1,0,0.0,0.5
1279.8667,  1.00000000,1,0,0.0,0.5
1279.9000,  1.00000000,1,0,0.025000000000000001,0.5
1279.9333,  1.00000000,1,0,0.0,0.5
1279.9667,  1.00000000,1,0,0.025000000000000001,0.5
1280.0000,  1.00000000,1,0,0.025000000000000001,0.5
1280.0333,  1.00000000,1,0,0.025000000000000001,0.5
1280.0667,  1.00000000,1,0,0.0,0.5
1280.1000,  1.00000000,1,0,0.0,0.5
1280.1333,  1.00000000,1,0,0.025000000000000001,0.5
1280.1667,  1.00000000,1,0,0.050000000000000003,0.5
1280.2000,  1.00000000,1,0,0.0,0.5
1280.2333,  1.00000000,1,0,0.0,0.5
1280.2667,  1.00000000,1,0,0.0,0.5
1280.3000,  1.00000000,1,0,0.025000000000000001,0.5
1280.3333,  1.00000000,1,0,0.0,0.5
1280.3667,  1.00000000,1,0,0.025000000000000001,0.5
1280.4000,  1.00000000,1,0,0.050000000000000003,0.5
1280.4333,  1.00000000,1,0,0.0,0.5
1280.4667,  1.00000000,1,0,0.0,0.5
1280.5000,  1.00000000,1,0,0.0,0.5
1280.5333,  1.00000000,1,0,0.025000000000000001,0.5
1280.5667,  1.00000000,1,0,0.0,0.5
1280.6000,  1.00000000,1,0,0.0,0.5
1280.6333,  1.00000000,1,0,0.0,0.5
1280.6667,  1.00000000,1,0,0.025000000000000001,0.5
1280.7000,  1.00000000,1,0,0.0,0.5
1280.7333,  1.00000000,1,0,0.0,0.5
1280.7667,  1.00000000,1,0,0.0,0.5
1280.8000,  1.00000000,1,0,0.0,0.5
1280.8333,  1.00000000,1,0,0.025000000000000001,0.5
1280.8667,  1.00000000,1,0,0.0,0.5
1280.9000,  1.00000000,1,0,0.0,0.5
1280.9333,  1.00000000,1,0,0.0,0.5
1280.9667,  1.00000000,1,0,0.025000000000000001,0.5
1281.0000,  1.00000000,1,0,0.0,0.5
1281.0333,  1.00000000,1,0,0.0,0.5
1281.0667,  1.00000000,1,0,0.0,0.5
1281.1000,  1.00000000,1,0,0.0,0.5
1281.1333,  1.00000000,1,0,0.025000000000000001,0.5
1281.1667,  1.00000000,1,0,0.025000000000000001,0.5
1281.2000,  1.00000000,1,0,0.025000000000000001,0.5
1281.2333,  1.00000000,1,0,0.0,0.5
1281.2667,  1.00000000,1,0,0.0,0.5
1281.3000,  1.00000000,1,0,0.0,0.5
1281.3333,  1.00000000,1,0,0.025000000000000001,0.5
1281.3667,  1.00000000,1,0,0.0,0.5
1281.4000,  1.00000000,1,0,0.0,0.5
1281.4333,  1.00000000,1,0,0.025000000000000001,0.5
1281.4667,  1.00000000,1,0,0.0,0.5
1281.5000,  1.00000000,1,0,0.0,0.5
1281.5333,  1.00000000,1,0,0.050000000000000003,0.5
1281.5667,  1.00000000,1,0,0.0,0.5
1281.6000,  1.00000000,1,0,0.0,0.5
1281.6333,  1.00000000,1,0,0.025000000000000001,0.5
1281.6667,  1.00000000,1,0,0.0,0.5
1281.7000,  1.00000000,1,0,0.025000000000000001,0.5
1281.7333,  1.00000000,1,0,0.0,0.5
1281.7667,  1.00000000,1,0,0.0,0.5
1281.8000,  1.00000000,1,0,0.050000000000000003,0.5
1281.8333,  1.00000000,1,0,0.025000000000000001,0.5
1281.8667,  1.00000000,1,0,0.0,0.5
1281.9000,  1.00000000,1,0,0.0,0.5
1281.9333,  1.00000000,1,0,0.0,0.5
1281.9667,  1.00000000,1,0,0.0,0.5
1282.0000,  1.00000000,1,0,0.0,0.5
1282.0333,  1.00000000,1,0,0.0,0.5
1282.0667,  1.00000000,1,0,0.0,0.5
1282.1000,  1.00000000,1,0,0.0,0.5
1282.1333,  1.00000000,1,0,0.0,0.5
1282.1667,  1.00000000,1,0,0.0,0.5
1282.2000,  1.00000000,1,0,0.0,0.5
1282.2333,  1.00000000,1,0,0.025000000000000001,0.5
1282.2667,  1.00000000,1,0,0.0,0.5
1282.3000,  1.00000000,1,0,0.0,0.5
1282.3333,  1.00000000,1,0,0.0,0.5
1282.3667,  1.00000000,1,0,0.0,0.5
1282.4000,  1.00000000,1,0,0.0,0.5
1282.4333,  1.00000000,1,0,0.025000000000000001,0.5
1282.4667,  1.00000000,1,0,0.0,0.5
1282.5000,  1.00000000,1,0,0.0,0.5
1282.5333,  1.00000000,1,0,0.0,0.5
1282.5667,  1.00000000,1,0,0.025000000000000001,0.5
1282.6000,  1.00000000,1,0,0.0,0.5
1282.6333,  1.00000000,1,0,0.0,0.5
1282.6667,  1.00000000,1,0,0.0,0.5
1282.7000,  1.00000000,1,0,0.0,0.5
1282.7333,  1.00000000,1,0,0.0,0.5
1282.7667,  1.00000000,1,0,0.0,0.5
1282.8000,  1.00000000,1,0,0.0,0.5
1282.8333,  1.00000000,1,0,0.0,0.5
1282.8667,  1.00000000,1,0,0.0,0.5
1282.9000,  1.00000000,1,0,0.0,0.5
1282.9333,  1.00000000,1,0,0.025000000000000001,0.5
1282.9667,  1.00000000,1,0,0.0,0.5
1283.0000,  1.00000000,1,0,0.0,0.5
1283.0333,  1.00000000,1,0,0.0,0.5
1283.0667,  1.00000000,1,0,0.0,0.5
1283.1000,  1.00000000,1,0,0.0,0.5
1283.1333,  1.00000000,1,0,0.0,0.5
1283.1667,  1.00000000,1,0,0.050000000000000003,0.5
1283.2000,  1.00000000,1,0,0.0,0.5
1283.2333,  1.00000000,1,0,0.0,0.5
1283.2667,  1.00000000,1,0,0.025000000000000001,0.5
1283.3000,  1.00000000,1,0,0.050000000000000003,0.5
1283.3333,  1.00000000,1,0,0.0,0.5
1283.3667,  1.00000000,1,0,0.025000000000000001,0.5
1283.4000,  1.00000000,1,0,0.025000000000000001,0.5
1283.4333,  1.00000000,1,0,0.0,0.5
1283.4667,  1.00000000,1,0,0.0,0.5
1283.5000,  1.00000000,1,0,0.0,0.5
1283.5333,  1.00000000,1,0,0.0,0.5
1283.5667,  1.00000000,1,0,0.0,0.5
1283.6000,  1.00000000,1,0,0.025000000000000001,0.5
1283.6333,  1.00000000,1,0,0.0,0.5
1283.6667,  1.00000000,1,0,0.0,0.5
1283.7000,  1.00000000,1,0,0.025000000000000001,0.5
1283.7333,  1.00000000,1,0,0.0,0.5
1283.7667,  1.00000000,1,0,0.025000000000000001,0.5
1283.8000,  1.00000000,1,0,0.0,0.5
1283.8333,  1.00000000,1,0,0.025000000000000001,0.5
1283.8667,  1.00000000,1,0,0.0,0.5
1283.9000,  1.00000000,1,0,0.025000000000000001,0.5
1283.9333,  1.00000000,1,0,0.050000000000000003,0.5
1283.9667,  1.00000000,1,0,0.025000000000000001,0.5
1284.0000,  1.00000000,1,0,0.0,0.5
1284.0333,  1.00000000,1,0,0.025000000000000001,0.5
1284.0667,  1.00000000,1,0,0.0,0.5
1284.1000,  1.00000000,1,0,0.0,0.5
1284.1333,  1.00000000,1,0,0.025000000000000001,0.5
1284.1667,  1.00000000,1,0,0.050000000000000003,0.5
1284.2000,  1.00000000,1,0,0.0,0.5
1284.2333,  1.00000000,1,0,0.0,0.5
1284.2667,  1.00000000,1,0,0.025000000000000001,0.5
1284.3000,  1.00000000,1,0,0.0,0.5
1284.3333,  1.00000000,1,0,0.0,0.5
1284.3667,  1.00000000,1,0,0.0,0.5
1284.4000,  1.00000000,1,0,0.025000000000000001,0.5
1284.4333,  1.00000000,1,0,0.025000000000000001,0.5
1284.4667,  1.00000000,1,0,0.0,0.5
1284.5000,  1.00000000,1,0,0.0,0.5
1284.5333,  1.00000000,1,0,0.025000000000000001,0.5
1284.5667,  1.00000000,1,0,0.0,0.5
1284.6000,  1.00000000,1,0,0.0,0.5
1284.6333,  1.00000000,1,0,0.025000000000000001,0.5
1284.6667,  1.00000000,1,0,0.050000000000000003,0.5
1284.7000,  1.00000000,1,0,0.025000000000000001,0.5
1284.7333,  1.00000000,1,0,0.025000000000000001,0.5
1284.7667,  1.00000000,1,0,0.025000000000000001,0.5
1284.8000,  1.00000000,1,0,0.0,0.5
1284.8333,  1.00000000,1,0,0.0,0.5
1284.8667,  1.00000000,1,0,0.025000000000000001,0.5
1284.9000,  1.00000000,1,0,0.0,0.5
1284.9333,  1.00000000,1,0,0.0,0.5
1284.9667,  1.00000000,1,0,0.0,0.5
1285.0000,  1.00000000,1,0,0.0,0.5
1285.0333,  1.00000000,1,0,0.0,0.5
1285.0667,  1.00000000,1,0,0.025000000000000001,0.5
1285.1000,  1.00000000,1,0,0.0,0.5
1285.1333,  1.00000000,1,0,0.0,0.5
1285.1667,  1.00000000,1,0,0.0,0.5
1285.2000,  1.00000000,1,0,0.050000000000000003,0.5
1285.2333,  1.00000000,1,0,0.0,0.5
1285.2667,  1.00000000,1,0,0.0,0.5
1285.3000,  1.00000000,1,0,0.0,0.5
1285.3333,  1.00000000,1,0,0.025000000000000001,0.5
1285.3667,  1.00000000,1,0,0.0,0.5
1285.4000,  1.00000000,1,0,0.025000000000000001,0.5
1285.4333,  1.00000000,1,0,0.0,0.5
1285.4667,  1.00000000,1,0,0.0,0.5
1285.5000,  1.00000000,1,0,0.0,0.5
1285.5333,  1.00000000,1,0,0.0,0.5
1285.5667,  1.00000000,1,0,0.0,0.5
1285.6000,  1.00000000,1,0,0.025000000000000001,0.5
1285.6333,  1.00000000,1,0,0.0,0.5
1285.6667,  1.00000000,1,0,0.0,0.5
1285.7000,  1.00000000,1,0,0.0,0.5
1285.7333,  1.00000000,1,0,0.025000000000000001,0.5
1285.7667,  1.00000000,1,0,0.025000000000000001,0.5
1285.8000,  1.00000000,1,0,0.0,0.5
1285.8333,  1.00000000,1,0,0.0,0.5
1285.8667,  1.00000000,1,0,0.0,0.5
1285.9000,  1.00000000,1,0,0.0,0.5
1285.9333,  1.00000000,1,0,0.0,0.5
1285.9667,  1.00000000,1,0,0.0,0.5
1286.0000,  1.00000000,1,0,0.0,0.5
1286.0333,  1.00000000,1,0,0.025000000000000001,0.5
1286.0667,  1.00000000,1,0,0.0,0.5
1286.1000,  1.00000000,1,0,0.0,0.5
1286.1333,  1.00000000,1,0,0.0,0.5
1286.1667,  1.00000000,1,0,0.0,0.5
1286.2000,  1.00000000,1,0,0.025000000000000001,0.5
1286.2333,  1.00000000,1,0,0.0,0.5
1286.2667,  1.00000000,1,0,0.0,0.5
1286.3000,  1.00000000,1,0,0.0,0.5
1286.3333,  1.00000000,1,0,0.0,0.5
1286.3667,  1.00000000,1,0,0.0,0.5
1286.4000,  1.00000000,1,0,0.0,0.5
1286.4333,  1.00000000,1,0,0.0,0.5
1286.4667,  1.00000000,1,0,0.0,0.5
1286.5000,  1.00000000,1,0,0.0,0.5
1286.5333,  1.00000000,1,0,0.0,0.5
1286.5667,  1.00000000,1,0,0.025000000000000001,0.5
1286.6000,  1.00000000,1,0,0.025000000000000001,0.5
1286.6333,  1.00000000,1,0,0.0,0.5
1286.6667,  1.00000000,1,0,0.0,0.5
1286.7000,  1.00000000,1,0,0.025000000000000001,0.5
1286.7333,  1.00000000,1,0,0.0,0.5
1286.7667,  1.00000000,1,0,0.025000000000000001,0.5
1286.8000,  1.00000000,1,0,0.0,0.5
1286.8333,  1.00000000,1,0,0.025000000000000001,0.5
1286.8667,  1.00000000,1,0,0.0,0.5
1286.9000,  1.00000000,1,0,0.0,0.5
1286.9333,  1.00000000,1,0,0.050000000000000003,0.5
1286.9667,  1.00000000,1,0,0.025000000000000001,0.5
1287.0000,  1.00000000,1,0,0.0,0.5
1287.0333,  1.00000000,1,0,0.025000000000000001,0.5
1287.0667,  1.00000000,1,0,0.025000000000000001,0.5
1287.1000,  1.00000000,1,0,0.0,0.5
1287.1333,  1.00000000,1,0,0.0,0.5
1287.1667,  1.00000000,1,0,0.0,0.5
1287.2000,  1.00000000,1,0,0.0,0.5
1287.2333,  1.00000000,1,0,0.0,0.5
1287.2667,  1.00000000,1,0,0.0,0.5
1287.3000,  1.00000000,1,0,0.025000000000000001,0.5
1287.3333,  1.00000000,1,0,0.0,0.5
1287.3667,  1.00000000,1,0,0.0,0.5
1287.4000,  1.00000000,1,0,0.0,0.5
1287.4333,  1.00000000,1,0,0.025000000000000001,0.5
1287.4667,  1.00000000,1,0,0.0,0.5
1287.5000,  1.00000000,1,0,0.0,0.5
1287.5333,  1.00000000,1,0,0.0,0.5
1287.5667,  1.00000000,1,0,0.0,0.5
1287.6000,  1.00000000,1,0,0.025000000000000001,0.5
1287.6333,  1.00000000,1,0,0.0,0.5
1287.6667,  1.00000000,1,0,0.0,0.5
1287.7000,  1.00000000,1,0,0.0,0.5
1287.7333,  1.00000000,1,0,0.050000000000000003,0.5
1287.7667,  1.00000000,1,0,0.025000000000000001,0.5
1287.8000,  1.00000000,1,0,0.0,0.5
1287.8333,  1.00000000,1,0,0.0,0.5
1287.8667,  1.00000000,1,0,0.025000000000000001,0.5
1287.9000,  1.00000000,1,0,0.0,0.5
1287.9333,  1.00000000,1,0,0.0,0.5
1287.9667,  1.00000000,1,0,0.0,0.5
1288.0000,  1.00000000,1,0,0.0,0.5
1288.0333,  1.00000000,1,0,0.0,0.5
1288.0667,  1.00000000,1,0,0.0,0.5
1288.1000,  1.00000000,1,0,0.0,0.5
1288.1333,  1.00000000,1,0,0.0,0.5
1288.1667,  1.00000000,1,0,0.0,0.5
1288.2000,  1.00000000,1,0,0.0,0.5
1288.2333,  1.00000000,1,0,0.025000000000000001,0.5
1288.2667,  1.00000000,1,0,0.025000000000000001,0.5
1288.3000,  1.00000000,1,0,0.025000000000000001,0.5
1288.3333,  1.00000000,1,0,0.0,0.5
1288.3667,  1.00000000,1,0,0.0,0.5
1288.4000,  1.00000000,1,0,0.0,0.5
1288.4333,  1.00000000,1,0,0.0,0.5
1288.4667,  1.00000000,1,0,0.025000000000000001,0.5
1288.5000,  1.00000000,1,0,0.0,0.5
1288.5333,  1.00000000,1,0,0.0,0.5
1288.5667,  1.00000000,1,0,0.0,0.5
1288.6000,  1.00000000,1,0,0.025000000000000001,0.5
1288.6333,  1.00000000,1,0,0.025000000000000001,0.5
1288.6667,  1.00000000,1,0,0.0,0.5
1288.7000,  1.00000000,1,0,0.0,0.5
1288.7333,  1.00000000,1,0,0.0,0.5
1288.7667,  1.00000000,1,0,0.0,0.5
1288.8000,  1.00000000,1,0,0.0,0.5
1288.8333,  1.00000000,1,0,0.0,0.5
1288.8667,  1.00000000,1,0,0.025000000000000001,0.5
1288.9000,  1.00000000,1,0,0.0,0.5
1288.9333,  1.00000000,1,0,0.0,0.5
1288.9667,  1.00000000,1,0,0.0,0.5
1289.0000,  1.00000000,1,0,0.0,0.5
1289.0333,  1.00000000,1,0,0.0,0.5
1289.0667,  1.00000000,1,0,0.025000000000000001,0.5
1289.1000,  1.00000000,1,0,0.025000000000000001,0.5
1289.1333,  1.00000000,1,0,0.0,0.5
1289.1667,  1.00000000,1,0,0.0,0.5
1289.2000,  1.00000000,1,0,0.0,0.5
1289.2333,  1.00000000,1,0,0.025000000000000001,0.5
1289.2667,  1.00000000,1,0,0.0,0.5
1289.3000,  1.00000000,1,0,0.050000000000000003,0.5
1289.3333,  1.00000000,1,0,0.0,0.5
1289.3667,  1.00000000,1,0,0.025000000000000001,0.5
1289.4000,  1.00000000,1,0,0.0,0.5
1289.4333,  1.00000000,1,0,0.050000000000000003,0.5
1289.4667,  1.00000000,1,0,0.0,0.5
1289.5000,  1.00000000,1,0,0.0,0.5
1289.5333,  1.00000000,1,0,0.0,0.5
1289.5667,  1.00000000,1,0,0.0,0.5
1289.6000,  1.00000000,1,0,0.0,0.5
1289.6333,  1.00000000,1,0,0.0,0.5
1289.6667,  1.00000000,1,0,0.050000000000000003,0.5
1289.7000,  1.00000000,1,0,0.025000000000000001,0.5
1289.7333,  1.00000000,1,0,0.025000000000000001,0.5
1289.7667,  1.00000000,1,0,0.0,0.5
1289.8000,  1.00000000,1,0,0.0,0.5
1289.8333,  1.00000000,1,0,0.0,0.5
1289.8667,  1.00000000,1,0,0.025000000000000001,0.5
1289.9000,  1.00000000,1,0,0.0,0.5
1289.9333,  1.00000000,1,0,0.0,0.5
1289.9667,  1.00000000,1,0,0.0,0.5
1290.0000,  1.00000000,1,0,0.0,0.5
1290.0333,  1.00000000,1,0,0.025000000000000001,0.5
1290.0667,  1.00000000,1,0,0.0,0.5
1290.1000,  1.00000000,1,0,0.0,0.5
1290.1333,  1.00000000,1,0,0.0,0.5
1290.1667,  1.00000000,1,0,0.025000000000000001,0.5
1290.2000,  1.00000000,1,0,0.025000000000000001,0.5
1290.2333,  1.00000000,1,0,0.0,0.5
1290.2667,  1.00000000,1,0,0.025000000000000001,0.5
1290.3000,  1.00000000,1,0,0.0,0.5
1290.3333,  1.00000000,1,0,0.0,0.5
1290.3667,  1.00000000,1,0,0.025000000000000001,0.5
1290.4000,  1.00000000,1,0,0.025000000000000001,0.5
1290.4333,  1.00000000,1,0,0.050000000000000003,0.5
1290.4667,  1.00000000,1,0,0.0,0.5
1290.5000,  1.00000000,1,0,0.0,0.5
1290.5333,  1.00000000,1,0,0.0,0.5
1290.5667,  1.00000000,1,0,0.0,0.5
1290.6000,  1.00000000,1,0,0.0,0.5
1290.6333,  1.00000000,1,0,0.0,0.5
1290.6667,  1.00000000,1,0,0.0,0.5
1290.7000,  1.00000000,1,0,0.0,0.5
1290.7333,  1.00000000,1,0,0.0,0.5
1290.7667,  1.00000000,1,0,0.0,0.5
1290.8000,  1.00000000,1,0,0.025000000000000001,0.5
1290.8333,  1.00000000,1,0,0.0,0.5
1290.8667,  1.00000000,1,0,0.0,0.5
1290.9000,  1.00000000,1,0,0.0,0.5
1290.9333,  1.00000000,1,0,0.025000000000000001,0.5
1290.9667,  1.00000000,1,0,0.0,0.5
1291.0000,  1.00000000,1,0,0.025000000000000001,0.5
1291.0333,  1.00000000,1,0,0.0,0.5
1291.0667,  1.00000000,1,0,0.0,0.5
1291.1000,  1.00000000,1,0,0.025000000000000001,0.5
1291.1333,  1.00000000,1,0,0.0,0.5
1291.1667,  1.00000000,1,0,0.0,0.5
1291.2000,  1.00000000,1,0,0.0,0.5
1291.2333,  1.00000000,1,0,0.0,0.5
1291.2667,  1.00000000,1,0,0.0,0.5
1291.3000,  1.00000000,1,0,0.0,0.5
1291.3333,  1.00000000,1,0,0.0,0.5
1291.3667,  1.00000000,1,0,0.025000000000000001,0.5
1291.4000,  1.00000000,1,0,0.0,0.5
1291.4333,  1.00000000,1,0,0.0,0.5
1291.4667,  1.00000000,1,0,0.0,0.5
1291.5000,  1.00000000,1,0,0.0,0.5
1291.5333,  1.00000000,1,0,0.0,0.5
1291.5667,  1.00000000,1,0,0.0,0.5
1291.6000,  1.00000000,1,0,0.0,0.5
1291.6333,  1.00000000,1,0,0.0,0.5
1291.6667,  1.00000000,1,0,0.0,0.5
1291.7000,  1.00000000,1,0,0.050000000000000003,0.5
1291.7333,  1.00000000,1,0,0.0,0.5
1291.7667,  1.00000000,1,0,0.0,0.5
1291.8000,  1.00000000,1,0,0.0,0.5
1291.8333,  1.00000000,1,0,0.025000000000000001,0.5
1291.8667,  1.00000000,1,0,0.0,0.5
1291.9000,  1.00000000,1,0,0.0,0.5
1291.9333,  1.00000000,1,0,0.025000000000000001,0.5
1291.9667,  1.00000000,1,0,0.0,0.5
1292.0000,  1.00000000,1,0,0.025000000000000001,0.5
1292.0333,  1.00000000,1,0,0.025000000000000001,0.5
1292.0667,  1.00000000,1,0,0.0,0.5
1292.1000,  1.00000000,1,0,0.0,0.5
1292.1333,  1.00000000,1,0,0.0,0.5
1292.1667,  1.00000000,1,0,0.0,0.5
1292.2000,  1.00000000,1,0,0.025000000000000001,0.5
1292.2333,  1.00000000,1,0,0.0,0.5
1292.2667,  1.00000000,1,0,0.0,0.5
1292.3000,  1.00000000,1,0,0.025000000000000001,0.5
1292.3333,  1.00000000,1,0,0.025000000000000001,0.5
1292.3667,  1.00000000,1,0,0.0,0.5
1292.4000,  1.00000000,1,0,0.050000000000000003,0.5
1292.4333,  1.00000000,1,0,0.025000000000000001,0.5
1292.4667,  1.00000000,1,0,0.050000000000000003,0.5
1292.5000,  1.00000000,1,0,0.0,0.5
1292.5333,  1.00000000,1,0,0.025000000000000001,0.5
1292.5667,  1.00000000,1,0,0.0,0.5
1292.6000,  1.00000000,1,0,0.0,0.5
1292.6333,  1.00000000,1,0,0.025000000000000001,0.5
1292.6667,  1.00000000,1,0,0.0,0.5
1292.7000,  1.00000000,1,0,0.0,0.5
1292.7333,  1.00000000,1,0,0.050000000000000003,0.5
1292.7667,  1.00000000,1,0,0.0,0.5
1292.8000,  1.00000000,1,0,0.0,0.5
1292.8333,  1.00000000,1,0,0.0,0.5
1292.8667,  1.00000000,1,0,0.0,0.5
1292.9000,  1.00000000,1,0,0.025000000000000001,0.5
1292.9333,  1.00000000,1,0,0.0,0.5
1292.9667,  1.00000000,1,0,0.0,0.5
1293.0000,  1.00000000,1,0,0.025000000000000001,0.5
1293.0333,  1.00000000,1,0,0.025000000000000001,0.5
1293.0667,  1.00000000,1,0,0.050000000000000003,0.5
1293.1000,  1.00000000,1,0,0.025000000000000001,0.5
1293.1333,  1.00000000,1,0,0.0,0.5
1293.1667,  1.00000000,1,0,0.025000000000000001,0.5
1293.2000,  1.00000000,1,0,0.0,0.5
1293.2333,  1.00000000,1,0,0.0,0.5
1293.2667,  1.00000000,1,0,0.0,0.5
1293.3000,  1.00000000,1,0,0.0,0.5
1293.3333,  1.00000000,1,0,0.0,0.5
1293.3667,  1.00000000,1,0,0.0,0.5
1293.4000,  1.00000000,1,0,0.0,0.5
1293.4333,  1.00000000,1,0,0.0,0.5
1293.4667,  1.00000000,1,0,0.0,0.5
1293.5000,  1.00000000,1,0,0.025000000000000001,0.5
1293.5333,  1.00000000,1,0,0.0,0.5
1293.5667,  1.00000000,1,0,0.0,0.5
1293.6000,  1.00000000,1,0,0.025000000000000001,0.5
1293.6333,  1.00000000,1,0,0.0,0.5
1293.6667,  1.00000000,1,0,0.0,0.5
1293.7000,  1.00000000,1,0,0.0,0.5
1293.7333,  1.00000000,1,0,0.0,0.5
1293.7667,  1.00000000,1,0,0.0,0.5
1293.8000,  1.00000000,1,0,0.0,0.5
1293.8333,  1.00000000,1,0,0.025000000000000001,0.5
1293.8667,  1.00000000,1,0,0.0,0.5
1293.9000,  1.00000000,1,0,0.025000000000000001,0.5
1293.9333,  1.00000000,1,0,0.025000000000000001,0.5
1293.9667,  1.00000000,1,0,0.0,0.5
1294.0000,  1.00000000,1,0,0.0,0.5
1294.0333,  1.00000000,1,0,0.025000000000000001,0.5
1294.0667,  1.00000000,1,0,0.0,0.5
1294.1000,  1.00000000,1,0,0.0,0.5
1294.1333,  1.00000000,1,0,0.0,0.5
1294.1667,  1.00000000,1,0,0.0,0.5
1294.2000,  1.00000000,1,0,0.025000000000000001,0.5
1294.2333,  1.00000000,1,0,0.0,0.5
1294.2667,  1.00000000,1,0,0.0,0.5
1294.3000,  1.00000000,1,0,0.025000000000000001,0.5
1294.3333,  1.00000000,1,0,0.025000000000000001,0.5
1294.3667,  1.00000000,1,0,0.0,0.5
1294.4000,  1.00000000,1,0,0.0,0.5
1294.4333,  1.00000000,1,0,0.0,0.5
1294.4667,  1.00000000,1,0,0.0,0.5
1294.5000,  1.00000000,1,0,0.0,0.5
1294.5333,  1.00000000,1,0,0.025000000000000001,0.5
1294.5667,  1.00000000,1,0,0.0,0.5
1294.6000,  1.00000000,1,0,0.0,0.5
1294.6333,  1.00000000,1,0,0.0,0.5
1294.6667,  1.00000000,1,0,0.025000000000000001,0.5
1294.7000,  1.00000000,1,0,0.025000000000000001,0.5
1294.7333,  1.00000000,1,0,0.0,0.5
1294.7667,  1.00000000,1,0,0.025000000000000001,0.5
1294.8000,  1.00000000,1,0,0.0,0.5
1294.8333,  1.00000000,1,0,0.0,0.5
1294.8667,  1.00000000,1,0,0.0,0.5
1294.9000,  1.00000000,1,0,0.025000000000000001,0.5
1294.9333,  1.00000000,1,0,0.0,0.5
1294.9667,  1.00000000,1,0,0.0,0.5
1295.0000,  1.00000000,1,0,0.025000000000000001,0.5
1295.0333,  1.00000000,1,0,0.0,0.5
1295.0667,  1.00000000,1,0,0.025000000000000001,0.5
1295.1000,  1.00000000,1,0,0.0,0.5
1295.1333,  1.00000000,1,0,0.0,0.5
1295.1667,  1.00000000,1,0,0.0,0.5
1295.2000,  1.00000000,1,0,0.025000000000000001,0.5
1295.2333,  1.00000000,1,0,0.0,0.5
1295.2667,  1.00000000,1,0,0.0,0.5
1295.3000,  1.00000000,1,0,0.0,0.5
1295.3333,  1.00000000,1,0,0.025000000000000001,0.5
1295.3667,  1.00000000,1,0,0.0,0.5
1295.4000,  1.00000000,1,0,0.050000000000000003,0.5
1295.4333,  1.00000000,1,0,0.025000000000000001,0.5
1295.4667,  1.00000000,1,0,0.025000000000000001,0.5
1295.5000,  1.00000000,1,0,0.0,0.5
1295.5333,  1.00000000,1,0,0.025000000000000001,0.5
1295.5667,  1.00000000,1,0,0.0,0.5
1295.6000,  1.00000000,1,0,0.0,0.5
1295.6333,  1.00000000,1,0,0.0,0.5
1295.6667,  1.00000000,1,0,0.0,0.5
1295.7000,  1.00000000,1,0,0.0,0.5
1295.7333,  1.00000000,1,0,0.0,0.5
1295.7667,  1.00000000,1,0,0.0,0.5
1295.8000,  1.00000000,1,0,0.0,0.5
1295.8333,  1.00000000,1,0,0.050000000000000003,0.5
1295.8667,  1.00000000,1,0,0.050000000000000003,0.5
1295.9000,  1.00000000,1,0,0.074999999999999997,0.5
1295.9333,  1.00000000,1,0,0.0,0.5
1295.9667,  1.00000000,1,0,0.025000000000000001,0.5
1296.0000,  1.00000000,1,0,0.025000000000000001,0.5
1296.0333,  1.00000000,1,0,0.0,0.5
1296.0667,  1.00000000,1,0,0.025000000000000001,0.5
1296.1000,  1.00000000,1,0,0.0,0.5
1296.1333,  1.00000000,1,0,0.050000000000000003,0.5
1296.1667,  1.00000000,1,0,0.025000000000000001,0.5
1296.2000,  1.00000000,1,0,0.025000000000000001,0.5
1296.2333,  1.00000000,1,0,0.0,0.5
1296.2667,  1.00000000,1,0,0.0,0.5
1296.3000,  1.00000000,1,0,0.0,0.5
1296.3333,  1.00000000,1,0,0.0,0.5
1296.3667,  1.00000000,1,0,0.050000000000000003,0.5
1296.4000,  1.00000000,1,0,0.025000000000000001,0.5
1296.4333,  1.00000000,1,0,0.025000000000000001,0.5
1296.4667,  1.00000000,1,0,0.0,0.5
1296.5000,  1.00000000,1,0,0.0,0.5
1296.5333,  1.00000000,1,0,0.0,0.5
1296.5667,  1.00000000,1,0,0.0,0.5
1296.6000,  1.00000000,1,0,0.0,0.5
1296.6333,  1.00000000,1,0,0.025000000000000001,0.5
1296.6667,  1.00000000,1,0,0.025000000000000001,0.5
1296.7000,  1.00000000,1,0,0.025000000000000001,0.5
1296.7333,  1.00000000,1,0,0.025000000000000001,0.5
1296.7667,  1.00000000,1,0,0.025000000000000001,0.5
1296.8000,  1.00000000,1,0,0.025000000000000001,0.5
1296.8333,  1.00000000,1,0,0.025000000000000001,0.5
1296.8667,  1.00000000,1,0,0.0,0.5
1296.9000,  1.00000000,1,0,0.0,0.5
1296.9333,  1.00000000,1,0,0.0,0.5
1296.9667,  1.00000000,1,0,0.0,0.5
1297.0000,  1.00000000,1,0,0.025000000000000001,0.5
1297.0333,  1.00000000,1,0,0.0,0.5
1297.0667,  1.00000000,1,0,0.025000000000000001,0.5
1297.1000,  1.00000000,1,0,0.025000000000000001,0.5
1297.1333,  1.00000000,1,0,0.025000000000000001,0.5
1297.1667,  1.00000000,1,0,0.025000000000000001,0.5
1297.2000,  1.00000000,1,0,0.0,0.5
1297.2333,  1.00000000,1,0,0.025000000000000001,0.5
1297.2667,  1.00000000,1,0,0.0,0.5
1297.3000,  1.00000000,1,0,0.0,0.5
1297.3333,  1.00000000,1,0,0.0,0.5
1297.3667,  1.00000000,1,0,0.0,0.5
1297.4000,  1.00000000,1,0,0.0,0.5
1297.4333,  1.00000000,1,0,0.025000000000000001,0.5
1297.4667,  1.00000000,1,0,0.0,0.5
1297.5000,  1.00000000,1,0,0.0,0.5
1297.5333,  1.00000000,1,0,0.0,0.5
1297.5667,  1.00000000,1,0,0.0,0.5
1297.6000,  1.00000000,1,0,0.0,0.5
1297.6333,  1.00000000,1,0,0.0,0.5
1297.6667,  1.00000000,1,0,0.025000000000000001,0.5
1297.7000,  1.00000000,1,0,0.025000000000000001,0.5
1297.7333,  1.00000000,1,0,0.0,0.5
1297.7667,  1.00000000,1,0,0.0,0.5
1297.8000,  1.00000000,1,0,0.0,0.5
1297.8333,  1.00000000,1,0,0.0,0.5
1297.8667,  1.00000000,1,0,0.025000000000000001,0.5
1297.9000,  1.00000000,1,0,0.025000000000000001,0.5
1297.9333,  1.00000000,1,0,0.0,0.5
1297.9667,  1.00000000,1,0,0.0,0.5
1298.0000,  1.00000000,1,0,0.025000000000000001,0.5
1298.0333,  1.00000000,1,0,0.0,0.5
1298.0667,  1.00000000,1,0,0.025000000000000001,0.5
1298.1000,  1.00000000,1,0,0.0,0.5
1298.1333,  1.00000000,1,0,0.0,0.5
1298.1667,  1.00000000,1,0,0.025000000000000001,0.5
1298.2000,  1.00000000,1,0,0.025000000000000001,0.5
1298.2333,  1.00000000,1,0,0.0,0.5
1298.2667,  1.00000000,1,0,0.0,0.5
1298.3000,  1.00000000,1,0,0.025000000000000001,0.5
1298.3333,  1.00000000,1,0,0.0,0.5
1298.3667,  1.00000000,1,0,0.0,0.5
1298.4000,  1.00000000,1,0,0.0,0.5
1298.4333,  1.00000000,1,0,0.025000000000000001,0.5
1298.4667,  1.00000000,1,0,0.0,0.5
1298.5000,  1.00000000,1,0,0.0,0.5
1298.5333,  1.00000000,1,0,0.0,0.5
1298.5667,  1.00000000,1,0,0.0,0.5
1298.6000,  1.00000000,1,0,0.0,0.5
1298.6333,  1.00000000,1,0,0.025000000000000001,0.5
1298.6667,  1.00000000,1,0,0.0,0.5
1298.7000,  1.00000000,1,0,0.0,0.5
1298.7333,  1.00000000,1,0,0.0,0.5
1298.7667,  1.00000000,1,0,0.0,0.5
1298.8000,  1.00000000,1,0,0.0,0.5
1298.8333,  1.00000000,1,0,0.025000000000000001,0.5
1298.8667,  1.00000000,1,0,0.0,0.5
1298.9000,  1.00000000,1,0,0.0,0.5
1298.9333,  1.00000000,1,0,0.0,0.5
1298.9667,  1.00000000,1,0,0.025000000000000001,0.5
1299.0000,  1.00000000,1,0,0.0,0.5
1299.0333,  1.00000000,1,0,0.0,0.5
1299.0667,  1.00000000,1,0,0.025000000000000001,0.5
1299.1000,  1.00000000,1,0,0.0,0.5
1299.1333,  1.00000000,1,0,0.0,0.5
1299.1667,  1.00000000,1,0,0.025000000000000001,0.5
1299.2000,  1.00000000,1,0,0.025000000000000001,0.5
1299.2333,  1.00000000,1,0,0.0,0.5
1299.2667,  1.00000000,1,0,0.0,0.5
1299.3000,  1.00000000,1,0,0.0,0.5
1299.3333,  1.00000000,1,0,0.0,0.5
1299.3667,  1.00000000,1,0,0.0,0.5
1299.4000,  1.00000000,1,0,0.0,0.5
1299.4333,  1.00000000,1,0,0.0,0.5
1299.4667,  1.00000000,1,0,0.025000000000000001,0.5
1299.5000,  1.00000000,1,0,0.0,0.5
1299.5333,  1.00000000,1,0,0.0,0.5
1299.5667,  1.00000000,1,0,0.0,0.5
1299.6000,  1.00000000,1,0,0.0,0.5
1299.6333,  1.00000000,1,0,0.0,0.5
1299.6667,  1.00000000,1,0,0.0,0.5
1299.7000,  1.00000000,1,0,0.025000000000000001,0.5
1299.7333,  1.00000000,1,0,0.0,0.5
1299.7667,  1.00000000,1,0,0.0,0.5
1299.8000,  1.00000000,1,0,0.0,0.5
1299.8333,  1.00000000,1,0,0.050000000000000003,0.5
1299.8667,  1.00000000,1,0,0.0,0.5
1299.9000,  1.00000000,1,0,0.0,0.5
1299.9333,  1.00000000,1,0,0.0,0.5
1299.9667,  1.00000000,1,0,0.0,0.5
1300.0000,  1.00000000,1,0,0.0,0.5
1300.0333,  1.00000000,1,0,0.0,0.5
1300.0667,  1.00000000,1,0,0.025000000000000001,0.5
1300.1000,  1.00000000,1,0,0.025000000000000001,0.5
1300.1333,  1.00000000,1,0,0.0,0.5
1300.1667,  1.00000000,1,0,0.025000000000000001,0.5
1300.2000,  1.00000000,1,0,0.025000000000000001,0.5
1300.2333,  1.00000000,1,0,0.050000000000000003,0.5
1300.2667,  1.00000000,1,0,0.0,0.5
1300.3000,  1.00000000,1,0,0.0,0.5
1300.3333,  1.00000000,1,0,0.0,0.5
1300.3667,  1.00000000,1,0,0.0,0.5
1300.4000,  1.00000000,1,0,0.0,0.5
1300.4333,  1.00000000,1,0,0.0,0.5
1300.4667,  1.00000000,1,0,0.0,0.5
1300.5000,  1.00000000,1,0,0.050000000000000003,0.5
1300.5333,  1.00000000,1,0,0.025000000000000001,0.5
1300.5667,  1.00000000,1,0,0.0,0.5
1300.6000,  1.00000000,1,0,0.025000000000000001,0.5
1300.6333,  1.00000000,1,0,0.0,0.5
1300.6667,  1.00000000,1,0,0.0,0.5
1300.7000,  1.00000000,1,0,0.025000000000000001,0.5
1300.7333,  1.00000000,1,0,0.0,0.5
1300.7667,  1.00000000,1,0,0.025000000000000001,0.5
1300.8000,  1.00000000,1,0,0.0,0.5
1300.8333,  1.00000000,1,0,0.025000000000000001,0.5
1300.8667,  1.00000000,1,0,0.025000000000000001,0.5
1300.9000,  1.00000000,1,0,0.0,0.5
1300.9333,  1.00000000,1,0,0.0,0.5
1300.9667,  1.00000000,1,0,0.0,0.5
1301.0000,  1.00000000,1,0,0.050000000000000003,0.5
1301.0333,  1.00000000,1,0,0.025000000000000001,0.5
1301.0667,  1.00000000,1,0,0.0,0.5
1301.1000,  1.00000000,1,0,0.0,0.5
1301.1333,  1.00000000,1,0,0.050000000000000003,0.5
1301.1667,  1.00000000,1,0,0.025000000000000001,0.5
1301.2000,  1.00000000,1,0,0.050000000000000003,0.5
1301.2333,  1.00000000,1,0,0.0,0.5
1301.2667,  1.00000000,1,0,0.0,0.5
1301.3000,  1.00000000,1,0,0.0,0.5
1301.3333,  1.00000000,1,0,0.0,0.5
1301.3667,  1.00000000,1,0,0.0,0.5
1301.4000,  1.00000000,1,0,0.0,0.5
1301.4333,  1.00000000,1,0,0.025000000000000001,0.5
1301.4667,  1.00000000,1,0,0.0,0.5
1301.5000,  1.00000000,1,0,0.0,0.5
1301.5333,  1.00000000,1,0,0.0,0.5
1301.5667,  1.00000000,1,0,0.0,0.5
1301.6000,  1.00000000,1,0,0.0,0.5
1301.6333,  1.00000000,1,0,0.025000000000000001,0.5
1301.6667,  1.00000000,1,0,0.0,0.5
1301.7000,  1.00000000,1,0,0.0,0.5
1301.7333,  1.00000000,1,0,0.025000000000000001,0.5
1301.7667,  1.00000000,1,0,0.025000000000000001,0.5
1301.8000,  1.00000000,1,0,0.0,0.5
1301.8333,  1.00000000,1,0,0.0,0.5
1301.8667,  1.00000000,1,0,0.0,0.5
1301.9000,  1.00000000,1,0,0.0,0.5
1301.9333,  1.00000000,1,0,0.0,0.5
1301.9667,  1.00000000,1,0,0.0,0.5
1302.0000,  1.00000000,1,0,0.0,0.5
1302.0333,  1.00000000,1,0,0.0,0.5
1302.0667,  1.00000000,1,0,0.0,0.5
1302.1000,  1.00000000,1,0,0.0,0.5
1302.1333,  1.00000000,1,0,0.0,0.5
1302.1667,  1.00000000,1,0,0.0,0.5
1302.2000,  1.00000000,1,0,0.0,0.5
1302.2333,  1.00000000,1,0,0.0,0.5
1302.2667,  1.00000000,1,0,0.0,0.5
1302.3000,  1.00000000,1,0,0.025000000000000001,0.5
1302.3333,  1.00000000,1,0,0.0,0.5
1302.3667,  1.00000000,1,0,0.0,0.5
1302.4000,  1.00000000,1,0,0.0,0.5
1302.4333,  1.00000000,1,0,0.0,0.5
1302.4667,  1.00000000,1,0,0.0,0.5
1302.5000,  1.00000000,1,0,0.0,0.5
1302.5333,  1.00000000,1,0,0.0,0.5
1302.5667,  1.00000000,1,0,0.0,0.5
1302.6000,  1.00000000,1,0,0.050000000000000003,0.5
1302.6333,  1.00000000,1,0,0.025000000000000001,0.5
1302.6667,  1.00000000,1,0,0.0,0.5
1302.7000,  1.00000000,1,0,0.0,0.5
1302.7333,  1.00000000,1,0,0.0,0.5
1302.7667,  1.00000000,1,0,0.0,0.5
1302.8000,  1.00000000,1,0,0.0,0.5
1302.8333,  1.00000000,1,0,0.0,0.5
1302.8667,  1.00000000,1,0,0.0,0.5
1302.9000,  1.00000000,1,0,0.0,0.5
1302.9333,  1.00000000,1,0,0.0,0.5
1302.9667,  1.00000000,1,0,0.0,0.5
1303.0000,  1.00000000,1,0,0.0,0.5
1303.0333,  1.00000000,1,0,0.025000000000000001,0.5
1303.0667,  1.00000000,1,0,0.0,0.5
1303.1000,  1.00000000,1,0,0.0,0.5
1303.1333,  1.00000000,1,0,0.0,0.5
1303.1667,  1.00000000,1,0,0.0,0.5
1303.2000,  1.00000000,1,0,0.0,0.5
1303.2333,  1.00000000,1,0,0.050000000000000003,0.5
1303.2667,  1.00000000,1,0,0.074999999999999997,0.5
1303.3000,  1.00000000,1,0,0.0,0.5
1303.3333,  1.00000000,1,0,0.0,0.5
1303.3667,  1.00000000,1,0,0.0,0.5
1303.4000,  1.00000000,1,0,0.0,0.5
1303.4333,  1.00000000,1,0,0.0,0.5
1303.4667,  1.00000000,1,0,0.0,0.5
1303.5000,  1.00000000,1,0,0.0,0.5
1303.5333,  1.00000000,1,0,0.0,0.5
1303.5667,  1.00000000,1,0,0.050000000000000003,0.5
1303.6000,  1.00000000,1,0,0.025000000000000001,0.5
1303.6333,  1.00000000,1,0,0.025000000000000001,0.5
1303.6667,  1.00000000,1,0,0.0,0.5
1303.7000,  1.00000000,1,0,0.0,0.5
1303.7333,  1.00000000,1,0,0.025000000000000001,0.5
1303.7667,  1.00000000,1,0,0.0,0.5
1303.8000,  1.00000000,1,0,0.0,0.5
1303.8333,  1.00000000,1,0,0.0,0.5
1303.8667,  1.00000000,1,0,0.0,0.5
1303.9000,  1.00000000,1,0,0.025000000000000001,0.5
1303.9333,  1.00000000,1,0,0.0,0.5
1303.9667,  1.00000000,1,0,0.025000000000000001,0.5
1304.0000,  1.00000000,1,0,0.0,0.5
1304.0333,  1.00000000,1,0,0.0,0.5
1304.0667,  1.00000000,1,0,0.0,0.5
1304.1000,  1.00000000,1,0,0.025000000000000001,0.5
1304.1333,  1.00000000,1,0,0.0,0.5
1304.1667,  1.00000000,1,0,0.0,0.5
1304.2000,  1.00000000,1,0,0.0,0.5
1304.2333,  1.00000000,1,0,0.0,0.5
1304.2667,  1.00000000,1,0,0.0,0.5
1304.3000,  1.00000000,1,0,0.0,0.5
1304.3333,  1.00000000,1,0,0.0,0.5
1304.3667,  1.00000000,1,0,0.0,0.5
1304.4000,  1.00000000,1,0,0.0,0.5
1304.4333,  1.00000000,1,0,0.0,0.5
1304.4667,  1.00000000,1,0,0.0,0.5
1304.5000,  1.00000000,1,0,0.0,0.5
1304.5333,  1.00000000,1,0,0.0,0.5
1304.5667,  1.00000000,1,0,0.0,0.5
1304.6000,  1.00000000,1,0,0.0,0.5
1304.6333,  1.00000000,1,0,0.0,0.5
1304.6667,  1.00000000,1,0,0.0,0.5
1304.7000,  1.00000000,1,0,0.0,0.5
1304.7333,  1.00000000,1,0,0.0,0.5
1304.7667,  1.00000000,1,0,0.0,0.5
1304.8000,  1.00000000,1,0,0.0,0.5
1304.8333,  1.00000000,1,0,0.0,0.5
1304.8667,  1.00000000,1,0,0.0,0.5
1304.9000,  1.00000000,1,0,0.0,0.5
1304.9333,  1.00000000,1,0,0.0,0.5
1304.9667,  1.00000000,1,0,0.0,0.5
1305.0000,  1.00000000,1,0,0.0,0.5
1305.0333,  1.00000000,1,0,0.025000000000000001,0.5
1305.0667,  1.00000000,1,0,0.0,0.5
1305.1000,  1.00000000,1,0,0.0,0.5
1305.1333,  1.00000000,1,0,0.025000000000000001,0.5
1305.1667,  1.00000000,1,0,0.0,0.5
1305.2000,  1.00000000,1,0,0.0,0.5
1305.2333,  1.00000000,1,0,0.025000000000000001,0.5
1305.2667,  1.00000000,1,0,0.025000000000000001,0.5
1305.3000,  1.00000000,1,0,0.0,0.5
1305.3333,  1.00000000,1,0,0.025000000000000001,0.5
1305.3667,  1.00000000,1,0,0.0,0.5
1305.4000,  1.00000000,1,0,0.0,0.5
1305.4333,  1.00000000,1,0,0.0,0.5
1305.4667,  1.00000000,1,0,0.025000000000000001,0.5
1305.5000,  1.00000000,1,0,0.0,0.5
1305.5333,  1.00000000,1,0,0.0,0.5
1305.5667,  1.00000000,1,0,0.0,0.5
1305.6000,  1.00000000,1,0,0.050000000000000003,0.5
1305.6333,  1.00000000,1,0,0.0,0.5
1305.6667,  1.00000000,1,0,0.0,0.5
1305.7000,  1.00000000,1,0,0.025000000000000001,0.5
1305.7333,  1.00000000,1,0,0.0,0.5
1305.7667,  1.00000000,1,0,0.025000000000000001,0.5
1305.8000,  1.00000000,1,0,0.0,0.5
1305.8333,  1.00000000,1,0,0.025000000000000001,0.5
1305.8667,  1.00000000,1,0,0.025000000000000001,0.5
1305.9000,  1.00000000,1,0,0.0,0.5
1305.9333,  1.00000000,1,0,0.0,0.5
1305.9667,  1.00000000,1,0,0.0,0.5
1306.0000,  1.00000000,1,0,0.0,0.5
1306.0333,  1.00000000,1,0,0.0,0.5
1306.0667,  1.00000000,1,0,0.0,0.5
1306.1000,  1.00000000,1,0,0.0,0.5
1306.1333,  1.00000000,1,0,0.0,0.5
1306.1667,  1.00000000,1,0,0.0,0.5
1306.2000,  1.00000000,1,0,0.0,0.5
1306.2333,  1.00000000,1,0,0.025000000000000001,0.5
1306.2667,  1.00000000,1,0,0.0,0.5
1306.3000,  1.00000000,1,0,0.0,0.5
1306.3333,  1.00000000,1,0,0.0,0.5
1306.3667,  1.00000000,1,0,0.025000000000000001,0.5
1306.4000,  1.00000000,1,0,0.0,0.5
1306.4333,  1.00000000,1,0,0.025000000000000001,0.5
1306.4667,  1.00000000,1,0,0.0,0.5
1306.5000,  1.00000000,1,0,0.0,0.5
1306.5333,  1.00000000,1,0,0.0,0.5
1306.5667,  1.00000000,1,0,0.0,0.5
1306.6000,  1.00000000,1,0,0.0,0.5
1306.6333,  1.00000000,1,0,0.025000000000000001,0.5
1306.6667,  1.00000000,1,0,0.025000000000000001,0.5
1306.7000,  1.00000000,1,0,0.0,0.5
1306.7333,  1.00000000,1,0,0.0,0.5
1306.7667,  1.00000000,1,0,0.0,0.5
1306.8000,  1.00000000,1,0,0.0,0.5
1306.8333,  1.00000000,1,0,0.0,0.5
1306.8667,  1.00000000,1,0,0.025000000000000001,0.5
1306.9000,  1.00000000,1,0,0.0,0.5
1306.9333,  1.00000000,1,0,0.0,0.5
1306.9667,  1.00000000,1,0,0.0,0.5
1307.0000,  1.00000000,1,0,0.0,0.5
1307.0333,  1.00000000,1,0,0.0,0.5
1307.0667,  1.00000000,1,0,0.0,0.5
1307.1000,  1.00000000,1,0,0.025000000000000001,0.5
1307.1333,  1.00000000,1,0,0.0,0.5
1307.1667,  1.00000000,1,0,0.025000000000000001,0.5
1307.2000,  1.00000000,1,0,0.0,0.5
1307.2333,  1.00000000,1,0,0.025000000000000001,0.5
1307.2667,  1.00000000,1,0,0.0,0.5
1307.3000,  1.00000000,1,0,0.0,0.5
1307.3333,  1.00000000,1,0,0.025000000000000001,0.5
1307.3667,  1.00000000,1,0,0.025000000000000001,0.5
1307.4000,  1.00000000,1,0,0.0,0.5
1307.4333,  1.00000000,1,0,0.0,0.5
1307.4667,  1.00000000,1,0,0.0,0.5
1307.5000,  1.00000000,1,0,0.025000000000000001,0.5
1307.5333,  1.00000000,1,0,0.0,0.5
1307.5667,  1.00000000,1,0,0.0,0.5
1307.6000,  1.00000000,1,0,0.0,0.5
1307.6333,  1.00000000,1,0,0.025000000000000001,0.5
1307.6667,  1.00000000,1,0,0.0,0.5
1307.7000,  1.00000000,1,0,0.0,0.5
1307.7333,  1.00000000,1,0,0.0,0.5
1307.7667,  1.00000000,1,0,0.0,0.5
1307.8000,  1.00000000,1,0,0.0,0.5
1307.8333,  1.00000000,1,0,0.0,0.5
1307.8667,  1.00000000,1,0,0.0,0.5
1307.9000,  1.00000000,1,0,0.0,0.5
1307.9333,  1.00000000,1,0,0.0,0.5
1307.9667,  1.00000000,1,0,0.025000000000000001,0.5
1308.0000,  1.00000000,1,0,0.0,0.5
1308.0333,  1.00000000,1,0,0.0,0.5
1308.0667,  1.00000000,1,0,0.0,0.5
1308.1000,  1.00000000,1,0,0.0,0.5
1308.1333,  1.00000000,1,0,0.0,0.5
1308.1667,  1.00000000,1,0,0.0,0.5
1308.2000,  1.00000000,1,0,0.025000000000000001,0.5
1308.2333,  1.00000000,1,0,0.0,0.5
1308.2667,  1.00000000,1,0,0.0,0.5
1308.3000,  1.00000000,1,0,0.025000000000000001,0.5
1308.3333,  1.00000000,1,0,0.0,0.5
1308.3667,  1.00000000,1,0,0.0,0.5
1308.4000,  1.00000000,1,0,0.0,0.5
1308.4333,  1.00000000,1,0,0.025000000000000001,0.5
1308.4667,  1.00000000,1,0,0.025000000000000001,0.5
1308.5000,  1.00000000,1,0,0.0,0.5
1308.5333,  1.00000000,1,0,0.025000000000000001,0.5
1308.5667,  1.00000000,1,0,0.025000000000000001,0.5
1308.6000,  1.00000000,1,0,0.0,0.5
1308.6333,  1.00000000,1,0,0.025000000000000001,0.5
1308.6667,  1.00000000,1,0,0.050000000000000003,0.5
1308.7000,  1.00000000,1,0,0.0,0.5
1308.7333,  1.00000000,1,0,0.0,0.5
1308.7667,  1.00000000,1,0,0.0,0.5
1308.8000,  1.00000000,1,0,0.025000000000000001,0.5
1308.8333,  1.00000000,1,0,0.0,0.5
1308.8667,  1.00000000,1,0,0.0,0.5
1308.9000,  1.00000000,1,0,0.0,0.5
1308.9333,  1.00000000,1,0,0.0,0.5
1308.9667,  1.00000000,1,0,0.025000000000000001,0.5
1309.0000,  1.00000000,1,0,0.0,0.5
1309.0333,  1.00000000,1,0,0.0,0.5
1309.0667,  1.00000000,1,0,0.025000000000000001,0.5
1309.1000,  1.00000000,1,0,0.025000000000000001,0.5
1309.1333,  1.00000000,1,0,0.025000000000000001,0.5
1309.1667,  1.00000000,1,0,0.0,0.5
1309.2000,  1.00000000,1,0,0.025000000000000001,0.5
1309.2333,  1.00000000,1,0,0.050000000000000003,0.5
1309.2667,  1.00000000,1,0,0.0,0.5
1309.3000,  1.00000000,1,0,0.050000000000000003,0.5
1309.3333,  1.00000000,1,0,0.0,0.5
1309.3667,  1.00000000,1,0,0.025000000000000001,0.5
1309.4000,  1.00000000,1,0,0.025000000000000001,0.5
1309.4333,  1.00000000,1,0,0.0,0.5
1309.4667,  1.00000000,1,0,0.0,0.5
1309.5000,  1.00000000,1,0,0.050000000000000003,0.5
1309.5333,  1.00000000,1,0,0.0,0.5
1309.5667,  1.00000000,1,0,0.0,0.5
1309.6000,  1.00000000,1,0,0.0,0.5
1309.6333,  1.00000000,1,0,0.0,0.5
1309.6667,  1.00000000,1,0,0.025000000000000001,0.5
1309.7000,  1.00000000,1,0,0.0,0.5
1309.7333,  1.00000000,1,0,0.0,0.5
1309.7667,  1.00000000,1,0,0.025000000000000001,0.5
1309.8000,  1.00000000,1,0,0.025000000000000001,0.5
1309.8333,  1.00000000,1,0,0.0,0.5
1309.8667,  1.00000000,1,0,0.0,0.5
1309.9000,  1.00000000,1,0,0.025000000000000001,0.5
1309.9333,  1.00000000,1,0,0.0,0.5
1309.9667,  1.00000000,1,0,0.0,0.5
1310.0000,  1.00000000,1,0,0.0,0.5
1310.0333,  1.00000000,1,0,0.0,0.5
1310.0667,  1.00000000,1,0,0.025000000000000001,0.5
1310.1000,  1.00000000,1,0,0.0,0.5
1310.1333,  1.00000000,1,0,0.0,0.5
1310.1667,  1.00000000,1,0,0.0,0.5
1310.2000,  1.00000000,1,0,0.0,0.5
1310.2333,  1.00000000,1,0,0.0,0.5
1310.2667,  1.00000000,1,0,0.025000000000000001,0.5
1310.3000,  1.00000000,1,0,0.0,0.5
1310.3333,  1.00000000,1,0,0.025000000000000001,0.5
1310.3667,  1.00000000,1,0,0.0,0.5
1310.4000,  1.00000000,1,0,0.025000000000000001,0.5
1310.4333,  1.00000000,1,0,0.0,0.5
1310.4667,  1.00000000,1,0,0.0,0.5
1310.5000,  1.00000000,1,0,0.0,0.5
1310.5333,  1.00000000,1,0,0.0,0.5
1310.5667,  1.00000000,1,0,0.0,0.5
1310.6000,  1.00000000,1,0,0.0,0.5
1310.6333,  1.00000000,1,0,0.025000000000000001,0.5
1310.6667,  1.00000000,1,0,0.0,0.5
1310.7000,  1.00000000,1,0,0.0,0.5
1310.7333,  1.00000000,1,0,0.0,0.5
1310.7667,  1.00000000,1,0,0.0,0.5
1310.8000,  1.00000000,1,0,0.0,0.5
1310.8333,  1.00000000,1,0,0.0,0.5
1310.8667,  1.00000000,1,0,0.0,0.5
1310.9000,  1.00000000,1,0,0.0,0.5
1310.9333,  1.00000000,1,0,0.0,0.5
1310.9667,  1.00000000,1,0,0.0,0.5
1311.0000,  1.00000000,1,0,0.025000000000000001,0.5
1311.0333,  1.00000000,1,0,0.0,0.5
1311.0667,  1.00000000,1,0,0.0,0.5
1311.1000,  1.00000000,1,0,0.0,0.5
1311.1333,  1.00000000,1,0,0.0,0.5
1311.1667,  1.00000000,1,0,0.025000000000000001,0.5
1311.2000,  1.00000000,1,0,0.0,0.5
1311.2333,  1.00000000,1,0,0.0,0.5
1311.2667,  1.00000000,1,0,0.0,0.5
1311.3000,  1.00000000,1,0,0.0,0.5
1311.3333,  1.00000000,1,0,0.025000000000000001,0.5
1311.3667,  1.00000000,1,0,0.025000000000000001,0.5
1311.4000,  1.00000000,1,0,0.0,0.5
1311.4333,  1.00000000,1,0,0.0,0.5
1311.4667,  1.00000000,1,0,0.0,0.5
1311.5000,  1.00000000,1,0,0.0,0.5
1311.5333,  1.00000000,1,0,0.0,0.5
1311.5667,  1.00000000,1,0,0.0,0.5
1311.6000,  1.00000000,1,0,0.025000000000000001,0.5
1311.6333,  1.00000000,1,0,0.0,0.5
1311.6667,  1.00000000,1,0,0.025000000000000001,0.5
1311.7000,  1.00000000,1,0,0.0,0.5
1311.7333,  1.00000000,1,0,0.0,0.5
1311.7667,  1.00000000,1,0,0.025000000000000001,0.5
1311.8000,  1.00000000,1,0,0.0,0.5
1311.8333,  1.00000000,1,0,0.025000000000000001,0.5
1311.8667,  1.00000000,1,0,0.025000000000000001,0.5
1311.9000,  1.00000000,1,0,0.0,0.5
1311.9333,  1.00000000,1,0,0.0,0.5
1311.9667,  1.00000000,1,0,0.0,0.5
1312.0000,  1.00000000,1,0,0.0,0.5
1312.0333,  1.00000000,1,0,0.0,0.5
1312.0667,  1.00000000,1,0,0.0,0.5
1312.1000,  1.00000000,1,0,0.0,0.5
1312.1333,  1.00000000,1,0,0.025000000000000001,0.5
1312.1667,  1.00000000,1,0,0.0,0.5
1312.2000,  1.00000000,1,0,0.0,0.5
1312.2333,  1.00000000,1,0,0.0,0.5
1312.2667,  1.00000000,1,0,0.050000000000000003,0.5
1312.3000,  1.00000000,1,0,0.025000000000000001,0.5
1312.3333,  1.00000000,1,0,0.0,0.5
1312.3667,  1.00000000,1,0,0.025000000000000001,0.5
1312.4000,  1.00000000,1,0,0.050000000000000003,0.5
1312.4333,  1.00000000,1,0,0.0,0.5
1312.4667,  1.00000000,1,0,0.025000000000000001,0.5
1312.5000,  1.00000000,1,0,0.0,0.5
1312.5333,  1.00000000,1,0,0.025000000000000001,0.5
1312.5667,  1.00000000,1,0,0.0,0.5
1312.6000,  1.00000000,1,0,0.0,0.5
1312.6333,  1.00000000,1,0,0.0,0.5
1312.6667,  1.00000000,1,0,0.0,0.5
1312.7000,  1.00000000,1,0,0.0,0.5
1312.7333,  1.00000000,1,0,0.0,0.5
1312.7667,  1.00000000,1,0,0.025000000000000001,0.5
1312.8000,  1.00000000,1,0,0.025000000000000001,0.5
1312.8333,  1.00000000,1,0,0.025000000000000001,0.5
1312.8667,  1.00000000,1,0,0.025000000000000001,0.5
1312.9000,  1.00000000,1,0,0.0,0.5
1312.9333,  1.00000000,1,0,0.0,0.5
1312.9667,  1.00000000,1,0,0.050000000000000003,0.5
1313.0000,  1.00000000,1,0,0.0,0.5
1313.0333,  1.00000000,1,0,0.0,0.5
1313.0667,  1.00000000,1,0,0.025000000000000001,0.5
1313.1000,  1.00000000,1,0,0.025000000000000001,0.5
1313.1333,  1.00000000,1,0,0.0,0.5
1313.1667,  1.00000000,1,0,0.0,0.5
1313.2000,  1.00000000,1,0,0.025000000000000001,0.5
1313.2333,  1.00000000,1,0,0.0,0.5
1313.2667,  1.00000000,1,0,0.0,0.5
1313.3000,  1.00000000,1,0,0.0,0.5
1313.3333,  1.00000000,1,0,0.025000000000000001,0.5
1313.3667,  1.00000000,1,0,0.0,0.5
1313.4000,  1.00000000,1,0,0.0,0.5
1313.4333,  1.00000000,1,0,0.0,0.5
1313.4667,  1.00000000,1,0,0.0,0.5
1313.5000,  1.00000000,1,0,0.0,0.5
1313.5333,  1.00000000,1,0,0.0,0.5
1313.5667,  1.00000000,1,0,0.025000000000000001,0.5
1313.6000,  1.00000000,1,0,0.0,0.5
1313.6333,  1.00000000,1,0,0.0,0.5
1313.6667,  1.00000000,1,0,0.0,0.5
1313.7000,  1.00000000,1,0,0.025000000000000001,0.5
1313.7333,  1.00000000,1,0,0.0,0.5
1313.7667,  1.00000000,1,0,0.0,0.5
1313.8000,  1.00000000,1,0,0.0,0.5
1313.8333,  1.00000000,1,0,0.0,0.5
1313.8667,  1.00000000,1,0,0.0,0.5
1313.9000,  1.00000000,1,0,0.025000000000000001,0.5
1313.9333,  1.00000000,1,0,0.025000000000000001,0.5
1313.9667,  1.00000000,1,0,0.050000000000000003,0.5
1314.0000,  1.00000000,1,0,0.0,0.5
1314.0333,  1.00000000,1,0,0.0,0.5
1314.0667,  1.00000000,1,0,0.0,0.5
1314.1000,  1.00000000,1,0,0.0,0.5
1314.1333,  1.00000000,1,0,0.0,0.5
1314.1667,  1.00000000,1,0,0.0,0.5
1314.2000,  1.00000000,1,0,0.0,0.5
1314.2333,  1.00000000,1,0,0.0,0.5
1314.2667,  1.00000000,1,0,0.025000000000000001,0.5
1314.3000,  1.00000000,1,0,0.025000000000000001,0.5
1314.3333,  1.00000000,1,0,0.0,0.5
1314.3667,  1.00000000,1,0,0.025000000000000001,0.5
1314.4000,  1.00000000,1,0,0.0,0.5
1314.4333,  1.00000000,1,0,0.0,0.5
1314.4667,  1.00000000,1,0,0.025000000000000001,0.5
1314.5000,  1.00000000,1,0,0.0,0.5
1314.5333,  1.00000000,1,0,0.025000000000000001,0.5
1314.5667,  1.00000000,1,0,0.0,0.5
1314.6000,  1.00000000,1,0,0.0,0.5
1314.6333,  1.00000000,1,0,0.0,0.5
1314.6667,  1.00000000,1,0,0.0,0.5
1314.7000,  1.00000000,1,0,0.025000000000000001,0.5
1314.7333,  1.00000000,1,0,0.0,0.5
1314.7667,  1.00000000,1,0,0.025000000000000001,0.5
1314.8000,  1.00000000,1,0,0.0,0.5
1314.8333,  1.00000000,1,0,0.0,0.5
1314.8667,  1.00000000,1,0,0.0,0.5
1314.9000,  1.00000000,1,0,0.025000000000000001,0.5
1314.9333,  1.00000000,1,0,0.0,0.5
1314.9667,  1.00000000,1,0,0.0,0.5
1315.0000,  1.00000000,1,0,0.0,0.5
1315.0333,  1.00000000,1,0,0.0,0.5
1315.0667,  1.00000000,1,0,0.0,0.5
1315.1000,  1.00000000,1,0,0.0,0.5
1315.1333,  1.00000000,1,0,0.0,0.5
1315.1667,  1.00000000,1,0,0.025000000000000001,0.5
1315.2000,  1.00000000,1,0,0.0,0.5
1315.2333,  1.00000000,1,0,0.0,0.5
1315.2667,  1.00000000,1,0,0.0,0.5
1315.3000,  1.00000000,1,0,0.0,0.5
1315.3333,  1.00000000,1,0,0.0,0.5
1315.3667,  1.00000000,1,0,0.0,0.5
1315.4000,  1.00000000,1,0,0.025000000000000001,0.5
1315.4333,  1.00000000,1,0,0.0,0.5
1315.4667,  1.00000000,1,0,0.0,0.5
1315.5000,  1.00000000,1,0,0.0,0.5
1315.5333,  1.00000000,1,0,0.050000000000000003,0.5
1315.5667,  1.00000000,1,0,0.025000000000000001,0.5
1315.6000,  1.00000000,1,0,0.0,0.5
1315.6333,  1.00000000,1,0,0.0,0.5
1315.6667,  1.00000000,1,0,0.025000000000000001,0.5
1315.7000,  1.00000000,1,0,0.025000000000000001,0.5
1315.7333,  1.00000000,1,0,0.0,0.5
1315.7667,  1.00000000,1,0,0.050000000000000003,0.5
1315.8000,  1.00000000,1,0,0.0,0.5
1315.8333,  1.00000000,1,0,0.025000000000000001,0.5
1315.8667,  1.00000000,1,0,0.0,0.5
1315.9000,  1.00000000,1,0,0.025000000000000001,0.5
1315.9333,  1.00000000,1,0,0.0,0.5
1315.9667,  1.00000000,1,0,0.050000000000000003,0.5
1316.0000,  1.00000000,1,0,0.0,0.5
1316.0333,  1.00000000,1,0,0.0,0.5
1316.0667,  1.00000000,1,0,0.050000000000000003,0.5
1316.1000,  1.00000000,1,0,0.0,0.5
1316.1333,  1.00000000,1,0,0.0,0.5
1316.1667,  1.00000000,1,0,0.0,0.5
1316.2000,  1.00000000,1,0,0.0,0.5
1316.2333,  1.00000000,1,0,0.025000000000000001,0.5
1316.2667,  1.00000000,1,0,0.0,0.5
1316.3000,  1.00000000,1,0,0.0,0.5
1316.3333,  1.00000000,1,0,0.0,0.5
1316.3667,  1.00000000,1,0,0.0,0.5
1316.4000,  1.00000000,1,0,0.0,0.5
1316.4333,  1.00000000,1,0,0.0,0.5
1316.4667,  1.00000000,1,0,0.0,0.5
1316.5000,  1.00000000,1,0,0.025000000000000001,0.5
1316.5333,  1.00000000,1,0,0.025000000000000001,0.5
1316.5667,  1.00000000,1,0,0.0,0.5
1316.6000,  1.00000000,1,0,0.0,0.5
1316.6333,  1.00000000,1,0,0.050000000000000003,0.5
1316.6667,  1.00000000,1,0,0.025000000000000001,0.5
1316.7000,  1.00000000,1,0,0.025000000000000001,0.5
1316.7333,  1.00000000,1,0,0.025000000000000001,0.5
1316.7667,  1.00000000,1,0,0.0,0.5
1316.8000,  1.00000000,1,0,0.025000000000000001,0.5
1316.8333,  1.00000000,1,0,0.0,0.5
1316.8667,  1.00000000,1,0,0.0,0.5
1316.9000,  1.00000000,1,0,0.025000000000000001,0.5
1316.9333,  1.00000000,1,0,0.025000000000000001,0.5
1316.9667,  1.00000000,1,0,0.025000000000000001,0.5
1317.0000,  1.00000000,1,0,0.0,0.5
1317.0333,  1.00000000,1,0,0.0,0.5
1317.0667,  1.00000000,1,0,0.0,0.5
1317.1000,  1.00000000,1,0,0.0,0.5
1317.1333,  1.00000000,1,0,0.0,0.5
1317.1667,  1.00000000,1,0,0.025000000000000001,0.5
1317.2000,  1.00000000,1,0,0.0,0.5
1317.2333,  1.00000000,1,0,0.0,0.5
1317.2667,  1.00000000,1,0,0.025000000000000001,0.5
1317.3000,  1.00000000,1,0,0.0,0.5
1317.3333,  1.00000000,1,0,0.0,0.5
1317.3667,  1.00000000,1,0,0.0,0.5
1317.4000,  1.00000000,1,0,0.0,0.5
1317.4333,  1.00000000,1,0,0.0,0.5
1317.4667,  1.00000000,1,0,0.0,0.5
1317.5000,  1.00000000,1,0,0.0,0.5
1317.5333,  1.00000000,1,0,0.0,0.5
1317.5667,  1.00000000,1,0,0.025000000000000001,0.5
1317.6000,  1.00000000,1,0,0.0,0.5
1317.6333,  1.00000000,1,0,0.0,0.5
1317.6667,  1.00000000,1,0,0.0,0.5
1317.7000,  1.00000000,1,0,0.0,0.5
1317.7333,  1.00000000,1,0,0.0,0.5
1317.7667,  1.00000000,1,0,0.0,0.5
1317.8000,  1.00000000,1,0,0.025000000000000001,0.5
1317.8333,  1.00000000,1,0,0.0,0.5
1317.8667,  1.00000000,1,0,0.0,0.5
1317.9000,  1.00000000,1,0,0.0,0.5
1317.9333,  1.00000000,1,0,0.0,0.5
1317.9667,  1.00000000,1,0,0.0,0.5
1318.0000,  1.00000000,1,0,0.025000000000000001,0.5
1318.0333,  1.00000000,1,0,0.0,0.5
1318.0667,  1.00000000,1,0,0.0,0.5
1318.1000,  1.00000000,1,0,0.0,0.5
1318.1333,  1.00000000,1,0,0.0,0.5
1318.1667,  1.00000000,1,0,0.0,0.5
1318.2000,  1.00000000,1,0,0.025000000000000001,0.5
1318.2333,  1.00000000,1,0,0.025000000000000001,0.5
1318.2667,  1.00000000,1,0,0.0,0.5
1318.3000,  1.00000000,1,0,0.0,0.5
1318.3333,  1.00000000,1,0,0.0,0.5
1318.3667,  1.00000000,1,0,0.025000000000000001,0.5
1318.4000,  1.00000000,1,0,0.0,0.5
1318.4333,  1.00000000,1,0,0.025000000000000001,0.5
1318.4667,  1.00000000,1,0,0.050000000000000003,0.5
1318.5000,  1.00000000,1,0,0.0,0.5
1318.5333,  1.00000000,1,0,0.025000000000000001,0.5
1318.5667,  1.00000000,1,0,0.0,0.5
1318.6000,  1.00000000,1,0,0.025000000000000001,0.5
1318.6333,  1.00000000,1,0,0.0,0.5
1318.6667,  1.00000000,1,0,0.0,0.5
1318.7000,  1.00000000,1,0,0.0,0.5
1318.7333,  1.00000000,1,0,0.0,0.5
1318.7667,  1.00000000,1,0,0.0,0.5
1318.8000,  1.00000000,1,0,0.0,0.5
1318.8333,  1.00000000,1,0,0.0,0.5
1318.8667,  1.00000000,1,0,0.0,0.5
1318.9000,  1.00000000,1,0,0.0,0.5
1318.9333,  1.00000000,1,0,0.0,0.5
1318.9667,  1.00000000,1,0,0.025000000000000001,0.5
1319.0000,  1.00000000,1,0,0.0,0.5
1319.0333,  1.00000000,1,0,0.0,0.5
1319.0667,  1.00000000,1,0,0.0,0.5
1319.1000,  1.00000000,1,0,0.025000000000000001,0.5
1319.1333,  1.00000000,1,0,0.025000000000000001,0.5
1319.1667,  1.00000000,1,0,0.0,0.5
1319.2000,  1.00000000,1,0,0.025000000000000001,0.5
1319.2333,  1.00000000,1,0,0.0,0.5
1319.2667,  1.00000000,1,0,0.025000000000000001,0.5
1319.3000,  1.00000000,1,0,0.025000000000000001,0.5
1319.3333,  1.00000000,1,0,0.0,0.5
1319.3667,  1.00000000,1,0,0.025000000000000001,0.5
1319.4000,  1.00000000,1,0,0.0,0.5
1319.4333,  1.00000000,1,0,0.025000000000000001,0.5
1319.4667,  1.00000000,1,0,0.0,0.5
1319.5000,  1.00000000,1,0,0.025000000000000001,0.5
1319.5333,  1.00000000,1,0,0.025000000000000001,0.5
1319.5667,  1.00000000,1,0,0.025000000000000001,0.5
1319.6000,  1.00000000,1,0,0.0,0.5
1319.6333,  1.00000000,1,0,0.025000000000000001,0.5
1319.6667,  1.00000000,1,0,0.050000000000000003,0.5
1319.7000,  1.00000000,1,0,0.025000000000000001,0.5
1319.7333,  1.00000000,1,0,0.025000000000000001,0.5
1319.7667,  1.00000000,1,0,0.025000000000000001,0.5
1319.8000,  1.00000000,1,0,0.0,0.5
1319.8333,  1.00000000,1,0,0.0,0.5
1319.8667,  1.00000000,1,0,0.0,0.5
1319.9000,  1.00000000,1,0,0.0,0.5
1319.9333,  1.00000000,1,0,0.0,0.5
1319.9667,  1.00000000,1,0,0.0,0.5
1320.0000,  1.00000000,1,0,0.025000000000000001,0.5
1320.0333,  1.00000000,1,0,0.0,0.5
1320.0667,  1.00000000,1,0,0.025000000000000001,0.5
1320.1000,  1.00000000,1,0,0.025000000000000001,0.5
1320.1333,  1.00000000,1,0,0.0,0.5
1320.1667,  1.00000000,1,0,0.025000000000000001,0.5
1320.2000,  1.00000000,1,0,0.0,0.5
1320.2333,  1.00000000,1,0,0.025000000000000001,0.5
1320.2667,  1.00000000,1,0,0.0,0.5
1320.3000,  1.00000000,1,0,0.0,0.5
1320.3333,  1.00000000,1,0,0.0,0.5
1320.3667,  1.00000000,1,0,0.025000000000000001,0.5
1320.4000,  1.00000000,1,0,0.0,0.5
1320.4333,  1.00000000,1,0,0.0,0.5
1320.4667,  1.00000000,1,0,0.0,0.5
1320.5000,  1.00000000,1,0,0.0,0.5
1320.5333,  1.00000000,1,0,0.025000000000000001,0.5
1320.5667,  1.00000000,1,0,0.0,0.5
1320.6000,  1.00000000,1,0,0.0,0.5
1320.6333,  1.00000000,1,0,0.0,0.5
1320.6667,  1.00000000,1,0,0.025000000000000001,0.5
1320.7000,  1.00000000,1,0,0.0,0.5
1320.7333,  1.00000000,1,0,0.0,0.5
1320.7667,  1.00000000,1,0,0.0,0.5
1320.8000,  1.00000000,1,0,0.0,0.5
1320.8333,  1.00000000,1,0,0.0,0.5
1320.8667,  1.00000000,1,0,0.0,0.5
1320.9000,  1.00000000,1,0,0.0,0.5
1320.9333,  1.00000000,1,0,0.0,0.5
1320.9667,  1.00000000,1,0,0.0,0.5
1321.0000,  1.00000000,1,0,0.025000000000000001,0.5
1321.0333,  1.00000000,1,0,0.025000000000000001,0.5
1321.0667,  1.00000000,1,0,0.0,0.5
1321.1000,  1.00000000,1,0,0.025000000000000001,0.5
1321.1333,  1.00000000,1,0,0.025000000000000001,0.5
1321.1667,  1.00000000,1,0,0.0,0.5
1321.2000,  1.00000000,1,0,0.025000000000000001,0.5
1321.2333,  1.00000000,1,0,0.025000000000000001,0.5
1321.2667,  1.00000000,1,0,0.0,0.5
1321.3000,  1.00000000,1,0,0.050000000000000003,0.5
1321.3333,  1.00000000,1,0,0.025000000000000001,0.5
1321.3667,  1.00000000,1,0,0.0,0.5
1321.4000,  1.00000000,1,0,0.0,0.5
1321.4333,  1.00000000,1,0,0.0,0.5
1321.4667,  1.00000000,1,0,0.0,0.5
1321.5000,  1.00000000,1,0,0.0,0.5
1321.5333,  1.00000000,1,0,0.0,0.5
1321.5667,  1.00000000,1,0,0.0,0.5
1321.6000,  1.00000000,1,0,0.0,0.5
1321.6333,  1.00000000,1,0,0.0,0.5
1321.6667,  1.00000000,1,0,0.0,0.5
1321.7000,  1.00000000,1,0,0.0,0.5
1321.7333,  1.00000000,1,0,0.0,0.5
1321.7667,  1.00000000,1,0,0.0,0.5
1321.8000,  1.00000000,1,0,0.025000000000000001,0.5
1321.8333,  1.00000000,1,0,0.0,0.5
1321.8667,  1.00000000,1,0,0.0,0.5
1321.9000,  1.00000000,1,0,0.0,0.5
1321.9333,  1.00000000,1,0,0.050000000000000003,0.5
1321.9667,  1.00000000,1,0,0.0,0.5
1322.0000,  1.00000000,1,0,0.025000000000000001,0.5
1322.0333,  1.00000000,1,0,0.0,0.5
1322.0667,  1.00000000,1,0,0.025000000000000001,0.5
1322.1000,  1.00000000,1,0,0.0,0.5
1322.1333,  1.00000000,1,0,0.025000000000000001,0.5
1322.1667,  1.00000000,1,0,0.0,0.5
1322.2000,  1.00000000,1,0,0.0,0.5
1322.2333,  1.00000000,1,0,0.0,0.5
1322.2667,  1.00000000,1,0,0.0,0.5
1322.3000,  1.00000000,1,0,0.0,0.5
1322.3333,  1.00000000,1,0,0.0,0.5
1322.3667,  1.00000000,1,0,0.025000000000000001,0.5
1322.4000,  1.00000000,1,0,0.025000000000000001,0.5
1322.4333,  1.00000000,1,0,0.0,0.5
1322.4667,  1.00000000,1,0,0.0,0.5
1322.5000,  1.00000000,1,0,0.0,0.5
1322.5333,  1.00000000,1,0,0.0,0.5
1322.5667,  1.00000000,1,0,0.0,0.5
1322.6000,  1.00000000,1,0,0.0,0.5
1322.6333,  1.00000000,1,0,0.0,0.5
1322.6667,  1.00000000,1,0,0.0,0.5
1322.7000,  1.00000000,1,0,0.025000000000000001,0.5
1322.7333,  1.00000000,1,0,0.0,0.5
1322.7667,  1.00000000,1,0,0.0,0.5
1322.8000,  1.00000000,1,0,0.0,0.5
1322.8333,  1.00000000,1,0,0.025000000000000001,0.5
1322.8667,  1.00000000,1,0,0.025000000000000001,0.5
1322.9000,  1.00000000,1,0,0.0,0.5
1322.9333,  1.00000000,1,0,0.0,0.5
1322.9667,  1.00000000,1,0,0.0,0.5
1323.0000,  1.00000000,1,0,0.0,0.5
1323.0333,  1.00000000,1,0,0.0,0.5
1323.0667,  1.00000000,1,0,0.0,0.5
1323.1000,  1.00000000,1,0,0.025000000000000001,0.5
1323.1333,  1.00000000,1,0,0.025000000000000001,0.5
1323.1667,  1.00000000,1,0,0.0,0.5
1323.2000,  1.00000000,1,0,0.025000000000000001,0.5
1323.2333,  1.00000000,1,0,0.0,0.5
1323.2667,  1.00000000,1,0,0.0,0.5
1323.3000,  1.00000000,1,0,0.0,0.5
1323.3333,  1.00000000,1,0,0.0,0.5
1323.3667,  1.00000000,1,0,0.0,0.5
1323.4000,  1.00000000,1,0,0.0,0.5
1323.4333,  1.00000000,1,0,0.0,0.5
1323.4667,  1.00000000,1,0,0.0,0.5
1323.5000,  1.00000000,1,0,0.0,0.5
1323.5333,  1.00000000,1,0,0.025000000000000001,0.5
1323.5667,  1.00000000,1,0,0.025000000000000001,0.5
1323.6000,  1.00000000,1,0,0.0,0.5
1323.6333,  1.00000000,1,0,0.0,0.5
1323.6667,  1.00000000,1,0,0.0,0.5
1323.7000,  1.00000000,1,0,0.0,0.5
1323.7333,  1.00000000,1,0,0.0,0.5
1323.7667,  1.00000000,1,0,0.025000000000000001,0.5
1323.8000,  1.00000000,1,0,0.0,0.5
1323.8333,  1.00000000,1,0,0.025000000000000001,0.5
1323.8667,  1.00000000,1,0,0.0,0.5
1323.9000,  1.00000000,1,0,0.0,0.5
1323.9333,  1.00000000,1,0,0.025000000000000001,0.5
1323.9667,  1.00000000,1,0,0.0,0.5
1324.0000,  1.00000000,1,0,0.0,0.5
1324.0333,  1.00000000,1,0,0.025000000000000001,0.5
1324.0667,  1.00000000,1,0,0.025000000000000001,0.5
1324.1000,  1.00000000,1,0,0.025000000000000001,0.5
1324.1333,  1.00000000,1,0,0.025000000000000001,0.5
1324.1667,  1.00000000,1,0,0.0,0.5
1324.2000,  1.00000000,1,0,0.025000000000000001,0.5
1324.2333,  1.00000000,1,0,0.0,0.5
1324.2667,  1.00000000,1,0,0.0,0.5
1324.3000,  1.00000000,1,0,0.0,0.5
1324.3333,  1.00000000,1,0,0.025000000000000001,0.5
1324.3667,  1.00000000,1,0,0.0,0.5
1324.4000,  1.00000000,1,0,0.025000000000000001,0.5
1324.4333,  1.00000000,1,0,0.050000000000000003,0.5
1324.4667,  1.00000000,1,0,0.0,0.5
1324.5000,  1.00000000,1,0,0.025000000000000001,0.5
1324.5333,  1.00000000,1,0,0.050000000000000003,0.5
1324.5667,  1.00000000,1,0,0.025000000000000001,0.5
1324.6000,  1.00000000,1,0,0.0,0.5
1324.6333,  1.00000000,1,0,0.0,0.5
1324.6667,  1.00000000,1,0,0.0,0.5
1324.7000,  1.00000000,1,0,0.0,0.5
1324.7333,  1.00000000,1,0,0.0,0.5
1324.7667,  1.00000000,1,0,0.0,0.5
1324.8000,  1.00000000,1,0,0.025000000000000001,0.5
1324.8333,  1.00000000,1,0,0.025000000000000001,0.5
1324.8667,  1.00000000,1,0,0.025000000000000001,0.5
1324.9000,  1.00000000,1,0,0.025000000000000001,0.5
1324.9333,  1.00000000,1,0,0.0,0.5
1324.9667,  1.00000000,1,0,0.0,0.5
1325.0000,  1.00000000,1,0,0.0,0.5
1325.0333,  1.00000000,1,0,0.0,0.5
1325.0667,  1.00000000,1,0,0.0,0.5
1325.1000,  1.00000000,1,0,0.025000000000000001,0.5
1325.1333,  1.00000000,1,0,0.0,0.5
1325.1667,  1.00000000,1,0,0.025000000000000001,0.5
1325.2000,  1.00000000,1,0,0.0,0.5
1325.2333,  1.00000000,1,0,0.0,0.5
1325.2667,  1.00000000,1,0,0.0,0.5
1325.3000,  1.00000000,1,0,0.0,0.5
1325.3333,  1.00000000,1,0,0.0,0.5
1325.3667,  1.00000000,1,0,0.025000000000000001,0.5
1325.4000,  1.00000000,1,0,0.025000000000000001,0.5
1325.4333,  1.00000000,1,0,0.0,0.5
1325.4667,  1.00000000,1,0,0.050000000000000003,0.5
1325.5000,  1.00000000,1,0,0.0,0.5
1325.5333,  1.00000000,1,0,0.0,0.5
1325.5667,  1.00000000,1,0,0.0,0.5
1325.6000,  1.00000000,1,0,0.0,0.5
1325.6333,  1.00000000,1,0,0.0,0.5
1325.6667,  1.00000000,1,0,0.0,0.5
1325.7000,  1.00000000,1,0,0.025000000000000001,0.5
1325.7333,  1.00000000,1,0,0.025000000000000001,0.5
1325.7667,  1.00000000,1,0,0.0,0.5
1325.8000,  1.00000000,1,0,0.0,0.5
1325.8333,  1.00000000,1,0,0.025000000000000001,0.5
1325.8667,  1.00000000,1,0,0.025000000000000001,0.5
1325.9000,  1.00000000,1,0,0.0,0.5
1325.9333,  1.00000000,1,0,0.0,0.5
1325.9667,  1.00000000,1,0,0.0,0.5
1326.0000,  1.00000000,1,0,0.025000000000000001,0.5
1326.0333,  1.00000000,1,0,0.0,0.5
1326.0667,  1.00000000,1,0,0.025000000000000001,0.5
1326.1000,  1.00000000,1,0,0.0,0.5
1326.1333,  1.00000000,1,0,0.0,0.5
1326.1667,  1.00000000,1,0,0.0,0.5
1326.2000,  1.00000000,1,0,0.0,0.5
1326.2333,  1.00000000,1,0,0.0,0.5
1326.2667,  1.00000000,1,0,0.0,0.5
1326.3000,  1.00000000,1,0,0.0,0.5
1326.3333,  1.00000000,1,0,0.0,0.5
1326.3667,  1.00000000,1,0,0.025000000000000001,0.5
1326.4000,  1.00000000,1,0,0.0,0.5
1326.4333,  1.00000000,1,0,0.074999999999999997,0.5
1326.4667,  1.00000000,1,0,0.050000000000000003,0.5
1326.5000,  1.00000000,1,0,0.0,0.5
1326.5333,  1.00000000,1,0,0.0,0.5
1326.5667,  1.00000000,1,0,0.0,0.5
1326.6000,  1.00000000,1,0,0.025000000000000001,0.5
1326.6333,  1.00000000,1,0,0.0,0.5
1326.6667,  1.00000000,1,0,0.0,0.5
1326.7000,  1.00000000,1,0,0.0,0.5
1326.7333,  1.00000000,1,0,0.0,0.5
1326.7667,  1.00000000,1,0,0.0,0.5
1326.8000,  1.00000000,1,0,0.0,0.5
1326.8333,  1.00000000,1,0,0.0,0.5
1326.8667,  1.00000000,1,0,0.025000000000000001,0.5
1326.9000,  1.00000000,1,0,0.0,0.5
1326.9333,  1.00000000,1,0,0.0,0.5
1326.9667,  1.00000000,1,0,0.025000000000000001,0.5
1327.0000,  1.00000000,1,0,0.0,0.5
1327.0333,  1.00000000,1,0,0.025000000000000001,0.5
1327.0667,  1.00000000,1,0,0.0,0.5
1327.1000,  1.00000000,1,0,0.0,0.5
1327.1333,  1.00000000,1,0,0.0,0.5
1327.1667,  1.00000000,1,0,0.0,0.5
1327.2000,  1.00000000,1,0,0.0,0.5
1327.2333,  1.00000000,1,0,0.0,0.5
1327.2667,  1.00000000,1,0,0.0,0.5
1327.3000,  1.00000000,1,0,0.050000000000000003,0.5
1327.3333,  1.00000000,1,0,0.025000000000000001,0.5
1327.3667,  1.00000000,1,0,0.0,0.5
1327.4000,  1.00000000,1,0,0.0,0.5
1327.4333,  1.00000000,1,0,0.025000000000000001,0.5
1327.4667,  1.00000000,1,0,0.0,0.5
1327.5000,  1.00000000,1,0,0.0,0.5
1327.5333,  1.00000000,1,0,0.0,0.5
1327.5667,  1.00000000,1,0,0.0,0.5
1327.6000,  1.00000000,1,0,0.0,0.5
1327.6333,  1.00000000,1,0,0.0,0.5
1327.6667,  1.00000000,1,0,0.025000000000000001,0.5
1327.7000,  1.00000000,1,0,0.0,0.5
1327.7333,  1.00000000,1,0,0.0,0.5
1327.7667,  1.00000000,1,0,0.0,0.5
1327.8000,  1.00000000,1,0,0.025000000000000001,0.5
1327.8333,  1.00000000,1,0,0.0,0.5
1327.8667,  1.00000000,1,0,0.0,0.5
1327.9000,  1.00000000,1,0,0.0,0.5
1327.9333,  1.00000000,1,0,0.025000000000000001,0.5
1327.9667,  1.00000000,1,0,0.0,0.5
1328.0000,  1.00000000,1,0,0.0,0.5
1328.0333,  1.00000000,1,0,0.0,0.5
1328.0667,  1.00000000,1,0,0.025000000000000001,0.5
1328.1000,  1.00000000,1,0,0.0,0.5
1328.1333,  1.00000000,1,0,0.0,0.5
1328.1667,  1.00000000,1,0,0.0,0.5
1328.2000,  1.00000000,1,0,0.0,0.5
1328.2333,  1.00000000,1,0,0.0,0.5
1328.2667,  1.00000000,1,0,0.0,0.5
1328.3000,  1.00000000,1,0,0.0,0.5
1328.3333,  1.00000000,1,0,0.0,0.5
1328.3667,  1.00000000,1,0,0.025000000000000001,0.5
1328.4000,  1.00000000,1,0,0.025000000000000001,0.5
1328.4333,  1.00000000,1,0,0.0,0.5
1328.4667,  1.00000000,1,0,0.050000000000000003,0.5
1328.5000,  1.00000000,1,0,0.0,0.5
1328.5333,  1.00000000,1,0,0.0,0.5
1328.5667,  1.00000000,1,0,0.0,0.5
1328.6000,  1.00000000,1,0,0.0,0.5
1328.6333,  1.00000000,1,0,0.0,0.5
1328.6667,  1.00000000,1,0,0.0,0.5
1328.7000,  1.00000000,1,0,0.0,0.5
1328.7333,  1.00000000,1,0,0.025000000000000001,0.5
1328.7667,  1.00000000,1,0,0.0,0.5
1328.8000,  1.00000000,1,0,0.025000000000000001,0.5
1328.8333,  1.00000000,1,0,0.0,0.5
1328.8667,  1.00000000,1,0,0.025000000000000001,0.5
1328.9000,  1.00000000,1,0,0.0,0.5
1328.9333,  1.00000000,1,0,0.0,0.5
1328.9667,  1.00000000,1,0,0.0,0.5
1329.0000,  1.00000000,1,0,0.025000000000000001,0.5
1329.0333,  1.00000000,1,0,0.0,0.5
1329.0667,  1.00000000,1,0,0.0,0.5
1329.1000,  1.00000000,1,0,0.0,0.5
1329.1333,  1.00000000,1,0,0.0,0.5
1329.1667,  1.00000000,1,0,0.025000000000000001,0.5
1329.2000,  1.00000000,1,0,0.025000000000000001,0.5
1329.2333,  1.00000000,1,0,0.0,0.5
1329.2667,  1.00000000,1,0,0.0,0.5
1329.3000,  1.00000000,1,0,0.0,0.5
1329.3333,  1.00000000,1,0,0.025000000000000001,0.5
1329.3667,  1.00000000,1,0,0.0,0.5
1329.4000,  1.00000000,1,0,0.0,0.5
1329.4333,  1.00000000,1,0,0.0,0.5
1329.4667,  1.00000000,1,0,0.0,0.5
1329.5000,  1.00000000,1,0,0.0,0.5
1329.5333,  1.00000000,1,0,0.0,0.5
1329.5667,  1.00000000,1,0,0.0,0.5
1329.6000,  1.00000000,1,0,0.025000000000000001,0.5
1329.6333,  1.00000000,1,0,0.0,0.5
1329.6667,  1.00000000,1,0,0.0,0.5
1329.7000,  1.00000000,1,0,0.0,0.5
1329.7333,  1.00000000,1,0,0.0,0.5
1329.7667,  1.00000000,1,0,0.0,0.5
1329.8000,  1.00000000,1,0,0.0,0.5
1329.8333,  1.00000000,1,0,0.0,0.5
1329.8667,  1.00000000,1,0,0.0,0.5
1329.9000,  1.00000000,1,0,0.025000000000000001,0.5
1329.9333,  1.00000000,1,0,0.0,0.5
1329.9667,  1.00000000,1,0,0.0,0.5
1330.0000,  1.00000000,1,0,0.0,0.5
1330.0333,  1.00000000,1,0,0.0,0.5
1330.0667,  1.00000000,1,0,0.0,0.5
1330.1000,  1.00000000,1,0,0.0,0.5
1330.1333,  1.00000000,1,0,0.025000000000000001,0.5
1330.1667,  1.00000000,1,0,0.0,0.5
1330.2000,  1.00000000,1,0,0.0,0.5
1330.2333,  1.00000000,1,0,0.0,0.5
1330.2667,  1.00000000,1,0,0.0,0.5
1330.3000,  1.00000000,1,0,0.0,0.5
1330.3333,  1.00000000,1,0,0.0,0.5
1330.3667,  1.00000000,1,0,0.0,0.5
1330.4000,  1.00000000,1,0,0.025000000000000001,0.5
1330.4333,  1.00000000,1,0,0.0,0.5
1330.4667,  1.00000000,1,0,0.0,0.5
1330.5000,  1.00000000,1,0,0.0,0.5
1330.5333,  1.00000000,1,0,0.0,0.5
1330.5667,  1.00000000,1,0,0.0,0.5
1330.6000,  1.00000000,1,0,0.0,0.5
1330.6333,  1.00000000,1,0,0.0,0.5
1330.6667,  1.00000000,1,0,0.0,0.5
1330.7000,  1.00000000,1,0,0.0,0.5
1330.7333,  1.00000000,1,0,0.0,0.5
1330.7667,  1.00000000,1,0,0.0,0.5
1330.8000,  1.00000000,1,0,0.0,0.5
1330.8333,  1.00000000,1,0,0.025000000000000001,0.5
1330.8667,  1.00000000,1,0,0.0,0.5
1330.9000,  1.00000000,1,0,0.0,0.5
1330.9333,  1.00000000,1,0,0.0,0.5
1330.9667,  1.00000000,1,0,0.025000000000000001,0.5
1331.0000,  1.00000000,1,0,0.0,0.5
1331.0333,  1.00000000,1,0,0.0,0.5
1331.0667,  1.00000000,1,0,0.0,0.5
1331.1000,  1.00000000,1,0,0.0,0.5
1331.1333,  1.00000000,1,0,0.0,0.5
1331.1667,  1.00000000,1,0,0.0,0.5
1331.2000,  1.00000000,1,0,0.025000000000000001,0.5
1331.2333,  1.00000000,1,0,0.0,0.5
1331.2667,  1.00000000,1,0,0.0,0.5
1331.3000,  1.00000000,1,0,0.025000000000000001,0.5
1331.3333,  1.00000000,1,0,0.0,0.5
1331.3667,  1.00000000,1,0,0.025000000000000001,0.5
1331.4000,  1.00000000,1,0,0.0,0.5
1331.4333,  1.00000000,1,0,0.0,0.5
1331.4667,  1.00000000,1,0,0.0,0.5
1331.5000,  1.00000000,1,0,0.025000000000000001,0.5
1331.5333,  1.00000000,1,0,0.0,0.5
1331.5667,  1.00000000,1,0,0.0,0.5
1331.6000,  1.00000000,1,0,0.050000000000000003,0.5
1331.6333,  1.00000000,1,0,0.0,0.5
1331.6667,  1.00000000,1,0,0.0,0.5
1331.7000,  1.00000000,1,0,0.0,0.5
1331.7333,  1.00000000,1,0,0.025000000000000001,0.5
1331.7667,  1.00000000,1,0,0.0,0.5
1331.8000,  1.00000000,1,0,0.025000000000000001,0.5
1331.8333,  1.00000000,1,0,0.0,0.5
1331.8667,  1.00000000,1,0,0.050000000000000003,0.5
1331.9000,  1.00000000,1,0,0.025000000000000001,0.5
1331.9333,  1.00000000,1,0,0.0,0.5
1331.9667,  1.00000000,1,0,0.025000000000000001,0.5
1332.0000,  1.00000000,1,0,0.0,0.5
1332.0333,  1.00000000,1,0,0.025000000000000001,0.5
1332.0667,  1.00000000,1,0,0.025000000000000001,0.5
1332.1000,  1.00000000,1,0,0.025000000000000001,0.5
1332.1333,  1.00000000,1,0,0.025000000000000001,0.5
1332.1667,  1.00000000,1,0,0.025000000000000001,0.5
1332.2000,  1.00000000,1,0,0.025000000000000001,0.5
1332.2333,  1.00000000,1,0,0.0,0.5
1332.2667,  1.00000000,1,0,0.0,0.5
1332.3000,  1.00000000,1,0,0.0,0.5
1332.3333,  1.00000000,1,0,0.0,0.5
1332.3667,  1.00000000,1,0,0.0,0.5
1332.4000,  1.00000000,1,0,0.0,0.5
1332.4333,  1.00000000,1,0,0.025000000000000001,0.5
1332.4667,  1.00000000,1,0,0.025000000000000001,0.5
1332.5000,  1.00000000,1,0,0.0,0.5
1332.5333,  1.00000000,1,0,0.025000000000000001,0.5
1332.5667,  1.00000000,1,0,0.025000000000000001,0.5
1332.6000,  1.00000000,1,0,0.025000000000000001,0.5
1332.6333,  1.00000000,1,0,0.0,0.5
1332.6667,  1.00000000,1,0,0.0,0.5
1332.7000,  1.00000000,1,0,0.025000000000000001,0.5
1332.7333,  1.00000000,1,0,0.0,0.5
1332.7667,  1.00000000,1,0,0.0,0.5
1332.8000,  1.00000000,1,0,0.0,0.5
1332.8333,  1.00000000,1,0,0.0,0.5
1332.8667,  1.00000000,1,0,0.025000000000000001,0.5
1332.9000,  1.00000000,1,0,0.0,0.5
1332.9333,  1.00000000,1,0,0.050000000000000003,0.5
1332.9667,  1.00000000,1,0,0.0,0.5
1333.0000,  1.00000000,1,0,0.025000000000000001,0.5
1333.0333,  1.00000000,1,0,0.0,0.5
1333.0667,  1.00000000,1,0,0.0,0.5
1333.1000,  1.00000000,1,0,0.0,0.5
1333.1333,  1.00000000,1,0,0.0,0.5
1333.1667,  1.00000000,1,0,0.0,0.5
1333.2000,  1.00000000,1,0,0.025000000000000001,0.5
1333.2333,  1.00000000,1,0,0.0,0.5
1333.2667,  1.00000000,1,0,0.025000000000000001,0.5
1333.3000,  1.00000000,1,0,0.0,0.5
1333.3333,  1.00000000,1,0,0.0,0.5
1333.3667,  1.00000000,1,0,0.0,0.5
1333.4000,  1.00000000,1,0,0.025000000000000001,0.5
1333.4333,  1.00000000,1,0,0.025000000000000001,0.5
1333.4667,  1.00000000,1,0,0.0,0.5
1333.5000,  1.00000000,1,0,0.0,0.5
1333.5333,  1.00000000,1,0,0.0,0.5
1333.5667,  1.00000000,1,0,0.0,0.5
1333.6000,  1.00000000,1,0,0.0,0.5
1333.6333,  1.00000000,1,0,0.0,0.5
1333.6667,  1.00000000,1,0,0.0,0.5
1333.7000,  1.00000000,1,0,0.025000000000000001,0.5
1333.7333,  1.00000000,1,0,0.0,0.5
1333.7667,  1.00000000,1,0,0.025000000000000001,0.5
1333.8000,  1.00000000,1,0,0.0,0.5
1333.8333,  1.00000000,1,0,0.0,0.5
1333.8667,  1.00000000,1,0,0.025000000000000001,0.5
1333.9000,  1.00000000,1,0,0.0,0.5
1333.9333,  1.00000000,1,0,0.0,0.5
1333.9667,  1.00000000,1,0,0.025000000000000001,0.5
1334.0000,  1.00000000,1,0,0.0,0.5
1334.0333,  1.00000000,1,0,0.0,0.5
1334.0667,  1.00000000,1,0,0.025000000000000001,0.5
1334.1000,  1.00000000,1,0,0.0,0.5
1334.1333,  1.00000000,1,0,0.0,0.5
1334.1667,  1.00000000,1,0,0.0,0.5
1334.2000,  1.00000000,1,0,0.0,0.5
1334.2333,  1.00000000,1,0,0.025000000000000001,0.5
1334.2667,  1.00000000,1,0,0.0,0.5
1334.3000,  1.00000000,1,0,0.0,0.5
1334.3333,  1.00000000,1,0,0.0,0.5
1334.3667,  1.00000000,1,0,0.0,0.5
1334.4000,  1.00000000,1,0,0.025000000000000001,0.5
1334.4333,  1.00000000,1,0,0.050000000000000003,0.5
1334.4667,  1.00000000,1,0,0.0,0.5
1334.5000,  1.00000000,1,0,0.025000000000000001,0.5
1334.5333,  1.00000000,1,0,0.025000000000000001,0.5
1334.5667,  1.00000000,1,0,0.0,0.5
1334.6000,  1.00000000,1,0,0.0,0.5
1334.6333,  1.00000000,1,0,0.0,0.5
1334.6667,  1.00000000,1,0,0.0,0.5
1334.7000,  1.00000000,1,0,0.0,0.5
1334.7333,  1.00000000,1,0,0.0,0.5
1334.7667,  1.00000000,1,0,0.0,0.5
1334.8000,  1.00000000,1,0,0.0,0.5
1334.8333,  1.00000000,1,0,0.0,0.5
1334.8667,  1.00000000,1,0,0.025000000000000001,0.5
1334.9000,  1.00000000,1,0,0.025000000000000001,0.5
1334.9333,  1.00000000,1,0,0.025000000000000001,0.5
1334.9667,  1.00000000,1,0,0.0,0.5
1335.0000,  1.00000000,1,0,0.025000000000000001,0.5
1335.0333,  1.00000000,1,0,0.0,0.5
1335.0667,  1.00000000,1,0,0.0,0.5
1335.1000,  1.00000000,1,0,0.025000000000000001,0.5
1335.1333,  1.00000000,1,0,0.0,0.5
1335.1667,  1.00000000,1,0,0.0,0.5
1335.2000,  1.00000000,1,0,0.0,0.5
1335.2333,  1.00000000,1,0,0.0,0.5
1335.2667,  1.00000000,1,0,0.025000000000000001,0.5
1335.3000,  1.00000000,1,0,0.0,0.5
1335.3333,  1.00000000,1,0,0.0,0.5
1335.3667,  1.00000000,1,0,0.0,0.5
1335.4000,  1.00000000,1,0,0.0,0.5
1335.4333,  1.00000000,1,0,0.0,0.5
1335.4667,  1.00000000,1,0,0.0,0.5
1335.5000,  1.00000000,1,0,0.025000000000000001,0.5
1335.5333,  1.00000000,1,0,0.0,0.5
1335.5667,  1.00000000,1,0,0.050000000000000003,0.5
1335.6000,  1.00000000,1,0,0.025000000000000001,0.5
1335.6333,  1.00000000,1,0,0.0,0.5
1335.6667,  1.00000000,1,0,0.0,0.5
1335.7000,  1.00000000,1,0,0.0,0.5
1335.7333,  1.00000000,1,0,0.025000000000000001,0.5
1335.7667,  1.00000000,1,0,0.025000000000000001,0.5
1335.8000,  1.00000000,1,0,0.0,0.5
1335.8333,  1.00000000,1,0,0.0,0.5
1335.8667,  1.00000000,1,0,0.025000000000000001,0.5
1335.9000,  1.00000000,1,0,0.0,0.5
1335.9333,  1.00000000,1,0,0.0,0.5
1335.9667,  1.00000000,1,0,0.0,0.5
1336.0000,  1.00000000,1,0,0.0,0.5
1336.0333,  1.00000000,1,0,0.0,0.5
1336.0667,  1.00000000,1,0,0.025000000000000001,0.5
1336.1000,  1.00000000,1,0,0.0,0.5
1336.1333,  1.00000000,1,0,0.0,0.5
1336.1667,  1.00000000,1,0,0.0,0.5
1336.2000,  1.00000000,1,0,0.0,0.5
1336.2333,  1.00000000,1,0,0.0,0.5
1336.2667,  1.00000000,1,0,0.0,0.5
1336.3000,  1.00000000,1,0,0.0,0.5
1336.3333,  1.00000000,1,0,0.0,0.5
1336.3667,  1.00000000,1,0,0.0,0.5
1336.4000,  1.00000000,1,0,0.0,0.5
1336.4333,  1.00000000,1,0,0.0,0.5
1336.4667,  1.00000000,1,0,0.0,0.5
1336.5000,  1.00000000,1,0,0.0,0.5
1336.5333,  1.00000000,1,0,0.025000000000000001,0.5
1336.5667,  1.00000000,1,0,0.0,0.5
1336.6000,  1.00000000,1,0,0.0,0.5
1336.6333,  1.00000000,1,0,0.0,0.5
1336.6667,  1.00000000,1,0,0.0,0.5
1336.7000,  1.00000000,1,0,0.0,0.5
1336.7333,  1.00000000,1,0,0.0,0.5
1336.7667,  1.00000000,1,0,0.0,0.5
1336.8000,  1.00000000,1,0,0.0,0.5
1336.8333,  1.00000000,1,0,0.0,0.5
1336.8667,  1.00000000,1,0,0.0,0.5
1336.9000,  1.00000000,1,0,0.025000000000000001,0.5
1336.9333,  1.00000000,1,0,0.0,0.5
1336.9667,  1.00000000,1,0,0.0,0.5
1337.0000,  1.00000000,1,0,0.0,0.5
1337.0333,  1.00000000,1,0,0.025000000000000001,0.5
1337.0667,  1.00000000,1,0,0.050000000000000003,0.5
1337.1000,  1.00000000,1,0,0.0,0.5
1337.1333,  1.00000000,1,0,0.025000000000000001,0.5
1337.1667,  1.00000000,1,0,0.0,0.5
1337.2000,  1.00000000,1,0,0.0,0.5
1337.2333,  1.00000000,1,0,0.0,0.5
1337.2667,  1.00000000,1,0,0.025000000000000001,0.5
1337.3000,  1.00000000,1,0,0.025000000000000001,0.5
1337.3333,  1.00000000,1,0,0.0,0.5
1337.3667,  1.00000000,1,0,0.0,0.5
1337.4000,  1.00000000,1,0,0.0,0.5
1337.4333,  1.00000000,1,0,0.0,0.5
1337.4667,  1.00000000,1,0,0.0,0.5
1337.5000,  1.00000000,1,0,0.0,0.5
1337.5333,  1.00000000,1,0,0.025000000000000001,0.5
1337.5667,  1.00000000,1,0,0.025000000000000001,0.5
1337.6000,  1.00000000,1,0,0.0,0.5
1337.6333,  1.00000000,1,0,0.025000000000000001,0.5
1337.6667,  1.00000000,1,0,0.0,0.5
1337.7000,  1.00000000,1,0,0.025000000000000001,0.5
1337.7333,  1.00000000,1,0,0.0,0.5
1337.7667,  1.00000000,1,0,0.0,0.5
1337.8000,  1.00000000,1,0,0.0,0.5
1337.8333,  1.00000000,1,0,0.0,0.5
1337.8667,  1.00000000,1,0,0.025000000000000001,0.5
1337.9000,  1.00000000,1,0,0.025000000000000001,0.5
1337.9333,  1.00000000,1,0,0.0,0.5
1337.9667,  1.00000000,1,0,0.0,0.5
1338.0000,  1.00000000,1,0,0.0,0.5
1338.0333,  1.00000000,1,0,0.0,0.5
1338.0667,  1.00000000,1,0,0.0,0.5
1338.1000,  1.00000000,1,0,0.0,0.5
1338.1333,  1.00000000,1,0,0.0,0.5
1338.1667,  1.00000000,1,0,0.0,0.5
1338.2000,  1.00000000,1,0,0.0,0.5
1338.2333,  1.00000000,1,0,0.0,0.5
1338.2667,  1.00000000,1,0,0.025000000000000001,0.5
1338.3000,  1.00000000,1,0,0.0,0.5
1338.3333,  1.00000000,1,0,0.025000000000000001,0.5
1338.3667,  1.00000000,1,0,0.0,0.5
1338.4000,  1.00000000,1,0,0.025000000000000001,0.5
1338.4333,  1.00000000,1,0,0.0,0.5
1338.4667,  1.00000000,1,0,0.025000000000000001,0.5
1338.5000,  1.00000000,1,0,0.0,0.5
1338.5333,  1.00000000,1,0,0.0,0.5
1338.5667,  1.00000000,1,0,0.0,0.5
1338.6000,  1.00000000,1,0,0.0,0.5
1338.6333,  1.00000000,1,0,0.0,0.5
1338.6667,  1.00000000,1,0,0.0,0.5
1338.7000,  1.00000000,1,0,0.0,0.5
1338.7333,  1.00000000,1,0,0.0,0.5
1338.7667,  1.00000000,1,0,0.025000000000000001,0.5
1338.8000,  1.00000000,1,0,0.0,0.5
1338.8333,  1.00000000,1,0,0.0,0.5
1338.8667,  1.00000000,1,0,0.050000000000000003,0.5
1338.9000,  1.00000000,1,0,0.0,0.5
1338.9333,  1.00000000,1,0,0.0,0.5
1338.9667,  1.00000000,1,0,0.025000000000000001,0.5
1339.0000,  1.00000000,1,0,0.025000000000000001,0.5
1339.0333,  1.00000000,1,0,0.0,0.5
1339.0667,  1.00000000,1,0,0.0,0.5
1339.1000,  1.00000000,1,0,0.025000000000000001,0.5
1339.1333,  1.00000000,1,0,0.025000000000000001,0.5
1339.1667,  1.00000000,1,0,0.0,0.5
1339.2000,  1.00000000,1,0,0.0,0.5
1339.2333,  1.00000000,1,0,0.025000000000000001,0.5
1339.2667,  1.00000000,1,0,0.050000000000000003,0.5
1339.3000,  1.00000000,1,0,0.0,0.5
1339.3333,  1.00000000,1,0,0.050000000000000003,0.5
1339.3667,  1.00000000,1,0,0.0,0.5
1339.4000,  1.00000000,1,0,0.0,0.5
1339.4333,  1.00000000,1,0,0.0,0.5
1339.4667,  1.00000000,1,0,0.050000000000000003,0.5
1339.5000,  1.00000000,1,0,0.025000000000000001,0.5
1339.5333,  1.00000000,1,0,0.0,0.5
1339.5667,  1.00000000,1,0,0.0,0.5
1339.6000,  1.00000000,1,0,0.0,0.5
1339.6333,  1.00000000,1,0,0.025000000000000001,0.5
1339.6667,  1.00000000,1,0,0.0,0.5
1339.7000,  1.00000000,1,0,0.025000000000000001,0.5
1339.7333,  1.00000000,1,0,0.050000000000000003,0.5
1339.7667,  1.00000000,1,0,0.0,0.5
1339.8000,  1.00000000,1,0,0.0,0.5
1339.8333,  1.00000000,1,0,0.0,0.5
1339.8667,  1.00000000,1,0,0.0,0.5
1339.9000,  1.00000000,1,0,0.0,0.5
1339.9333,  1.00000000,1,0,0.0,0.5
1339.9667,  1.00000000,1,0,0.050000000000000003,0.5
1340.0000,  1.00000000,1,0,0.025000000000000001,0.5
1340.0333,  1.00000000,1,0,0.0,0.5
1340.0667,  1.00000000,1,0,0.0,0.5
1340.1000,  1.00000000,1,0,0.0,0.5
1340.1333,  1.00000000,1,0,0.025000000000000001,0.5
1340.1667,  1.00000000,1,0,0.0,0.5
1340.2000,  1.00000000,1,0,0.0,0.5
1340.2333,  1.00000000,1,0,0.0,0.5
1340.2667,  1.00000000,1,0,0.0,0.5
1340.3000,  1.00000000,1,0,0.025000000000000001,0.5
1340.3333,  1.00000000,1,0,0.025000000000000001,0.5
1340.3667,  1.00000000,1,0,0.0,0.5
1340.4000,  1.00000000,1,0,0.0,0.5
1340.4333,  1.00000000,1,0,0.0,0.5
1340.4667,  1.00000000,1,0,0.0,0.5
1340.5000,  1.00000000,1,0,0.025000000000000001,0.5
1340.5333,  1.00000000,1,0,0.0,0.5
1340.5667,  1.00000000,1,0,0.0,0.5
1340.6000,  1.00000000,1,0,0.0,0.5
1340.6333,  1.00000000,1,0,0.0,0.5
1340.6667,  1.00000000,1,0,0.0,0.5
1340.7000,  1.00000000,1,0,0.0,0.5
1340.7333,  1.00000000,1,0,0.0,0.5
1340.7667,  1.00000000,1,0,0.0,0.5
1340.8000,  1.00000000,1,0,0.0,0.5
1340.8333,  1.00000000,1,0,0.0,0.5
1340.8667,  1.00000000,1,0,0.0,0.5
1340.9000,  1.00000000,1,0,0.0,0.5
1340.9333,  1.00000000,1,0,0.050000000000000003,0.5
1340.9667,  1.00000000,1,0,0.0,0.5
1341.0000,  1.00000000,1,0,0.025000000000000001,0.5
1341.0333,  1.00000000,1,0,0.0,0.5
1341.0667,  1.00000000,1,0,0.025000000000000001,0.5
1341.1000,  1.00000000,1,0,0.0,0.5
1341.1333,  1.00000000,1,0,0.0,0.5
1341.1667,  1.00000000,1,0,0.0,0.5
1341.2000,  1.00000000,1,0,0.0,0.5
1341.2333,  1.00000000,1,0,0.0,0.5
1341.2667,  1.00000000,1,0,0.0,0.5
1341.3000,  1.00000000,1,0,0.0,0.5
1341.3333,  1.00000000,1,0,0.0,0.5
1341.3667,  1.00000000,1,0,0.0,0.5
1341.4000,  1.00000000,1,0,0.0,0.5
1341.4333,  1.00000000,1,0,0.025000000000000001,0.5
1341.4667,  1.00000000,1,0,0.0,0.5
1341.5000,  1.00000000,1,0,0.0,0.5
1341.5333,  1.00000000,1,0,0.0,0.5
1341.5667,  1.00000000,1,0,0.0,0.5
1341.6000,  1.00000000,1,0,0.0,0.5
1341.6333,  1.00000000,1,0,0.0,0.5
1341.6667,  1.00000000,1,0,0.025000000000000001,0.5
1341.7000,  1.00000000,1,0,0.0,0.5
1341.7333,  1.00000000,1,0,0.025000000000000001,0.5
1341.7667,  1.00000000,1,0,0.025000000000000001,0.5
1341.8000,  1.00000000,1,0,0.025000000000000001,0.5
1341.8333,  1.00000000,1,0,0.0,0.5
1341.8667,  1.00000000,1,0,0.025000000000000001,0.5
1341.9000,  1.00000000,1,0,0.0,0.5
1341.9333,  1.00000000,1,0,0.0,0.5
1341.9667,  1.00000000,1,0,0.025000000000000001,0.5
1342.0000,  1.00000000,1,0,0.025000000000000001,0.5
1342.0333,  1.00000000,1,0,0.0,0.5
1342.0667,  1.00000000,1,0,0.0,0.5
1342.1000,  1.00000000,1,0,0.0,0.5
1342.1333,  1.00000000,1,0,0.0,0.5
1342.1667,  1.00000000,1,0,0.0,0.5
1342.2000,  1.00000000,1,0,0.025000000000000001,0.5
1342.2333,  1.00000000,1,0,0.025000000000000001,0.5
1342.2667,  1.00000000,1,0,0.0,0.5
1342.3000,  1.00000000,1,0,0.0,0.5
1342.3333,  1.00000000,1,0,0.0,0.5
1342.3667,  1.00000000,1,0,0.0,0.5
1342.4000,  1.00000000,1,0,0.0,0.5
1342.4333,  1.00000000,1,0,0.0,0.5
1342.4667,  1.00000000,1,0,0.0,0.5
1342.5000,  1.00000000,1,0,0.025000000000000001,0.5
1342.5333,  1.00000000,1,0,0.0,0.5
1342.5667,  1.00000000,1,0,0.0,0.5
1342.6000,  1.00000000,1,0,0.025000000000000001,0.5
1342.6333,  1.00000000,1,0,0.0,0.5
1342.6667,  1.00000000,1,0,0.0,0.5
1342.7000,  1.00000000,1,0,0.0,0.5
1342.7333,  1.00000000,1,0,0.0,0.5
1342.7667,  1.00000000,1,0,0.0,0.5
1342.8000,  1.00000000,1,0,0.025000000000000001,0.5
1342.8333,  1.00000000,1,0,0.0,0.5
1342.8667,  1.00000000,1,0,0.0,0.5
1342.9000,  1.00000000,1,0,0.025000000000000001,0.5
1342.9333,  1.00000000,1,0,0.0,0.5
1342.9667,  1.00000000,1,0,0.0,0.5
1343.0000,  1.00000000,1,0,0.025000000000000001,0.5
1343.0333,  1.00000000,1,0,0.0,0.5
1343.0667,  1.00000000,1,0,0.025000000000000001,0.5
1343.1000,  1.00000000,1,0,0.0,0.5
1343.1333,  1.00000000,1,0,0.0,0.5
1343.1667,  1.00000000,1,0,0.0,0.5
1343.2000,  1.00000000,1,0,0.025000000000000001,0.5
1343.2333,  1.00000000,1,0,0.0,0.5
1343.2667,  1.00000000,1,0,0.0,0.5
1343.3000,  1.00000000,1,0,0.025000000000000001,0.5
1343.3333,  1.00000000,1,0,0.0,0.5
1343.3667,  1.00000000,1,0,0.0,0.5
1343.4000,  1.00000000,1,0,0.0,0.5
1343.4333,  1.00000000,1,0,0.0,0.5
1343.4667,  1.00000000,1,0,0.050000000000000003,0.5
1343.5000,  1.00000000,1,0,0.025000000000000001,0.5
1343.5333,  1.00000000,1,0,0.0,0.5
1343.5667,  1.00000000,1,0,0.0,0.5
1343.6000,  1.00000000,1,0,0.025000000000000001,0.5
1343.6333,  1.00000000,1,0,0.025000000000000001,0.5
1343.6667,  1.00000000,1,0,0.0,0.5
1343.7000,  1.00000000,1,0,0.025000000000000001,0.5
1343.7333,  1.00000000,1,0,0.0,0.5
1343.7667,  1.00000000,1,0,0.0,0.5
1343.8000,  1.00000000,1,0,0.050000000000000003,0.5
1343.8333,  1.00000000,1,0,0.025000000000000001,0.5
1343.8667,  1.00000000,1,0,0.0,0.5
1343.9000,  1.00000000,1,0,0.050000000000000003,0.5
1343.9333,  1.00000000,1,0,0.0,0.5
1343.9667,  1.00000000,1,0,0.025000000000000001,0.5
1344.0000,  1.00000000,1,0,0.025000000000000001,0.5
1344.0333,  1.00000000,1,0,0.025000000000000001,0.5
1344.0667,  1.00000000,1,0,0.0,0.5
1344.1000,  1.00000000,1,0,0.0,0.5
1344.1333,  1.00000000,1,0,0.025000000000000001,0.5
1344.1667,  1.00000000,1,0,0.0,0.5
1344.2000,  1.00000000,1,0,0.025000000000000001,0.5
1344.2333,  1.00000000,1,0,0.050000000000000003,0.5
1344.2667,  1.00000000,1,0,0.025000000000000001,0.5
1344.3000,  1.00000000,1,0,0.0,0.5
1344.3333,  1.00000000,1,0,0.0,0.5
1344.3667,  1.00000000,1,0,0.0,0.5
1344.4000,  1.00000000,1,0,0.0,0.5
1344.4333,  1.00000000,1,0,0.0,0.5
1344.4667,  1.00000000,1,0,0.025000000000000001,0.5
1344.5000,  1.00000000,1,0,0.025000000000000001,0.5
1344.5333,  1.00000000,1,0,0.0,0.5
1344.5667,  1.00000000,1,0,0.0,0.5
1344.6000,  1.00000000,1,0,0.025000000000000001,0.5
1344.6333,  1.00000000,1,0,0.0,0.5
1344.6667,  1.00000000,1,0,0.0,0.5
1344.7000,  1.00000000,1,0,0.0,0.5
1344.7333,  1.00000000,1,0,0.025000000000000001,0.5
1344.7667,  1.00000000,1,0,0.025000000000000001,0.5
1344.8000,  1.00000000,1,0,0.0,0.5
1344.8333,  1.00000000,1,0,0.0,0.5
1344.8667,  1.00000000,1,0,0.0,0.5
1344.9000,  1.00000000,1,0,0.0,0.5
1344.9333,  1.00000000,1,0,0.025000000000000001,0.5
1344.9667,  1.00000000,1,0,0.025000000000000001,0.5
1345.0000,  1.00000000,1,0,0.025000000000000001,0.5
1345.0333,  1.00000000,1,0,0.025000000000000001,0.5
1345.0667,  1.00000000,1,0,0.0,0.5
1345.1000,  1.00000000,1,0,0.025000000000000001,0.5
1345.1333,  1.00000000,1,0,0.0,0.5
1345.1667,  1.00000000,1,0,0.0,0.5
1345.2000,  1.00000000,1,0,0.0,0.5
1345.2333,  1.00000000,1,0,0.0,0.5
1345.2667,  1.00000000,1,0,0.0,0.5
1345.3000,  1.00000000,1,0,0.0,0.5
1345.3333,  1.00000000,1,0,0.025000000000000001,0.5
1345.3667,  1.00000000,1,0,0.0,0.5
1345.4000,  1.00000000,1,0,0.025000000000000001,0.5
1345.4333,  1.00000000,1,0,0.025000000000000001,0.5
1345.4667,  1.00000000,1,0,0.0,0.5
1345.5000,  1.00000000,1,0,0.025000000000000001,0.5
1345.5333,  1.00000000,1,0,0.0,0.5
1345.5667,  1.00000000,1,0,0.0,0.5
1345.6000,  1.00000000,1,0,0.0,0.5
1345.6333,  1.00000000,1,0,0.0,0.5
1345.6667,  1.00000000,1,0,0.0,0.5
1345.7000,  1.00000000,1,0,0.0,0.5
1345.7333,  1.00000000,1,0,0.025000000000000001,0.5
1345.7667,  1.00000000,1,0,0.0,0.5
1345.8000,  1.00000000,1,0,0.0,0.5
1345.8333,  1.00000000,1,0,0.025000000000000001,0.5
1345.8667,  1.00000000,1,0,0.0,0.5
1345.9000,  1.00000000,1,0,0.0,0.5
1345.9333,  1.00000000,1,0,0.025000000000000001,0.5
1345.9667,  1.00000000,1,0,0.025000000000000001,0.5
1346.0000,  1.00000000,1,0,0.025000000000000001,0.5
1346.0333,  1.00000000,1,0,0.025000000000000001,0.5
1346.0667,  1.00000000,1,0,0.0,0.5
1346.1000,  1.00000000,1,0,0.0,0.5
1346.1333,  1.00000000,1,0,0.0,0.5
1346.1667,  1.00000000,1,0,0.0,0.5
1346.2000,  1.00000000,1,0,0.0,0.5
1346.2333,  1.00000000,1,0,0.0,0.5
1346.2667,  1.00000000,1,0,0.025000000000000001,0.5
1346.3000,  1.00000000,1,0,0.050000000000000003,0.5
1346.3333,  1.00000000,1,0,0.0,0.5
1346.3667,  1.00000000,1,0,0.0,0.5
1346.4000,  1.00000000,1,0,0.0,0.5
1346.4333,  1.00000000,1,0,0.0,0.5
1346.4667,  1.00000000,1,0,0.025000000000000001,0.5
1346.5000,  1.00000000,1,0,0.0,0.5
1346.5333,  1.00000000,1,0,0.0,0.5
1346.5667,  1.00000000,1,0,0.025000000000000001,0.5
1346.6000,  1.00000000,1,0,0.0,0.5
1346.6333,  1.00000000,1,0,0.025000000000000001,0.5
1346.6667,  1.00000000,1,0,0.025000000000000001,0.5
1346.7000,  1.00000000,1,0,0.0,0.5
1346.7333,  1.00000000,1,0,0.0,0.5
1346.7667,  1.00000000,1,0,0.0,0.5
1346.8000,  1.00000000,1,0,0.0,0.5
1346.8333,  1.00000000,1,0,0.0,0.5
1346.8667,  1.00000000,1,0,0.0,0.5
1346.9000,  1.00000000,1,0,0.025000000000000001,0.5
1346.9333,  1.00000000,1,0,0.0,0.5
1346.9667,  1.00000000,1,0,0.0,0.5
1347.0000,  1.00000000,1,0,0.0,0.5
1347.0333,  1.00000000,1,0,0.0,0.5
1347.0667,  1.00000000,1,0,0.0,0.5
1347.1000,  1.00000000,1,0,0.0,0.5
1347.1333,  1.00000000,1,0,0.0,0.5
1347.1667,  1.00000000,1,0,0.0,0.5
1347.2000,  1.00000000,1,0,0.0,0.5
1347.2333,  1.00000000,1,0,0.0,0.5
1347.2667,  1.00000000,1,0,0.0,0.5
1347.3000,  1.00000000,1,0,0.0,0.5
1347.3333,  1.00000000,1,0,0.0,0.5
1347.3667,  1.00000000,1,0,0.0,0.5
1347.4000,  1.00000000,1,0,0.025000000000000001,0.5
1347.4333,  1.00000000,1,0,0.0,0.5
1347.4667,  1.00000000,1,0,0.025000000000000001,0.5
1347.5000,  1.00000000,1,0,0.025000000000000001,0.5
1347.5333,  1.00000000,1,0,0.0,0.5
1347.5667,  1.00000000,1,0,0.0,0.5
1347.6000,  1.00000000,1,0,0.0,0.5
1347.6333,  1.00000000,1,0,0.0,0.5
1347.6667,  1.00000000,1,0,0.025000000000000001,0.5
1347.7000,  1.00000000,1,0,0.0,0.5
1347.7333,  1.00000000,1,0,0.0,0.5
1347.7667,  1.00000000,1,0,0.0,0.5
1347.8000,  1.00000000,1,0,0.0,0.5
1347.8333,  1.00000000,1,0,0.025000000000000001,0.5
1347.8667,  1.00000000,1,0,0.0,0.5
1347.9000,  1.00000000,1,0,0.0,0.5
1347.9333,  1.00000000,1,0,0.0,0.5
1347.9667,  1.00000000,1,0,0.025000000000000001,0.5
1348.0000,  1.00000000,1,0,0.0,0.5
1348.0333,  1.00000000,1,0,0.025000000000000001,0.5
1348.0667,  1.00000000,1,0,0.0,0.5
1348.1000,  1.00000000,1,0,0.025000000000000001,0.5
1348.1333,  1.00000000,1,0,0.025000000000000001,0.5
1348.1667,  1.00000000,1,0,0.0,0.5
1348.2000,  1.00000000,1,0,0.0,0.5
1348.2333,  1.00000000,1,0,0.0,0.5
1348.2667,  1.00000000,1,0,0.025000000000000001,0.5
1348.3000,  1.00000000,1,0,0.0,0.5
1348.3333,  1.00000000,1,0,0.0,0.5
1348.3667,  1.00000000,1,0,0.0,0.5
1348.4000,  1.00000000,1,0,0.0,0.5
1348.4333,  1.00000000,1,0,0.0,0.5
1348.4667,  1.00000000,1,0,0.0,0.5
1348.5000,  1.00000000,1,0,0.025000000000000001,0.5
1348.5333,  1.00000000,1,0,0.025000000000000001,0.5
1348.5667,  1.00000000,1,0,0.0,0.5
1348.6000,  1.00000000,1,0,0.0,0.5
1348.6333,  1.00000000,1,0,0.0,0.5
1348.6667,  1.00000000,1,0,0.0,0.5
1348.7000,  1.00000000,1,0,0.025000000000000001,0.5
1348.7333,  1.00000000,1,0,0.0,0.5
1348.7667,  1.00000000,1,0,0.0,0.5
1348.8000,  1.00000000,1,0,0.0,0.5
1348.8333,  1.00000000,1,0,0.0,0.5
1348.8667,  1.00000000,1,0,0.050000000000000003,0.5
1348.9000,  1.00000000,1,0,0.0,0.5
1348.9333,  1.00000000,1,0,0.0,0.5
1348.9667,  1.00000000,1,0,0.0,0.5
1349.0000,  1.00000000,1,0,0.0,0.5
1349.0333,  1.00000000,1,0,0.025000000000000001,0.5
1349.0667,  1.00000000,1,0,0.025000000000000001,0.5
1349.1000,  1.00000000,1,0,0.0,0.5
1349.1333,  1.00000000,1,0,0.0,0.5
1349.1667,  1.00000000,1,0,0.0,0.5
1349.2000,  1.00000000,1,0,0.025000000000000001,0.5
1349.2333,  1.00000000,1,0,0.025000000000000001,0.5
1349.2667,  1.00000000,1,0,0.025000000000000001,0.5
1349.3000,  1.00000000,1,0,0.025000000000000001,0.5
1349.3333,  1.00000000,1,0,0.025000000000000001,0.5
1349.3667,  1.00000000,1,0,0.0,0.5
1349.4000,  1.00000000,1,0,0.025000000000000001,0.5
1349.4333,  1.00000000,1,0,0.050000000000000003,0.5
1349.4667,  1.00000000,1,0,0.0,0.5
1349.5000,  1.00000000,1,0,0.025000000000000001,0.5
1349.5333,  1.00000000,1,0,0.0,0.5
1349.5667,  1.00000000,1,0,0.0,0.5
1349.6000,  1.00000000,1,0,0.025000000000000001,0.5
1349.6333,  1.00000000,1,0,0.0,0.5
1349.6667,  1.00000000,1,0,0.025000000000000001,0.5
1349.7000,  1.00000000,1,0,0.0,0.5
1349.7333,  1.00000000,1,0,0.0,0.5
1349.7667,  1.00000000,1,0,0.0,0.5
1349.8000,  1.00000000,1,0,0.025000000000000001,0.5
1349.8333,  1.00000000,1,0,0.0,0.5
1349.8667,  1.00000000,1,0,0.0,0.5
1349.9000,  1.00000000,1,0,0.025000000000000001,0.5
1349.9333,  1.00000000,1,0,0.0,0.5
1349.9667,  1.00000000,1,0,0.025000000000000001,0.5
1350.0000,  1.00000000,1,0,0.0,0.5
1350.0333,  1.00000000,1,0,0.0,0.5
1350.0667,  1.00000000,1,0,0.050000000000000003,0.5
1350.1000,  1.00000000,1,0,0.074999999999999997,0.5
1350.1333,  1.00000000,1,0,0.0,0.5
1350.1667,  1.00000000,1,0,0.025000000000000001,0.5
1350.2000,  1.00000000,1,0,0.0,0.5
1350.2333,  1.00000000,1,0,0.025000000000000001,0.5
1350.2667,  1.00000000,1,0,0.0,0.5
1350.3000,  1.00000000,1,0,0.025000000000000001,0.5
1350.3333,  1.00000000,1,0,0.0,0.5
1350.3667,  1.00000000,1,0,0.0,0.5
1350.4000,  1.00000000,1,0,0.0,0.5
1350.4333,  1.00000000,1,0,0.0,0.5
1350.4667,  1.00000000,1,0,0.025000000000000001,0.5
1350.5000,  1.00000000,1,0,0.0,0.5
1350.5333,  1.00000000,1,0,0.0,0.5
1350.5667,  1.00000000,1,0,0.0,0.5
1350.6000,  1.00000000,1,0,0.0,0.5
1350.6333,  1.00000000,1,0,0.0,0.5
1350.6667,  1.00000000,1,0,0.0,0.5
1350.7000,  1.00000000,1,0,0.0,0.5
1350.7333,  1.00000000,1,0,0.0,0.5
1350.7667,  1.00000000,1,0,0.0,0.5
1350.8000,  1.00000000,1,0,0.025000000000000001,0.5
1350.8333,  1.00000000,1,0,0.0,0.5
1350.8667,  1.00000000,1,0,0.0,0.5
1350.9000,  1.00000000,1,0,0.0,0.5
1350.9333,  1.00000000,1,0,0.0,0.5
1350.9667,  1.00000000,1,0,0.025000000000000001,0.5
1351.0000,  1.00000000,1,0,0.0,0.5
1351.0333,  1.00000000,1,0,0.0,0.5
1351.0667,  1.00000000,1,0,0.0,0.5
1351.1000,  1.00000000,1,0,0.0,0.5
1351.1333,  1.00000000,1,0,0.025000000000000001,0.5
1351.1667,  1.00000000,1,0,0.0,0.5
1351.2000,  1.00000000,1,0,0.025000000000000001,0.5
1351.2333,  1.00000000,1,0,0.025000000000000001,0.5
1351.2667,  1.00000000,1,0,0.0,0.5
1351.3000,  1.00000000,1,0,0.025000000000000001,0.5
1351.3333,  1.00000000,1,0,0.0,0.5
1351.3667,  1.00000000,1,0,0.0,0.5
1351.4000,  1.00000000,1,0,0.025000000000000001,0.5
1351.4333,  1.00000000,1,0,0.0,0.5
1351.4667,  1.00000000,1,0,0.0,0.5
1351.5000,  1.00000000,1,0,0.025000000000000001,0.5
1351.5333,  1.00000000,1,0,0.0,0.5
1351.5667,  1.00000000,1,0,0.0,0.5
1351.6000,  1.00000000,1,0,0.0,0.5
1351.6333,  1.00000000,1,0,0.050000000000000003,0.5
1351.6667,  1.00000000,1,0,0.0,0.5
1351.7000,  1.00000000,1,0,0.025000000000000001,0.5
1351.7333,  1.00000000,1,0,0.050000000000000003,0.5
1351.7667,  1.00000000,1,0,0.0,0.5
1351.8000,  1.00000000,1,0,0.0,0.5
1351.8333,  1.00000000,1,0,0.0,0.5
1351.8667,  1.00000000,1,0,0.025000000000000001,0.5
1351.9000,  1.00000000,1,0,0.0,0.5
1351.9333,  1.00000000,1,0,0.0,0.5
1351.9667,  1.00000000,1,0,0.050000000000000003,0.5
1352.0000,  1.00000000,1,0,0.0,0.5
1352.0333,  1.00000000,1,0,0.0,0.5
1352.0667,  1.00000000,1,0,0.0,0.5
1352.1000,  1.00000000,1,0,0.0,0.5
1352.1333,  1.00000000,1,0,0.0,0.5
1352.1667,  1.00000000,1,0,0.0,0.5
1352.2000,  1.00000000,1,0,0.0,0.5
1352.2333,  1.00000000,1,0,0.025000000000000001,0.5
1352.2667,  1.00000000,1,0,0.025000000000000001,0.5
1352.3000,  1.00000000,1,0,0.0,0.5
1352.3333,  1.00000000,1,0,0.0,0.5
1352.3667,  1.00000000,1,0,0.0,0.5
1352.4000,  1.00000000,1,0,0.025000000000000001,0.5
1352.4333,  1.00000000,1,0,0.0,0.5
1352.4667,  1.00000000,1,0,0.025000000000000001,0.5
1352.5000,  1.00000000,1,0,0.0,0.5
1352.5333,  1.00000000,1,0,0.0,0.5
1352.5667,  1.00000000,1,0,0.025000000000000001,0.5
1352.6000,  1.00000000,1,0,0.025000000000000001,0.5
1352.6333,  1.00000000,1,0,0.0,0.5
1352.6667,  1.00000000,1,0,0.025000000000000001,0.5
1352.7000,  1.00000000,1,0,0.0,0.5
1352.7333,  1.00000000,1,0,0.0,0.5
1352.7667,  1.00000000,1,0,0.0,0.5
1352.8000,  1.00000000,1,0,0.0,0.5
1352.8333,  1.00000000,1,0,0.025000000000000001,0.5
1352.8667,  1.00000000,1,0,0.0,0.5
1352.9000,  1.00000000,1,0,0.0,0.5
1352.9333,  1.00000000,1,0,0.0,0.5
1352.9667,  1.00000000,1,0,0.0,0.5
1353.0000,  1.00000000,1,0,0.0,0.5
1353.0333,  1.00000000,1,0,0.0,0.5
1353.0667,  1.00000000,1,0,0.025000000000000001,0.5
1353.1000,  1.00000000,1,0,0.0,0.5
1353.1333,  1.00000000,1,0,0.025000000000000001,0.5
1353.1667,  1.00000000,1,0,0.025000000000000001,0.5
1353.2000,  1.00000000,1,0,0.0,0.5
1353.2333,  1.00000000,1,0,0.0,0.5
1353.2667,  1.00000000,1,0,0.025000000000000001,0.5
1353.3000,  1.00000000,1,0,0.0,0.5
1353.3333,  1.00000000,1,0,0.025000000000000001,0.5
1353.3667,  1.00000000,1,0,0.0,0.5
1353.4000,  1.00000000,1,0,0.025000000000000001,0.5
1353.4333,  1.00000000,1,0,0.0,0.5
1353.4667,  1.00000000,1,0,0.0,0.5
1353.5000,  1.00000000,1,0,0.0,0.5
1353.5333,  1.00000000,1,0,0.0,0.5
1353.5667,  1.00000000,1,0,0.0,0.5
1353.6000,  1.00000000,1,0,0.0,0.5
1353.6333,  1.00000000,1,0,0.025000000000000001,0.5
1353.6667,  1.00000000,1,0,0.0,0.5
1353.7000,  1.00000000,1,0,0.0,0.5
1353.7333,  1.00000000,1,0,0.025000000000000001,0.5
1353.7667,  1.00000000,1,0,0.0,0.5
1353.8000,  1.00000000,1,0,0.0,0.5
1353.8333,  1.00000000,1,0,0.0,0.5
1353.8667,  1.00000000,1,0,0.025000000000000001,0.5
1353.9000,  1.00000000,1,0,0.025000000000000001,0.5
1353.9333,  1.00000000,1,0,0.0,0.5
1353.9667,  1.00000000,1,0,0.025000000000000001,0.5
1354.0000,  1.00000000,1,0,0.0,0.5
1354.0333,  1.00000000,1,0,0.0,0.5
1354.0667,  1.00000000,1,0,0.0,0.5
1354.1000,  1.00000000,1,0,0.0,0.5
1354.1333,  1.00000000,1,0,0.025000000000000001,0.5
1354.1667,  1.00000000,1,0,0.0,0.5
1354.2000,  1.00000000,1,0,0.0,0.5
1354.2333,  1.00000000,1,0,0.0,0.5
1354.2667,  1.00000000,1,0,0.025000000000000001,0.5
1354.3000,  1.00000000,1,0,0.0,0.5
1354.3333,  1.00000000,1,0,0.0,0.5
1354.3667,  1.00000000,1,0,0.0,0.5
1354.4000,  1.00000000,1,0,0.025000000000000001,0.5
1354.4333,  1.00000000,1,0,0.0,0.5
1354.4667,  1.00000000,1,0,0.0,0.5
1354.5000,  1.00000000,1,0,0.0,0.5
1354.5333,  1.00000000,1,0,0.025000000000000001,0.5
1354.5667,  1.00000000,1,0,0.0,0.5
1354.6000,  1.00000000,1,0,0.025000000000000001,0.5
1354.6333,  1.00000000,1,0,0.0,0.5
1354.6667,  1.00000000,1,0,0.0,0.5
1354.7000,  1.00000000,1,0,0.0,0.5
1354.7333,  1.00000000,1,0,0.025000000000000001,0.5
1354.7667,  1.00000000,1,0,0.0,0.5
1354.8000,  1.00000000,1,0,0.0,0.5
1354.8333,  1.00000000,1,0,0.0,0.5
1354.8667,  1.00000000,1,0,0.0,0.5
1354.9000,  1.00000000,1,0,0.0,0.5
1354.9333,  1.00000000,1,0,0.025000000000000001,0.5
1354.9667,  1.00000000,1,0,0.0,0.5
1355.0000,  1.00000000,1,0,0.025000000000000001,0.5
1355.0333,  1.00000000,1,0,0.050000000000000003,0.5
1355.0667,  1.00000000,1,0,0.0,0.5
1355.1000,  1.00000000,1,0,0.0,0.5
1355.1333,  1.00000000,1,0,0.0,0.5
1355.1667,  1.00000000,1,0,0.0,0.5
1355.2000,  1.00000000,1,0,0.0,0.5
1355.2333,  1.00000000,1,0,0.0,0.5
1355.2667,  1.00000000,1,0,0.025000000000000001,0.5
1355.3000,  1.00000000,1,0,0.0,0.5
1355.3333,  1.00000000,1,0,0.0,0.5
1355.3667,  1.00000000,1,0,0.0,0.5
1355.4000,  1.00000000,1,0,0.0,0.5
1355.4333,  1.00000000,1,0,0.0,0.5
1355.4667,  1.00000000,1,0,0.0,0.5
1355.5000,  1.00000000,1,0,0.0,0.5
1355.5333,  1.00000000,1,0,0.0,0.5
1355.5667,  1.00000000,1,0,0.025000000000000001,0.5
1355.6000,  1.00000000,1,0,0.0,0.5
1355.6333,  1.00000000,1,0,0.025000000000000001,0.5
1355.6667,  1.00000000,1,0,0.0,0.5
1355.7000,  1.00000000,1,0,0.0,0.5
1355.7333,  1.00000000,1,0,0.0,0.5
1355.7667,  1.00000000,1,0,0.0,0.5
1355.8000,  1.00000000,1,0,0.0,0.5
1355.8333,  1.00000000,1,0,0.0,0.5
1355.8667,  1.00000000,1,0,0.0,0.5
1355.9000,  1.00000000,1,0,0.0,0.5
1355.9333,  1.00000000,1,0,0.0,0.5
1355.9667,  1.00000000,1,0,0.0,0.5
1356.0000,  1.00000000,1,0,0.0,0.5
1356.0333,  1.00000000,1,0,0.0,0.5
1356.0667,  1.00000000,1,0,0.025000000000000001,0.5
1356.1000,  1.00000000,1,0,0.050000000000000003,0.5
1356.1333,  1.00000000,1,0,0.050000000000000003,0.5
1356.1667,  1.00000000,1,0,0.0,0.5
1356.2000,  1.00000000,1,0,0.025000000000000001,0.5
1356.2333,  1.00000000,1,0,0.0,0.5
1356.2667,  1.00000000,1,0,0.0,0.5
1356.3000,  1.00000000,1,0,0.025000000000000001,0.5
1356.3333,  1.00000000,1,0,0.050000000000000003,0.5
1356.3667,  1.00000000,1,0,0.0,0.5
1356.4000,  1.00000000,1,0,0.0,0.5
1356.4333,  1.00000000,1,0,0.0,0.5
1356.4667,  1.00000000,1,0,0.050000000000000003,0.5
1356.5000,  1.00000000,1,0,0.0,0.5
1356.5333,  1.00000000,1,0,0.0,0.5
1356.5667,  1.00000000,1,0,0.0,0.5
1356.6000,  1.00000000,1,0,0.0,0.5
1356.6333,  1.00000000,1,0,0.0,0.5
1356.6667,  1.00000000,1,0,0.025000000000000001,0.5
1356.7000,  1.00000000,1,0,0.0,0.5
1356.7333,  1.00000000,1,0,0.0,0.5
1356.7667,  1.00000000,1,0,0.025000000000000001,0.5
1356.8000,  1.00000000,1,0,0.0,0.5
1356.8333,  1.00000000,1,0,0.025000000000000001,0.5
1356.8667,  1.00000000,1,0,0.0,0.5
1356.9000,  1.00000000,1,0,0.0,0.5
1356.9333,  1.00000000,1,0,0.0,0.5
1356.9667,  1.00000000,1,0,0.0,0.5
1357.0000,  1.00000000,1,0,0.0,0.5
1357.0333,  1.00000000,1,0,0.0,0.5
1357.0667,  1.00000000,1,0,0.025000000000000001,0.5
1357.1000,  1.00000000,1,0,0.0,0.5
1357.1333,  1.00000000,1,0,0.025000000000000001,0.5
1357.1667,  1.00000000,1,0,0.0,0.5
1357.2000,  1.00000000,1,0,0.025000000000000001,0.5
1357.2333,  1.00000000,1,0,0.025000000000000001,0.5
1357.2667,  1.00000000,1,0,0.0,0.5
1357.3000,  1.00000000,1,0,0.025000000000000001,0.5
1357.3333,  1.00000000,1,0,0.025000000000000001,0.5
1357.3667,  1.00000000,1,0,0.025000000000000001,0.5
1357.4000,  1.00000000,1,0,0.0,0.5
1357.4333,  1.00000000,1,0,0.0,0.5
1357.4667,  1.00000000,1,0,0.025000000000000001,0.5
1357.5000,  1.00000000,1,0,0.025000000000000001,0.5
1357.5333,  1.00000000,1,0,0.025000000000000001,0.5
1357.5667,  1.00000000,1,0,0.025000000000000001,0.5
1357.6000,  1.00000000,1,0,0.0,0.5
1357.6333,  1.00000000,1,0,0.025000000000000001,0.5
1357.6667,  1.00000000,1,0,0.0,0.5
1357.7000,  1.00000000,1,0,0.0,0.5
1357.7333,  1.00000000,1,0,0.0,0.5
1357.7667,  1.00000000,1,0,0.025000000000000001,0.5
1357.8000,  1.00000000,1,0,0.0,0.5
1357.8333,  1.00000000,1,0,0.025000000000000001,0.5
1357.8667,  1.00000000,1,0,0.0,0.5
1357.9000,  1.00000000,1,0,0.0,0.5
1357.9333,  1.00000000,1,0,0.025000000000000001,0.5
1357.9667,  1.00000000,1,0,0.025000000000000001,0.5
1358.0000,  1.00000000,1,0,0.025000000000000001,0.5
1358.0333,  1.00000000,1,0,0.025000000000000001,0.5
1358.0667,  1.00000000,1,0,0.025000000000000001,0.5
1358.1000,  1.00000000,1,0,0.0,0.5
1358.1333,  1.00000000,1,0,0.0,0.5
1358.1667,  1.00000000,1,0,0.0,0.5
1358.2000,  1.00000000,1,0,0.0,0.5
1358.2333,  1.00000000,1,0,0.0,0.5
1358.2667,  1.00000000,1,0,0.0,0.5
1358.3000,  1.00000000,1,0,0.0,0.5
1358.3333,  1.00000000,1,0,0.0,0.5
1358.3667,  1.00000000,1,0,0.0,0.5
1358.4000,  1.00000000,1,0,0.0,0.5
1358.4333,  1.00000000,1,0,0.0,0.5
1358.4667,  1.00000000,1,0,0.025000000000000001,0.5
1358.5000,  1.00000000,1,0,0.0,0.5
1358.5333,  1.00000000,1,0,0.025000000000000001,0.5
1358.5667,  1.00000000,1,0,0.025000000000000001,0.5
1358.6000,  1.00000000,1,0,0.0,0.5
1358.6333,  1.00000000,1,0,0.0,0.5
1358.6667,  1.00000000,1,0,0.025000000000000001,0.5
1358.7000,  1.00000000,1,0,0.0,0.5
1358.7333,  1.00000000,1,0,0.0,0.5
1358.7667,  1.00000000,1,0,0.0,0.5
1358.8000,  1.00000000,1,0,0.0,0.5
1358.8333,  1.00000000,1,0,0.0,0.5
1358.8667,  1.00000000,1,0,0.0,0.5
1358.9000,  1.00000000,1,0,0.0,0.5
1358.9333,  1.00000000,1,0,0.025000000000000001,0.5
1358.9667,  1.00000000,1,0,0.025000000000000001,0.5
1359.0000,  1.00000000,1,0,0.0,0.5
1359.0333,  1.00000000,1,0,0.0,0.5
1359.0667,  1.00000000,1,0,0.0,0.5
1359.1000,  1.00000000,1,0,0.0,0.5
1359.1333,  1.00000000,1,0,0.0,0.5
1359.1667,  1.00000000,1,0,0.0,0.5
1359.2000,  1.00000000,1,0,0.0,0.5
1359.2333,  1.00000000,1,0,0.0,0.5
1359.2667,  1.00000000,1,0,0.0,0.5
1359.3000,  1.00000000,1,0,0.0,0.5
1359.3333,  1.00000000,1,0,0.0,0.5
1359.3667,  1.00000000,1,0,0.0,0.5
1359.4000,  1.00000000,1,0,0.0,0.5
1359.4333,  1.00000000,1,0,0.0,0.5
1359.4667,  1.00000000,1,0,0.050000000000000003,0.5
1359.5000,  1.00000000,1,0,0.025000000000000001,0.5
1359.5333,  1.00000000,1,0,0.0,0.5
1359.5667,  1.00000000,1,0,0.0,0.5
1359.6000,  1.00000000,1,0,0.0,0.5
1359.6333,  1.00000000,1,0,0.025000000000000001,0.5
1359.6667,  1.00000000,1,0,0.0,0.5
1359.7000,  1.00000000,1,0,0.050000000000000003,0.5
1359.7333,  1.00000000,1,0,0.0,0.5
1359.7667,  1.00000000,1,0,0.0,0.5
1359.8000,  1.00000000,1,0,0.0,0.5
1359.8333,  1.00000000,1,0,0.0,0.5
1359.8667,  1.00000000,1,0,0.025000000000000001,0.5
1359.9000,  1.00000000,1,0,0.0,0.5
1359.9333,  1.00000000,1,0,0.025000000000000001,0.5
1359.9667,  1.00000000,1,0,0.0,0.5
1360.0000,  1.00000000,1,0,0.0,0.5
1360.0333,  1.00000000,1,0,0.0,0.5
1360.0667,  1.00000000,1,0,0.025000000000000001,0.5
1360.1000,  1.00000000,1,0,0.0,0.5
1360.1333,  1.00000000,1,0,0.0,0.5
1360.1667,  1.00000000,1,0,0.025000000000000001,0.5
1360.2000,  1.00000000,1,0,0.0,0.5
1360.2333,  1.00000000,1,0,0.0,0.5
1360.2667,  1.00000000,1,0,0.0,0.5
1360.3000,  1.00000000,1,0,0.025000000000000001,0.5
1360.3333,  1.00000000,1,0,0.025000000000000001,0.5
1360.3667,  1.00000000,1,0,0.0,0.5
1360.4000,  1.00000000,1,0,0.0,0.5
1360.4333,  1.00000000,1,0,0.0,0.5
1360.4667,  1.00000000,1,0,0.0,0.5
1360.5000,  1.00000000,1,0,0.0,0.5
1360.5333,  1.00000000,1,0,0.0,0.5
1360.5667,  1.00000000,1,0,0.025000000000000001,0.5
1360.6000,  1.00000000,1,0,0.0,0.5
1360.6333,  1.00000000,1,0,0.0,0.5
1360.6667,  1.00000000,1,0,0.025000000000000001,0.5
1360.7000,  1.00000000,1,0,0.0,0.5
1360.7333,  1.00000000,1,0,0.0,0.5
1360.7667,  1.00000000,1,0,0.0,0.5
1360.8000,  1.00000000,1,0,0.025000000000000001,0.5
1360.8333,  1.00000000,1,0,0.0,0.5
1360.8667,  1.00000000,1,0,0.0,0.5
1360.9000,  1.00000000,1,0,0.0,0.5
1360.9333,  1.00000000,1,0,0.0,0.5
1360.9667,  1.00000000,1,0,0.0,0.5
1361.0000,  1.00000000,1,0,0.0,0.5
1361.0333,  1.00000000,1,0,0.0,0.5
1361.0667,  1.00000000,1,0,0.050000000000000003,0.5
1361.1000,  1.00000000,1,0,0.0,0.5
1361.1333,  1.00000000,1,0,0.0,0.5
1361.1667,  1.00000000,1,0,0.0,0.5
1361.2000,  1.00000000,1,0,0.0,0.5
1361.2333,  1.00000000,1,0,0.0,0.5
1361.2667,  1.00000000,1,0,0.0,0.5
1361.3000,  1.00000000,1,0,0.0,0.5
1361.3333,  1.00000000,1,0,0.0,0.5
1361.3667,  1.00000000,1,0,0.0,0.5
1361.4000,  1.00000000,1,0,0.025000000000000001,0.5
1361.4333,  1.00000000,1,0,0.025000000000000001,0.5
1361.4667,  1.00000000,1,0,0.0,0.5
1361.5000,  1.00000000,1,0,0.0,0.5
1361.5333,  1.00000000,1,0,0.0,0.5
1361.5667,  1.00000000,1,0,0.0,0.5
1361.6000,  1.00000000,1,0,0.0,0.5
1361.6333,  1.00000000,1,0,0.0,0.5
1361.6667,  1.00000000,1,0,0.0,0.5
1361.7000,  1.00000000,1,0,0.0,0.5
1361.7333,  1.00000000,1,0,0.025000000000000001,0.5
1361.7667,  1.00000000,1,0,0.025000000000000001,0.5
1361.8000,  1.00000000,1,0,0.0,0.5
1361.8333,  1.00000000,1,0,0.025000000000000001,0.5
1361.8667,  1.00000000,1,0,0.0,0.5
1361.9000,  1.00000000,1,0,0.025000000000000001,0.5
1361.9333,  1.00000000,1,0,0.0,0.5
1361.9667,  1.00000000,1,0,0.0,0.5
1362.0000,  1.00000000,1,0,0.0,0.5
1362.0333,  1.00000000,1,0,0.0,0.5
1362.0667,  1.00000000,1,0,0.0,0.5
1362.1000,  1.00000000,1,0,0.0,0.5
1362.1333,  1.00000000,1,0,0.0,0.5
1362.1667,  1.00000000,1,0,0.0,0.5
1362.2000,  1.00000000,1,0,0.0,0.5
1362.2333,  1.00000000,1,0,0.0,0.5
1362.2667,  1.00000000,1,0,0.0,0.5
1362.3000,  1.00000000,1,0,0.0,0.5
1362.3333,  1.00000000,1,0,0.025000000000000001,0.5
1362.3667,  1.00000000,1,0,0.025000000000000001,0.5
1362.4000,  1.00000000,1,0,0.0,0.5
1362.4333,  1.00000000,1,0,0.025000000000000001,0.5
1362.4667,  1.00000000,1,0,0.0,0.5
1362.5000,  1.00000000,1,0,0.0,0.5
1362.5333,  1.00000000,1,0,0.0,0.5
1362.5667,  1.00000000,1,0,0.0,0.5
1362.6000,  1.00000000,1,0,0.025000000000000001,0.5
1362.6333,  1.00000000,1,0,0.0,0.5
1362.6667,  1.00000000,1,0,0.0,0.5
1362.7000,  1.00000000,1,0,0.025000000000000001,0.5
1362.7333,  1.00000000,1,0,0.0,0.5
1362.7667,  1.00000000,1,0,0.0,0.5
1362.8000,  1.00000000,1,0,0.0,0.5
1362.8333,  1.00000000,1,0,0.025000000000000001,0.5
1362.8667,  1.00000000,1,0,0.025000000000000001,0.5
1362.9000,  1.00000000,1,0,0.0,0.5
1362.9333,  1.00000000,1,0,0.0,0.5
1362.9667,  1.00000000,1,0,0.025000000000000001,0.5
1363.0000,  1.00000000,1,0,0.0,0.5
1363.0333,  1.00000000,1,0,0.0,0.5
1363.0667,  1.00000000,1,0,0.0,0.5
1363.1000,  1.00000000,1,0,0.050000000000000003,0.5
1363.1333,  1.00000000,1,0,0.0,0.5
1363.1667,  1.00000000,1,0,0.025000000000000001,0.5
1363.2000,  1.00000000,1,0,0.025000000000000001,0.5
1363.2333,  1.00000000,1,0,0.0,0.5
1363.2667,  1.00000000,1,0,0.025000000000000001,0.5
1363.3000,  1.00000000,1,0,0.0,0.5
1363.3333,  1.00000000,1,0,0.0,0.5
1363.3667,  1.00000000,1,0,0.025000000000000001,0.5
1363.4000,  1.00000000,1,0,0.0,0.5
1363.4333,  1.00000000,1,0,0.0,0.5
1363.4667,  1.00000000,1,0,0.0,0.5
1363.5000,  1.00000000,1,0,0.0,0.5
1363.5333,  1.00000000,1,0,0.0,0.5
1363.5667,  1.00000000,1,0,0.0,0.5
1363.6000,  1.00000000,1,0,0.0,0.5
1363.6333,  1.00000000,1,0,0.0,0.5
1363.6667,  1.00000000,1,0,0.0,0.5
1363.7000,  1.00000000,1,0,0.025000000000000001,0.5
1363.7333,  1.00000000,1,0,0.0,0.5
1363.7667,  1.00000000,1,0,0.025000000000000001,0.5
1363.8000,  1.00000000,1,0,0.025000000000000001,0.5
1363.8333,  1.00000000,1,0,0.025000000000000001,0.5
1363.8667,  1.00000000,1,0,0.025000000000000001,0.5
1363.9000,  1.00000000,1,0,0.025000000000000001,0.5
1363.9333,  1.00000000,1,0,0.025000000000000001,0.5
1363.9667,  1.00000000,1,0,0.0,0.5
1364.0000,  1.00000000,1,0,0.0,0.5
1364.0333,  1.00000000,1,0,0.050000000000000003,0.5
1364.0667,  1.00000000,1,0,0.025000000000000001,0.5
1364.1000,  1.00000000,1,0,0.0,0.5
1364.1333,  1.00000000,1,0,0.025000000000000001,0.5
1364.1667,  1.00000000,1,0,0.025000000000000001,0.5
1364.2000,  1.00000000,1,0,0.0,0.5
1364.2333,  1.00000000,1,0,0.025000000000000001,0.5
1364.2667,  1.00000000,1,0,0.050000000000000003,0.5
1364.3000,  1.00000000,1,0,0.025000000000000001,0.5
1364.3333,  1.00000000,1,0,0.025000000000000001,0.5
1364.3667,  1.00000000,1,0,0.0,0.5
1364.4000,  1.00000000,1,0,0.0,0.5
1364.4333,  1.00000000,1,0,0.0,0.5
1364.4667,  1.00000000,1,0,0.025000000000000001,0.5
1364.5000,  1.00000000,1,0,0.0,0.5
1364.5333,  1.00000000,1,0,0.0,0.5
1364.5667,  1.00000000,1,0,0.025000000000000001,0.5
1364.6000,  1.00000000,1,0,0.0,0.5
1364.6333,  1.00000000,1,0,0.0,0.5
1364.6667,  1.00000000,1,0,0.025000000000000001,0.5
1364.7000,  1.00000000,1,0,0.0,0.5
1364.7333,  1.00000000,1,0,0.0,0.5
1364.7667,  1.00000000,1,0,0.0,0.5
1364.8000,  1.00000000,1,0,0.0,0.5
1364.8333,  1.00000000,1,0,0.025000000000000001,0.5
1364.8667,  1.00000000,1,0,0.0,0.5
1364.9000,  1.00000000,1,0,0.0,0.5
1364.9333,  1.00000000,1,0,0.0,0.5
1364.9667,  1.00000000,1,0,0.0,0.5
1365.0000,  1.00000000,1,0,0.0,0.5
1365.0333,  1.00000000,1,0,0.0,0.5
1365.0667,  1.00000000,1,0,0.0,0.5
1365.1000,  1.00000000,1,0,0.0,0.5
1365.1333,  1.00000000,1,0,0.0,0.5
1365.1667,  1.00000000,1,0,0.050000000000000003,0.5
1365.2000,  1.00000000,1,0,0.0,0.5
1365.2333,  1.00000000,1,0,0.0,0.5
1365.2667,  1.00000000,1,0,0.0,0.5
1365.3000,  1.00000000,1,0,0.025000000000000001,0.5
1365.3333,  1.00000000,1,0,0.0,0.5
1365.3667,  1.00000000,1,0,0.0,0.5
1365.4000,  1.00000000,1,0,0.0,0.5
1365.4333,  1.00000000,1,0,0.0,0.5
1365.4667,  1.00000000,1,0,0.025000000000000001,0.5
1365.5000,  1.00000000,1,0,0.0,0.5
1365.5333,  1.00000000,1,0,0.025000000000000001,0.5
1365.5667,  1.00000000,1,0,0.0,0.5
1365.6000,  1.00000000,1,0,0.0,0.5
1365.6333,  1.00000000,1,0,0.0,0.5
1365.6667,  1.00000000,1,0,0.0,0.5
1365.7000,  1.00000000,1,0,0.025000000000000001,0.5
1365.7333,  1.00000000,1,0,0.0,0.5
1365.7667,  1.00000000,1,0,0.025000000000000001,0.5
1365.8000,  1.00000000,1,0,0.0,0.5
1365.8333,  1.00000000,1,0,0.0,0.5
1365.8667,  1.00000000,1,0,0.025000000000000001,0.5
1365.9000,  1.00000000,1,0,0.0,0.5
1365.9333,  1.00000000,1,0,0.025000000000000001,0.5
1365.9667,  1.00000000,1,0,0.0,0.5
1366.0000,  1.00000000,1,0,0.0,0.5
1366.0333,  1.00000000,1,0,0.025000000000000001,0.5
1366.0667,  1.00000000,1,0,0.025000000000000001,0.5
1366.1000,  1.00000000,1,0,0.025000000000000001,0.5
1366.1333,  1.00000000,1,0,0.0,0.5
1366.1667,  1.00000000,1,0,0.0,0.5
1366.2000,  1.00000000,1,0,0.0,0.5
1366.2333,  1.00000000,1,0,0.025000000000000001,0.5
1366.2667,  1.00000000,1,0,0.0,0.5
1366.3000,  1.00000000,1,0,0.0,0.5
1366.3333,  1.00000000,1,0,0.0,0.5
1366.3667,  1.00000000,1,0,0.025000000000000001,0.5
1366.4000,  1.00000000,1,0,0.025000000000000001,0.5
1366.4333,  1.00000000,1,0,0.0,0.5
1366.4667,  1.00000000,1,0,0.0,0.5
1366.5000,  1.00000000,1,0,0.025000000000000001,0.5
1366.5333,  1.00000000,1,0,0.0,0.5
1366.5667,  1.00000000,1,0,0.050000000000000003,0.5
1366.6000,  1.00000000,1,0,0.0,0.5
1366.6333,  1.00000000,1,0,0.0,0.5
1366.6667,  1.00000000,1,0,0.025000000000000001,0.5
1366.7000,  1.00000000,1,0,0.0,0.5
1366.7333,  1.00000000,1,0,0.0,0.5
1366.7667,  1.00000000,1,0,0.0,0.5
1366.8000,  1.00000000,1,0,0.0,0.5
1366.8333,  1.00000000,1,0,0.025000000000000001,0.5
1366.8667,  1.00000000,1,0,0.0,0.5
1366.9000,  1.00000000,1,0,0.025000000000000001,0.5
1366.9333,  1.00000000,1,0,0.0,0.5
1366.9667,  1.00000000,1,0,0.025000000000000001,0.5
1367.0000,  1.00000000,1,0,0.0,0.5
1367.0333,  1.00000000,1,0,0.050000000000000003,0.5
1367.0667,  1.00000000,1,0,0.025000000000000001,0.5
1367.1000,  1.00000000,1,0,0.025000000000000001,0.5
1367.1333,  1.00000000,1,0,0.0,0.5
1367.1667,  1.00000000,1,0,0.0,0.5
1367.2000,  1.00000000,1,0,0.025000000000000001,0.5
1367.2333,  1.00000000,1,0,0.025000000000000001,0.5
1367.2667,  1.00000000,1,0,0.025000000000000001,0.5
1367.3000,  1.00000000,1,0,0.025000000000000001,0.5
1367.3333,  1.00000000,1,0,0.0,0.5
1367.3667,  1.00000000,1,0,0.0,0.5
1367.4000,  1.00000000,1,0,0.025000000000000001,0.5
1367.4333,  1.00000000,1,0,0.025000000000000001,0.5
1367.4667,  1.00000000,1,0,0.050000000000000003,0.5
1367.5000,  1.00000000,1,0,0.025000000000000001,0.5
1367.5333,  1.00000000,1,0,0.025000000000000001,0.5
1367.5667,  1.00000000,1,0,0.0,0.5
1367.6000,  1.00000000,1,0,0.0,0.5
1367.6333,  1.00000000,1,0,0.025000000000000001,0.5
1367.6667,  1.00000000,1,0,0.0,0.5
1367.7000,  1.00000000,1,0,0.0,0.5
1367.7333,  1.00000000,1,0,0.0,0.5
1367.7667,  1.00000000,1,0,0.0,0.5
1367.8000,  1.00000000,1,0,0.0,0.5
1367.8333,  1.00000000,1,0,0.025000000000000001,0.5
1367.8667,  1.00000000,1,0,0.0,0.5
1367.9000,  1.00000000,1,0,0.0,0.5
1367.9333,  1.00000000,1,0,0.0,0.5
1367.9667,  1.00000000,1,0,0.0,0.5
1368.0000,  1.00000000,1,0,0.0,0.5
1368.0333,  1.00000000,1,0,0.0,0.5
1368.0667,  1.00000000,1,0,0.025000000000000001,0.5
1368.1000,  1.00000000,1,0,0.0,0.5
1368.1333,  1.00000000,1,0,0.0,0.5
1368.1667,  1.00000000,1,0,0.0,0.5
1368.2000,  1.00000000,1,0,0.0,0.5
1368.2333,  1.00000000,1,0,0.0,0.5
1368.2667,  1.00000000,1,0,0.0,0.5
1368.3000,  1.00000000,1,0,0.0,0.5
1368.3333,  1.00000000,1,0,0.0,0.5
1368.3667,  1.00000000,1,0,0.025000000000000001,0.5
1368.4000,  1.00000000,1,0,0.0,0.5
1368.4333,  1.00000000,1,0,0.025000000000000001,0.5
1368.4667,  1.00000000,1,0,0.0,0.5
1368.5000,  1.00000000,1,0,0.025000000000000001,0.5
1368.5333,  1.00000000,1,0,0.025000000000000001,0.5
1368.5667,  1.00000000,1,0,0.0,0.5
1368.6000,  1.00000000,1,0,0.0,0.5
1368.6333,  1.00000000,1,0,0.0,0.5
1368.6667,  1.00000000,1,0,0.025000000000000001,0.5
1368.7000,  1.00000000,1,0,0.025000000000000001,0.5
1368.7333,  1.00000000,1,0,0.0,0.5
1368.7667,  1.00000000,1,0,0.0,0.5
1368.8000,  1.00000000,1,0,0.025000000000000001,0.5
1368.8333,  1.00000000,1,0,0.050000000000000003,0.5
1368.8667,  1.00000000,1,0,0.0,0.5
1368.9000,  1.00000000,1,0,0.0,0.5
1368.9333,  1.00000000,1,0,0.025000000000000001,0.5
1368.9667,  1.00000000,1,0,0.025000000000000001,0.5
1369.0000,  1.00000000,1,0,0.025000000000000001,0.5
1369.0333,  1.00000000,1,0,0.0,0.5
1369.0667,  1.00000000,1,0,0.0,0.5
1369.1000,  1.00000000,1,0,0.0,0.5
1369.1333,  1.00000000,1,0,0.025000000000000001,0.5
1369.1667,  1.00000000,1,0,0.0,0.5
1369.2000,  1.00000000,1,0,0.025000000000000001,0.5
1369.2333,  1.00000000,1,0,0.0,0.5
1369.2667,  1.00000000,1,0,0.0,0.5
1369.3000,  1.00000000,1,0,0.050000000000000003,0.5
1369.3333,  1.00000000,1,0,0.0,0.5
1369.3667,  1.00000000,1,0,0.0,0.5
1369.4000,  1.00000000,1,0,0.025000000000000001,0.5
1369.4333,  1.00000000,1,0,0.0,0.5
1369.4667,  1.00000000,1,0,0.0,0.5
1369.5000,  1.00000000,1,0,0.0,0.5
1369.5333,  1.00000000,1,0,0.0,0.5
1369.5667,  1.00000000,1,0,0.025000000000000001,0.5
1369.6000,  1.00000000,1,0,0.0,0.5
1369.6333,  1.00000000,1,0,0.0,0.5
1369.6667,  1.00000000,1,0,0.025000000000000001,0.5
1369.7000,  1.00000000,1,0,0.025000000000000001,0.5
1369.7333,  1.00000000,1,0,0.025000000000000001,0.5
1369.7667,  1.00000000,1,0,0.0,0.5
1369.8000,  1.00000000,1,0,0.025000000000000001,0.5
1369.8333,  1.00000000,1,0,0.0,0.5
1369.8667,  1.00000000,1,0,0.0,0.5
1369.9000,  1.00000000,1,0,0.0,0.5
1369.9333,  1.00000000,1,0,0.025000000000000001,0.5
1369.9667,  1.00000000,1,0,0.0,0.5
1370.0000,  1.00000000,1,0,0.025000000000000001,0.5
1370.0333,  1.00000000,1,0,0.025000000000000001,0.5
1370.0667,  1.00000000,1,0,0.0,0.5
1370.1000,  1.00000000,1,0,0.0,0.5
1370.1333,  1.00000000,1,0,0.0,0.5
1370.1667,  1.00000000,1,0,0.0,0.5
1370.2000,  1.00000000,1,0,0.025000000000000001,0.5
1370.2333,  1.00000000,1,0,0.025000000000000001,0.5
1370.2667,  1.00000000,1,0,0.0,0.5
1370.3000,  1.00000000,1,0,0.0,0.5
1370.3333,  1.00000000,1,0,0.0,0.5
1370.3667,  1.00000000,1,0,0.0,0.5
1370.4000,  1.00000000,1,0,0.0,0.5
1370.4333,  1.00000000,1,0,0.025000000000000001,0.5
1370.4667,  1.00000000,1,0,0.025000000000000001,0.5
1370.5000,  1.00000000,1,0,0.025000000000000001,0.5
1370.5333,  1.00000000,1,0,0.0,0.5
1370.5667,  1.00000000,1,0,0.0,0.5
1370.6000,  1.00000000,1,0,0.050000000000000003,0.5
1370.6333,  1.00000000,1,0,0.0,0.5
1370.6667,  1.00000000,1,0,0.025000000000000001,0.5
1370.7000,  1.00000000,1,0,0.025000000000000001,0.5
1370.7333,  1.00000000,1,0,0.0,0.5
1370.7667,  1.00000000,1,0,0.0,0.5
1370.8000,  1.00000000,1,0,0.0,0.5
1370.8333,  1.00000000,1,0,0.0,0.5
1370.8667,  1.00000000,1,0,0.0,0.5
1370.9000,  1.00000000,1,0,0.0,0.5
1370.9333,  1.00000000,1,0,0.025000000000000001,0.5
1370.9667,  1.00000000,1,0,0.025000000000000001,0.5
1371.0000,  1.00000000,1,0,0.0,0.5
1371.0333,  1.00000000,1,0,0.0,0.5
1371.0667,  1.00000000,1,0,0.0,0.5
1371.1000,  1.00000000,1,0,0.0,0.5
1371.1333,  1.00000000,1,0,0.0,0.5
1371.1667,  1.00000000,1,0,0.050000000000000003,0.5
1371.2000,  1.00000000,1,0,0.0,0.5
1371.2333,  1.00000000,1,0,0.025000000000000001,0.5
1371.2667,  1.00000000,1,0,0.0,0.5
1371.3000,  1.00000000,1,0,0.025000000000000001,0.5
1371.3333,  1.00000000,1,0,0.0,0.5
1371.3667,  1.00000000,1,0,0.025000000000000001,0.5
1371.4000,  1.00000000,1,0,0.0,0.5
1371.4333,  1.00000000,1,0,0.0,0.5
1371.4667,  1.00000000,1,0,0.0,0.5
1371.5000,  1.00000000,1,0,0.025000000000000001,0.5
1371.5333,  1.00000000,1,0,0.025000000000000001,0.5
1371.5667,  1.00000000,1,0,0.0,0.5
1371.6000,  1.00000000,1,0,0.0,0.5
1371.6333,  1.00000000,1,0,0.0,0.5
1371.6667,  1.00000000,1,0,0.025000000000000001,0.5
1371.7000,  1.00000000,1,0,0.025000000000000001,0.5
1371.7333,  1.00000000,1,0,0.050000000000000003,0.5
1371.7667,  1.00000000,1,0,0.0,0.5
1371.8000,  1.00000000,1,0,0.025000000000000001,0.5
1371.8333,  1.00000000,1,0,0.025000000000000001,0.5
1371.8667,  1.00000000,1,0,0.0,0.5
1371.9000,  1.00000000,1,0,0.0,0.5
1371.9333,  1.00000000,1,0,0.0,0.5
1371.9667,  1.00000000,1,0,0.0,0.5
1372.0000,  1.00000000,1,0,0.0,0.5
1372.0333,  1.00000000,1,0,0.0,0.5
1372.0667,  1.00000000,1,0,0.0,0.5
1372.1000,  1.00000000,1,0,0.0,0.5
1372.1333,  1.00000000,1,0,0.0,0.5
1372.1667,  1.00000000,1,0,0.0,0.5
1372.2000,  1.00000000,1,0,0.025000000000000001,0.5
1372.2333,  1.00000000,1,0,0.025000000000000001,0.5
1372.2667,  1.00000000,1,0,0.0,0.5
1372.3000,  1.00000000,1,0,0.025000000000000001,0.5
1372.3333,  1.00000000,1,0,0.025000000000000001,0.5
1372.3667,  1.00000000,1,0,0.0,0.5
1372.4000,  1.00000000,1,0,0.0,0.5
1372.4333,  1.00000000,1,0,0.025000000000000001,0.5
1372.4667,  1.00000000,1,0,0.0,0.5
1372.5000,  1.00000000,1,0,0.0,0.5
1372.5333,  1.00000000,1,0,0.0,0.5
1372.5667,  1.00000000,1,0,0.0,0.5
1372.6000,  1.00000000,1,0,0.0,0.5
1372.6333,  1.00000000,1,0,0.050000000000000003,0.5
1372.6667,  1.00000000,1,0,0.025000000000000001,0.5
1372.7000,  1.00000000,1,0,0.0,0.5
1372.7333,  1.00000000,1,0,0.0,0.5
1372.7667,  1.00000000,1,0,0.0,0.5
1372.8000,  1.00000000,1,0,0.0,0.5
1372.8333,  1.00000000,1,0,0.025000000000000001,0.5
1372.8667,  1.00000000,1,0,0.025000000000000001,0.5
1372.9000,  1.00000000,1,0,0.0,0.5
1372.9333,  1.00000000,1,0,0.025000000000000001,0.5
1372.9667,  1.00000000,1,0,0.0,0.5
1373.0000,  1.00000000,1,0,0.050000000000000003,0.5
1373.0333,  1.00000000,1,0,0.0,0.5
1373.0667,  1.00000000,1,0,0.0,0.5
1373.1000,  1.00000000,1,0,0.0,0.5
1373.1333,  1.00000000,1,0,0.025000000000000001,0.5
1373.1667,  1.00000000,1,0,0.0,0.5
1373.2000,  1.00000000,1,0,0.0,0.5
1373.2333,  1.00000000,1,0,0.0,0.5
1373.2667,  1.00000000,1,0,0.025000000000000001,0.5
1373.3000,  1.00000000,1,0,0.0,0.5
1373.3333,  1.00000000,1,0,0.0,0.5
1373.3667,  1.00000000,1,0,0.0,0.5
1373.4000,  1.00000000,1,0,0.025000000000000001,0.5
1373.4333,  1.00000000,1,0,0.0,0.5
1373.4667,  1.00000000,1,0,0.025000000000000001,0.5
1373.5000,  1.00000000,1,0,0.0,0.5
1373.5333,  1.00000000,1,0,0.025000000000000001,0.5
1373.5667,  1.00000000,1,0,0.025000000000000001,0.5
1373.6000,  1.00000000,1,0,0.025000000000000001,0.5
1373.6333,  1.00000000,1,0,0.0,0.5
1373.6667,  1.00000000,1,0,0.025000000000000001,0.5
1373.7000,  1.00000000,1,0,0.025000000000000001,0.5
1373.7333,  1.00000000,1,0,0.0,0.5
1373.7667,  1.00000000,1,0,0.025000000000000001,0.5
1373.8000,  1.00000000,1,0,0.025000000000000001,0.5
1373.8333,  1.00000000,1,0,0.025000000000000001,0.5
1373.8667,  1.00000000,1,0,0.025000000000000001,0.5
1373.9000,  1.00000000,1,0,0.025000000000000001,0.5
1373.9333,  1.00000000,1,0,0.025000000000000001,0.5
1373.9667,  1.00000000,1,0,0.050000000000000003,0.5
1374.0000,  1.00000000,1,0,0.050000000000000003,0.5
1374.0333,  1.00000000,1,0,0.025000000000000001,0.5
1374.0667,  1.00000000,1,0,0.025000000000000001,0.5
1374.1000,  1.00000000,1,0,0.0,0.5
1374.1333,  1.00000000,1,0,0.0,0.5
1374.1667,  1.00000000,1,0,0.0,0.5
1374.2000,  1.00000000,1,0,0.0,0.5
1374.2333,  1.00000000,1,0,0.050000000000000003,0.5
1374.2667,  1.00000000,1,0,0.0,0.5
1374.3000,  1.00000000,1,0,0.0,0.5
1374.3333,  1.00000000,1,0,0.0,0.5
1374.3667,  1.00000000,1,0,0.0,0.5
1374.4000,  1.00000000,1,0,0.0,0.5
1374.4333,  1.00000000,1,0,0.025000000000000001,0.5
1374.4667,  1.00000000,1,0,0.0,0.5
1374.5000,  1.00000000,1,0,0.0,0.5
1374.5333,  1.00000000,1,0,0.0,0.5
1374.5667,  1.00000000,1,0,0.0,0.5
1374.6000,  1.00000000,1,0,0.0,0.5
1374.6333,  1.00000000,1,0,0.0,0.5
1374.6667,  1.00000000,1,0,0.025000000000000001,0.5
1374.7000,  1.00000000,1,0,0.0,0.5
1374.7333,  1.00000000,1,0,0.025000000000000001,0.5
1374.7667,  1.00000000,1,0,0.025000000000000001,0.5
1374.8000,  1.00000000,1,0,0.025000000000000001,0.5
1374.8333,  1.00000000,1,0,0.0,0.5
1374.8667,  1.00000000,1,0,0.025000000000000001,0.5
1374.9000,  1.00000000,1,0,0.0,0.5
1374.9333,  1.00000000,1,0,0.0,0.5
1374.9667,  1.00000000,1,0,0.0,0.5
1375.0000,  1.00000000,1,0,0.0,0.5
1375.0333,  1.00000000,1,0,0.025000000000000001,0.5
1375.0667,  1.00000000,1,0,0.0,0.5
1375.1000,  1.00000000,1,0,0.0,0.5
1375.1333,  1.00000000,1,0,0.0,0.5
1375.1667,  1.00000000,1,0,0.0,0.5
1375.2000,  1.00000000,1,0,0.025000000000000001,0.5
1375.2333,  1.00000000,1,0,0.0,0.5
1375.2667,  1.00000000,1,0,0.0,0.5
1375.3000,  1.00000000,1,0,0.0,0.5
1375.3333,  1.00000000,1,0,0.0,0.5
1375.3667,  1.00000000,1,0,0.0,0.5
1375.4000,  1.00000000,1,0,0.025000000000000001,0.5
1375.4333,  1.00000000,1,0,0.0,0.5
1375.4667,  1.00000000,1,0,0.025000000000000001,0.5
1375.5000,  1.00000000,1,0,0.0,0.5
1375.5333,  1.00000000,1,0,0.0,0.5
1375.5667,  1.00000000,1,0,0.025000000000000001,0.5
1375.6000,  1.00000000,1,0,0.025000000000000001,0.5
1375.6333,  1.00000000,1,0,0.0,0.5
1375.6667,  1.00000000,1,0,0.025000000000000001,0.5
1375.7000,  1.00000000,1,0,0.025000000000000001,0.5
1375.7333,  1.00000000,1,0,0.0,0.5
1375.7667,  1.00000000,1,0,0.0,0.5
1375.8000,  1.00000000,1,0,0.0,0.5
1375.8333,  1.00000000,1,0,0.0,0.5
1375.8667,  1.00000000,1,0,0.0,0.5
1375.9000,  1.00000000,1,0,0.0,0.5
1375.9333,  1.00000000,1,0,0.025000000000000001,0.5
1375.9667,  1.00000000,1,0,0.025000000000000001,0.5
1376.0000,  1.00000000,1,0,0.0,0.5
1376.0333,  1.00000000,1,0,0.025000000000000001,0.5
1376.0667,  1.00000000,1,0,0.0,0.5
1376.1000,  1.00000000,1,0,0.0,0.5
1376.1333,  1.00000000,1,0,0.0,0.5
1376.1667,  1.00000000,1,0,0.0,0.5
1376.2000,  1.00000000,1,0,0.0,0.5
1376.2333,  1.00000000,1,0,0.0,0.5
1376.2667,  1.00000000,1,0,0.0,0.5
1376.3000,  1.00000000,1,0,0.0,0.5
1376.3333,  1.00000000,1,0,0.0,0.5
1376.3667,  1.00000000,1,0,0.0,0.5
1376.4000,  1.00000000,1,0,0.0,0.5
1376.4333,  1.00000000,1,0,0.0,0.5
1376.4667,  1.00000000,1,0,0.025000000000000001,0.5
1376.5000,  1.00000000,1,0,0.0,0.5
1376.5333,  1.00000000,1,0,0.025000000000000001,0.5
1376.5667,  1.00000000,1,0,0.0,0.5
1376.6000,  1.00000000,1,0,0.0,0.5
1376.6333,  1.00000000,1,0,0.0,0.5
1376.6667,  1.00000000,1,0,0.025000000000000001,0.5
1376.7000,  1.00000000,1,0,0.025000000000000001,0.5
1376.7333,  1.00000000,1,0,0.0,0.5
1376.7667,  1.00000000,1,0,0.0,0.5
1376.8000,  1.00000000,1,0,0.0,0.5
1376.8333,  1.00000000,1,0,0.0,0.5
1376.8667,  1.00000000,1,0,0.0,0.5
1376.9000,  1.00000000,1,0,0.0,0.5
1376.9333,  1.00000000,1,0,0.025000000000000001,0.5
1376.9667,  1.00000000,1,0,0.025000000000000001,0.5
1377.0000,  1.00000000,1,0,0.0,0.5
1377.0333,  1.00000000,1,0,0.0,0.5
1377.0667,  1.00000000,1,0,0.0,0.5
1377.1000,  1.00000000,1,0,0.0,0.5
1377.1333,  1.00000000,1,0,0.0,0.5
1377.1667,  1.00000000,1,0,0.0,0.5
1377.2000,  1.00000000,1,0,0.0,0.5
1377.2333,  1.00000000,1,0,0.0,0.5
1377.2667,  1.00000000,1,0,0.0,0.5
1377.3000,  1.00000000,1,0,0.0,0.5
1377.3333,  1.00000000,1,0,0.0,0.5
1377.3667,  1.00000000,1,0,0.0,0.5
1377.4000,  1.00000000,1,0,0.0,0.5
1377.4333,  1.00000000,1,0,0.025000000000000001,0.5
1377.4667,  1.00000000,1,0,0.0,0.5
1377.5000,  1.00000000,1,0,0.0,0.5
1377.5333,  1.00000000,1,0,0.0,0.5
1377.5667,  1.00000000,1,0,0.0,0.5
1377.6000,  1.00000000,1,0,0.025000000000000001,0.5
1377.6333,  1.00000000,1,0,0.0,0.5
1377.6667,  1.00000000,1,0,0.0,0.5
1377.7000,  1.00000000,1,0,0.0,0.5
1377.7333,  1.00000000,1,0,0.0,0.5
1377.7667,  1.00000000,1,0,0.0,0.5
1377.8000,  1.00000000,1,0,0.025000000000000001,0.5
1377.8333,  1.00000000,1,0,0.025000000000000001,0.5
1377.8667,  1.00000000,1,0,0.0,0.5
1377.9000,  1.00000000,1,0,0.025000000000000001,0.5
1377.9333,  1.00000000,1,0,0.0,0.5
1377.9667,  1.00000000,1,0,0.0,0.5
1378.0000,  1.00000000,1,0,0.0,0.5
1378.0333,  1.00000000,1,0,0.025000000000000001,0.5
1378.0667,  1.00000000,1,0,0.0,0.5
1378.1000,  1.00000000,1,0,0.0,0.5
1378.1333,  1.00000000,1,0,0.0,0.5
1378.1667,  1.00000000,1,0,0.025000000000000001,0.5
1378.2000,  1.00000000,1,0,0.0,0.5
1378.2333,  1.00000000,1,0,0.025000000000000001,0.5
1378.2667,  1.00000000,1,0,0.0,0.5
1378.3000,  1.00000000,1,0,0.0,0.5
1378.3333,  1.00000000,1,0,0.025000000000000001,0.5
1378.3667,  1.00000000,1,0,0.0,0.5
1378.4000,  1.00000000,1,0,0.0,0.5
1378.4333,  1.00000000,1,0,0.0,0.5
1378.4667,  1.00000000,1,0,0.0,0.5
1378.5000,  1.00000000,1,0,0.0,0.5
1378.5333,  1.00000000,1,0,0.0,0.5
1378.5667,  1.00000000,1,0,0.0,0.5
1378.6000,  1.00000000,1,0,0.0,0.5
1378.6333,  1.00000000,1,0,0.025000000000000001,0.5
1378.6667,  1.00000000,1,0,0.0,0.5
1378.7000,  1.00000000,1,0,0.0,0.5
1378.7333,  1.00000000,1,0,0.025000000000000001,0.5
1378.7667,  1.00000000,1,0,0.0,0.5
1378.8000,  1.00000000,1,0,0.0,0.5
1378.8333,  1.00000000,1,0,0.0,0.5
1378.8667,  1.00000000,1,0,0.0,0.5
1378.9000,  1.00000000,1,0,0.0,0.5
1378.9333,  1.00000000,1,0,0.0,0.5
1378.9667,  1.00000000,1,0,0.0,0.5
1379.0000,  1.00000000,1,0,0.0,0.5
1379.0333,  1.00000000,1,0,0.0,0.5
1379.0667,  1.00000000,1,0,0.0,0.5
1379.1000,  1.00000000,1,0,0.025000000000000001,0.5
1379.1333,  1.00000000,1,0,0.025000000000000001,0.5
1379.1667,  1.00000000,1,0,0.0,0.5
1379.2000,  1.00000000,1,0,0.0,0.5
1379.2333,  1.00000000,1,0,0.0,0.5
1379.2667,  1.00000000,1,0,0.0,0.5
1379.3000,  1.00000000,1,0,0.0,0.5
1379.3333,  1.00000000,1,0,0.0,0.5
1379.3667,  1.00000000,1,0,0.025000000000000001,0.5
1379.4000,  1.00000000,1,0,0.0,0.5
1379.4333,  1.00000000,1,0,0.0,0.5
1379.4667,  1.00000000,1,0,0.0,0.5
1379.5000,  1.00000000,1,0,0.0,0.5
1379.5333,  1.00000000,1,0,0.025000000000000001,0.5
1379.5667,  1.00000000,1,0,0.0,0.5
1379.6000,  1.00000000,1,0,0.050000000000000003,0.5
1379.6333,  1.00000000,1,0,0.0,0.5
1379.6667,  1.00000000,1,0,0.0,0.5
1379.7000,  1.00000000,1,0,0.025000000000000001,0.5
1379.7333,  1.00000000,1,0,0.0,0.5
1379.7667,  1.00000000,1,0,0.050000000000000003,0.5
1379.8000,  1.00000000,1,0,0.0,0.5
1379.8333,  1.00000000,1,0,0.0,0.5
1379.8667,  1.00000000,1,0,0.0,0.5
1379.9000,  1.00000000,1,0,0.0,0.5
1379.9333,  1.00000000,1,0,0.025000000000000001,0.5
1379.9667,  1.00000000,1,0,0.0,0.5
1380.0000,  1.00000000,1,0,0.025000000000000001,0.5
1380.0333,  1.00000000,1,0,0.0,0.5
1380.0667,  1.00000000,1,0,0.0,0.5
1380.1000,  1.00000000,1,0,0.0,0.5
1380.1333,  1.00000000,1,0,0.0,0.5
1380.1667,  1.00000000,1,0,0.0,0.5
1380.2000,  1.00000000,1,0,0.0,0.5
1380.2333,  1.00000000,1,0,0.025000000000000001,0.5
1380.2667,  1.00000000,1,0,0.0,0.5
1380.3000,  1.00000000,1,0,0.0,0.5
1380.3333,  1.00000000,1,0,0.0,0.5
1380.3667,  1.00000000,1,0,0.0,0.5
1380.4000,  1.00000000,1,0,0.0,0.5
1380.4333,  1.00000000,1,0,0.0,0.5
1380.4667,  1.00000000,1,0,0.0,0.5
1380.5000,  1.00000000,1,0,0.0,0.5
1380.5333,  1.00000000,1,0,0.0,0.5
1380.5667,  1.00000000,1,0,0.0,0.5
1380.6000,  1.00000000,1,0,0.0,0.5
1380.6333,  1.00000000,1,0,0.0,0.5
1380.6667,  1.00000000,1,0,0.0,0.5
1380.7000,  1.00000000,1,0,0.0,0.5
1380.7333,  1.00000000,1,0,0.025000000000000001,0.5
1380.7667,  1.00000000,1,0,0.0,0.5
1380.8000,  1.00000000,1,0,0.0,0.5
1380.8333,  1.00000000,1,0,0.0,0.5
1380.8667,  1.00000000,1,0,0.0,0.5
1380.9000,  1.00000000,1,0,0.0,0.5
1380.9333,  1.00000000,1,0,0.0,0.5
1380.9667,  1.00000000,1,0,0.0,0.5
1381.0000,  1.00000000,1,0,0.025000000000000001,0.5
1381.0333,  1.00000000,1,0,0.025000000000000001,0.5
1381.0667,  1.00000000,1,0,0.050000000000000003,0.5
1381.1000,  1.00000000,1,0,0.0,0.5
1381.1333,  1.00000000,1,0,0.0,0.5
1381.1667,  1.00000000,1,0,0.025000000000000001,0.5
1381.2000,  1.00000000,1,0,0.0,0.5
1381.2333,  1.00000000,1,0,0.0,0.5
1381.2667,  1.00000000,1,0,0.0,0.5
1381.3000,  1.00000000,1,0,0.0,0.5
1381.3333,  1.00000000,1,0,0.0,0.5
1381.3667,  1.00000000,1,0,0.025000000000000001,0.5
1381.4000,  1.00000000,1,0,0.025000000000000001,0.5
1381.4333,  1.00000000,1,0,0.0,0.5
1381.4667,  1.00000000,1,0,0.0,0.5
1381.5000,  1.00000000,1,0,0.0,0.5
1381.5333,  1.00000000,1,0,0.0,0.5
1381.5667,  1.00000000,1,0,0.0,0.5
1381.6000,  1.00000000,1,0,0.0,0.5
1381.6333,  1.00000000,1,0,0.025000000000000001,0.5
1381.6667,  1.00000000,1,0,0.0,0.5
1381.7000,  1.00000000,1,0,0.0,0.5
1381.7333,  1.00000000,1,0,0.025000000000000001,0.5
1381.7667,  1.00000000,1,0,0.0,0.5
1381.8000,  1.00000000,1,0,0.0,0.5
1381.8333,  1.00000000,1,0,0.0,0.5
1381.8667,  1.00000000,1,0,0.0,0.5
1381.9000,  1.00000000,1,0,0.0,0.5
1381.9333,  1.00000000,1,0,0.025000000000000001,0.5
1381.9667,  1.00000000,1,0,0.0,0.5
1382.0000,  1.00000000,1,0,0.0,0.5
1382.0333,  1.00000000,1,0,0.0,0.5
1382.0667,  1.00000000,1,0,0.0,0.5
1382.1000,  1.00000000,1,0,0.0,0.5
1382.1333,  1.00000000,1,0,0.025000000000000001,0.5
1382.1667,  1.00000000,1,0,0.0,0.5
1382.2000,  1.00000000,1,0,0.0,0.5
1382.2333,  1.00000000,1,0,0.0,0.5
1382.2667,  1.00000000,1,0,0.0,0.5
1382.3000,  1.00000000,1,0,0.0,0.5
1382.3333,  1.00000000,1,0,0.0,0.5
1382.3667,  1.00000000,1,0,0.0,0.5
1382.4000,  1.00000000,1,0,0.0,0.5
1382.4333,  1.00000000,1,0,0.0,0.5
1382.4667,  1.00000000,1,0,0.0,0.5
1382.5000,  1.00000000,1,0,0.0,0.5
1382.5333,  1.00000000,1,0,0.025000000000000001,0.5
1382.5667,  1.00000000,1,0,0.025000000000000001,0.5
1382.6000,  1.00000000,1,0,0.025000000000000001,0.5
1382.6333,  1.00000000,1,0,0.0,0.5
1382.6667,  1.00000000,1,0,0.0,0.5
1382.7000,  1.00000000,1,0,0.0,0.5
1382.7333,  1.00000000,1,0,0.025000000000000001,0.5
1382.7667,  1.00000000,1,0,0.0,0.5
1382.8000,  1.00000000,1,0,0.0,0.5
1382.8333,  1.00000000,1,0,0.025000000000000001,0.5
1382.8667,  1.00000000,1,0,0.0,0.5
1382.9000,  1.00000000,1,0,0.0,0.5
1382.9333,  1.00000000,1,0,0.0,0.5
1382.9667,  1.00000000,1,0,0.0,0.5
1383.0000,  1.00000000,1,0,0.0,0.5
1383.0333,  1.00000000,1,0,0.0,0.5
1383.0667,  1.00000000,1,0,0.025000000000000001,0.5
1383.1000,  1.00000000,1,0,0.0,0.5
1383.1333,  1.00000000,1,0,0.0,0.5
1383.1667,  1.00000000,1,0,0.0,0.5
1383.2000,  1.00000000,1,0,0.0,0.5
1383.2333,  1.00000000,1,0,0.0,0.5
1383.2667,  1.00000000,1,0,0.0,0.5
1383.3000,  1.00000000,1,0,0.0,0.5
1383.3333,  1.00000000,1,0,0.0,0.5
1383.3667,  1.00000000,1,0,0.025000000000000001,0.5
1383.4000,  1.00000000,1,0,0.0,0.5
1383.4333,  1.00000000,1,0,0.0,0.5
1383.4667,  1.00000000,1,0,0.0,0.5
1383.5000,  1.00000000,1,0,0.025000000000000001,0.5
1383.5333,  1.00000000,1,0,0.025000000000000001,0.5
1383.5667,  1.00000000,1,0,0.025000000000000001,0.5
1383.6000,  1.00000000,1,0,0.0,0.5
1383.6333,  1.00000000,1,0,0.0,0.5
1383.6667,  1.00000000,1,0,0.0,0.5
1383.7000,  1.00000000,1,0,0.0,0.5
1383.7333,  1.00000000,1,0,0.0,0.5
1383.7667,  1.00000000,1,0,0.0,0.5
1383.8000,  1.00000000,1,0,0.0,0.5
1383.8333,  1.00000000,1,0,0.0,0.5
1383.8667,  1.00000000,1,0,0.0,0.5
1383.9000,  1.00000000,1,0,0.0,0.5
1383.9333,  1.00000000,1,0,0.0,0.5
1383.9667,  1.00000000,1,0,0.0,0.5
1384.0000,  1.00000000,1,0,0.050000000000000003,0.5
1384.0333,  1.00000000,1,0,0.0,0.5
1384.0667,  1.00000000,1,0,0.025000000000000001,0.5
1384.1000,  1.00000000,1,0,0.0,0.5
1384.1333,  1.00000000,1,0,0.025000000000000001,0.5
1384.1667,  1.00000000,1,0,0.0,0.5
1384.2000,  1.00000000,1,0,0.025000000000000001,0.5
1384.2333,  1.00000000,1,0,0.025000000000000001,0.5
1384.2667,  1.00000000,1,0,0.0,0.5
1384.3000,  1.00000000,1,0,0.0,0.5
1384.3333,  1.00000000,1,0,0.025000000000000001,0.5
1384.3667,  1.00000000,1,0,0.0,0.5
1384.4000,  1.00000000,1,0,0.0,0.5
1384.4333,  1.00000000,1,0,0.025000000000000001,0.5
1384.4667,  1.00000000,1,0,0.0,0.5
1384.5000,  1.00000000,1,0,0.0,0.5
1384.5333,  1.00000000,1,0,0.0,0.5
1384.5667,  1.00000000,1,0,0.0,0.5
1384.6000,  1.00000000,1,0,0.0,0.5
1384.6333,  1.00000000,1,0,0.025000000000000001,0.5
1384.6667,  1.00000000,1,0,0.0,0.5
1384.7000,  1.00000000,1,0,0.025000000000000001,0.5
1384.7333,  1.00000000,1,0,0.0,0.5
1384.7667,  1.00000000,1,0,0.025000000000000001,0.5
1384.8000,  1.00000000,1,0,0.0,0.5
1384.8333,  1.00000000,1,0,0.025000000000000001,0.5
1384.8667,  1.00000000,1,0,0.0,0.5
1384.9000,  1.00000000,1,0,0.025000000000000001,0.5
1384.9333,  1.00000000,1,0,0.0,0.5
1384.9667,  1.00000000,1,0,0.025000000000000001,0.5
1385.0000,  1.00000000,1,0,0.050000000000000003,0.5
1385.0333,  1.00000000,1,0,0.025000000000000001,0.5
1385.0667,  1.00000000,1,0,0.025000000000000001,0.5
1385.1000,  1.00000000,1,0,0.0,0.5
1385.1333,  1.00000000,1,0,0.0,0.5
1385.1667,  1.00000000,1,0,0.0,0.5
1385.2000,  1.00000000,1,0,0.0,0.5
1385.2333,  1.00000000,1,0,0.0,0.5
1385.2667,  1.00000000,1,0,0.0,0.5
1385.3000,  1.00000000,1,0,0.0,0.5
1385.3333,  1.00000000,1,0,0.0,0.5
1385.3667,  1.00000000,1,0,0.0,0.5
1385.4000,  1.00000000,1,0,0.025000000000000001,0.5
1385.4333,  1.00000000,1,0,0.0,0.5
1385.4667,  1.00000000,1,0,0.0,0.5
1385.5000,  1.00000000,1,0,0.0,0.5
1385.5333,  1.00000000,1,0,0.025000000000000001,0.5
1385.5667,  1.00000000,1,0,0.0,0.5
1385.6000,  1.00000000,1,0,0.0,0.5
1385.6333,  1.00000000,1,0,0.0,0.5
1385.6667,  1.00000000,1,0,0.0,0.5
1385.7000,  1.00000000,1,0,0.0,0.5
1385.7333,  1.00000000,1,0,0.025000000000000001,0.5
1385.7667,  1.00000000,1,0,0.0,0.5
1385.8000,  1.00000000,1,0,0.0,0.5
1385.8333,  1.00000000,1,0,0.0,0.5
1385.8667,  1.00000000,1,0,0.0,0.5
1385.9000,  1.00000000,1,0,0.0,0.5
1385.9333,  1.00000000,1,0,0.0,0.5
1385.9667,  1.00000000,1,0,0.0,0.5
1386.0000,  1.00000000,1,0,0.0,0.5
1386.0333,  1.00000000,1,0,0.025000000000000001,0.5
1386.0667,  1.00000000,1,0,0.0,0.5
1386.1000,  1.00000000,1,0,0.0,0.5
1386.1333,  1.00000000,1,0,0.025000000000000001,0.5
1386.1667,  1.00000000,1,0,0.0,0.5
1386.2000,  1.00000000,1,0,0.0,0.5
1386.2333,  1.00000000,1,0,0.0,0.5
1386.2667,  1.00000000,1,0,0.0,0.5
1386.3000,  1.00000000,1,0,0.025000000000000001,0.5
1386.3333,  1.00000000,1,0,0.025000000000000001,0.5
1386.3667,  1.00000000,1,0,0.025000000000000001,0.5
1386.4000,  1.00000000,1,0,0.0,0.5
1386.4333,  1.00000000,1,0,0.0,0.5
1386.4667,  1.00000000,1,0,0.0,0.5
1386.5000,  1.00000000,1,0,0.0,0.5
1386.5333,  1.00000000,1,0,0.0,0.5
1386.5667,  1.00000000,1,0,0.0,0.5
1386.6000,  1.00000000,1,0,0.0,0.5
1386.6333,  1.00000000,1,0,0.025000000000000001,0.5
1386.6667,  1.00000000,1,0,0.0,0.5
1386.7000,  1.00000000,1,0,0.025000000000000001,0.5
1386.7333,  1.00000000,1,0,0.0,0.5
1386.7667,  1.00000000,1,0,0.0,0.5
1386.8000,  1.00000000,1,0,0.050000000000000003,0.5
1386.8333,  1.00000000,1,0,0.025000000000000001,0.5
1386.8667,  1.00000000,1,0,0.0,0.5
1386.9000,  1.00000000,1,0,0.0,0.5
1386.9333,  1.00000000,1,0,0.0,0.5
1386.9667,  1.00000000,1,0,0.0,0.5
1387.0000,  1.00000000,1,0,0.050000000000000003,0.5
1387.0333,  1.00000000,1,0,0.0,0.5
1387.0667,  1.00000000,1,0,0.0,0.5
1387.1000,  1.00000000,1,0,0.025000000000000001,0.5
1387.1333,  1.00000000,1,0,0.0,0.5
1387.1667,  1.00000000,1,0,0.0,0.5
1387.2000,  1.00000000,1,0,0.0,0.5
1387.2333,  1.00000000,1,0,0.0,0.5
1387.2667,  1.00000000,1,0,0.0,0.5
1387.3000,  1.00000000,1,0,0.0,0.5
1387.3333,  1.00000000,1,0,0.025000000000000001,0.5
1387.3667,  1.00000000,1,0,0.025000000000000001,0.5
1387.4000,  1.00000000,1,0,0.025000000000000001,0.5
1387.4333,  1.00000000,1,0,0.025000000000000001,0.5
1387.4667,  1.00000000,1,0,0.0,0.5
1387.5000,  1.00000000,1,0,0.025000000000000001,0.5
1387.5333,  1.00000000,1,0,0.0,0.5
1387.5667,  1.00000000,1,0,0.025000000000000001,0.5
1387.6000,  1.00000000,1,0,0.0,0.5
1387.6333,  1.00000000,1,0,0.0,0.5
1387.6667,  1.00000000,1,0,0.025000000000000001,0.5
1387.7000,  1.00000000,1,0,0.050000000000000003,0.5
1387.7333,  1.00000000,1,0,0.0,0.5
1387.7667,  1.00000000,1,0,0.0,0.5
1387.8000,  1.00000000,1,0,0.025000000000000001,0.5
1387.8333,  1.00000000,1,0,0.0,0.5
1387.8667,  1.00000000,1,0,0.0,0.5
1387.9000,  1.00000000,1,0,0.0,0.5
1387.9333,  1.00000000,1,0,0.025000000000000001,0.5
1387.9667,  1.00000000,1,0,0.0,0.5
1388.0000,  1.00000000,1,0,0.0,0.5
1388.0333,  1.00000000,1,0,0.0,0.5
1388.0667,  1.00000000,1,0,0.0,0.5
1388.1000,  1.00000000,1,0,0.025000000000000001,0.5
1388.1333,  1.00000000,1,0,0.0,0.5
1388.1667,  1.00000000,1,0,0.025000000000000001,0.5
1388.2000,  1.00000000,1,0,0.0,0.5
1388.2333,  1.00000000,1,0,0.0,0.5
1388.2667,  1.00000000,1,0,0.025000000000000001,0.5
1388.3000,  1.00000000,1,0,0.0,0.5
1388.3333,  1.00000000,1,0,0.025000000000000001,0.5
1388.3667,  1.00000000,1,0,0.0,0.5
1388.4000,  1.00000000,1,0,0.0,0.5
1388.4333,  1.00000000,1,0,0.025000000000000001,0.5
1388.4667,  1.00000000,1,0,0.0,0.5
1388.5000,  1.00000000,1,0,0.025000000000000001,0.5
1388.5333,  1.00000000,1,0,0.025000000000000001,0.5
1388.5667,  1.00000000,1,0,0.0,0.5
1388.6000,  1.00000000,1,0,0.0,0.5
1388.6333,  1.00000000,1,0,0.0,0.5
1388.6667,  1.00000000,1,0,0.0,0.5
1388.7000,  1.00000000,1,0,0.0,0.5
1388.7333,  1.00000000,1,0,0.0,0.5
1388.7667,  1.00000000,1,0,0.0,0.5
1388.8000,  1.00000000,1,0,0.0,0.5
1388.8333,  1.00000000,1,0,0.0,0.5
1388.8667,  1.00000000,1,0,0.0,0.5
1388.9000,  1.00000000,1,0,0.0,0.5
1388.9333,  1.00000000,1,0,0.0,0.5
1388.9667,  1.00000000,1,0,0.0,0.5
1389.0000,  1.00000000,1,0,0.0,0.5
1389.0333,  1.00000000,1,0,0.0,0.5
1389.0667,  1.00000000,1,0,0.0,0.5
1389.1000,  1.00000000,1,0,0.0,0.5
1389.1333,  1.00000000,1,0,0.025000000000000001,0.5
1389.1667,  1.00000000,1,0,0.0,0.5
1389.2000,  1.00000000,1,0,0.025000000000000001,0.5
1389.2333,  1.00000000,1,0,0.0,0.5
1389.2667,  1.00000000,1,0,0.0,0.5
1389.3000,  1.00000000,1,0,0.0,0.5
1389.3333,  1.00000000,1,0,0.025000000000000001,0.5
1389.3667,  1.00000000,1,0,0.0,0.5
1389.4000,  1.00000000,1,0,0.0,0.5
1389.4333,  1.00000000,1,0,0.0,0.5
1389.4667,  1.00000000,1,0,0.0,0.5
1389.5000,  1.00000000,1,0,0.0,0.5
1389.5333,  1.00000000,1,0,0.0,0.5
1389.5667,  1.00000000,1,0,0.025000000000000001,0.5
1389.6000,  1.00000000,1,0,0.0,0.5
1389.6333,  1.00000000,1,0,0.0,0.5
1389.6667,  1.00000000,1,0,0.0,0.5
1389.7000,  1.00000000,1,0,0.0,0.5
1389.7333,  1.00000000,1,0,0.0,0.5
1389.7667,  1.00000000,1,0,0.0,0.5
1389.8000,  1.00000000,1,0,0.0,0.5
1389.8333,  1.00000000,1,0,0.0,0.5
1389.8667,  1.00000000,1,0,0.0,0.5
1389.9000,  1.00000000,1,0,0.0,0.5
1389.9333,  1.00000000,1,0,0.0,0.5
1389.9667,  1.00000000,1,0,0.0,0.5
1390.0000,  1.00000000,1,0,0.0,0.5
1390.0333,  1.00000000,1,0,0.0,0.5
1390.0667,  1.00000000,1,0,0.0,0.5
1390.1000,  1.00000000,1,0,0.0,0.5
1390.1333,  1.00000000,1,0,0.025000000000000001,0.5
1390.1667,  1.00000000,1,0,0.0,0.5
1390.2000,  1.00000000,1,0,0.0,0.5
1390.2333,  1.00000000,1,0,0.0,0.5
1390.2667,  1.00000000,1,0,0.025000000000000001,0.5
1390.3000,  1.00000000,1,0,0.025000000000000001,0.5
1390.3333,  1.00000000,1,0,0.0,0.5
1390.3667,  1.00000000,1,0,0.0,0.5
1390.4000,  1.00000000,1,0,0.0,0.5
1390.4333,  1.00000000,1,0,0.025000000000000001,0.5
1390.4667,  1.00000000,1,0,0.0,0.5
1390.5000,  1.00000000,1,0,0.0,0.5
1390.5333,  1.00000000,1,0,0.0,0.5
1390.5667,  1.00000000,1,0,0.0,0.5
1390.6000,  1.00000000,1,0,0.0,0.5
1390.6333,  1.00000000,1,0,0.0,0.5
1390.6667,  1.00000000,1,0,0.0,0.5
1390.7000,  1.00000000,1,0,0.0,0.5
1390.7333,  1.00000000,1,0,0.025000000000000001,0.5
1390.7667,  1.00000000,1,0,0.025000000000000001,0.5
1390.8000,  1.00000000,1,0,0.0,0.5
1390.8333,  1.00000000,1,0,0.0,0.5
1390.8667,  1.00000000,1,0,0.0,0.5
1390.9000,  1.00000000,1,0,0.0,0.5
1390.9333,  1.00000000,1,0,0.0,0.5
1390.9667,  1.00000000,1,0,0.025000000000000001,0.5
1391.0000,  1.00000000,1,0,0.0,0.5
1391.0333,  1.00000000,1,0,0.0,0.5
1391.0667,  1.00000000,1,0,0.025000000000000001,0.5
1391.1000,  1.00000000,1,0,0.025000000000000001,0.5
1391.1333,  1.00000000,1,0,0.025000000000000001,0.5
1391.1667,  1.00000000,1,0,0.025000000000000001,0.5
1391.2000,  1.00000000,1,0,0.050000000000000003,0.5
1391.2333,  1.00000000,1,0,0.025000000000000001,0.5
1391.2667,  1.00000000,1,0,0.0,0.5
1391.3000,  1.00000000,1,0,0.025000000000000001,0.5
1391.3333,  1.00000000,1,0,0.0,0.5
1391.3667,  1.00000000,1,0,0.0,0.5
1391.4000,  1.00000000,1,0,0.0,0.5
1391.4333,  1.00000000,1,0,0.0,0.5
1391.4667,  1.00000000,1,0,0.0,0.5
1391.5000,  1.00000000,1,0,0.025000000000000001,0.5
1391.5333,  1.00000000,1,0,0.0,0.5
1391.5667,  1.00000000,1,0,0.0,0.5
1391.6000,  1.00000000,1,0,0.0,0.5
1391.6333,  1.00000000,1,0,0.0,0.5
1391.6667,  1.00000000,1,0,0.0,0.5
1391.7000,  1.00000000,1,0,0.0,0.5
1391.7333,  1.00000000,1,0,0.025000000000000001,0.5
1391.7667,  1.00000000,1,0,0.0,0.5
1391.8000,  1.00000000,1,0,0.0,0.5
1391.8333,  1.00000000,1,0,0.025000000000000001,0.5
1391.8667,  1.00000000,1,0,0.0,0.5
1391.9000,  1.00000000,1,0,0.025000000000000001,0.5
1391.9333,  1.00000000,1,0,0.025000000000000001,0.5
1391.9667,  1.00000000,1,0,0.0,0.5
1392.0000,  1.00000000,1,0,0.0,0.5
1392.0333,  1.00000000,1,0,0.0,0.5
1392.0667,  1.00000000,1,0,0.0,0.5
1392.1000,  1.00000000,1,0,0.0,0.5
1392.1333,  1.00000000,1,0,0.0,0.5
1392.1667,  1.00000000,1,0,0.025000000000000001,0.5
1392.2000,  1.00000000,1,0,0.0,0.5
1392.2333,  1.00000000,1,0,0.0,0.5
1392.2667,  1.00000000,1,0,0.025000000000000001,0.5
1392.3000,  1.00000000,1,0,0.0,0.5
1392.3333,  1.00000000,1,0,0.0,0.5
1392.3667,  1.00000000,1,0,0.025000000000000001,0.5
1392.4000,  1.00000000,1,0,0.0,0.5
1392.4333,  1.00000000,1,0,0.0,0.5
1392.4667,  1.00000000,1,0,0.025000000000000001,0.5
1392.5000,  1.00000000,1,0,0.0,0.5
1392.5333,  1.00000000,1,0,0.025000000000000001,0.5
1392.5667,  1.00000000,1,0,0.0,0.5
1392.6000,  1.00000000,1,0,0.0,0.5
1392.6333,  1.00000000,1,0,0.0,0.5
1392.6667,  1.00000000,1,0,0.0,0.5
1392.7000,  1.00000000,1,0,0.0,0.5
1392.7333,  1.00000000,1,0,0.025000000000000001,0.5
1392.7667,  1.00000000,1,0,0.025000000000000001,0.5
1392.8000,  1.00000000,1,0,0.025000000000000001,0.5
1392.8333,  1.00000000,1,0,0.0,0.5
1392.8667,  1.00000000,1,0,0.0,0.5
1392.9000,  1.00000000,1,0,0.025000000000000001,0.5
1392.9333,  1.00000000,1,0,0.0,0.5
1392.9667,  1.00000000,1,0,0.025000000000000001,0.5
1393.0000,  1.00000000,1,0,0.0,0.5
1393.0333,  1.00000000,1,0,0.025000000000000001,0.5
1393.0667,  1.00000000,1,0,0.0,0.5
1393.1000,  1.00000000,1,0,0.0,0.5
1393.1333,  1.00000000,1,0,0.0,0.5
1393.1667,  1.00000000,1,0,0.0,0.5
1393.2000,  1.00000000,1,0,0.025000000000000001,0.5
1393.2333,  1.00000000,1,0,0.025000000000000001,0.5
1393.2667,  1.00000000,1,0,0.0,0.5
1393.3000,  1.00000000,1,0,0.0,0.5
1393.3333,  1.00000000,1,0,0.0,0.5
1393.3667,  1.00000000,1,0,0.025000000000000001,0.5
1393.4000,  1.00000000,1,0,0.0,0.5
1393.4333,  1.00000000,1,0,0.0,0.5
1393.4667,  1.00000000,1,0,0.025000000000000001,0.5
1393.5000,  1.00000000,1,0,0.0,0.5
1393.5333,  1.00000000,1,0,0.050000000000000003,0.5
1393.5667,  1.00000000,1,0,0.0,0.5
1393.6000,  1.00000000,1,0,0.0,0.5
1393.6333,  1.00000000,1,0,0.0,0.5
1393.6667,  1.00000000,1,0,0.0,0.5
1393.7000,  1.00000000,1,0,0.0,0.5
1393.7333,  1.00000000,1,0,0.0,0.5
1393.7667,  1.00000000,1,0,0.025000000000000001,0.5
1393.8000,  1.00000000,1,0,0.0,0.5
1393.8333,  1.00000000,1,0,0.0,0.5
1393.8667,  1.00000000,1,0,0.025000000000000001,0.5
1393.9000,  1.00000000,1,0,0.025000000000000001,0.5
1393.9333,  1.00000000,1,0,0.0,0.5
1393.9667,  1.00000000,1,0,0.0,0.5
1394.0000,  1.00000000,1,0,0.0,0.5
1394.0333,  1.00000000,1,0,0.0,0.5
1394.0667,  1.00000000,1,0,0.025000000000000001,0.5
1394.1000,  1.00000000,1,0,0.025000000000000001,0.5
1394.1333,  1.00000000,1,0,0.050000000000000003,0.5
1394.1667,  1.00000000,1,0,0.050000000000000003,0.5
1394.2000,  1.00000000,1,0,0.0,0.5
1394.2333,  1.00000000,1,0,0.025000000000000001,0.5
1394.2667,  1.00000000,1,0,0.0,0.5
1394.3000,  1.00000000,1,0,0.0,0.5
1394.3333,  1.00000000,1,0,0.025000000000000001,0.5
1394.3667,  1.00000000,1,0,0.025000000000000001,0.5
1394.4000,  1.00000000,1,0,0.025000000000000001,0.5
1394.4333,  1.00000000,1,0,0.0,0.5
1394.4667,  1.00000000,1,0,0.0,0.5
1394.5000,  1.00000000,1,0,0.0,0.5
1394.5333,  1.00000000,1,0,0.0,0.5
1394.5667,  1.00000000,1,0,0.0,0.5
1394.6000,  1.00000000,1,0,0.025000000000000001,0.5
1394.6333,  1.00000000,1,0,0.050000000000000003,0.5
1394.6667,  1.00000000,1,0,0.0,0.5
1394.7000,  1.00000000,1,0,0.0,0.5
1394.7333,  1.00000000,1,0,0.025000000000000001,0.5
1394.7667,  1.00000000,1,0,0.0,0.5
1394.8000,  1.00000000,1,0,0.025000000000000001,0.5
1394.8333,  1.00000000,1,0,0.050000000000000003,0.5
1394.8667,  1.00000000,1,0,0.050000000000000003,0.5
1394.9000,  1.00000000,1,0,0.0,0.5
1394.9333,  1.00000000,1,0,0.0,0.5
1394.9667,  1.00000000,1,0,0.0,0.5
1395.0000,  1.00000000,1,0,0.0,0.5
1395.0333,  1.00000000,1,0,0.0,0.5
1395.0667,  1.00000000,1,0,0.050000000000000003,0.5
1395.1000,  1.00000000,1,0,0.0,0.5
1395.1333,  1.00000000,1,0,0.025000000000000001,0.5
1395.1667,  1.00000000,1,0,0.025000000000000001,0.5
1395.2000,  1.00000000,1,0,0.0,0.5
1395.2333,  1.00000000,1,0,0.025000000000000001,0.5
1395.2667,  1.00000000,1,0,0.025000000000000001,0.5
1395.3000,  1.00000000,1,0,0.025000000000000001,0.5
1395.3333,  1.00000000,1,0,0.025000000000000001,0.5
1395.3667,  1.00000000,1,0,0.025000000000000001,0.5
1395.4000,  1.00000000,1,0,0.0,0.5
1395.4333,  1.00000000,1,0,0.025000000000000001,0.5
1395.4667,  1.00000000,1,0,0.0,0.5
1395.5000,  1.00000000,1,0,0.025000000000000001,0.5
1395.5333,  1.00000000,1,0,0.0,0.5
1395.5667,  1.00000000,1,0,0.025000000000000001,0.5
1395.6000,  1.00000000,1,0,0.025000000000000001,0.5
1395.6333,  1.00000000,1,0,0.0,0.5
1395.6667,  1.00000000,1,0,0.0,0.5
1395.7000,  1.00000000,1,0,0.025000000000000001,0.5
1395.7333,  1.00000000,1,0,0.0,0.5
1395.7667,  1.00000000,1,0,0.0,0.5
1395.8000,  1.00000000,1,0,0.0,0.5
1395.8333,  1.00000000,1,0,0.0,0.5
1395.8667,  1.00000000,1,0,0.0,0.5
1395.9000,  1.00000000,1,0,0.0,0.5
1395.9333,  1.00000000,1,0,0.025000000000000001,0.5
1395.9667,  1.00000000,1,0,0.025000000000000001,0.5
1396.0000,  1.00000000,1,0,0.0,0.5
1396.0333,  1.00000000,1,0,0.0,0.5
1396.0667,  1.00000000,1,0,0.0,0.5
1396.1000,  1.00000000,1,0,0.0,0.5
1396.1333,  1.00000000,1,0,0.0,0.5
1396.1667,  1.00000000,1,0,0.0,0.5
1396.2000,  1.00000000,1,0,0.0,0.5
1396.2333,  1.00000000,1,0,0.0,0.5
1396.2667,  1.00000000,1,0,0.025000000000000001,0.5
1396.3000,  1.00000000,1,0,0.025000000000000001,0.5
1396.3333,  1.00000000,1,0,0.025000000000000001,0.5
1396.3667,  1.00000000,1,0,0.0,0.5
1396.4000,  1.00000000,1,0,0.025000000000000001,0.5
1396.4333,  1.00000000,1,0,0.0,0.5
1396.4667,  1.00000000,1,0,0.0,0.5
1396.5000,  1.00000000,1,0,0.0,0.5
1396.5333,  1.00000000,1,0,0.025000000000000001,0.5
1396.5667,  1.00000000,1,0,0.0,0.5
1396.6000,  1.00000000,1,0,0.025000000000000001,0.5
1396.6333,  1.00000000,1,0,0.0,0.5
1396.6667,  1.00000000,1,0,0.0,0.5
1396.7000,  1.00000000,1,0,0.0,0.5
1396.7333,  1.00000000,1,0,0.025000000000000001,0.5
1396.7667,  1.00000000,1,0,0.025000000000000001,0.5
1396.8000,  1.00000000,1,0,0.0,0.5
1396.8333,  1.00000000,1,0,0.025000000000000001,0.5
1396.8667,  1.00000000,1,0,0.025000000000000001,0.5
1396.9000,  1.00000000,1,0,0.025000000000000001,0.5
1396.9333,  1.00000000,1,0,0.025000000000000001,0.5
1396.9667,  1.00000000,1,0,0.0,0.5
1397.0000,  1.00000000,1,0,0.025000000000000001,0.5
1397.0333,  1.00000000,1,0,0.025000000000000001,0.5
1397.0667,  1.00000000,1,0,0.025000000000000001,0.5
1397.1000,  1.00000000,1,0,0.025000000000000001,0.5
1397.1333,  1.00000000,1,0,0.050000000000000003,0.5
1397.1667,  1.00000000,1,0,0.0,0.5
1397.2000,  1.00000000,1,0,0.0,0.5
1397.2333,  1.00000000,1,0,0.025000000000000001,0.5
1397.2667,  1.00000000,1,0,0.0,0.5
1397.3000,  1.00000000,1,0,0.025000000000000001,0.5
1397.3333,  1.00000000,1,0,0.0,0.5
1397.3667,  1.00000000,1,0,0.0,0.5
1397.4000,  1.00000000,1,0,0.025000000000000001,0.5
1397.4333,  1.00000000,1,0,0.0,0.5
1397.4667,  1.00000000,1,0,0.050000000000000003,0.5
1397.5000,  1.00000000,1,0,0.025000000000000001,0.5
1397.5333,  1.00000000,1,0,0.050000000000000003,0.5
1397.5667,  1.00000000,1,0,0.0,0.5
1397.6000,  1.00000000,1,0,0.0,0.5
1397.6333,  1.00000000,1,0,0.0,0.5
1397.6667,  1.00000000,1,0,0.0,0.5
1397.7000,  1.00000000,1,0,0.0,0.5
1397.7333,  1.00000000,1,0,0.0,0.5
1397.7667,  1.00000000,1,0,0.0,0.5
1397.8000,  1.00000000,1,0,0.0,0.5
1397.8333,  1.00000000,1,0,0.0,0.5
1397.8667,  1.00000000,1,0,0.0,0.5
1397.9000,  1.00000000,1,0,0.050000000000000003,0.5
1397.9333,  1.00000000,1,0,0.0,0.5
1397.9667,  1.00000000,1,0,0.025000000000000001,0.5
1398.0000,  1.00000000,1,0,0.0,0.5
1398.0333,  1.00000000,1,0,0.0,0.5
1398.0667,  1.00000000,1,0,0.0,0.5
1398.1000,  1.00000000,1,0,0.025000000000000001,0.5
1398.1333,  1.00000000,1,0,0.0,0.5
1398.1667,  1.00000000,1,0,0.0,0.5
1398.2000,  1.00000000,1,0,0.025000000000000001,0.5
1398.2333,  1.00000000,1,0,0.025000000000000001,0.5
1398.2667,  1.00000000,1,0,0.0,0.5
1398.3000,  1.00000000,1,0,0.0,0.5
1398.3333,  1.00000000,1,0,0.025000000000000001,0.5
1398.3667,  1.00000000,1,0,0.0,0.5
1398.4000,  1.00000000,1,0,0.0,0.5
1398.4333,  1.00000000,1,0,0.0,0.5
1398.4667,  1.00000000,1,0,0.0,0.5
1398.5000,  1.00000000,1,0,0.0,0.5
1398.5333,  1.00000000,1,0,0.025000000000000001,0.5
1398.5667,  1.00000000,1,0,0.0,0.5
1398.6000,  1.00000000,1,0,0.0,0.5
1398.6333,  1.00000000,1,0,0.0,0.5
1398.6667,  1.00000000,1,0,0.025000000000000001,0.5
1398.7000,  1.00000000,1,0,0.0,0.5
1398.7333,  1.00000000,1,0,0.0,0.5
1398.7667,  1.00000000,1,0,0.0,0.5
1398.8000,  1.00000000,1,0,0.025000000000000001,0.5
1398.8333,  1.00000000,1,0,0.0,0.5
1398.8667,  1.00000000,1,0,0.0,0.5
1398.9000,  1.00000000,1,0,0.0,0.5
1398.9333,  1.00000000,1,0,0.0,0.5
1398.9667,  1.00000000,1,0,0.0,0.5
1399.0000,  1.00000000,1,0,0.025000000000000001,0.5
1399.0333,  1.00000000,1,0,0.025000000000000001,0.5
1399.0667,  1.00000000,1,0,0.025000000000000001,0.5
1399.1000,  1.00000000,1,0,0.0,0.5
1399.1333,  1.00000000,1,0,0.0,0.5
1399.1667,  1.00000000,1,0,0.025000000000000001,0.5
1399.2000,  1.00000000,1,0,0.0,0.5
1399.2333,  1.00000000,1,0,0.0,0.5
1399.2667,  1.00000000,1,0,0.0,0.5
1399.3000,  1.00000000,1,0,0.0,0.5
1399.3333,  1.00000000,1,0,0.0,0.5
1399.3667,  1.00000000,1,0,0.0,0.5
1399.4000,  1.00000000,1,0,0.0,0.5
1399.4333,  1.00000000,1,0,0.0,0.5
1399.4667,  1.00000000,1,0,0.0,0.5
1399.5000,  1.00000000,1,0,0.0,0.5
1399.5333,  1.00000000,1,0,0.0,0.5
1399.5667,  1.00000000,1,0,0.025000000000000001,0.5
1399.6000,  1.00000000,1,0,0.0,0.5
1399.6333,  1.00000000,1,0,0.0,0.5
1399.6667,  1.00000000,1,0,0.0,0.5
1399.7000,  1.00000000,1,0,0.025000000000000001,0.5
1399.7333,  1.00000000,1,0,0.0,0.5
1399.7667,  1.00000000,1,0,0.0,0.5
1399.8000,  1.00000000,1,0,0.0,0.5
1399.8333,  1.00000000,1,0,0.0,0.5
1399.8667,  1.00000000,1,0,0.0,0.5
1399.9000,  1.00000000,1,0,0.025000000000000001,0.5
1399.9333,  1.00000000,1,0,0.025000000000000001,0.5
1399.9667,  1.00000000,1,0,0.0,0.5
1400.0000,  1.00000000,1,0,0.0,0.5
1400.0333,  1.00000000,1,0,0.050000000000000003,0.5
1400.0667,  1.00000000,1,0,0.050000000000000003,0.5
1400.1000,  1.00000000,1,0,0.025000000000000001,0.5
1400.1333,  1.00000000,1,0,0.0,0.5
1400.1667,  1.00000000,1,0,0.025000000000000001,0.5
1400.2000,  1.00000000,1,0,0.025000000000000001,0.5
1400.2333,  1.00000000,1,0,0.050000000000000003,0.5
1400.2667,  1.00000000,1,0,0.025000000000000001,0.5
1400.3000,  1.00000000,1,0,0.025000000000000001,0.5
1400.3333,  1.00000000,1,0,0.0,0.5
1400.3667,  1.00000000,1,0,0.0,0.5
1400.4000,  1.00000000,1,0,0.0,0.5
1400.4333,  1.00000000,1,0,0.025000000000000001,0.5
1400.4667,  1.00000000,1,0,0.0,0.5
1400.5000,  1.00000000,1,0,0.025000000000000001,0.5
1400.5333,  1.00000000,1,0,0.0,0.5
1400.5667,  1.00000000,1,0,0.0,0.5
1400.6000,  1.00000000,1,0,0.0,0.5
1400.6333,  1.00000000,1,0,0.025000000000000001,0.5
1400.6667,  1.00000000,1,0,0.0,0.5
1400.7000,  1.00000000,1,0,0.0,0.5
1400.7333,  1.00000000,1,0,0.0,0.5
1400.7667,  1.00000000,1,0,0.0,0.5
1400.8000,  1.00000000,1,0,0.025000000000000001,0.5
1400.8333,  1.00000000,1,0,0.050000000000000003,0.5
1400.8667,  1.00000000,1,0,0.0,0.5
1400.9000,  1.00000000,1,0,0.0,0.5
1400.9333,  1.00000000,1,0,0.0,0.5
1400.9667,  1.00000000,1,0,0.0,0.5
1401.0000,  1.00000000,1,0,0.0,0.5
1401.0333,  1.00000000,1,0,0.0,0.5
1401.0667,  1.00000000,1,0,0.0,0.5
1401.1000,  1.00000000,1,0,0.0,0.5
1401.1333,  1.00000000,1,0,0.0,0.5
1401.1667,  1.00000000,1,0,0.0,0.5
1401.2000,  1.00000000,1,0,0.025000000000000001,0.5
1401.2333,  1.00000000,1,0,0.025000000000000001,0.5
1401.2667,  1.00000000,1,0,0.0,0.5
1401.3000,  1.00000000,1,0,0.050000000000000003,0.5
1401.3333,  1.00000000,1,0,0.050000000000000003,0.5
1401.3667,  1.00000000,1,0,0.025000000000000001,0.5
1401.4000,  1.00000000,1,0,0.0,0.5
1401.4333,  1.00000000,1,0,0.050000000000000003,0.5
1401.4667,  1.00000000,1,0,0.0,0.5
1401.5000,  1.00000000,1,0,0.025000000000000001,0.5
1401.5333,  1.00000000,1,0,0.0,0.5
1401.5667,  1.00000000,1,0,0.025000000000000001,0.5
1401.6000,  1.00000000,1,0,0.025000000000000001,0.5
1401.6333,  1.00000000,1,0,0.025000000000000001,0.5
1401.6667,  1.00000000,1,0,0.0,0.5
1401.7000,  1.00000000,1,0,0.0,0.5
1401.7333,  1.00000000,1,0,0.0,0.5
1401.7667,  1.00000000,1,0,0.0,0.5
1401.8000,  1.00000000,1,0,0.0,0.5
1401.8333,  1.00000000,1,0,0.025000000000000001,0.5
1401.8667,  1.00000000,1,0,0.025000000000000001,0.5
1401.9000,  1.00000000,1,0,0.025000000000000001,0.5
1401.9333,  1.00000000,1,0,0.025000000000000001,0.5
1401.9667,  1.00000000,1,0,0.0,0.5
1402.0000,  1.00000000,1,0,0.0,0.5
1402.0333,  1.00000000,1,0,0.0,0.5
1402.0667,  1.00000000,1,0,0.0,0.5
1402.1000,  1.00000000,1,0,0.0,0.5
1402.1333,  1.00000000,1,0,0.0,0.5
1402.1667,  1.00000000,1,0,0.0,0.5
1402.2000,  1.00000000,1,0,0.0,0.5
1402.2333,  1.00000000,1,0,0.0,0.5
1402.2667,  1.00000000,1,0,0.0,0.5
1402.3000,  1.00000000,1,0,0.0,0.5
1402.3333,  1.00000000,1,0,0.0,0.5
1402.3667,  1.00000000,1,0,0.025000000000000001,0.5
1402.4000,  1.00000000,1,0,0.0,0.5
1402.4333,  1.00000000,1,0,0.0,0.5
1402.4667,  1.00000000,1,0,0.025000000000000001,0.5
1402.5000,  1.00000000,1,0,0.0,0.5
1402.5333,  1.00000000,1,0,0.0,0.5
1402.5667,  1.00000000,1,0,0.025000000000000001,0.5
1402.6000,  1.00000000,1,0,0.0,0.5
1402.6333,  1.00000000,1,0,0.025000000000000001,0.5
1402.6667,  1.00000000,1,0,0.0,0.5
1402.7000,  1.00000000,1,0,0.0,0.5
1402.7333,  1.00000000,1,0,0.0,0.5
1402.7667,  1.00000000,1,0,0.0,0.5
1402.8000,  1.00000000,1,0,0.0,0.5
1402.8333,  1.00000000,1,0,0.0,0.5
1402.8667,  1.00000000,1,0,0.025000000000000001,0.5
1402.9000,  1.00000000,1,0,0.025000000000000001,0.5
1402.9333,  1.00000000,1,0,0.0,0.5
1402.9667,  1.00000000,1,0,0.025000000000000001,0.5
1403.0000,  1.00000000,1,0,0.0,0.5
1403.0333,  1.00000000,1,0,0.0,0.5
1403.0667,  1.00000000,1,0,0.0,0.5
1403.1000,  1.00000000,1,0,0.0,0.5
1403.1333,  1.00000000,1,0,0.025000000000000001,0.5
1403.1667,  1.00000000,1,0,0.0,0.5
1403.2000,  1.00000000,1,0,0.0,0.5
1403.2333,  1.00000000,1,0,0.025000000000000001,0.5
1403.2667,  1.00000000,1,0,0.0,0.5
1403.3000,  1.00000000,1,0,0.0,0.5
1403.3333,  1.00000000,1,0,0.0,0.5
1403.3667,  1.00000000,1,0,0.025000000000000001,0.5
1403.4000,  1.00000000,1,0,0.0,0.5
1403.4333,  1.00000000,1,0,0.025000000000000001,0.5
1403.4667,  1.00000000,1,0,0.0,0.5
1403.5000,  1.00000000,1,0,0.0,0.5
1403.5333,  1.00000000,1,0,0.0,0.5
1403.5667,  1.00000000,1,0,0.0,0.5
1403.6000,  1.00000000,1,0,0.0,0.5
1403.6333,  1.00000000,1,0,0.0,0.5
1403.6667,  1.00000000,1,0,0.0,0.5
1403.7000,  1.00000000,1,0,0.025000000000000001,0.5
1403.7333,  1.00000000,1,0,0.0,0.5
1403.7667,  1.00000000,1,0,0.025000000000000001,0.5
1403.8000,  1.00000000,1,0,0.0,0.5
1403.8333,  1.00000000,1,0,0.0,0.5
1403.8667,  1.00000000,1,0,0.025000000000000001,0.5
1403.9000,  1.00000000,1,0,0.025000000000000001,0.5
1403.9333,  1.00000000,1,0,0.025000000000000001,0.5
1403.9667,  1.00000000,1,0,0.0,0.5
1404.0000,  1.00000000,1,0,0.0,0.5
1404.0333,  1.00000000,1,0,0.0,0.5
1404.0667,  1.00000000,1,0,0.0,0.5
1404.1000,  1.00000000,1,0,0.0,0.5
1404.1333,  1.00000000,1,0,0.025000000000000001,0.5
1404.1667,  1.00000000,1,0,0.0,0.5
1404.2000,  1.00000000,1,0,0.025000000000000001,0.5
1404.2333,  1.00000000,1,0,0.0,0.5
1404.2667,  1.00000000,1,0,0.0,0.5
1404.3000,  1.00000000,1,0,0.0,0.5
1404.3333,  1.00000000,1,0,0.0,0.5
1404.3667,  1.00000000,1,0,0.0,0.5
1404.4000,  1.00000000,1,0,0.0,0.5
1404.4333,  1.00000000,1,0,0.0,0.5
1404.4667,  1.00000000,1,0,0.0,0.5
1404.5000,  1.00000000,1,0,0.0,0.5
1404.5333,  1.00000000,1,0,0.025000000000000001,0.5
1404.5667,  1.00000000,1,0,0.0,0.5
1404.6000,  1.00000000,1,0,0.0,0.5
1404.6333,  1.00000000,1,0,0.0,0.5
1404.6667,  1.00000000,1,0,0.0,0.5
1404.7000,  1.00000000,1,0,0.0,0.5
1404.7333,  1.00000000,1,0,0.0,0.5
1404.7667,  1.00000000,1,0,0.0,0.5
1404.8000,  1.00000000,1,0,0.0,0.5
1404.8333,  1.00000000,1,0,0.0,0.5
1404.8667,  1.00000000,1,0,0.0,0.5
1404.9000,  1.00000000,1,0,0.025000000000000001,0.5
1404.9333,  1.00000000,1,0,0.025000000000000001,0.5
1404.9667,  1.00000000,1,0,0.0,0.5
1405.0000,  1.00000000,1,0,0.0,0.5
1405.0333,  1.00000000,1,0,0.025000000000000001,0.5
1405.0667,  1.00000000,1,0,0.0,0.5
1405.1000,  1.00000000,1,0,0.0,0.5
1405.1333,  1.00000000,1,0,0.0,0.5
1405.1667,  1.00000000,1,0,0.025000000000000001,0.5
1405.2000,  1.00000000,1,0,0.0,0.5
1405.2333,  1.00000000,1,0,0.0,0.5
1405.2667,  1.00000000,1,0,0.025000000000000001,0.5
1405.3000,  1.00000000,1,0,0.0,0.5
1405.3333,  1.00000000,1,0,0.0,0.5
1405.3667,  1.00000000,1,0,0.050000000000000003,0.5
1405.4000,  1.00000000,1,0,0.050000000000000003,0.5
1405.4333,  1.00000000,1,0,0.025000000000000001,0.5
1405.4667,  1.00000000,1,0,0.0,0.5
1405.5000,  1.00000000,1,0,0.025000000000000001,0.5
1405.5333,  1.00000000,1,0,0.0,0.5
1405.5667,  1.00000000,1,0,0.0,0.5
1405.6000,  1.00000000,1,0,0.0,0.5
1405.6333,  1.00000000,1,0,0.0,0.5
1405.6667,  1.00000000,1,0,0.0,0.5
1405.7000,  1.00000000,1,0,0.025000000000000001,0.5
1405.7333,  1.00000000,1,0,0.025000000000000001,0.5
1405.7667,  1.00000000,1,0,0.0,0.5
1405.8000,  1.00000000,1,0,0.0,0.5
1405.8333,  1.00000000,1,0,0.0,0.5
1405.8667,  1.00000000,1,0,0.0,0.5
1405.9000,  1.00000000,1,0,0.0,0.5
1405.9333,  1.00000000,1,0,0.0,0.5
1405.9667,  1.00000000,1,0,0.0,0.5
1406.0000,  1.00000000,1,0,0.0,0.5
1406.0333,  1.00000000,1,0,0.0,0.5
1406.0667,  1.00000000,1,0,0.0,0.5
1406.1000,  1.00000000,1,0,0.0,0.5
1406.1333,  1.00000000,1,0,0.0,0.5
1406.1667,  1.00000000,1,0,0.025000000000000001,0.5
1406.2000,  1.00000000,1,0,0.0,0.5
1406.2333,  1.00000000,1,0,0.025000000000000001,0.5
1406.2667,  1.00000000,1,0,0.0,0.5
1406.3000,  1.00000000,1,0,0.0,0.5
1406.3333,  1.00000000,1,0,0.0,0.5
1406.3667,  1.00000000,1,0,0.0,0.5
1406.4000,  1.00000000,1,0,0.0,0.5
1406.4333,  1.00000000,1,0,0.025000000000000001,0.5
1406.4667,  1.00000000,1,0,0.0,0.5
1406.5000,  1.00000000,1,0,0.0,0.5
1406.5333,  1.00000000,1,0,0.0,0.5
1406.5667,  1.00000000,1,0,0.0,0.5
1406.6000,  1.00000000,1,0,0.0,0.5
1406.6333,  1.00000000,1,0,0.0,0.5
1406.6667,  1.00000000,1,0,0.0,0.5
1406.7000,  1.00000000,1,0,0.0,0.5
1406.7333,  1.00000000,1,0,0.0,0.5
1406.7667,  1.00000000,1,0,0.025000000000000001,0.5
1406.8000,  1.00000000,1,0,0.0,0.5
1406.8333,  1.00000000,1,0,0.0,0.5
1406.8667,  1.00000000,1,0,0.0,0.5
1406.9000,  1.00000000,1,0,0.0,0.5
1406.9333,  1.00000000,1,0,0.025000000000000001,0.5
1406.9667,  1.00000000,1,0,0.0,0.5
1407.0000,  1.00000000,1,0,0.0,0.5
1407.0333,  1.00000000,1,0,0.025000000000000001,0.5
1407.0667,  1.00000000,1,0,0.0,0.5
1407.1000,  1.00000000,1,0,0.0,0.5
1407.1333,  1.00000000,1,0,0.025000000000000001,0.5
1407.1667,  1.00000000,1,0,0.0,0.5
1407.2000,  1.00000000,1,0,0.0,0.5
1407.2333,  1.00000000,1,0,0.0,0.5
1407.2667,  1.00000000,1,0,0.0,0.5
1407.3000,  1.00000000,1,0,0.0,0.5
1407.3333,  1.00000000,1,0,0.0,0.5
1407.3667,  1.00000000,1,0,0.0,0.5
1407.4000,  1.00000000,1,0,0.0,0.5
1407.4333,  1.00000000,1,0,0.0,0.5
1407.4667,  1.00000000,1,0,0.0,0.5
1407.5000,  1.00000000,1,0,0.025000000000000001,0.5
1407.5333,  1.00000000,1,0,0.0,0.5
1407.5667,  1.00000000,1,0,0.0,0.5
1407.6000,  1.00000000,1,0,0.0,0.5
1407.6333,  1.00000000,1,0,0.0,0.5
1407.6667,  1.00000000,1,0,0.0,0.5
1407.7000,  1.00000000,1,0,0.050000000000000003,0.5
1407.7333,  1.00000000,1,0,0.0,0.5
1407.7667,  1.00000000,1,0,0.0,0.5
1407.8000,  1.00000000,1,0,0.0,0.5
1407.8333,  1.00000000,1,0,0.0,0.5
1407.8667,  1.00000000,1,0,0.0,0.5
1407.9000,  1.00000000,1,0,0.025000000000000001,0.5
1407.9333,  1.00000000,1,0,0.0,0.5
1407.9667,  1.00000000,1,0,0.0,0.5
1408.0000,  1.00000000,1,0,0.025000000000000001,0.5
1408.0333,  1.00000000,1,0,0.0,0.5
1408.0667,  1.00000000,1,0,0.0,0.5
1408.1000,  1.00000000,1,0,0.0,0.5
1408.1333,  1.00000000,1,0,0.0,0.5
1408.1667,  1.00000000,1,0,0.0,0.5
1408.2000,  1.00000000,1,0,0.0,0.5
1408.2333,  1.00000000,1,0,0.025000000000000001,0.5
1408.2667,  1.00000000,1,0,0.0,0.5
1408.3000,  1.00000000,1,0,0.025000000000000001,0.5
1408.3333,  1.00000000,1,0,0.0,0.5
1408.3667,  1.00000000,1,0,0.025000000000000001,0.5
1408.4000,  1.00000000,1,0,0.0,0.5
1408.4333,  1.00000000,1,0,0.0,0.5
1408.4667,  1.00000000,1,0,0.0,0.5
1408.5000,  1.00000000,1,0,0.025000000000000001,0.5
1408.5333,  1.00000000,1,0,0.0,0.5
1408.5667,  1.00000000,1,0,0.025000000000000001,0.5
1408.6000,  1.00000000,1,0,0.0,0.5
1408.6333,  1.00000000,1,0,0.0,0.5
1408.6667,  1.00000000,1,0,0.0,0.5
1408.7000,  1.00000000,1,0,0.025000000000000001,0.5
1408.7333,  1.00000000,1,0,0.0,0.5
1408.7667,  1.00000000,1,0,0.0,0.5
1408.8000,  1.00000000,1,0,0.0,0.5
1408.8333,  1.00000000,1,0,0.025000000000000001,0.5
1408.8667,  1.00000000,1,0,0.0,0.5
1408.9000,  1.00000000,1,0,0.0,0.5
1408.9333,  1.00000000,1,0,0.0,0.5
1408.9667,  1.00000000,1,0,0.0,0.5
1409.0000,  1.00000000,1,0,0.0,0.5
1409.0333,  1.00000000,1,0,0.0,0.5
1409.0667,  1.00000000,1,0,0.025000000000000001,0.5
1409.1000,  1.00000000,1,0,0.050000000000000003,0.5
1409.1333,  1.00000000,1,0,0.0,0.5
1409.1667,  1.00000000,1,0,0.0,0.5
1409.2000,  1.00000000,1,0,0.0,0.5
1409.2333,  1.00000000,1,0,0.0,0.5
1409.2667,  1.00000000,1,0,0.0,0.5
1409.3000,  1.00000000,1,0,0.025000000000000001,0.5
1409.3333,  1.00000000,1,0,0.0,0.5
1409.3667,  1.00000000,1,0,0.0,0.5
1409.4000,  1.00000000,1,0,0.0,0.5
1409.4333,  1.00000000,1,0,0.0,0.5
1409.4667,  1.00000000,1,0,0.0,0.5
1409.5000,  1.00000000,1,0,0.0,0.5
1409.5333,  1.00000000,1,0,0.025000000000000001,0.5
1409.5667,  1.00000000,1,0,0.0,0.5
1409.6000,  1.00000000,1,0,0.0,0.5
1409.6333,  1.00000000,1,0,0.0,0.5
1409.6667,  1.00000000,1,0,0.025000000000000001,0.5
1409.7000,  1.00000000,1,0,0.0,0.5
1409.7333,  1.00000000,1,0,0.0,0.5
1409.7667,  1.00000000,1,0,0.0,0.5
1409.8000,  1.00000000,1,0,0.0,0.5
1409.8333,  1.00000000,1,0,0.025000000000000001,0.5
1409.8667,  1.00000000,1,0,0.0,0.5
1409.9000,  1.00000000,1,0,0.0,0.5
1409.9333,  1.00000000,1,0,0.025000000000000001,0.5
1409.9667,  1.00000000,1,0,0.025000000000000001,0.5
1410.0000,  1.00000000,1,0,0.0,0.5
1410.0333,  1.00000000,1,0,0.0,0.5
1410.0667,  1.00000000,1,0,0.0,0.5
1410.1000,  1.00000000,1,0,0.0,0.5
1410.1333,  1.00000000,1,0,0.0,0.5
1410.1667,  1.00000000,1,0,0.0,0.5
1410.2000,  1.00000000,1,0,0.0,0.5
1410.2333,  1.00000000,1,0,0.0,0.5
1410.2667,  1.00000000,1,0,0.0,0.5
1410.3000,  1.00000000,1,0,0.0,0.5
1410.3333,  1.00000000,1,0,0.0,0.5
1410.3667,  1.00000000,1,0,0.0,0.5
1410.4000,  1.00000000,1,0,0.0,0.5
1410.4333,  1.00000000,1,0,0.0,0.5
1410.4667,  1.00000000,1,0,0.0,0.5
1410.5000,  1.00000000,1,0,0.0,0.5
1410.5333,  1.00000000,1,0,0.025000000000000001,0.5
1410.5667,  1.00000000,1,0,0.0,0.5
1410.6000,  1.00000000,1,0,0.050000000000000003,0.5
1410.6333,  1.00000000,1,0,0.025000000000000001,0.5
1410.6667,  1.00000000,1,0,0.0,0.5
1410.7000,  1.00000000,1,0,0.0,0.5
1410.7333,  1.00000000,1,0,0.0,0.5
1410.7667,  1.00000000,1,0,0.025000000000000001,0.5
1410.8000,  1.00000000,1,0,0.0,0.5
1410.8333,  1.00000000,1,0,0.0,0.5
1410.8667,  1.00000000,1,0,0.025000000000000001,0.5
1410.9000,  1.00000000,1,0,0.0,0.5
1410.9333,  1.00000000,1,0,0.0,0.5
1410.9667,  1.00000000,1,0,0.0,0.5
1411.0000,  1.00000000,1,0,0.025000000000000001,0.5
1411.0333,  1.00000000,1,0,0.0,0.5
1411.0667,  1.00000000,1,0,0.025000000000000001,0.5
1411.1000,  1.00000000,1,0,0.0,0.5
1411.1333,  1.00000000,1,0,0.0,0.5
1411.1667,  1.00000000,1,0,0.025000000000000001,0.5
1411.2000,  1.00000000,1,0,0.0,0.5
1411.2333,  1.00000000,1,0,0.025000000000000001,0.5
1411.2667,  1.00000000,1,0,0.0,0.5
1411.3000,  1.00000000,1,0,0.0,0.5
1411.3333,  1.00000000,1,0,0.0,0.5
1411.3667,  1.00000000,1,0,0.0,0.5
1411.4000,  1.00000000,1,0,0.0,0.5
1411.4333,  1.00000000,1,0,0.025000000000000001,0.5
1411.4667,  1.00000000,1,0,0.0,0.5
1411.5000,  1.00000000,1,0,0.0,0.5
1411.5333,  1.00000000,1,0,0.0,0.5
1411.5667,  1.00000000,1,0,0.0,0.5
1411.6000,  1.00000000,1,0,0.0,0.5
1411.6333,  1.00000000,1,0,0.0,0.5
1411.6667,  1.00000000,1,0,0.0,0.5
1411.7000,  1.00000000,1,0,0.0,0.5
1411.7333,  1.00000000,1,0,0.0,0.5
1411.7667,  1.00000000,1,0,0.025000000000000001,0.5
1411.8000,  1.00000000,1,0,0.0,0.5
1411.8333,  1.00000000,1,0,0.025000000000000001,0.5
1411.8667,  1.00000000,1,0,0.0,0.5
1411.9000,  1.00000000,1,0,0.0,0.5
1411.9333,  1.00000000,1,0,0.0,0.5
1411.9667,  1.00000000,1,0,0.025000000000000001,0.5
1412.0000,  1.00000000,1,0,0.025000000000000001,0.5
1412.0333,  1.00000000,1,0,0.0,0.5
1412.0667,  1.00000000,1,0,0.0,0.5
1412.1000,  1.00000000,1,0,0.025000000000000001,0.5
1412.1333,  1.00000000,1,0,0.0,0.5
1412.1667,  1.00000000,1,0,0.0,0.5
1412.2000,  1.00000000,1,0,0.0,0.5
1412.2333,  1.00000000,1,0,0.025000000000000001,0.5
1412.2667,  1.00000000,1,0,0.025000000000000001,0.5
1412.3000,  1.00000000,1,0,0.0,0.5
1412.3333,  1.00000000,1,0,0.0,0.5
1412.3667,  1.00000000,1,0,0.0,0.5
1412.4000,  1.00000000,1,0,0.025000000000000001,0.5
1412.4333,  1.00000000,1,0,0.0,0.5
1412.4667,  1.00000000,1,0,0.0,0.5
1412.5000,  1.00000000,1,0,0.025000000000000001,0.5
1412.5333,  1.00000000,1,0,0.0,0.5
1412.5667,  1.00000000,1,0,0.025000000000000001,0.5
1412.6000,  1.00000000,1,0,0.025000000000000001,0.5
1412.6333,  1.00000000,1,0,0.0,0.5
1412.6667,  1.00000000,1,0,0.0,0.5
1412.7000,  1.00000000,1,0,0.0,0.5
1412.7333,  1.00000000,1,0,0.0,0.5
1412.7667,  1.00000000,1,0,0.0,0.5
1412.8000,  1.00000000,1,0,0.025000000000000001,0.5
1412.8333,  1.00000000,1,0,0.025000000000000001,0.5
1412.8667,  1.00000000,1,0,0.0,0.5
1412.9000,  1.00000000,1,0,0.025000000000000001,0.5
1412.9333,  1.00000000,1,0,0.0,0.5
1412.9667,  1.00000000,1,0,0.0,0.5
1413.0000,  1.00000000,1,0,0.0,0.5
1413.0333,  1.00000000,1,0,0.025000000000000001,0.5
1413.0667,  1.00000000,1,0,0.025000000000000001,0.5
1413.1000,  1.00000000,1,0,0.0,0.5
1413.1333,  1.00000000,1,0,0.0,0.5
1413.1667,  1.00000000,1,0,0.025000000000000001,0.5
1413.2000,  1.00000000,1,0,0.0,0.5
1413.2333,  1.00000000,1,0,0.0,0.5
1413.2667,  1.00000000,1,0,0.0,0.5
1413.3000,  1.00000000,1,0,0.025000000000000001,0.5
1413.3333,  1.00000000,1,0,0.0,0.5
1413.3667,  1.00000000,1,0,0.0,0.5
1413.4000,  1.00000000,1,0,0.0,0.5
1413.4333,  1.00000000,1,0,0.0,0.5
1413.4667,  1.00000000,1,0,0.0,0.5
1413.5000,  1.00000000,1,0,0.025000000000000001,0.5
1413.5333,  1.00000000,1,0,0.0,0.5
1413.5667,  1.00000000,1,0,0.0,0.5
1413.6000,  1.00000000,1,0,0.0,0.5
1413.6333,  1.00000000,1,0,0.0,0.5
1413.6667,  1.00000000,1,0,0.0,0.5
1413.7000,  1.00000000,1,0,0.0,0.5
1413.7333,  1.00000000,1,0,0.0,0.5
1413.7667,  1.00000000,1,0,0.0,0.5
1413.8000,  1.00000000,1,0,0.0,0.5
1413.8333,  1.00000000,1,0,0.0,0.5
1413.8667,  1.00000000,1,0,0.0,0.5
1413.9000,  1.00000000,1,0,0.0,0.5
1413.9333,  1.00000000,1,0,0.0,0.5
1413.9667,  1.00000000,1,0,0.0,0.5
1414.0000,  1.00000000,1,0,0.0,0.5
1414.0333,  1.00000000,1,0,0.0,0.5
1414.0667,  1.00000000,1,0,0.025000000000000001,0.5
1414.1000,  1.00000000,1,0,0.0,0.5
1414.1333,  1.00000000,1,0,0.050000000000000003,0.5
1414.1667,  1.00000000,1,0,0.025000000000000001,0.5
1414.2000,  1.00000000,1,0,0.025000000000000001,0.5
1414.2333,  1.00000000,1,0,0.0,0.5
1414.2667,  1.00000000,1,0,0.0,0.5
1414.3000,  1.00000000,1,0,0.050000000000000003,0.5
1414.3333,  1.00000000,1,0,0.0,0.5
1414.3667,  1.00000000,1,0,0.025000000000000001,0.5
1414.4000,  1.00000000,1,0,0.025000000000000001,0.5
1414.4333,  1.00000000,1,0,0.0,0.5
1414.4667,  1.00000000,1,0,0.0,0.5
1414.5000,  1.00000000,1,0,0.0,0.5
1414.5333,  1.00000000,1,0,0.0,0.5
1414.5667,  1.00000000,1,0,0.0,0.5
1414.6000,  1.00000000,1,0,0.025000000000000001,0.5
1414.6333,  1.00000000,1,0,0.0,0.5
1414.6667,  1.00000000,1,0,0.025000000000000001,0.5
1414.7000,  1.00000000,1,0,0.0,0.5
1414.7333,  1.00000000,1,0,0.0,0.5
1414.7667,  1.00000000,1,0,0.0,0.5
1414.8000,  1.00000000,1,0,0.0,0.5
1414.8333,  1.00000000,1,0,0.0,0.5
1414.8667,  1.00000000,1,0,0.025000000000000001,0.5
1414.9000,  1.00000000,1,0,0.0,0.5
1414.9333,  1.00000000,1,0,0.0,0.5
1414.9667,  1.00000000,1,0,0.0,0.5
1415.0000,  1.00000000,1,0,0.0,0.5
1415.0333,  1.00000000,1,0,0.0,0.5
1415.0667,  1.00000000,1,0,0.0,0.5
1415.1000,  1.00000000,1,0,0.0,0.5
1415.1333,  1.00000000,1,0,0.0,0.5
1415.1667,  1.00000000,1,0,0.025000000000000001,0.5
1415.2000,  1.00000000,1,0,0.025000000000000001,0.5
1415.2333,  1.00000000,1,0,0.0,0.5
1415.2667,  1.00000000,1,0,0.025000000000000001,0.5
1415.3000,  1.00000000,1,0,0.025000000000000001,0.5
1415.3333,  1.00000000,1,0,0.0,0.5
1415.3667,  1.00000000,1,0,0.025000000000000001,0.5
1415.4000,  1.00000000,1,0,0.025000000000000001,0.5
1415.4333,  1.00000000,1,0,0.025000000000000001,0.5
1415.4667,  1.00000000,1,0,0.025000000000000001,0.5
1415.5000,  1.00000000,1,0,0.025000000000000001,0.5
1415.5333,  1.00000000,1,0,0.0,0.5
1415.5667,  1.00000000,1,0,0.0,0.5
1415.6000,  1.00000000,1,0,0.0,0.5
1415.6333,  1.00000000,1,0,0.025000000000000001,0.5
1415.6667,  1.00000000,1,0,0.025000000000000001,0.5
1415.7000,  1.00000000,1,0,0.0,0.5
1415.7333,  1.00000000,1,0,0.0,0.5
1415.7667,  1.00000000,1,0,0.025000000000000001,0.5
1415.8000,  1.00000000,1,0,0.025000000000000001,0.5
1415.8333,  1.00000000,1,0,0.0,0.5
1415.8667,  1.00000000,1,0,0.0,0.5
1415.9000,  1.00000000,1,0,0.0,0.5
1415.9333,  1.00000000,1,0,0.0,0.5
1415.9667,  1.00000000,1,0,0.0,0.5
1416.0000,  1.00000000,1,0,0.050000000000000003,0.5
1416.0333,  1.00000000,1,0,0.025000000000000001,0.5
1416.0667,  1.00000000,1,0,0.0,0.5
1416.1000,  1.00000000,1,0,0.0,0.5
1416.1333,  1.00000000,1,0,0.0,0.5
1416.1667,  1.00000000,1,0,0.050000000000000003,0.5
1416.2000,  1.00000000,1,0,0.0,0.5
1416.2333,  1.00000000,1,0,0.025000000000000001,0.5
1416.2667,  1.00000000,1,0,0.050000000000000003,0.5
1416.3000,  1.00000000,1,0,0.0,0.5
1416.3333,  1.00000000,1,0,0.0,0.5
1416.3667,  1.00000000,1,0,0.0,0.5
1416.4000,  1.00000000,1,0,0.0,0.5
1416.4333,  1.00000000,1,0,0.0,0.5
1416.4667,  1.00000000,1,0,0.0,0.5
1416.5000,  1.00000000,1,0,0.0,0.5
1416.5333,  1.00000000,1,0,0.025000000000000001,0.5
1416.5667,  1.00000000,1,0,0.025000000000000001,0.5
1416.6000,  1.00000000,1,0,0.025000000000000001,0.5
1416.6333,  1.00000000,1,0,0.0,0.5
1416.6667,  1.00000000,1,0,0.0,0.5
1416.7000,  1.00000000,1,0,0.0,0.5
1416.7333,  1.00000000,1,0,0.0,0.5
1416.7667,  1.00000000,1,0,0.0,0.5
1416.8000,  1.00000000,1,0,0.0,0.5
1416.8333,  1.00000000,1,0,0.0,0.5
1416.8667,  1.00000000,1,0,0.025000000000000001,0.5
1416.9000,  1.00000000,1,0,0.0,0.5
1416.9333,  1.00000000,1,0,0.0,0.5
1416.9667,  1.00000000,1,0,0.0,0.5
1417.0000,  1.00000000,1,0,0.025000000000000001,0.5
1417.0333,  1.00000000,1,0,0.0,0.5
1417.0667,  1.00000000,1,0,0.0,0.5
1417.1000,  1.00000000,1,0,0.0,0.5
1417.1333,  1.00000000,1,0,0.0,0.5
1417.1667,  1.00000000,1,0,0.0,0.5
1417.2000,  1.00000000,1,0,0.0,0.5
1417.2333,  1.00000000,1,0,0.0,0.5
1417.2667,  1.00000000,1,0,0.0,0.5
1417.3000,  1.00000000,1,0,0.0,0.5
1417.3333,  1.00000000,1,0,0.025000000000000001,0.5
1417.3667,  1.00000000,1,0,0.0,0.5
1417.4000,  1.00000000,1,0,0.0,0.5
1417.4333,  1.00000000,1,0,0.0,0.5
1417.4667,  1.00000000,1,0,0.0,0.5
1417.5000,  1.00000000,1,0,0.0,0.5
1417.5333,  1.00000000,1,0,0.0,0.5
1417.5667,  1.00000000,1,0,0.0,0.5
1417.6000,  1.00000000,1,0,0.0,0.5
1417.6333,  1.00000000,1,0,0.050000000000000003,0.5
1417.6667,  1.00000000,1,0,0.0,0.5
1417.7000,  1.00000000,1,0,0.025000000000000001,0.5
1417.7333,  1.00000000,1,0,0.0,0.5
1417.7667,  1.00000000,1,0,0.0,0.5
1417.8000,  1.00000000,1,0,0.0,0.5
1417.8333,  1.00000000,1,0,0.025000000000000001,0.5
1417.8667,  1.00000000,1,0,0.0,0.5
1417.9000,  1.00000000,1,0,0.0,0.5
1417.9333,  1.00000000,1,0,0.0,0.5
1417.9667,  1.00000000,1,0,0.0,0.5
1418.0000,  1.00000000,1,0,0.0,0.5
1418.0333,  1.00000000,1,0,0.0,0.5
1418.0667,  1.00000000,1,0,0.0,0.5
1418.1000,  1.00000000,1,0,0.0,0.5
1418.1333,  1.00000000,1,0,0.0,0.5
1418.1667,  1.00000000,1,0,0.025000000000000001,0.5
1418.2000,  1.00000000,1,0,0.0,0.5
1418.2333,  1.00000000,1,0,0.0,0.5
1418.2667,  1.00000000,1,0,0.0,0.5
1418.3000,  1.00000000,1,0,0.0,0.5
1418.3333,  1.00000000,1,0,0.050000000000000003,0.5
1418.3667,  1.00000000,1,0,0.0,0.5
1418.4000,  1.00000000,1,0,0.025000000000000001,0.5
1418.4333,  1.00000000,1,0,0.025000000000000001,0.5
1418.4667,  1.00000000,1,0,0.0,0.5
1418.5000,  1.00000000,1,0,0.0,0.5
1418.5333,  1.00000000,1,0,0.0,0.5
1418.5667,  1.00000000,1,0,0.025000000000000001,0.5
1418.6000,  1.00000000,1,0,0.0,0.5
1418.6333,  1.00000000,1,0,0.025000000000000001,0.5
1418.6667,  1.00000000,1,0,0.0,0.5
1418.7000,  1.00000000,1,0,0.0,0.5
1418.7333,  1.00000000,1,0,0.025000000000000001,0.5
1418.7667,  1.00000000,1,0,0.025000000000000001,0.5
1418.8000,  1.00000000,1,0,0.025000000000000001,0.5
1418.8333,  1.00000000,1,0,0.0,0.5
1418.8667,  1.00000000,1,0,0.0,0.5
1418.9000,  1.00000000,1,0,0.0,0.5
1418.9333,  1.00000000,1,0,0.0,0.5
1418.9667,  1.00000000,1,0,0.0,0.5
1419.0000,  1.00000000,1,0,0.0,0.5
1419.0333,  1.00000000,1,0,0.0,0.5
1419.0667,  1.00000000,1,0,0.025000000000000001,0.5
1419.1000,  1.00000000,1,0,0.025000000000000001,0.5
1419.1333,  1.00000000,1,0,0.0,0.5
1419.1667,  1.00000000,1,0,0.0,0.5
1419.2000,  1.00000000,1,0,0.050000000000000003,0.5
1419.2333,  1.00000000,1,0,0.025000000000000001,0.5
1419.2667,  1.00000000,1,0,0.0,0.5
1419.3000,  1.00000000,1,0,0.0,0.5
1419.3333,  1.00000000,1,0,0.0,0.5
1419.3667,  1.00000000,1,0,0.0,0.5
1419.4000,  1.00000000,1,0,0.0,0.5
1419.4333,  1.00000000,1,0,0.0,0.5
1419.4667,  1.00000000,1,0,0.0,0.5
1419.5000,  1.00000000,1,0,0.0,0.5
1419.5333,  1.00000000,1,0,0.025000000000000001,0.5
1419.5667,  1.00000000,1,0,0.025000000000000001,0.5
1419.6000,  1.00000000,1,0,0.025000000000000001,0.5
1419.6333,  1.00000000,1,0,0.0,0.5
1419.6667,  1.00000000,1,0,0.0,0.5
1419.7000,  1.00000000,1,0,0.0,0.5
1419.7333,  1.00000000,1,0,0.0,0.5
1419.7667,  1.00000000,1,0,0.0,0.5
1419.8000,  1.00000000,1,0,0.025000000000000001,0.5
1419.8333,  1.00000000,1,0,0.0,0.5
1419.8667,  1.00000000,1,0,0.0,0.5
1419.9000,  1.00000000,1,0,0.0,0.5
1419.9333,  1.00000000,1,0,0.0,0.5
1419.9667,  1.00000000,1,0,0.074999999999999997,0.5
1420.0000,  1.00000000,1,0,0.025000000000000001,0.5
1420.0333,  1.00000000,1,0,0.0,0.5
1420.0667,  1.00000000,1,0,0.025000000000000001,0.5
1420.1000,  1.00000000,1,0,0.0,0.5
1420.1333,  1.00000000,1,0,0.025000000000000001,0.5
1420.1667,  1.00000000,1,0,0.0,0.5
1420.2000,  1.00000000,1,0,0.0,0.5
1420.2333,  1.00000000,1,0,0.0,0.5
1420.2667,  1.00000000,1,0,0.0,0.5
1420.3000,  1.00000000,1,0,0.025000000000000001,0.5
1420.3333,  1.00000000,1,0,0.0,0.5
1420.3667,  1.00000000,1,0,0.050000000000000003,0.5
1420.4000,  1.00000000,1,0,0.0,0.5
1420.4333,  1.00000000,1,0,0.0,0.5
1420.4667,  1.00000000,1,0,0.050000000000000003,0.5
1420.5000,  1.00000000,1,0,0.025000000000000001,0.5
1420.5333,  1.00000000,1,0,0.0,0.5
1420.5667,  1.00000000,1,0,0.0,0.5
1420.6000,  1.00000000,1,0,0.0,0.5
1420.6333,  1.00000000,1,0,0.0,0.5
1420.6667,  1.00000000,1,0,0.0,0.5
1420.7000,  1.00000000,1,0,0.050000000000000003,0.5
1420.7333,  1.00000000,1,0,0.025000000000000001,0.5
1420.7667,  1.00000000,1,0,0.0,0.5
1420.8000,  1.00000000,1,0,0.0,0.5
1420.8333,  1.00000000,1,0,0.0,0.5
1420.8667,  1.00000000,1,0,0.025000000000000001,0.5
1420.9000,  1.00000000,1,0,0.0,0.5
1420.9333,  1.00000000,1,0,0.0,0.5
1420.9667,  1.00000000,1,0,0.025000000000000001,0.5
1421.0000,  1.00000000,1,0,0.025000000000000001,0.5
1421.0333,  1.00000000,1,0,0.0,0.5
1421.0667,  1.00000000,1,0,0.0,0.5
1421.1000,  1.00000000,1,0,0.0,0.5
1421.1333,  1.00000000,1,0,0.025000000000000001,0.5
1421.1667,  1.00000000,1,0,0.0,0.5
1421.2000,  1.00000000,1,0,0.0,0.5
1421.2333,  1.00000000,1,0,0.0,0.5
1421.2667,  1.00000000,1,0,0.0,0.5
1421.3000,  1.00000000,1,0,0.0,0.5
1421.3333,  1.00000000,1,0,0.0,0.5
1421.3667,  1.00000000,1,0,0.0,0.5
1421.4000,  1.00000000,1,0,0.0,0.5
1421.4333,  1.00000000,1,0,0.0,0.5
1421.4667,  1.00000000,1,0,0.0,0.5
1421.5000,  1.00000000,1,0,0.0,0.5
1421.5333,  1.00000000,1,0,0.0,0.5
1421.5667,  1.00000000,1,0,0.0,0.5
1421.6000,  1.00000000,1,0,0.0,0.5
1421.6333,  1.00000000,1,0,0.0,0.5
1421.6667,  1.00000000,1,0,0.0,0.5
1421.7000,  1.00000000,1,0,0.0,0.5
1421.7333,  1.00000000,1,0,0.025000000000000001,0.5
1421.7667,  1.00000000,1,0,0.0,0.5
1421.8000,  1.00000000,1,0,0.0,0.5
1421.8333,  1.00000000,1,0,0.0,0.5
1421.8667,  1.00000000,1,0,0.0,0.5
1421.9000,  1.00000000,1,0,0.0,0.5
1421.9333,  1.00000000,1,0,0.0,0.5
1421.9667,  1.00000000,1,0,0.0,0.5
1422.0000,  1.00000000,1,0,0.0,0.5
1422.0333,  1.00000000,1,0,0.0,0.5
1422.0667,  1.00000000,1,0,0.0,0.5
1422.1000,  1.00000000,1,0,0.025000000000000001,0.5
1422.1333,  1.00000000,1,0,0.025000000000000001,0.5
1422.1667,  1.00000000,1,0,0.0,0.5
1422.2000,  1.00000000,1,0,0.0,0.5
1422.2333,  1.00000000,1,0,0.0,0.5
1422.2667,  1.00000000,1,0,0.0,0.5
1422.3000,  1.00000000,1,0,0.0,0.5
1422.3333,  1.00000000,1,0,0.0,0.5
1422.3667,  1.00000000,1,0,0.0,0.5
1422.4000,  1.00000000,1,0,0.0,0.5
1422.4333,  1.00000000,1,0,0.0,0.5
1422.4667,  1.00000000,1,0,0.0,0.5
1422.5000,  1.00000000,1,0,0.0,0.5
1422.5333,  1.00000000,1,0,0.0,0.5
1422.5667,  1.00000000,1,0,0.0,0.5
1422.6000,  1.00000000,1,0,0.0,0.5
1422.6333,  1.00000000,1,0,0.0,0.5
1422.6667,  1.00000000,1,0,0.050000000000000003,0.5
1422.7000,  1.00000000,1,0,0.0,0.5
1422.7333,  1.00000000,1,0,0.025000000000000001,0.5
1422.7667,  1.00000000,1,0,0.025000000000000001,0.5
1422.8000,  1.00000000,1,0,0.025000000000000001,0.5
1422.8333,  1.00000000,1,0,0.025000000000000001,0.5
1422.8667,  1.00000000,1,0,0.025000000000000001,0.5
1422.9000,  1.00000000,1,0,0.025000000000000001,0.5
1422.9333,  1.00000000,1,0,0.0,0.5
1422.9667,  1.00000000,1,0,0.0,0.5
1423.0000,  1.00000000,1,0,0.025000000000000001,0.5
1423.0333,  1.00000000,1,0,0.0,0.5
1423.0667,  1.00000000,1,0,0.0,0.5
1423.1000,  1.00000000,1,0,0.025000000000000001,0.5
1423.1333,  1.00000000,1,0,0.0,0.5
1423.1667,  1.00000000,1,0,0.025000000000000001,0.5
1423.2000,  1.00000000,1,0,0.025000000000000001,0.5
1423.2333,  1.00000000,1,0,0.025000000000000001,0.5
1423.2667,  1.00000000,1,0,0.0,0.5
1423.3000,  1.00000000,1,0,0.0,0.5
1423.3333,  1.00000000,1,0,0.0,0.5
1423.3667,  1.00000000,1,0,0.0,0.5
1423.4000,  1.00000000,1,0,0.0,0.5
1423.4333,  1.00000000,1,0,0.0,0.5
1423.4667,  1.00000000,1,0,0.025000000000000001,0.5
1423.5000,  1.00000000,1,0,0.025000000000000001,0.5
1423.5333,  1.00000000,1,0,0.025000000000000001,0.5
1423.5667,  1.00000000,1,0,0.0,0.5
1423.6000,  1.00000000,1,0,0.025000000000000001,0.5
1423.6333,  1.00000000,1,0,0.0,0.5
1423.6667,  1.00000000,1,0,0.025000000000000001,0.5
1423.7000,  1.00000000,1,0,0.0,0.5
1423.7333,  1.00000000,1,0,0.0,0.5
1423.7667,  1.00000000,1,0,0.0,0.5
1423.8000,  1.00000000,1,0,0.0,0.5
1423.8333,  1.00000000,1,0,0.0,0.5
1423.8667,  1.00000000,1,0,0.025000000000000001,0.5
1423.9000,  1.00000000,1,0,0.025000000000000001,0.5
1423.9333,  1.00000000,1,0,0.0,0.5
1423.9667,  1.00000000,1,0,0.0,0.5
1424.0000,  1.00000000,1,0,0.025000000000000001,0.5
1424.0333,  1.00000000,1,0,0.0,0.5
1424.0667,  1.00000000,1,0,0.025000000000000001,0.5
1424.1000,  1.00000000,1,0,0.0,0.5
1424.1333,  1.00000000,1,0,0.025000000000000001,0.5
1424.1667,  1.00000000,1,0,0.0,0.5
1424.2000,  1.00000000,1,0,0.025000000000000001,0.5
1424.2333,  1.00000000,1,0,0.0,0.5
1424.2667,  1.00000000,1,0,0.025000000000000001,0.5
1424.3000,  1.00000000,1,0,0.0,0.5
1424.3333,  1.00000000,1,0,0.025000000000000001,0.5
1424.3667,  1.00000000,1,0,0.0,0.5
1424.4000,  1.00000000,1,0,0.0,0.5
1424.4333,  1.00000000,1,0,0.025000000000000001,0.5
1424.4667,  1.00000000,1,0,0.0,0.5
1424.5000,  1.00000000,1,0,0.0,0.5
1424.5333,  1.00000000,1,0,0.0,0.5
1424.5667,  1.00000000,1,0,0.0,0.5
1424.6000,  1.00000000,1,0,0.0,0.5
1424.6333,  1.00000000,1,0,0.0,0.5
1424.6667,  1.00000000,1,0,0.0,0.5
1424.7000,  1.00000000,1,0,0.0,0.5
1424.7333,  1.00000000,1,0,0.0,0.5
1424.7667,  1.00000000,1,0,0.050000000000000003,0.5
1424.8000,  1.00000000,1,0,0.0,0.5
1424.8333,  1.00000000,1,0,0.025000000000000001,0.5
1424.8667,  1.00000000,1,0,0.0,0.5
1424.9000,  1.00000000,1,0,0.025000000000000001,0.5
1424.9333,  1.00000000,1,0,0.0,0.5
1424.9667,  1.00000000,1,0,0.025000000000000001,0.5
1425.0000,  1.00000000,1,0,0.0,0.5
1425.0333,  1.00000000,1,0,0.025000000000000001,0.5
1425.0667,  1.00000000,1,0,0.0,0.5
1425.1000,  1.00000000,1,0,0.0,0.5
1425.1333,  1.00000000,1,0,0.0,0.5
1425.1667,  1.00000000,1,0,0.0,0.5
1425.2000,  1.00000000,1,0,0.0,0.5
1425.2333,  1.00000000,1,0,0.0,0.5
1425.2667,  1.00000000,1,0,0.0,0.5
1425.3000,  1.00000000,1,0,0.0,0.5
1425.3333,  1.00000000,1,0,0.0,0.5
1425.3667,  1.00000000,1,0,0.025000000000000001,0.5
1425.4000,  1.00000000,1,0,0.025000000000000001,0.5
1425.4333,  1.00000000,1,0,0.0,0.5
1425.4667,  1.00000000,1,0,0.0,0.5
1425.5000,  1.00000000,1,0,0.0,0.5
1425.5333,  1.00000000,1,0,0.0,0.5
1425.5667,  1.00000000,1,0,0.025000000000000001,0.5
1425.6000,  1.00000000,1,0,0.0,0.5
1425.6333,  1.00000000,1,0,0.0,0.5
1425.6667,  1.00000000,1,0,0.0,0.5
1425.7000,  1.00000000,1,0,0.0,0.5
1425.7333,  1.00000000,1,0,0.0,0.5
1425.7667,  1.00000000,1,0,0.0,0.5
1425.8000,  1.00000000,1,0,0.025000000000000001,0.5
1425.8333,  1.00000000,1,0,0.0,0.5
1425.8667,  1.00000000,1,0,0.0,0.5
1425.9000,  1.00000000,1,0,0.0,0.5
1425.9333,  1.00000000,1,0,0.025000000000000001,0.5
1425.9667,  1.00000000,1,0,0.0,0.5
1426.0000,  1.00000000,1,0,0.025000000000000001,0.5
1426.0333,  1.00000000,1,0,0.0,0.5
1426.0667,  1.00000000,1,0,0.025000000000000001,0.5
1426.1000,  1.00000000,1,0,0.0,0.5
1426.1333,  1.00000000,1,0,0.0,0.5
1426.1667,  1.00000000,1,0,0.0,0.5
1426.2000,  1.00000000,1,0,0.0,0.5
1426.2333,  1.00000000,1,0,0.0,0.5
1426.2667,  1.00000000,1,0,0.025000000000000001,0.5
1426.3000,  1.00000000,1,0,0.025000000000000001,0.5
1426.3333,  1.00000000,1,0,0.0,0.5
1426.3667,  1.00000000,1,0,0.0,0.5
1426.4000,  1.00000000,1,0,0.0,0.5
1426.4333,  1.00000000,1,0,0.0,0.5
1426.4667,  1.00000000,1,0,0.0,0.5
1426.5000,  1.00000000,1,0,0.0,0.5
1426.5333,  1.00000000,1,0,0.0,0.5
1426.5667,  1.00000000,1,0,0.0,0.5
1426.6000,  1.00000000,1,0,0.0,0.5
1426.6333,  1.00000000,1,0,0.0,0.5
1426.6667,  1.00000000,1,0,0.0,0.5
1426.7000,  1.00000000,1,0,0.0,0.5
1426.7333,  1.00000000,1,0,0.025000000000000001,0.5
1426.7667,  1.00000000,1,0,0.0,0.5
1426.8000,  1.00000000,1,0,0.0,0.5
1426.8333,  1.00000000,1,0,0.0,0.5
1426.8667,  1.00000000,1,0,0.0,0.5
1426.9000,  1.00000000,1,0,0.0,0.5
1426.9333,  1.00000000,1,0,0.025000000000000001,0.5
1426.9667,  1.00000000,1,0,0.025000000000000001,0.5
1427.0000,  1.00000000,1,0,0.0,0.5
1427.0333,  1.00000000,1,0,0.050000000000000003,0.5
1427.0667,  1.00000000,1,0,0.0,0.5
1427.1000,  1.00000000,1,0,0.0,0.5
1427.1333,  1.00000000,1,0,0.0,0.5
1427.1667,  1.00000000,1,0,0.025000000000000001,0.5
1427.2000,  1.00000000,1,0,0.0,0.5
1427.2333,  1.00000000,1,0,0.0,0.5
1427.2667,  1.00000000,1,0,0.0,0.5
1427.3000,  1.00000000,1,0,0.0,0.5
1427.3333,  1.00000000,1,0,0.0,0.5
1427.3667,  1.00000000,1,0,0.0,0.5
1427.4000,  1.00000000,1,0,0.0,0.5
1427.4333,  1.00000000,1,0,0.025000000000000001,0.5
1427.4667,  1.00000000,1,0,0.0,0.5
1427.5000,  1.00000000,1,0,0.0,0.5
1427.5333,  1.00000000,1,0,0.0,0.5
1427.5667,  1.00000000,1,0,0.0,0.5
1427.6000,  1.00000000,1,0,0.0,0.5
1427.6333,  1.00000000,1,0,0.0,0.5
1427.6667,  1.00000000,1,0,0.0,0.5
1427.7000,  1.00000000,1,0,0.0,0.5
1427.7333,  1.00000000,1,0,0.0,0.5
1427.7667,  1.00000000,1,0,0.0,0.5
1427.8000,  1.00000000,1,0,0.025000000000000001,0.5
1427.8333,  1.00000000,1,0,0.0,0.5
1427.8667,  1.00000000,1,0,0.0,0.5
1427.9000,  1.00000000,1,0,0.0,0.5
1427.9333,  1.00000000,1,0,0.0,0.5
1427.9667,  1.00000000,1,0,0.0,0.5
1428.0000,  1.00000000,1,0,0.0,0.5
1428.0333,  1.00000000,1,0,0.0,0.5
1428.0667,  1.00000000,1,0,0.0,0.5
1428.1000,  1.00000000,1,0,0.0,0.5
1428.1333,  1.00000000,1,0,0.0,0.5
1428.1667,  1.00000000,1,0,0.0,0.5
1428.2000,  1.00000000,1,0,0.0,0.5
1428.2333,  1.00000000,1,0,0.025000000000000001,0.5
1428.2667,  1.00000000,1,0,0.0,0.5
1428.3000,  1.00000000,1,0,0.025000000000000001,0.5
1428.3333,  1.00000000,1,0,0.0,0.5
1428.3667,  1.00000000,1,0,0.0,0.5
1428.4000,  1.00000000,1,0,0.0,0.5
1428.4333,  1.00000000,1,0,0.025000000000000001,0.5
1428.4667,  1.00000000,1,0,0.025000000000000001,0.5
1428.5000,  1.00000000,1,0,0.050000000000000003,0.5
1428.5333,  1.00000000,1,0,0.0,0.5
1428.5667,  1.00000000,1,0,0.025000000000000001,0.5
1428.6000,  1.00000000,1,0,0.0,0.5
1428.6333,  1.00000000,1,0,0.0,0.5
1428.6667,  1.00000000,1,0,0.025000000000000001,0.5
1428.7000,  1.00000000,1,0,0.0,0.5
1428.7333,  1.00000000,1,0,0.025000000000000001,0.5
1428.7667,  1.00000000,1,0,0.0,0.5
1428.8000,  1.00000000,1,0,0.0,0.5
1428.8333,  1.00000000,1,0,0.0,0.5
1428.8667,  1.00000000,1,0,0.0,0.5
1428.9000,  1.00000000,1,0,0.025000000000000001,0.5
1428.9333,  1.00000000,1,0,0.025000000000000001,0.5
1428.9667,  1.00000000,1,0,0.0,0.5
1429.0000,  1.00000000,1,0,0.0,0.5
1429.0333,  1.00000000,1,0,0.0,0.5
1429.0667,  1.00000000,1,0,0.025000000000000001,0.5
1429.1000,  1.00000000,1,0,0.0,0.5
1429.1333,  1.00000000,1,0,0.0,0.5
1429.1667,  1.00000000,1,0,0.0,0.5
1429.2000,  1.00000000,1,0,0.0,0.5
1429.2333,  1.00000000,1,0,0.0,0.5
1429.2667,  1.00000000,1,0,0.0,0.5
1429.3000,  1.00000000,1,0,0.0,0.5
1429.3333,  1.00000000,1,0,0.025000000000000001,0.5
1429.3667,  1.00000000,1,0,0.0,0.5
1429.4000,  1.00000000,1,0,0.0,0.5
1429.4333,  1.00000000,1,0,0.0,0.5
1429.4667,  1.00000000,1,0,0.0,0.5
1429.5000,  1.00000000,1,0,0.0,0.5
1429.5333,  1.00000000,1,0,0.0,0.5
1429.5667,  1.00000000,1,0,0.0,0.5
1429.6000,  1.00000000,1,0,0.0,0.5
1429.6333,  1.00000000,1,0,0.0,0.5
1429.6667,  1.00000000,1,0,0.050000000000000003,0.5
1429.7000,  1.00000000,1,0,0.0,0.5
1429.7333,  1.00000000,1,0,0.0,0.5
1429.7667,  1.00000000,1,0,0.0,0.5
1429.8000,  1.00000000,1,0,0.0,0.5
1429.8333,  1.00000000,1,0,0.0,0.5
1429.8667,  1.00000000,1,0,0.0,0.5
1429.9000,  1.00000000,1,0,0.0,0.5
1429.9333,  1.00000000,1,0,0.0,0.5
1429.9667,  1.00000000,1,0,0.025000000000000001,0.5
1430.0000,  1.00000000,1,0,0.0,0.5
1430.0333,  1.00000000,1,0,0.0,0.5
1430.0667,  1.00000000,1,0,0.025000000000000001,0.5
1430.1000,  1.00000000,1,0,0.0,0.5
1430.1333,  1.00000000,1,0,0.025000000000000001,0.5
1430.1667,  1.00000000,1,0,0.0,0.5
1430.2000,  1.00000000,1,0,0.0,0.5
1430.2333,  1.00000000,1,0,0.0,0.5
1430.2667,  1.00000000,1,0,0.025000000000000001,0.5
1430.3000,  1.00000000,1,0,0.0,0.5
1430.3333,  1.00000000,1,0,0.0,0.5
1430.3667,  1.00000000,1,0,0.025000000000000001,0.5
1430.4000,  1.00000000,1,0,0.0,0.5
1430.4333,  1.00000000,1,0,0.0,0.5
1430.4667,  1.00000000,1,0,0.0,0.5
1430.5000,  1.00000000,1,0,0.0,0.5
1430.5333,  1.00000000,1,0,0.025000000000000001,0.5
1430.5667,  1.00000000,1,0,0.0,0.5
1430.6000,  1.00000000,1,0,0.0,0.5
1430.6333,  1.00000000,1,0,0.0,0.5
1430.6667,  1.00000000,1,0,0.0,0.5
1430.7000,  1.00000000,1,0,0.0,0.5
1430.7333,  1.00000000,1,0,0.0,0.5
1430.7667,  1.00000000,1,0,0.025000000000000001,0.5
1430.8000,  1.00000000,1,0,0.0,0.5
1430.8333,  1.00000000,1,0,0.0,0.5
1430.8667,  1.00000000,1,0,0.0,0.5
1430.9000,  1.00000000,1,0,0.0,0.5
1430.9333,  1.00000000,1,0,0.0,0.5
1430.9667,  1.00000000,1,0,0.025000000000000001,0.5
1431.0000,  1.00000000,1,0,0.0,0.5
1431.0333,  1.00000000,1,0,0.0,0.5
1431.0667,  1.00000000,1,0,0.0,0.5
1431.1000,  1.00000000,1,0,0.0,0.5
1431.1333,  1.00000000,1,0,0.050000000000000003,0.5
1431.1667,  1.00000000,1,0,0.025000000000000001,0.5
1431.2000,  1.00000000,1,0,0.0,0.5
1431.2333,  1.00000000,1,0,0.0,0.5
1431.2667,  1.00000000,1,0,0.025000000000000001,0.5
1431.3000,  1.00000000,1,0,0.0,0.5
1431.3333,  1.00000000,1,0,0.0,0.5
1431.3667,  1.00000000,1,0,0.0,0.5
1431.4000,  1.00000000,1,0,0.0,0.5
1431.4333,  1.00000000,1,0,0.0,0.5
1431.4667,  1.00000000,1,0,0.0,0.5
1431.5000,  1.00000000,1,0,0.0,0.5
1431.5333,  1.00000000,1,0,0.0,0.5
1431.5667,  1.00000000,1,0,0.0,0.5
1431.6000,  1.00000000,1,0,0.0,0.5
1431.6333,  1.00000000,1,0,0.0,0.5
1431.6667,  1.00000000,1,0,0.0,0.5
1431.7000,  1.00000000,1,0,0.0,0.5
1431.7333,  1.00000000,1,0,0.0,0.5
1431.7667,  1.00000000,1,0,0.0,0.5
1431.8000,  1.00000000,1,0,0.0,0.5
1431.8333,  1.00000000,1,0,0.0,0.5
1431.8667,  1.00000000,1,0,0.0,0.5
1431.9000,  1.00000000,1,0,0.0,0.5
1431.9333,  1.00000000,1,0,0.0,0.5
1431.9667,  1.00000000,1,0,0.0,0.5
1432.0000,  1.00000000,1,0,0.0,0.5
1432.0333,  1.00000000,1,0,0.0,0.5
1432.0667,  1.00000000,1,0,0.0,0.5
1432.1000,  1.00000000,1,0,0.0,0.5
1432.1333,  1.00000000,1,0,0.0,0.5
1432.1667,  1.00000000,1,0,0.0,0.5
1432.2000,  1.00000000,1,0,0.0,0.5
1432.2333,  1.00000000,1,0,0.0,0.5
1432.2667,  1.00000000,1,0,0.025000000000000001,0.5
1432.3000,  1.00000000,1,0,0.0,0.5
1432.3333,  1.00000000,1,0,0.0,0.5
1432.3667,  1.00000000,1,0,0.0,0.5
1432.4000,  1.00000000,1,0,0.0,0.5
1432.4333,  1.00000000,1,0,0.0,0.5
1432.4667,  1.00000000,1,0,0.0,0.5
1432.5000,  1.00000000,1,0,0.0,0.5
1432.5333,  1.00000000,1,0,0.0,0.5
1432.5667,  1.00000000,1,0,0.0,0.5
1432.6000,  1.00000000,1,0,0.025000000000000001,0.5
1432.6333,  1.00000000,1,0,0.0,0.5
1432.6667,  1.00000000,1,0,0.0,0.5
1432.7000,  1.00000000,1,0,0.0,0.5
1432.7333,  1.00000000,1,0,0.0,0.5
1432.7667,  1.00000000,1,0,0.0,0.5
1432.8000,  1.00000000,1,0,0.050000000000000003,0.5
1432.8333,  1.00000000,1,0,0.050000000000000003,0.5
1432.8667,  1.00000000,1,0,0.0,0.5
1432.9000,  1.00000000,1,0,0.0,0.5
1432.9333,  1.00000000,1,0,0.0,0.5
1432.9667,  1.00000000,1,0,0.0,0.5
1433.0000,  1.00000000,1,0,0.0,0.5
1433.0333,  1.00000000,1,0,0.025000000000000001,0.5
1433.0667,  1.00000000,1,0,0.0,0.5
1433.1000,  1.00000000,1,0,0.0,0.5
1433.1333,  1.00000000,1,0,0.0,0.5
1433.1667,  1.00000000,1,0,0.0,0.5
1433.2000,  1.00000000,1,0,0.025000000000000001,0.5
1433.2333,  1.00000000,1,0,0.0,0.5
1433.2667,  1.00000000,1,0,0.0,0.5
1433.3000,  1.00000000,1,0,0.0,0.5
1433.3333,  1.00000000,1,0,0.0,0.5
1433.3667,  1.00000000,1,0,0.025000000000000001,0.5
1433.4000,  1.00000000,1,0,0.0,0.5
1433.4333,  1.00000000,1,0,0.0,0.5
1433.4667,  1.00000000,1,0,0.0,0.5
1433.5000,  1.00000000,1,0,0.0,0.5
1433.5333,  1.00000000,1,0,0.0,0.5
1433.5667,  1.00000000,1,0,0.0,0.5
1433.6000,  1.00000000,1,0,0.0,0.5
1433.6333,  1.00000000,1,0,0.0,0.5
1433.6667,  1.00000000,1,0,0.0,0.5
1433.7000,  1.00000000,1,0,0.0,0.5
1433.7333,  1.00000000,1,0,0.0,0.5
1433.7667,  1.00000000,1,0,0.0,0.5
1433.8000,  1.00000000,1,0,0.0,0.5
1433.8333,  1.00000000,1,0,0.0,0.5
1433.8667,  1.00000000,1,0,0.0,0.5
1433.9000,  1.00000000,1,0,0.0,0.5
1433.9333,  1.00000000,1,0,0.0,0.5
1433.9667,  1.00000000,1,0,0.0,0.5
1434.0000,  1.00000000,1,0,0.0,0.5
1434.0333,  1.00000000,1,0,0.0,0.5
1434.0667,  1.00000000,1,0,0.0,0.5
1434.1000,  1.00000000,1,0,0.0,0.5
1434.1333,  1.00000000,1,0,0.0,0.5
1434.1667,  1.00000000,1,0,0.0,0.5
1434.2000,  1.00000000,1,0,0.0,0.5
1434.2333,  1.00000000,1,0,0.025000000000000001,0.5
1434.2667,  1.00000000,1,0,0.0,0.5
1434.3000,  1.00000000,1,0,0.025000000000000001,0.5
1434.3333,  1.00000000,1,0,0.0,0.5
1434.3667,  1.00000000,1,0,0.025000000000000001,0.5
1434.4000,  1.00000000,1,0,0.0,0.5
1434.4333,  1.00000000,1,0,0.025000000000000001,0.5
1434.4667,  1.00000000,1,0,0.0,0.5
1434.5000,  1.00000000,1,0,0.0,0.5
1434.5333,  1.00000000,1,0,0.0,0.5
1434.5667,  1.00000000,1,0,0.0,0.5
1434.6000,  1.00000000,1,0,0.050000000000000003,0.5
1434.6333,  1.00000000,1,0,0.0,0.5
1434.6667,  1.00000000,1,0,0.0,0.5
1434.7000,  1.00000000,1,0,0.0,0.5
1434.7333,  1.00000000,1,0,0.050000000000000003,0.5
1434.7667,  1.00000000,1,0,0.0,0.5
1434.8000,  1.00000000,1,0,0.025000000000000001,0.5
1434.8333,  1.00000000,1,0,0.0,0.5
1434.8667,  1.00000000,1,0,0.0,0.5
1434.9000,  1.00000000,1,0,0.025000000000000001,0.5
1434.9333,  1.00000000,1,0,0.0,0.5
1434.9667,  1.00000000,1,0,0.0,0.5
1435.0000,  1.00000000,1,0,0.0,0.5
1435.0333,  1.00000000,1,0,0.0,0.5
1435.0667,  1.00000000,1,0,0.0,0.5
1435.1000,  1.00000000,1,0,0.0,0.5
1435.1333,  1.00000000,1,0,0.0,0.5
1435.1667,  1.00000000,1,0,0.025000000000000001,0.5
1435.2000,  1.00000000,1,0,0.0,0.5
1435.2333,  1.00000000,1,0,0.0,0.5
1435.2667,  1.00000000,1,0,0.0,0.5
1435.3000,  1.00000000,1,0,0.0,0.5
1435.3333,  1.00000000,1,0,0.0,0.5
1435.3667,  1.00000000,1,0,0.0,0.5
1435.4000,  1.00000000,1,0,0.0,0.5
1435.4333,  1.00000000,1,0,0.0,0.5
1435.4667,  1.00000000,1,0,0.0,0.5
1435.5000,  1.00000000,1,0,0.0,0.5
1435.5333,  1.00000000,1,0,0.0,0.5
1435.5667,  1.00000000,1,0,0.0,0.5
1435.6000,  1.00000000,1,0,0.0,0.5
1435.6333,  1.00000000,1,0,0.0,0.5
1435.6667,  1.00000000,1,0,0.0,0.5
1435.7000,  1.00000000,1,0,0.0,0.5
1435.7333,  1.00000000,1,0,0.0,0.5
1435.7667,  1.00000000,1,0,0.025000000000000001,0.5
1435.8000,  1.00000000,1,0,0.0,0.5
1435.8333,  1.00000000,1,0,0.0,0.5
1435.8667,  1.00000000,1,0,0.0,0.5
1435.9000,  1.00000000,1,0,0.0,0.5
1435.9333,  1.00000000,1,0,0.0,0.5
1435.9667,  1.00000000,1,0,0.0,0.5
1436.0000,  1.00000000,1,0,0.0,0.5
1436.0333,  1.00000000,1,0,0.0,0.5
1436.0667,  1.00000000,1,0,0.050000000000000003,0.5
1436.1000,  1.00000000,1,0,0.0,0.5
1436.1333,  1.00000000,1,0,0.0,0.5
1436.1667,  1.00000000,1,0,0.0,0.5
1436.2000,  1.00000000,1,0,0.0,0.5
1436.2333,  1.00000000,1,0,0.025000000000000001,0.5
1436.2667,  1.00000000,1,0,0.0,0.5
1436.3000,  1.00000000,1,0,0.0,0.5
1436.3333,  1.00000000,1,0,0.025000000000000001,0.5
1436.3667,  1.00000000,1,0,0.025000000000000001,0.5
1436.4000,  1.00000000,1,0,0.025000000000000001,0.5
1436.4333,  1.00000000,1,0,0.0,0.5
1436.4667,  1.00000000,1,0,0.0,0.5
1436.5000,  1.00000000,1,0,0.0,0.5
1436.5333,  1.00000000,1,0,0.025000000000000001,0.5
1436.5667,  1.00000000,1,0,0.025000000000000001,0.5
1436.6000,  1.00000000,1,0,0.0,0.5
1436.6333,  1.00000000,1,0,0.0,0.5
1436.6667,  1.00000000,1,0,0.0,0.5
1436.7000,  1.00000000,1,0,0.025000000000000001,0.5
1436.7333,  1.00000000,1,0,0.0,0.5
1436.7667,  1.00000000,1,0,0.0,0.5
1436.8000,  1.00000000,1,0,0.025000000000000001,0.5
1436.8333,  1.00000000,1,0,0.0,0.5
1436.8667,  1.00000000,1,0,0.0,0.5
1436.9000,  1.00000000,1,0,0.0,0.5
1436.9333,  1.00000000,1,0,0.025000000000000001,0.5
1436.9667,  1.00000000,1,0,0.0,0.5
1437.0000,  1.00000000,1,0,0.0,0.5
1437.0333,  1.00000000,1,0,0.0,0.5
1437.0667,  1.00000000,1,0,0.0,0.5
1437.1000,  1.00000000,1,0,0.025000000000000001,0.5
1437.1333,  1.00000000,1,0,0.0,0.5
1437.1667,  1.00000000,1,0,0.0,0.5
1437.2000,  1.00000000,1,0,0.0,0.5
1437.2333,  1.00000000,1,0,0.0,0.5
1437.2667,  1.00000000,1,0,0.0,0.5
1437.3000,  1.00000000,1,0,0.0,0.5
1437.3333,  1.00000000,1,0,0.025000000000000001,0.5
1437.3667,  1.00000000,1,0,0.0,0.5
1437.4000,  1.00000000,1,0,0.0,0.5
1437.4333,  1.00000000,1,0,0.0,0.5
1437.4667,  1.00000000,1,0,0.0,0.5
1437.5000,  1.00000000,1,0,0.0,0.5
1437.5333,  1.00000000,1,0,0.0,0.5
1437.5667,  1.00000000,1,0,0.025000000000000001,0.5
1437.6000,  1.00000000,1,0,0.0,0.5
1437.6333,  1.00000000,1,0,0.0,0.5
1437.6667,  1.00000000,1,0,0.0,0.5
1437.7000,  1.00000000,1,0,0.0,0.5
1437.7333,  1.00000000,1,0,0.0,0.5
1437.7667,  1.00000000,1,0,0.025000000000000001,0.5
1437.8000,  1.00000000,1,0,0.0,0.5
1437.8333,  1.00000000,1,0,0.025000000000000001,0.5
1437.8667,  1.00000000,1,0,0.0,0.5
1437.9000,  1.00000000,1,0,0.050000000000000003,0.5
1437.9333,  1.00000000,1,0,0.025000000000000001,0.5
1437.9667,  1.00000000,1,0,0.025000000000000001,0.5
1438.0000,  1.00000000,1,0,0.0,0.5
1438.0333,  1.00000000,1,0,0.0,0.5
1438.0667,  1.00000000,1,0,0.0,0.5
1438.1000,  1.00000000,1,0,0.0,0.5
1438.1333,  1.00000000,1,0,0.025000000000000001,0.5
1438.1667,  1.00000000,1,0,0.025000000000000001,0.5
1438.2000,  1.00000000,1,0,0.025000000000000001,0.5
1438.2333,  1.00000000,1,0,0.025000000000000001,0.5
1438.2667,  1.00000000,1,0,0.0,0.5
1438.3000,  1.00000000,1,0,0.0,0.5
1438.3333,  1.00000000,1,0,0.0,0.5
1438.3667,  1.00000000,1,0,0.0,0.5
1438.4000,  1.00000000,1,0,0.050000000000000003,0.5
1438.4333,  1.00000000,1,0,0.0,0.5
1438.4667,  1.00000000,1,0,0.025000000000000001,0.5
1438.5000,  1.00000000,1,0,0.025000000000000001,0.5
1438.5333,  1.00000000,1,0,0.025000000000000001,0.5
1438.5667,  1.00000000,1,0,0.050000000000000003,0.5
1438.6000,  1.00000000,1,0,0.025000000000000001,0.5
1438.6333,  1.00000000,1,0,0.0,0.5
1438.6667,  1.00000000,1,0,0.0,0.5
1438.7000,  1.00000000,1,0,0.0,0.5
1438.7333,  1.00000000,1,0,0.0,0.5
1438.7667,  1.00000000,1,0,0.0,0.5
1438.8000,  1.00000000,1,0,0.0,0.5
1438.8333,  1.00000000,1,0,0.0,0.5
1438.8667,  1.00000000,1,0,0.0,0.5
1438.9000,  1.00000000,1,0,0.0,0.5
1438.9333,  1.00000000,1,0,0.0,0.5
1438.9667,  1.00000000,1,0,0.0,0.5
1439.0000,  1.00000000,1,0,0.0,0.5
1439.0333,  1.00000000,1,0,0.0,0.5
1439.0667,  1.00000000,1,0,0.0,0.5
1439.1000,  1.00000000,1,0,0.0,0.5
1439.1333,  1.00000000,1,0,0.0,0.5
1439.1667,  1.00000000,1,0,0.0,0.5
1439.2000,  1.00000000,1,0,0.025000000000000001,0.5
1439.2333,  1.00000000,1,0,0.0,0.5
1439.2667,  1.00000000,1,0,0.0,0.5
1439.3000,  1.00000000,1,0,0.0,0.5
1439.3333,  1.00000000,1,0,0.0,0.5
1439.3667,  1.00000000,1,0,0.025000000000000001,0.5
1439.4000,  1.00000000,1,0,0.025000000000000001,0.5
1439.4333,  1.00000000,1,0,0.025000000000000001,0.5
1439.4667,  1.00000000,1,0,0.0,0.5
1439.5000,  1.00000000,1,0,0.0,0.5
1439.5333,  1.00000000,1,0,0.025000000000000001,0.5
1439.5667,  1.00000000,1,0,0.050000000000000003,0.5
1439.6000,  1.00000000,1,0,0.0,0.5
1439.6333,  1.00000000,1,0,0.0,0.5
1439.6667,  1.00000000,1,0,0.0,0.5
1439.7000,  1.00000000,1,0,0.0,0.5
1439.7333,  1.00000000,1,0,0.0,0.5
1439.7667,  1.00000000,1,0,0.025000000000000001,0.5
1439.8000,  1.00000000,1,0,0.0,0.5
1439.8333,  1.00000000,1,0,0.0,0.5
1439.8667,  1.00000000,1,0,0.0,0.5
1439.9000,  1.00000000,1,0,0.0,0.5
1439.9333,  1.00000000,1,0,0.0,0.5
1439.9667,  1.00000000,1,0,0.0,0.5
1440.0000,  1.00000000,1,0,0.0,0.5
1440.0333,  1.00000000,1,0,0.0,0.5
1440.0667,  1.00000000,1,0,0.0,0.5
1440.1000,  1.00000000,1,0,0.025000000000000001,0.5
1440.1333,  1.00000000,1,0,0.0,0.5
1440.1667,  1.00000000,1,0,0.0,0.5
1440.2000,  1.00000000,1,0,0.025000000000000001,0.5
1440.2333,  1.00000000,1,0,0.0,0.5
1440.2667,  1.00000000,1,0,0.0,0.5
1440.3000,  1.00000000,1,0,0.0,0.5
1440.3333,  1.00000000,1,0,0.0,0.5
1440.3667,  1.00000000,1,0,0.025000000000000001,0.5
1440.4000,  1.00000000,1,0,0.0,0.5
1440.4333,  1.00000000,1,0,0.0,0.5
1440.4667,  1.00000000,1,0,0.025000000000000001,0.5
1440.5000,  1.00000000,1,0,0.0,0.5
1440.5333,  1.00000000,1,0,0.025000000000000001,0.5
1440.5667,  1.00000000,1,0,0.0,0.5
1440.6000,  1.00000000,1,0,0.0,0.5
1440.6333,  1.00000000,1,0,0.0,0.5
1440.6667,  1.00000000,1,0,0.0,0.5
1440.7000,  1.00000000,1,0,0.025000000000000001,0.5
1440.7333,  1.00000000,1,0,0.0,0.5
1440.7667,  1.00000000,1,0,0.025000000000000001,0.5
1440.8000,  1.00000000,1,0,0.0,0.5
1440.8333,  1.00000000,1,0,0.0,0.5
1440.8667,  1.00000000,1,0,0.025000000000000001,0.5
1440.9000,  1.00000000,1,0,0.0,0.5
1440.9333,  1.00000000,1,0,0.025000000000000001,0.5
1440.9667,  1.00000000,1,0,0.0,0.5
1441.0000,  1.00000000,1,0,0.0,0.5
1441.0333,  1.00000000,1,0,0.0,0.5
1441.0667,  1.00000000,1,0,0.0,0.5
1441.1000,  1.00000000,1,0,0.0,0.5
1441.1333,  1.00000000,1,0,0.0,0.5
1441.1667,  1.00000000,1,0,0.0,0.5
1441.2000,  1.00000000,1,0,0.0,0.5
1441.2333,  1.00000000,1,0,0.0,0.5
1441.2667,  1.00000000,1,0,0.050000000000000003,0.5
1441.3000,  1.00000000,1,0,0.0,0.5
1441.3333,  1.00000000,1,0,0.025000000000000001,0.5
1441.3667,  1.00000000,1,0,0.0,0.5
1441.4000,  1.00000000,1,0,0.0,0.5
1441.4333,  1.00000000,1,0,0.0,0.5
1441.4667,  1.00000000,1,0,0.0,0.5
1441.5000,  1.00000000,1,0,0.025000000000000001,0.5
1441.5333,  1.00000000,1,0,0.025000000000000001,0.5
1441.5667,  1.00000000,1,0,0.0,0.5
1441.6000,  1.00000000,1,0,0.0,0.5
1441.6333,  1.00000000,1,0,0.0,0.5
1441.6667,  1.00000000,1,0,0.0,0.5
1441.7000,  1.00000000,1,0,0.0,0.5
1441.7333,  1.00000000,1,0,0.0,0.5
1441.7667,  1.00000000,1,0,0.0,0.5
1441.8000,  1.00000000,1,0,0.0,0.5
1441.8333,  1.00000000,1,0,0.0,0.5
1441.8667,  1.00000000,1,0,0.0,0.5
1441.9000,  1.00000000,1,0,0.025000000000000001,0.5
1441.9333,  1.00000000,1,0,0.025000000000000001,0.5
1441.9667,  1.00000000,1,0,0.0,0.5
1442.0000,  1.00000000,1,0,0.0,0.5
1442.0333,  1.00000000,1,0,0.025000000000000001,0.5
1442.0667,  1.00000000,1,0,0.0,0.5
1442.1000,  1.00000000,1,0,0.0,0.5
1442.1333,  1.00000000,1,0,0.0,0.5
1442.1667,  1.00000000,1,0,0.0,0.5
1442.2000,  1.00000000,1,0,0.0,0.5
1442.2333,  1.00000000,1,0,0.025000000000000001,0.5
1442.2667,  1.00000000,1,0,0.025000000000000001,0.5
1442.3000,  1.00000000,1,0,0.0,0.5
1442.3333,  1.00000000,1,0,0.0,0.5
1442.3667,  1.00000000,1,0,0.025000000000000001,0.5
1442.4000,  1.00000000,1,0,0.025000000000000001,0.5
1442.4333,  1.00000000,1,0,0.0,0.5
1442.4667,  1.00000000,1,0,0.025000000000000001,0.5
1442.5000,  1.00000000,1,0,0.0,0.5
1442.5333,  1.00000000,1,0,0.0,0.5
1442.5667,  1.00000000,1,0,0.0,0.5
1442.6000,  1.00000000,1,0,0.0,0.5
1442.6333,  1.00000000,1,0,0.0,0.5
1442.6667,  1.00000000,1,0,0.0,0.5
1442.7000,  1.00000000,1,0,0.0,0.5
1442.7333,  1.00000000,1,0,0.025000000000000001,0.5
1442.7667,  1.00000000,1,0,0.0,0.5
1442.8000,  1.00000000,1,0,0.025000000000000001,0.5
1442.8333,  1.00000000,1,0,0.0,0.5
1442.8667,  1.00000000,1,0,0.0,0.5
1442.9000,  1.00000000,1,0,0.0,0.5
1442.9333,  1.00000000,1,0,0.0,0.5
1442.9667,  1.00000000,1,0,0.0,0.5
1443.0000,  1.00000000,1,0,0.0,0.5
1443.0333,  1.00000000,1,0,0.0,0.5
1443.0667,  1.00000000,1,0,0.0,0.5
1443.1000,  1.00000000,1,0,0.0,0.5
1443.1333,  1.00000000,1,0,0.0,0.5
1443.1667,  1.00000000,1,0,0.0,0.5
1443.2000,  1.00000000,1,0,0.0,0.5
1443.2333,  1.00000000,1,0,0.0,0.5
1443.2667,  1.00000000,1,0,0.025000000000000001,0.5
1443.3000,  1.00000000,1,0,0.0,0.5
1443.3333,  1.00000000,1,0,0.0,0.5
1443.3667,  1.00000000,1,0,0.0,0.5
1443.4000,  1.00000000,1,0,0.0,0.5
1443.4333,  1.00000000,1,0,0.0,0.5
1443.4667,  1.00000000,1,0,0.0,0.5
1443.5000,  1.00000000,1,0,0.0,0.5
1443.5333,  1.00000000,1,0,0.0,0.5
1443.5667,  1.00000000,1,0,0.0,0.5
1443.6000,  1.00000000,1,0,0.0,0.5
1443.6333,  1.00000000,1,0,0.0,0.5
1443.6667,  1.00000000,1,0,0.0,0.5
1443.7000,  1.00000000,1,0,0.025000000000000001,0.5
1443.7333,  1.00000000,1,0,0.025000000000000001,0.5
1443.7667,  1.00000000,1,0,0.050000000000000003,0.5
1443.8000,  1.00000000,1,0,0.0,0.5
1443.8333,  1.00000000,1,0,0.025000000000000001,0.5
1443.8667,  1.00000000,1,0,0.0,0.5
1443.9000,  1.00000000,1,0,0.025000000000000001,0.5
1443.9333,  1.00000000,1,0,0.025000000000000001,0.5
1443.9667,  1.00000000,1,0,0.025000000000000001,0.5
1444.0000,  1.00000000,1,0,0.050000000000000003,0.5
1444.0333,  1.00000000,1,0,0.025000000000000001,0.5
1444.0667,  1.00000000,1,0,0.0,0.5
1444.1000,  1.00000000,1,0,0.025000000000000001,0.5
1444.1333,  1.00000000,1,0,0.0,0.5
1444.1667,  1.00000000,1,0,0.025000000000000001,0.5
1444.2000,  1.00000000,1,0,0.0,0.5
1444.2333,  1.00000000,1,0,0.025000000000000001,0.5
1444.2667,  1.00000000,1,0,0.050000000000000003,0.5
1444.3000,  1.00000000,1,0,0.0,0.5
1444.3333,  1.00000000,1,0,0.025000000000000001,0.5
1444.3667,  1.00000000,1,0,0.025000000000000001,0.5
1444.4000,  1.00000000,1,0,0.0,0.5
1444.4333,  1.00000000,1,0,0.0,0.5
1444.4667,  1.00000000,1,0,0.025000000000000001,0.5
1444.5000,  1.00000000,1,0,0.0,0.5
1444.5333,  1.00000000,1,0,0.0,0.5
1444.5667,  1.00000000,1,0,0.025000000000000001,0.5
1444.6000,  1.00000000,1,0,0.025000000000000001,0.5
1444.6333,  1.00000000,1,0,0.0,0.5
1444.6667,  1.00000000,1,0,0.0,0.5
1444.7000,  1.00000000,1,0,0.025000000000000001,0.5
1444.7333,  1.00000000,1,0,0.0,0.5
1444.7667,  1.00000000,1,0,0.0,0.5
1444.8000,  1.00000000,1,0,0.0,0.5
1444.8333,  1.00000000,1,0,0.0,0.5
1444.8667,  1.00000000,1,0,0.0,0.5
1444.9000,  1.00000000,1,0,0.0,0.5
1444.9333,  1.00000000,1,0,0.025000000000000001,0.5
1444.9667,  1.00000000,1,0,0.0,0.5
1445.0000,  1.00000000,1,0,0.025000000000000001,0.5
1445.0333,  1.00000000,1,0,0.0,0.5
1445.0667,  1.00000000,1,0,0.025000000000000001,0.5
1445.1000,  1.00000000,1,0,0.0,0.5
1445.1333,  1.00000000,1,0,0.025000000000000001,0.5
1445.1667,  1.00000000,1,0,0.0,0.5
1445.2000,  1.00000000,1,0,0.0,0.5
1445.2333,  1.00000000,1,0,0.0,0.5
1445.2667,  1.00000000,1,0,0.0,0.5
1445.3000,  1.00000000,1,0,0.0,0.5
1445.3333,  1.00000000,1,0,0.025000000000000001,0.5
1445.3667,  1.00000000,1,0,0.025000000000000001,0.5
1445.4000,  1.00000000,1,0,0.0,0.5
1445.4333,  1.00000000,1,0,0.0,0.5
1445.4667,  1.00000000,1,0,0.0,0.5
1445.5000,  1.00000000,1,0,0.025000000000000001,0.5
1445.5333,  1.00000000,1,0,0.0,0.5
1445.5667,  1.00000000,1,0,0.025000000000000001,0.5
1445.6000,  1.00000000,1,0,0.0,0.5
1445.6333,  1.00000000,1,0,0.0,0.5
1445.6667,  1.00000000,1,0,0.025000000000000001,0.5
1445.7000,  1.00000000,1,0,0.025000000000000001,0.5
1445.7333,  1.00000000,1,0,0.025000000000000001,0.5
1445.7667,  1.00000000,1,0,0.0,0.5
1445.8000,  1.00000000,1,0,0.025000000000000001,0.5
1445.8333,  1.00000000,1,0,0.050000000000000003,0.5
1445.8667,  1.00000000,1,0,0.025000000000000001,0.5
1445.9000,  1.00000000,1,0,0.025000000000000001,0.5
1445.9333,  1.00000000,1,0,0.0,0.5
1445.9667,  1.00000000,1,0,0.0,0.5
1446.0000,  1.00000000,1,0,0.0,0.5
1446.0333,  1.00000000,1,0,0.0,0.5
1446.0667,  1.00000000,1,0,0.0,0.5
1446.1000,  1.00000000,1,0,0.0,0.5
1446.1333,  1.00000000,1,0,0.0,0.5
1446.1667,  1.00000000,1,0,0.0,0.5
1446.2000,  1.00000000,1,0,0.0,0.5
1446.2333,  1.00000000,1,0,0.0,0.5
1446.2667,  1.00000000,1,0,0.0,0.5
1446.3000,  1.00000000,1,0,0.025000000000000001,0.5
1446.3333,  1.00000000,1,0,0.0,0.5
1446.3667,  1.00000000,1,0,0.025000000000000001,0.5
1446.4000,  1.00000000,1,0,0.0,0.5
1446.4333,  1.00000000,1,0,0.0,0.5
1446.4667,  1.00000000,1,0,0.0,0.5
1446.5000,  1.00000000,1,0,0.050000000000000003,0.5
1446.5333,  1.00000000,1,0,0.025000000000000001,0.5
1446.5667,  1.00000000,1,0,0.025000000000000001,0.5
1446.6000,  1.00000000,1,0,0.025000000000000001,0.5
1446.6333,  1.00000000,1,0,0.025000000000000001,0.5
1446.6667,  1.00000000,1,0,0.050000000000000003,0.5
1446.7000,  1.00000000,1,0,0.025000000000000001,0.5
1446.7333,  1.00000000,1,0,0.0,0.5
1446.7667,  1.00000000,1,0,0.0,0.5
1446.8000,  1.00000000,1,0,0.0,0.5
1446.8333,  1.00000000,1,0,0.0,0.5
1446.8667,  1.00000000,1,0,0.0,0.5
1446.9000,  1.00000000,1,0,0.0,0.5
1446.9333,  1.00000000,1,0,0.0,0.5
1446.9667,  1.00000000,1,0,0.0,0.5
1447.0000,  1.00000000,1,0,0.0,0.5
1447.0333,  1.00000000,1,0,0.0,0.5
1447.0667,  1.00000000,1,0,0.025000000000000001,0.5
1447.1000,  1.00000000,1,0,0.0,0.5
1447.1333,  1.00000000,1,0,0.0,0.5
1447.1667,  1.00000000,1,0,0.0,0.5
1447.2000,  1.00000000,1,0,0.025000000000000001,0.5
1447.2333,  1.00000000,1,0,0.0,0.5
1447.2667,  1.00000000,1,0,0.0,0.5
1447.3000,  1.00000000,1,0,0.0,0.5
1447.3333,  1.00000000,1,0,0.025000000000000001,0.5
1447.3667,  1.00000000,1,0,0.0,0.5
1447.4000,  1.00000000,1,0,0.0,0.5
1447.4333,  1.00000000,1,0,0.0,0.5
1447.4667,  1.00000000,1,0,0.0,0.5
1447.5000,  1.00000000,1,0,0.0,0.5
1447.5333,  1.00000000,1,0,0.0,0.5
1447.5667,  1.00000000,1,0,0.0,0.5
1447.6000,  1.00000000,1,0,0.0,0.5
1447.6333,  1.00000000,1,0,0.0,0.5
1447.6667,  1.00000000,1,0,0.0,0.5
1447.7000,  1.00000000,1,0,0.025000000000000001,0.5
1447.7333,  1.00000000,1,0,0.0,0.5
1447.7667,  1.00000000,1,0,0.025000000000000001,0.5
1447.8000,  1.00000000,1,0,0.0,0.5
1447.8333,  1.00000000,1,0,0.0,0.5
1447.8667,  1.00000000,1,0,0.0,0.5
1447.9000,  1.00000000,1,0,0.0,0.5
1447.9333,  1.00000000,1,0,0.025000000000000001,0.5
1447.9667,  1.00000000,1,0,0.0,0.5
1448.0000,  1.00000000,1,0,0.025000000000000001,0.5
1448.0333,  1.00000000,1,0,0.0,0.5
1448.0667,  1.00000000,1,0,0.0,0.5
1448.1000,  1.00000000,1,0,0.0,0.5
1448.1333,  1.00000000,1,0,0.0,0.5
1448.1667,  1.00000000,1,0,0.0,0.5
1448.2000,  1.00000000,1,0,0.0,0.5
1448.2333,  1.00000000,1,0,0.0,0.5
1448.2667,  1.00000000,1,0,0.0,0.5
1448.3000,  1.00000000,1,0,0.0,0.5
1448.3333,  1.00000000,1,0,0.0,0.5
1448.3667,  1.00000000,1,0,0.0,0.5
1448.4000,  1.00000000,1,0,0.025000000000000001,0.5
1448.4333,  1.00000000,1,0,0.025000000000000001,0.5
1448.4667,  1.00000000,1,0,0.025000000000000001,0.5
1448.5000,  1.00000000,1,0,0.0,0.5
1448.5333,  1.00000000,1,0,0.0,0.5
1448.5667,  1.00000000,1,0,0.025000000000000001,0.5
1448.6000,  1.00000000,1,0,0.0,0.5
1448.6333,  1.00000000,1,0,0.025000000000000001,0.5
1448.6667,  1.00000000,1,0,0.0,0.5
1448.7000,  1.00000000,1,0,0.0,0.5
1448.7333,  1.00000000,1,0,0.025000000000000001,0.5
1448.7667,  1.00000000,1,0,0.0,0.5
1448.8000,  1.00000000,1,0,0.0,0.5
1448.8333,  1.00000000,1,0,0.0,0.5
1448.8667,  1.00000000,1,0,0.0,0.5
1448.9000,  1.00000000,1,0,0.0,0.5
1448.9333,  1.00000000,1,0,0.0,0.5
1448.9667,  1.00000000,1,0,0.0,0.5
1449.0000,  1.00000000,1,0,0.025000000000000001,0.5
1449.0333,  1.00000000,1,0,0.0,0.5
1449.0667,  1.00000000,1,0,0.0,0.5
1449.1000,  1.00000000,1,0,0.0,0.5
1449.1333,  1.00000000,1,0,0.0,0.5
1449.1667,  1.00000000,1,0,0.0,0.5
1449.2000,  1.00000000,1,0,0.0,0.5
1449.2333,  1.00000000,1,0,0.0,0.5
1449.2667,  1.00000000,1,0,0.0,0.5
1449.3000,  1.00000000,1,0,0.0,0.5
1449.3333,  1.00000000,1,0,0.0,0.5
1449.3667,  1.00000000,1,0,0.025000000000000001,0.5
1449.4000,  1.00000000,1,0,0.0,0.5
1449.4333,  1.00000000,1,0,0.0,0.5
1449.4667,  1.00000000,1,0,0.0,0.5
1449.5000,  1.00000000,1,0,0.0,0.5
1449.5333,  1.00000000,1,0,0.025000000000000001,0.5
1449.5667,  1.00000000,1,0,0.0,0.5
1449.6000,  1.00000000,1,0,0.0,0.5
1449.6333,  1.00000000,1,0,0.025000000000000001,0.5
1449.6667,  1.00000000,1,0,0.0,0.5
1449.7000,  1.00000000,1,0,0.0,0.5
1449.7333,  1.00000000,1,0,0.025000000000000001,0.5
1449.7667,  1.00000000,1,0,0.025000000000000001,0.5
1449.8000,  1.00000000,1,0,0.0,0.5
1449.8333,  1.00000000,1,0,0.0,0.5
1449.8667,  1.00000000,1,0,0.0,0.5
1449.9000,  1.00000000,1,0,0.0,0.5
1449.9333,  1.00000000,1,0,0.0,0.5
1449.9667,  1.00000000,1,0,0.0,0.5
1450.0000,  1.00000000,1,0,0.025000000000000001,0.5
1450.0333,  1.00000000,1,0,0.025000000000000001,0.5
1450.0667,  1.00000000,1,0,0.0,0.5
1450.1000,  1.00000000,1,0,0.0,0.5
1450.1333,  1.00000000,1,0,0.025000000000000001,0.5
1450.1667,  1.00000000,1,0,0.0,0.5
1450.2000,  1.00000000,1,0,0.0,0.5
1450.2333,  1.00000000,1,0,0.0,0.5
1450.2667,  1.00000000,1,0,0.0,0.5
1450.3000,  1.00000000,1,0,0.0,0.5
1450.3333,  1.00000000,1,0,0.0,0.5
1450.3667,  1.00000000,1,0,0.0,0.5
1450.4000,  1.00000000,1,0,0.0,0.5
1450.4333,  1.00000000,1,0,0.050000000000000003,0.5
1450.4667,  1.00000000,1,0,0.050000000000000003,0.5
1450.5000,  1.00000000,1,0,0.0,0.5
1450.5333,  1.00000000,1,0,0.0,0.5
1450.5667,  1.00000000,1,0,0.0,0.5
1450.6000,  1.00000000,1,0,0.0,0.5
1450.6333,  1.00000000,1,0,0.0,0.5
1450.6667,  1.00000000,1,0,0.0,0.5
1450.7000,  1.00000000,1,0,0.050000000000000003,0.5
1450.7333,  1.00000000,1,0,0.0,0.5
1450.7667,  1.00000000,1,0,0.0,0.5
1450.8000,  1.00000000,1,0,0.0,0.5
1450.8333,  1.00000000,1,0,0.0,0.5
1450.8667,  1.00000000,1,0,0.0,0.5
1450.9000,  1.00000000,1,0,0.0,0.5
1450.9333,  1.00000000,1,0,0.0,0.5
1450.9667,  1.00000000,1,0,0.0,0.5
1451.0000,  1.00000000,1,0,0.0,0.5
1451.0333,  1.00000000,1,0,0.0,0.5
1451.0667,  1.00000000,1,0,0.0,0.5
1451.1000,  1.00000000,1,0,0.0,0.5
1451.1333,  1.00000000,1,0,0.0,0.5
1451.1667,  1.00000000,1,0,0.0,0.5
1451.2000,  1.00000000,1,0,0.0,0.5
1451.2333,  1.00000000,1,0,0.0,0.5
1451.2667,  1.00000000,1,0,0.0,0.5
1451.3000,  1.00000000,1,0,0.0,0.5
1451.3333,  1.00000000,1,0,0.0,0.5
1451.3667,  1.00000000,1,0,0.0,0.5
1451.4000,  1.00000000,1,0,0.0,0.5
1451.4333,  1.00000000,1,0,0.0,0.5
1451.4667,  1.00000000,1,0,0.025000000000000001,0.5
1451.5000,  1.00000000,1,0,0.025000000000000001,0.5
1451.5333,  1.00000000,1,0,0.0,0.5
1451.5667,  1.00000000,1,0,0.0,0.5
1451.6000,  1.00000000,1,0,0.0,0.5
1451.6333,  1.00000000,1,0,0.0,0.5
1451.6667,  1.00000000,1,0,0.0,0.5
1451.7000,  1.00000000,1,0,0.0,0.5
1451.7333,  1.00000000,1,0,0.0,0.5
1451.7667,  1.00000000,1,0,0.0,0.5
1451.8000,  1.00000000,1,0,0.0,0.5
1451.8333,  1.00000000,1,0,0.0,0.5
1451.8667,  1.00000000,1,0,0.0,0.5
1451.9000,  1.00000000,1,0,0.0,0.5
1451.9333,  1.00000000,1,0,0.025000000000000001,0.5
1451.9667,  1.00000000,1,0,0.025000000000000001,0.5
1452.0000,  1.00000000,1,0,0.0,0.5
1452.0333,  1.00000000,1,0,0.0,0.5
1452.0667,  1.00000000,1,0,0.0,0.5
1452.1000,  1.00000000,1,0,0.0,0.5
1452.1333,  1.00000000,1,0,0.025000000000000001,0.5
1452.1667,  1.00000000,1,0,0.0,0.5
1452.2000,  1.00000000,1,0,0.0,0.5
1452.2333,  1.00000000,1,0,0.0,0.5
1452.2667,  1.00000000,1,0,0.025000000000000001,0.5
1452.3000,  1.00000000,1,0,0.0,0.5
1452.3333,  1.00000000,1,0,0.025000000000000001,0.5
1452.3667,  1.00000000,1,0,0.0,0.5
1452.4000,  1.00000000,1,0,0.0,0.5
1452.4333,  1.00000000,1,0,0.025000000000000001,0.5
1452.4667,  1.00000000,1,0,0.025000000000000001,0.5
1452.5000,  1.00000000,1,0,0.0,0.5
1452.5333,  1.00000000,1,0,0.0,0.5
1452.5667,  1.00000000,1,0,0.0,0.5
1452.6000,  1.00000000,1,0,0.0,0.5
1452.6333,  1.00000000,1,0,0.0,0.5
1452.6667,  1.00000000,1,0,0.050000000000000003,0.5
1452.7000,  1.00000000,1,0,0.025000000000000001,0.5
1452.7333,  1.00000000,1,0,0.050000000000000003,0.5
1452.7667,  1.00000000,1,0,0.0,0.5
1452.8000,  1.00000000,1,0,0.025000000000000001,0.5
1452.8333,  1.00000000,1,0,0.025000000000000001,0.5
1452.8667,  1.00000000,1,0,0.0,0.5
1452.9000,  1.00000000,1,0,0.0,0.5
1452.9333,  1.00000000,1,0,0.025000000000000001,0.5
1452.9667,  1.00000000,1,0,0.0,0.5
1453.0000,  1.00000000,1,0,0.0,0.5
1453.0333,  1.00000000,1,0,0.0,0.5
1453.0667,  1.00000000,1,0,0.0,0.5
1453.1000,  1.00000000,1,0,0.0,0.5
1453.1333,  1.00000000,1,0,0.0,0.5
1453.1667,  1.00000000,1,0,0.0,0.5
1453.2000,  1.00000000,1,0,0.0,0.5
1453.2333,  1.00000000,1,0,0.0,0.5
1453.2667,  1.00000000,1,0,0.050000000000000003,0.5
1453.3000,  1.00000000,1,0,0.0,0.5
1453.3333,  1.00000000,1,0,0.025000000000000001,0.5
1453.3667,  1.00000000,1,0,0.0,0.5
1453.4000,  1.00000000,1,0,0.0,0.5
1453.4333,  1.00000000,1,0,0.025000000000000001,0.5
1453.4667,  1.00000000,1,0,0.0,0.5
1453.5000,  1.00000000,1,0,0.025000000000000001,0.5
1453.5333,  1.00000000,1,0,0.0,0.5
1453.5667,  1.00000000,1,0,0.025000000000000001,0.5
1453.6000,  1.00000000,1,0,0.0,0.5
1453.6333,  1.00000000,1,0,0.0,0.5
1453.6667,  1.00000000,1,0,0.0,0.5
1453.7000,  1.00000000,1,0,0.0,0.5
1453.7333,  1.00000000,1,0,0.0,0.5
1453.7667,  1.00000000,1,0,0.0,0.5
1453.8000,  1.00000000,1,0,0.0,0.5
1453.8333,  1.00000000,1,0,0.0,0.5
1453.8667,  1.00000000,1,0,0.0,0.5
1453.9000,  1.00000000,1,0,0.0,0.5
1453.9333,  1.00000000,1,0,0.0,0.5
1453.9667,  1.00000000,1,0,0.0,0.5
1454.0000,  1.00000000,1,0,0.0,0.5
1454.0333,  1.00000000,1,0,0.0,0.5
1454.0667,  1.00000000,1,0,0.0,0.5
1454.1000,  1.00000000,1,0,0.0,0.5
1454.1333,  1.00000000,1,0,0.0,0.5
1454.1667,  1.00000000,1,0,0.0,0.5
1454.2000,  1.00000000,1,0,0.0,0.5
1454.2333,  1.00000000,1,0,0.0,0.5
1454.2667,  1.00000000,1,0,0.0,0.5
1454.3000,  1.00000000,1,0,0.0,0.5
1454.3333,  1.00000000,1,0,0.0,0.5
1454.3667,  1.00000000,1,0,0.0,0.5
1454.4000,  1.00000000,1,0,0.0,0.5
1454.4333,  1.00000000,1,0,0.0,0.5
1454.4667,  1.00000000,1,0,0.025000000000000001,0.5
1454.5000,  1.00000000,1,0,0.0,0.5
1454.5333,  1.00000000,1,0,0.0,0.5
1454.5667,  1.00000000,1,0,0.0,0.5
1454.6000,  1.00000000,1,0,0.0,0.5
1454.6333,  1.00000000,1,0,0.0,0.5
1454.6667,  1.00000000,1,0,0.0,0.5
1454.7000,  1.00000000,1,0,0.0,0.5
1454.7333,  1.00000000,1,0,0.025000000000000001,0.5
1454.7667,  1.00000000,1,0,0.025000000000000001,0.5
1454.8000,  1.00000000,1,0,0.0,0.5
1454.8333,  1.00000000,1,0,0.0,0.5
1454.8667,  1.00000000,1,0,0.0,0.5
1454.9000,  1.00000000,1,0,0.025000000000000001,0.5
1454.9333,  1.00000000,1,0,0.0,0.5
1454.9667,  1.00000000,1,0,0.0,0.5
1455.0000,  1.00000000,1,0,0.025000000000000001,0.5
1455.0333,  1.00000000,1,0,0.025000000000000001,0.5
1455.0667,  1.00000000,1,0,0.0,0.5
1455.1000,  1.00000000,1,0,0.0,0.5
1455.1333,  1.00000000,1,0,0.0,0.5
1455.1667,  1.00000000,1,0,0.025000000000000001,0.5
1455.2000,  1.00000000,1,0,0.025000000000000001,0.5
1455.2333,  1.00000000,1,0,0.025000000000000001,0.5
1455.2667,  1.00000000,1,0,0.0,0.5
1455.3000,  1.00000000,1,0,0.0,0.5
1455.3333,  1.00000000,1,0,0.0,0.5
1455.3667,  1.00000000,1,0,0.0,0.5
1455.4000,  1.00000000,1,0,0.0,0.5
1455.4333,  1.00000000,1,0,0.0,0.5
1455.4667,  1.00000000,1,0,0.025000000000000001,0.5
1455.5000,  1.00000000,1,0,0.0,0.5
1455.5333,  1.00000000,1,0,0.0,0.5
1455.5667,  1.00000000,1,0,0.0,0.5
1455.6000,  1.00000000,1,0,0.0,0.5
1455.6333,  1.00000000,1,0,0.0,0.5
1455.6667,  1.00000000,1,0,0.0,0.5
1455.7000,  1.00000000,1,0,0.0,0.5
1455.7333,  1.00000000,1,0,0.0,0.5
1455.7667,  1.00000000,1,0,0.0,0.5
1455.8000,  1.00000000,1,0,0.0,0.5
1455.8333,  1.00000000,1,0,0.0,0.5
1455.8667,  1.00000000,1,0,0.0,0.5
1455.9000,  1.00000000,1,0,0.025000000000000001,0.5
1455.9333,  1.00000000,1,0,0.0,0.5
1455.9667,  1.00000000,1,0,0.0,0.5
1456.0000,  1.00000000,1,0,0.0,0.5
1456.0333,  1.00000000,1,0,0.0,0.5
1456.0667,  1.00000000,1,0,0.0,0.5
1456.1000,  1.00000000,1,0,0.025000000000000001,0.5
1456.1333,  1.00000000,1,0,0.0,0.5
1456.1667,  1.00000000,1,0,0.0,0.5
1456.2000,  1.00000000,1,0,0.0,0.5
1456.2333,  1.00000000,1,0,0.0,0.5
1456.2667,  1.00000000,1,0,0.0,0.5
1456.3000,  1.00000000,1,0,0.0,0.5
1456.3333,  1.00000000,1,0,0.0,0.5
1456.3667,  1.00000000,1,0,0.0,0.5
1456.4000,  1.00000000,1,0,0.0,0.5
1456.4333,  1.00000000,1,0,0.0,0.5
1456.4667,  1.00000000,1,0,0.0,0.5
1456.5000,  1.00000000,1,0,0.025000000000000001,0.5
1456.5333,  1.00000000,1,0,0.0,0.5
1456.5667,  1.00000000,1,0,0.0,0.5
1456.6000,  1.00000000,1,0,0.0,0.5
1456.6333,  1.00000000,1,0,0.0,0.5
1456.6667,  1.00000000,1,0,0.0,0.5
1456.7000,  1.00000000,1,0,0.0,0.5
1456.7333,  1.00000000,1,0,0.0,0.5
1456.7667,  1.00000000,1,0,0.0,0.5
1456.8000,  1.00000000,1,0,0.0,0.5
1456.8333,  1.00000000,1,0,0.0,0.5
1456.8667,  1.00000000,1,0,0.0,0.5
1456.9000,  1.00000000,1,0,0.0,0.5
1456.9333,  1.00000000,1,0,0.0,0.5
1456.9667,  1.00000000,1,0,0.025000000000000001,0.5
1457.0000,  1.00000000,1,0,0.0,0.5
1457.0333,  1.00000000,1,0,0.025000000000000001,0.5
1457.0667,  1.00000000,1,0,0.0,0.5
1457.1000,  1.00000000,1,0,0.0,0.5
1457.1333,  1.00000000,1,0,0.0,0.5
1457.1667,  1.00000000,1,0,0.0,0.5
1457.2000,  1.00000000,1,0,0.0,0.5
1457.2333,  1.00000000,1,0,0.0,0.5
1457.2667,  1.00000000,1,0,0.0,0.5
1457.3000,  1.00000000,1,0,0.0,0.5
1457.3333,  1.00000000,1,0,0.025000000000000001,0.5
1457.3667,  1.00000000,1,0,0.0,0.5
1457.4000,  1.00000000,1,0,0.0,0.5
1457.4333,  1.00000000,1,0,0.0,0.5
1457.4667,  1.00000000,1,0,0.025000000000000001,0.5
1457.5000,  1.00000000,1,0,0.025000000000000001,0.5
1457.5333,  1.00000000,1,0,0.0,0.5
1457.5667,  1.00000000,1,0,0.0,0.5
1457.6000,  1.00000000,1,0,0.0,0.5
1457.6333,  1.00000000,1,0,0.0,0.5
1457.6667,  1.00000000,1,0,0.0,0.5
1457.7000,  1.00000000,1,0,0.0,0.5
1457.7333,  1.00000000,1,0,0.0,0.5
1457.7667,  1.00000000,1,0,0.0,0.5
1457.8000,  1.00000000,1,0,0.0,0.5
1457.8333,  1.00000000,1,0,0.0,0.5
1457.8667,  1.00000000,1,0,0.0,0.5
1457.9000,  1.00000000,1,0,0.050000000000000003,0.5
1457.9333,  1.00000000,1,0,0.0,0.5
1457.9667,  1.00000000,1,0,0.025000000000000001,0.5
1458.0000,  1.00000000,1,0,0.0,0.5
1458.0333,  1.00000000,1,0,0.0,0.5
1458.0667,  1.00000000,1,0,0.025000000000000001,0.5
1458.1000,  1.00000000,1,0,0.0,0.5
1458.1333,  1.00000000,1,0,0.0,0.5
1458.1667,  1.00000000,1,0,0.0,0.5
1458.2000,  1.00000000,1,0,0.025000000000000001,0.5
1458.2333,  1.00000000,1,0,0.0,0.5
1458.2667,  1.00000000,1,0,0.0,0.5
1458.3000,  1.00000000,1,0,0.0,0.5
1458.3333,  1.00000000,1,0,0.0,0.5
1458.3667,  1.00000000,1,0,0.025000000000000001,0.5
1458.4000,  1.00000000,1,0,0.0,0.5
1458.4333,  1.00000000,1,0,0.0,0.5
1458.4667,  1.00000000,1,0,0.0,0.5
1458.5000,  1.00000000,1,0,0.0,0.5
1458.5333,  1.00000000,1,0,0.025000000000000001,0.5
1458.5667,  1.00000000,1,0,0.0,0.5
1458.6000,  1.00000000,1,0,0.0,0.5
1458.6333,  1.00000000,1,0,0.0,0.5
1458.6667,  1.00000000,1,0,0.025000000000000001,0.5
1458.7000,  1.00000000,1,0,0.0,0.5
1458.7333,  1.00000000,1,0,0.025000000000000001,0.5
1458.7667,  1.00000000,1,0,0.025000000000000001,0.5
1458.8000,  1.00000000,1,0,0.025000000000000001,0.5
1458.8333,  1.00000000,1,0,0.0,0.5
1458.8667,  1.00000000,1,0,0.0,0.5
1458.9000,  1.00000000,1,0,0.0,0.5
1458.9333,  1.00000000,1,0,0.025000000000000001,0.5
1458.9667,  1.00000000,1,0,0.025000000000000001,0.5
1459.0000,  1.00000000,1,0,0.0,0.5
1459.0333,  1.00000000,1,0,0.0,0.5
1459.0667,  1.00000000,1,0,0.0,0.5
1459.1000,  1.00000000,1,0,0.025000000000000001,0.5
1459.1333,  1.00000000,1,0,0.0,0.5
1459.1667,  1.00000000,1,0,0.0,0.5
1459.2000,  1.00000000,1,0,0.0,0.5
1459.2333,  1.00000000,1,0,0.0,0.5
1459.2667,  1.00000000,1,0,0.025000000000000001,0.5
1459.3000,  1.00000000,1,0,0.0,0.5
1459.3333,  1.00000000,1,0,0.0,0.5
1459.3667,  1.00000000,1,0,0.0,0.5
1459.4000,  1.00000000,1,0,0.025000000000000001,0.5
1459.4333,  1.00000000,1,0,0.0,0.5
1459.4667,  1.00000000,1,0,0.0,0.5
1459.5000,  1.00000000,1,0,0.0,0.5
1459.5333,  1.00000000,1,0,0.0,0.5
1459.5667,  1.00000000,1,0,0.0,0.5
1459.6000,  1.00000000,1,0,0.0,0.5
1459.6333,  1.00000000,1,0,0.025000000000000001,0.5
1459.6667,  1.00000000,1,0,0.0,0.5
1459.7000,  1.00000000,1,0,0.0,0.5
1459.7333,  1.00000000,1,0,0.0,0.5
1459.7667,  1.00000000,1,0,0.0,0.5
1459.8000,  1.00000000,1,0,0.0,0.5
1459.8333,  1.00000000,1,0,0.0,0.5
1459.8667,  1.00000000,1,0,0.0,0.5
1459.9000,  1.00000000,1,0,0.0,0.5
1459.9333,  1.00000000,1,0,0.025000000000000001,0.5
1459.9667,  1.00000000,1,0,0.025000000000000001,0.5
1460.0000,  1.00000000,1,0,0.0,0.5
1460.0333,  1.00000000,1,0,0.0,0.5
1460.0667,  1.00000000,1,0,0.050000000000000003,0.5
1460.1000,  1.00000000,1,0,0.0,0.5
1460.1333,  1.00000000,1,0,0.025000000000000001,0.5
1460.1667,  1.00000000,1,0,0.0,0.5
1460.2000,  1.00000000,1,0,0.025000000000000001,0.5
1460.2333,  1.00000000,1,0,0.025000000000000001,0.5
1460.2667,  1.00000000,1,0,0.025000000000000001,0.5
1460.3000,  1.00000000,1,0,0.0,0.5
1460.3333,  1.00000000,1,0,0.0,0.5
1460.3667,  1.00000000,1,0,0.0,0.5
1460.4000,  1.00000000,1,0,0.050000000000000003,0.5
1460.4333,  1.00000000,1,0,0.025000000000000001,0.5
1460.4667,  1.00000000,1,0,0.050000000000000003,0.5
1460.5000,  1.00000000,1,0,0.0,0.5
1460.5333,  1.00000000,1,0,0.025000000000000001,0.5
1460.5667,  1.00000000,1,0,0.0,0.5
1460.6000,  1.00000000,1,0,0.0,0.5
1460.6333,  1.00000000,1,0,0.0,0.5
1460.6667,  1.00000000,1,0,0.0,0.5
1460.7000,  1.00000000,1,0,0.0,0.5
1460.7333,  1.00000000,1,0,0.0,0.5
1460.7667,  1.00000000,1,0,0.0,0.5
1460.8000,  1.00000000,1,0,0.0,0.5
1460.8333,  1.00000000,1,0,0.0,0.5
1460.8667,  1.00000000,1,0,0.050000000000000003,0.5
1460.9000,  1.00000000,1,0,0.0,0.5
1460.9333,  1.00000000,1,0,0.0,0.5
1460.9667,  1.00000000,1,0,0.025000000000000001,0.5
1461.0000,  1.00000000,1,0,0.025000000000000001,0.5
1461.0333,  1.00000000,1,0,0.0,0.5
1461.0667,  1.00000000,1,0,0.025000000000000001,0.5
1461.1000,  1.00000000,1,0,0.0,0.5
1461.1333,  1.00000000,1,0,0.0,0.5
1461.1667,  1.00000000,1,0,0.025000000000000001,0.5
1461.2000,  1.00000000,1,0,0.0,0.5
1461.2333,  1.00000000,1,0,0.0,0.5
1461.2667,  1.00000000,1,0,0.0,0.5
1461.3000,  1.00000000,1,0,0.0,0.5
1461.3333,  1.00000000,1,0,0.0,0.5
1461.3667,  1.00000000,1,0,0.0,0.5
1461.4000,  1.00000000,1,0,0.0,0.5
1461.4333,  1.00000000,1,0,0.025000000000000001,0.5
1461.4667,  1.00000000,1,0,0.025000000000000001,0.5
1461.5000,  1.00000000,1,0,0.0,0.5
1461.5333,  1.00000000,1,0,0.0,0.5
1461.5667,  1.00000000,1,0,0.0,0.5
1461.6000,  1.00000000,1,0,0.0,0.5
1461.6333,  1.00000000,1,0,0.0,0.5
1461.6667,  1.00000000,1,0,0.0,0.5
1461.7000,  1.00000000,1,0,0.025000000000000001,0.5
1461.7333,  1.00000000,1,0,0.0,0.5
1461.7667,  1.00000000,1,0,0.025000000000000001,0.5
1461.8000,  1.00000000,1,0,0.0,0.5
1461.8333,  1.00000000,1,0,0.025000000000000001,0.5
1461.8667,  1.00000000,1,0,0.025000000000000001,0.5
1461.9000,  1.00000000,1,0,0.0,0.5
1461.9333,  1.00000000,1,0,0.0,0.5
1461.9667,  1.00000000,1,0,0.025000000000000001,0.5
1462.0000,  1.00000000,1,0,0.025000000000000001,0.5
1462.0333,  1.00000000,1,0,0.0,0.5
1462.0667,  1.00000000,1,0,0.0,0.5
1462.1000,  1.00000000,1,0,0.0,0.5
1462.1333,  1.00000000,1,0,0.0,0.5
1462.1667,  1.00000000,1,0,0.0,0.5
1462.2000,  1.00000000,1,0,0.0,0.5
1462.2333,  1.00000000,1,0,0.0,0.5
1462.2667,  1.00000000,1,0,0.0,0.5
1462.3000,  1.00000000,1,0,0.0,0.5
1462.3333,  1.00000000,1,0,0.0,0.5
1462.3667,  1.00000000,1,0,0.0,0.5
1462.4000,  1.00000000,1,0,0.0,0.5
1462.4333,  1.00000000,1,0,0.025000000000000001,0.5
1462.4667,  1.00000000,1,0,0.0,0.5
1462.5000,  1.00000000,1,0,0.0,0.5
1462.5333,  1.00000000,1,0,0.0,0.5
1462.5667,  1.00000000,1,0,0.0,0.5
1462.6000,  1.00000000,1,0,0.025000000000000001,0.5
1462.6333,  1.00000000,1,0,0.0,0.5
1462.6667,  1.00000000,1,0,0.0,0.5
1462.7000,  1.00000000,1,0,0.0,0.5
1462.7333,  1.00000000,1,0,0.050000000000000003,0.5
1462.7667,  1.00000000,1,0,0.0,0.5
1462.8000,  1.00000000,1,0,0.0,0.5
1462.8333,  1.00000000,1,0,0.025000000000000001,0.5
1462.8667,  1.00000000,1,0,0.0,0.5
1462.9000,  1.00000000,1,0,0.0,0.5
1462.9333,  1.00000000,1,0,0.0,0.5
1462.9667,  1.00000000,1,0,0.025000000000000001,0.5
1463.0000,  1.00000000,1,0,0.0,0.5
1463.0333,  1.00000000,1,0,0.0,0.5
1463.0667,  1.00000000,1,0,0.0,0.5
1463.1000,  1.00000000,1,0,0.0,0.5
1463.1333,  1.00000000,1,0,0.0,0.5
1463.1667,  1.00000000,1,0,0.050000000000000003,0.5
1463.2000,  1.00000000,1,0,0.0,0.5
1463.2333,  1.00000000,1,0,0.0,0.5
1463.2667,  1.00000000,1,0,0.0,0.5
1463.3000,  1.00000000,1,0,0.0,0.5
1463.3333,  1.00000000,1,0,0.0,0.5
1463.3667,  1.00000000,1,0,0.025000000000000001,0.5
1463.4000,  1.00000000,1,0,0.0,0.5
1463.4333,  1.00000000,1,0,0.0,0.5
1463.4667,  1.00000000,1,0,0.0,0.5
1463.5000,  1.00000000,1,0,0.025000000000000001,0.5
1463.5333,  1.00000000,1,0,0.0,0.5
1463.5667,  1.00000000,1,0,0.0,0.5
1463.6000,  1.00000000,1,0,0.0,0.5
1463.6333,  1.00000000,1,0,0.0,0.5
1463.6667,  1.00000000,1,0,0.025000000000000001,0.5
1463.7000,  1.00000000,1,0,0.0,0.5
1463.7333,  1.00000000,1,0,0.025000000000000001,0.5
1463.7667,  1.00000000,1,0,0.0,0.5
1463.8000,  1.00000000,1,0,0.0,0.5
1463.8333,  1.00000000,1,0,0.0,0.5
1463.8667,  1.00000000,1,0,0.0,0.5
1463.9000,  1.00000000,1,0,0.025000000000000001,0.5
1463.9333,  1.00000000,1,0,0.0,0.5
1463.9667,  1.00000000,1,0,0.025000000000000001,0.5
1464.0000,  1.00000000,1,0,0.0,0.5
1464.0333,  1.00000000,1,0,0.0,0.5
1464.0667,  1.00000000,1,0,0.0,0.5
1464.1000,  1.00000000,1,0,0.0,0.5
1464.1333,  1.00000000,1,0,0.0,0.5
1464.1667,  1.00000000,1,0,0.0,0.5
1464.2000,  1.00000000,1,0,0.025000000000000001,0.5
1464.2333,  1.00000000,1,0,0.025000000000000001,0.5
1464.2667,  1.00000000,1,0,0.0,0.5
1464.3000,  1.00000000,1,0,0.025000000000000001,0.5
1464.3333,  1.00000000,1,0,0.0,0.5
1464.3667,  1.00000000,1,0,0.025000000000000001,0.5
1464.4000,  1.00000000,1,0,0.025000000000000001,0.5
1464.4333,  1.00000000,1,0,0.0,0.5
1464.4667,  1.00000000,1,0,0.0,0.5
1464.5000,  1.00000000,1,0,0.025000000000000001,0.5
1464.5333,  1.00000000,1,0,0.025000000000000001,0.5
1464.5667,  1.00000000,1,0,0.0,0.5
1464.6000,  1.00000000,1,0,0.0,0.5
1464.6333,  1.00000000,1,0,0.0,0.5
1464.6667,  1.00000000,1,0,0.0,0.5
1464.7000,  1.00000000,1,0,0.025000000000000001,0.5
1464.7333,  1.00000000,1,0,0.0,0.5
1464.7667,  1.00000000,1,0,0.0,0.5
1464.8000,  1.00000000,1,0,0.025000000000000001,0.5
1464.8333,  1.00000000,1,0,0.0,0.5
1464.8667,  1.00000000,1,0,0.0,0.5
1464.9000,  1.00000000,1,0,0.0,0.5
1464.9333,  1.00000000,1,0,0.0,0.5
1464.9667,  1.00000000,1,0,0.0,0.5
1465.0000,  1.00000000,1,0,0.0,0.5
1465.0333,  1.00000000,1,0,0.0,0.5
1465.0667,  1.00000000,1,0,0.0,0.5
1465.1000,  1.00000000,1,0,0.0,0.5
1465.1333,  1.00000000,1,0,0.0,0.5
1465.1667,  1.00000000,1,0,0.0,0.5
1465.2000,  1.00000000,1,0,0.0,0.5
1465.2333,  1.00000000,1,0,0.0,0.5
1465.2667,  1.00000000,1,0,0.0,0.5
1465.3000,  1.00000000,1,0,0.0,0.5
1465.3333,  1.00000000,1,0,0.0,0.5
1465.3667,  1.00000000,1,0,0.0,0.5
1465.4000,  1.00000000,1,0,0.0,0.5
1465.4333,  1.00000000,1,0,0.0,0.5
1465.4667,  1.00000000,1,0,0.0,0.5
1465.5000,  1.00000000,1,0,0.0,0.5
1465.5333,  1.00000000,1,0,0.0,0.5
1465.5667,  1.00000000,1,0,0.0,0.5
1465.6000,  1.00000000,1,0,0.0,0.5
1465.6333,  1.00000000,1,0,0.0,0.5
1465.6667,  1.00000000,1,0,0.0,0.5
1465.7000,  1.00000000,1,0,0.0,0.5
1465.7333,  1.00000000,1,0,0.0,0.5
1465.7667,  1.00000000,1,0,0.0,0.5
1465.8000,  1.00000000,1,0,0.0,0.5
1465.8333,  1.00000000,1,0,0.025000000000000001,0.5
1465.8667,  1.00000000,1,0,0.0,0.5
1465.9000,  1.00000000,1,0,0.025000000000000001,0.5
1465.9333,  1.00000000,1,0,0.0,0.5
1465.9667,  1.00000000,1,0,0.0,0.5
1466.0000,  1.00000000,1,0,0.025000000000000001,0.5
1466.0333,  1.00000000,1,0,0.025000000000000001,0.5
1466.0667,  1.00000000,1,0,0.0,0.5
1466.1000,  1.00000000,1,0,0.0,0.5
1466.1333,  1.00000000,1,0,0.0,0.5
1466.1667,  1.00000000,1,0,0.0,0.5
1466.2000,  1.00000000,1,0,0.0,0.5
1466.2333,  1.00000000,1,0,0.0,0.5
1466.2667,  1.00000000,1,0,0.0,0.5
1466.3000,  1.00000000,1,0,0.0,0.5
1466.3333,  1.00000000,1,0,0.0,0.5
1466.3667,  1.00000000,1,0,0.0,0.5
1466.4000,  1.00000000,1,0,0.0,0.5
1466.4333,  1.00000000,1,0,0.0,0.5
1466.4667,  1.00000000,1,0,0.025000000000000001,0.5
1466.5000,  1.00000000,1,0,0.0,0.5
1466.5333,  1.00000000,1,0,0.0,0.5
1466.5667,  1.00000000,1,0,0.0,0.5
1466.6000,  1.00000000,1,0,0.0,0.5
1466.6333,  1.00000000,1,0,0.0,0.5
1466.6667,  1.00000000,1,0,0.025000000000000001,0.5
1466.7000,  1.00000000,1,0,0.0,0.5
1466.7333,  1.00000000,1,0,0.025000000000000001,0.5
1466.7667,  1.00000000,1,0,0.025000000000000001,0.5
1466.8000,  1.00000000,1,0,0.0,0.5
1466.8333,  1.00000000,1,0,0.0,0.5
1466.8667,  1.00000000,1,0,0.025000000000000001,0.5
1466.9000,  1.00000000,1,0,0.0,0.5
1466.9333,  1.00000000,1,0,0.025000000000000001,0.5
1466.9667,  1.00000000,1,0,0.0,0.5
1467.0000,  1.00000000,1,0,0.0,0.5
1467.0333,  1.00000000,1,0,0.0,0.5
1467.0667,  1.00000000,1,0,0.0,0.5
1467.1000,  1.00000000,1,0,0.0,0.5
1467.1333,  1.00000000,1,0,0.0,0.5
1467.1667,  1.00000000,1,0,0.0,0.5
1467.2000,  1.00000000,1,0,0.025000000000000001,0.5
1467.2333,  1.00000000,1,0,0.0,0.5
1467.2667,  1.00000000,1,0,0.025000000000000001,0.5
1467.3000,  1.00000000,1,0,0.0,0.5
1467.3333,  1.00000000,1,0,0.050000000000000003,0.5
1467.3667,  1.00000000,1,0,0.0,0.5
1467.4000,  1.00000000,1,0,0.025000000000000001,0.5
1467.4333,  1.00000000,1,0,0.0,0.5
1467.4667,  1.00000000,1,0,0.025000000000000001,0.5
1467.5000,  1.00000000,1,0,0.0,0.5
1467.5333,  1.00000000,1,0,0.050000000000000003,0.5
1467.5667,  1.00000000,1,0,0.025000000000000001,0.5
1467.6000,  1.00000000,1,0,0.050000000000000003,0.5
1467.6333,  1.00000000,1,0,0.0,0.5
1467.6667,  1.00000000,1,0,0.025000000000000001,0.5
1467.7000,  1.00000000,1,0,0.025000000000000001,0.5
1467.7333,  1.00000000,1,0,0.025000000000000001,0.5
1467.7667,  1.00000000,1,0,0.0,0.5
1467.8000,  1.00000000,1,0,0.025000000000000001,0.5
1467.8333,  1.00000000,1,0,0.0,0.5
1467.8667,  1.00000000,1,0,0.0,0.5
1467.9000,  1.00000000,1,0,0.025000000000000001,0.5
1467.9333,  1.00000000,1,0,0.0,0.5
1467.9667,  1.00000000,1,0,0.0,0.5
1468.0000,  1.00000000,1,0,0.0,0.5
1468.0333,  1.00000000,1,0,0.0,0.5
1468.0667,  1.00000000,1,0,0.0,0.5
1468.1000,  1.00000000,1,0,0.0,0.5
1468.1333,  1.00000000,1,0,0.0,0.5
1468.1667,  1.00000000,1,0,0.025000000000000001,0.5
1468.2000,  1.00000000,1,0,0.0,0.5
1468.2333,  1.00000000,1,0,0.0,0.5
1468.2667,  1.00000000,1,0,0.0,0.5
1468.3000,  1.00000000,1,0,0.0,0.5
1468.3333,  1.00000000,1,0,0.0,0.5
1468.3667,  1.00000000,1,0,0.0,0.5
1468.4000,  1.00000000,1,0,0.0,0.5
1468.4333,  1.00000000,1,0,0.0,0.5
1468.4667,  1.00000000,1,0,0.0,0.5
1468.5000,  1.00000000,1,0,0.0,0.5
1468.5333,  1.00000000,1,0,0.0,0.5
1468.5667,  1.00000000,1,0,0.0,0.5
1468.6000,  1.00000000,1,0,0.0,0.5
1468.6333,  1.00000000,1,0,0.0,0.5
1468.6667,  1.00000000,1,0,0.0,0.5
1468.7000,  1.00000000,1,0,0.025000000000000001,0.5
1468.7333,  1.00000000,1,0,0.0,0.5
1468.7667,  1.00000000,1,0,0.0,0.5
1468.8000,  1.00000000,1,0,0.0,0.5
1468.8333,  1.00000000,1,0,0.0,0.5
1468.8667,  1.00000000,1,0,0.0,0.5
1468.9000,  1.00000000,1,0,0.0,0.5
1468.9333,  1.00000000,1,0,0.0,0.5
1468.9667,  1.00000000,1,0,0.0,0.5
1469.0000,  1.00000000,1,0,0.0,0.5
1469.0333,  1.00000000,1,0,0.025000000000000001,0.5
1469.0667,  1.00000000,1,0,0.0,0.5
1469.1000,  1.00000000,1,0,0.0,0.5
1469.1333,  1.00000000,1,0,0.025000000000000001,0.5
1469.1667,  1.00000000,1,0,0.0,0.5
1469.2000,  1.00000000,1,0,0.0,0.5
1469.2333,  1.00000000,1,0,0.0,0.5
1469.2667,  1.00000000,1,0,0.0,0.5
1469.3000,  1.00000000,1,0,0.025000000000000001,0.5
1469.3333,  1.00000000,1,0,0.0,0.5
1469.3667,  1.00000000,1,0,0.0,0.5
1469.4000,  1.00000000,1,0,0.0,0.5
1469.4333,  1.00000000,1,0,0.050000000000000003,0.5
1469.4667,  1.00000000,1,0,0.0,0.5
1469.5000,  1.00000000,1,0,0.025000000000000001,0.5
1469.5333,  1.00000000,1,0,0.025000000000000001,0.5
1469.5667,  1.00000000,1,0,0.0,0.5
1469.6000,  1.00000000,1,0,0.025000000000000001,0.5
1469.6333,  1.00000000,1,0,0.050000000000000003,0.5
1469.6667,  1.00000000,1,0,0.025000000000000001,0.5
1469.7000,  1.00000000,1,0,0.0,0.5
1469.7333,  1.00000000,1,0,0.0,0.5
1469.7667,  1.00000000,1,0,0.025000000000000001,0.5
1469.8000,  1.00000000,1,0,0.025000000000000001,0.5
1469.8333,  1.00000000,1,0,0.0,0.5
1469.8667,  1.00000000,1,0,0.0,0.5
1469.9000,  1.00000000,1,0,0.0,0.5
1469.9333,  1.00000000,1,0,0.0,0.5
1469.9667,  1.00000000,1,0,0.025000000000000001,0.5
1470.0000,  1.00000000,1,0,0.025000000000000001,0.5
1470.0333,  1.00000000,1,0,0.0,0.5
1470.0667,  1.00000000,1,0,0.0,0.5
1470.1000,  1.00000000,1,0,0.025000000000000001,0.5
1470.1333,  1.00000000,1,0,0.0,0.5
1470.1667,  1.00000000,1,0,0.025000000000000001,0.5
1470.2000,  1.00000000,1,0,0.0,0.5
1470.2333,  1.00000000,1,0,0.025000000000000001,0.5
1470.2667,  1.00000000,1,0,0.025000000000000001,0.5
1470.3000,  1.00000000,1,0,0.0,0.5
1470.3333,  1.00000000,1,0,0.025000000000000001,0.5
1470.3667,  1.00000000,1,0,0.0,0.5
1470.4000,  1.00000000,1,0,0.025000000000000001,0.5
1470.4333,  1.00000000,1,0,0.025000000000000001,0.5
1470.4667,  1.00000000,1,0,0.0,0.5
1470.5000,  1.00000000,1,0,0.0,0.5
1470.5333,  1.00000000,1,0,0.0,0.5
1470.5667,  1.00000000,1,0,0.0,0.5
1470.6000,  1.00000000,1,0,0.0,0.5
1470.6333,  1.00000000,1,0,0.0,0.5
1470.6667,  1.00000000,1,0,0.0,0.5
1470.7000,  1.00000000,1,0,0.0,0.5
1470.7333,  1.00000000,1,0,0.0,0.5
1470.7667,  1.00000000,1,0,0.0,0.5
1470.8000,  1.00000000,1,0,0.0,0.5
1470.8333,  1.00000000,1,0,0.0,0.5
1470.8667,  1.00000000,1,0,0.0,0.5
1470.9000,  1.00000000,1,0,0.025000000000000001,0.5
1470.9333,  1.00000000,1,0,0.025000000000000001,0.5
1470.9667,  1.00000000,1,0,0.0,0.5
1471.0000,  1.00000000,1,0,0.025000000000000001,0.5
1471.0333,  1.00000000,1,0,0.025000000000000001,0.5
1471.0667,  1.00000000,1,0,0.0,0.5
1471.1000,  1.00000000,1,0,0.025000000000000001,0.5
1471.1333,  1.00000000,1,0,0.050000000000000003,0.5
1471.1667,  1.00000000,1,0,0.0,0.5
1471.2000,  1.00000000,1,0,0.0,0.5
1471.2333,  1.00000000,1,0,0.0,0.5
1471.2667,  1.00000000,1,0,0.0,0.5
1471.3000,  1.00000000,1,0,0.0,0.5
1471.3333,  1.00000000,1,0,0.0,0.5
1471.3667,  1.00000000,1,0,0.0,0.5
1471.4000,  1.00000000,1,0,0.025000000000000001,0.5
1471.4333,  1.00000000,1,0,0.025000000000000001,0.5
1471.4667,  1.00000000,1,0,0.0,0.5
1471.5000,  1.00000000,1,0,0.0,0.5
1471.5333,  1.00000000,1,0,0.0,0.5
1471.5667,  1.00000000,1,0,0.0,0.5
1471.6000,  1.00000000,1,0,0.0,0.5
1471.6333,  1.00000000,1,0,0.050000000000000003,0.5
1471.6667,  1.00000000,1,0,0.0,0.5
1471.7000,  1.00000000,1,0,0.0,0.5
1471.7333,  1.00000000,1,0,0.0,0.5
1471.7667,  1.00000000,1,0,0.025000000000000001,0.5
1471.8000,  1.00000000,1,0,0.0,0.5
1471.8333,  1.00000000,1,0,0.0,0.5
1471.8667,  1.00000000,1,0,0.0,0.5
1471.9000,  1.00000000,1,0,0.0,0.5
1471.9333,  1.00000000,1,0,0.025000000000000001,0.5
1471.9667,  1.00000000,1,0,0.0,0.5
1472.0000,  1.00000000,1,0,0.050000000000000003,0.5
1472.0333,  1.00000000,1,0,0.0,0.5
1472.0667,  1.00000000,1,0,0.0,0.5
1472.1000,  1.00000000,1,0,0.0,0.5
1472.1333,  1.00000000,1,0,0.0,0.5
1472.1667,  1.00000000,1,0,0.0,0.5
1472.2000,  1.00000000,1,0,0.025000000000000001,0.5
1472.2333,  1.00000000,1,0,0.025000000000000001,0.5
1472.2667,  1.00000000,1,0,0.0,0.5
1472.3000,  1.00000000,1,0,0.0,0.5
1472.3333,  1.00000000,1,0,0.0,0.5
1472.3667,  1.00000000,1,0,0.0,0.5
1472.4000,  1.00000000,1,0,0.025000000000000001,0.5
1472.4333,  1.00000000,1,0,0.0,0.5
1472.4667,  1.00000000,1,0,0.0,0.5
1472.5000,  1.00000000,1,0,0.0,0.5
1472.5333,  1.00000000,1,0,0.0,0.5
1472.5667,  1.00000000,1,0,0.0,0.5
1472.6000,  1.00000000,1,0,0.0,0.5
1472.6333,  1.00000000,1,0,0.0,0.5
1472.6667,  1.00000000,1,0,0.0,0.5
1472.7000,  1.00000000,1,0,0.0,0.5
1472.7333,  1.00000000,1,0,0.0,0.5
1472.7667,  1.00000000,1,0,0.025000000000000001,0.5
1472.8000,  1.00000000,1,0,0.0,0.5
1472.8333,  1.00000000,1,0,0.0,0.5
1472.8667,  1.00000000,1,0,0.025000000000000001,0.5
1472.9000,  1.00000000,1,0,0.025000000000000001,0.5
1472.9333,  1.00000000,1,0,0.0,0.5
1472.9667,  1.00000000,1,0,0.025000000000000001,0.5
1473.0000,  1.00000000,1,0,0.025000000000000001,0.5
1473.0333,  1.00000000,1,0,0.025000000000000001,0.5
1473.0667,  1.00000000,1,0,0.025000000000000001,0.5
1473.1000,  1.00000000,1,0,0.0,0.5
1473.1333,  1.00000000,1,0,0.0,0.5
1473.1667,  1.00000000,1,0,0.0,0.5
1473.2000,  1.00000000,1,0,0.025000000000000001,0.5
1473.2333,  1.00000000,1,0,0.0,0.5
1473.2667,  1.00000000,1,0,0.0,0.5
1473.3000,  1.00000000,1,0,0.0,0.5
1473.3333,  1.00000000,1,0,0.0,0.5
1473.3667,  1.00000000,1,0,0.0,0.5
1473.4000,  1.00000000,1,0,0.0,0.5
1473.4333,  1.00000000,1,0,0.025000000000000001,0.5
1473.4667,  1.00000000,1,0,0.0,0.5
1473.5000,  1.00000000,1,0,0.0,0.5
1473.5333,  1.00000000,1,0,0.0,0.5
1473.5667,  1.00000000,1,0,0.0,0.5
1473.6000,  1.00000000,1,0,0.025000000000000001,0.5
1473.6333,  1.00000000,1,0,0.0,0.5
1473.6667,  1.00000000,1,0,0.0,0.5
1473.7000,  1.00000000,1,0,0.0,0.5
1473.7333,  1.00000000,1,0,0.0,0.5
1473.7667,  1.00000000,1,0,0.025000000000000001,0.5
1473.8000,  1.00000000,1,0,0.050000000000000003,0.5
1473.8333,  1.00000000,1,0,0.050000000000000003,0.5
1473.8667,  1.00000000,1,0,0.0,0.5
1473.9000,  1.00000000,1,0,0.0,0.5
1473.9333,  1.00000000,1,0,0.0,0.5
1473.9667,  1.00000000,1,0,0.025000000000000001,0.5
1474.0000,  1.00000000,1,0,0.025000000000000001,0.5
1474.0333,  1.00000000,1,0,0.0,0.5
1474.0667,  1.00000000,1,0,0.025000000000000001,0.5
1474.1000,  1.00000000,1,0,0.025000000000000001,0.5
1474.1333,  1.00000000,1,0,0.0,0.5
1474.1667,  1.00000000,1,0,0.0,0.5
1474.2000,  1.00000000,1,0,0.025000000000000001,0.5
1474.2333,  1.00000000,1,0,0.0,0.5
1474.2667,  1.00000000,1,0,0.0,0.5
1474.3000,  1.00000000,1,0,0.0,0.5
1474.3333,  1.00000000,1,0,0.0,0.5
1474.3667,  1.00000000,1,0,0.025000000000000001,0.5
1474.4000,  1.00000000,1,0,0.0,0.5
1474.4333,  1.00000000,1,0,0.0,0.5
1474.4667,  1.00000000,1,0,0.0,0.5
1474.5000,  1.00000000,1,0,0.0,0.5
1474.5333,  1.00000000,1,0,0.025000000000000001,0.5
1474.5667,  1.00000000,1,0,0.0,0.5
1474.6000,  1.00000000,1,0,0.025000000000000001,0.5
1474.6333,  1.00000000,1,0,0.0,0.5
1474.6667,  1.00000000,1,0,0.0,0.5
1474.7000,  1.00000000,1,0,0.0,0.5
1474.7333,  1.00000000,1,0,0.0,0.5
1474.7667,  1.00000000,1,0,0.025000000000000001,0.5
1474.8000,  1.00000000,1,0,0.0,0.5
1474.8333,  1.00000000,1,0,0.0,0.5
1474.8667,  1.00000000,1,0,0.050000000000000003,0.5
1474.9000,  1.00000000,1,0,0.025000000000000001,0.5
1474.9333,  1.00000000,1,0,0.0,0.5
1474.9667,  1.00000000,1,0,0.0,0.5
1475.0000,  1.00000000,1,0,0.0,0.5
1475.0333,  1.00000000,1,0,0.0,0.5
1475.0667,  1.00000000,1,0,0.0,0.5
1475.1000,  1.00000000,1,0,0.0,0.5
1475.1333,  1.00000000,1,0,0.025000000000000001,0.5
1475.1667,  1.00000000,1,0,0.025000000000000001,0.5
1475.2000,  1.00000000,1,0,0.0,0.5
1475.2333,  1.00000000,1,0,0.0,0.5
1475.2667,  1.00000000,1,0,0.0,0.5
1475.3000,  1.00000000,1,0,0.0,0.5
1475.3333,  1.00000000,1,0,0.0,0.5
1475.3667,  1.00000000,1,0,0.0,0.5
1475.4000,  1.00000000,1,0,0.0,0.5
1475.4333,  1.00000000,1,0,0.0,0.5
1475.4667,  1.00000000,1,0,0.025000000000000001,0.5
1475.5000,  1.00000000,1,0,0.0,0.5
1475.5333,  1.00000000,1,0,0.025000000000000001,0.5
1475.5667,  1.00000000,1,0,0.025000000000000001,0.5
1475.6000,  1.00000000,1,0,0.0,0.5
1475.6333,  1.00000000,1,0,0.0,0.5
1475.6667,  1.00000000,1,0,0.0,0.5
1475.7000,  1.00000000,1,0,0.0,0.5
1475.7333,  1.00000000,1,0,0.0,0.5
1475.7667,  1.00000000,1,0,0.0,0.5
1475.8000,  1.00000000,1,0,0.0,0.5
1475.8333,  1.00000000,1,0,0.0,0.5
1475.8667,  1.00000000,1,0,0.0,0.5
1475.9000,  1.00000000,1,0,0.0,0.5
1475.9333,  1.00000000,1,0,0.0,0.5
1475.9667,  1.00000000,1,0,0.0,0.5
1476.0000,  1.00000000,1,0,0.0,0.5
1476.0333,  1.00000000,1,0,0.0,0.5
1476.0667,  1.00000000,1,0,0.025000000000000001,0.5
1476.1000,  1.00000000,1,0,0.025000000000000001,0.5
1476.1333,  1.00000000,1,0,0.0,0.5
1476.1667,  1.00000000,1,0,0.0,0.5
1476.2000,  1.00000000,1,0,0.0,0.5
1476.2333,  1.00000000,1,0,0.0,0.5
1476.2667,  1.00000000,1,0,0.0,0.5
1476.3000,  1.00000000,1,0,0.0,0.5
1476.3333,  1.00000000,1,0,0.0,0.5
1476.3667,  1.00000000,1,0,0.0,0.5
1476.4000,  1.00000000,1,0,0.0,0.5
1476.4333,  1.00000000,1,0,0.0,0.5
1476.4667,  1.00000000,1,0,0.025000000000000001,0.5
1476.5000,  1.00000000,1,0,0.0,0.5
1476.5333,  1.00000000,1,0,0.0,0.5
1476.5667,  1.00000000,1,0,0.0,0.5
1476.6000,  1.00000000,1,0,0.0,0.5
1476.6333,  1.00000000,1,0,0.0,0.5
1476.6667,  1.00000000,1,0,0.0,0.5
1476.7000,  1.00000000,1,0,0.0,0.5
1476.7333,  1.00000000,1,0,0.0,0.5
1476.7667,  1.00000000,1,0,0.0,0.5
1476.8000,  1.00000000,1,0,0.0,0.5
1476.8333,  1.00000000,1,0,0.0,0.5
1476.8667,  1.00000000,1,0,0.025000000000000001,0.5
1476.9000,  1.00000000,1,0,0.0,0.5
1476.9333,  1.00000000,1,0,0.0,0.5
1476.9667,  1.00000000,1,0,0.0,0.5
1477.0000,  1.00000000,1,0,0.0,0.5
1477.0333,  1.00000000,1,0,0.0,0.5
1477.0667,  1.00000000,1,0,0.0,0.5
1477.1000,  1.00000000,1,0,0.0,0.5
1477.1333,  1.00000000,1,0,0.0,0.5
1477.1667,  1.00000000,1,0,0.0,0.5
1477.2000,  1.00000000,1,0,0.0,0.5
1477.2333,  1.00000000,1,0,0.0,0.5
1477.2667,  1.00000000,1,0,0.0,0.5
1477.3000,  1.00000000,1,0,0.0,0.5
1477.3333,  1.00000000,1,0,0.0,0.5
1477.3667,  1.00000000,1,0,0.0,0.5
1477.4000,  1.00000000,1,0,0.0,0.5
1477.4333,  1.00000000,1,0,0.0,0.5
1477.4667,  1.00000000,1,0,0.0,0.5
1477.5000,  1.00000000,1,0,0.0,0.5
1477.5333,  1.00000000,1,0,0.025000000000000001,0.5
1477.5667,  1.00000000,1,0,0.0,0.5
1477.6000,  1.00000000,1,0,0.0,0.5
1477.6333,  1.00000000,1,0,0.0,0.5
1477.6667,  1.00000000,1,0,0.0,0.5
1477.7000,  1.00000000,1,0,0.0,0.5
1477.7333,  1.00000000,1,0,0.0,0.5
1477.7667,  1.00000000,1,0,0.0,0.5
1477.8000,  1.00000000,1,0,0.0,0.5
1477.8333,  1.00000000,1,0,0.0,0.5
1477.8667,  1.00000000,1,0,0.0,0.5
1477.9000,  1.00000000,1,0,0.0,0.5
1477.9333,  1.00000000,1,0,0.0,0.5
1477.9667,  1.00000000,1,0,0.025000000000000001,0.5
1478.0000,  1.00000000,1,0,0.0,0.5
1478.0333,  1.00000000,1,0,0.0,0.5
1478.0667,  1.00000000,1,0,0.0,0.5
1478.1000,  1.00000000,1,0,0.0,0.5
1478.1333,  1.00000000,1,0,0.0,0.5
1478.1667,  1.00000000,1,0,0.025000000000000001,0.5
1478.2000,  1.00000000,1,0,0.0,0.5
1478.2333,  1.00000000,1,0,0.0,0.5
1478.2667,  1.00000000,1,0,0.0,0.5
1478.3000,  1.00000000,1,0,0.0,0.5
1478.3333,  1.00000000,1,0,0.0,0.5
1478.3667,  1.00000000,1,0,0.0,0.5
1478.4000,  1.00000000,1,0,0.0,0.5
1478.4333,  1.00000000,1,0,0.0,0.5
1478.4667,  1.00000000,1,0,0.025000000000000001,0.5
1478.5000,  1.00000000,1,0,0.0,0.5
1478.5333,  1.00000000,1,0,0.025000000000000001,0.5
1478.5667,  1.00000000,1,0,0.0,0.5
1478.6000,  1.00000000,1,0,0.0,0.5
1478.6333,  1.00000000,1,0,0.0,0.5
1478.6667,  1.00000000,1,0,0.0,0.5
1478.7000,  1.00000000,1,0,0.0,0.5
1478.7333,  1.00000000,1,0,0.025000000000000001,0.5
1478.7667,  1.00000000,1,0,0.025000000000000001,0.5
1478.8000,  1.00000000,1,0,0.025000000000000001,0.5
1478.8333,  1.00000000,1,0,0.025000000000000001,0.5
1478.8667,  1.00000000,1,0,0.050000000000000003,0.5
1478.9000,  1.00000000,1,0,0.0,0.5
1478.9333,  1.00000000,1,0,0.0,0.5
1478.9667,  1.00000000,1,0,0.0,0.5
1479.0000,  1.00000000,1,0,0.0,0.5
1479.0333,  1.00000000,1,0,0.0,0.5
1479.0667,  1.00000000,1,0,0.0,0.5
1479.1000,  1.00000000,1,0,0.0,0.5
1479.1333,  1.00000000,1,0,0.025000000000000001,0.5
1479.1667,  1.00000000,1,0,0.025000000000000001,0.5
1479.2000,  1.00000000,1,0,0.0,0.5
1479.2333,  1.00000000,1,0,0.050000000000000003,0.5
1479.2667,  1.00000000,1,0,0.0,0.5
1479.3000,  1.00000000,1,0,0.025000000000000001,0.5
1479.3333,  1.00000000,1,0,0.0,0.5
1479.3667,  1.00000000,1,0,0.0,0.5
1479.4000,  1.00000000,1,0,0.0,0.5
1479.4333,  1.00000000,1,0,0.0,0.5
1479.4667,  1.00000000,1,0,0.0,0.5
1479.5000,  1.00000000,1,0,0.0,0.5
1479.5333,  1.00000000,1,0,0.025000000000000001,0.5
1479.5667,  1.00000000,1,0,0.0,0.5
1479.6000,  1.00000000,1,0,0.0,0.5
1479.6333,  1.00000000,1,0,0.0,0.5
1479.6667,  1.00000000,1,0,0.0,0.5
1479.7000,  1.00000000,1,0,0.0,0.5
1479.7333,  1.00000000,1,0,0.025000000000000001,0.5
1479.7667,  1.00000000,1,0,0.0,0.5
1479.8000,  1.00000000,1,0,0.0,0.5
1479.8333,  1.00000000,1,0,0.0,0.5
1479.8667,  1.00000000,1,0,0.0,0.5
1479.9000,  1.00000000,1,0,0.0,0.5
1479.9333,  1.00000000,1,0,0.0,0.5
1479.9667,  1.00000000,1,0,0.0,0.5
1480.0000,  1.00000000,1,0,0.0,0.5
1480.0333,  1.00000000,1,0,0.0,0.5
1480.0667,  1.00000000,1,0,0.025000000000000001,0.5
1480.1000,  1.00000000,1,0,0.0,0.5
1480.1333,  1.00000000,1,0,0.025000000000000001,0.5
1480.1667,  1.00000000,1,0,0.0,0.5
1480.2000,  1.00000000,1,0,0.0,0.5
1480.2333,  1.00000000,1,0,0.0,0.5
1480.2667,  1.00000000,1,0,0.025000000000000001,0.5
1480.3000,  1.00000000,1,0,0.0,0.5
1480.3333,  1.00000000,1,0,0.0,0.5
1480.3667,  1.00000000,1,0,0.0,0.5
1480.4000,  1.00000000,1,0,0.025000000000000001,0.5
1480.4333,  1.00000000,1,0,0.0,0.5
1480.4667,  1.00000000,1,0,0.0,0.5
1480.5000,  1.00000000,1,0,0.0,0.5
1480.5333,  1.00000000,1,0,0.0,0.5
1480.5667,  1.00000000,1,0,0.0,0.5
1480.6000,  1.00000000,1,0,0.0,0.5
1480.6333,  1.00000000,1,0,0.025000000000000001,0.5
1480.6667,  1.00000000,1,0,0.0,0.5
1480.7000,  1.00000000,1,0,0.0,0.5
1480.7333,  1.00000000,1,0,0.0,0.5
1480.7667,  1.00000000,1,0,0.0,0.5
1480.8000,  1.00000000,1,0,0.0,0.5
1480.8333,  1.00000000,1,0,0.025000000000000001,0.5
1480.8667,  1.00000000,1,0,0.0,0.5
1480.9000,  1.00000000,1,0,0.025000000000000001,0.5
1480.9333,  1.00000000,1,0,0.0,0.5
1480.9667,  1.00000000,1,0,0.0,0.5
1481.0000,  1.00000000,1,0,0.0,0.5
1481.0333,  1.00000000,1,0,0.0,0.5
1481.0667,  1.00000000,1,0,0.025000000000000001,0.5
1481.1000,  1.00000000,1,0,0.0,0.5
1481.1333,  1.00000000,1,0,0.025000000000000001,0.5
1481.1667,  1.00000000,1,0,0.0,0.5
1481.2000,  1.00000000,1,0,0.025000000000000001,0.5
1481.2333,  1.00000000,1,0,0.0,0.5
1481.2667,  1.00000000,1,0,0.0,0.5
1481.3000,  1.00000000,1,0,0.0,0.5
1481.3333,  1.00000000,1,0,0.0,0.5
1481.3667,  1.00000000,1,0,0.0,0.5
1481.4000,  1.00000000,1,0,0.0,0.5
1481.4333,  1.00000000,1,0,0.0,0.5
1481.4667,  1.00000000,1,0,0.025000000000000001,0.5
1481.5000,  1.00000000,1,0,0.025000000000000001,0.5
1481.5333,  1.00000000,1,0,0.025000000000000001,0.5
1481.5667,  1.00000000,1,0,0.0,0.5
1481.6000,  1.00000000,1,0,0.025000000000000001,0.5
1481.6333,  1.00000000,1,0,0.025000000000000001,0.5
1481.6667,  1.00000000,1,0,0.0,0.5
1481.7000,  1.00000000,1,0,0.025000000000000001,0.5
1481.7333,  1.00000000,1,0,0.025000000000000001,0.5
1481.7667,  1.00000000,1,0,0.0,0.5
1481.8000,  1.00000000,1,0,0.0,0.5
1481.8333,  1.00000000,1,0,0.025000000000000001,0.5
1481.8667,  1.00000000,1,0,0.025000000000000001,0.5
1481.9000,  1.00000000,1,0,0.0,0.5
1481.9333,  1.00000000,1,0,0.0,0.5
1481.9667,  1.00000000,1,0,0.0,0.5
1482.0000,  1.00000000,1,0,0.0,0.5
1482.0333,  1.00000000,1,0,0.050000000000000003,0.5
1482.0667,  1.00000000,1,0,0.0,0.5
1482.1000,  1.00000000,1,0,0.0,0.5
1482.1333,  1.00000000,1,0,0.050000000000000003,0.5
1482.1667,  1.00000000,1,0,0.0,0.5
1482.2000,  1.00000000,1,0,0.0,0.5
1482.2333,  1.00000000,1,0,0.0,0.5
1482.2667,  1.00000000,1,0,0.0,0.5
1482.3000,  1.00000000,1,0,0.0,0.5
1482.3333,  1.00000000,1,0,0.0,0.5
1482.3667,  1.00000000,1,0,0.0,0.5
1482.4000,  1.00000000,1,0,0.0,0.5
1482.4333,  1.00000000,1,0,0.025000000000000001,0.5
1482.4667,  1.00000000,1,0,0.0,0.5
1482.5000,  1.00000000,1,0,0.0,0.5
1482.5333,  1.00000000,1,0,0.0,0.5
1482.5667,  1.00000000,1,0,0.025000000000000001,0.5
1482.6000,  1.00000000,1,0,0.0,0.5
1482.6333,  1.00000000,1,0,0.0,0.5
1482.6667,  1.00000000,1,0,0.0,0.5
1482.7000,  1.00000000,1,0,0.0,0.5
1482.7333,  1.00000000,1,0,0.0,0.5
1482.7667,  1.00000000,1,0,0.0,0.5
1482.8000,  1.00000000,1,0,0.0,0.5
1482.8333,  1.00000000,1,0,0.025000000000000001,0.5
1482.8667,  1.00000000,1,0,0.0,0.5
1482.9000,  1.00000000,1,0,0.025000000000000001,0.5
1482.9333,  1.00000000,1,0,0.025000000000000001,0.5
1482.9667,  1.00000000,1,0,0.0,0.5
1483.0000,  1.00000000,1,0,0.025000000000000001,0.5
1483.0333,  1.00000000,1,0,0.0,0.5
1483.0667,  1.00000000,1,0,0.0,0.5
1483.1000,  1.00000000,1,0,0.0,0.5
1483.1333,  1.00000000,1,0,0.025000000000000001,0.5
1483.1667,  1.00000000,1,0,0.0,0.5
1483.2000,  1.00000000,1,0,0.0,0.5
1483.2333,  1.00000000,1,0,0.0,0.5
1483.2667,  1.00000000,1,0,0.0,0.5
1483.3000,  1.00000000,1,0,0.025000000000000001,0.5
1483.3333,  1.00000000,1,0,0.025000000000000001,0.5
1483.3667,  1.00000000,1,0,0.0,0.5
1483.4000,  1.00000000,1,0,0.0,0.5
1483.4333,  1.00000000,1,0,0.025000000000000001,0.5
1483.4667,  1.00000000,1,0,0.0,0.5
1483.5000,  1.00000000,1,0,0.025000000000000001,0.5
1483.5333,  1.00000000,1,0,0.0,0.5
1483.5667,  1.00000000,1,0,0.0,0.5
1483.6000,  1.00000000,1,0,0.0,0.5
1483.6333,  1.00000000,1,0,0.0,0.5
1483.6667,  1.00000000,1,0,0.0,0.5
1483.7000,  1.00000000,1,0,0.0,0.5
1483.7333,  1.00000000,1,0,0.0,0.5
1483.7667,  1.00000000,1,0,0.0,0.5
1483.8000,  1.00000000,1,0,0.0,0.5
1483.8333,  1.00000000,1,0,0.0,0.5
1483.8667,  1.00000000,1,0,0.0,0.5
1483.9000,  1.00000000,1,0,0.0,0.5
1483.9333,  1.00000000,1,0,0.0,0.5
1483.9667,  1.00000000,1,0,0.0,0.5
1484.0000,  1.00000000,1,0,0.0,0.5
1484.0333,  1.00000000,1,0,0.0,0.5
1484.0667,  1.00000000,1,0,0.0,0.5
1484.1000,  1.00000000,1,0,0.025000000000000001,0.5
1484.1333,  1.00000000,1,0,0.0,0.5
1484.1667,  1.00000000,1,0,0.0,0.5
1484.2000,  1.00000000,1,0,0.0,0.5
1484.2333,  1.00000000,1,0,0.0,0.5
1484.2667,  1.00000000,1,0,0.0,0.5
1484.3000,  1.00000000,1,0,0.025000000000000001,0.5
1484.3333,  1.00000000,1,0,0.0,0.5
1484.3667,  1.00000000,1,0,0.0,0.5
1484.4000,  1.00000000,1,0,0.0,0.5
1484.4333,  1.00000000,1,0,0.0,0.5
1484.4667,  1.00000000,1,0,0.0,0.5
1484.5000,  1.00000000,1,0,0.0,0.5
1484.5333,  1.00000000,1,0,0.0,0.5
1484.5667,  1.00000000,1,0,0.0,0.5
1484.6000,  1.00000000,1,0,0.0,0.5
1484.6333,  1.00000000,1,0,0.0,0.5
1484.6667,  1.00000000,1,0,0.0,0.5
1484.7000,  1.00000000,1,0,0.0,0.5
1484.7333,  1.00000000,1,0,0.0,0.5
1484.7667,  1.00000000,1,0,0.0,0.5
1484.8000,  1.00000000,1,0,0.0,0.5
1484.8333,  1.00000000,1,0,0.025000000000000001,0.5
1484.8667,  1.00000000,1,0,0.0,0.5
1484.9000,  1.00000000,1,0,0.0,0.5
1484.9333,  1.00000000,1,0,0.0,0.5
1484.9667,  1.00000000,1,0,0.0,0.5
1485.0000,  1.00000000,1,0,0.0,0.5
1485.0333,  1.00000000,1,0,0.0,0.5
1485.0667,  1.00000000,1,0,0.0,0.5
1485.1000,  1.00000000,1,0,0.0,0.5
1485.1333,  1.00000000,1,0,0.0,0.5
1485.1667,  1.00000000,1,0,0.0,0.5
1485.2000,  1.00000000,1,0,0.0,0.5
1485.2333,  1.00000000,1,0,0.0,0.5
1485.2667,  1.00000000,1,0,0.0,0.5
1485.3000,  1.00000000,1,0,0.0,0.5
1485.3333,  1.00000000,1,0,0.0,0.5
1485.3667,  1.00000000,1,0,0.0,0.5
1485.4000,  1.00000000,1,0,0.0,0.5
1485.4333,  1.00000000,1,0,0.050000000000000003,0.5
1485.4667,  1.00000000,1,0,0.0,0.5
1485.5000,  1.00000000,1,0,0.0,0.5
1485.5333,  1.00000000,1,0,0.0,0.5
1485.5667,  1.00000000,1,0,0.025000000000000001,0.5
1485.6000,  1.00000000,1,0,0.0,0.5
1485.6333,  1.00000000,1,0,0.0,0.5
1485.6667,  1.00000000,1,0,0.0,0.5
1485.7000,  1.00000000,1,0,0.025000000000000001,0.5
1485.7333,  1.00000000,1,0,0.0,0.5
1485.7667,  1.00000000,1,0,0.0,0.5
1485.8000,  1.00000000,1,0,0.050000000000000003,0.5
1485.8333,  1.00000000,1,0,0.050000000000000003,0.5
1485.8667,  1.00000000,1,0,0.025000000000000001,0.5
1485.9000,  1.00000000,1,0,0.025000000000000001,0.5
1485.9333,  1.00000000,1,0,0.0,0.5
1485.9667,  1.00000000,1,0,0.0,0.5
1486.0000,  1.00000000,1,0,0.050000000000000003,0.5
1486.0333,  1.00000000,1,0,0.025000000000000001,0.5
1486.0667,  1.00000000,1,0,0.0,0.5
1486.1000,  1.00000000,1,0,0.025000000000000001,0.5
1486.1333,  1.00000000,1,0,0.025000000000000001,0.5
1486.1667,  1.00000000,1,0,0.025000000000000001,0.5
1486.2000,  1.00000000,1,0,0.050000000000000003,0.5
1486.2333,  1.00000000,1,0,0.025000000000000001,0.5
1486.2667,  1.00000000,1,0,0.025000000000000001,0.5
1486.3000,  1.00000000,1,0,0.025000000000000001,0.5
1486.3333,  1.00000000,1,0,0.0,0.5
1486.3667,  1.00000000,1,0,0.0,0.5
1486.4000,  1.00000000,1,0,0.0,0.5
1486.4333,  1.00000000,1,0,0.0,0.5
1486.4667,  1.00000000,1,0,0.0,0.5
1486.5000,  1.00000000,1,0,0.0,0.5
1486.5333,  1.00000000,1,0,0.0,0.5
1486.5667,  1.00000000,1,0,0.0,0.5
1486.6000,  1.00000000,1,0,0.0,0.5
1486.6333,  1.00000000,1,0,0.0,0.5
1486.6667,  1.00000000,1,0,0.0,0.5
1486.7000,  1.00000000,1,0,0.0,0.5
1486.7333,  1.00000000,1,0,0.025000000000000001,0.5
1486.7667,  1.00000000,1,0,0.0,0.5
1486.8000,  1.00000000,1,0,0.0,0.5
1486.8333,  1.00000000,1,0,0.0,0.5
1486.8667,  1.00000000,1,0,0.025000000000000001,0.5
1486.9000,  1.00000000,1,0,0.0,0.5
1486.9333,  1.00000000,1,0,0.0,0.5
1486.9667,  1.00000000,1,0,0.0,0.5
1487.0000,  1.00000000,1,0,0.0,0.5
1487.0333,  1.00000000,1,0,0.025000000000000001,0.5
1487.0667,  1.00000000,1,0,0.0,0.5
1487.1000,  1.00000000,1,0,0.0,0.5
1487.1333,  1.00000000,1,0,0.025000000000000001,0.5
1487.1667,  1.00000000,1,0,0.0,0.5
1487.2000,  1.00000000,1,0,0.025000000000000001,0.5
1487.2333,  1.00000000,1,0,0.0,0.5
1487.2667,  1.00000000,1,0,0.0,0.5
1487.3000,  1.00000000,1,0,0.0,0.5
1487.3333,  1.00000000,1,0,0.0,0.5
1487.3667,  1.00000000,1,0,0.0,0.5
1487.4000,  1.00000000,1,0,0.0,0.5
1487.4333,  1.00000000,1,0,0.0,0.5
1487.4667,  1.00000000,1,0,0.025000000000000001,0.5
1487.5000,  1.00000000,1,0,0.0,0.5
1487.5333,  1.00000000,1,0,0.050000000000000003,0.5
1487.5667,  1.00000000,1,0,0.0,0.5
1487.6000,  1.00000000,1,0,0.0,0.5
1487.6333,  1.00000000,1,0,0.0,0.5
1487.6667,  1.00000000,1,0,0.0,0.5
1487.7000,  1.00000000,1,0,0.0,0.5
1487.7333,  1.00000000,1,0,0.025000000000000001,0.5
1487.7667,  1.00000000,1,0,0.0,0.5
1487.8000,  1.00000000,1,0,0.0,0.5
1487.8333,  1.00000000,1,0,0.0,0.5
1487.8667,  1.00000000,1,0,0.0,0.5
1487.9000,  1.00000000,1,0,0.0,0.5
1487.9333,  1.00000000,1,0,0.0,0.5
1487.9667,  1.00000000,1,0,0.0,0.5
1488.0000,  1.00000000,1,0,0.0,0.5
1488.0333,  1.00000000,1,0,0.0,0.5
1488.0667,  1.00000000,1,0,0.0,0.5
1488.1000,  1.00000000,1,0,0.0,0.5
1488.1333,  1.00000000,1,0,0.0,0.5
1488.1667,  1.00000000,1,0,0.0,0.5
1488.2000,  1.00000000,1,0,0.0,0.5
1488.2333,  1.00000000,1,0,0.0,0.5
1488.2667,  1.00000000,1,0,0.0,0.5
1488.3000,  1.00000000,1,0,0.025000000000000001,0.5
1488.3333,  1.00000000,1,0,0.025000000000000001,0.5
1488.3667,  1.00000000,1,0,0.0,0.5
1488.4000,  1.00000000,1,0,0.0,0.5
1488.4333,  1.00000000,1,0,0.0,0.5
1488.4667,  1.00000000,1,0,0.025000000000000001,0.5
1488.5000,  1.00000000,1,0,0.0,0.5
1488.5333,  1.00000000,1,0,0.0,0.5
1488.5667,  1.00000000,1,0,0.0,0.5
1488.6000,  1.00000000,1,0,0.0,0.5
1488.6333,  1.00000000,1,0,0.0,0.5
1488.6667,  1.00000000,1,0,0.025000000000000001,0.5
1488.7000,  1.00000000,1,0,0.0,0.5
1488.7333,  1.00000000,1,0,0.0,0.5
1488.7667,  1.00000000,1,0,0.0,0.5
1488.8000,  1.00000000,1,0,0.0,0.5
1488.8333,  1.00000000,1,0,0.0,0.5
1488.8667,  1.00000000,1,0,0.0,0.5
1488.9000,  1.00000000,1,0,0.025000000000000001,0.5
1488.9333,  1.00000000,1,0,0.0,0.5
1488.9667,  1.00000000,1,0,0.0,0.5
1489.0000,  1.00000000,1,0,0.0,0.5
1489.0333,  1.00000000,1,0,0.0,0.5
1489.0667,  1.00000000,1,0,0.0,0.5
1489.1000,  1.00000000,1,0,0.0,0.5
1489.1333,  1.00000000,1,0,0.0,0.5
1489.1667,  1.00000000,1,0,0.0,0.5
1489.2000,  1.00000000,1,0,0.0,0.5
1489.2333,  1.00000000,1,0,0.025000000000000001,0.5
1489.2667,  1.00000000,1,0,0.025000000000000001,0.5
1489.3000,  1.00000000,1,0,0.0,0.5
1489.3333,  1.00000000,1,0,0.0,0.5
1489.3667,  1.00000000,1,0,0.0,0.5
1489.4000,  1.00000000,1,0,0.0,0.5
1489.4333,  1.00000000,1,0,0.0,0.5
1489.4667,  1.00000000,1,0,0.0,0.5
1489.5000,  1.00000000,1,0,0.025000000000000001,0.5
1489.5333,  1.00000000,1,0,0.0,0.5
1489.5667,  1.00000000,1,0,0.050000000000000003,0.5
1489.6000,  1.00000000,1,0,0.0,0.5
1489.6333,  1.00000000,1,0,0.0,0.5
1489.6667,  1.00000000,1,0,0.0,0.5
1489.7000,  1.00000000,1,0,0.0,0.5
1489.7333,  1.00000000,1,0,0.0,0.5
1489.7667,  1.00000000,1,0,0.025000000000000001,0.5
1489.8000,  1.00000000,1,0,0.0,0.5
1489.8333,  1.00000000,1,0,0.025000000000000001,0.5
1489.8667,  1.00000000,1,0,0.025000000000000001,0.5
1489.9000,  1.00000000,1,0,0.0,0.5
1489.9333,  1.00000000,1,0,0.025000000000000001,0.5
1489.9667,  1.00000000,1,0,0.0,0.5
1490.0000,  1.00000000,1,0,0.025000000000000001,0.5
1490.0333,  1.00000000,1,0,0.025000000000000001,0.5
1490.0667,  1.00000000,1,0,0.025000000000000001,0.5
1490.1000,  1.00000000,1,0,0.025000000000000001,0.5
1490.1333,  1.00000000,1,0,0.025000000000000001,0.5
1490.1667,  1.00000000,1,0,0.050000000000000003,0.5
1490.2000,  1.00000000,1,0,0.0,0.5
1490.2333,  1.00000000,1,0,0.025000000000000001,0.5
1490.2667,  1.00000000,1,0,0.0,0.5
1490.3000,  1.00000000,1,0,0.0,0.5
1490.3333,  1.00000000,1,0,0.0,0.5
1490.3667,  1.00000000,1,0,0.0,0.5
1490.4000,  1.00000000,1,0,0.0,0.5
1490.4333,  1.00000000,1,0,0.0,0.5
1490.4667,  1.00000000,1,0,0.0,0.5
1490.5000,  1.00000000,1,0,0.0,0.5
1490.5333,  1.00000000,1,0,0.0,0.5
1490.5667,  1.00000000,1,0,0.0,0.5
1490.6000,  1.00000000,1,0,0.0,0.5
1490.6333,  1.00000000,1,0,0.0,0.5
1490.6667,  1.00000000,1,0,0.0,0.5
1490.7000,  1.00000000,1,0,0.0,0.5
1490.7333,  1.00000000,1,0,0.0,0.5
1490.7667,  1.00000000,1,0,0.0,0.5
1490.8000,  1.00000000,1,0,0.0,0.5
1490.8333,  1.00000000,1,0,0.0,0.5
1490.8667,  1.00000000,1,0,0.025000000000000001,0.5
1490.9000,  1.00000000,1,0,0.0,0.5
1490.9333,  1.00000000,1,0,0.0,0.5
1490.9667,  1.00000000,1,0,0.0,0.5
1491.0000,  1.00000000,1,0,0.0,0.5
1491.0333,  1.00000000,1,0,0.025000000000000001,0.5
1491.0667,  1.00000000,1,0,0.0,0.5
1491.1000,  1.00000000,1,0,0.025000000000000001,0.5
1491.1333,  1.00000000,1,0,0.0,0.5
1491.1667,  1.00000000,1,0,0.0,0.5
1491.2000,  1.00000000,1,0,0.025000000000000001,0.5
1491.2333,  1.00000000,1,0,0.0,0.5
1491.2667,  1.00000000,1,0,0.025000000000000001,0.5
1491.3000,  1.00000000,1,0,0.0,0.5
1491.3333,  1.00000000,1,0,0.0,0.5
1491.3667,  1.00000000,1,0,0.025000000000000001,0.5
1491.4000,  1.00000000,1,0,0.025000000000000001,0.5
1491.4333,  1.00000000,1,0,0.0,0.5
1491.4667,  1.00000000,1,0,0.025000000000000001,0.5
1491.5000,  1.00000000,1,0,0.0,0.5
1491.5333,  1.00000000,1,0,0.0,0.5
1491.5667,  1.00000000,1,0,0.0,0.5
1491.6000,  1.00000000,1,0,0.0,0.5
1491.6333,  1.00000000,1,0,0.0,0.5
1491.6667,  1.00000000,1,0,0.025000000000000001,0.5
1491.7000,  1.00000000,1,0,0.0,0.5
1491.7333,  1.00000000,1,0,0.0,0.5
1491.7667,  1.00000000,1,0,0.0,0.5
1491.8000,  1.00000000,1,0,0.025000000000000001,0.5
1491.8333,  1.00000000,1,0,0.025000000000000001,0.5
1491.8667,  1.00000000,1,0,0.0,0.5
1491.9000,  1.00000000,1,0,0.0,0.5
1491.9333,  1.00000000,1,0,0.025000000000000001,0.5
1491.9667,  1.00000000,1,0,0.0,0.5
1492.0000,  1.00000000,1,0,0.0,0.5
1492.0333,  1.00000000,1,0,0.025000000000000001,0.5
1492.0667,  1.00000000,1,0,0.0,0.5
1492.1000,  1.00000000,1,0,0.0,0.5
1492.1333,  1.00000000,1,0,0.0,0.5
1492.1667,  1.00000000,1,0,0.0,0.5
1492.2000,  1.00000000,1,0,0.0,0.5
1492.2333,  1.00000000,1,0,0.0,0.5
1492.2667,  1.00000000,1,0,0.0,0.5
1492.3000,  1.00000000,1,0,0.0,0.5
1492.3333,  1.00000000,1,0,0.0,0.5
1492.3667,  1.00000000,1,0,0.0,0.5
1492.4000,  1.00000000,1,0,0.0,0.5
1492.4333,  1.00000000,1,0,0.025000000000000001,0.5
1492.4667,  1.00000000,1,0,0.025000000000000001,0.5
1492.5000,  1.00000000,1,0,0.0,0.5
1492.5333,  1.00000000,1,0,0.0,0.5
1492.5667,  1.00000000,1,0,0.0,0.5
1492.6000,  1.00000000,1,0,0.0,0.5
1492.6333,  1.00000000,1,0,0.0,0.5
1492.6667,  1.00000000,1,0,0.0,0.5
1492.7000,  1.00000000,1,0,0.0,0.5
1492.7333,  1.00000000,1,0,0.025000000000000001,0.5
1492.7667,  1.00000000,1,0,0.0,0.5
1492.8000,  1.00000000,1,0,0.0,0.5
1492.8333,  1.00000000,1,0,0.0,0.5
1492.8667,  1.00000000,1,0,0.0,0.5
1492.9000,  1.00000000,1,0,0.0,0.5
1492.9333,  1.00000000,1,0,0.0,0.5
1492.9667,  1.00000000,1,0,0.025000000000000001,0.5
1493.0000,  1.00000000,1,0,0.025000000000000001,0.5
1493.0333,  1.00000000,1,0,0.0,0.5
1493.0667,  1.00000000,1,0,0.025000000000000001,0.5
1493.1000,  1.00000000,1,0,0.0,0.5
1493.1333,  1.00000000,1,0,0.0,0.5
1493.1667,  1.00000000,1,0,0.0,0.5
1493.2000,  1.00000000,1,0,0.0,0.5
1493.2333,  1.00000000,1,0,0.0,0.5
1493.2667,  1.00000000,1,0,0.0,0.5
1493.3000,  1.00000000,1,0,0.0,0.5
1493.3333,  1.00000000,1,0,0.0,0.5
1493.3667,  1.00000000,1,0,0.0,0.5
1493.4000,  1.00000000,1,0,0.0,0.5
1493.4333,  1.00000000,1,0,0.025000000000000001,0.5
1493.4667,  1.00000000,1,0,0.025000000000000001,0.5
1493.5000,  1.00000000,1,0,0.0,0.5
1493.5333,  1.00000000,1,0,0.0,0.5
1493.5667,  1.00000000,1,0,0.025000000000000001,0.5
1493.6000,  1.00000000,1,0,0.0,0.5
1493.6333,  1.00000000,1,0,0.0,0.5
1493.6667,  1.00000000,1,0,0.0,0.5
1493.7000,  1.00000000,1,0,0.0,0.5
1493.7333,  1.00000000,1,0,0.050000000000000003,0.5
1493.7667,  1.00000000,1,0,0.0,0.5
1493.8000,  1.00000000,1,0,0.0,0.5
1493.8333,  1.00000000,1,0,0.0,0.5
1493.8667,  1.00000000,1,0,0.0,0.5
1493.9000,  1.00000000,1,0,0.0,0.5
1493.9333,  1.00000000,1,0,0.0,0.5
1493.9667,  1.00000000,1,0,0.0,0.5
1494.0000,  1.00000000,1,0,0.0,0.5
1494.0333,  1.00000000,1,0,0.0,0.5
1494.0667,  1.00000000,1,0,0.0,0.5
1494.1000,  1.00000000,1,0,0.0,0.5
1494.1333,  1.00000000,1,0,0.0,0.5
1494.1667,  1.00000000,1,0,0.0,0.5
1494.2000,  1.00000000,1,0,0.025000000000000001,0.5
1494.2333,  1.00000000,1,0,0.0,0.5
1494.2667,  1.00000000,1,0,0.0,0.5
1494.3000,  1.00000000,1,0,0.0,0.5
1494.3333,  1.00000000,1,0,0.0,0.5
1494.3667,  1.00000000,1,0,0.025000000000000001,0.5
1494.4000,  1.00000000,1,0,0.0,0.5
1494.4333,  1.00000000,1,0,0.0,0.5
1494.4667,  1.00000000,1,0,0.0,0.5
1494.5000,  1.00000000,1,0,0.025000000000000001,0.5
1494.5333,  1.00000000,1,0,0.0,0.5
1494.5667,  1.00000000,1,0,0.025000000000000001,0.5
1494.6000,  1.00000000,1,0,0.025000000000000001,0.5
1494.6333,  1.00000000,1,0,0.0,0.5
1494.6667,  1.00000000,1,0,0.025000000000000001,0.5
1494.7000,  1.00000000,1,0,0.0,0.5
1494.7333,  1.00000000,1,0,0.0,0.5
1494.7667,  1.00000000,1,0,0.025000000000000001,0.5
1494.8000,  1.00000000,1,0,0.0,0.5
1494.8333,  1.00000000,1,0,0.0,0.5
1494.8667,  1.00000000,1,0,0.025000000000000001,0.5
1494.9000,  1.00000000,1,0,0.0,0.5
1494.9333,  1.00000000,1,0,0.0,0.5
1494.9667,  1.00000000,1,0,0.0,0.5
1495.0000,  1.00000000,1,0,0.0,0.5
1495.0333,  1.00000000,1,0,0.025000000000000001,0.5
1495.0667,  1.00000000,1,0,0.0,0.5
1495.1000,  1.00000000,1,0,0.025000000000000001,0.5
1495.1333,  1.00000000,1,0,0.0,0.5
1495.1667,  1.00000000,1,0,0.0,0.5
1495.2000,  1.00000000,1,0,0.0,0.5
1495.2333,  1.00000000,1,0,0.0,0.5
1495.2667,  1.00000000,1,0,0.0,0.5
1495.3000,  1.00000000,1,0,0.0,0.5
1495.3333,  1.00000000,1,0,0.0,0.5
1495.3667,  1.00000000,1,0,0.0,0.5
1495.4000,  1.00000000,1,0,0.0,0.5
1495.4333,  1.00000000,1,0,0.0,0.5
1495.4667,  1.00000000,1,0,0.0,0.5
1495.5000,  1.00000000,1,0,0.0,0.5
1495.5333,  1.00000000,1,0,0.025000000000000001,0.5
1495.5667,  1.00000000,1,0,0.0,0.5
1495.6000,  1.00000000,1,0,0.0,0.5
1495.6333,  1.00000000,1,0,0.0,0.5
1495.6667,  1.00000000,1,0,0.0,0.5
1495.7000,  1.00000000,1,0,0.0,0.5
1495.7333,  1.00000000,1,0,0.0,0.5
1495.7667,  1.00000000,1,0,0.0,0.5
1495.8000,  1.00000000,1,0,0.0,0.5
1495.8333,  1.00000000,1,0,0.025000000000000001,0.5
1495.8667,  1.00000000,1,0,0.025000000000000001,0.5
1495.9000,  1.00000000,1,0,0.0,0.5
1495.9333,  1.00000000,1,0,0.025000000000000001,0.5
1495.9667,  1.00000000,1,0,0.0,0.5
1496.0000,  1.00000000,1,0,0.0,0.5
1496.0333,  1.00000000,1,0,0.0,0.5
1496.0667,  1.00000000,1,0,0.0,0.5
1496.1000,  1.00000000,1,0,0.0,0.5
1496.1333,  1.00000000,1,0,0.0,0.5
1496.1667,  1.00000000,1,0,0.025000000000000001,0.5
1496.2000,  1.00000000,1,0,0.0,0.5
1496.2333,  1.00000000,1,0,0.0,0.5
1496.2667,  1.00000000,1,0,0.0,0.5
1496.3000,  1.00000000,1,0,0.0,0.5
1496.3333,  1.00000000,1,0,0.025000000000000001,0.5
1496.3667,  1.00000000,1,0,0.0,0.5
1496.4000,  1.00000000,1,0,0.0,0.5
1496.4333,  1.00000000,1,0,0.025000000000000001,0.5
1496.4667,  1.00000000,1,0,0.0,0.5
1496.5000,  1.00000000,1,0,0.0,0.5
1496.5333,  1.00000000,1,0,0.0,0.5
1496.5667,  1.00000000,1,0,0.0,0.5
1496.6000,  1.00000000,1,0,0.0,0.5
1496.6333,  1.00000000,1,0,0.025000000000000001,0.5
1496.6667,  1.00000000,1,0,0.025000000000000001,0.5
1496.7000,  1.00000000,1,0,0.0,0.5
1496.7333,  1.00000000,1,0,0.0,0.5
1496.7667,  1.00000000,1,0,0.0,0.5
1496.8000,  1.00000000,1,0,0.0,0.5
1496.8333,  1.00000000,1,0,0.0,0.5
1496.8667,  1.00000000,1,0,0.0,0.5
1496.9000,  1.00000000,1,0,0.0,0.5
1496.9333,  1.00000000,1,0,0.025000000000000001,0.5
1496.9667,  1.00000000,1,0,0.025000000000000001,0.5
1497.0000,  1.00000000,1,0,0.025000000000000001,0.5
1497.0333,  1.00000000,1,0,0.0,0.5
1497.0667,  1.00000000,1,0,0.0,0.5
1497.1000,  1.00000000,1,0,0.0,0.5
1497.1333,  1.00000000,1,0,0.0,0.5
1497.1667,  1.00000000,1,0,0.0,0.5
1497.2000,  1.00000000,1,0,0.0,0.5
1497.2333,  1.00000000,1,0,0.0,0.5
1497.2667,  1.00000000,1,0,0.0,0.5
1497.3000,  1.00000000,1,0,0.0,0.5
1497.3333,  1.00000000,1,0,0.0,0.5
1497.3667,  1.00000000,1,0,0.0,0.5
1497.4000,  1.00000000,1,0,0.025000000000000001,0.5
1497.4333,  1.00000000,1,0,0.025000000000000001,0.5
1497.4667,  1.00000000,1,0,0.0,0.5
1497.5000,  1.00000000,1,0,0.0,0.5
1497.5333,  1.00000000,1,0,0.0,0.5
1497.5667,  1.00000000,1,0,0.0,0.5
1497.6000,  1.00000000,1,0,0.0,0.5
1497.6333,  1.00000000,1,0,0.0,0.5
1497.6667,  1.00000000,1,0,0.025000000000000001,0.5
1497.7000,  1.00000000,1,0,0.025000000000000001,0.5
1497.7333,  1.00000000,1,0,0.0,0.5
1497.7667,  1.00000000,1,0,0.0,0.5
1497.8000,  1.00000000,1,0,0.0,0.5
1497.8333,  1.00000000,1,0,0.025000000000000001,0.5
1497.8667,  1.00000000,1,0,0.025000000000000001,0.5
1497.9000,  1.00000000,1,0,0.0,0.5
1497.9333,  1.00000000,1,0,0.0,0.5
1497.9667,  1.00000000,1,0,0.0,0.5
1498.0000,  1.00000000,1,0,0.025000000000000001,0.5
1498.0333,  1.00000000,1,0,0.025000000000000001,0.5
1498.0667,  1.00000000,1,0,0.0,0.5
1498.1000,  1.00000000,1,0,0.050000000000000003,0.5
1498.1333,  1.00000000,1,0,0.0,0.5
1498.1667,  1.00000000,1,0,0.025000000000000001,0.5
1498.2000,  1.00000000,1,0,0.025000000000000001,0.5
1498.2333,  1.00000000,1,0,0.025000000000000001,0.5
1498.2667,  1.00000000,1,0,0.0,0.5
1498.3000,  1.00000000,1,0,0.050000000000000003,0.5
1498.3333,  1.00000000,1,0,0.0,0.5
1498.3667,  1.00000000,1,0,0.0,0.5
1498.4000,  1.00000000,1,0,0.025000000000000001,0.5
1498.4333,  1.00000000,1,0,0.0,0.5
1498.4667,  1.00000000,1,0,0.025000000000000001,0.5
1498.5000,  1.00000000,1,0,0.0,0.5
1498.5333,  1.00000000,1,0,0.025000000000000001,0.5
1498.5667,  1.00000000,1,0,0.025000000000000001,0.5
1498.6000,  1.00000000,1,0,0.025000000000000001,0.5
1498.6333,  1.00000000,1,0,0.0,0.5
1498.6667,  1.00000000,1,0,0.0,0.5
1498.7000,  1.00000000,1,0,0.0,0.5
1498.7333,  1.00000000,1,0,0.0,0.5
1498.7667,  1.00000000,1,0,0.0,0.5
1498.8000,  1.00000000,1,0,0.0,0.5
1498.8333,  1.00000000,1,0,0.0,0.5
1498.8667,  1.00000000,1,0,0.025000000000000001,0.5
1498.9000,  1.00000000,1,0,0.0,0.5
1498.9333,  1.00000000,1,0,0.025000000000000001,0.5
1498.9667,  1.00000000,1,0,0.0,0.5
1499.0000,  1.00000000,1,0,0.0,0.5
1499.0333,  1.00000000,1,0,0.025000000000000001,0.5
1499.0667,  1.00000000,1,0,0.0,0.5
1499.1000,  1.00000000,1,0,0.0,0.5
1499.1333,  1.00000000,1,0,0.0,0.5
1499.1667,  1.00000000,1,0,0.0,0.5
1499.2000,  1.00000000,1,0,0.0,0.5
1499.2333,  1.00000000,1,0,0.0,0.5
1499.2667,  1.00000000,1,0,0.050000000000000003,0.5
1499.3000,  1.00000000,1,0,0.0,0.5
1499.3333,  1.00000000,1,0,0.0,0.5
1499.3667,  1.00000000,1,0,0.0,0.5
1499.4000,  1.00000000,1,0,0.0,0.5
1499.4333,  1.00000000,1,0,0.0,0.5
1499.4667,  1.00000000,1,0,0.025000000000000001,0.5
1499.5000,  1.00000000,1,0,0.0,0.5
1499.5333,  1.00000000,1,0,0.0,0.5
1499.5667,  1.00000000,1,0,0.025000000000000001,0.5
1499.6000,  1.00000000,1,0,0.0,0.5
1499.6333,  1.00000000,1,0,0.0,0.5
1499.6667,  1.00000000,1,0,0.0,0.5
1499.7000,  1.00000000,1,0,0.0,0.5
1499.7333,  1.00000000,1,0,0.0,0.5
1499.7667,  1.00000000,1,0,0.0,0.5
1499.8000,  1.00000000,1,0,0.0,0.5
1499.8333,  1.00000000,1,0,0.0,0.5
1499.8667,  1.00000000,1,0,0.0,0.5
1499.9000,  1.00000000,1,0,0.0,0.5
1499.9333,  1.00000000,1,0,0.0,0.5
1499.9667,  1.00000000,1,0,0.0,0.5
1500.0000,  1.00000000,1,0,0.0,0.5
1500.0333,  1.00000000,1,0,0.0,0.5
1500.0667,  1.00000000,1,0,0.0,0.5
1500.1000,  1.00000000,1,0,0.0,0.5
1500.1333,  1.00000000,1,0,0.0,0.5
1500.1667,  1.00000000,1,0,0.0,0.5
1500.2000,  1.00000000,1,0,0.0,0.5
1500.2333,  1.00000000,1,0,0.0,0.5
1500.2667,  1.00000000,1,0,0.0,0.5
1500.3000,  1.00000000,1,0,0.0,0.5
1500.3333,  1.00000000,1,0,0.0,0.5
1500.3667,  1.00000000,1,0,0.0,0.5
1500.4000,  1.00000000,1,0,0.0,0.5
1500.4333,  1.00000000,1,0,0.0,0.5
1500.4667,  1.00000000,1,0,0.025000000000000001,0.5
1500.5000,  1.00000000,1,0,0.0,0.5
1500.5333,  1.00000000,1,0,0.0,0.5
1500.5667,  1.00000000,1,0,0.025000000000000001,0.5
1500.6000,  1.00000000,1,0,0.0,0.5
1500.6333,  1.00000000,1,0,0.0,0.5
1500.6667,  1.00000000,1,0,0.0,0.5
1500.7000,  1.00000000,1,0,0.0,0.5
1500.7333,  1.00000000,1,0,0.0,0.5
1500.7667,  1.00000000,1,0,0.050000000000000003,0.5
1500.8000,  1.00000000,1,0,0.0,0.5
1500.8333,  1.00000000,1,0,0.025000000000000001,0.5
1500.8667,  1.00000000,1,0,0.0,0.5
1500.9000,  1.00000000,1,0,0.025000000000000001,0.5
1500.9333,  1.00000000,1,0,0.0,0.5
1500.9667,  1.00000000,1,0,0.0,0.5
1501.0000,  1.00000000,1,0,0.025000000000000001,0.5
1501.0333,  1.00000000,1,0,0.025000000000000001,0.5
1501.0667,  1.00000000,1,0,0.0,0.5
1501.1000,  1.00000000,1,0,0.025000000000000001,0.5
1501.1333,  1.00000000,1,0,0.0,0.5
1501.1667,  1.00000000,1,0,0.025000000000000001,0.5
1501.2000,  1.00000000,1,0,0.0,0.5
1501.2333,  1.00000000,1,0,0.0,0.5
1501.2667,  1.00000000,1,0,0.0,0.5
1501.3000,  1.00000000,1,0,0.0,0.5
1501.3333,  1.00000000,1,0,0.0,0.5
1501.3667,  1.00000000,1,0,0.0,0.5
1501.4000,  1.00000000,1,0,0.0,0.5
1501.4333,  1.00000000,1,0,0.0,0.5
1501.4667,  1.00000000,1,0,0.0,0.5
1501.5000,  1.00000000,1,0,0.0,0.5
1501.5333,  1.00000000,1,0,0.0,0.5
1501.5667,  1.00000000,1,0,0.0,0.5
1501.6000,  1.00000000,1,0,0.0,0.5
1501.6333,  1.00000000,1,0,0.0,0.5
1501.6667,  1.00000000,1,0,0.0,0.5
1501.7000,  1.00000000,1,0,0.025000000000000001,0.5
1501.7333,  1.00000000,1,0,0.0,0.5
1501.7667,  1.00000000,1,0,0.0,0.5
1501.8000,  1.00000000,1,0,0.0,0.5
1501.8333,  1.00000000,1,0,0.025000000000000001,0.5
1501.8667,  1.00000000,1,0,0.0,0.5
1501.9000,  1.00000000,1,0,0.0,0.5
1501.9333,  1.00000000,1,0,0.0,0.5
1501.9667,  1.00000000,1,0,0.0,0.5
1502.0000,  1.00000000,1,0,0.0,0.5
1502.0333,  1.00000000,1,0,0.0,0.5
1502.0667,  1.00000000,1,0,0.0,0.5
1502.1000,  1.00000000,1,0,0.0,0.5
1502.1333,  1.00000000,1,0,0.0,0.5
1502.1667,  1.00000000,1,0,0.0,0.5
1502.2000,  1.00000000,1,0,0.025000000000000001,0.5
1502.2333,  1.00000000,1,0,0.025000000000000001,0.5
1502.2667,  1.00000000,1,0,0.0,0.5
1502.3000,  1.00000000,1,0,0.0,0.5
1502.3333,  1.00000000,1,0,0.0,0.5
1502.3667,  1.00000000,1,0,0.0,0.5
1502.4000,  1.00000000,1,0,0.0,0.5
1502.4333,  1.00000000,1,0,0.0,0.5
1502.4667,  1.00000000,1,0,0.0,0.5
1502.5000,  1.00000000,1,0,0.0,0.5
1502.5333,  1.00000000,1,0,0.0,0.5
1502.5667,  1.00000000,1,0,0.0,0.5
1502.6000,  1.00000000,1,0,0.0,0.5
1502.6333,  1.00000000,1,0,0.0,0.5
1502.6667,  1.00000000,1,0,0.025000000000000001,0.5
1502.7000,  1.00000000,1,0,0.0,0.5
1502.7333,  1.00000000,1,0,0.0,0.5
1502.7667,  1.00000000,1,0,0.0,0.5
1502.8000,  1.00000000,1,0,0.0,0.5
1502.8333,  1.00000000,1,0,0.0,0.5
1502.8667,  1.00000000,1,0,0.0,0.5
1502.9000,  1.00000000,1,0,0.0,0.5
1502.9333,  1.00000000,1,0,0.0,0.5
1502.9667,  1.00000000,1,0,0.050000000000000003,0.5
1503.0000,  1.00000000,1,0,0.0,0.5
1503.0333,  1.00000000,1,0,0.0,0.5
1503.0667,  1.00000000,1,0,0.0,0.5
1503.1000,  1.00000000,1,0,0.0,0.5
1503.1333,  1.00000000,1,0,0.050000000000000003,0.5
1503.1667,  1.00000000,1,0,0.0,0.5
1503.2000,  1.00000000,1,0,0.025000000000000001,0.5
1503.2333,  1.00000000,1,0,0.025000000000000001,0.5
1503.2667,  1.00000000,1,0,0.0,0.5
1503.3000,  1.00000000,1,0,0.025000000000000001,0.5
1503.3333,  1.00000000,1,0,0.0,0.5
1503.3667,  1.00000000,1,0,0.0,0.5
1503.4000,  1.00000000,1,0,0.0,0.5
1503.4333,  1.00000000,1,0,0.0,0.5
1503.4667,  1.00000000,1,0,0.0,0.5
1503.5000,  1.00000000,1,0,0.0,0.5
1503.5333,  1.00000000,1,0,0.0,0.5
1503.5667,  1.00000000,1,0,0.0,0.5
1503.6000,  1.00000000,1,0,0.0,0.5
1503.6333,  1.00000000,1,0,0.0,0.5
1503.6667,  1.00000000,1,0,0.025000000000000001,0.5
1503.7000,  1.00000000,1,0,0.0,0.5
1503.7333,  1.00000000,1,0,0.025000000000000001,0.5
1503.7667,  1.00000000,1,0,0.025000000000000001,0.5
1503.8000,  1.00000000,1,0,0.050000000000000003,0.5
1503.8333,  1.00000000,1,0,0.0,0.5
1503.8667,  1.00000000,1,0,0.0,0.5
1503.9000,  1.00000000,1,0,0.0,0.5
1503.9333,  1.00000000,1,0,0.0,0.5
1503.9667,  1.00000000,1,0,0.0,0.5
1504.0000,  1.00000000,1,0,0.0,0.5
1504.0333,  1.00000000,1,0,0.0,0.5
1504.0667,  1.00000000,1,0,0.0,0.5
1504.1000,  1.00000000,1,0,0.0,0.5
1504.1333,  1.00000000,1,0,0.0,0.5
1504.1667,  1.00000000,1,0,0.0,0.5
1504.2000,  1.00000000,1,0,0.0,0.5
1504.2333,  1.00000000,1,0,0.0,0.5
1504.2667,  1.00000000,1,0,0.0,0.5
1504.3000,  1.00000000,1,0,0.0,0.5
1504.3333,  1.00000000,1,0,0.0,0.5
1504.3667,  1.00000000,1,0,0.0,0.5
1504.4000,  1.00000000,1,0,0.0,0.5
1504.4333,  1.00000000,1,0,0.0,0.5
1504.4667,  1.00000000,1,0,0.0,0.5
1504.5000,  1.00000000,1,0,0.0,0.5
1504.5333,  1.00000000,1,0,0.025000000000000001,0.5
1504.5667,  1.00000000,1,0,0.0,0.5
1504.6000,  1.00000000,1,0,0.0,0.5
1504.6333,  1.00000000,1,0,0.025000000000000001,0.5
1504.6667,  1.00000000,1,0,0.0,0.5
1504.7000,  1.00000000,1,0,0.0,0.5
1504.7333,  1.00000000,1,0,0.0,0.5
1504.7667,  1.00000000,1,0,0.0,0.5
1504.8000,  1.00000000,1,0,0.025000000000000001,0.5
1504.8333,  1.00000000,1,0,0.0,0.5
1504.8667,  1.00000000,1,0,0.025000000000000001,0.5
1504.9000,  1.00000000,1,0,0.0,0.5
1504.9333,  1.00000000,1,0,0.0,0.5
1504.9667,  1.00000000,1,0,0.0,0.5
1505.0000,  1.00000000,1,0,0.025000000000000001,0.5
1505.0333,  1.00000000,1,0,0.0,0.5
1505.0667,  1.00000000,1,0,0.025000000000000001,0.5
1505.1000,  1.00000000,1,0,0.0,0.5
1505.1333,  1.00000000,1,0,0.0,0.5
1505.1667,  1.00000000,1,0,0.025000000000000001,0.5
1505.2000,  1.00000000,1,0,0.0,0.5
1505.2333,  1.00000000,1,0,0.0,0.5
1505.2667,  1.00000000,1,0,0.025000000000000001,0.5
1505.3000,  1.00000000,1,0,0.025000000000000001,0.5
1505.3333,  1.00000000,1,0,0.0,0.5
1505.3667,  1.00000000,1,0,0.0,0.5
1505.4000,  1.00000000,1,0,0.0,0.5
1505.4333,  1.00000000,1,0,0.0,0.5
1505.4667,  1.00000000,1,0,0.0,0.5
1505.5000,  1.00000000,1,0,0.0,0.5
1505.5333,  1.00000000,1,0,0.0,0.5
1505.5667,  1.00000000,1,0,0.0,0.5
1505.6000,  1.00000000,1,0,0.0,0.5
1505.6333,  1.00000000,1,0,0.025000000000000001,0.5
1505.6667,  1.00000000,1,0,0.0,0.5
1505.7000,  1.00000000,1,0,0.0,0.5
1505.7333,  1.00000000,1,0,0.0,0.5
1505.7667,  1.00000000,1,0,0.0,0.5
1505.8000,  1.00000000,1,0,0.0,0.5
1505.8333,  1.00000000,1,0,0.025000000000000001,0.5
1505.8667,  1.00000000,1,0,0.025000000000000001,0.5
1505.9000,  1.00000000,1,0,0.0,0.5
1505.9333,  1.00000000,1,0,0.025000000000000001,0.5
1505.9667,  1.00000000,1,0,0.0,0.5
1506.0000,  1.00000000,1,0,0.0,0.5
1506.0333,  1.00000000,1,0,0.0,0.5
1506.0667,  1.00000000,1,0,0.0,0.5
1506.1000,  1.00000000,1,0,0.025000000000000001,0.5
1506.1333,  1.00000000,1,0,0.0,0.5
1506.1667,  1.00000000,1,0,0.0,0.5
1506.2000,  1.00000000,1,0,0.0,0.5
1506.2333,  1.00000000,1,0,0.0,0.5
1506.2667,  1.00000000,1,0,0.0,0.5
1506.3000,  1.00000000,1,0,0.0,0.5
1506.3333,  1.00000000,1,0,0.0,0.5
1506.3667,  1.00000000,1,0,0.025000000000000001,0.5
1506.4000,  1.00000000,1,0,0.0,0.5
1506.4333,  1.00000000,1,0,0.0,0.5
1506.4667,  1.00000000,1,0,0.0,0.5
1506.5000,  1.00000000,1,0,0.025000000000000001,0.5
1506.5333,  1.00000000,1,0,0.0,0.5
1506.5667,  1.00000000,1,0,0.025000000000000001,0.5
1506.6000,  1.00000000,1,0,0.025000000000000001,0.5
1506.6333,  1.00000000,1,0,0.0,0.5
1506.6667,  1.00000000,1,0,0.0,0.5
1506.7000,  1.00000000,1,0,0.025000000000000001,0.5
1506.7333,  1.00000000,1,0,0.0,0.5
1506.7667,  1.00000000,1,0,0.0,0.5
1506.8000,  1.00000000,1,0,0.0,0.5
1506.8333,  1.00000000,1,0,0.0,0.5
1506.8667,  1.00000000,1,0,0.0,0.5
1506.9000,  1.00000000,1,0,0.0,0.5
1506.9333,  1.00000000,1,0,0.025000000000000001,0.5
1506.9667,  1.00000000,1,0,0.0,0.5
1507.0000,  1.00000000,1,0,0.0,0.5
1507.0333,  1.00000000,1,0,0.0,0.5
1507.0667,  1.00000000,1,0,0.0,0.5
1507.1000,  1.00000000,1,0,0.0,0.5
1507.1333,  1.00000000,1,0,0.0,0.5
1507.1667,  1.00000000,1,0,0.0,0.5
1507.2000,  1.00000000,1,0,0.0,0.5
1507.2333,  1.00000000,1,0,0.0,0.5
1507.2667,  1.00000000,1,0,0.0,0.5
1507.3000,  1.00000000,1,0,0.0,0.5
1507.3333,  1.00000000,1,0,0.0,0.5
1507.3667,  1.00000000,1,0,0.0,0.5
1507.4000,  1.00000000,1,0,0.0,0.5
1507.4333,  1.00000000,1,0,0.0,0.5
1507.4667,  1.00000000,1,0,0.0,0.5
1507.5000,  1.00000000,1,0,0.0,0.5
1507.5333,  1.00000000,1,0,0.0,0.5
1507.5667,  1.00000000,1,0,0.0,0.5
1507.6000,  1.00000000,1,0,0.0,0.5
1507.6333,  1.00000000,1,0,0.0,0.5
1507.6667,  1.00000000,1,0,0.0,0.5
1507.7000,  1.00000000,1,0,0.0,0.5
1507.7333,  1.00000000,1,0,0.0,0.5
1507.7667,  1.00000000,1,0,0.0,0.5
1507.8000,  1.00000000,1,0,0.0,0.5
1507.8333,  1.00000000,1,0,0.0,0.5
1507.8667,  1.00000000,1,0,0.0,0.5
1507.9000,  1.00000000,1,0,0.0,0.5
1507.9333,  1.00000000,1,0,0.0,0.5
1507.9667,  1.00000000,1,0,0.0,0.5
1508.0000,  1.00000000,1,0,0.025000000000000001,0.5
1508.0333,  1.00000000,1,0,0.0,0.5
1508.0667,  1.00000000,1,0,0.0,0.5
1508.1000,  1.00000000,1,0,0.025000000000000001,0.5
1508.1333,  1.00000000,1,0,0.0,0.5
1508.1667,  1.00000000,1,0,0.0,0.5
1508.2000,  1.00000000,1,0,0.0,0.5
1508.2333,  1.00000000,1,0,0.0,0.5
1508.2667,  1.00000000,1,0,0.0,0.5
1508.3000,  1.00000000,1,0,0.025000000000000001,0.5
1508.3333,  1.00000000,1,0,0.025000000000000001,0.5
1508.3667,  1.00000000,1,0,0.025000000000000001,0.5
1508.4000,  1.00000000,1,0,0.025000000000000001,0.5
1508.4333,  1.00000000,1,0,0.0,0.5
1508.4667,  1.00000000,1,0,0.025000000000000001,0.5
1508.5000,  1.00000000,1,0,0.0,0.5
1508.5333,  1.00000000,1,0,0.050000000000000003,0.5
1508.5667,  1.00000000,1,0,0.0,0.5
1508.6000,  1.00000000,1,0,0.025000000000000001,0.5
1508.6333,  1.00000000,1,0,0.0,0.5
1508.6667,  1.00000000,1,0,0.0,0.5
1508.7000,  1.00000000,1,0,0.0,0.5
1508.7333,  1.00000000,1,0,0.0,0.5
1508.7667,  1.00000000,1,0,0.025000000000000001,0.5
1508.8000,  1.00000000,1,0,0.025000000000000001,0.5
1508.8333,  1.00000000,1,0,0.0,0.5
1508.8667,  1.00000000,1,0,0.0,0.5
1508.9000,  1.00000000,1,0,0.0,0.5
1508.9333,  1.00000000,1,0,0.025000000000000001,0.5
1508.9667,  1.00000000,1,0,0.0,0.5
1509.0000,  1.00000000,1,0,0.025000000000000001,0.5
1509.0333,  1.00000000,1,0,0.025000000000000001,0.5
1509.0667,  1.00000000,1,0,0.0,0.5
1509.1000,  1.00000000,1,0,0.025000000000000001,0.5
1509.1333,  1.00000000,1,0,0.0,0.5
1509.1667,  1.00000000,1,0,0.025000000000000001,0.5
1509.2000,  1.00000000,1,0,0.0,0.5
1509.2333,  1.00000000,1,0,0.0,0.5
1509.2667,  1.00000000,1,0,0.0,0.5
1509.3000,  1.00000000,1,0,0.0,0.5
1509.3333,  1.00000000,1,0,0.0,0.5
1509.3667,  1.00000000,1,0,0.0,0.5
1509.4000,  1.00000000,1,0,0.0,0.5
1509.4333,  1.00000000,1,0,0.0,0.5
1509.4667,  1.00000000,1,0,0.025000000000000001,0.5
1509.5000,  1.00000000,1,0,0.050000000000000003,0.5
1509.5333,  1.00000000,1,0,0.0,0.5
1509.5667,  1.00000000,1,0,0.025000000000000001,0.5
1509.6000,  1.00000000,1,0,0.0,0.5
1509.6333,  1.00000000,1,0,0.0,0.5
1509.6667,  1.00000000,1,0,0.0,0.5
1509.7000,  1.00000000,1,0,0.0,0.5
1509.7333,  1.00000000,1,0,0.0,0.5
1509.7667,  1.00000000,1,0,0.025000000000000001,0.5
1509.8000,  1.00000000,1,0,0.025000000000000001,0.5
1509.8333,  1.00000000,1,0,0.0,0.5
1509.8667,  1.00000000,1,0,0.0,0.5
1509.9000,  1.00000000,1,0,0.0,0.5
1509.9333,  1.00000000,1,0,0.0,0.5
1509.9667,  1.00000000,1,0,0.0,0.5
1510.0000,  1.00000000,1,0,0.0,0.5
1510.0333,  1.00000000,1,0,0.0,0.5
1510.0667,  1.00000000,1,0,0.025000000000000001,0.5
1510.1000,  1.00000000,1,0,0.025000000000000001,0.5
1510.1333,  1.00000000,1,0,0.0,0.5
1510.1667,  1.00000000,1,0,0.025000000000000001,0.5
1510.2000,  1.00000000,1,0,0.025000000000000001,0.5
1510.2333,  1.00000000,1,0,0.0,0.5
1510.2667,  1.00000000,1,0,0.0,0.5
1510.3000,  1.00000000,1,0,0.0,0.5
1510.3333,  1.00000000,1,0,0.025000000000000001,0.5
1510.3667,  1.00000000,1,0,0.025000000000000001,0.5
1510.4000,  1.00000000,1,0,0.0,0.5
1510.4333,  1.00000000,1,0,0.0,0.5
1510.4667,  1.00000000,1,0,0.0,0.5
1510.5000,  1.00000000,1,0,0.0,0.5
1510.5333,  1.00000000,1,0,0.0,0.5
1510.5667,  1.00000000,1,0,0.0,0.5
1510.6000,  1.00000000,1,0,0.0,0.5
1510.6333,  1.00000000,1,0,0.0,0.5
1510.6667,  1.00000000,1,0,0.025000000000000001,0.5
1510.7000,  1.00000000,1,0,0.0,0.5
1510.7333,  1.00000000,1,0,0.025000000000000001,0.5
1510.7667,  1.00000000,1,0,0.025000000000000001,0.5
1510.8000,  1.00000000,1,0,0.0,0.5
1510.8333,  1.00000000,1,0,0.0,0.5
1510.8667,  1.00000000,1,0,0.0,0.5
1510.9000,  1.00000000,1,0,0.025000000000000001,0.5
1510.9333,  1.00000000,1,0,0.0,0.5
1510.9667,  1.00000000,1,0,0.0,0.5
1511.0000,  1.00000000,1,0,0.0,0.5
1511.0333,  1.00000000,1,0,0.0,0.5
1511.0667,  1.00000000,1,0,0.0,0.5
1511.1000,  1.00000000,1,0,0.025000000000000001,0.5
1511.1333,  1.00000000,1,0,0.025000000000000001,0.5
1511.1667,  1.00000000,1,0,0.0,0.5
1511.2000,  1.00000000,1,0,0.0,0.5
1511.2333,  1.00000000,1,0,0.025000000000000001,0.5
1511.2667,  1.00000000,1,0,0.025000000000000001,0.5
1511.3000,  1.00000000,1,0,0.025000000000000001,0.5
1511.3333,  1.00000000,1,0,0.025000000000000001,0.5
1511.3667,  1.00000000,1,0,0.0,0.5
1511.4000,  1.00000000,1,0,0.0,0.5
1511.4333,  1.00000000,1,0,0.0,0.5
1511.4667,  1.00000000,1,0,0.0,0.5
1511.5000,  1.00000000,1,0,0.0,0.5
1511.5333,  1.00000000,1,0,0.0,0.5
1511.5667,  1.00000000,1,0,0.0,0.5
1511.6000,  1.00000000,1,0,0.050000000000000003,0.5
1511.6333,  1.00000000,1,0,0.0,0.5
1511.6667,  1.00000000,1,0,0.0,0.5
1511.7000,  1.00000000,1,0,0.025000000000000001,0.5
1511.7333,  1.00000000,1,0,0.0,0.5
1511.7667,  1.00000000,1,0,0.0,0.5
1511.8000,  1.00000000,1,0,0.025000000000000001,0.5
1511.8333,  1.00000000,1,0,0.0,0.5
1511.8667,  1.00000000,1,0,0.0,0.5
1511.9000,  1.00000000,1,0,0.025000000000000001,0.5
1511.9333,  1.00000000,1,0,0.025000000000000001,0.5
1511.9667,  1.00000000,1,0,0.0,0.5
1512.0000,  1.00000000,1,0,0.0,0.5
1512.0333,  1.00000000,1,0,0.050000000000000003,0.5
1512.0667,  1.00000000,1,0,0.0,0.5
1512.1000,  1.00000000,1,0,0.0,0.5
1512.1333,  1.00000000,1,0,0.0,0.5
1512.1667,  1.00000000,1,0,0.0,0.5
1512.2000,  1.00000000,1,0,0.0,0.5
1512.2333,  1.00000000,1,0,0.0,0.5
1512.2667,  1.00000000,1,0,0.025000000000000001,0.5
1512.3000,  1.00000000,1,0,0.0,0.5
1512.3333,  1.00000000,1,0,0.0,0.5
1512.3667,  1.00000000,1,0,0.0,0.5
1512.4000,  1.00000000,1,0,0.0,0.5
1512.4333,  1.00000000,1,0,0.025000000000000001,0.5
1512.4667,  1.00000000,1,0,0.0,0.5
1512.5000,  1.00000000,1,0,0.0,0.5
1512.5333,  1.00000000,1,0,0.0,0.5
1512.5667,  1.00000000,1,0,0.0,0.5
1512.6000,  1.00000000,1,0,0.0,0.5
1512.6333,  1.00000000,1,0,0.0,0.5
1512.6667,  1.00000000,1,0,0.0,0.5
1512.7000,  1.00000000,1,0,0.0,0.5
1512.7333,  1.00000000,1,0,0.0,0.5
1512.7667,  1.00000000,1,0,0.0,0.5
1512.8000,  1.00000000,1,0,0.0,0.5
1512.8333,  1.00000000,1,0,0.0,0.5
1512.8667,  1.00000000,1,0,0.0,0.5
1512.9000,  1.00000000,1,0,0.0,0.5
1512.9333,  1.00000000,1,0,0.050000000000000003,0.5
1512.9667,  1.00000000,1,0,0.025000000000000001,0.5
1513.0000,  1.00000000,1,0,0.0,0.5
1513.0333,  1.00000000,1,0,0.025000000000000001,0.5
1513.0667,  1.00000000,1,0,0.0,0.5
1513.1000,  1.00000000,1,0,0.025000000000000001,0.5
1513.1333,  1.00000000,1,0,0.0,0.5
1513.1667,  1.00000000,1,0,0.0,0.5
1513.2000,  1.00000000,1,0,0.0,0.5
1513.2333,  1.00000000,1,0,0.0,0.5
1513.2667,  1.00000000,1,0,0.025000000000000001,0.5
1513.3000,  1.00000000,1,0,0.0,0.5
1513.3333,  1.00000000,1,0,0.0,0.5
1513.3667,  1.00000000,1,0,0.0,0.5
1513.4000,  1.00000000,1,0,0.0,0.5
1513.4333,  1.00000000,1,0,0.0,0.5
1513.4667,  1.00000000,1,0,0.0,0.5
1513.5000,  1.00000000,1,0,0.0,0.5
1513.5333,  1.00000000,1,0,0.025000000000000001,0.5
1513.5667,  1.00000000,1,0,0.025000000000000001,0.5
1513.6000,  1.00000000,1,0,0.0,0.5
1513.6333,  1.00000000,1,0,0.025000000000000001,0.5
1513.6667,  1.00000000,1,0,0.0,0.5
1513.7000,  1.00000000,1,0,0.0,0.5
1513.7333,  1.00000000,1,0,0.0,0.5
1513.7667,  1.00000000,1,0,0.0,0.5
1513.8000,  1.00000000,1,0,0.0,0.5
1513.8333,  1.00000000,1,0,0.050000000000000003,0.5
1513.8667,  1.00000000,1,0,0.025000000000000001,0.5
1513.9000,  1.00000000,1,0,0.0,0.5
1513.9333,  1.00000000,1,0,0.025000000000000001,0.5
1513.9667,  1.00000000,1,0,0.025000000000000001,0.5
1514.0000,  1.00000000,1,0,0.0,0.5
1514.0333,  1.00000000,1,0,0.0,0.5
1514.0667,  1.00000000,1,0,0.0,0.5
1514.1000,  1.00000000,1,0,0.025000000000000001,0.5
1514.1333,  1.00000000,1,0,0.0,0.5
1514.1667,  1.00000000,1,0,0.0,0.5
1514.2000,  1.00000000,1,0,0.0,0.5
1514.2333,  1.00000000,1,0,0.0,0.5
1514.2667,  1.00000000,1,0,0.025000000000000001,0.5
1514.3000,  1.00000000,1,0,0.0,0.5
1514.3333,  1.00000000,1,0,0.0,0.5
1514.3667,  1.00000000,1,0,0.025000000000000001,0.5
1514.4000,  1.00000000,1,0,0.0,0.5
1514.4333,  1.00000000,1,0,0.0,0.5
1514.4667,  1.00000000,1,0,0.0,0.5
1514.5000,  1.00000000,1,0,0.025000000000000001,0.5
1514.5333,  1.00000000,1,0,0.0,0.5
1514.5667,  1.00000000,1,0,0.0,0.5
1514.6000,  1.00000000,1,0,0.025000000000000001,0.5
1514.6333,  1.00000000,1,0,0.025000000000000001,0.5
1514.6667,  1.00000000,1,0,0.025000000000000001,0.5
1514.7000,  1.00000000,1,0,0.025000000000000001,0.5
1514.7333,  1.00000000,1,0,0.0,0.5
1514.7667,  1.00000000,1,0,0.025000000000000001,0.5
1514.8000,  1.00000000,1,0,0.025000000000000001,0.5
1514.8333,  1.00000000,1,0,0.025000000000000001,0.5
1514.8667,  1.00000000,1,0,0.0,0.5
1514.9000,  1.00000000,1,0,0.0,0.5
1514.9333,  1.00000000,1,0,0.025000000000000001,0.5
1514.9667,  1.00000000,1,0,0.025000000000000001,0.5
1515.0000,  1.00000000,1,0,0.0,0.5
1515.0333,  1.00000000,1,0,0.025000000000000001,0.5
1515.0667,  1.00000000,1,0,0.0,0.5
1515.1000,  1.00000000,1,0,0.025000000000000001,0.5
1515.1333,  1.00000000,1,0,0.025000000000000001,0.5
1515.1667,  1.00000000,1,0,0.0,0.5
1515.2000,  1.00000000,1,0,0.0,0.5
1515.2333,  1.00000000,1,0,0.0,0.5
1515.2667,  1.00000000,1,0,0.0,0.5
1515.3000,  1.00000000,1,0,0.0,0.5
1515.3333,  1.00000000,1,0,0.0,0.5
1515.3667,  1.00000000,1,0,0.025000000000000001,0.5
1515.4000,  1.00000000,1,0,0.0,0.5
1515.4333,  1.00000000,1,0,0.0,0.5
1515.4667,  1.00000000,1,0,0.0,0.5
1515.5000,  1.00000000,1,0,0.0,0.5
1515.5333,  1.00000000,1,0,0.0,0.5
1515.5667,  1.00000000,1,0,0.0,0.5
1515.6000,  1.00000000,1,0,0.025000000000000001,0.5
1515.6333,  1.00000000,1,0,0.0,0.5
1515.6667,  1.00000000,1,0,0.0,0.5
1515.7000,  1.00000000,1,0,0.0,0.5
1515.7333,  1.00000000,1,0,0.0,0.5
1515.7667,  1.00000000,1,0,0.0,0.5
1515.8000,  1.00000000,1,0,0.0,0.5
1515.8333,  1.00000000,1,0,0.0,0.5
1515.8667,  1.00000000,1,0,0.0,0.5
1515.9000,  1.00000000,1,0,0.025000000000000001,0.5
1515.9333,  1.00000000,1,0,0.0,0.5
1515.9667,  1.00000000,1,0,0.025000000000000001,0.5
1516.0000,  1.00000000,1,0,0.050000000000000003,0.5
1516.0333,  1.00000000,1,0,0.0,0.5
1516.0667,  1.00000000,1,0,0.025000000000000001,0.5
1516.1000,  1.00000000,1,0,0.0,0.5
1516.1333,  1.00000000,1,0,0.0,0.5
1516.1667,  1.00000000,1,0,0.0,0.5
1516.2000,  1.00000000,1,0,0.0,0.5
1516.2333,  1.00000000,1,0,0.0,0.5
1516.2667,  1.00000000,1,0,0.0,0.5
1516.3000,  1.00000000,1,0,0.0,0.5
1516.3333,  1.00000000,1,0,0.0,0.5
1516.3667,  1.00000000,1,0,0.025000000000000001,0.5
1516.4000,  1.00000000,1,0,0.025000000000000001,0.5
1516.4333,  1.00000000,1,0,0.0,0.5
1516.4667,  1.00000000,1,0,0.0,0.5
1516.5000,  1.00000000,1,0,0.050000000000000003,0.5
1516.5333,  1.00000000,1,0,0.025000000000000001,0.5
1516.5667,  1.00000000,1,0,0.025000000000000001,0.5
1516.6000,  1.00000000,1,0,0.0,0.5
1516.6333,  1.00000000,1,0,0.025000000000000001,0.5
1516.6667,  1.00000000,1,0,0.025000000000000001,0.5
1516.7000,  1.00000000,1,0,0.0,0.5
1516.7333,  1.00000000,1,0,0.025000000000000001,0.5
1516.7667,  1.00000000,1,0,0.0,0.5
1516.8000,  1.00000000,1,0,0.025000000000000001,0.5
1516.8333,  1.00000000,1,0,0.025000000000000001,0.5
1516.8667,  1.00000000,1,0,0.025000000000000001,0.5
1516.9000,  1.00000000,1,0,0.0,0.5
1516.9333,  1.00000000,1,0,0.0,0.5
1516.9667,  1.00000000,1,0,0.025000000000000001,0.5
1517.0000,  1.00000000,1,0,0.025000000000000001,0.5
1517.0333,  1.00000000,1,0,0.0,0.5
1517.0667,  1.00000000,1,0,0.0,0.5
1517.1000,  1.00000000,1,0,0.0,0.5
1517.1333,  1.00000000,1,0,0.0,0.5
1517.1667,  1.00000000,1,0,0.0,0.5
1517.2000,  1.00000000,1,0,0.0,0.5
1517.2333,  1.00000000,1,0,0.025000000000000001,0.5
1517.2667,  1.00000000,1,0,0.0,0.5
1517.3000,  1.00000000,1,0,0.0,0.5
1517.3333,  1.00000000,1,0,0.025000000000000001,0.5
1517.3667,  1.00000000,1,0,0.0,0.5
1517.4000,  1.00000000,1,0,0.0,0.5
1517.4333,  1.00000000,1,0,0.025000000000000001,0.5
1517.4667,  1.00000000,1,0,0.0,0.5
1517.5000,  1.00000000,1,0,0.0,0.5
1517.5333,  1.00000000,1,0,0.025000000000000001,0.5
1517.5667,  1.00000000,1,0,0.0,0.5
1517.6000,  1.00000000,1,0,0.0,0.5
1517.6333,  1.00000000,1,0,0.0,0.5
1517.6667,  1.00000000,1,0,0.0,0.5
1517.7000,  1.00000000,1,0,0.0,0.5
1517.7333,  1.00000000,1,0,0.025000000000000001,0.5
1517.7667,  1.00000000,1,0,0.0,0.5
1517.8000,  1.00000000,1,0,0.0,0.5
1517.8333,  1.00000000,1,0,0.0,0.5
1517.8667,  1.00000000,1,0,0.0,0.5
1517.9000,  1.00000000,1,0,0.0,0.5
1517.9333,  1.00000000,1,0,0.0,0.5
1517.9667,  1.00000000,1,0,0.0,0.5
1518.0000,  1.00000000,1,0,0.025000000000000001,0.5
1518.0333,  1.00000000,1,0,0.025000000000000001,0.5
1518.0667,  1.00000000,1,0,0.0,0.5
1518.1000,  1.00000000,1,0,0.0,0.5
1518.1333,  1.00000000,1,0,0.0,0.5
1518.1667,  1.00000000,1,0,0.0,0.5
1518.2000,  1.00000000,1,0,0.0,0.5
1518.2333,  1.00000000,1,0,0.0,0.5
1518.2667,  1.00000000,1,0,0.0,0.5
1518.3000,  1.00000000,1,0,0.0,0.5
1518.3333,  1.00000000,1,0,0.0,0.5
1518.3667,  1.00000000,1,0,0.025000000000000001,0.5
1518.4000,  1.00000000,1,0,0.0,0.5
1518.4333,  1.00000000,1,0,0.0,0.5
1518.4667,  1.00000000,1,0,0.0,0.5
1518.5000,  1.00000000,1,0,0.025000000000000001,0.5
1518.5333,  1.00000000,1,0,0.0,0.5
1518.5667,  1.00000000,1,0,0.0,0.5
1518.6000,  1.00000000,1,0,0.025000000000000001,0.5
1518.6333,  1.00000000,1,0,0.0,0.5
1518.6667,  1.00000000,1,0,0.0,0.5
1518.7000,  1.00000000,1,0,0.0,0.5
1518.7333,  1.00000000,1,0,0.0,0.5
1518.7667,  1.00000000,1,0,0.0,0.5
1518.8000,  1.00000000,1,0,0.025000000000000001,0.5
1518.8333,  1.00000000,1,0,0.0,0.5
1518.8667,  1.00000000,1,0,0.0,0.5
1518.9000,  1.00000000,1,0,0.0,0.5
1518.9333,  1.00000000,1,0,0.0,0.5
1518.9667,  1.00000000,1,0,0.0,0.5
1519.0000,  1.00000000,1,0,0.0,0.5
1519.0333,  1.00000000,1,0,0.025000000000000001,0.5
1519.0667,  1.00000000,1,0,0.0,0.5
1519.1000,  1.00000000,1,0,0.0,0.5
1519.1333,  1.00000000,1,0,0.0,0.5
1519.1667,  1.00000000,1,0,0.0,0.5
1519.2000,  1.00000000,1,0,0.0,0.5
1519.2333,  1.00000000,1,0,0.0,0.5
1519.2667,  1.00000000,1,0,0.0,0.5
1519.3000,  1.00000000,1,0,0.0,0.5
1519.3333,  1.00000000,1,0,0.0,0.5
1519.3667,  1.00000000,1,0,0.0,0.5
1519.4000,  1.00000000,1,0,0.025000000000000001,0.5
1519.4333,  1.00000000,1,0,0.0,0.5
1519.4667,  1.00000000,1,0,0.0,0.5
1519.5000,  1.00000000,1,0,0.0,0.5
1519.5333,  1.00000000,1,0,0.0,0.5
1519.5667,  1.00000000,1,0,0.0,0.5
1519.6000,  1.00000000,1,0,0.0,0.5
1519.6333,  1.00000000,1,0,0.0,0.5
1519.6667,  1.00000000,1,0,0.0,0.5
1519.7000,  1.00000000,1,0,0.0,0.5
1519.7333,  1.00000000,1,0,0.0,0.5
1519.7667,  1.00000000,1,0,0.0,0.5
1519.8000,  1.00000000,1,0,0.025000000000000001,0.5
1519.8333,  1.00000000,1,0,0.0,0.5
1519.8667,  1.00000000,1,0,0.0,0.5
1519.9000,  1.00000000,1,0,0.0,0.5
1519.9333,  1.00000000,1,0,0.0,0.5
1519.9667,  1.00000000,1,0,0.0,0.5
1520.0000,  1.00000000,1,0,0.0,0.5
1520.0333,  1.00000000,1,0,0.025000000000000001,0.5
1520.0667,  1.00000000,1,0,0.0,0.5
1520.1000,  1.00000000,1,0,0.0,0.5
1520.1333,  1.00000000,1,0,0.0,0.5
1520.1667,  1.00000000,1,0,0.025000000000000001,0.5
1520.2000,  1.00000000,1,0,0.0,0.5
1520.2333,  1.00000000,1,0,0.025000000000000001,0.5
1520.2667,  1.00000000,1,0,0.0,0.5
1520.3000,  1.00000000,1,0,0.0,0.5
1520.3333,  1.00000000,1,0,0.0,0.5
1520.3667,  1.00000000,1,0,0.0,0.5
1520.4000,  1.00000000,1,0,0.0,0.5
1520.4333,  1.00000000,1,0,0.025000000000000001,0.5
1520.4667,  1.00000000,1,0,0.025000000000000001,0.5
1520.5000,  1.00000000,1,0,0.025000000000000001,0.5
1520.5333,  1.00000000,1,0,0.0,0.5
1520.5667,  1.00000000,1,0,0.0,0.5
1520.6000,  1.00000000,1,0,0.0,0.5
1520.6333,  1.00000000,1,0,0.025000000000000001,0.5
1520.6667,  1.00000000,1,0,0.0,0.5
1520.7000,  1.00000000,1,0,0.025000000000000001,0.5
1520.7333,  1.00000000,1,0,0.0,0.5
1520.7667,  1.00000000,1,0,0.0,0.5
1520.8000,  1.00000000,1,0,0.025000000000000001,0.5
1520.8333,  1.00000000,1,0,0.0,0.5
1520.8667,  1.00000000,1,0,0.025000000000000001,0.5
1520.9000,  1.00000000,1,0,0.0,0.5
1520.9333,  1.00000000,1,0,0.025000000000000001,0.5
1520.9667,  1.00000000,1,0,0.0,0.5
1521.0000,  1.00000000,1,0,0.0,0.5
1521.0333,  1.00000000,1,0,0.0,0.5
1521.0667,  1.00000000,1,0,0.0,0.5
1521.1000,  1.00000000,1,0,0.0,0.5
1521.1333,  1.00000000,1,0,0.0,0.5
1521.1667,  1.00000000,1,0,0.0,0.5
1521.2000,  1.00000000,1,0,0.0,0.5
1521.2333,  1.00000000,1,0,0.0,0.5
1521.2667,  1.00000000,1,0,0.025000000000000001,0.5
1521.3000,  1.00000000,1,0,0.025000000000000001,0.5
1521.3333,  1.00000000,1,0,0.0,0.5
1521.3667,  1.00000000,1,0,0.0,0.5
1521.4000,  1.00000000,1,0,0.0,0.5
1521.4333,  1.00000000,1,0,0.0,0.5
1521.4667,  1.00000000,1,0,0.025000000000000001,0.5
1521.5000,  1.00000000,1,0,0.0,0.5
1521.5333,  1.00000000,1,0,0.025000000000000001,0.5
1521.5667,  1.00000000,1,0,0.0,0.5
1521.6000,  1.00000000,1,0,0.0,0.5
1521.6333,  1.00000000,1,0,0.0,0.5
1521.6667,  1.00000000,1,0,0.0,0.5
1521.7000,  1.00000000,1,0,0.0,0.5
1521.7333,  1.00000000,1,0,0.025000000000000001,0.5
1521.7667,  1.00000000,1,0,0.025000000000000001,0.5
1521.8000,  1.00000000,1,0,0.0,0.5
1521.8333,  1.00000000,1,0,0.0,0.5
1521.8667,  1.00000000,1,0,0.0,0.5
1521.9000,  1.00000000,1,0,0.025000000000000001,0.5
1521.9333,  1.00000000,1,0,0.025000000000000001,0.5
1521.9667,  1.00000000,1,0,0.025000000000000001,0.5
1522.0000,  1.00000000,1,0,0.0,0.5
1522.0333,  1.00000000,1,0,0.0,0.5
1522.0667,  1.00000000,1,0,0.0,0.5
1522.1000,  1.00000000,1,0,0.0,0.5
1522.1333,  1.00000000,1,0,0.0,0.5
1522.1667,  1.00000000,1,0,0.025000000000000001,0.5
1522.2000,  1.00000000,1,0,0.0,0.5
1522.2333,  1.00000000,1,0,0.025000000000000001,0.5
1522.2667,  1.00000000,1,0,0.025000000000000001,0.5
1522.3000,  1.00000000,1,0,0.0,0.5
1522.3333,  1.00000000,1,0,0.025000000000000001,0.5
1522.3667,  1.00000000,1,0,0.0,0.5
1522.4000,  1.00000000,1,0,0.0,0.5
1522.4333,  1.00000000,1,0,0.0,0.5
1522.4667,  1.00000000,1,0,0.0,0.5
1522.5000,  1.00000000,1,0,0.0,0.5
1522.5333,  1.00000000,1,0,0.0,0.5
1522.5667,  1.00000000,1,0,0.050000000000000003,0.5
1522.6000,  1.00000000,1,0,0.0,0.5
1522.6333,  1.00000000,1,0,0.0,0.5
1522.6667,  1.00000000,1,0,0.0,0.5
1522.7000,  1.00000000,1,0,0.025000000000000001,0.5
1522.7333,  1.00000000,1,0,0.0,0.5
1522.7667,  1.00000000,1,0,0.025000000000000001,0.5
1522.8000,  1.00000000,1,0,0.0,0.5
1522.8333,  1.00000000,1,0,0.0,0.5
1522.8667,  1.00000000,1,0,0.0,0.5
1522.9000,  1.00000000,1,0,0.025000000000000001,0.5
1522.9333,  1.00000000,1,0,0.0,0.5
1522.9667,  1.00000000,1,0,0.050000000000000003,0.5
1523.0000,  1.00000000,1,0,0.0,0.5
1523.0333,  1.00000000,1,0,0.025000000000000001,0.5
1523.0667,  1.00000000,1,0,0.050000000000000003,0.5
1523.1000,  1.00000000,1,0,0.0,0.5
1523.1333,  1.00000000,1,0,0.0,0.5
1523.1667,  1.00000000,1,0,0.0,0.5
1523.2000,  1.00000000,1,0,0.050000000000000003,0.5
1523.2333,  1.00000000,1,0,0.0,0.5
1523.2667,  1.00000000,1,0,0.025000000000000001,0.5
1523.3000,  1.00000000,1,0,0.0,0.5
1523.3333,  1.00000000,1,0,0.0,0.5
1523.3667,  1.00000000,1,0,0.0,0.5
1523.4000,  1.00000000,1,0,0.0,0.5
1523.4333,  1.00000000,1,0,0.025000000000000001,0.5
1523.4667,  1.00000000,1,0,0.0,0.5
1523.5000,  1.00000000,1,0,0.025000000000000001,0.5
1523.5333,  1.00000000,1,0,0.0,0.5
1523.5667,  1.00000000,1,0,0.0,0.5
1523.6000,  1.00000000,1,0,0.0,0.5
1523.6333,  1.00000000,1,0,0.025000000000000001,0.5
1523.6667,  1.00000000,1,0,0.0,0.5
1523.7000,  1.00000000,1,0,0.0,0.5
1523.7333,  1.00000000,1,0,0.025000000000000001,0.5
1523.7667,  1.00000000,1,0,0.0,0.5
1523.8000,  1.00000000,1,0,0.0,0.5
1523.8333,  1.00000000,1,0,0.0,0.5
1523.8667,  1.00000000,1,0,0.0,0.5
1523.9000,  1.00000000,1,0,0.0,0.5
1523.9333,  1.00000000,1,0,0.0,0.5
1523.9667,  1.00000000,1,0,0.025000000000000001,0.5
1524.0000,  1.00000000,1,0,0.025000000000000001,0.5
1524.0333,  1.00000000,1,0,0.025000000000000001,0.5
1524.0667,  1.00000000,1,0,0.0,0.5
1524.1000,  1.00000000,1,0,0.0,0.5
1524.1333,  1.00000000,1,0,0.0,0.5
1524.1667,  1.00000000,1,0,0.025000000000000001,0.5
1524.2000,  1.00000000,1,0,0.0,0.5
1524.2333,  1.00000000,1,0,0.025000000000000001,0.5
1524.2667,  1.00000000,1,0,0.0,0.5
1524.3000,  1.00000000,1,0,0.0,0.5
1524.3333,  1.00000000,1,0,0.0,0.5
1524.3667,  1.00000000,1,0,0.0,0.5
1524.4000,  1.00000000,1,0,0.0,0.5
1524.4333,  1.00000000,1,0,0.0,0.5
1524.4667,  1.00000000,1,0,0.0,0.5
1524.5000,  1.00000000,1,0,0.0,0.5
1524.5333,  1.00000000,1,0,0.025000000000000001,0.5
1524.5667,  1.00000000,1,0,0.025000000000000001,0.5
1524.6000,  1.00000000,1,0,0.0,0.5
1524.6333,  1.00000000,1,0,0.0,0.5
1524.6667,  1.00000000,1,0,0.0,0.5
1524.7000,  1.00000000,1,0,0.0,0.5
1524.7333,  1.00000000,1,0,0.0,0.5
1524.7667,  1.00000000,1,0,0.025000000000000001,0.5
1524.8000,  1.00000000,1,0,0.025000000000000001,0.5
1524.8333,  1.00000000,1,0,0.0,0.5
1524.8667,  1.00000000,1,0,0.0,0.5
1524.9000,  1.00000000,1,0,0.0,0.5
1524.9333,  1.00000000,1,0,0.0,0.5
1524.9667,  1.00000000,1,0,0.0,0.5
1525.0000,  1.00000000,1,0,0.0,0.5
1525.0333,  1.00000000,1,0,0.0,0.5
1525.0667,  1.00000000,1,0,0.025000000000000001,0.5
1525.1000,  1.00000000,1,0,0.0,0.5
1525.1333,  1.00000000,1,0,0.0,0.5
1525.1667,  1.00000000,1,0,0.0,0.5
1525.2000,  1.00000000,1,0,0.0,0.5
1525.2333,  1.00000000,1,0,0.0,0.5
1525.2667,  1.00000000,1,0,0.025000000000000001,0.5
1525.3000,  1.00000000,1,0,0.0,0.5
1525.3333,  1.00000000,1,0,0.0,0.5
1525.3667,  1.00000000,1,0,0.0,0.5
1525.4000,  1.00000000,1,0,0.0,0.5
1525.4333,  1.00000000,1,0,0.025000000000000001,0.5
1525.4667,  1.00000000,1,0,0.025000000000000001,0.5
1525.5000,  1.00000000,1,0,0.025000000000000001,0.5
1525.5333,  1.00000000,1,0,0.0,0.5
1525.5667,  1.00000000,1,0,0.0,0.5
1525.6000,  1.00000000,1,0,0.0,0.5
1525.6333,  1.00000000,1,0,0.0,0.5
1525.6667,  1.00000000,1,0,0.0,0.5
1525.7000,  1.00000000,1,0,0.0,0.5
1525.7333,  1.00000000,1,0,0.0,0.5
1525.7667,  1.00000000,1,0,0.0,0.5
1525.8000,  1.00000000,1,0,0.025000000000000001,0.5
1525.8333,  1.00000000,1,0,0.0,0.5
1525.8667,  1.00000000,1,0,0.0,0.5
1525.9000,  1.00000000,1,0,0.0,0.5
1525.9333,  1.00000000,1,0,0.0,0.5
1525.9667,  1.00000000,1,0,0.0,0.5
1526.0000,  1.00000000,1,0,0.0,0.5
1526.0333,  1.00000000,1,0,0.0,0.5
1526.0667,  1.00000000,1,0,0.025000000000000001,0.5
1526.1000,  1.00000000,1,0,0.0,0.5
1526.1333,  1.00000000,1,0,0.0,0.5
1526.1667,  1.00000000,1,0,0.0,0.5
1526.2000,  1.00000000,1,0,0.0,0.5
1526.2333,  1.00000000,1,0,0.0,0.5
1526.2667,  1.00000000,1,0,0.0,0.5
1526.3000,  1.00000000,1,0,0.0,0.5
1526.3333,  1.00000000,1,0,0.0,0.5
1526.3667,  1.00000000,1,0,0.0,0.5
1526.4000,  1.00000000,1,0,0.0,0.5
1526.4333,  1.00000000,1,0,0.0,0.5
1526.4667,  1.00000000,1,0,0.0,0.5
1526.5000,  1.00000000,1,0,0.0,0.5
1526.5333,  1.00000000,1,0,0.0,0.5
1526.5667,  1.00000000,1,0,0.0,0.5
1526.6000,  1.00000000,1,0,0.0,0.5
1526.6333,  1.00000000,1,0,0.0,0.5
1526.6667,  1.00000000,1,0,0.025000000000000001,0.5
1526.7000,  1.00000000,1,0,0.0,0.5
1526.7333,  1.00000000,1,0,0.050000000000000003,0.5
1526.7667,  1.00000000,1,0,0.0,0.5
1526.8000,  1.00000000,1,0,0.0,0.5
1526.8333,  1.00000000,1,0,0.0,0.5
1526.8667,  1.00000000,1,0,0.0,0.5
1526.9000,  1.00000000,1,0,0.025000000000000001,0.5
1526.9333,  1.00000000,1,0,0.0,0.5
1526.9667,  1.00000000,1,0,0.025000000000000001,0.5
1527.0000,  1.00000000,1,0,0.025000000000000001,0.5
1527.0333,  1.00000000,1,0,0.0,0.5
1527.0667,  1.00000000,1,0,0.0,0.5
1527.1000,  1.00000000,1,0,0.025000000000000001,0.5
1527.1333,  1.00000000,1,0,0.0,0.5
1527.1667,  1.00000000,1,0,0.0,0.5
1527.2000,  1.00000000,1,0,0.0,0.5
1527.2333,  1.00000000,1,0,0.0,0.5
1527.2667,  1.00000000,1,0,0.0,0.5
1527.3000,  1.00000000,1,0,0.0,0.5
1527.3333,  1.00000000,1,0,0.0,0.5
1527.3667,  1.00000000,1,0,0.025000000000000001,0.5
1527.4000,  1.00000000,1,0,0.0,0.5
1527.4333,  1.00000000,1,0,0.0,0.5
1527.4667,  1.00000000,1,0,0.0,0.5
1527.5000,  1.00000000,1,0,0.025000000000000001,0.5
1527.5333,  1.00000000,1,0,0.0,0.5
1527.5667,  1.00000000,1,0,0.0,0.5
1527.6000,  1.00000000,1,0,0.025000000000000001,0.5
1527.6333,  1.00000000,1,0,0.025000000000000001,0.5
1527.6667,  1.00000000,1,0,0.025000000000000001,0.5
1527.7000,  1.00000000,1,0,0.0,0.5
1527.7333,  1.00000000,1,0,0.0,0.5
1527.7667,  1.00000000,1,0,0.0,0.5
1527.8000,  1.00000000,1,0,0.0,0.5
1527.8333,  1.00000000,1,0,0.025000000000000001,0.5
1527.8667,  1.00000000,1,0,0.0,0.5
1527.9000,  1.00000000,1,0,0.0,0.5
1527.9333,  1.00000000,1,0,0.0,0.5
1527.9667,  1.00000000,1,0,0.0,0.5
1528.0000,  1.00000000,1,0,0.025000000000000001,0.5
1528.0333,  1.00000000,1,0,0.0,0.5
1528.0667,  1.00000000,1,0,0.0,0.5
1528.1000,  1.00000000,1,0,0.0,0.5
1528.1333,  1.00000000,1,0,0.025000000000000001,0.5
1528.1667,  1.00000000,1,0,0.0,0.5
1528.2000,  1.00000000,1,0,0.0,0.5
1528.2333,  1.00000000,1,0,0.0,0.5
1528.2667,  1.00000000,1,0,0.0,0.5
1528.3000,  1.00000000,1,0,0.0,0.5
1528.3333,  1.00000000,1,0,0.0,0.5
1528.3667,  1.00000000,1,0,0.0,0.5
1528.4000,  1.00000000,1,0,0.0,0.5
1528.4333,  1.00000000,1,0,0.0,0.5
1528.4667,  1.00000000,1,0,0.025000000000000001,0.5
1528.5000,  1.00000000,1,0,0.0,0.5
1528.5333,  1.00000000,1,0,0.0,0.5
1528.5667,  1.00000000,1,0,0.0,0.5
1528.6000,  1.00000000,1,0,0.0,0.5
1528.6333,  1.00000000,1,0,0.0,0.5
1528.6667,  1.00000000,1,0,0.0,0.5
1528.7000,  1.00000000,1,0,0.0,0.5
1528.7333,  1.00000000,1,0,0.0,0.5
1528.7667,  1.00000000,1,0,0.0,0.5
1528.8000,  1.00000000,1,0,0.0,0.5
1528.8333,  1.00000000,1,0,0.0,0.5
1528.8667,  1.00000000,1,0,0.0,0.5
1528.9000,  1.00000000,1,0,0.0,0.5
1528.9333,  1.00000000,1,0,0.025000000000000001,0.5
1528.9667,  1.00000000,1,0,0.050000000000000003,0.5
1529.0000,  1.00000000,1,0,0.0,0.5
1529.0333,  1.00000000,1,0,0.0,0.5
1529.0667,  1.00000000,1,0,0.0,0.5
1529.1000,  1.00000000,1,0,0.0,0.5
1529.1333,  1.00000000,1,0,0.0,0.5
1529.1667,  1.00000000,1,0,0.0,0.5
1529.2000,  1.00000000,1,0,0.025000000000000001,0.5
1529.2333,  1.00000000,1,0,0.0,0.5
1529.2667,  1.00000000,1,0,0.0,0.5
1529.3000,  1.00000000,1,0,0.025000000000000001,0.5
1529.3333,  1.00000000,1,0,0.025000000000000001,0.5
1529.3667,  1.00000000,1,0,0.0,0.5
1529.4000,  1.00000000,1,0,0.025000000000000001,0.5
1529.4333,  1.00000000,1,0,0.0,0.5
1529.4667,  1.00000000,1,0,0.025000000000000001,0.5
1529.5000,  1.00000000,1,0,0.0,0.5
1529.5333,  1.00000000,1,0,0.025000000000000001,0.5
1529.5667,  1.00000000,1,0,0.0,0.5
1529.6000,  1.00000000,1,0,0.025000000000000001,0.5
1529.6333,  1.00000000,1,0,0.0,0.5
1529.6667,  1.00000000,1,0,0.025000000000000001,0.5
1529.7000,  1.00000000,1,0,0.0,0.5
1529.7333,  1.00000000,1,0,0.0,0.5
1529.7667,  1.00000000,1,0,0.0,0.5
1529.8000,  1.00000000,1,0,0.0,0.5
1529.8333,  1.00000000,1,0,0.0,0.5
1529.8667,  1.00000000,1,0,0.0,0.5
1529.9000,  1.00000000,1,0,0.025000000000000001,0.5
1529.9333,  1.00000000,1,0,0.0,0.5
1529.9667,  1.00000000,1,0,0.0,0.5
1530.0000,  1.00000000,1,0,0.050000000000000003,0.5
1530.0333,  1.00000000,1,0,0.0,0.5
1530.0667,  1.00000000,1,0,0.0,0.5
1530.1000,  1.00000000,1,0,0.025000000000000001,0.5
1530.1333,  1.00000000,1,0,0.0,0.5
1530.1667,  1.00000000,1,0,0.0,0.5
1530.2000,  1.00000000,1,0,0.0,0.5
1530.2333,  1.00000000,1,0,0.0,0.5
1530.2667,  1.00000000,1,0,0.0,0.5
1530.3000,  1.00000000,1,0,0.0,0.5
1530.3333,  1.00000000,1,0,0.0,0.5
1530.3667,  1.00000000,1,0,0.0,0.5
1530.4000,  1.00000000,1,0,0.0,0.5
1530.4333,  1.00000000,1,0,0.0,0.5
1530.4667,  1.00000000,1,0,0.0,0.5
1530.5000,  1.00000000,1,0,0.0,0.5
1530.5333,  1.00000000,1,0,0.0,0.5
1530.5667,  1.00000000,1,0,0.0,0.5
1530.6000,  1.00000000,1,0,0.0,0.5
1530.6333,  1.00000000,1,0,0.0,0.5
1530.6667,  1.00000000,1,0,0.0,0.5
1530.7000,  1.00000000,1,0,0.0,0.5
1530.7333,  1.00000000,1,0,0.0,0.5
1530.7667,  1.00000000,1,0,0.0,0.5
1530.8000,  1.00000000,1,0,0.0,0.5
1530.8333,  1.00000000,1,0,0.0,0.5
1530.8667,  1.00000000,1,0,0.0,0.5
1530.9000,  1.00000000,1,0,0.0,0.5
1530.9333,  1.00000000,1,0,0.0,0.5
1530.9667,  1.00000000,1,0,0.0,0.5
1531.0000,  1.00000000,1,0,0.0,0.5
1531.0333,  1.00000000,1,0,0.025000000000000001,0.5
1531.0667,  1.00000000,1,0,0.0,0.5
1531.1000,  1.00000000,1,0,0.025000000000000001,0.5
1531.1333,  1.00000000,1,0,0.0,0.5
1531.1667,  1.00000000,1,0,0.0,0.5
1531.2000,  1.00000000,1,0,0.0,0.5
1531.2333,  1.00000000,1,0,0.0,0.5
1531.2667,  1.00000000,1,0,0.0,0.5
1531.3000,  1.00000000,1,0,0.0,0.5
1531.3333,  1.00000000,1,0,0.025000000000000001,0.5
1531.3667,  1.00000000,1,0,0.025000000000000001,0.5
1531.4000,  1.00000000,1,0,0.0,0.5
1531.4333,  1.00000000,1,0,0.0,0.5
1531.4667,  1.00000000,1,0,0.0,0.5
1531.5000,  1.00000000,1,0,0.0,0.5
1531.5333,  1.00000000,1,0,0.0,0.5
1531.5667,  1.00000000,1,0,0.050000000000000003,0.5
1531.6000,  1.00000000,1,0,0.0,0.5
1531.6333,  1.00000000,1,0,0.025000000000000001,0.5
1531.6667,  1.00000000,1,0,0.0,0.5
1531.7000,  1.00000000,1,0,0.0,0.5
1531.7333,  1.00000000,1,0,0.0,0.5
1531.7667,  1.00000000,1,0,0.0,0.5
1531.8000,  1.00000000,1,0,0.0,0.5
1531.8333,  1.00000000,1,0,0.0,0.5
1531.8667,  1.00000000,1,0,0.025000000000000001,0.5
1531.9000,  1.00000000,1,0,0.0,0.5
1531.9333,  1.00000000,1,0,0.0,0.5
1531.9667,  1.00000000,1,0,0.0,0.5
1532.0000,  1.00000000,1,0,0.025000000000000001,0.5
1532.0333,  1.00000000,1,0,0.025000000000000001,0.5
1532.0667,  1.00000000,1,0,0.0,0.5
1532.1000,  1.00000000,1,0,0.0,0.5
1532.1333,  1.00000000,1,0,0.025000000000000001,0.5
1532.1667,  1.00000000,1,0,0.0,0.5
1532.2000,  1.00000000,1,0,0.0,0.5
1532.2333,  1.00000000,1,0,0.0,0.5
1532.2667,  1.00000000,1,0,0.0,0.5
1532.3000,  1.00000000,1,0,0.0,0.5
1532.3333,  1.00000000,1,0,0.0,0.5
1532.3667,  1.00000000,1,0,0.025000000000000001,0.5
1532.4000,  1.00000000,1,0,0.0,0.5
1532.4333,  1.00000000,1,0,0.0,0.5
1532.4667,  1.00000000,1,0,0.0,0.5
1532.5000,  1.00000000,1,0,0.050000000000000003,0.5
1532.5333,  1.00000000,1,0,0.0,0.5
1532.5667,  1.00000000,1,0,0.0,0.5
1532.6000,  1.00000000,1,0,0.025000000000000001,0.5
1532.6333,  1.00000000,1,0,0.0,0.5
1532.6667,  1.00000000,1,0,0.0,0.5
1532.7000,  1.00000000,1,0,0.025000000000000001,0.5
1532.7333,  1.00000000,1,0,0.0,0.5
1532.7667,  1.00000000,1,0,0.0,0.5
1532.8000,  1.00000000,1,0,0.0,0.5
1532.8333,  1.00000000,1,0,0.0,0.5
1532.8667,  1.00000000,1,0,0.0,0.5
1532.9000,  1.00000000,1,0,0.0,0.5
1532.9333,  1.00000000,1,0,0.0,0.5
1532.9667,  1.00000000,1,0,0.0,0.5
1533.0000,  1.00000000,1,0,0.025000000000000001,0.5
1533.0333,  1.00000000,1,0,0.0,0.5
1533.0667,  1.00000000,1,0,0.0,0.5
1533.1000,  1.00000000,1,0,0.0,0.5
1533.1333,  1.00000000,1,0,0.0,0.5
1533.1667,  1.00000000,1,0,0.0,0.5
1533.2000,  1.00000000,1,0,0.0,0.5
1533.2333,  1.00000000,1,0,0.0,0.5
1533.2667,  1.00000000,1,0,0.0,0.5
1533.3000,  1.00000000,1,0,0.025000000000000001,0.5
1533.3333,  1.00000000,1,0,0.0,0.5
1533.3667,  1.00000000,1,0,0.0,0.5
1533.4000,  1.00000000,1,0,0.0,0.5
1533.4333,  1.00000000,1,0,0.025000000000000001,0.5
1533.4667,  1.00000000,1,0,0.0,0.5
1533.5000,  1.00000000,1,0,0.025000000000000001,0.5
1533.5333,  1.00000000,1,0,0.025000000000000001,0.5
1533.5667,  1.00000000,1,0,0.0,0.5
1533.6000,  1.00000000,1,0,0.025000000000000001,0.5
1533.6333,  1.00000000,1,0,0.0,0.5
1533.6667,  1.00000000,1,0,0.0,0.5
1533.7000,  1.00000000,1,0,0.025000000000000001,0.5
1533.7333,  1.00000000,1,0,0.0,0.5
1533.7667,  1.00000000,1,0,0.0,0.5
1533.8000,  1.00000000,1,0,0.0,0.5
1533.8333,  1.00000000,1,0,0.025000000000000001,0.5
1533.8667,  1.00000000,1,0,0.025000000000000001,0.5
1533.9000,  1.00000000,1,0,0.0,0.5
1533.9333,  1.00000000,1,0,0.0,0.5
1533.9667,  1.00000000,1,0,0.0,0.5
1534.0000,  1.00000000,1,0,0.0,0.5
1534.0333,  1.00000000,1,0,0.025000000000000001,0.5
1534.0667,  1.00000000,1,0,0.0,0.5
1534.1000,  1.00000000,1,0,0.0,0.5
1534.1333,  1.00000000,1,0,0.0,0.5
1534.1667,  1.00000000,1,0,0.0,0.5
1534.2000,  1.00000000,1,0,0.0,0.5
1534.2333,  1.00000000,1,0,0.0,0.5
1534.2667,  1.00000000,1,0,0.0,0.5
1534.3000,  1.00000000,1,0,0.0,0.5
1534.3333,  1.00000000,1,0,0.0,0.5
1534.3667,  1.00000000,1,0,0.0,0.5
1534.4000,  1.00000000,1,0,0.0,0.5
1534.4333,  1.00000000,1,0,0.0,0.5
1534.4667,  1.00000000,1,0,0.0,0.5
1534.5000,  1.00000000,1,0,0.0,0.5
1534.5333,  1.00000000,1,0,0.0,0.5
1534.5667,  1.00000000,1,0,0.0,0.5
1534.6000,  1.00000000,1,0,0.0,0.5
1534.6333,  1.00000000,1,0,0.0,0.5
1534.6667,  1.00000000,1,0,0.0,0.5
1534.7000,  1.00000000,1,0,0.0,0.5
1534.7333,  1.00000000,1,0,0.0,0.5
1534.7667,  1.00000000,1,0,0.025000000000000001,0.5
1534.8000,  1.00000000,1,0,0.0,0.5
1534.8333,  1.00000000,1,0,0.0,0.5
1534.8667,  1.00000000,1,0,0.025000000000000001,0.5
1534.9000,  1.00000000,1,0,0.025000000000000001,0.5
1534.9333,  1.00000000,1,0,0.0,0.5
1534.9667,  1.00000000,1,0,0.0,0.5
1535.0000,  1.00000000,1,0,0.0,0.5
1535.0333,  1.00000000,1,0,0.0,0.5
1535.0667,  1.00000000,1,0,0.0,0.5
1535.1000,  1.00000000,1,0,0.0,0.5
1535.1333,  1.00000000,1,0,0.0,0.5
1535.1667,  1.00000000,1,0,0.0,0.5
1535.2000,  1.00000000,1,0,0.0,0.5
1535.2333,  1.00000000,1,0,0.0,0.5
1535.2667,  1.00000000,1,0,0.0,0.5
1535.3000,  1.00000000,1,0,0.0,0.5
1535.3333,  1.00000000,1,0,0.0,0.5
1535.3667,  1.00000000,1,0,0.0,0.5
1535.4000,  1.00000000,1,0,0.025000000000000001,0.5
1535.4333,  1.00000000,1,0,0.0,0.5
1535.4667,  1.00000000,1,0,0.0,0.5
1535.5000,  1.00000000,1,0,0.0,0.5
1535.5333,  1.00000000,1,0,0.0,0.5
1535.5667,  1.00000000,1,0,0.0,0.5
1535.6000,  1.00000000,1,0,0.0,0.5
1535.6333,  1.00000000,1,0,0.0,0.5
1535.6667,  1.00000000,1,0,0.0,0.5
1535.7000,  1.00000000,1,0,0.0,0.5
1535.7333,  1.00000000,1,0,0.0,0.5
1535.7667,  1.00000000,1,0,0.0,0.5
1535.8000,  1.00000000,1,0,0.0,0.5
1535.8333,  1.00000000,1,0,0.0,0.5
1535.8667,  1.00000000,1,0,0.0,0.5
1535.9000,  1.00000000,1,0,0.0,0.5
1535.9333,  1.00000000,1,0,0.0,0.5
1535.9667,  1.00000000,1,0,0.025000000000000001,0.5
1536.0000,  1.00000000,1,0,0.0,0.5
1536.0333,  1.00000000,1,0,0.0,0.5
1536.0667,  1.00000000,1,0,0.0,0.5
1536.1000,  1.00000000,1,0,0.0,0.5
1536.1333,  1.00000000,1,0,0.025000000000000001,0.5
1536.1667,  1.00000000,1,0,0.0,0.5
1536.2000,  1.00000000,1,0,0.0,0.5
1536.2333,  1.00000000,1,0,0.025000000000000001,0.5
1536.2667,  1.00000000,1,0,0.0,0.5
1536.3000,  1.00000000,1,0,0.0,0.5
1536.3333,  1.00000000,1,0,0.0,0.5
1536.3667,  1.00000000,1,0,0.0,0.5
1536.4000,  1.00000000,1,0,0.0,0.5
1536.4333,  1.00000000,1,0,0.0,0.5
1536.4667,  1.00000000,1,0,0.0,0.5
1536.5000,  1.00000000,1,0,0.0,0.5
1536.5333,  1.00000000,1,0,0.0,0.5
1536.5667,  1.00000000,1,0,0.025000000000000001,0.5
1536.6000,  1.00000000,1,0,0.0,0.5
1536.6333,  1.00000000,1,0,0.0,0.5
1536.6667,  1.00000000,1,0,0.0,0.5
1536.7000,  1.00000000,1,0,0.0,0.5
1536.7333,  1.00000000,1,0,0.025000000000000001,0.5
1536.7667,  1.00000000,1,0,0.0,0.5
1536.8000,  1.00000000,1,0,0.0,0.5
1536.8333,  1.00000000,1,0,0.0,0.5
1536.8667,  1.00000000,1,0,0.0,0.5
1536.9000,  1.00000000,1,0,0.0,0.5
1536.9333,  1.00000000,1,0,0.0,0.5
1536.9667,  1.00000000,1,0,0.0,0.5
1537.0000,  1.00000000,1,0,0.025000000000000001,0.5
1537.0333,  1.00000000,1,0,0.0,0.5
1537.0667,  1.00000000,1,0,0.0,0.5
1537.1000,  1.00000000,1,0,0.0,0.5
1537.1333,  1.00000000,1,0,0.0,0.5
1537.1667,  1.00000000,1,0,0.0,0.5
1537.2000,  1.00000000,1,0,0.0,0.5
1537.2333,  1.00000000,1,0,0.0,0.5
1537.2667,  1.00000000,1,0,0.025000000000000001,0.5
1537.3000,  1.00000000,1,0,0.025000000000000001,0.5
1537.3333,  1.00000000,1,0,0.025000000000000001,0.5
1537.3667,  1.00000000,1,0,0.0,0.5
1537.4000,  1.00000000,1,0,0.0,0.5
1537.4333,  1.00000000,1,0,0.0,0.5
1537.4667,  1.00000000,1,0,0.0,0.5
1537.5000,  1.00000000,1,0,0.0,0.5
1537.5333,  1.00000000,1,0,0.0,0.5
1537.5667,  1.00000000,1,0,0.0,0.5
1537.6000,  1.00000000,1,0,0.0,0.5
1537.6333,  1.00000000,1,0,0.0,0.5
1537.6667,  1.00000000,1,0,0.0,0.5
1537.7000,  1.00000000,1,0,0.0,0.5
1537.7333,  1.00000000,1,0,0.0,0.5
1537.7667,  1.00000000,1,0,0.0,0.5
1537.8000,  1.00000000,1,0,0.0,0.5
1537.8333,  1.00000000,1,0,0.0,0.5
1537.8667,  1.00000000,1,0,0.0,0.5
1537.9000,  1.00000000,1,0,0.0,0.5
1537.9333,  1.00000000,1,0,0.0,0.5
1537.9667,  1.00000000,1,0,0.025000000000000001,0.5
1538.0000,  1.00000000,1,0,0.0,0.5
1538.0333,  1.00000000,1,0,0.0,0.5
1538.0667,  1.00000000,1,0,0.0,0.5
1538.1000,  1.00000000,1,0,0.0,0.5
1538.1333,  1.00000000,1,0,0.0,0.5
1538.1667,  1.00000000,1,0,0.0,0.5
1538.2000,  1.00000000,1,0,0.025000000000000001,0.5
1538.2333,  1.00000000,1,0,0.025000000000000001,0.5
1538.2667,  1.00000000,1,0,0.0,0.5
1538.3000,  1.00000000,1,0,0.0,0.5
1538.3333,  1.00000000,1,0,0.025000000000000001,0.5
1538.3667,  1.00000000,1,0,0.0,0.5
1538.4000,  1.00000000,1,0,0.025000000000000001,0.5
1538.4333,  1.00000000,1,0,0.0,0.5
1538.4667,  1.00000000,1,0,0.0,0.5
1538.5000,  1.00000000,1,0,0.0,0.5
1538.5333,  1.00000000,1,0,0.0,0.5
1538.5667,  1.00000000,1,0,0.0,0.5
1538.6000,  1.00000000,1,0,0.0,0.5
1538.6333,  1.00000000,1,0,0.0,0.5
1538.6667,  1.00000000,1,0,0.0,0.5
1538.7000,  1.00000000,1,0,0.0,0.5
1538.7333,  1.00000000,1,0,0.0,0.5
1538.7667,  1.00000000,1,0,0.0,0.5
1538.8000,  1.00000000,1,0,0.0,0.5
1538.8333,  1.00000000,1,0,0.0,0.5
1538.8667,  1.00000000,1,0,0.025000000000000001,0.5
1538.9000,  1.00000000,1,0,0.0,0.5
1538.9333,  1.00000000,1,0,0.0,0.5
1538.9667,  1.00000000,1,0,0.025000000000000001,0.5
1539.0000,  1.00000000,1,0,0.0,0.5
1539.0333,  1.00000000,1,0,0.025000000000000001,0.5
1539.0667,  1.00000000,1,0,0.0,0.5
1539.1000,  1.00000000,1,0,0.025000000000000001,0.5
1539.1333,  1.00000000,1,0,0.0,0.5
1539.1667,  1.00000000,1,0,0.025000000000000001,0.5
1539.2000,  1.00000000,1,0,0.0,0.5
1539.2333,  1.00000000,1,0,0.0,0.5
1539.2667,  1.00000000,1,0,0.0,0.5
1539.3000,  1.00000000,1,0,0.025000000000000001,0.5
1539.3333,  1.00000000,1,0,0.0,0.5
1539.3667,  1.00000000,1,0,0.0,0.5
1539.4000,  1.00000000,1,0,0.025000000000000001,0.5
1539.4333,  1.00000000,1,0,0.0,0.5
1539.4667,  1.00000000,1,0,0.0,0.5
1539.5000,  1.00000000,1,0,0.0,0.5
1539.5333,  1.00000000,1,0,0.0,0.5
1539.5667,  1.00000000,1,0,0.0,0.5
1539.6000,  1.00000000,1,0,0.0,0.5
1539.6333,  1.00000000,1,0,0.0,0.5
1539.6667,  1.00000000,1,0,0.0,0.5
1539.7000,  1.00000000,1,0,0.025000000000000001,0.5
1539.7333,  1.00000000,1,0,0.0,0.5
1539.7667,  1.00000000,1,0,0.0,0.5
1539.8000,  1.00000000,1,0,0.0,0.5
1539.8333,  1.00000000,1,0,0.050000000000000003,0.5
1539.8667,  1.00000000,1,0,0.0,0.5
1539.9000,  1.00000000,1,0,0.0,0.5
1539.9333,  1.00000000,1,0,0.0,0.5
1539.9667,  1.00000000,1,0,0.0,0.5
1540.0000,  1.00000000,1,0,0.0,0.5
1540.0333,  1.00000000,1,0,0.0,0.5
1540.0667,  1.00000000,1,0,0.025000000000000001,0.5
1540.1000,  1.00000000,1,0,0.025000000000000001,0.5
1540.1333,  1.00000000,1,0,0.0,0.5
1540.1667,  1.00000000,1,0,0.0,0.5
1540.2000,  1.00000000,1,0,0.025000000000000001,0.5
1540.2333,  1.00000000,1,0,0.0,0.5
1540.2667,  1.00000000,1,0,0.025000000000000001,0.5
1540.3000,  1.00000000,1,0,0.0,0.5
1540.3333,  1.00000000,1,0,0.0,0.5
1540.3667,  1.00000000,1,0,0.025000000000000001,0.5
1540.4000,  1.00000000,1,0,0.0,0.5
1540.4333,  1.00000000,1,0,0.025000000000000001,0.5
1540.4667,  1.00000000,1,0,0.0,0.5
1540.5000,  1.00000000,1,0,0.0,0.5
1540.5333,  1.00000000,1,0,0.0,0.5
1540.5667,  1.00000000,1,0,0.0,0.5
1540.6000,  1.00000000,1,0,0.025000000000000001,0.5
1540.6333,  1.00000000,1,0,0.0,0.5
1540.6667,  1.00000000,1,0,0.0,0.5
1540.7000,  1.00000000,1,0,0.0,0.5
1540.7333,  1.00000000,1,0,0.025000000000000001,0.5
1540.7667,  1.00000000,1,0,0.0,0.5
1540.8000,  1.00000000,1,0,0.0,0.5
1540.8333,  1.00000000,1,0,0.025000000000000001,0.5
1540.8667,  1.00000000,1,0,0.025000000000000001,0.5
1540.9000,  1.00000000,1,0,0.0,0.5
1540.9333,  1.00000000,1,0,0.050000000000000003,0.5
1540.9667,  1.00000000,1,0,0.0,0.5
1541.0000,  1.00000000,1,0,0.0,0.5
1541.0333,  1.00000000,1,0,0.025000000000000001,0.5
1541.0667,  1.00000000,1,0,0.025000000000000001,0.5
1541.1000,  1.00000000,1,0,0.0,0.5
1541.1333,  1.00000000,1,0,0.0,0.5
1541.1667,  1.00000000,1,0,0.0,0.5
1541.2000,  1.00000000,1,0,0.0,0.5
1541.2333,  1.00000000,1,0,0.0,0.5
1541.2667,  1.00000000,1,0,0.025000000000000001,0.5
1541.3000,  1.00000000,1,0,0.0,0.5
1541.3333,  1.00000000,1,0,0.0,0.5
1541.3667,  1.00000000,1,0,0.0,0.5
1541.4000,  1.00000000,1,0,0.025000000000000001,0.5
1541.4333,  1.00000000,1,0,0.0,0.5
1541.4667,  1.00000000,1,0,0.0,0.5
1541.5000,  1.00000000,1,0,0.025000000000000001,0.5
1541.5333,  1.00000000,1,0,0.0,0.5
1541.5667,  1.00000000,1,0,0.0,0.5
1541.6000,  1.00000000,1,0,0.0,0.5
1541.6333,  1.00000000,1,0,0.0,0.5
1541.6667,  1.00000000,1,0,0.0,0.5
1541.7000,  1.00000000,1,0,0.0,0.5
1541.7333,  1.00000000,1,0,0.0,0.5
1541.7667,  1.00000000,1,0,0.0,0.5
1541.8000,  1.00000000,1,0,0.0,0.5
1541.8333,  1.00000000,1,0,0.0,0.5
1541.8667,  1.00000000,1,0,0.0,0.5
1541.9000,  1.00000000,1,0,0.0,0.5
1541.9333,  1.00000000,1,0,0.0,0.5
1541.9667,  1.00000000,1,0,0.0,0.5
1542.0000,  1.00000000,1,0,0.0,0.5
1542.0333,  1.00000000,1,0,0.0,0.5
1542.0667,  1.00000000,1,0,0.0,0.5
1542.1000,  1.00000000,1,0,0.0,0.5
1542.1333,  1.00000000,1,0,0.0,0.5
1542.1667,  1.00000000,1,0,0.025000000000000001,0.5
1542.2000,  1.00000000,1,0,0.0,0.5
1542.2333,  1.00000000,1,0,0.0,0.5
1542.2667,  1.00000000,1,0,0.0,0.5
1542.3000,  1.00000000,1,0,0.0,0.5
1542.3333,  1.00000000,1,0,0.0,0.5
1542.3667,  1.00000000,1,0,0.0,0.5
1542.4000,  1.00000000,1,0,0.0,0.5
1542.4333,  1.00000000,1,0,0.0,0.5
1542.4667,  1.00000000,1,0,0.0,0.5
1542.5000,  1.00000000,1,0,0.0,0.5
1542.5333,  1.00000000,1,0,0.050000000000000003,0.5
1542.5667,  1.00000000,1,0,0.0,0.5
1542.6000,  1.00000000,1,0,0.0,0.5
1542.6333,  1.00000000,1,0,0.0,0.5
1542.6667,  1.00000000,1,0,0.0,0.5
1542.7000,  1.00000000,1,0,0.0,0.5
1542.7333,  1.00000000,1,0,0.025000000000000001,0.5
1542.7667,  1.00000000,1,0,0.0,0.5
1542.8000,  1.00000000,1,0,0.0,0.5
1542.8333,  1.00000000,1,0,0.0,0.5
1542.8667,  1.00000000,1,0,0.0,0.5
1542.9000,  1.00000000,1,0,0.0,0.5
1542.9333,  1.00000000,1,0,0.0,0.5
1542.9667,  1.00000000,1,0,0.0,0.5
1543.0000,  1.00000000,1,0,0.0,0.5
1543.0333,  1.00000000,1,0,0.0,0.5
1543.0667,  1.00000000,1,0,0.0,0.5
1543.1000,  1.00000000,1,0,0.0,0.5
1543.1333,  1.00000000,1,0,0.0,0.5
1543.1667,  1.00000000,1,0,0.0,0.5
1543.2000,  1.00000000,1,0,0.0,0.5
1543.2333,  1.00000000,1,0,0.0,0.5
1543.2667,  1.00000000,1,0,0.0,0.5
1543.3000,  1.00000000,1,0,0.0,0.5
1543.3333,  1.00000000,1,0,0.0,0.5
1543.3667,  1.00000000,1,0,0.0,0.5
1543.4000,  1.00000000,1,0,0.025000000000000001,0.5
1543.4333,  1.00000000,1,0,0.025000000000000001,0.5
1543.4667,  1.00000000,1,0,0.0,0.5
1543.5000,  1.00000000,1,0,0.025000000000000001,0.5
1543.5333,  1.00000000,1,0,0.0,0.5
1543.5667,  1.00000000,1,0,0.025000000000000001,0.5
1543.6000,  1.00000000,1,0,0.025000000000000001,0.5
1543.6333,  1.00000000,1,0,0.025000000000000001,0.5
1543.6667,  1.00000000,1,0,0.0,0.5
1543.7000,  1.00000000,1,0,0.025000000000000001,0.5
1543.7333,  1.00000000,1,0,0.0,0.5
1543.7667,  1.00000000,1,0,0.0,0.5
1543.8000,  1.00000000,1,0,0.0,0.5
1543.8333,  1.00000000,1,0,0.0,0.5
1543.8667,  1.00000000,1,0,0.025000000000000001,0.5
1543.9000,  1.00000000,1,0,0.0,0.5
1543.9333,  1.00000000,1,0,0.0,0.5
1543.9667,  1.00000000,1,0,0.0,0.5
1544.0000,  1.00000000,1,0,0.0,0.5
1544.0333,  1.00000000,1,0,0.0,0.5
1544.0667,  1.00000000,1,0,0.025000000000000001,0.5
1544.1000,  1.00000000,1,0,0.0,0.5
1544.1333,  1.00000000,1,0,0.0,0.5
1544.1667,  1.00000000,1,0,0.025000000000000001,0.5
1544.2000,  1.00000000,1,0,0.0,0.5
1544.2333,  1.00000000,1,0,0.0,0.5
1544.2667,  1.00000000,1,0,0.0,0.5
1544.3000,  1.00000000,1,0,0.0,0.5
1544.3333,  1.00000000,1,0,0.0,0.5
1544.3667,  1.00000000,1,0,0.0,0.5
1544.4000,  1.00000000,1,0,0.025000000000000001,0.5
1544.4333,  1.00000000,1,0,0.0,0.5
1544.4667,  1.00000000,1,0,0.0,0.5
1544.5000,  1.00000000,1,0,0.0,0.5
1544.5333,  1.00000000,1,0,0.0,0.5
1544.5667,  1.00000000,1,0,0.025000000000000001,0.5
1544.6000,  1.00000000,1,0,0.025000000000000001,0.5
1544.6333,  1.00000000,1,0,0.0,0.5
1544.6667,  1.00000000,1,0,0.0,0.5
1544.7000,  1.00000000,1,0,0.0,0.5
1544.7333,  1.00000000,1,0,0.0,0.5
1544.7667,  1.00000000,1,0,0.025000000000000001,0.5
1544.8000,  1.00000000,1,0,0.0,0.5
1544.8333,  1.00000000,1,0,0.050000000000000003,0.5
1544.8667,  1.00000000,1,0,0.025000000000000001,0.5
1544.9000,  1.00000000,1,0,0.0,0.5
1544.9333,  1.00000000,1,0,0.0,0.5
1544.9667,  1.00000000,1,0,0.0,0.5
1545.0000,  1.00000000,1,0,0.0,0.5
1545.0333,  1.00000000,1,0,0.0,0.5
1545.0667,  1.00000000,1,0,0.0,0.5
1545.1000,  1.00000000,1,0,0.0,0.5
1545.1333,  1.00000000,1,0,0.050000000000000003,0.5
1545.1667,  1.00000000,1,0,0.025000000000000001,0.5
1545.2000,  1.00000000,1,0,0.0,0.5
1545.2333,  1.00000000,1,0,0.0,0.5
1545.2667,  1.00000000,1,0,0.0,0.5
1545.3000,  1.00000000,1,0,0.0,0.5
1545.3333,  1.00000000,1,0,0.0,0.5
1545.3667,  1.00000000,1,0,0.0,0.5
1545.4000,  1.00000000,1,0,0.0,0.5
1545.4333,  1.00000000,1,0,0.0,0.5
1545.4667,  1.00000000,1,0,0.0,0.5
1545.5000,  1.00000000,1,0,0.0,0.5
1545.5333,  1.00000000,1,0,0.0,0.5
1545.5667,  1.00000000,1,0,0.025000000000000001,0.5
1545.6000,  1.00000000,1,0,0.025000000000000001,0.5
1545.6333,  1.00000000,1,0,0.050000000000000003,0.5
1545.6667,  1.00000000,1,0,0.0,0.5
1545.7000,  1.00000000,1,0,0.0,0.5
1545.7333,  1.00000000,1,0,0.0,0.5
1545.7667,  1.00000000,1,0,0.0,0.5
1545.8000,  1.00000000,1,0,0.0,0.5
1545.8333,  1.00000000,1,0,0.0,0.5
1545.8667,  1.00000000,1,0,0.025000000000000001,0.5
1545.9000,  1.00000000,1,0,0.0,0.5
1545.9333,  1.00000000,1,0,0.025000000000000001,0.5
1545.9667,  1.00000000,1,0,0.0,0.5
1546.0000,  1.00000000,1,0,0.025000000000000001,0.5
1546.0333,  1.00000000,1,0,0.0,0.5
1546.0667,  1.00000000,1,0,0.0,0.5
1546.1000,  1.00000000,1,0,0.025000000000000001,0.5
1546.1333,  1.00000000,1,0,0.025000000000000001,0.5
1546.1667,  1.00000000,1,0,0.0,0.5
1546.2000,  1.00000000,1,0,0.0,0.5
1546.2333,  1.00000000,1,0,0.0,0.5
1546.2667,  1.00000000,1,0,0.0,0.5
1546.3000,  1.00000000,1,0,0.025000000000000001,0.5
1546.3333,  1.00000000,1,0,0.0,0.5
1546.3667,  1.00000000,1,0,0.0,0.5
1546.4000,  1.00000000,1,0,0.0,0.5
1546.4333,  1.00000000,1,0,0.025000000000000001,0.5
1546.4667,  1.00000000,1,0,0.0,0.5
1546.5000,  1.00000000,1,0,0.0,0.5
1546.5333,  1.00000000,1,0,0.0,0.5
1546.5667,  1.00000000,1,0,0.0,0.5
1546.6000,  1.00000000,1,0,0.0,0.5
1546.6333,  1.00000000,1,0,0.0,0.5
1546.6667,  1.00000000,1,0,0.0,0.5
1546.7000,  1.00000000,1,0,0.0,0.5
1546.7333,  1.00000000,1,0,0.0,0.5
1546.7667,  1.00000000,1,0,0.0,0.5
1546.8000,  1.00000000,1,0,0.025000000000000001,0.5
1546.8333,  1.00000000,1,0,0.025000000000000001,0.5
1546.8667,  1.00000000,1,0,0.0,0.5
1546.9000,  1.00000000,1,0,0.0,0.5
1546.9333,  1.00000000,1,0,0.025000000000000001,0.5
1546.9667,  1.00000000,1,0,0.0,0.5
1547.0000,  1.00000000,1,0,0.0,0.5
1547.0333,  1.00000000,1,0,0.0,0.5
1547.0667,  1.00000000,1,0,0.0,0.5
1547.1000,  1.00000000,1,0,0.0,0.5
1547.1333,  1.00000000,1,0,0.0,0.5
1547.1667,  1.00000000,1,0,0.0,0.5
1547.2000,  1.00000000,1,0,0.025000000000000001,0.5
1547.2333,  1.00000000,1,0,0.0,0.5
1547.2667,  1.00000000,1,0,0.0,0.5
1547.3000,  1.00000000,1,0,0.0,0.5
1547.3333,  1.00000000,1,0,0.0,0.5
1547.3667,  1.00000000,1,0,0.025000000000000001,0.5
1547.4000,  1.00000000,1,0,0.025000000000000001,0.5
1547.4333,  1.00000000,1,0,0.0,0.5
1547.4667,  1.00000000,1,0,0.050000000000000003,0.5
1547.5000,  1.00000000,1,0,0.0,0.5
1547.5333,  1.00000000,1,0,0.025000000000000001,0.5
1547.5667,  1.00000000,1,0,0.0,0.5
1547.6000,  1.00000000,1,0,0.0,0.5
1547.6333,  1.00000000,1,0,0.0,0.5
1547.6667,  1.00000000,1,0,0.025000000000000001,0.5
1547.7000,  1.00000000,1,0,0.025000000000000001,0.5
1547.7333,  1.00000000,1,0,0.0,0.5
1547.7667,  1.00000000,1,0,0.0,0.5
1547.8000,  1.00000000,1,0,0.0,0.5
1547.8333,  1.00000000,1,0,0.025000000000000001,0.5
1547.8667,  1.00000000,1,0,0.0,0.5
1547.9000,  1.00000000,1,0,0.0,0.5
1547.9333,  1.00000000,1,0,0.0,0.5
1547.9667,  1.00000000,1,0,0.0,0.5
1548.0000,  1.00000000,1,0,0.0,0.5
1548.0333,  1.00000000,1,0,0.0,0.5
1548.0667,  1.00000000,1,0,0.0,0.5
1548.1000,  1.00000000,1,0,0.0,0.5
1548.1333,  1.00000000,1,0,0.0,0.5
1548.1667,  1.00000000,1,0,0.0,0.5
1548.2000,  1.00000000,1,0,0.025000000000000001,0.5
1548.2333,  1.00000000,1,0,0.0,0.5
1548.2667,  1.00000000,1,0,0.0,0.5
1548.3000,  1.00000000,1,0,0.025000000000000001,0.5
1548.3333,  1.00000000,1,0,0.0,0.5
1548.3667,  1.00000000,1,0,0.0,0.5
1548.4000,  1.00000000,1,0,0.0,0.5
1548.4333,  1.00000000,1,0,0.0,0.5
1548.4667,  1.00000000,1,0,0.0,0.5
1548.5000,  1.00000000,1,0,0.025000000000000001,0.5
1548.5333,  1.00000000,1,0,0.0,0.5
1548.5667,  1.00000000,1,0,0.0,0.5
1548.6000,  1.00000000,1,0,0.0,0.5
1548.6333,  1.00000000,1,0,0.0,0.5
1548.6667,  1.00000000,1,0,0.025000000000000001,0.5
1548.7000,  1.00000000,1,0,0.0,0.5
1548.7333,  1.00000000,1,0,0.0,0.5
1548.7667,  1.00000000,1,0,0.025000000000000001,0.5
1548.8000,  1.00000000,1,0,0.0,0.5
1548.8333,  1.00000000,1,0,0.0,0.5
1548.8667,  1.00000000,1,0,0.0,0.5
1548.9000,  1.00000000,1,0,0.025000000000000001,0.5
1548.9333,  1.00000000,1,0,0.0,0.5
1548.9667,  1.00000000,1,0,0.0,0.5
1549.0000,  1.00000000,1,0,0.0,0.5
1549.0333,  1.00000000,1,0,0.0,0.5
1549.0667,  1.00000000,1,0,0.0,0.5
1549.1000,  1.00000000,1,0,0.0,0.5
1549.1333,  1.00000000,1,0,0.0,0.5
1549.1667,  1.00000000,1,0,0.0,0.5
1549.2000,  1.00000000,1,0,0.0,0.5
1549.2333,  1.00000000,1,0,0.0,0.5
1549.2667,  1.00000000,1,0,0.025000000000000001,0.5
1549.3000,  1.00000000,1,0,0.0,0.5
1549.3333,  1.00000000,1,0,0.025000000000000001,0.5
1549.3667,  1.00000000,1,0,0.0,0.5
1549.4000,  1.00000000,1,0,0.0,0.5
1549.4333,  1.00000000,1,0,0.0,0.5
1549.4667,  1.00000000,1,0,0.050000000000000003,0.5
1549.5000,  1.00000000,1,0,0.0,0.5
1549.5333,  1.00000000,1,0,0.0,0.5
1549.5667,  1.00000000,1,0,0.0,0.5
1549.6000,  1.00000000,1,0,0.0,0.5
1549.6333,  1.00000000,1,0,0.025000000000000001,0.5
1549.6667,  1.00000000,1,0,0.0,0.5
1549.7000,  1.00000000,1,0,0.0,0.5
1549.7333,  1.00000000,1,0,0.0,0.5
1549.7667,  1.00000000,1,0,0.025000000000000001,0.5
1549.8000,  1.00000000,1,0,0.025000000000000001,0.5
1549.8333,  1.00000000,1,0,0.0,0.5
1549.8667,  1.00000000,1,0,0.025000000000000001,0.5
1549.9000,  1.00000000,1,0,0.025000000000000001,0.5
1549.9333,  1.00000000,1,0,0.0,0.5
1549.9667,  1.00000000,1,0,0.0,0.5
1550.0000,  1.00000000,1,0,0.025000000000000001,0.5
1550.0333,  1.00000000,1,0,0.050000000000000003,0.5
1550.0667,  1.00000000,1,0,0.0,0.5
1550.1000,  1.00000000,1,0,0.0,0.5
1550.1333,  1.00000000,1,0,0.0,0.5
1550.1667,  1.00000000,1,0,0.0,0.5
1550.2000,  1.00000000,1,0,0.0,0.5
1550.2333,  1.00000000,1,0,0.025000000000000001,0.5
1550.2667,  1.00000000,1,0,0.0,0.5
1550.3000,  1.00000000,1,0,0.0,0.5
1550.3333,  1.00000000,1,0,0.0,0.5
1550.3667,  1.00000000,1,0,0.0,0.5
1550.4000,  1.00000000,1,0,0.0,0.5
1550.4333,  1.00000000,1,0,0.025000000000000001,0.5
1550.4667,  1.00000000,1,0,0.025000000000000001,0.5
1550.5000,  1.00000000,1,0,0.0,0.5
1550.5333,  1.00000000,1,0,0.0,0.5
1550.5667,  1.00000000,1,0,0.025000000000000001,0.5
1550.6000,  1.00000000,1,0,0.0,0.5
1550.6333,  1.00000000,1,0,0.025000000000000001,0.5
1550.6667,  1.00000000,1,0,0.0,0.5
1550.7000,  1.00000000,1,0,0.0,0.5
1550.7333,  1.00000000,1,0,0.0,0.5
1550.7667,  1.00000000,1,0,0.0,0.5
1550.8000,  1.00000000,1,0,0.0,0.5
1550.8333,  1.00000000,1,0,0.0,0.5
1550.8667,  1.00000000,1,0,0.0,0.5
1550.9000,  1.00000000,1,0,0.025000000000000001,0.5
1550.9333,  1.00000000,1,0,0.0,0.5
1550.9667,  1.00000000,1,0,0.0,0.5
1551.0000,  1.00000000,1,0,0.0,0.5
1551.0333,  1.00000000,1,0,0.0,0.5
1551.0667,  1.00000000,1,0,0.0,0.5
1551.1000,  1.00000000,1,0,0.0,0.5
1551.1333,  1.00000000,1,0,0.0,0.5
1551.1667,  1.00000000,1,0,0.0,0.5
1551.2000,  1.00000000,1,0,0.0,0.5
1551.2333,  1.00000000,1,0,0.025000000000000001,0.5
1551.2667,  1.00000000,1,0,0.0,0.5
1551.3000,  1.00000000,1,0,0.0,0.5
1551.3333,  1.00000000,1,0,0.0,0.5
1551.3667,  1.00000000,1,0,0.0,0.5
1551.4000,  1.00000000,1,0,0.0,0.5
1551.4333,  1.00000000,1,0,0.025000000000000001,0.5
1551.4667,  1.00000000,1,0,0.0,0.5
1551.5000,  1.00000000,1,0,0.0,0.5
1551.5333,  1.00000000,1,0,0.0,0.5
1551.5667,  1.00000000,1,0,0.050000000000000003,0.5
1551.6000,  1.00000000,1,0,0.0,0.5
1551.6333,  1.00000000,1,0,0.025000000000000001,0.5
1551.6667,  1.00000000,1,0,0.0,0.5
1551.7000,  1.00000000,1,0,0.0,0.5
1551.7333,  1.00000000,1,0,0.0,0.5
1551.7667,  1.00000000,1,0,0.0,0.5
1551.8000,  1.00000000,1,0,0.025000000000000001,0.5
1551.8333,  1.00000000,1,0,0.025000000000000001,0.5
1551.8667,  1.00000000,1,0,0.0,0.5
1551.9000,  1.00000000,1,0,0.0,0.5
1551.9333,  1.00000000,1,0,0.025000000000000001,0.5
1551.9667,  1.00000000,1,0,0.0,0.5
1552.0000,  1.00000000,1,0,0.025000000000000001,0.5
1552.0333,  1.00000000,1,0,0.0,0.5
1552.0667,  1.00000000,1,0,0.0,0.5
1552.1000,  1.00000000,1,0,0.0,0.5
1552.1333,  1.00000000,1,0,0.0,0.5
1552.1667,  1.00000000,1,0,0.0,0.5
1552.2000,  1.00000000,1,0,0.0,0.5
1552.2333,  1.00000000,1,0,0.0,0.5
1552.2667,  1.00000000,1,0,0.0,0.5
1552.3000,  1.00000000,1,0,0.0,0.5
1552.3333,  1.00000000,1,0,0.0,0.5
1552.3667,  1.00000000,1,0,0.0,0.5
1552.4000,  1.00000000,1,0,0.0,0.5
1552.4333,  1.00000000,1,0,0.0,0.5
1552.4667,  1.00000000,1,0,0.0,0.5
1552.5000,  1.00000000,1,0,0.0,0.5
1552.5333,  1.00000000,1,0,0.025000000000000001,0.5
1552.5667,  1.00000000,1,0,0.0,0.5
1552.6000,  1.00000000,1,0,0.0,0.5
1552.6333,  1.00000000,1,0,0.0,0.5
1552.6667,  1.00000000,1,0,0.025000000000000001,0.5
1552.7000,  1.00000000,1,0,0.025000000000000001,0.5
1552.7333,  1.00000000,1,0,0.0,0.5
1552.7667,  1.00000000,1,0,0.025000000000000001,0.5
1552.8000,  1.00000000,1,0,0.0,0.5
1552.8333,  1.00000000,1,0,0.025000000000000001,0.5
1552.8667,  1.00000000,1,0,0.0,0.5
1552.9000,  1.00000000,1,0,0.0,0.5
1552.9333,  1.00000000,1,0,0.0,0.5
1552.9667,  1.00000000,1,0,0.0,0.5
1553.0000,  1.00000000,1,0,0.025000000000000001,0.5
1553.0333,  1.00000000,1,0,0.0,0.5
1553.0667,  1.00000000,1,0,0.025000000000000001,0.5
1553.1000,  1.00000000,1,0,0.0,0.5
1553.1333,  1.00000000,1,0,0.0,0.5
1553.1667,  1.00000000,1,0,0.025000000000000001,0.5
1553.2000,  1.00000000,1,0,0.0,0.5
1553.2333,  1.00000000,1,0,0.0,0.5
1553.2667,  1.00000000,1,0,0.0,0.5
1553.3000,  1.00000000,1,0,0.025000000000000001,0.5
1553.3333,  1.00000000,1,0,0.0,0.5
1553.3667,  1.00000000,1,0,0.025000000000000001,0.5
1553.4000,  1.00000000,1,0,0.0,0.5
1553.4333,  1.00000000,1,0,0.025000000000000001,0.5
1553.4667,  1.00000000,1,0,0.025000000000000001,0.5
1553.5000,  1.00000000,1,0,0.0,0.5
1553.5333,  1.00000000,1,0,0.025000000000000001,0.5
1553.5667,  1.00000000,1,0,0.025000000000000001,0.5
1553.6000,  1.00000000,1,0,0.0,0.5
1553.6333,  1.00000000,1,0,0.025000000000000001,0.5
1553.6667,  1.00000000,1,0,0.0,0.5
1553.7000,  1.00000000,1,0,0.0,0.5
1553.7333,  1.00000000,1,0,0.0,0.5
1553.7667,  1.00000000,1,0,0.0,0.5
1553.8000,  1.00000000,1,0,0.0,0.5
1553.8333,  1.00000000,1,0,0.0,0.5
1553.8667,  1.00000000,1,0,0.025000000000000001,0.5
1553.9000,  1.00000000,1,0,0.0,0.5
1553.9333,  1.00000000,1,0,0.0,0.5
1553.9667,  1.00000000,1,0,0.0,0.5
1554.0000,  1.00000000,1,0,0.025000000000000001,0.5
1554.0333,  1.00000000,1,0,0.0,0.5
1554.0667,  1.00000000,1,0,0.0,0.5
1554.1000,  1.00000000,1,0,0.0,0.5
1554.1333,  1.00000000,1,0,0.0,0.5
1554.1667,  1.00000000,1,0,0.0,0.5
1554.2000,  1.00000000,1,0,0.0,0.5
1554.2333,  1.00000000,1,0,0.0,0.5
1554.2667,  1.00000000,1,0,0.0,0.5
1554.3000,  1.00000000,1,0,0.0,0.5
1554.3333,  1.00000000,1,0,0.0,0.5
1554.3667,  1.00000000,1,0,0.0,0.5
1554.4000,  1.00000000,1,0,0.0,0.5
1554.4333,  1.00000000,1,0,0.0,0.5
1554.4667,  1.00000000,1,0,0.0,0.5
1554.5000,  1.00000000,1,0,0.0,0.5
1554.5333,  1.00000000,1,0,0.0,0.5
1554.5667,  1.00000000,1,0,0.0,0.5
1554.6000,  1.00000000,1,0,0.0,0.5
1554.6333,  1.00000000,1,0,0.0,0.5
1554.6667,  1.00000000,1,0,0.0,0.5
1554.7000,  1.00000000,1,0,0.0,0.5
1554.7333,  1.00000000,1,0,0.025000000000000001,0.5
1554.7667,  1.00000000,1,0,0.0,0.5
1554.8000,  1.00000000,1,0,0.0,0.5
1554.8333,  1.00000000,1,0,0.0,0.5
1554.8667,  1.00000000,1,0,0.0,0.5
1554.9000,  1.00000000,1,0,0.0,0.5
1554.9333,  1.00000000,1,0,0.0,0.5
1554.9667,  1.00000000,1,0,0.0,0.5
1555.0000,  1.00000000,1,0,0.0,0.5
1555.0333,  1.00000000,1,0,0.0,0.5
1555.0667,  1.00000000,1,0,0.0,0.5
1555.1000,  1.00000000,1,0,0.0,0.5
1555.1333,  1.00000000,1,0,0.0,0.5
1555.1667,  1.00000000,1,0,0.0,0.5
1555.2000,  1.00000000,1,0,0.0,0.5
1555.2333,  1.00000000,1,0,0.025000000000000001,0.5
1555.2667,  1.00000000,1,0,0.0,0.5
1555.3000,  1.00000000,1,0,0.025000000000000001,0.5
1555.3333,  1.00000000,1,0,0.0,0.5
1555.3667,  1.00000000,1,0,0.025000000000000001,0.5
1555.4000,  1.00000000,1,0,0.0,0.5
1555.4333,  1.00000000,1,0,0.0,0.5
1555.4667,  1.00000000,1,0,0.025000000000000001,0.5
1555.5000,  1.00000000,1,0,0.0,0.5
1555.5333,  1.00000000,1,0,0.0,0.5
1555.5667,  1.00000000,1,0,0.0,0.5
1555.6000,  1.00000000,1,0,0.0,0.5
1555.6333,  1.00000000,1,0,0.0,0.5
1555.6667,  1.00000000,1,0,0.0,0.5
1555.7000,  1.00000000,1,0,0.0,0.5
1555.7333,  1.00000000,1,0,0.0,0.5
1555.7667,  1.00000000,1,0,0.0,0.5
1555.8000,  1.00000000,1,0,0.0,0.5
1555.8333,  1.00000000,1,0,0.025000000000000001,0.5
1555.8667,  1.00000000,1,0,0.0,0.5
1555.9000,  1.00000000,1,0,0.0,0.5
1555.9333,  1.00000000,1,0,0.0,0.5
1555.9667,  1.00000000,1,0,0.0,0.5
1556.0000,  1.00000000,1,0,0.025000000000000001,0.5
1556.0333,  1.00000000,1,0,0.025000000000000001,0.5
1556.0667,  1.00000000,1,0,0.0,0.5
1556.1000,  1.00000000,1,0,0.0,0.5
1556.1333,  1.00000000,1,0,0.0,0.5
1556.1667,  1.00000000,1,0,0.0,0.5
1556.2000,  1.00000000,1,0,0.0,0.5
1556.2333,  1.00000000,1,0,0.0,0.5
1556.2667,  1.00000000,1,0,0.0,0.5
1556.3000,  1.00000000,1,0,0.0,0.5
1556.3333,  1.00000000,1,0,0.0,0.5
1556.3667,  1.00000000,1,0,0.0,0.5
1556.4000,  1.00000000,1,0,0.0,0.5
1556.4333,  1.00000000,1,0,0.0,0.5
1556.4667,  1.00000000,1,0,0.0,0.5
1556.5000,  1.00000000,1,0,0.0,0.5
1556.5333,  1.00000000,1,0,0.025000000000000001,0.5
1556.5667,  1.00000000,1,0,0.0,0.5
1556.6000,  1.00000000,1,0,0.0,0.5
1556.6333,  1.00000000,1,0,0.0,0.5
1556.6667,  1.00000000,1,0,0.0,0.5
1556.7000,  1.00000000,1,0,0.0,0.5
1556.7333,  1.00000000,1,0,0.0,0.5
1556.7667,  1.00000000,1,0,0.0,0.5
1556.8000,  1.00000000,1,0,0.025000000000000001,0.5
1556.8333,  1.00000000,1,0,0.0,0.5
1556.8667,  1.00000000,1,0,0.025000000000000001,0.5
1556.9000,  1.00000000,1,0,0.0,0.5
1556.9333,  1.00000000,1,0,0.0,0.5
1556.9667,  1.00000000,1,0,0.025000000000000001,0.5
1557.0000,  1.00000000,1,0,0.0,0.5
1557.0333,  1.00000000,1,0,0.0,0.5
1557.0667,  1.00000000,1,0,0.0,0.5
1557.1000,  1.00000000,1,0,0.0,0.5
1557.1333,  1.00000000,1,0,0.0,0.5
1557.1667,  1.00000000,1,0,0.025000000000000001,0.5
1557.2000,  1.00000000,1,0,0.0,0.5
1557.2333,  1.00000000,1,0,0.0,0.5
1557.2667,  1.00000000,1,0,0.0,0.5
1557.3000,  1.00000000,1,0,0.0,0.5
1557.3333,  1.00000000,1,0,0.0,0.5
1557.3667,  1.00000000,1,0,0.0,0.5
1557.4000,  1.00000000,1,0,0.025000000000000001,0.5
1557.4333,  1.00000000,1,0,0.0,0.5
1557.4667,  1.00000000,1,0,0.0,0.5
1557.5000,  1.00000000,1,0,0.025000000000000001,0.5
1557.5333,  1.00000000,1,0,0.025000000000000001,0.5
1557.5667,  1.00000000,1,0,0.025000000000000001,0.5
1557.6000,  1.00000000,1,0,0.0,0.5
1557.6333,  1.00000000,1,0,0.025000000000000001,0.5
1557.6667,  1.00000000,1,0,0.025000000000000001,0.5
1557.7000,  1.00000000,1,0,0.025000000000000001,0.5
1557.7333,  1.00000000,1,0,0.0,0.5
1557.7667,  1.00000000,1,0,0.025000000000000001,0.5
1557.8000,  1.00000000,1,0,0.0,0.5
1557.8333,  1.00000000,1,0,0.025000000000000001,0.5
1557.8667,  1.00000000,1,0,0.0,0.5
1557.9000,  1.00000000,1,0,0.0,0.5
1557.9333,  1.00000000,1,0,0.025000000000000001,0.5
1557.9667,  1.00000000,1,0,0.025000000000000001,0.5
1558.0000,  1.00000000,1,0,0.0,0.5
1558.0333,  1.00000000,1,0,0.0,0.5
1558.0667,  1.00000000,1,0,0.0,0.5
1558.1000,  1.00000000,1,0,0.0,0.5
1558.1333,  1.00000000,1,0,0.0,0.5
1558.1667,  1.00000000,1,0,0.025000000000000001,0.5
1558.2000,  1.00000000,1,0,0.0,0.5
1558.2333,  1.00000000,1,0,0.0,0.5
1558.2667,  1.00000000,1,0,0.0,0.5
1558.3000,  1.00000000,1,0,0.0,0.5
1558.3333,  1.00000000,1,0,0.0,0.5
1558.3667,  1.00000000,1,0,0.0,0.5
1558.4000,  1.00000000,1,0,0.025000000000000001,0.5
1558.4333,  1.00000000,1,0,0.050000000000000003,0.5
1558.4667,  1.00000000,1,0,0.0,0.5
1558.5000,  1.00000000,1,0,0.0,0.5
1558.5333,  1.00000000,1,0,0.025000000000000001,0.5
1558.5667,  1.00000000,1,0,0.0,0.5
1558.6000,  1.00000000,1,0,0.0,0.5
1558.6333,  1.00000000,1,0,0.0,0.5
1558.6667,  1.00000000,1,0,0.0,0.5
1558.7000,  1.00000000,1,0,0.0,0.5
1558.7333,  1.00000000,1,0,0.0,0.5
1558.7667,  1.00000000,1,0,0.0,0.5
1558.8000,  1.00000000,1,0,0.0,0.5
1558.8333,  1.00000000,1,0,0.0,0.5
1558.8667,  1.00000000,1,0,0.0,0.5
1558.9000,  1.00000000,1,0,0.0,0.5
1558.9333,  1.00000000,1,0,0.0,0.5
1558.9667,  1.00000000,1,0,0.0,0.5
1559.0000,  1.00000000,1,0,0.025000000000000001,0.5
1559.0333,  1.00000000,1,0,0.0,0.5
1559.0667,  1.00000000,1,0,0.0,0.5
1559.1000,  1.00000000,1,0,0.0,0.5
1559.1333,  1.00000000,1,0,0.0,0.5
1559.1667,  1.00000000,1,0,0.050000000000000003,0.5
1559.2000,  1.00000000,1,0,0.0,0.5
1559.2333,  1.00000000,1,0,0.050000000000000003,0.5
1559.2667,  1.00000000,1,0,0.0,0.5
1559.3000,  1.00000000,1,0,0.0,0.5
1559.3333,  1.00000000,1,0,0.025000000000000001,0.5
1559.3667,  1.00000000,1,0,0.0,0.5
1559.4000,  1.00000000,1,0,0.025000000000000001,0.5
1559.4333,  1.00000000,1,0,0.0,0.5
1559.4667,  1.00000000,1,0,0.0,0.5
1559.5000,  1.00000000,1,0,0.0,0.5
1559.5333,  1.00000000,1,0,0.0,0.5
1559.5667,  1.00000000,1,0,0.0,0.5
1559.6000,  1.00000000,1,0,0.0,0.5
1559.6333,  1.00000000,1,0,0.025000000000000001,0.5
1559.6667,  1.00000000,1,0,0.0,0.5
1559.7000,  1.00000000,1,0,0.0,0.5
1559.7333,  1.00000000,1,0,0.0,0.5
1559.7667,  1.00000000,1,0,0.0,0.5
1559.8000,  1.00000000,1,0,0.0,0.5
1559.8333,  1.00000000,1,0,0.0,0.5
1559.8667,  1.00000000,1,0,0.025000000000000001,0.5
1559.9000,  1.00000000,1,0,0.0,0.5
1559.9333,  1.00000000,1,0,0.0,0.5
1559.9667,  1.00000000,1,0,0.0,0.5
1560.0000,  1.00000000,1,0,0.0,0.5
1560.0333,  1.00000000,1,0,0.0,0.5
1560.0667,  1.00000000,1,0,0.025000000000000001,0.5
1560.1000,  1.00000000,1,0,0.0,0.5
1560.1333,  1.00000000,1,0,0.0,0.5
1560.1667,  1.00000000,1,0,0.050000000000000003,0.5
1560.2000,  1.00000000,1,0,0.0,0.5
1560.2333,  1.00000000,1,0,0.0,0.5
1560.2667,  1.00000000,1,0,0.0,0.5
1560.3000,  1.00000000,1,0,0.0,0.5
1560.3333,  1.00000000,1,0,0.0,0.5
1560.3667,  1.00000000,1,0,0.0,0.5
1560.4000,  1.00000000,1,0,0.0,0.5
1560.4333,  1.00000000,1,0,0.0,0.5
1560.4667,  1.00000000,1,0,0.0,0.5
1560.5000,  1.00000000,1,0,0.0,0.5
1560.5333,  1.00000000,1,0,0.025000000000000001,0.5
1560.5667,  1.00000000,1,0,0.025000000000000001,0.5
1560.6000,  1.00000000,1,0,0.0,0.5
1560.6333,  1.00000000,1,0,0.0,0.5
1560.6667,  1.00000000,1,0,0.0,0.5
1560.7000,  1.00000000,1,0,0.025000000000000001,0.5
1560.7333,  1.00000000,1,0,0.0,0.5
1560.7667,  1.00000000,1,0,0.0,0.5
1560.8000,  1.00000000,1,0,0.0,0.5
1560.8333,  1.00000000,1,0,0.0,0.5
1560.8667,  1.00000000,1,0,0.0,0.5
1560.9000,  1.00000000,1,0,0.0,0.5
1560.9333,  1.00000000,1,0,0.0,0.5
1560.9667,  1.00000000,1,0,0.0,0.5
1561.0000,  1.00000000,1,0,0.0,0.5
1561.0333,  1.00000000,1,0,0.0,0.5
1561.0667,  1.00000000,1,0,0.0,0.5
1561.1000,  1.00000000,1,0,0.0,0.5
1561.1333,  1.00000000,1,0,0.0,0.5
1561.1667,  1.00000000,1,0,0.0,0.5
1561.2000,  1.00000000,1,0,0.025000000000000001,0.5
1561.2333,  1.00000000,1,0,0.0,0.5
1561.2667,  1.00000000,1,0,0.0,0.5
1561.3000,  1.00000000,1,0,0.025000000000000001,0.5
1561.3333,  1.00000000,1,0,0.0,0.5
1561.3667,  1.00000000,1,0,0.0,0.5
1561.4000,  1.00000000,1,0,0.0,0.5
1561.4333,  1.00000000,1,0,0.0,0.5
1561.4667,  1.00000000,1,0,0.0,0.5
1561.5000,  1.00000000,1,0,0.0,0.5
1561.5333,  1.00000000,1,0,0.050000000000000003,0.5
1561.5667,  1.00000000,1,0,0.025000000000000001,0.5
1561.6000,  1.00000000,1,0,0.0,0.5
1561.6333,  1.00000000,1,0,0.0,0.5
1561.6667,  1.00000000,1,0,0.0,0.5
1561.7000,  1.00000000,1,0,0.0,0.5
1561.7333,  1.00000000,1,0,0.0,0.5
1561.7667,  1.00000000,1,0,0.0,0.5
1561.8000,  1.00000000,1,0,0.0,0.5
1561.8333,  1.00000000,1,0,0.0,0.5
1561.8667,  1.00000000,1,0,0.0,0.5
1561.9000,  1.00000000,1,0,0.025000000000000001,0.5
1561.9333,  1.00000000,1,0,0.0,0.5
1561.9667,  1.00000000,1,0,0.0,0.5
1562.0000,  1.00000000,1,0,0.0,0.5
1562.0333,  1.00000000,1,0,0.0,0.5
1562.0667,  1.00000000,1,0,0.025000000000000001,0.5
1562.1000,  1.00000000,1,0,0.0,0.5
1562.1333,  1.00000000,1,0,0.0,0.5
1562.1667,  1.00000000,1,0,0.025000000000000001,0.5
1562.2000,  1.00000000,1,0,0.0,0.5
1562.2333,  1.00000000,1,0,0.0,0.5
1562.2667,  1.00000000,1,0,0.050000000000000003,0.5
1562.3000,  1.00000000,1,0,0.0,0.5
1562.3333,  1.00000000,1,0,0.0,0.5
1562.3667,  1.00000000,1,0,0.0,0.5
1562.4000,  1.00000000,1,0,0.0,0.5
1562.4333,  1.00000000,1,0,0.0,0.5
1562.4667,  1.00000000,1,0,0.025000000000000001,0.5
1562.5000,  1.00000000,1,0,0.0,0.5
1562.5333,  1.00000000,1,0,0.0,0.5
1562.5667,  1.00000000,1,0,0.025000000000000001,0.5
1562.6000,  1.00000000,1,0,0.0,0.5
1562.6333,  1.00000000,1,0,0.0,0.5
1562.6667,  1.00000000,1,0,0.0,0.5
1562.7000,  1.00000000,1,0,0.0,0.5
1562.7333,  1.00000000,1,0,0.0,0.5
1562.7667,  1.00000000,1,0,0.0,0.5
1562.8000,  1.00000000,1,0,0.0,0.5
1562.8333,  1.00000000,1,0,0.0,0.5
1562.8667,  1.00000000,1,0,0.0,0.5
1562.9000,  1.00000000,1,0,0.0,0.5
1562.9333,  1.00000000,1,0,0.025000000000000001,0.5
1562.9667,  1.00000000,1,0,0.0,0.5
1563.0000,  1.00000000,1,0,0.0,0.5
1563.0333,  1.00000000,1,0,0.0,0.5
1563.0667,  1.00000000,1,0,0.025000000000000001,0.5
1563.1000,  1.00000000,1,0,0.0,0.5
1563.1333,  1.00000000,1,0,0.0,0.5
1563.1667,  1.00000000,1,0,0.0,0.5
1563.2000,  1.00000000,1,0,0.0,0.5
1563.2333,  1.00000000,1,0,0.0,0.5
1563.2667,  1.00000000,1,0,0.0,0.5
1563.3000,  1.00000000,1,0,0.050000000000000003,0.5
1563.3333,  1.00000000,1,0,0.025000000000000001,0.5
1563.3667,  1.00000000,1,0,0.0,0.5
1563.4000,  1.00000000,1,0,0.025000000000000001,0.5
1563.4333,  1.00000000,1,0,0.0,0.5
1563.4667,  1.00000000,1,0,0.0,0.5
1563.5000,  1.00000000,1,0,0.0,0.5
1563.5333,  1.00000000,1,0,0.025000000000000001,0.5
1563.5667,  1.00000000,1,0,0.025000000000000001,0.5
1563.6000,  1.00000000,1,0,0.025000000000000001,0.5
1563.6333,  1.00000000,1,0,0.025000000000000001,0.5
1563.6667,  1.00000000,1,0,0.025000000000000001,0.5
1563.7000,  1.00000000,1,0,0.0,0.5
1563.7333,  1.00000000,1,0,0.0,0.5
1563.7667,  1.00000000,1,0,0.0,0.5
1563.8000,  1.00000000,1,0,0.0,0.5
1563.8333,  1.00000000,1,0,0.0,0.5
1563.8667,  1.00000000,1,0,0.0,0.5
1563.9000,  1.00000000,1,0,0.0,0.5
1563.9333,  1.00000000,1,0,0.025000000000000001,0.5
1563.9667,  1.00000000,1,0,0.025000000000000001,0.5
1564.0000,  1.00000000,1,0,0.0,0.5
1564.0333,  1.00000000,1,0,0.0,0.5
1564.0667,  1.00000000,1,0,0.025000000000000001,0.5
1564.1000,  1.00000000,1,0,0.025000000000000001,0.5
1564.1333,  1.00000000,1,0,0.0,0.5
1564.1667,  1.00000000,1,0,0.025000000000000001,0.5
1564.2000,  1.00000000,1,0,0.0,0.5
1564.2333,  1.00000000,1,0,0.025000000000000001,0.5
1564.2667,  1.00000000,1,0,0.0,0.5
1564.3000,  1.00000000,1,0,0.025000000000000001,0.5
1564.3333,  1.00000000,1,0,0.025000000000000001,0.5
1564.3667,  1.00000000,1,0,0.0,0.5
1564.4000,  1.00000000,1,0,0.025000000000000001,0.5
1564.4333,  1.00000000,1,0,0.025000000000000001,0.5
1564.4667,  1.00000000,1,0,0.0,0.5
1564.5000,  1.00000000,1,0,0.0,0.5
1564.5333,  1.00000000,1,0,0.0,0.5
1564.5667,  1.00000000,1,0,0.0,0.5
1564.6000,  1.00000000,1,0,0.0,0.5
1564.6333,  1.00000000,1,0,0.0,0.5
1564.6667,  1.00000000,1,0,0.0,0.5
1564.7000,  1.00000000,1,0,0.0,0.5
1564.7333,  1.00000000,1,0,0.0,0.5
1564.7667,  1.00000000,1,0,0.0,0.5
1564.8000,  1.00000000,1,0,0.0,0.5
1564.8333,  1.00000000,1,0,0.025000000000000001,0.5
1564.8667,  1.00000000,1,0,0.0,0.5
1564.9000,  1.00000000,1,0,0.0,0.5
1564.9333,  1.00000000,1,0,0.0,0.5
1564.9667,  1.00000000,1,0,0.0,0.5
1565.0000,  1.00000000,1,0,0.0,0.5
1565.0333,  1.00000000,1,0,0.0,0.5
1565.0667,  1.00000000,1,0,0.0,0.5
1565.1000,  1.00000000,1,0,0.0,0.5
1565.1333,  1.00000000,1,0,0.0,0.5
1565.1667,  1.00000000,1,0,0.0,0.5
1565.2000,  1.00000000,1,0,0.0,0.5
1565.2333,  1.00000000,1,0,0.025000000000000001,0.5
1565.2667,  1.00000000,1,0,0.025000000000000001,0.5
1565.3000,  1.00000000,1,0,0.0,0.5
1565.3333,  1.00000000,1,0,0.0,0.5
1565.3667,  1.00000000,1,0,0.0,0.5
1565.4000,  1.00000000,1,0,0.0,0.5
1565.4333,  1.00000000,1,0,0.0,0.5
1565.4667,  1.00000000,1,0,0.025000000000000001,0.5
1565.5000,  1.00000000,1,0,0.025000000000000001,0.5
1565.5333,  1.00000000,1,0,0.0,0.5
1565.5667,  1.00000000,1,0,0.050000000000000003,0.5
1565.6000,  1.00000000,1,0,0.0,0.5
1565.6333,  1.00000000,1,0,0.025000000000000001,0.5
1565.6667,  1.00000000,1,0,0.0,0.5
1565.7000,  1.00000000,1,0,0.025000000000000001,0.5
1565.7333,  1.00000000,1,0,0.025000000000000001,0.5
1565.7667,  1.00000000,1,0,0.0,0.5
1565.8000,  1.00000000,1,0,0.0,0.5
1565.8333,  1.00000000,1,0,0.0,0.5
1565.8667,  1.00000000,1,0,0.025000000000000001,0.5
1565.9000,  1.00000000,1,0,0.0,0.5
1565.9333,  1.00000000,1,0,0.0,0.5
1565.9667,  1.00000000,1,0,0.0,0.5
1566.0000,  1.00000000,1,0,0.0,0.5
1566.0333,  1.00000000,1,0,0.025000000000000001,0.5
1566.0667,  1.00000000,1,0,0.0,0.5
1566.1000,  1.00000000,1,0,0.0,0.5
1566.1333,  1.00000000,1,0,0.025000000000000001,0.5
1566.1667,  1.00000000,1,0,0.025000000000000001,0.5
1566.2000,  1.00000000,1,0,0.025000000000000001,0.5
1566.2333,  1.00000000,1,0,0.0,0.5
1566.2667,  1.00000000,1,0,0.025000000000000001,0.5
1566.3000,  1.00000000,1,0,0.025000000000000001,0.5
1566.3333,  1.00000000,1,0,0.025000000000000001,0.5
1566.3667,  1.00000000,1,0,0.025000000000000001,0.5
1566.4000,  1.00000000,1,0,0.0,0.5
1566.4333,  1.00000000,1,0,0.0,0.5
1566.4667,  1.00000000,1,0,0.0,0.5
1566.5000,  1.00000000,1,0,0.0,0.5
1566.5333,  1.00000000,1,0,0.0,0.5
1566.5667,  1.00000000,1,0,0.0,0.5
1566.6000,  1.00000000,1,0,0.0,0.5
1566.6333,  1.00000000,1,0,0.0,0.5
1566.6667,  1.00000000,1,0,0.025000000000000001,0.5
1566.7000,  1.00000000,1,0,0.050000000000000003,0.5
1566.7333,  1.00000000,1,0,0.025000000000000001,0.5
1566.7667,  1.00000000,1,0,0.0,0.5
1566.8000,  1.00000000,1,0,0.0,0.5
1566.8333,  1.00000000,1,0,0.025000000000000001,0.5
1566.8667,  1.00000000,1,0,0.025000000000000001,0.5
1566.9000,  1.00000000,1,0,0.0,0.5
1566.9333,  1.00000000,1,0,0.025000000000000001,0.5
1566.9667,  1.00000000,1,0,0.0,0.5
1567.0000,  1.00000000,1,0,0.025000000000000001,0.5
1567.0333,  1.00000000,1,0,0.0,0.5
1567.0667,  1.00000000,1,0,0.0,0.5
1567.1000,  1.00000000,1,0,0.0,0.5
1567.1333,  1.00000000,1,0,0.0,0.5
1567.1667,  1.00000000,1,0,0.0,0.5
1567.2000,  1.00000000,1,0,0.0,0.5
1567.2333,  1.00000000,1,0,0.0,0.5
1567.2667,  1.00000000,1,0,0.0,0.5
1567.3000,  1.00000000,1,0,0.0,0.5
1567.3333,  1.00000000,1,0,0.0,0.5
1567.3667,  1.00000000,1,0,0.025000000000000001,0.5
1567.4000,  1.00000000,1,0,0.0,0.5
1567.4333,  1.00000000,1,0,0.0,0.5
1567.4667,  1.00000000,1,0,0.0,0.5
1567.5000,  1.00000000,1,0,0.0,0.5
1567.5333,  1.00000000,1,0,0.0,0.5
1567.5667,  1.00000000,1,0,0.0,0.5
1567.6000,  1.00000000,1,0,0.025000000000000001,0.5
1567.6333,  1.00000000,1,0,0.0,0.5
1567.6667,  1.00000000,1,0,0.0,0.5
1567.7000,  1.00000000,1,0,0.025000000000000001,0.5
1567.7333,  1.00000000,1,0,0.025000000000000001,0.5
1567.7667,  1.00000000,1,0,0.0,0.5
1567.8000,  1.00000000,1,0,0.0,0.5
1567.8333,  1.00000000,1,0,0.0,0.5
1567.8667,  1.00000000,1,0,0.0,0.5
1567.9000,  1.00000000,1,0,0.0,0.5
1567.9333,  1.00000000,1,0,0.0,0.5
1567.9667,  1.00000000,1,0,0.025000000000000001,0.5
1568.0000,  1.00000000,1,0,0.0,0.5
1568.0333,  1.00000000,1,0,0.0,0.5
1568.0667,  1.00000000,1,0,0.025000000000000001,0.5
1568.1000,  1.00000000,1,0,0.0,0.5
1568.1333,  1.00000000,1,0,0.0,0.5
1568.1667,  1.00000000,1,0,0.0,0.5
1568.2000,  1.00000000,1,0,0.0,0.5
1568.2333,  1.00000000,1,0,0.0,0.5
1568.2667,  1.00000000,1,0,0.0,0.5
1568.3000,  1.00000000,1,0,0.0,0.5
1568.3333,  1.00000000,1,0,0.0,0.5
1568.3667,  1.00000000,1,0,0.0,0.5
1568.4000,  1.00000000,1,0,0.025000000000000001,0.5
1568.4333,  1.00000000,1,0,0.0,0.5
1568.4667,  1.00000000,1,0,0.0,0.5
1568.5000,  1.00000000,1,0,0.0,0.5
1568.5333,  1.00000000,1,0,0.0,0.5
1568.5667,  1.00000000,1,0,0.0,0.5
1568.6000,  1.00000000,1,0,0.0,0.5
1568.6333,  1.00000000,1,0,0.0,0.5
1568.6667,  1.00000000,1,0,0.0,0.5
1568.7000,  1.00000000,1,0,0.025000000000000001,0.5
1568.7333,  1.00000000,1,0,0.0,0.5
1568.7667,  1.00000000,1,0,0.0,0.5
1568.8000,  1.00000000,1,0,0.025000000000000001,0.5
1568.8333,  1.00000000,1,0,0.0,0.5
1568.8667,  1.00000000,1,0,0.0,0.5
1568.9000,  1.00000000,1,0,0.0,0.5
1568.9333,  1.00000000,1,0,0.0,0.5
1568.9667,  1.00000000,1,0,0.025000000000000001,0.5
1569.0000,  1.00000000,1,0,0.0,0.5
1569.0333,  1.00000000,1,0,0.0,0.5
1569.0667,  1.00000000,1,0,0.0,0.5
1569.1000,  1.00000000,1,0,0.0,0.5
1569.1333,  1.00000000,1,0,0.0,0.5
1569.1667,  1.00000000,1,0,0.0,0.5
1569.2000,  1.00000000,1,0,0.0,0.5
1569.2333,  1.00000000,1,0,0.0,0.5
1569.2667,  1.00000000,1,0,0.0,0.5
1569.3000,  1.00000000,1,0,0.0,0.5
1569.3333,  1.00000000,1,0,0.0,0.5
1569.3667,  1.00000000,1,0,0.025000000000000001,0.5
1569.4000,  1.00000000,1,0,0.025000000000000001,0.5
1569.4333,  1.00000000,1,0,0.0,0.5
1569.4667,  1.00000000,1,0,0.0,0.5
1569.5000,  1.00000000,1,0,0.025000000000000001,0.5
1569.5333,  1.00000000,1,0,0.0,0.5
1569.5667,  1.00000000,1,0,0.0,0.5
1569.6000,  1.00000000,1,0,0.0,0.5
1569.6333,  1.00000000,1,0,0.025000000000000001,0.5
1569.6667,  1.00000000,1,0,0.0,0.5
1569.7000,  1.00000000,1,0,0.0,0.5
1569.7333,  1.00000000,1,0,0.025000000000000001,0.5
1569.7667,  1.00000000,1,0,0.025000000000000001,0.5
1569.8000,  1.00000000,1,0,0.0,0.5
1569.8333,  1.00000000,1,0,0.0,0.5
1569.8667,  1.00000000,1,0,0.025000000000000001,0.5
1569.9000,  1.00000000,1,0,0.050000000000000003,0.5
1569.9333,  1.00000000,1,0,0.0,0.5
1569.9667,  1.00000000,1,0,0.0,0.5
1570.0000,  1.00000000,1,0,0.0,0.5
1570.0333,  1.00000000,1,0,0.0,0.5
1570.0667,  1.00000000,1,0,0.025000000000000001,0.5
1570.1000,  1.00000000,1,0,0.025000000000000001,0.5
1570.1333,  1.00000000,1,0,0.0,0.5
1570.1667,  1.00000000,1,0,0.0,0.5
1570.2000,  1.00000000,1,0,0.0,0.5
1570.2333,  1.00000000,1,0,0.0,0.5
1570.2667,  1.00000000,1,0,0.025000000000000001,0.5
1570.3000,  1.00000000,1,0,0.0,0.5
1570.3333,  1.00000000,1,0,0.0,0.5
1570.3667,  1.00000000,1,0,0.0,0.5
1570.4000,  1.00000000,1,0,0.0,0.5
1570.4333,  1.00000000,1,0,0.0,0.5
1570.4667,  1.00000000,1,0,0.0,0.5
1570.5000,  1.00000000,1,0,0.0,0.5
1570.5333,  1.00000000,1,0,0.0,0.5
1570.5667,  1.00000000,1,0,0.025000000000000001,0.5
1570.6000,  1.00000000,1,0,0.0,0.5
1570.6333,  1.00000000,1,0,0.0,0.5
1570.6667,  1.00000000,1,0,0.0,0.5
1570.7000,  1.00000000,1,0,0.0,0.5
1570.7333,  1.00000000,1,0,0.0,0.5
1570.7667,  1.00000000,1,0,0.025000000000000001,0.5
1570.8000,  1.00000000,1,0,0.0,0.5
1570.8333,  1.00000000,1,0,0.0,0.5
1570.8667,  1.00000000,1,0,0.0,0.5
1570.9000,  1.00000000,1,0,0.0,0.5
1570.9333,  1.00000000,1,0,0.050000000000000003,0.5
1570.9667,  1.00000000,1,0,0.0,0.5
1571.0000,  1.00000000,1,0,0.0,0.5
1571.0333,  1.00000000,1,0,0.0,0.5
1571.0667,  1.00000000,1,0,0.0,0.5
1571.1000,  1.00000000,1,0,0.025000000000000001,0.5
1571.1333,  1.00000000,1,0,0.0,0.5
1571.1667,  1.00000000,1,0,0.0,0.5
1571.2000,  1.00000000,1,0,0.025000000000000001,0.5
1571.2333,  1.00000000,1,0,0.0,0.5
1571.2667,  1.00000000,1,0,0.0,0.5
1571.3000,  1.00000000,1,0,0.0,0.5
1571.3333,  1.00000000,1,0,0.0,0.5
1571.3667,  1.00000000,1,0,0.0,0.5
1571.4000,  1.00000000,1,0,0.0,0.5
1571.4333,  1.00000000,1,0,0.0,0.5
1571.4667,  1.00000000,1,0,0.0,0.5
1571.5000,  1.00000000,1,0,0.025000000000000001,0.5
1571.5333,  1.00000000,1,0,0.0,0.5
1571.5667,  1.00000000,1,0,0.050000000000000003,0.5
1571.6000,  1.00000000,1,0,0.0,0.5
1571.6333,  1.00000000,1,0,0.0,0.5
1571.6667,  1.00000000,1,0,0.025000000000000001,0.5
1571.7000,  1.00000000,1,0,0.0,0.5
1571.7333,  1.00000000,1,0,0.0,0.5
1571.7667,  1.00000000,1,0,0.0,0.5
1571.8000,  1.00000000,1,0,0.0,0.5
1571.8333,  1.00000000,1,0,0.0,0.5
1571.8667,  1.00000000,1,0,0.025000000000000001,0.5
1571.9000,  1.00000000,1,0,0.025000000000000001,0.5
1571.9333,  1.00000000,1,0,0.0,0.5
1571.9667,  1.00000000,1,0,0.0,0.5
1572.0000,  1.00000000,1,0,0.0,0.5
1572.0333,  1.00000000,1,0,0.0,0.5
1572.0667,  1.00000000,1,0,0.0,0.5
1572.1000,  1.00000000,1,0,0.0,0.5
1572.1333,  1.00000000,1,0,0.0,0.5
1572.1667,  1.00000000,1,0,0.0,0.5
1572.2000,  1.00000000,1,0,0.0,0.5
1572.2333,  1.00000000,1,0,0.025000000000000001,0.5
1572.2667,  1.00000000,1,0,0.0,0.5
1572.3000,  1.00000000,1,0,0.0,0.5
1572.3333,  1.00000000,1,0,0.0,0.5
1572.3667,  1.00000000,1,0,0.0,0.5
1572.4000,  1.00000000,1,0,0.0,0.5
1572.4333,  1.00000000,1,0,0.0,0.5
1572.4667,  1.00000000,1,0,0.0,0.5
1572.5000,  1.00000000,1,0,0.0,0.5
1572.5333,  1.00000000,1,0,0.025000000000000001,0.5
1572.5667,  1.00000000,1,0,0.0,0.5
1572.6000,  1.00000000,1,0,0.025000000000000001,0.5
1572.6333,  1.00000000,1,0,0.0,0.5
1572.6667,  1.00000000,1,0,0.025000000000000001,0.5
1572.7000,  1.00000000,1,0,0.0,0.5
1572.7333,  1.00000000,1,0,0.025000000000000001,0.5
1572.7667,  1.00000000,1,0,0.025000000000000001,0.5
1572.8000,  1.00000000,1,0,0.0,0.5
1572.8333,  1.00000000,1,0,0.0,0.5
1572.8667,  1.00000000,1,0,0.0,0.5
1572.9000,  1.00000000,1,0,0.025000000000000001,0.5
1572.9333,  1.00000000,1,0,0.050000000000000003,0.5
1572.9667,  1.00000000,1,0,0.0,0.5
1573.0000,  1.00000000,1,0,0.0,0.5
1573.0333,  1.00000000,1,0,0.0,0.5
1573.0667,  1.00000000,1,0,0.025000000000000001,0.5
1573.1000,  1.00000000,1,0,0.0,0.5
1573.1333,  1.00000000,1,0,0.0,0.5
1573.1667,  1.00000000,1,0,0.0,0.5
1573.2000,  1.00000000,1,0,0.0,0.5
1573.2333,  1.00000000,1,0,0.0,0.5
1573.2667,  1.00000000,1,0,0.0,0.5
1573.3000,  1.00000000,1,0,0.0,0.5
1573.3333,  1.00000000,1,0,0.0,0.5
1573.3667,  1.00000000,1,0,0.0,0.5
1573.4000,  1.00000000,1,0,0.0,0.5
1573.4333,  1.00000000,1,0,0.0,0.5
1573.4667,  1.00000000,1,0,0.0,0.5
1573.5000,  1.00000000,1,0,0.0,0.5
1573.5333,  1.00000000,1,0,0.0,0.5
1573.5667,  1.00000000,1,0,0.025000000000000001,0.5
1573.6000,  1.00000000,1,0,0.025000000000000001,0.5
1573.6333,  1.00000000,1,0,0.0,0.5
1573.6667,  1.00000000,1,0,0.025000000000000001,0.5
1573.7000,  1.00000000,1,0,0.0,0.5
1573.7333,  1.00000000,1,0,0.0,0.5
1573.7667,  1.00000000,1,0,0.0,0.5
1573.8000,  1.00000000,1,0,0.025000000000000001,0.5
1573.8333,  1.00000000,1,0,0.025000000000000001,0.5
1573.8667,  1.00000000,1,0,0.025000000000000001,0.5
1573.9000,  1.00000000,1,0,0.0,0.5
1573.9333,  1.00000000,1,0,0.0,0.5
1573.9667,  1.00000000,1,0,0.0,0.5
1574.0000,  1.00000000,1,0,0.0,0.5
1574.0333,  1.00000000,1,0,0.0,0.5
1574.0667,  1.00000000,1,0,0.025000000000000001,0.5
1574.1000,  1.00000000,1,0,0.025000000000000001,0.5
1574.1333,  1.00000000,1,0,0.025000000000000001,0.5
1574.1667,  1.00000000,1,0,0.0,0.5
1574.2000,  1.00000000,1,0,0.0,0.5
1574.2333,  1.00000000,1,0,0.0,0.5
1574.2667,  1.00000000,1,0,0.0,0.5
1574.3000,  1.00000000,1,0,0.0,0.5
1574.3333,  1.00000000,1,0,0.0,0.5
1574.3667,  1.00000000,1,0,0.0,0.5
1574.4000,  1.00000000,1,0,0.0,0.5
1574.4333,  1.00000000,1,0,0.0,0.5
1574.4667,  1.00000000,1,0,0.0,0.5
1574.5000,  1.00000000,1,0,0.0,0.5
1574.5333,  1.00000000,1,0,0.0,0.5
1574.5667,  1.00000000,1,0,0.0,0.5
1574.6000,  1.00000000,1,0,0.025000000000000001,0.5
1574.6333,  1.00000000,1,0,0.0,0.5
1574.6667,  1.00000000,1,0,0.0,0.5
1574.7000,  1.00000000,1,0,0.0,0.5
1574.7333,  1.00000000,1,0,0.0,0.5
1574.7667,  1.00000000,1,0,0.0,0.5
1574.8000,  1.00000000,1,0,0.0,0.5
1574.8333,  1.00000000,1,0,0.0,0.5
1574.8667,  1.00000000,1,0,0.0,0.5
1574.9000,  1.00000000,1,0,0.0,0.5
1574.9333,  1.00000000,1,0,0.0,0.5
1574.9667,  1.00000000,1,0,0.025000000000000001,0.5
1575.0000,  1.00000000,1,0,0.0,0.5
1575.0333,  1.00000000,1,0,0.0,0.5
1575.0667,  1.00000000,1,0,0.025000000000000001,0.5
1575.1000,  1.00000000,1,0,0.0,0.5
1575.1333,  1.00000000,1,0,0.0,0.5
1575.1667,  1.00000000,1,0,0.0,0.5
1575.2000,  1.00000000,1,0,0.0,0.5
1575.2333,  1.00000000,1,0,0.025000000000000001,0.5
1575.2667,  1.00000000,1,0,0.025000000000000001,0.5
1575.3000,  1.00000000,1,0,0.0,0.5
1575.3333,  1.00000000,1,0,0.0,0.5
1575.3667,  1.00000000,1,0,0.0,0.5
1575.4000,  1.00000000,1,0,0.0,0.5
1575.4333,  1.00000000,1,0,0.0,0.5
1575.4667,  1.00000000,1,0,0.025000000000000001,0.5
1575.5000,  1.00000000,1,0,0.0,0.5
1575.5333,  1.00000000,1,0,0.0,0.5
1575.5667,  1.00000000,1,0,0.025000000000000001,0.5
1575.6000,  1.00000000,1,0,0.0,0.5
1575.6333,  1.00000000,1,0,0.025000000000000001,0.5
1575.6667,  1.00000000,1,0,0.0,0.5
1575.7000,  1.00000000,1,0,0.025000000000000001,0.5
1575.7333,  1.00000000,1,0,0.025000000000000001,0.5
1575.7667,  1.00000000,1,0,0.0,0.5
1575.8000,  1.00000000,1,0,0.0,0.5
1575.8333,  1.00000000,1,0,0.0,0.5
1575.8667,  1.00000000,1,0,0.0,0.5
1575.9000,  1.00000000,1,0,0.0,0.5
1575.9333,  1.00000000,1,0,0.0,0.5
1575.9667,  1.00000000,1,0,0.0,0.5
1576.0000,  1.00000000,1,0,0.0,0.5
1576.0333,  1.00000000,1,0,0.0,0.5
1576.0667,  1.00000000,1,0,0.0,0.5
1576.1000,  1.00000000,1,0,0.0,0.5
1576.1333,  1.00000000,1,0,0.0,0.5
1576.1667,  1.00000000,1,0,0.0,0.5
1576.2000,  1.00000000,1,0,0.0,0.5
1576.2333,  1.00000000,1,0,0.025000000000000001,0.5
1576.2667,  1.00000000,1,0,0.025000000000000001,0.5
1576.3000,  1.00000000,1,0,0.0,0.5
1576.3333,  1.00000000,1,0,0.0,0.5
1576.3667,  1.00000000,1,0,0.0,0.5
1576.4000,  1.00000000,1,0,0.0,0.5
1576.4333,  1.00000000,1,0,0.0,0.5
1576.4667,  1.00000000,1,0,0.0,0.5
1576.5000,  1.00000000,1,0,0.0,0.5
1576.5333,  1.00000000,1,0,0.0,0.5
1576.5667,  1.00000000,1,0,0.0,0.5
1576.6000,  1.00000000,1,0,0.0,0.5
1576.6333,  1.00000000,1,0,0.0,0.5
1576.6667,  1.00000000,1,0,0.0,0.5
1576.7000,  1.00000000,1,0,0.0,0.5
1576.7333,  1.00000000,1,0,0.0,0.5
1576.7667,  1.00000000,1,0,0.0,0.5
1576.8000,  1.00000000,1,0,0.0,0.5
1576.8333,  1.00000000,1,0,0.0,0.5
1576.8667,  1.00000000,1,0,0.0,0.5
1576.9000,  1.00000000,1,0,0.0,0.5
1576.9333,  1.00000000,1,0,0.0,0.5
1576.9667,  1.00000000,1,0,0.0,0.5
1577.0000,  1.00000000,1,0,0.0,0.5
1577.0333,  1.00000000,1,0,0.0,0.5
1577.0667,  1.00000000,1,0,0.0,0.5
1577.1000,  1.00000000,1,0,0.0,0.5
1577.1333,  1.00000000,1,0,0.0,0.5
1577.1667,  1.00000000,1,0,0.0,0.5
1577.2000,  1.00000000,1,0,0.0,0.5
1577.2333,  1.00000000,1,0,0.050000000000000003,0.5
1577.2667,  1.00000000,1,0,0.0,0.5
1577.3000,  1.00000000,1,0,0.025000000000000001,0.5
1577.3333,  1.00000000,1,0,0.025000000000000001,0.5
1577.3667,  1.00000000,1,0,0.0,0.5
1577.4000,  1.00000000,1,0,0.0,0.5
1577.4333,  1.00000000,1,0,0.0,0.5
1577.4667,  1.00000000,1,0,0.0,0.5
1577.5000,  1.00000000,1,0,0.0,0.5
1577.5333,  1.00000000,1,0,0.0,0.5
1577.5667,  1.00000000,1,0,0.025000000000000001,0.5
1577.6000,  1.00000000,1,0,0.0,0.5
1577.6333,  1.00000000,1,0,0.0,0.5
1577.6667,  1.00000000,1,0,0.0,0.5
1577.7000,  1.00000000,1,0,0.0,0.5
1577.7333,  1.00000000,1,0,0.0,0.5
1577.7667,  1.00000000,1,0,0.0,0.5
1577.8000,  1.00000000,1,0,0.0,0.5
1577.8333,  1.00000000,1,0,0.0,0.5
1577.8667,  1.00000000,1,0,0.0,0.5
1577.9000,  1.00000000,1,0,0.0,0.5
1577.9333,  1.00000000,1,0,0.0,0.5
1577.9667,  1.00000000,1,0,0.0,0.5
1578.0000,  1.00000000,1,0,0.0,0.5
1578.0333,  1.00000000,1,0,0.0,0.5
1578.0667,  1.00000000,1,0,0.0,0.5
1578.1000,  1.00000000,1,0,0.0,0.5
1578.1333,  1.00000000,1,0,0.0,0.5
1578.1667,  1.00000000,1,0,0.0,0.5
1578.2000,  1.00000000,1,0,0.0,0.5
1578.2333,  1.00000000,1,0,0.0,0.5
1578.2667,  1.00000000,1,0,0.0,0.5
1578.3000,  1.00000000,1,0,0.0,0.5
1578.3333,  1.00000000,1,0,0.0,0.5
1578.3667,  1.00000000,1,0,0.0,0.5
1578.4000,  1.00000000,1,0,0.0,0.5
1578.4333,  1.00000000,1,0,0.0,0.5
1578.4667,  1.00000000,1,0,0.0,0.5
1578.5000,  1.00000000,1,0,0.0,0.5
1578.5333,  1.00000000,1,0,0.0,0.5
1578.5667,  1.00000000,1,0,0.0,0.5
1578.6000,  1.00000000,1,0,0.0,0.5
1578.6333,  1.00000000,1,0,0.0,0.5
1578.6667,  1.00000000,1,0,0.0,0.5
1578.7000,  1.00000000,1,0,0.0,0.5
1578.7333,  1.00000000,1,0,0.0,0.5
1578.7667,  1.00000000,1,0,0.0,0.5
1578.8000,  1.00000000,1,0,0.0,0.5
1578.8333,  1.00000000,1,0,0.0,0.5
1578.8667,  1.00000000,1,0,0.0,0.5
1578.9000,  1.00000000,1,0,0.0,0.5
1578.9333,  1.00000000,1,0,0.025000000000000001,0.5
1578.9667,  1.00000000,1,0,0.0,0.5
1579.0000,  1.00000000,1,0,0.0,0.5
1579.0333,  1.00000000,1,0,0.0,0.5
1579.0667,  1.00000000,1,0,0.025000000000000001,0.5
1579.1000,  1.00000000,1,0,0.0,0.5
1579.1333,  1.00000000,1,0,0.0,0.5
1579.1667,  1.00000000,1,0,0.0,0.5
1579.2000,  1.00000000,1,0,0.025000000000000001,0.5
1579.2333,  1.00000000,1,0,0.0,0.5
1579.2667,  1.00000000,1,0,0.0,0.5
1579.3000,  1.00000000,1,0,0.0,0.5
1579.3333,  1.00000000,1,0,0.0,0.5
1579.3667,  1.00000000,1,0,0.0,0.5
1579.4000,  1.00000000,1,0,0.0,0.5
1579.4333,  1.00000000,1,0,0.025000000000000001,0.5
1579.4667,  1.00000000,1,0,0.0,0.5
1579.5000,  1.00000000,1,0,0.0,0.5
1579.5333,  1.00000000,1,0,0.0,0.5
1579.5667,  1.00000000,1,0,0.0,0.5
1579.6000,  1.00000000,1,0,0.0,0.5
1579.6333,  1.00000000,1,0,0.0,0.5
1579.6667,  1.00000000,1,0,0.0,0.5
1579.7000,  1.00000000,1,0,0.0,0.5
1579.7333,  1.00000000,1,0,0.025000000000000001,0.5
1579.7667,  1.00000000,1,0,0.0,0.5
1579.8000,  1.00000000,1,0,0.0,0.5
1579.8333,  1.00000000,1,0,0.025000000000000001,0.5
1579.8667,  1.00000000,1,0,0.0,0.5
1579.9000,  1.00000000,1,0,0.0,0.5
1579.9333,  1.00000000,1,0,0.0,0.5
1579.9667,  1.00000000,1,0,0.0,0.5
1580.0000,  1.00000000,1,0,0.0,0.5
1580.0333,  1.00000000,1,0,0.0,0.5
1580.0667,  1.00000000,1,0,0.0,0.5
1580.1000,  1.00000000,1,0,0.0,0.5
1580.1333,  1.00000000,1,0,0.0,0.5
1580.1667,  1.00000000,1,0,0.0,0.5
1580.2000,  1.00000000,1,0,0.025000000000000001,0.5
1580.2333,  1.00000000,1,0,0.025000000000000001,0.5
1580.2667,  1.00000000,1,0,0.025000000000000001,0.5
1580.3000,  1.00000000,1,0,0.025000000000000001,0.5
1580.3333,  1.00000000,1,0,0.0,0.5
1580.3667,  1.00000000,1,0,0.0,0.5
1580.4000,  1.00000000,1,0,0.025000000000000001,0.5
1580.4333,  1.00000000,1,0,0.0,0.5
1580.4667,  1.00000000,1,0,0.0,0.5
1580.5000,  1.00000000,1,0,0.050000000000000003,0.5
1580.5333,  1.00000000,1,0,0.0,0.5
1580.5667,  1.00000000,1,0,0.025000000000000001,0.5
1580.6000,  1.00000000,1,0,0.025000000000000001,0.5
1580.6333,  1.00000000,1,0,0.0,0.5
1580.6667,  1.00000000,1,0,0.0,0.5
1580.7000,  1.00000000,1,0,0.0,0.5
1580.7333,  1.00000000,1,0,0.0,0.5
1580.7667,  1.00000000,1,0,0.025000000000000001,0.5
1580.8000,  1.00000000,1,0,0.0,0.5
1580.8333,  1.00000000,1,0,0.0,0.5
1580.8667,  1.00000000,1,0,0.025000000000000001,0.5
1580.9000,  1.00000000,1,0,0.0,0.5
1580.9333,  1.00000000,1,0,0.0,0.5
1580.9667,  1.00000000,1,0,0.0,0.5
1581.0000,  1.00000000,1,0,0.0,0.5
1581.0333,  1.00000000,1,0,0.025000000000000001,0.5
1581.0667,  1.00000000,1,0,0.0,0.5
1581.1000,  1.00000000,1,0,0.0,0.5
1581.1333,  1.00000000,1,0,0.0,0.5
1581.1667,  1.00000000,1,0,0.0,0.5
1581.2000,  1.00000000,1,0,0.0,0.5
1581.2333,  1.00000000,1,0,0.0,0.5
1581.2667,  1.00000000,1,0,0.025000000000000001,0.5
1581.3000,  1.00000000,1,0,0.0,0.5
1581.3333,  1.00000000,1,0,0.025000000000000001,0.5
1581.3667,  1.00000000,1,0,0.025000000000000001,0.5
1581.4000,  1.00000000,1,0,0.0,0.5
1581.4333,  1.00000000,1,0,0.025000000000000001,0.5
1581.4667,  1.00000000,1,0,0.0,0.5
1581.5000,  1.00000000,1,0,0.0,0.5
1581.5333,  1.00000000,1,0,0.0,0.5
1581.5667,  1.00000000,1,0,0.0,0.5
1581.6000,  1.00000000,1,0,0.0,0.5
1581.6333,  1.00000000,1,0,0.025000000000000001,0.5
1581.6667,  1.00000000,1,0,0.025000000000000001,0.5
1581.7000,  1.00000000,1,0,0.0,0.5
1581.7333,  1.00000000,1,0,0.0,0.5
1581.7667,  1.00000000,1,0,0.0,0.5
1581.8000,  1.00000000,1,0,0.0,0.5
1581.8333,  1.00000000,1,0,0.0,0.5
1581.8667,  1.00000000,1,0,0.0,0.5
1581.9000,  1.00000000,1,0,0.0,0.5
1581.9333,  1.00000000,1,0,0.0,0.5
1581.9667,  1.00000000,1,0,0.0,0.5
1582.0000,  1.00000000,1,0,0.0,0.5
1582.0333,  1.00000000,1,0,0.0,0.5
1582.0667,  1.00000000,1,0,0.0,0.5
1582.1000,  1.00000000,1,0,0.0,0.5
1582.1333,  1.00000000,1,0,0.0,0.5
1582.1667,  1.00000000,1,0,0.025000000000000001,0.5
1582.2000,  1.00000000,1,0,0.0,0.5
1582.2333,  1.00000000,1,0,0.0,0.5
1582.2667,  1.00000000,1,0,0.0,0.5
1582.3000,  1.00000000,1,0,0.0,0.5
1582.3333,  1.00000000,1,0,0.0,0.5
1582.3667,  1.00000000,1,0,0.0,0.5
1582.4000,  1.00000000,1,0,0.0,0.5
1582.4333,  1.00000000,1,0,0.0,0.5
1582.4667,  1.00000000,1,0,0.0,0.5
1582.5000,  1.00000000,1,0,0.0,0.5
1582.5333,  1.00000000,1,0,0.0,0.5
1582.5667,  1.00000000,1,0,0.050000000000000003,0.5
1582.6000,  1.00000000,1,0,0.0,0.5
1582.6333,  1.00000000,1,0,0.0,0.5
1582.6667,  1.00000000,1,0,0.0,0.5
1582.7000,  1.00000000,1,0,0.025000000000000001,0.5
1582.7333,  1.00000000,1,0,0.0,0.5
1582.7667,  1.00000000,1,0,0.0,0.5
1582.8000,  1.00000000,1,0,0.0,0.5
1582.8333,  1.00000000,1,0,0.025000000000000001,0.5
1582.8667,  1.00000000,1,0,0.025000000000000001,0.5
1582.9000,  1.00000000,1,0,0.0,0.5
1582.9333,  1.00000000,1,0,0.0,0.5
1582.9667,  1.00000000,1,0,0.0,0.5
1583.0000,  1.00000000,1,0,0.0,0.5
1583.0333,  1.00000000,1,0,0.0,0.5
1583.0667,  1.00000000,1,0,0.0,0.5
1583.1000,  1.00000000,1,0,0.0,0.5
1583.1333,  1.00000000,1,0,0.025000000000000001,0.5
1583.1667,  1.00000000,1,0,0.0,0.5
1583.2000,  1.00000000,1,0,0.0,0.5
1583.2333,  1.00000000,1,0,0.0,0.5
1583.2667,  1.00000000,1,0,0.0,0.5
1583.3000,  1.00000000,1,0,0.0,0.5
1583.3333,  1.00000000,1,0,0.0,0.5
1583.3667,  1.00000000,1,0,0.025000000000000001,0.5
1583.4000,  1.00000000,1,0,0.0,0.5
1583.4333,  1.00000000,1,0,0.025000000000000001,0.5
1583.4667,  1.00000000,1,0,0.0,0.5
1583.5000,  1.00000000,1,0,0.025000000000000001,0.5
1583.5333,  1.00000000,1,0,0.0,0.5
1583.5667,  1.00000000,1,0,0.0,0.5
1583.6000,  1.00000000,1,0,0.025000000000000001,0.5
1583.6333,  1.00000000,1,0,0.0,0.5
1583.6667,  1.00000000,1,0,0.0,0.5
1583.7000,  1.00000000,1,0,0.0,0.5
1583.7333,  1.00000000,1,0,0.0,0.5
1583.7667,  1.00000000,1,0,0.0,0.5
1583.8000,  1.00000000,1,0,0.0,0.5
1583.8333,  1.00000000,1,0,0.0,0.5
1583.8667,  1.00000000,1,0,0.025000000000000001,0.5
1583.9000,  1.00000000,1,0,0.025000000000000001,0.5
1583.9333,  1.00000000,1,0,0.0,0.5
1583.9667,  1.00000000,1,0,0.0,0.5
1584.0000,  1.00000000,1,0,0.025000000000000001,0.5
1584.0333,  1.00000000,1,0,0.025000000000000001,0.5
1584.0667,  1.00000000,1,0,0.025000000000000001,0.5
1584.1000,  1.00000000,1,0,0.025000000000000001,0.5
1584.1333,  1.00000000,1,0,0.0,0.5
1584.1667,  1.00000000,1,0,0.0,0.5
1584.2000,  1.00000000,1,0,0.0,0.5
1584.2333,  1.00000000,1,0,0.0,0.5
1584.2667,  1.00000000,1,0,0.0,0.5
1584.3000,  1.00000000,1,0,0.0,0.5
1584.3333,  1.00000000,1,0,0.0,0.5
1584.3667,  1.00000000,1,0,0.0,0.5
1584.4000,  1.00000000,1,0,0.0,0.5
1584.4333,  1.00000000,1,0,0.0,0.5
1584.4667,  1.00000000,1,0,0.0,0.5
1584.5000,  1.00000000,1,0,0.0,0.5
1584.5333,  1.00000000,1,0,0.0,0.5
1584.5667,  1.00000000,1,0,0.0,0.5
1584.6000,  1.00000000,1,0,0.0,0.5
1584.6333,  1.00000000,1,0,0.0,0.5
1584.6667,  1.00000000,1,0,0.0,0.5
1584.7000,  1.00000000,1,0,0.025000000000000001,0.5
1584.7333,  1.00000000,1,0,0.025000000000000001,0.5
1584.7667,  1.00000000,1,0,0.0,0.5
1584.8000,  1.00000000,1,0,0.025000000000000001,0.5
1584.8333,  1.00000000,1,0,0.025000000000000001,0.5
1584.8667,  1.00000000,1,0,0.025000000000000001,0.5
1584.9000,  1.00000000,1,0,0.0,0.5
1584.9333,  1.00000000,1,0,0.0,0.5
1584.9667,  1.00000000,1,0,0.0,0.5
1585.0000,  1.00000000,1,0,0.025000000000000001,0.5
1585.0333,  1.00000000,1,0,0.0,0.5
1585.0667,  1.00000000,1,0,0.025000000000000001,0.5
1585.1000,  1.00000000,1,0,0.0,0.5
1585.1333,  1.00000000,1,0,0.0,0.5
1585.1667,  1.00000000,1,0,0.0,0.5
1585.2000,  1.00000000,1,0,0.0,0.5
1585.2333,  1.00000000,1,0,0.025000000000000001,0.5
1585.2667,  1.00000000,1,0,0.0,0.5
1585.3000,  1.00000000,1,0,0.025000000000000001,0.5
1585.3333,  1.00000000,1,0,0.0,0.5
1585.3667,  1.00000000,1,0,0.0,0.5
1585.4000,  1.00000000,1,0,0.0,0.5
1585.4333,  1.00000000,1,0,0.0,0.5
1585.4667,  1.00000000,1,0,0.0,0.5
1585.5000,  1.00000000,1,0,0.0,0.5
1585.5333,  1.00000000,1,0,0.025000000000000001,0.5
1585.5667,  1.00000000,1,0,0.025000000000000001,0.5
1585.6000,  1.00000000,1,0,0.050000000000000003,0.5
1585.6333,  1.00000000,1,0,0.050000000000000003,0.5
1585.6667,  1.00000000,1,0,0.0,0.5
1585.7000,  1.00000000,1,0,0.074999999999999997,0.5
1585.7333,  1.00000000,1,0,0.0,0.5
1585.7667,  1.00000000,1,0,0.025000000000000001,0.5
1585.8000,  1.00000000,1,0,0.0,0.5
1585.8333,  1.00000000,1,0,0.0,0.5
1585.8667,  1.00000000,1,0,0.0,0.5
1585.9000,  1.00000000,1,0,0.025000000000000001,0.5
1585.9333,  1.00000000,1,0,0.0,0.5
1585.9667,  1.00000000,1,0,0.025000000000000001,0.5
1586.0000,  1.00000000,1,0,0.025000000000000001,0.5
1586.0333,  1.00000000,1,0,0.0,0.5
1586.0667,  1.00000000,1,0,0.0,0.5
1586.1000,  1.00000000,1,0,0.0,0.5
1586.1333,  1.00000000,1,0,0.0,0.5
1586.1667,  1.00000000,1,0,0.0,0.5
1586.2000,  1.00000000,1,0,0.050000000000000003,0.5
1586.2333,  1.00000000,1,0,0.0,0.5
1586.2667,  1.00000000,1,0,0.025000000000000001,0.5
1586.3000,  1.00000000,1,0,0.0,0.5
1586.3333,  1.00000000,1,0,0.0,0.5
1586.3667,  1.00000000,1,0,0.0,0.5
1586.4000,  1.00000000,1,0,0.0,0.5
1586.4333,  1.00000000,1,0,0.0,0.5
1586.4667,  1.00000000,1,0,0.0,0.5
1586.5000,  1.00000000,1,0,0.025000000000000001,0.5
1586.5333,  1.00000000,1,0,0.0,0.5
1586.5667,  1.00000000,1,0,0.0,0.5
1586.6000,  1.00000000,1,0,0.0,0.5
1586.6333,  1.00000000,1,0,0.0,0.5
1586.6667,  1.00000000,1,0,0.0,0.5
1586.7000,  1.00000000,1,0,0.0,0.5
1586.7333,  1.00000000,1,0,0.0,0.5
1586.7667,  1.00000000,1,0,0.0,0.5
1586.8000,  1.00000000,1,0,0.0,0.5
1586.8333,  1.00000000,1,0,0.025000000000000001,0.5
1586.8667,  1.00000000,1,0,0.0,0.5
1586.9000,  1.00000000,1,0,0.0,0.5
1586.9333,  1.00000000,1,0,0.0,0.5
1586.9667,  1.00000000,1,0,0.0,0.5
1587.0000,  1.00000000,1,0,0.025000000000000001,0.5
1587.0333,  1.00000000,1,0,0.025000000000000001,0.5
1587.0667,  1.00000000,1,0,0.0,0.5
1587.1000,  1.00000000,1,0,0.0,0.5
1587.1333,  1.00000000,1,0,0.025000000000000001,0.5
1587.1667,  1.00000000,1,0,0.050000000000000003,0.5
1587.2000,  1.00000000,1,0,0.0,0.5
1587.2333,  1.00000000,1,0,0.0,0.5
1587.2667,  1.00000000,1,0,0.0,0.5
1587.3000,  1.00000000,1,0,0.025000000000000001,0.5
1587.3333,  1.00000000,1,0,0.0,0.5
1587.3667,  1.00000000,1,0,0.050000000000000003,0.5
1587.4000,  1.00000000,1,0,0.0,0.5
1587.4333,  1.00000000,1,0,0.0,0.5
1587.4667,  1.00000000,1,0,0.0,0.5
1587.5000,  1.00000000,1,0,0.025000000000000001,0.5
1587.5333,  1.00000000,1,0,0.0,0.5
1587.5667,  1.00000000,1,0,0.025000000000000001,0.5
1587.6000,  1.00000000,1,0,0.025000000000000001,0.5
1587.6333,  1.00000000,1,0,0.025000000000000001,0.5
1587.6667,  1.00000000,1,0,0.0,0.5
1587.7000,  1.00000000,1,0,0.0,0.5
1587.7333,  1.00000000,1,0,0.0,0.5
1587.7667,  1.00000000,1,0,0.0,0.5
1587.8000,  1.00000000,1,0,0.0,0.5
1587.8333,  1.00000000,1,0,0.0,0.5
1587.8667,  1.00000000,1,0,0.0,0.5
1587.9000,  1.00000000,1,0,0.0,0.5
1587.9333,  1.00000000,1,0,0.0,0.5
1587.9667,  1.00000000,1,0,0.0,0.5
1588.0000,  1.00000000,1,0,0.0,0.5
1588.0333,  1.00000000,1,0,0.0,0.5
1588.0667,  1.00000000,1,0,0.0,0.5
1588.1000,  1.00000000,1,0,0.025000000000000001,0.5
1588.1333,  1.00000000,1,0,0.025000000000000001,0.5
1588.1667,  1.00000000,1,0,0.025000000000000001,0.5
1588.2000,  1.00000000,1,0,0.025000000000000001,0.5
1588.2333,  1.00000000,1,0,0.0,0.5
1588.2667,  1.00000000,1,0,0.025000000000000001,0.5
1588.3000,  1.00000000,1,0,0.0,0.5
1588.3333,  1.00000000,1,0,0.0,0.5
1588.3667,  1.00000000,1,0,0.0,0.5
1588.4000,  1.00000000,1,0,0.025000000000000001,0.5
1588.4333,  1.00000000,1,0,0.025000000000000001,0.5
1588.4667,  1.00000000,1,0,0.025000000000000001,0.5
1588.5000,  1.00000000,1,0,0.0,0.5
1588.5333,  1.00000000,1,0,0.0,0.5
1588.5667,  1.00000000,1,0,0.025000000000000001,0.5
1588.6000,  1.00000000,1,0,0.0,0.5
1588.6333,  1.00000000,1,0,0.050000000000000003,0.5
1588.6667,  1.00000000,1,0,0.025000000000000001,0.5
1588.7000,  1.00000000,1,0,0.0,0.5
1588.7333,  1.00000000,1,0,0.0,0.5
1588.7667,  1.00000000,1,0,0.0,0.5
1588.8000,  1.00000000,1,0,0.0,0.5
1588.8333,  1.00000000,1,0,0.0,0.5
1588.8667,  1.00000000,1,0,0.0,0.5
1588.9000,  1.00000000,1,0,0.0,0.5
1588.9333,  1.00000000,1,0,0.0,0.5
1588.9667,  1.00000000,1,0,0.0,0.5
1589.0000,  1.00000000,1,0,0.0,0.5
1589.0333,  1.00000000,1,0,0.0,0.5
1589.0667,  1.00000000,1,0,0.0,0.5
1589.1000,  1.00000000,1,0,0.0,0.5
1589.1333,  1.00000000,1,0,0.0,0.5
1589.1667,  1.00000000,1,0,0.0,0.5
1589.2000,  1.00000000,1,0,0.025000000000000001,0.5
1589.2333,  1.00000000,1,0,0.0,0.5
1589.2667,  1.00000000,1,0,0.0,0.5
1589.3000,  1.00000000,1,0,0.0,0.5
1589.3333,  1.00000000,1,0,0.0,0.5
1589.3667,  1.00000000,1,0,0.0,0.5
1589.4000,  1.00000000,1,0,0.0,0.5
1589.4333,  1.00000000,1,0,0.050000000000000003,0.5
1589.4667,  1.00000000,1,0,0.025000000000000001,0.5
1589.5000,  1.00000000,1,0,0.0,0.5
1589.5333,  1.00000000,1,0,0.0,0.5
1589.5667,  1.00000000,1,0,0.0,0.5
1589.6000,  1.00000000,1,0,0.0,0.5
1589.6333,  1.00000000,1,0,0.0,0.5
1589.6667,  1.00000000,1,0,0.0,0.5
1589.7000,  1.00000000,1,0,0.0,0.5
1589.7333,  1.00000000,1,0,0.025000000000000001,0.5
1589.7667,  1.00000000,1,0,0.0,0.5
1589.8000,  1.00000000,1,0,0.0,0.5
1589.8333,  1.00000000,1,0,0.0,0.5
1589.8667,  1.00000000,1,0,0.0,0.5
1589.9000,  1.00000000,1,0,0.0,0.5
1589.9333,  1.00000000,1,0,0.0,0.5
1589.9667,  1.00000000,1,0,0.0,0.5
1590.0000,  1.00000000,1,0,0.0,0.5
1590.0333,  1.00000000,1,0,0.0,0.5
1590.0667,  1.00000000,1,0,0.0,0.5
1590.1000,  1.00000000,1,0,0.0,0.5
1590.1333,  1.00000000,1,0,0.0,0.5
1590.1667,  1.00000000,1,0,0.0,0.5
1590.2000,  1.00000000,1,0,0.0,0.5
1590.2333,  1.00000000,1,0,0.0,0.5
1590.2667,  1.00000000,1,0,0.0,0.5
1590.3000,  1.00000000,1,0,0.0,0.5
1590.3333,  1.00000000,1,0,0.0,0.5
1590.3667,  1.00000000,1,0,0.0,0.5
1590.4000,  1.00000000,1,0,0.0,0.5
1590.4333,  1.00000000,1,0,0.0,0.5
1590.4667,  1.00000000,1,0,0.0,0.5
1590.5000,  1.00000000,1,0,0.0,0.5
1590.5333,  1.00000000,1,0,0.0,0.5
1590.5667,  1.00000000,1,0,0.0,0.5
1590.6000,  1.00000000,1,0,0.0,0.5
1590.6333,  1.00000000,1,0,0.025000000000000001,0.5
1590.6667,  1.00000000,1,0,0.0,0.5
1590.7000,  1.00000000,1,0,0.025000000000000001,0.5
1590.7333,  1.00000000,1,0,0.0,0.5
1590.7667,  1.00000000,1,0,0.0,0.5
1590.8000,  1.00000000,1,0,0.0,0.5
1590.8333,  1.00000000,1,0,0.025000000000000001,0.5
1590.8667,  1.00000000,1,0,0.025000000000000001,0.5
1590.9000,  1.00000000,1,0,0.025000000000000001,0.5
1590.9333,  1.00000000,1,0,0.0,0.5
1590.9667,  1.00000000,1,0,0.0,0.5
1591.0000,  1.00000000,1,0,0.0,0.5
1591.0333,  1.00000000,1,0,0.0,0.5
1591.0667,  1.00000000,1,0,0.0,0.5
1591.1000,  1.00000000,1,0,0.0,0.5
1591.1333,  1.00000000,1,0,0.0,0.5
1591.1667,  1.00000000,1,0,0.0,0.5
1591.2000,  1.00000000,1,0,0.025000000000000001,0.5
1591.2333,  1.00000000,1,0,0.0,0.5
1591.2667,  1.00000000,1,0,0.025000000000000001,0.5
1591.3000,  1.00000000,1,0,0.0,0.5
1591.3333,  1.00000000,1,0,0.0,0.5
1591.3667,  1.00000000,1,0,0.0,0.5
1591.4000,  1.00000000,1,0,0.0,0.5
1591.4333,  1.00000000,1,0,0.0,0.5
1591.4667,  1.00000000,1,0,0.025000000000000001,0.5
1591.5000,  1.00000000,1,0,0.0,0.5
1591.5333,  1.00000000,1,0,0.0,0.5
1591.5667,  1.00000000,1,0,0.0,0.5
1591.6000,  1.00000000,1,0,0.025000000000000001,0.5
1591.6333,  1.00000000,1,0,0.0,0.5
1591.6667,  1.00000000,1,0,0.0,0.5
1591.7000,  1.00000000,1,0,0.0,0.5
1591.7333,  1.00000000,1,0,0.025000000000000001,0.5
1591.7667,  1.00000000,1,0,0.0,0.5
1591.8000,  1.00000000,1,0,0.025000000000000001,0.5
1591.8333,  1.00000000,1,0,0.0,0.5
1591.8667,  1.00000000,1,0,0.0,0.5
1591.9000,  1.00000000,1,0,0.0,0.5
1591.9333,  1.00000000,1,0,0.0,0.5
1591.9667,  1.00000000,1,0,0.0,0.5
1592.0000,  1.00000000,1,0,0.0,0.5
1592.0333,  1.00000000,1,0,0.0,0.5
1592.0667,  1.00000000,1,0,0.0,0.5
1592.1000,  1.00000000,1,0,0.0,0.5
1592.1333,  1.00000000,1,0,0.0,0.5
1592.1667,  1.00000000,1,0,0.0,0.5
1592.2000,  1.00000000,1,0,0.0,0.5
1592.2333,  1.00000000,1,0,0.0,0.5
1592.2667,  1.00000000,1,0,0.0,0.5
1592.3000,  1.00000000,1,0,0.0,0.5
1592.3333,  1.00000000,1,0,0.0,0.5
1592.3667,  1.00000000,1,0,0.0,0.5
1592.4000,  1.00000000,1,0,0.025000000000000001,0.5
1592.4333,  1.00000000,1,0,0.0,0.5
1592.4667,  1.00000000,1,0,0.0,0.5
1592.5000,  1.00000000,1,0,0.0,0.5
1592.5333,  1.00000000,1,0,0.0,0.5
1592.5667,  1.00000000,1,0,0.0,0.5
1592.6000,  1.00000000,1,0,0.0,0.5
1592.6333,  1.00000000,1,0,0.0,0.5
1592.6667,  1.00000000,1,0,0.025000000000000001,0.5
1592.7000,  1.00000000,1,0,0.0,0.5
1592.7333,  1.00000000,1,0,0.0,0.5
1592.7667,  1.00000000,1,0,0.0,0.5
1592.8000,  1.00000000,1,0,0.025000000000000001,0.5
1592.8333,  1.00000000,1,0,0.0,0.5
1592.8667,  1.00000000,1,0,0.025000000000000001,0.5
1592.9000,  1.00000000,1,0,0.0,0.5
1592.9333,  1.00000000,1,0,0.0,0.5
1592.9667,  1.00000000,1,0,0.025000000000000001,0.5
1593.0000,  1.00000000,1,0,0.0,0.5
1593.0333,  1.00000000,1,0,0.025000000000000001,0.5
1593.0667,  1.00000000,1,0,0.0,0.5
1593.1000,  1.00000000,1,0,0.0,0.5
1593.1333,  1.00000000,1,0,0.0,0.5
1593.1667,  1.00000000,1,0,0.0,0.5
1593.2000,  1.00000000,1,0,0.025000000000000001,0.5
1593.2333,  1.00000000,1,0,0.0,0.5
1593.2667,  1.00000000,1,0,0.0,0.5
1593.3000,  1.00000000,1,0,0.0,0.5
1593.3333,  1.00000000,1,0,0.0,0.5
1593.3667,  1.00000000,1,0,0.0,0.5
1593.4000,  1.00000000,1,0,0.0,0.5
1593.4333,  1.00000000,1,0,0.0,0.5
1593.4667,  1.00000000,1,0,0.0,0.5
1593.5000,  1.00000000,1,0,0.0,0.5
1593.5333,  1.00000000,1,0,0.0,0.5
1593.5667,  1.00000000,1,0,0.0,0.5
1593.6000,  1.00000000,1,0,0.0,0.5
1593.6333,  1.00000000,1,0,0.0,0.5
1593.6667,  1.00000000,1,0,0.0,0.5
1593.7000,  1.00000000,1,0,0.0,0.5
1593.7333,  1.00000000,1,0,0.0,0.5
1593.7667,  1.00000000,1,0,0.0,0.5
1593.8000,  1.00000000,1,0,0.0,0.5
1593.8333,  1.00000000,1,0,0.0,0.5
1593.8667,  1.00000000,1,0,0.025000000000000001,0.5
1593.9000,  1.00000000,1,0,0.0,0.5
1593.9333,  1.00000000,1,0,0.0,0.5
1593.9667,  1.00000000,1,0,0.0,0.5
1594.0000,  1.00000000,1,0,0.0,0.5
1594.0333,  1.00000000,1,0,0.0,0.5
1594.0667,  1.00000000,1,0,0.0,0.5
1594.1000,  1.00000000,1,0,0.0,0.5
1594.1333,  1.00000000,1,0,0.0,0.5
1594.1667,  1.00000000,1,0,0.0,0.5
1594.2000,  1.00000000,1,0,0.050000000000000003,0.5
1594.2333,  1.00000000,1,0,0.025000000000000001,0.5
1594.2667,  1.00000000,1,0,0.025000000000000001,0.5
1594.3000,  1.00000000,1,0,0.025000000000000001,0.5
1594.3333,  1.00000000,1,0,0.025000000000000001,0.5
1594.3667,  1.00000000,1,0,0.0,0.5
1594.4000,  1.00000000,1,0,0.0,0.5
1594.4333,  1.00000000,1,0,0.0,0.5
1594.4667,  1.00000000,1,0,0.0,0.5
1594.5000,  1.00000000,1,0,0.0,0.5
1594.5333,  1.00000000,1,0,0.0,0.5
1594.5667,  1.00000000,1,0,0.0,0.5
1594.6000,  1.00000000,1,0,0.0,0.5
1594.6333,  1.00000000,1,0,0.0,0.5
1594.6667,  1.00000000,1,0,0.0,0.5
1594.7000,  1.00000000,1,0,0.0,0.5
1594.7333,  1.00000000,1,0,0.0,0.5
1594.7667,  1.00000000,1,0,0.0,0.5
1594.8000,  1.00000000,1,0,0.0,0.5
1594.8333,  1.00000000,1,0,0.0,0.5
1594.8667,  1.00000000,1,0,0.0,0.5
1594.9000,  1.00000000,1,0,0.0,0.5
1594.9333,  1.00000000,1,0,0.025000000000000001,0.5
1594.9667,  1.00000000,1,0,0.0,0.5
1595.0000,  1.00000000,1,0,0.0,0.5
1595.0333,  1.00000000,1,0,0.025000000000000001,0.5
1595.0667,  1.00000000,1,0,0.0,0.5
1595.1000,  1.00000000,1,0,0.0,0.5
1595.1333,  1.00000000,1,0,0.0,0.5
1595.1667,  1.00000000,1,0,0.0,0.5
1595.2000,  1.00000000,1,0,0.025000000000000001,0.5
1595.2333,  1.00000000,1,0,0.0,0.5
1595.2667,  1.00000000,1,0,0.0,0.5
1595.3000,  1.00000000,1,0,0.025000000000000001,0.5
1595.3333,  1.00000000,1,0,0.0,0.5
1595.3667,  1.00000000,1,0,0.0,0.5
1595.4000,  1.00000000,1,0,0.0,0.5
1595.4333,  1.00000000,1,0,0.025000000000000001,0.5
1595.4667,  1.00000000,1,0,0.0,0.5
1595.5000,  1.00000000,1,0,0.0,0.5
1595.5333,  1.00000000,1,0,0.0,0.5
1595.5667,  1.00000000,1,0,0.0,0.5
1595.6000,  1.00000000,1,0,0.0,0.5
1595.6333,  1.00000000,1,0,0.0,0.5
1595.6667,  1.00000000,1,0,0.0,0.5
1595.7000,  1.00000000,1,0,0.025000000000000001,0.5
1595.7333,  1.00000000,1,0,0.0,0.5
1595.7667,  1.00000000,1,0,0.0,0.5
1595.8000,  1.00000000,1,0,0.0,0.5
1595.8333,  1.00000000,1,0,0.050000000000000003,0.5
1595.8667,  1.00000000,1,0,0.0,0.5
1595.9000,  1.00000000,1,0,0.0,0.5
1595.9333,  1.00000000,1,0,0.0,0.5
1595.9667,  1.00000000,1,0,0.0,0.5
1596.0000,  1.00000000,1,0,0.025000000000000001,0.5
1596.0333,  1.00000000,1,0,0.0,0.5
1596.0667,  1.00000000,1,0,0.0,0.5
1596.1000,  1.00000000,1,0,0.0,0.5
1596.1333,  1.00000000,1,0,0.0,0.5
1596.1667,  1.00000000,1,0,0.0,0.5
1596.2000,  1.00000000,1,0,0.0,0.5
1596.2333,  1.00000000,1,0,0.0,0.5
1596.2667,  1.00000000,1,0,0.0,0.5
1596.3000,  1.00000000,1,0,0.025000000000000001,0.5
1596.3333,  1.00000000,1,0,0.0,0.5
1596.3667,  1.00000000,1,0,0.0,0.5
1596.4000,  1.00000000,1,0,0.0,0.5
1596.4333,  1.00000000,1,0,0.074999999999999997,0.5
1596.4667,  1.00000000,1,0,0.025000000000000001,0.5
1596.5000,  1.00000000,1,0,0.0,0.5
1596.5333,  1.00000000,1,0,0.0,0.5
1596.5667,  1.00000000,1,0,0.025000000000000001,0.5
1596.6000,  1.00000000,1,0,0.0,0.5
1596.6333,  1.00000000,1,0,0.0,0.5
1596.6667,  1.00000000,1,0,0.0,0.5
1596.7000,  1.00000000,1,0,0.0,0.5
1596.7333,  1.00000000,1,0,0.0,0.5
1596.7667,  1.00000000,1,0,0.0,0.5
1596.8000,  1.00000000,1,0,0.0,0.5
1596.8333,  1.00000000,1,0,0.025000000000000001,0.5
1596.8667,  1.00000000,1,0,0.0,0.5
1596.9000,  1.00000000,1,0,0.0,0.5
1596.9333,  1.00000000,1,0,0.025000000000000001,0.5
1596.9667,  1.00000000,1,0,0.025000000000000001,0.5
1597.0000,  1.00000000,1,0,0.0,0.5
1597.0333,  1.00000000,1,0,0.025000000000000001,0.5
1597.0667,  1.00000000,1,0,0.0,0.5
1597.1000,  1.00000000,1,0,0.0,0.5
1597.1333,  1.00000000,1,0,0.0,0.5
1597.1667,  1.00000000,1,0,0.0,0.5
1597.2000,  1.00000000,1,0,0.0,0.5
1597.2333,  1.00000000,1,0,0.0,0.5
1597.2667,  1.00000000,1,0,0.050000000000000003,0.5
1597.3000,  1.00000000,1,0,0.025000000000000001,0.5
1597.3333,  1.00000000,1,0,0.050000000000000003,0.5
1597.3667,  1.00000000,1,0,0.025000000000000001,0.5
1597.4000,  1.00000000,1,0,0.0,0.5
1597.4333,  1.00000000,1,0,0.0,0.5
1597.4667,  1.00000000,1,0,0.0,0.5
1597.5000,  1.00000000,1,0,0.0,0.5
1597.5333,  1.00000000,1,0,0.0,0.5
1597.5667,  1.00000000,1,0,0.025000000000000001,0.5
1597.6000,  1.00000000,1,0,0.025000000000000001,0.5
1597.6333,  1.00000000,1,0,0.0,0.5
1597.6667,  1.00000000,1,0,0.025000000000000001,0.5
1597.7000,  1.00000000,1,0,0.025000000000000001,0.5
1597.7333,  1.00000000,1,0,0.0,0.5
1597.7667,  1.00000000,1,0,0.0,0.5
1597.8000,  1.00000000,1,0,0.0,0.5
1597.8333,  1.00000000,1,0,0.0,0.5
1597.8667,  1.00000000,1,0,0.0,0.5
1597.9000,  1.00000000,1,0,0.0,0.5
1597.9333,  1.00000000,1,0,0.0,0.5
1597.9667,  1.00000000,1,0,0.0,0.5
1598.0000,  1.00000000,1,0,0.0,0.5
1598.0333,  1.00000000,1,0,0.0,0.5
1598.0667,  1.00000000,1,0,0.025000000000000001,0.5
1598.1000,  1.00000000,1,0,0.025000000000000001,0.5
1598.1333,  1.00000000,1,0,0.025000000000000001,0.5
1598.1667,  1.00000000,1,0,0.0,0.5
1598.2000,  1.00000000,1,0,0.0,0.5
1598.2333,  1.00000000,1,0,0.0,0.5
1598.2667,  1.00000000,1,0,0.0,0.5
1598.3000,  1.00000000,1,0,0.0,0.5
1598.3333,  1.00000000,1,0,0.0,0.5
1598.3667,  1.00000000,1,0,0.0,0.5
1598.4000,  1.00000000,1,0,0.0,0.5
1598.4333,  1.00000000,1,0,0.0,0.5
1598.4667,  1.00000000,1,0,0.0,0.5
1598.5000,  1.00000000,1,0,0.0,0.5
1598.5333,  1.00000000,1,0,0.0,0.5
1598.5667,  1.00000000,1,0,0.0,0.5
1598.6000,  1.00000000,1,0,0.0,0.5
1598.6333,  1.00000000,1,0,0.025000000000000001,0.5
1598.6667,  1.00000000,1,0,0.0,0.5
1598.7000,  1.00000000,1,0,0.0,0.5
1598.7333,  1.00000000,1,0,0.0,0.5
1598.7667,  1.00000000,1,0,0.0,0.5
1598.8000,  1.00000000,1,0,0.0,0.5
1598.8333,  1.00000000,1,0,0.0,0.5
1598.8667,  1.00000000,1,0,0.0,0.5
1598.9000,  1.00000000,1,0,0.0,0.5
1598.9333,  1.00000000,1,0,0.0,0.5
1598.9667,  1.00000000,1,0,0.0,0.5
1599.0000,  1.00000000,1,0,0.0,0.5
1599.0333,  1.00000000,1,0,0.0,0.5
1599.0667,  1.00000000,1,0,0.0,0.5
1599.1000,  1.00000000,1,0,0.0,0.5
1599.1333,  1.00000000,1,0,0.0,0.5
1599.1667,  1.00000000,1,0,0.0,0.5
1599.2000,  1.00000000,1,0,0.0,0.5
1599.2333,  1.00000000,1,0,0.0,0.5
1599.2667,  1.00000000,1,0,0.0,0.5
1599.3000,  1.00000000,1,0,0.0,0.5
1599.3333,  1.00000000,1,0,0.0,0.5
1599.3667,  1.00000000,1,0,0.0,0.5
1599.4000,  1.00000000,1,0,0.025000000000000001,0.5
1599.4333,  1.00000000,1,0,0.0,0.5
1599.4667,  1.00000000,1,0,0.0,0.5
1599.5000,  1.00000000,1,0,0.0,0.5
1599.5333,  1.00000000,1,0,0.0,0.5
1599.5667,  1.00000000,1,0,0.0,0.5
1599.6000,  1.00000000,1,0,0.0,0.5
1599.6333,  1.00000000,1,0,0.0,0.5
1599.6667,  1.00000000,1,0,0.0,0.5
1599.7000,  1.00000000,1,0,0.025000000000000001,0.5
1599.7333,  1.00000000,1,0,0.025000000000000001,0.5
1599.7667,  1.00000000,1,0,0.025000000000000001,0.5
1599.8000,  1.00000000,1,0,0.0,0.5
1599.8333,  1.00000000,1,0,0.0,0.5
1599.8667,  1.00000000,1,0,0.0,0.5
1599.9000,  1.00000000,1,0,0.0,0.5
1599.9333,  1.00000000,1,0,0.0,0.5
1599.9667,  1.00000000,1,0,0.0,0.5
1600.0000,  1.00000000,1,0,0.0,0.5
1600.0333,  1.00000000,1,0,0.0,0.5
1600.0667,  1.00000000,1,0,0.0,0.5
1600.1000,  1.00000000,1,0,0.0,0.5
1600.1333,  1.00000000,1,0,0.0,0.5
1600.1667,  1.00000000,1,0,0.0,0.5
1600.2000,  1.00000000,1,0,0.025000000000000001,0.5
1600.2333,  1.00000000,1,0,0.0,0.5
1600.2667,  1.00000000,1,0,0.0,0.5
1600.3000,  1.00000000,1,0,0.0,0.5
1600.3333,  1.00000000,1,0,0.0,0.5
1600.3667,  1.00000000,1,0,0.0,0.5
1600.4000,  1.00000000,1,0,0.0,0.5
1600.4333,  1.00000000,1,0,0.0,0.5
1600.4667,  1.00000000,1,0,0.0,0.5
1600.5000,  1.00000000,1,0,0.0,0.5
1600.5333,  1.00000000,1,0,0.0,0.5
1600.5667,  1.00000000,1,0,0.025000000000000001,0.5
1600.6000,  1.00000000,1,0,0.0,0.5
1600.6333,  1.00000000,1,0,0.025000000000000001,0.5
1600.6667,  1.00000000,1,0,0.0,0.5
1600.7000,  1.00000000,1,0,0.050000000000000003,0.5
1600.7333,  1.00000000,1,0,0.0,0.5
1600.7667,  1.00000000,1,0,0.0,0.5
1600.8000,  1.00000000,1,0,0.0,0.5
1600.8333,  1.00000000,1,0,0.0,0.5
1600.8667,  1.00000000,1,0,0.025000000000000001,0.5
1600.9000,  1.00000000,1,0,0.0,0.5
1600.9333,  1.00000000,1,0,0.0,0.5
1600.9667,  1.00000000,1,0,0.0,0.5
1601.0000,  1.00000000,1,0,0.0,0.5
1601.0333,  1.00000000,1,0,0.0,0.5
1601.0667,  1.00000000,1,0,0.0,0.5
1601.1000,  1.00000000,1,0,0.025000000000000001,0.5
1601.1333,  1.00000000,1,0,0.0,0.5
1601.1667,  1.00000000,1,0,0.0,0.5
1601.2000,  1.00000000,1,0,0.0,0.5
1601.2333,  1.00000000,1,0,0.0,0.5
1601.2667,  1.00000000,1,0,0.0,0.5
1601.3000,  1.00000000,1,0,0.0,0.5
1601.3333,  1.00000000,1,0,0.0,0.5
1601.3667,  1.00000000,1,0,0.0,0.5
1601.4000,  1.00000000,1,0,0.0,0.5
1601.4333,  1.00000000,1,0,0.0,0.5
1601.4667,  1.00000000,1,0,0.0,0.5
1601.5000,  1.00000000,1,0,0.0,0.5
1601.5333,  1.00000000,1,0,0.0,0.5
1601.5667,  1.00000000,1,0,0.0,0.5
1601.6000,  1.00000000,1,0,0.0,0.5
1601.6333,  1.00000000,1,0,0.0,0.5
1601.6667,  1.00000000,1,0,0.0,0.5
1601.7000,  1.00000000,1,0,0.0,0.5
1601.7333,  1.00000000,1,0,0.0,0.5
1601.7667,  1.00000000,1,0,0.025000000000000001,0.5
1601.8000,  1.00000000,1,0,0.0,0.5
1601.8333,  1.00000000,1,0,0.025000000000000001,0.5
1601.8667,  1.00000000,1,0,0.0,0.5
1601.9000,  1.00000000,1,0,0.0,0.5
1601.9333,  1.00000000,1,0,0.0,0.5
1601.9667,  1.00000000,1,0,0.0,0.5
1602.0000,  1.00000000,1,0,0.0,0.5
1602.0333,  1.00000000,1,0,0.0,0.5
1602.0667,  1.00000000,1,0,0.050000000000000003,0.5
1602.1000,  1.00000000,1,0,0.0,0.5
1602.1333,  1.00000000,1,0,0.025000000000000001,0.5
1602.1667,  1.00000000,1,0,0.0,0.5
1602.2000,  1.00000000,1,0,0.0,0.5
1602.2333,  1.00000000,1,0,0.0,0.5
1602.2667,  1.00000000,1,0,0.0,0.5
1602.3000,  1.00000000,1,0,0.0,0.5
1602.3333,  1.00000000,1,0,0.0,0.5
1602.3667,  1.00000000,1,0,0.0,0.5
1602.4000,  1.00000000,1,0,0.0,0.5
1602.4333,  1.00000000,1,0,0.0,0.5
1602.4667,  1.00000000,1,0,0.0,0.5
1602.5000,  1.00000000,1,0,0.025000000000000001,0.5
1602.5333,  1.00000000,1,0,0.0,0.5
1602.5667,  1.00000000,1,0,0.0,0.5
1602.6000,  1.00000000,1,0,0.0,0.5
1602.6333,  1.00000000,1,0,0.0,0.5
1602.6667,  1.00000000,1,0,0.0,0.5
1602.7000,  1.00000000,1,0,0.0,0.5
1602.7333,  1.00000000,1,0,0.0,0.5
1602.7667,  1.00000000,1,0,0.0,0.5
1602.8000,  1.00000000,1,0,0.0,0.5
1602.8333,  1.00000000,1,0,0.0,0.5
1602.8667,  1.00000000,1,0,0.025000000000000001,0.5
1602.9000,  1.00000000,1,0,0.0,0.5
1602.9333,  1.00000000,1,0,0.0,0.5
1602.9667,  1.00000000,1,0,0.025000000000000001,0.5
1603.0000,  1.00000000,1,0,0.0,0.5
1603.0333,  1.00000000,1,0,0.0,0.5
1603.0667,  1.00000000,1,0,0.0,0.5
1603.1000,  1.00000000,1,0,0.0,0.5
1603.1333,  1.00000000,1,0,0.0,0.5
1603.1667,  1.00000000,1,0,0.0,0.5
1603.2000,  1.00000000,1,0,0.0,0.5
1603.2333,  1.00000000,1,0,0.0,0.5
1603.2667,  1.00000000,1,0,0.0,0.5
1603.3000,  1.00000000,1,0,0.0,0.5
1603.3333,  1.00000000,1,0,0.0,0.5
1603.3667,  1.00000000,1,0,0.0,0.5
1603.4000,  1.00000000,1,0,0.0,0.5
1603.4333,  1.00000000,1,0,0.0,0.5
1603.4667,  1.00000000,1,0,0.0,0.5
1603.5000,  1.00000000,1,0,0.025000000000000001,0.5
1603.5333,  1.00000000,1,0,0.0,0.5
1603.5667,  1.00000000,1,0,0.0,0.5
1603.6000,  1.00000000,1,0,0.0,0.5
1603.6333,  1.00000000,1,0,0.0,0.5
1603.6667,  1.00000000,1,0,0.025000000000000001,0.5
1603.7000,  1.00000000,1,0,0.0,0.5
1603.7333,  1.00000000,1,0,0.0,0.5
1603.7667,  1.00000000,1,0,0.0,0.5
1603.8000,  1.00000000,1,0,0.0,0.5
1603.8333,  1.00000000,1,0,0.0,0.5
1603.8667,  1.00000000,1,0,0.0,0.5
1603.9000,  1.00000000,1,0,0.0,0.5
1603.9333,  1.00000000,1,0,0.0,0.5
1603.9667,  1.00000000,1,0,0.0,0.5
1604.0000,  1.00000000,1,0,0.0,0.5
1604.0333,  1.00000000,1,0,0.0,0.5
1604.0667,  1.00000000,1,0,0.025000000000000001,0.5
1604.1000,  1.00000000,1,0,0.025000000000000001,0.5
1604.1333,  1.00000000,1,0,0.050000000000000003,0.5
1604.1667,  1.00000000,1,0,0.025000000000000001,0.5
1604.2000,  1.00000000,1,0,0.0,0.5
1604.2333,  1.00000000,1,0,0.0,0.5
1604.2667,  1.00000000,1,0,0.0,0.5
1604.3000,  1.00000000,1,0,0.0,0.5
1604.3333,  1.00000000,1,0,0.025000000000000001,0.5
1604.3667,  1.00000000,1,0,0.0,0.5
1604.4000,  1.00000000,1,0,0.0,0.5
1604.4333,  1.00000000,1,0,0.0,0.5
1604.4667,  1.00000000,1,0,0.025000000000000001,0.5
1604.5000,  1.00000000,1,0,0.025000000000000001,0.5
1604.5333,  1.00000000,1,0,0.0,0.5
1604.5667,  1.00000000,1,0,0.025000000000000001,0.5
1604.6000,  1.00000000,1,0,0.025000000000000001,0.5
1604.6333,  1.00000000,1,0,0.0,0.5
1604.6667,  1.00000000,1,0,0.0,0.5
1604.7000,  1.00000000,1,0,0.0,0.5
1604.7333,  1.00000000,1,0,0.025000000000000001,0.5
1604.7667,  1.00000000,1,0,0.025000000000000001,0.5
1604.8000,  1.00000000,1,0,0.0,0.5
1604.8333,  1.00000000,1,0,0.0,0.5
1604.8667,  1.00000000,1,0,0.0,0.5
1604.9000,  1.00000000,1,0,0.0,0.5
1604.9333,  1.00000000,1,0,0.0,0.5
1604.9667,  1.00000000,1,0,0.0,0.5
1605.0000,  1.00000000,1,0,0.025000000000000001,0.5
1605.0333,  1.00000000,1,0,0.0,0.5
1605.0667,  1.00000000,1,0,0.025000000000000001,0.5
1605.1000,  1.00000000,1,0,0.0,0.5
1605.1333,  1.00000000,1,0,0.0,0.5
1605.1667,  1.00000000,1,0,0.0,0.5
1605.2000,  1.00000000,1,0,0.0,0.5
1605.2333,  1.00000000,1,0,0.0,0.5
1605.2667,  1.00000000,1,0,0.025000000000000001,0.5
1605.3000,  1.00000000,1,0,0.0,0.5
1605.3333,  1.00000000,1,0,0.0,0.5
1605.3667,  1.00000000,1,0,0.0,0.5
1605.4000,  1.00000000,1,0,0.0,0.5
1605.4333,  1.00000000,1,0,0.0,0.5
1605.4667,  1.00000000,1,0,0.0,0.5
1605.5000,  1.00000000,1,0,0.025000000000000001,0.5
1605.5333,  1.00000000,1,0,0.025000000000000001,0.5
1605.5667,  1.00000000,1,0,0.0,0.5
1605.6000,  1.00000000,1,0,0.0,0.5
1605.6333,  1.00000000,1,0,0.0,0.5
1605.6667,  1.00000000,1,0,0.0,0.5
1605.7000,  1.00000000,1,0,0.0,0.5
1605.7333,  1.00000000,1,0,0.0,0.5
1605.7667,  1.00000000,1,0,0.0,0.5
1605.8000,  1.00000000,1,0,0.025000000000000001,0.5
1605.8333,  1.00000000,1,0,0.0,0.5
1605.8667,  1.00000000,1,0,0.0,0.5
1605.9000,  1.00000000,1,0,0.0,0.5
1605.9333,  1.00000000,1,0,0.0,0.5
1605.9667,  1.00000000,1,0,0.0,0.5
1606.0000,  1.00000000,1,0,0.0,0.5
1606.0333,  1.00000000,1,0,0.0,0.5
1606.0667,  1.00000000,1,0,0.0,0.5
1606.1000,  1.00000000,1,0,0.0,0.5
1606.1333,  1.00000000,1,0,0.0,0.5
1606.1667,  1.00000000,1,0,0.0,0.5
1606.2000,  1.00000000,1,0,0.0,0.5
1606.2333,  1.00000000,1,0,0.025000000000000001,0.5
1606.2667,  1.00000000,1,0,0.0,0.5
1606.3000,  1.00000000,1,0,0.0,0.5
1606.3333,  1.00000000,1,0,0.0,0.5
1606.3667,  1.00000000,1,0,0.025000000000000001,0.5
1606.4000,  1.00000000,1,0,0.050000000000000003,0.5
1606.4333,  1.00000000,1,0,0.025000000000000001,0.5
1606.4667,  1.00000000,1,0,0.0,0.5
1606.5000,  1.00000000,1,0,0.0,0.5
1606.5333,  1.00000000,1,0,0.0,0.5
1606.5667,  1.00000000,1,0,0.0,0.5
1606.6000,  1.00000000,1,0,0.0,0.5
1606.6333,  1.00000000,1,0,0.0,0.5
1606.6667,  1.00000000,1,0,0.0,0.5
1606.7000,  1.00000000,1,0,0.0,0.5
1606.7333,  1.00000000,1,0,0.0,0.5
1606.7667,  1.00000000,1,0,0.0,0.5
1606.8000,  1.00000000,1,0,0.0,0.5
1606.8333,  1.00000000,1,0,0.025000000000000001,0.5
1606.8667,  1.00000000,1,0,0.0,0.5
1606.9000,  1.00000000,1,0,0.0,0.5
1606.9333,  1.00000000,1,0,0.0,0.5
1606.9667,  1.00000000,1,0,0.0,0.5
1607.0000,  1.00000000,1,0,0.0,0.5
1607.0333,  1.00000000,1,0,0.0,0.5
1607.0667,  1.00000000,1,0,0.0,0.5
1607.1000,  1.00000000,1,0,0.0,0.5
1607.1333,  1.00000000,1,0,0.0,0.5
1607.1667,  1.00000000,1,0,0.0,0.5
1607.2000,  1.00000000,1,0,0.0,0.5
1607.2333,  1.00000000,1,0,0.0,0.5
1607.2667,  1.00000000,1,0,0.0,0.5
1607.3000,  1.00000000,1,0,0.0,0.5
1607.3333,  1.00000000,1,0,0.0,0.5
1607.3667,  1.00000000,1,0,0.0,0.5
1607.4000,  1.00000000,1,0,0.0,0.5
1607.4333,  1.00000000,1,0,0.0,0.5
1607.4667,  1.00000000,1,0,0.025000000000000001,0.5
1607.5000,  1.00000000,1,0,0.0,0.5
1607.5333,  1.00000000,1,0,0.0,0.5
1607.5667,  1.00000000,1,0,0.0,0.5
1607.6000,  1.00000000,1,0,0.0,0.5
1607.6333,  1.00000000,1,0,0.0,0.5
1607.6667,  1.00000000,1,0,0.025000000000000001,0.5
1607.7000,  1.00000000,1,0,0.0,0.5
1607.7333,  1.00000000,1,0,0.0,0.5
1607.7667,  1.00000000,1,0,0.025000000000000001,0.5
1607.8000,  1.00000000,1,0,0.0,0.5
1607.8333,  1.00000000,1,0,0.0,0.5
1607.8667,  1.00000000,1,0,0.0,0.5
1607.9000,  1.00000000,1,0,0.0,0.5
1607.9333,  1.00000000,1,0,0.0,0.5
1607.9667,  1.00000000,1,0,0.0,0.5
1608.0000,  1.00000000,1,0,0.0,0.5
1608.0333,  1.00000000,1,0,0.050000000000000003,0.5
1608.0667,  1.00000000,1,0,0.025000000000000001,0.5
1608.1000,  1.00000000,1,0,0.0,0.5
1608.1333,  1.00000000,1,0,0.0,0.5
1608.1667,  1.00000000,1,0,0.0,0.5
1608.2000,  1.00000000,1,0,0.0,0.5
1608.2333,  1.00000000,1,0,0.0,0.5
1608.2667,  1.00000000,1,0,0.0,0.5
1608.3000,  1.00000000,1,0,0.0,0.5
1608.3333,  1.00000000,1,0,0.0,0.5
1608.3667,  1.00000000,1,0,0.0,0.5
1608.4000,  1.00000000,1,0,0.0,0.5
1608.4333,  1.00000000,1,0,0.025000000000000001,0.5
1608.4667,  1.00000000,1,0,0.0,0.5
1608.5000,  1.00000000,1,0,0.025000000000000001,0.5
1608.5333,  1.00000000,1,0,0.050000000000000003,0.5
1608.5667,  1.00000000,1,0,0.0,0.5
1608.6000,  1.00000000,1,0,0.0,0.5
1608.6333,  1.00000000,1,0,0.0,0.5
1608.6667,  1.00000000,1,0,0.0,0.5
1608.7000,  1.00000000,1,0,0.0,0.5
1608.7333,  1.00000000,1,0,0.0,0.5
1608.7667,  1.00000000,1,0,0.0,0.5
1608.8000,  1.00000000,1,0,0.0,0.5
1608.8333,  1.00000000,1,0,0.0,0.5
1608.8667,  1.00000000,1,0,0.0,0.5
1608.9000,  1.00000000,1,0,0.0,0.5
1608.9333,  1.00000000,1,0,0.0,0.5
1608.9667,  1.00000000,1,0,0.0,0.5
1609.0000,  1.00000000,1,0,0.0,0.5
1609.0333,  1.00000000,1,0,0.0,0.5
1609.0667,  1.00000000,1,0,0.025000000000000001,0.5
1609.1000,  1.00000000,1,0,0.025000000000000001,0.5
1609.1333,  1.00000000,1,0,0.025000000000000001,0.5
1609.1667,  1.00000000,1,0,0.0,0.5
1609.2000,  1.00000000,1,0,0.025000000000000001,0.5
1609.2333,  1.00000000,1,0,0.0,0.5
1609.2667,  1.00000000,1,0,0.025000000000000001,0.5
1609.3000,  1.00000000,1,0,0.0,0.5
1609.3333,  1.00000000,1,0,0.025000000000000001,0.5
1609.3667,  1.00000000,1,0,0.0,0.5
1609.4000,  1.00000000,1,0,0.0,0.5
1609.4333,  1.00000000,1,0,0.025000000000000001,0.5
1609.4667,  1.00000000,1,0,0.0,0.5
1609.5000,  1.00000000,1,0,0.0,0.5
1609.5333,  1.00000000,1,0,0.0,0.5
1609.5667,  1.00000000,1,0,0.025000000000000001,0.5
1609.6000,  1.00000000,1,0,0.0,0.5
1609.6333,  1.00000000,1,0,0.0,0.5
1609.6667,  1.00000000,1,0,0.0,0.5
1609.7000,  1.00000000,1,0,0.0,0.5
1609.7333,  1.00000000,1,0,0.0,0.5
1609.7667,  1.00000000,1,0,0.0,0.5
1609.8000,  1.00000000,1,0,0.0,0.5
1609.8333,  1.00000000,1,0,0.0,0.5
1609.8667,  1.00000000,1,0,0.0,0.5
1609.9000,  1.00000000,1,0,0.0,0.5
1609.9333,  1.00000000,1,0,0.0,0.5
1609.9667,  1.00000000,1,0,0.0,0.5
1610.0000,  1.00000000,1,0,0.0,0.5
1610.0333,  1.00000000,1,0,0.0,0.5
1610.0667,  1.00000000,1,0,0.0,0.5
1610.1000,  1.00000000,1,0,0.0,0.5
1610.1333,  1.00000000,1,0,0.0,0.5
1610.1667,  1.00000000,1,0,0.0,0.5
1610.2000,  1.00000000,1,0,0.0,0.5
1610.2333,  1.00000000,1,0,0.0,0.5
1610.2667,  1.00000000,1,0,0.0,0.5
1610.3000,  1.00000000,1,0,0.0,0.5
1610.3333,  1.00000000,1,0,0.025000000000000001,0.5
1610.3667,  1.00000000,1,0,0.0,0.5
1610.4000,  1.00000000,1,0,0.0,0.5
1610.4333,  1.00000000,1,0,0.0,0.5
1610.4667,  1.00000000,1,0,0.0,0.5
1610.5000,  1.00000000,1,0,0.025000000000000001,0.5
1610.5333,  1.00000000,1,0,0.0,0.5
1610.5667,  1.00000000,1,0,0.0,0.5
1610.6000,  1.00000000,1,0,0.025000000000000001,0.5
1610.6333,  1.00000000,1,0,0.0,0.5
1610.6667,  1.00000000,1,0,0.050000000000000003,0.5
1610.7000,  1.00000000,1,0,0.0,0.5
1610.7333,  1.00000000,1,0,0.025000000000000001,0.5
1610.7667,  1.00000000,1,0,0.025000000000000001,0.5
1610.8000,  1.00000000,1,0,0.0,0.5
1610.8333,  1.00000000,1,0,0.025000000000000001,0.5
1610.8667,  1.00000000,1,0,0.0,0.5
1610.9000,  1.00000000,1,0,0.050000000000000003,0.5
1610.9333,  1.00000000,1,0,0.0,0.5
1610.9667,  1.00000000,1,0,0.0,0.5
1611.0000,  1.00000000,1,0,0.025000000000000001,0.5
1611.0333,  1.00000000,1,0,0.0,0.5
1611.0667,  1.00000000,1,0,0.025000000000000001,0.5
1611.1000,  1.00000000,1,0,0.050000000000000003,0.5
1611.1333,  1.00000000,1,0,0.0,0.5
1611.1667,  1.00000000,1,0,0.0,0.5
1611.2000,  1.00000000,1,0,0.0,0.5
1611.2333,  1.00000000,1,0,0.025000000000000001,0.5
1611.2667,  1.00000000,1,0,0.0,0.5
1611.3000,  1.00000000,1,0,0.0,0.5
1611.3333,  1.00000000,1,0,0.0,0.5
1611.3667,  1.00000000,1,0,0.0,0.5
1611.4000,  1.00000000,1,0,0.0,0.5
1611.4333,  1.00000000,1,0,0.0,0.5
1611.4667,  1.00000000,1,0,0.025000000000000001,0.5
1611.5000,  1.00000000,1,0,0.0,0.5
1611.5333,  1.00000000,1,0,0.0,0.5
1611.5667,  1.00000000,1,0,0.0,0.5
1611.6000,  1.00000000,1,0,0.0,0.5
1611.6333,  1.00000000,1,0,0.0,0.5
1611.6667,  1.00000000,1,0,0.0,0.5
1611.7000,  1.00000000,1,0,0.0,0.5
1611.7333,  1.00000000,1,0,0.025000000000000001,0.5
1611.7667,  1.00000000,1,0,0.0,0.5
1611.8000,  1.00000000,1,0,0.0,0.5
1611.8333,  1.00000000,1,0,0.0,0.5
1611.8667,  1.00000000,1,0,0.025000000000000001,0.5
1611.9000,  1.00000000,1,0,0.0,0.5
1611.9333,  1.00000000,1,0,0.0,0.5
1611.9667,  1.00000000,1,0,0.0,0.5
1612.0000,  1.00000000,1,0,0.0,0.5
1612.0333,  1.00000000,1,0,0.0,0.5
1612.0667,  1.00000000,1,0,0.0,0.5
1612.1000,  1.00000000,1,0,0.0,0.5
1612.1333,  1.00000000,1,0,0.0,0.5
1612.1667,  1.00000000,1,0,0.0,0.5
1612.2000,  1.00000000,1,0,0.0,0.5
1612.2333,  1.00000000,1,0,0.0,0.5
1612.2667,  1.00000000,1,0,0.0,0.5
1612.3000,  1.00000000,1,0,0.0,0.5
1612.3333,  1.00000000,1,0,0.025000000000000001,0.5
1612.3667,  1.00000000,1,0,0.0,0.5
1612.4000,  1.00000000,1,0,0.025000000000000001,0.5
1612.4333,  1.00000000,1,0,0.0,0.5
1612.4667,  1.00000000,1,0,0.025000000000000001,0.5
1612.5000,  1.00000000,1,0,0.0,0.5
1612.5333,  1.00000000,1,0,0.025000000000000001,0.5
1612.5667,  1.00000000,1,0,0.0,0.5
1612.6000,  1.00000000,1,0,0.0,0.5
1612.6333,  1.00000000,1,0,0.0,0.5
1612.6667,  1.00000000,1,0,0.0,0.5
1612.7000,  1.00000000,1,0,0.0,0.5
1612.7333,  1.00000000,1,0,0.0,0.5
1612.7667,  1.00000000,1,0,0.025000000000000001,0.5
1612.8000,  1.00000000,1,0,0.0,0.5
1612.8333,  1.00000000,1,0,0.0,0.5
1612.8667,  1.00000000,1,0,0.0,0.5
1612.9000,  1.00000000,1,0,0.0,0.5
1612.9333,  1.00000000,1,0,0.025000000000000001,0.5
1612.9667,  1.00000000,1,0,0.0,0.5
1613.0000,  1.00000000,1,0,0.0,0.5
1613.0333,  1.00000000,1,0,0.0,0.5
1613.0667,  1.00000000,1,0,0.0,0.5
1613.1000,  1.00000000,1,0,0.0,0.5
1613.1333,  1.00000000,1,0,0.0,0.5
1613.1667,  1.00000000,1,0,0.025000000000000001,0.5
1613.2000,  1.00000000,1,0,0.0,0.5
1613.2333,  1.00000000,1,0,0.0,0.5
1613.2667,  1.00000000,1,0,0.025000000000000001,0.5
1613.3000,  1.00000000,1,0,0.0,0.5
1613.3333,  1.00000000,1,0,0.0,0.5
1613.3667,  1.00000000,1,0,0.0,0.5
1613.4000,  1.00000000,1,0,0.0,0.5
1613.4333,  1.00000000,1,0,0.0,0.5
1613.4667,  1.00000000,1,0,0.050000000000000003,0.5
1613.5000,  1.00000000,1,0,0.025000000000000001,0.5
1613.5333,  1.00000000,1,0,0.0,0.5
1613.5667,  1.00000000,1,0,0.025000000000000001,0.5
1613.6000,  1.00000000,1,0,0.0,0.5
1613.6333,  1.00000000,1,0,0.0,0.5
1613.6667,  1.00000000,1,0,0.0,0.5
1613.7000,  1.00000000,1,0,0.0,0.5
1613.7333,  1.00000000,1,0,0.0,0.5
1613.7667,  1.00000000,1,0,0.050000000000000003,0.5
1613.8000,  1.00000000,1,0,0.0,0.5
1613.8333,  1.00000000,1,0,0.0,0.5
1613.8667,  1.00000000,1,0,0.025000000000000001,0.5
1613.9000,  1.00000000,1,0,0.0,0.5
1613.9333,  1.00000000,1,0,0.0,0.5
1613.9667,  1.00000000,1,0,0.0,0.5
1614.0000,  1.00000000,1,0,0.0,0.5
1614.0333,  1.00000000,1,0,0.0,0.5
1614.0667,  1.00000000,1,0,0.025000000000000001,0.5
1614.1000,  1.00000000,1,0,0.050000000000000003,0.5
1614.1333,  1.00000000,1,0,0.025000000000000001,0.5
1614.1667,  1.00000000,1,0,0.0,0.5
1614.2000,  1.00000000,1,0,0.0,0.5
1614.2333,  1.00000000,1,0,0.0,0.5
1614.2667,  1.00000000,1,0,0.0,0.5
1614.3000,  1.00000000,1,0,0.0,0.5
1614.3333,  1.00000000,1,0,0.0,0.5
1614.3667,  1.00000000,1,0,0.0,0.5
1614.4000,  1.00000000,1,0,0.0,0.5
1614.4333,  1.00000000,1,0,0.0,0.5
1614.4667,  1.00000000,1,0,0.025000000000000001,0.5
1614.5000,  1.00000000,1,0,0.0,0.5
1614.5333,  1.00000000,1,0,0.0,0.5
1614.5667,  1.00000000,1,0,0.0,0.5
1614.6000,  1.00000000,1,0,0.025000000000000001,0.5
1614.6333,  1.00000000,1,0,0.0,0.5
1614.6667,  1.00000000,1,0,0.0,0.5
1614.7000,  1.00000000,1,0,0.0,0.5
1614.7333,  1.00000000,1,0,0.0,0.5
1614.7667,  1.00000000,1,0,0.0,0.5
1614.8000,  1.00000000,1,0,0.0,0.5
1614.8333,  1.00000000,1,0,0.0,0.5
1614.8667,  1.00000000,1,0,0.0,0.5
1614.9000,  1.00000000,1,0,0.0,0.5
1614.9333,  1.00000000,1,0,0.0,0.5
1614.9667,  1.00000000,1,0,0.0,0.5
1615.0000,  1.00000000,1,0,0.0,0.5
1615.0333,  1.00000000,1,0,0.0,0.5
1615.0667,  1.00000000,1,0,0.0,0.5
1615.1000,  1.00000000,1,0,0.0,0.5
1615.1333,  1.00000000,1,0,0.0,0.5
1615.1667,  1.00000000,1,0,0.0,0.5
1615.2000,  1.00000000,1,0,0.0,0.5
1615.2333,  1.00000000,1,0,0.025000000000000001,0.5
1615.2667,  1.00000000,1,0,0.0,0.5
1615.3000,  1.00000000,1,0,0.0,0.5
1615.3333,  1.00000000,1,0,0.0,0.5
1615.3667,  1.00000000,1,0,0.0,0.5
1615.4000,  1.00000000,1,0,0.0,0.5
1615.4333,  1.00000000,1,0,0.0,0.5
1615.4667,  1.00000000,1,0,0.025000000000000001,0.5
1615.5000,  1.00000000,1,0,0.0,0.5
1615.5333,  1.00000000,1,0,0.0,0.5
1615.5667,  1.00000000,1,0,0.025000000000000001,0.5
1615.6000,  1.00000000,1,0,0.0,0.5
1615.6333,  1.00000000,1,0,0.0,0.5
1615.6667,  1.00000000,1,0,0.0,0.5
1615.7000,  1.00000000,1,0,0.0,0.5
1615.7333,  1.00000000,1,0,0.050000000000000003,0.5
1615.7667,  1.00000000,1,0,0.0,0.5
1615.8000,  1.00000000,1,0,0.0,0.5
1615.8333,  1.00000000,1,0,0.0,0.5
1615.8667,  1.00000000,1,0,0.0,0.5
1615.9000,  1.00000000,1,0,0.0,0.5
1615.9333,  1.00000000,1,0,0.0,0.5
1615.9667,  1.00000000,1,0,0.0,0.5
1616.0000,  1.00000000,1,0,0.0,0.5
1616.0333,  1.00000000,1,0,0.0,0.5
1616.0667,  1.00000000,1,0,0.025000000000000001,0.5
1616.1000,  1.00000000,1,0,0.0,0.5
1616.1333,  1.00000000,1,0,0.0,0.5
1616.1667,  1.00000000,1,0,0.0,0.5
1616.2000,  1.00000000,1,0,0.0,0.5
1616.2333,  1.00000000,1,0,0.025000000000000001,0.5
1616.2667,  1.00000000,1,0,0.0,0.5
1616.3000,  1.00000000,1,0,0.025000000000000001,0.5
1616.3333,  1.00000000,1,0,0.0,0.5
1616.3667,  1.00000000,1,0,0.0,0.5
1616.4000,  1.00000000,1,0,0.0,0.5
1616.4333,  1.00000000,1,0,0.025000000000000001,0.5
1616.4667,  1.00000000,1,0,0.0,0.5
1616.5000,  1.00000000,1,0,0.025000000000000001,0.5
1616.5333,  1.00000000,1,0,0.0,0.5
1616.5667,  1.00000000,1,0,0.0,0.5
1616.6000,  1.00000000,1,0,0.0,0.5
1616.6333,  1.00000000,1,0,0.0,0.5
1616.6667,  1.00000000,1,0,0.0,0.5
1616.7000,  1.00000000,1,0,0.0,0.5
1616.7333,  1.00000000,1,0,0.025000000000000001,0.5
1616.7667,  1.00000000,1,0,0.0,0.5
1616.8000,  1.00000000,1,0,0.025000000000000001,0.5
1616.8333,  1.00000000,1,0,0.0,0.5
1616.8667,  1.00000000,1,0,0.0,0.5
1616.9000,  1.00000000,1,0,0.0,0.5
1616.9333,  1.00000000,1,0,0.0,0.5
1616.9667,  1.00000000,1,0,0.025000000000000001,0.5
1617.0000,  1.00000000,1,0,0.050000000000000003,0.5
1617.0333,  1.00000000,1,0,0.0,0.5
1617.0667,  1.00000000,1,0,0.0,0.5
1617.1000,  1.00000000,1,0,0.0,0.5
1617.1333,  1.00000000,1,0,0.0,0.5
1617.1667,  1.00000000,1,0,0.0,0.5
1617.2000,  1.00000000,1,0,0.0,0.5
1617.2333,  1.00000000,1,0,0.025000000000000001,0.5
1617.2667,  1.00000000,1,0,0.025000000000000001,0.5
1617.3000,  1.00000000,1,0,0.0,0.5
1617.3333,  1.00000000,1,0,0.0,0.5
1617.3667,  1.00000000,1,0,0.0,0.5
1617.4000,  1.00000000,1,0,0.0,0.5
1617.4333,  1.00000000,1,0,0.0,0.5
1617.4667,  1.00000000,1,0,0.0,0.5
1617.5000,  1.00000000,1,0,0.050000000000000003,0.5
1617.5333,  1.00000000,1,0,0.0,0.5
1617.5667,  1.00000000,1,0,0.025000000000000001,0.5
1617.6000,  1.00000000,1,0,0.0,0.5
1617.6333,  1.00000000,1,0,0.0,0.5
1617.6667,  1.00000000,1,0,0.0,0.5
1617.7000,  1.00000000,1,0,0.0,0.5
1617.7333,  1.00000000,1,0,0.0,0.5
1617.7667,  1.00000000,1,0,0.0,0.5
1617.8000,  1.00000000,1,0,0.0,0.5
1617.8333,  1.00000000,1,0,0.0,0.5
1617.8667,  1.00000000,1,0,0.0,0.5
1617.9000,  1.00000000,1,0,0.0,0.5
1617.9333,  1.00000000,1,0,0.0,0.5
1617.9667,  1.00000000,1,0,0.0,0.5
1618.0000,  1.00000000,1,0,0.0,0.5
1618.0333,  1.00000000,1,0,0.0,0.5
1618.0667,  1.00000000,1,0,0.0,0.5
1618.1000,  1.00000000,1,0,0.0,0.5
1618.1333,  1.00000000,1,0,0.025000000000000001,0.5
1618.1667,  1.00000000,1,0,0.0,0.5
1618.2000,  1.00000000,1,0,0.0,0.5
1618.2333,  1.00000000,1,0,0.0,0.5
1618.2667,  1.00000000,1,0,0.0,0.5
1618.3000,  1.00000000,1,0,0.0,0.5
1618.3333,  1.00000000,1,0,0.0,0.5
1618.3667,  1.00000000,1,0,0.0,0.5
1618.4000,  1.00000000,1,0,0.0,0.5
1618.4333,  1.00000000,1,0,0.0,0.5
1618.4667,  1.00000000,1,0,0.025000000000000001,0.5
1618.5000,  1.00000000,1,0,0.0,0.5
1618.5333,  1.00000000,1,0,0.0,0.5
1618.5667,  1.00000000,1,0,0.0,0.5
1618.6000,  1.00000000,1,0,0.0,0.5
1618.6333,  1.00000000,1,0,0.0,0.5
1618.6667,  1.00000000,1,0,0.0,0.5
1618.7000,  1.00000000,1,0,0.0,0.5
1618.7333,  1.00000000,1,0,0.0,0.5
1618.7667,  1.00000000,1,0,0.0,0.5
1618.8000,  1.00000000,1,0,0.0,0.5
1618.8333,  1.00000000,1,0,0.025000000000000001,0.5
1618.8667,  1.00000000,1,0,0.0,0.5
1618.9000,  1.00000000,1,0,0.025000000000000001,0.5
1618.9333,  1.00000000,1,0,0.0,0.5
1618.9667,  1.00000000,1,0,0.025000000000000001,0.5
1619.0000,  1.00000000,1,0,0.025000000000000001,0.5
1619.0333,  1.00000000,1,0,0.0,0.5
1619.0667,  1.00000000,1,0,0.0,0.5
1619.1000,  1.00000000,1,0,0.0,0.5
1619.1333,  1.00000000,1,0,0.0,0.5
1619.1667,  1.00000000,1,0,0.0,0.5
1619.2000,  1.00000000,1,0,0.0,0.5
1619.2333,  1.00000000,1,0,0.0,0.5
1619.2667,  1.00000000,1,0,0.0,0.5
1619.3000,  1.00000000,1,0,0.0,0.5
1619.3333,  1.00000000,1,0,0.0,0.5
1619.3667,  1.00000000,1,0,0.0,0.5
1619.4000,  1.00000000,1,0,0.0,0.5
1619.4333,  1.00000000,1,0,0.0,0.5
1619.4667,  1.00000000,1,0,0.0,0.5
1619.5000,  1.00000000,1,0,0.0,0.5
1619.5333,  1.00000000,1,0,0.0,0.5
1619.5667,  1.00000000,1,0,0.0,0.5
1619.6000,  1.00000000,1,0,0.0,0.5
1619.6333,  1.00000000,1,0,0.0,0.5
1619.6667,  1.00000000,1,0,0.0,0.5
1619.7000,  1.00000000,1,0,0.0,0.5
1619.7333,  1.00000000,1,0,0.0,0.5
1619.7667,  1.00000000,1,0,0.0,0.5
1619.8000,  1.00000000,1,0,0.025000000000000001,0.5
1619.8333,  1.00000000,1,0,0.0,0.5
1619.8667,  1.00000000,1,0,0.0,0.5
1619.9000,  1.00000000,1,0,0.0,0.5
1619.9333,  1.00000000,1,0,0.0,0.5
1619.9667,  1.00000000,1,0,0.0,0.5
1620.0000,  1.00000000,1,0,0.0,0.5
1620.0333,  1.00000000,1,0,0.0,0.5
1620.0667,  1.00000000,1,0,0.025000000000000001,0.5
1620.1000,  1.00000000,1,0,0.0,0.5
1620.1333,  1.00000000,1,0,0.0,0.5
1620.1667,  1.00000000,1,0,0.0,0.5
1620.2000,  1.00000000,1,0,0.0,0.5
1620.2333,  1.00000000,1,0,0.0,0.5
1620.2667,  1.00000000,1,0,0.025000000000000001,0.5
1620.3000,  1.00000000,1,0,0.0,0.5
1620.3333,  1.00000000,1,0,0.0,0.5
1620.3667,  1.00000000,1,0,0.0,0.5
1620.4000,  1.00000000,1,0,0.0,0.5
1620.4333,  1.00000000,1,0,0.0,0.5
1620.4667,  1.00000000,1,0,0.0,0.5
1620.5000,  1.00000000,1,0,0.0,0.5
1620.5333,  1.00000000,1,0,0.0,0.5
1620.5667,  1.00000000,1,0,0.0,0.5
1620.6000,  1.00000000,1,0,0.0,0.5
1620.6333,  1.00000000,1,0,0.0,0.5
1620.6667,  1.00000000,1,0,0.0,0.5
1620.7000,  1.00000000,1,0,0.0,0.5
1620.7333,  1.00000000,1,0,0.0,0.5
1620.7667,  1.00000000,1,0,0.0,0.5
1620.8000,  1.00000000,1,0,0.0,0.5
1620.8333,  1.00000000,1,0,0.0,0.5
1620.8667,  1.00000000,1,0,0.0,0.5
1620.9000,  1.00000000,1,0,0.025000000000000001,0.5
1620.9333,  1.00000000,1,0,0.0,0.5
1620.9667,  1.00000000,1,0,0.0,0.5
1621.0000,  1.00000000,1,0,0.025000000000000001,0.5
1621.0333,  1.00000000,1,0,0.0,0.5
1621.0667,  1.00000000,1,0,0.025000000000000001,0.5
1621.1000,  1.00000000,1,0,0.0,0.5
1621.1333,  1.00000000,1,0,0.025000000000000001,0.5
1621.1667,  1.00000000,1,0,0.025000000000000001,0.5
1621.2000,  1.00000000,1,0,0.025000000000000001,0.5
1621.2333,  1.00000000,1,0,0.050000000000000003,0.5
1621.2667,  1.00000000,1,0,0.025000000000000001,0.5
1621.3000,  1.00000000,1,0,0.0,0.5
1621.3333,  1.00000000,1,0,0.025000000000000001,0.5
1621.3667,  1.00000000,1,0,0.0,0.5
1621.4000,  1.00000000,1,0,0.0,0.5
1621.4333,  1.00000000,1,0,0.0,0.5
1621.4667,  1.00000000,1,0,0.0,0.5
1621.5000,  1.00000000,1,0,0.025000000000000001,0.5
1621.5333,  1.00000000,1,0,0.025000000000000001,0.5
1621.5667,  1.00000000,1,0,0.0,0.5
1621.6000,  1.00000000,1,0,0.0,0.5
1621.6333,  1.00000000,1,0,0.0,0.5
1621.6667,  1.00000000,1,0,0.0,0.5
1621.7000,  1.00000000,1,0,0.0,0.5
1621.7333,  1.00000000,1,0,0.0,0.5
1621.7667,  1.00000000,1,0,0.025000000000000001,0.5
1621.8000,  1.00000000,1,0,0.0,0.5
1621.8333,  1.00000000,1,0,0.0,0.5
1621.8667,  1.00000000,1,0,0.0,0.5
1621.9000,  1.00000000,1,0,0.025000000000000001,0.5
1621.9333,  1.00000000,1,0,0.0,0.5
1621.9667,  1.00000000,1,0,0.025000000000000001,0.5
1622.0000,  1.00000000,1,0,0.0,0.5
1622.0333,  1.00000000,1,0,0.025000000000000001,0.5
1622.0667,  1.00000000,1,0,0.0,0.5
1622.1000,  1.00000000,1,0,0.0,0.5
1622.1333,  1.00000000,1,0,0.0,0.5
1622.1667,  1.00000000,1,0,0.0,0.5
1622.2000,  1.00000000,1,0,0.0,0.5
1622.2333,  1.00000000,1,0,0.0,0.5
1622.2667,  1.00000000,1,0,0.0,0.5
1622.3000,  1.00000000,1,0,0.0,0.5
1622.3333,  1.00000000,1,0,0.0,0.5
1622.3667,  1.00000000,1,0,0.0,0.5
1622.4000,  1.00000000,1,0,0.025000000000000001,0.5
1622.4333,  1.00000000,1,0,0.0,0.5
1622.4667,  1.00000000,1,0,0.0,0.5
1622.5000,  1.00000000,1,0,0.025000000000000001,0.5
1622.5333,  1.00000000,1,0,0.0,0.5
1622.5667,  1.00000000,1,0,0.0,0.5
1622.6000,  1.00000000,1,0,0.0,0.5
1622.6333,  1.00000000,1,0,0.0,0.5
1622.6667,  1.00000000,1,0,0.0,0.5
1622.7000,  1.00000000,1,0,0.0,0.5
1622.7333,  1.00000000,1,0,0.0,0.5
1622.7667,  1.00000000,1,0,0.0,0.5
1622.8000,  1.00000000,1,0,0.025000000000000001,0.5
1622.8333,  1.00000000,1,0,0.0,0.5
1622.8667,  1.00000000,1,0,0.0,0.5
1622.9000,  1.00000000,1,0,0.0,0.5
1622.9333,  1.00000000,1,0,0.0,0.5
1622.9667,  1.00000000,1,0,0.0,0.5
1623.0000,  1.00000000,1,0,0.025000000000000001,0.5
1623.0333,  1.00000000,1,0,0.0,0.5
1623.0667,  1.00000000,1,0,0.0,0.5
1623.1000,  1.00000000,1,0,0.0,0.5
1623.1333,  1.00000000,1,0,0.0,0.5
1623.1667,  1.00000000,1,0,0.0,0.5
1623.2000,  1.00000000,1,0,0.025000000000000001,0.5
1623.2333,  1.00000000,1,0,0.0,0.5
1623.2667,  1.00000000,1,0,0.0,0.5
1623.3000,  1.00000000,1,0,0.025000000000000001,0.5
1623.3333,  1.00000000,1,0,0.0,0.5
1623.3667,  1.00000000,1,0,0.0,0.5
1623.4000,  1.00000000,1,0,0.0,0.5
1623.4333,  1.00000000,1,0,0.0,0.5
1623.4667,  1.00000000,1,0,0.0,0.5
1623.5000,  1.00000000,1,0,0.0,0.5
1623.5333,  1.00000000,1,0,0.0,0.5
1623.5667,  1.00000000,1,0,0.025000000000000001,0.5
1623.6000,  1.00000000,1,0,0.0,0.5
1623.6333,  1.00000000,1,0,0.0,0.5
1623.6667,  1.00000000,1,0,0.025000000000000001,0.5
1623.7000,  1.00000000,1,0,0.0,0.5
1623.7333,  1.00000000,1,0,0.0,0.5
1623.7667,  1.00000000,1,0,0.0,0.5
1623.8000,  1.00000000,1,0,0.0,0.5
1623.8333,  1.00000000,1,0,0.0,0.5
1623.8667,  1.00000000,1,0,0.0,0.5
1623.9000,  1.00000000,1,0,0.0,0.5
1623.9333,  1.00000000,1,0,0.025000000000000001,0.5
1623.9667,  1.00000000,1,0,0.0,0.5
1624.0000,  1.00000000,1,0,0.0,0.5
1624.0333,  1.00000000,1,0,0.0,0.5
1624.0667,  1.00000000,1,0,0.0,0.5
1624.1000,  1.00000000,1,0,0.0,0.5
1624.1333,  1.00000000,1,0,0.0,0.5
1624.1667,  1.00000000,1,0,0.0,0.5
1624.2000,  1.00000000,1,0,0.0,0.5
1624.2333,  1.00000000,1,0,0.0,0.5
1624.2667,  1.00000000,1,0,0.0,0.5
1624.3000,  1.00000000,1,0,0.0,0.5
1624.3333,  1.00000000,1,0,0.025000000000000001,0.5
1624.3667,  1.00000000,1,0,0.0,0.5
1624.4000,  1.00000000,1,0,0.025000000000000001,0.5
1624.4333,  1.00000000,1,0,0.0,0.5
1624.4667,  1.00000000,1,0,0.0,0.5
1624.5000,  1.00000000,1,0,0.0,0.5
1624.5333,  1.00000000,1,0,0.0,0.5
1624.5667,  1.00000000,1,0,0.0,0.5
1624.6000,  1.00000000,1,0,0.0,0.5
1624.6333,  1.00000000,1,0,0.025000000000000001,0.5
1624.6667,  1.00000000,1,0,0.0,0.5
1624.7000,  1.00000000,1,0,0.0,0.5
1624.7333,  1.00000000,1,0,0.0,0.5
1624.7667,  1.00000000,1,0,0.0,0.5
1624.8000,  1.00000000,1,0,0.0,0.5
1624.8333,  1.00000000,1,0,0.0,0.5
1624.8667,  1.00000000,1,0,0.0,0.5
1624.9000,  1.00000000,1,0,0.0,0.5
1624.9333,  1.00000000,1,0,0.0,0.5
1624.9667,  1.00000000,1,0,0.0,0.5
1625.0000,  1.00000000,1,0,0.0,0.5
1625.0333,  1.00000000,1,0,0.0,0.5
1625.0667,  1.00000000,1,0,0.0,0.5
1625.1000,  1.00000000,1,0,0.0,0.5
1625.1333,  1.00000000,1,0,0.0,0.5
1625.1667,  1.00000000,1,0,0.0,0.5
1625.2000,  1.00000000,1,0,0.0,0.5
1625.2333,  1.00000000,1,0,0.0,0.5
1625.2667,  1.00000000,1,0,0.0,0.5
1625.3000,  1.00000000,1,0,0.0,0.5
1625.3333,  1.00000000,1,0,0.0,0.5
1625.3667,  1.00000000,1,0,0.0,0.5
1625.4000,  1.00000000,1,0,0.0,0.5
1625.4333,  1.00000000,1,0,0.0,0.5
1625.4667,  1.00000000,1,0,0.0,0.5
1625.5000,  1.00000000,1,0,0.0,0.5
1625.5333,  1.00000000,1,0,0.025000000000000001,0.5
1625.5667,  1.00000000,1,0,0.0,0.5
1625.6000,  1.00000000,1,0,0.0,0.5
1625.6333,  1.00000000,1,0,0.0,0.5
1625.6667,  1.00000000,1,0,0.0,0.5
1625.7000,  1.00000000,1,0,0.0,0.5
1625.7333,  1.00000000,1,0,0.025000000000000001,0.5
1625.7667,  1.00000000,1,0,0.0,0.5
1625.8000,  1.00000000,1,0,0.0,0.5
1625.8333,  1.00000000,1,0,0.0,0.5
1625.8667,  1.00000000,1,0,0.0,0.5
1625.9000,  1.00000000,1,0,0.050000000000000003,0.5
1625.9333,  1.00000000,1,0,0.0,0.5
1625.9667,  1.00000000,1,0,0.0,0.5
1626.0000,  1.00000000,1,0,0.0,0.5
1626.0333,  1.00000000,1,0,0.0,0.5
1626.0667,  1.00000000,1,0,0.025000000000000001,0.5
1626.1000,  1.00000000,1,0,0.0,0.5
1626.1333,  1.00000000,1,0,0.0,0.5
1626.1667,  1.00000000,1,0,0.0,0.5
1626.2000,  1.00000000,1,0,0.0,0.5
1626.2333,  1.00000000,1,0,0.0,0.5
1626.2667,  1.00000000,1,0,0.0,0.5
1626.3000,  1.00000000,1,0,0.025000000000000001,0.5
1626.3333,  1.00000000,1,0,0.025000000000000001,0.5
1626.3667,  1.00000000,1,0,0.0,0.5
1626.4000,  1.00000000,1,0,0.0,0.5
1626.4333,  1.00000000,1,0,0.0,0.5
1626.4667,  1.00000000,1,0,0.025000000000000001,0.5
1626.5000,  1.00000000,1,0,0.0,0.5
1626.5333,  1.00000000,1,0,0.0,0.5
1626.5667,  1.00000000,1,0,0.0,0.5
1626.6000,  1.00000000,1,0,0.0,0.5
1626.6333,  1.00000000,1,0,0.025000000000000001,0.5
1626.6667,  1.00000000,1,0,0.0,0.5
1626.7000,  1.00000000,1,0,0.025000000000000001,0.5
1626.7333,  1.00000000,1,0,0.0,0.5
1626.7667,  1.00000000,1,0,0.025000000000000001,0.5
1626.8000,  1.00000000,1,0,0.0,0.5
1626.8333,  1.00000000,1,0,0.0,0.5
1626.8667,  1.00000000,1,0,0.0,0.5
1626.9000,  1.00000000,1,0,0.0,0.5
1626.9333,  1.00000000,1,0,0.0,0.5
1626.9667,  1.00000000,1,0,0.0,0.5
1627.0000,  1.00000000,1,0,0.0,0.5
1627.0333,  1.00000000,1,0,0.0,0.5
1627.0667,  1.00000000,1,0,0.0,0.5
1627.1000,  1.00000000,1,0,0.0,0.5
1627.1333,  1.00000000,1,0,0.0,0.5
1627.1667,  1.00000000,1,0,0.0,0.5
1627.2000,  1.00000000,1,0,0.0,0.5
1627.2333,  1.00000000,1,0,0.0,0.5
1627.2667,  1.00000000,1,0,0.0,0.5
1627.3000,  1.00000000,1,0,0.0,0.5
1627.3333,  1.00000000,1,0,0.0,0.5
1627.3667,  1.00000000,1,0,0.0,0.5
1627.4000,  1.00000000,1,0,0.0,0.5
1627.4333,  1.00000000,1,0,0.0,0.5
1627.4667,  1.00000000,1,0,0.0,0.5
1627.5000,  1.00000000,1,0,0.0,0.5
1627.5333,  1.00000000,1,0,0.0,0.5
1627.5667,  1.00000000,1,0,0.0,0.5
1627.6000,  1.00000000,1,0,0.0,0.5
1627.6333,  1.00000000,1,0,0.0,0.5
1627.6667,  1.00000000,1,0,0.0,0.5
1627.7000,  1.00000000,1,0,0.0,0.5
1627.7333,  1.00000000,1,0,0.0,0.5
1627.7667,  1.00000000,1,0,0.0,0.5
1627.8000,  1.00000000,1,0,0.0,0.5
1627.8333,  1.00000000,1,0,0.0,0.5
1627.8667,  1.00000000,1,0,0.0,0.5
1627.9000,  1.00000000,1,0,0.025000000000000001,0.5
1627.9333,  1.00000000,1,0,0.025000000000000001,0.5
1627.9667,  1.00000000,1,0,0.0,0.5
1628.0000,  1.00000000,1,0,0.0,0.5
1628.0333,  1.00000000,1,0,0.0,0.5
1628.0667,  1.00000000,1,0,0.0,0.5
1628.1000,  1.00000000,1,0,0.0,0.5
1628.1333,  1.00000000,1,0,0.0,0.5
1628.1667,  1.00000000,1,0,0.025000000000000001,0.5
1628.2000,  1.00000000,1,0,0.0,0.5
1628.2333,  1.00000000,1,0,0.0,0.5
1628.2667,  1.00000000,1,0,0.0,0.5
1628.3000,  1.00000000,1,0,0.0,0.5
1628.3333,  1.00000000,1,0,0.025000000000000001,0.5
1628.3667,  1.00000000,1,0,0.025000000000000001,0.5
1628.4000,  1.00000000,1,0,0.0,0.5
1628.4333,  1.00000000,1,0,0.0,0.5
1628.4667,  1.00000000,1,0,0.025000000000000001,0.5
1628.5000,  1.00000000,1,0,0.0,0.5
1628.5333,  1.00000000,1,0,0.025000000000000001,0.5
1628.5667,  1.00000000,1,0,0.0,0.5
1628.6000,  1.00000000,1,0,0.0,0.5
1628.6333,  1.00000000,1,0,0.0,0.5
1628.6667,  1.00000000,1,0,0.0,0.5
1628.7000,  1.00000000,1,0,0.0,0.5
1628.7333,  1.00000000,1,0,0.0,0.5
1628.7667,  1.00000000,1,0,0.025000000000000001,0.5
1628.8000,  1.00000000,1,0,0.0,0.5
1628.8333,  1.00000000,1,0,0.0,0.5
1628.8667,  1.00000000,1,0,0.0,0.5
1628.9000,  1.00000000,1,0,0.025000000000000001,0.5
1628.9333,  1.00000000,1,0,0.050000000000000003,0.5
1628.9667,  1.00000000,1,0,0.025000000000000001,0.5
1629.0000,  1.00000000,1,0,0.0,0.5
1629.0333,  1.00000000,1,0,0.025000000000000001,0.5
1629.0667,  1.00000000,1,0,0.0,0.5
1629.1000,  1.00000000,1,0,0.025000000000000001,0.5
1629.1333,  1.00000000,1,0,0.0,0.5
1629.1667,  1.00000000,1,0,0.0,0.5
1629.2000,  1.00000000,1,0,0.025000000000000001,0.5
1629.2333,  1.00000000,1,0,0.0,0.5
1629.2667,  1.00000000,1,0,0.0,0.5
1629.3000,  1.00000000,1,0,0.0,0.5
1629.3333,  1.00000000,1,0,0.0,0.5
1629.3667,  1.00000000,1,0,0.0,0.5
1629.4000,  1.00000000,1,0,0.0,0.5
1629.4333,  1.00000000,1,0,0.0,0.5
1629.4667,  1.00000000,1,0,0.0,0.5
1629.5000,  1.00000000,1,0,0.0,0.5
1629.5333,  1.00000000,1,0,0.0,0.5
1629.5667,  1.00000000,1,0,0.025000000000000001,0.5
1629.6000,  1.00000000,1,0,0.025000000000000001,0.5
1629.6333,  1.00000000,1,0,0.0,0.5
1629.6667,  1.00000000,1,0,0.0,0.5
1629.7000,  1.00000000,1,0,0.0,0.5
1629.7333,  1.00000000,1,0,0.0,0.5
1629.7667,  1.00000000,1,0,0.0,0.5
1629.8000,  1.00000000,1,0,0.0,0.5
1629.8333,  1.00000000,1,0,0.0,0.5
1629.8667,  1.00000000,1,0,0.0,0.5
1629.9000,  1.00000000,1,0,0.025000000000000001,0.5
1629.9333,  1.00000000,1,0,0.025000000000000001,0.5
1629.9667,  1.00000000,1,0,0.025000000000000001,0.5
1630.0000,  1.00000000,1,0,0.0,0.5
1630.0333,  1.00000000,1,0,0.0,0.5
1630.0667,  1.00000000,1,0,0.0,0.5
1630.1000,  1.00000000,1,0,0.025000000000000001,0.5
1630.1333,  1.00000000,1,0,0.0,0.5
1630.1667,  1.00000000,1,0,0.0,0.5
1630.2000,  1.00000000,1,0,0.0,0.5
1630.2333,  1.00000000,1,0,0.0,0.5
1630.2667,  1.00000000,1,0,0.0,0.5
1630.3000,  1.00000000,1,0,0.0,0.5
1630.3333,  1.00000000,1,0,0.0,0.5
1630.3667,  1.00000000,1,0,0.025000000000000001,0.5
1630.4000,  1.00000000,1,0,0.0,0.5
1630.4333,  1.00000000,1,0,0.025000000000000001,0.5
1630.4667,  1.00000000,1,0,0.0,0.5
1630.5000,  1.00000000,1,0,0.0,0.5
1630.5333,  1.00000000,1,0,0.025000000000000001,0.5
1630.5667,  1.00000000,1,0,0.0,0.5
1630.6000,  1.00000000,1,0,0.0,0.5
1630.6333,  1.00000000,1,0,0.0,0.5
1630.6667,  1.00000000,1,0,0.0,0.5
1630.7000,  1.00000000,1,0,0.0,0.5
1630.7333,  1.00000000,1,0,0.025000000000000001,0.5
1630.7667,  1.00000000,1,0,0.0,0.5
1630.8000,  1.00000000,1,0,0.0,0.5
1630.8333,  1.00000000,1,0,0.0,0.5
1630.8667,  1.00000000,1,0,0.0,0.5
1630.9000,  1.00000000,1,0,0.025000000000000001,0.5
1630.9333,  1.00000000,1,0,0.0,0.5
1630.9667,  1.00000000,1,0,0.025000000000000001,0.5
1631.0000,  1.00000000,1,0,0.0,0.5
1631.0333,  1.00000000,1,0,0.0,0.5
1631.0667,  1.00000000,1,0,0.0,0.5
1631.1000,  1.00000000,1,0,0.0,0.5
1631.1333,  1.00000000,1,0,0.0,0.5
1631.1667,  1.00000000,1,0,0.0,0.5
1631.2000,  1.00000000,1,0,0.0,0.5
1631.2333,  1.00000000,1,0,0.0,0.5
1631.2667,  1.00000000,1,0,0.0,0.5
1631.3000,  1.00000000,1,0,0.025000000000000001,0.5
1631.3333,  1.00000000,1,0,0.0,0.5
1631.3667,  1.00000000,1,0,0.0,0.5
1631.4000,  1.00000000,1,0,0.0,0.5
1631.4333,  1.00000000,1,0,0.0,0.5
1631.4667,  1.00000000,1,0,0.0,0.5
1631.5000,  1.00000000,1,0,0.025000000000000001,0.5
1631.5333,  1.00000000,1,0,0.0,0.5
1631.5667,  1.00000000,1,0,0.0,0.5
1631.6000,  1.00000000,1,0,0.025000000000000001,0.5
1631.6333,  1.00000000,1,0,0.0,0.5
1631.6667,  1.00000000,1,0,0.025000000000000001,0.5
1631.7000,  1.00000000,1,0,0.0,0.5
1631.7333,  1.00000000,1,0,0.0,0.5
1631.7667,  1.00000000,1,0,0.0,0.5
1631.8000,  1.00000000,1,0,0.0,0.5
1631.8333,  1.00000000,1,0,0.074999999999999997,0.5
1631.8667,  1.00000000,1,0,0.025000000000000001,0.5
1631.9000,  1.00000000,1,0,0.025000000000000001,0.5
1631.9333,  1.00000000,1,0,0.0,0.5
1631.9667,  1.00000000,1,0,0.0,0.5
1632.0000,  1.00000000,1,0,0.0,0.5
1632.0333,  1.00000000,1,0,0.0,0.5
1632.0667,  1.00000000,1,0,0.0,0.5
1632.1000,  1.00000000,1,0,0.0,0.5
1632.1333,  1.00000000,1,0,0.0,0.5
1632.1667,  1.00000000,1,0,0.0,0.5
1632.2000,  1.00000000,1,0,0.0,0.5
1632.2333,  1.00000000,1,0,0.0,0.5
1632.2667,  1.00000000,1,0,0.025000000000000001,0.5
1632.3000,  1.00000000,1,0,0.0,0.5
1632.3333,  1.00000000,1,0,0.0,0.5
1632.3667,  1.00000000,1,0,0.0,0.5
1632.4000,  1.00000000,1,0,0.0,0.5
1632.4333,  1.00000000,1,0,0.0,0.5
1632.4667,  1.00000000,1,0,0.0,0.5
1632.5000,  1.00000000,1,0,0.0,0.5
1632.5333,  1.00000000,1,0,0.0,0.5
1632.5667,  1.00000000,1,0,0.025000000000000001,0.5
1632.6000,  1.00000000,1,0,0.0,0.5
1632.6333,  1.00000000,1,0,0.025000000000000001,0.5
1632.6667,  1.00000000,1,0,0.025000000000000001,0.5
1632.7000,  1.00000000,1,0,0.0,0.5
1632.7333,  1.00000000,1,0,0.0,0.5
1632.7667,  1.00000000,1,0,0.025000000000000001,0.5
1632.8000,  1.00000000,1,0,0.0,0.5
1632.8333,  1.00000000,1,0,0.0,0.5
1632.8667,  1.00000000,1,0,0.025000000000000001,0.5
1632.9000,  1.00000000,1,0,0.0,0.5
1632.9333,  1.00000000,1,0,0.0,0.5
1632.9667,  1.00000000,1,0,0.0,0.5
1633.0000,  1.00000000,1,0,0.0,0.5
1633.0333,  1.00000000,1,0,0.025000000000000001,0.5
1633.0667,  1.00000000,1,0,0.0,0.5
1633.1000,  1.00000000,1,0,0.0,0.5
1633.1333,  1.00000000,1,0,0.0,0.5
1633.1667,  1.00000000,1,0,0.0,0.5
1633.2000,  1.00000000,1,0,0.025000000000000001,0.5
1633.2333,  1.00000000,1,0,0.0,0.5
1633.2667,  1.00000000,1,0,0.0,0.5
1633.3000,  1.00000000,1,0,0.0,0.5
1633.3333,  1.00000000,1,0,0.0,0.5
1633.3667,  1.00000000,1,0,0.025000000000000001,0.5
1633.4000,  1.00000000,1,0,0.0,0.5
1633.4333,  1.00000000,1,0,0.0,0.5
1633.4667,  1.00000000,1,0,0.0,0.5
1633.5000,  1.00000000,1,0,0.025000000000000001,0.5
1633.5333,  1.00000000,1,0,0.0,0.5
1633.5667,  1.00000000,1,0,0.0,0.5
1633.6000,  1.00000000,1,0,0.0,0.5
1633.6333,  1.00000000,1,0,0.0,0.5
1633.6667,  1.00000000,1,0,0.0,0.5
1633.7000,  1.00000000,1,0,0.0,0.5
1633.7333,  1.00000000,1,0,0.0,0.5
1633.7667,  1.00000000,1,0,0.0,0.5
1633.8000,  1.00000000,1,0,0.0,0.5
1633.8333,  1.00000000,1,0,0.0,0.5
1633.8667,  1.00000000,1,0,0.0,0.5
1633.9000,  1.00000000,1,0,0.0,0.5
1633.9333,  1.00000000,1,0,0.025000000000000001,0.5
1633.9667,  1.00000000,1,0,0.0,0.5
1634.0000,  1.00000000,1,0,0.0,0.5
1634.0333,  1.00000000,1,0,0.0,0.5
1634.0667,  1.00000000,1,0,0.0,0.5
1634.1000,  1.00000000,1,0,0.0,0.5
1634.1333,  1.00000000,1,0,0.0,0.5
1634.1667,  1.00000000,1,0,0.025000000000000001,0.5
1634.2000,  1.00000000,1,0,0.025000000000000001,0.5
1634.2333,  1.00000000,1,0,0.025000000000000001,0.5
1634.2667,  1.00000000,1,0,0.0,0.5
1634.3000,  1.00000000,1,0,0.050000000000000003,0.5
1634.3333,  1.00000000,1,0,0.025000000000000001,0.5
1634.3667,  1.00000000,1,0,0.025000000000000001,0.5
1634.4000,  1.00000000,1,0,0.0,0.5
1634.4333,  1.00000000,1,0,0.0,0.5
1634.4667,  1.00000000,1,0,0.0,0.5
1634.5000,  1.00000000,1,0,0.025000000000000001,0.5
1634.5333,  1.00000000,1,0,0.0,0.5
1634.5667,  1.00000000,1,0,0.025000000000000001,0.5
1634.6000,  1.00000000,1,0,0.025000000000000001,0.5
1634.6333,  1.00000000,1,0,0.025000000000000001,0.5
1634.6667,  1.00000000,1,0,0.0,0.5
1634.7000,  1.00000000,1,0,0.025000000000000001,0.5
1634.7333,  1.00000000,1,0,0.0,0.5
1634.7667,  1.00000000,1,0,0.0,0.5
1634.8000,  1.00000000,1,0,0.025000000000000001,0.5
1634.8333,  1.00000000,1,0,0.025000000000000001,0.5
1634.8667,  1.00000000,1,0,0.0,0.5
1634.9000,  1.00000000,1,0,0.0,0.5
1634.9333,  1.00000000,1,0,0.0,0.5
1634.9667,  1.00000000,1,0,0.025000000000000001,0.5
1635.0000,  1.00000000,1,0,0.0,0.5
1635.0333,  1.00000000,1,0,0.025000000000000001,0.5
1635.0667,  1.00000000,1,0,0.0,0.5
1635.1000,  1.00000000,1,0,0.0,0.5
1635.1333,  1.00000000,1,0,0.025000000000000001,0.5
1635.1667,  1.00000000,1,0,0.0,0.5
1635.2000,  1.00000000,1,0,0.0,0.5
1635.2333,  1.00000000,1,0,0.0,0.5
1635.2667,  1.00000000,1,0,0.0,0.5
1635.3000,  1.00000000,1,0,0.0,0.5
1635.3333,  1.00000000,1,0,0.0,0.5
1635.3667,  1.00000000,1,0,0.025000000000000001,0.5
1635.4000,  1.00000000,1,0,0.0,0.5
1635.4333,  1.00000000,1,0,0.0,0.5
1635.4667,  1.00000000,1,0,0.0,0.5
1635.5000,  1.00000000,1,0,0.025000000000000001,0.5
1635.5333,  1.00000000,1,0,0.0,0.5
1635.5667,  1.00000000,1,0,0.025000000000000001,0.5
1635.6000,  1.00000000,1,0,0.0,0.5
1635.6333,  1.00000000,1,0,0.025000000000000001,0.5
1635.6667,  1.00000000,1,0,0.0,0.5
1635.7000,  1.00000000,1,0,0.025000000000000001,0.5
1635.7333,  1.00000000,1,0,0.0,0.5
1635.7667,  1.00000000,1,0,0.0,0.5
1635.8000,  1.00000000,1,0,0.0,0.5
1635.8333,  1.00000000,1,0,0.0,0.5
1635.8667,  1.00000000,1,0,0.0,0.5
1635.9000,  1.00000000,1,0,0.0,0.5
1635.9333,  1.00000000,1,0,0.0,0.5
1635.9667,  1.00000000,1,0,0.0,0.5
1636.0000,  1.00000000,1,0,0.0,0.5
1636.0333,  1.00000000,1,0,0.0,0.5
1636.0667,  1.00000000,1,0,0.0,0.5
1636.1000,  1.00000000,1,0,0.0,0.5
1636.1333,  1.00000000,1,0,0.0,0.5
1636.1667,  1.00000000,1,0,0.0,0.5
1636.2000,  1.00000000,1,0,0.0,0.5
1636.2333,  1.00000000,1,0,0.0,0.5
1636.2667,  1.00000000,1,0,0.025000000000000001,0.5
1636.3000,  1.00000000,1,0,0.0,0.5
1636.3333,  1.00000000,1,0,0.0,0.5
1636.3667,  1.00000000,1,0,0.0,0.5
1636.4000,  1.00000000,1,0,0.0,0.5
1636.4333,  1.00000000,1,0,0.0,0.5
1636.4667,  1.00000000,1,0,0.025000000000000001,0.5
1636.5000,  1.00000000,1,0,0.025000000000000001,0.5
1636.5333,  1.00000000,1,0,0.0,0.5
1636.5667,  1.00000000,1,0,0.0,0.5
1636.6000,  1.00000000,1,0,0.0,0.5
1636.6333,  1.00000000,1,0,0.0,0.5
1636.6667,  1.00000000,1,0,0.025000000000000001,0.5
1636.7000,  1.00000000,1,0,0.0,0.5
1636.7333,  1.00000000,1,0,0.0,0.5
1636.7667,  1.00000000,1,0,0.025000000000000001,0.5
1636.8000,  1.00000000,1,0,0.0,0.5
1636.8333,  1.00000000,1,0,0.0,0.5
1636.8667,  1.00000000,1,0,0.0,0.5
1636.9000,  1.00000000,1,0,0.0,0.5
1636.9333,  1.00000000,1,0,0.0,0.5
1636.9667,  1.00000000,1,0,0.0,0.5
1637.0000,  1.00000000,1,0,0.0,0.5
1637.0333,  1.00000000,1,0,0.0,0.5
1637.0667,  1.00000000,1,0,0.0,0.5
1637.1000,  1.00000000,1,0,0.0,0.5
1637.1333,  1.00000000,1,0,0.0,0.5
1637.1667,  1.00000000,1,0,0.0,0.5
1637.2000,  1.00000000,1,0,0.0,0.5
1637.2333,  1.00000000,1,0,0.0,0.5
1637.2667,  1.00000000,1,0,0.0,0.5
1637.3000,  1.00000000,1,0,0.0,0.5
1637.3333,  1.00000000,1,0,0.025000000000000001,0.5
1637.3667,  1.00000000,1,0,0.0,0.5
1637.4000,  1.00000000,1,0,0.0,0.5
1637.4333,  1.00000000,1,0,0.025000000000000001,0.5
1637.4667,  1.00000000,1,0,0.025000000000000001,0.5
1637.5000,  1.00000000,1,0,0.025000000000000001,0.5
1637.5333,  1.00000000,1,0,0.0,0.5
1637.5667,  1.00000000,1,0,0.0,0.5
1637.6000,  1.00000000,1,0,0.025000000000000001,0.5
1637.6333,  1.00000000,1,0,0.0,0.5
1637.6667,  1.00000000,1,0,0.0,0.5
1637.7000,  1.00000000,1,0,0.0,0.5
1637.7333,  1.00000000,1,0,0.0,0.5
1637.7667,  1.00000000,1,0,0.0,0.5
1637.8000,  1.00000000,1,0,0.0,0.5
1637.8333,  1.00000000,1,0,0.0,0.5
1637.8667,  1.00000000,1,0,0.0,0.5
1637.9000,  1.00000000,1,0,0.025000000000000001,0.5
1637.9333,  1.00000000,1,0,0.0,0.5
1637.9667,  1.00000000,1,0,0.0,0.5
1638.0000,  1.00000000,1,0,0.0,0.5
1638.0333,  1.00000000,1,0,0.0,0.5
1638.0667,  1.00000000,1,0,0.025000000000000001,0.5
1638.1000,  1.00000000,1,0,0.0,0.5
1638.1333,  1.00000000,1,0,0.0,0.5
1638.1667,  1.00000000,1,0,0.0,0.5
1638.2000,  1.00000000,1,0,0.050000000000000003,0.5
1638.2333,  1.00000000,1,0,0.0,0.5
1638.2667,  1.00000000,1,0,0.025000000000000001,0.5
1638.3000,  1.00000000,1,0,0.025000000000000001,0.5
1638.3333,  1.00000000,1,0,0.0,0.5
1638.3667,  1.00000000,1,0,0.0,0.5
1638.4000,  1.00000000,1,0,0.0,0.5
1638.4333,  1.00000000,1,0,0.0,0.5
1638.4667,  1.00000000,1,0,0.0,0.5
1638.5000,  1.00000000,1,0,0.0,0.5
1638.5333,  1.00000000,1,0,0.0,0.5
1638.5667,  1.00000000,1,0,0.0,0.5
1638.6000,  1.00000000,1,0,0.0,0.5
1638.6333,  1.00000000,1,0,0.0,0.5
1638.6667,  1.00000000,1,0,0.0,0.5
1638.7000,  1.00000000,1,0,0.0,0.5
1638.7333,  1.00000000,1,0,0.0,0.5
1638.7667,  1.00000000,1,0,0.0,0.5
1638.8000,  1.00000000,1,0,0.0,0.5
1638.8333,  1.00000000,1,0,0.0,0.5
1638.8667,  1.00000000,1,0,0.0,0.5
1638.9000,  1.00000000,1,0,0.025000000000000001,0.5
1638.9333,  1.00000000,1,0,0.0,0.5
1638.9667,  1.00000000,1,0,0.0,0.5
1639.0000,  1.00000000,1,0,0.0,0.5
1639.0333,  1.00000000,1,0,0.0,0.5
1639.0667,  1.00000000,1,0,0.025000000000000001,0.5
1639.1000,  1.00000000,1,0,0.0,0.5
1639.1333,  1.00000000,1,0,0.0,0.5
1639.1667,  1.00000000,1,0,0.025000000000000001,0.5
1639.2000,  1.00000000,1,0,0.0,0.5
1639.2333,  1.00000000,1,0,0.0,0.5
1639.2667,  1.00000000,1,0,0.0,0.5
1639.3000,  1.00000000,1,0,0.0,0.5
1639.3333,  1.00000000,1,0,0.0,0.5
1639.3667,  1.00000000,1,0,0.0,0.5
1639.4000,  1.00000000,1,0,0.0,0.5
1639.4333,  1.00000000,1,0,0.025000000000000001,0.5
1639.4667,  1.00000000,1,0,0.0,0.5
1639.5000,  1.00000000,1,0,0.0,0.5
1639.5333,  1.00000000,1,0,0.025000000000000001,0.5
1639.5667,  1.00000000,1,0,0.0,0.5
1639.6000,  1.00000000,1,0,0.025000000000000001,0.5
1639.6333,  1.00000000,1,0,0.0,0.5
1639.6667,  1.00000000,1,0,0.0,0.5
1639.7000,  1.00000000,1,0,0.0,0.5
1639.7333,  1.00000000,1,0,0.0,0.5
1639.7667,  1.00000000,1,0,0.0,0.5
1639.8000,  1.00000000,1,0,0.0,0.5
1639.8333,  1.00000000,1,0,0.0,0.5
1639.8667,  1.00000000,1,0,0.0,0.5
1639.9000,  1.00000000,1,0,0.0,0.5
1639.9333,  1.00000000,1,0,0.025000000000000001,0.5
1639.9667,  1.00000000,1,0,0.0,0.5
1640.0000,  1.00000000,1,0,0.0,0.5
1640.0333,  1.00000000,1,0,0.025000000000000001,0.5
1640.0667,  1.00000000,1,0,0.0,0.5
1640.1000,  1.00000000,1,0,0.0,0.5
1640.1333,  1.00000000,1,0,0.0,0.5
1640.1667,  1.00000000,1,0,0.0,0.5
1640.2000,  1.00000000,1,0,0.0,0.5
1640.2333,  1.00000000,1,0,0.0,0.5
1640.2667,  1.00000000,1,0,0.0,0.5
1640.3000,  1.00000000,1,0,0.025000000000000001,0.5
1640.3333,  1.00000000,1,0,0.025000000000000001,0.5
1640.3667,  1.00000000,1,0,0.025000000000000001,0.5
1640.4000,  1.00000000,1,0,0.0,0.5
1640.4333,  1.00000000,1,0,0.0,0.5
1640.4667,  1.00000000,1,0,0.0,0.5
1640.5000,  1.00000000,1,0,0.025000000000000001,0.5
1640.5333,  1.00000000,1,0,0.0,0.5
1640.5667,  1.00000000,1,0,0.0,0.5
1640.6000,  1.00000000,1,0,0.0,0.5
1640.6333,  1.00000000,1,0,0.0,0.5
1640.6667,  1.00000000,1,0,0.0,0.5
1640.7000,  1.00000000,1,0,0.0,0.5
1640.7333,  1.00000000,1,0,0.025000000000000001,0.5
1640.7667,  1.00000000,1,0,0.0,0.5
1640.8000,  1.00000000,1,0,0.0,0.5
1640.8333,  1.00000000,1,0,0.0,0.5
1640.8667,  1.00000000,1,0,0.0,0.5
1640.9000,  1.00000000,1,0,0.025000000000000001,0.5
1640.9333,  1.00000000,1,0,0.0,0.5
1640.9667,  1.00000000,1,0,0.0,0.5
1641.0000,  1.00000000,1,0,0.0,0.5
1641.0333,  1.00000000,1,0,0.0,0.5
1641.0667,  1.00000000,1,0,0.0,0.5
1641.1000,  1.00000000,1,0,0.0,0.5
1641.1333,  1.00000000,1,0,0.0,0.5
1641.1667,  1.00000000,1,0,0.0,0.5
1641.2000,  1.00000000,1,0,0.0,0.5
1641.2333,  1.00000000,1,0,0.0,0.5
1641.2667,  1.00000000,1,0,0.0,0.5
1641.3000,  1.00000000,1,0,0.0,0.5
1641.3333,  1.00000000,1,0,0.0,0.5
1641.3667,  1.00000000,1,0,0.025000000000000001,0.5
1641.4000,  1.00000000,1,0,0.0,0.5
1641.4333,  1.00000000,1,0,0.025000000000000001,0.5
1641.4667,  1.00000000,1,0,0.0,0.5
1641.5000,  1.00000000,1,0,0.0,0.5
1641.5333,  1.00000000,1,0,0.0,0.5
1641.5667,  1.00000000,1,0,0.0,0.5
1641.6000,  1.00000000,1,0,0.0,0.5
1641.6333,  1.00000000,1,0,0.0,0.5
1641.6667,  1.00000000,1,0,0.0,0.5
1641.7000,  1.00000000,1,0,0.0,0.5
1641.7333,  1.00000000,1,0,0.0,0.5
1641.7667,  1.00000000,1,0,0.0,0.5
1641.8000,  1.00000000,1,0,0.0,0.5
1641.8333,  1.00000000,1,0,0.0,0.5
1641.8667,  1.00000000,1,0,0.025000000000000001,0.5
1641.9000,  1.00000000,1,0,0.0,0.5
1641.9333,  1.00000000,1,0,0.0,0.5
1641.9667,  1.00000000,1,0,0.0,0.5
1642.0000,  1.00000000,1,0,0.0,0.5
1642.0333,  1.00000000,1,0,0.025000000000000001,0.5
1642.0667,  1.00000000,1,0,0.0,0.5
1642.1000,  1.00000000,1,0,0.0,0.5
1642.1333,  1.00000000,1,0,0.025000000000000001,0.5
1642.1667,  1.00000000,1,0,0.0,0.5
1642.2000,  1.00000000,1,0,0.0,0.5
1642.2333,  1.00000000,1,0,0.025000000000000001,0.5
1642.2667,  1.00000000,1,0,0.0,0.5
1642.3000,  1.00000000,1,0,0.025000000000000001,0.5
1642.3333,  1.00000000,1,0,0.025000000000000001,0.5
1642.3667,  1.00000000,1,0,0.0,0.5
1642.4000,  1.00000000,1,0,0.0,0.5
1642.4333,  1.00000000,1,0,0.0,0.5
1642.4667,  1.00000000,1,0,0.0,0.5
1642.5000,  1.00000000,1,0,0.0,0.5
1642.5333,  1.00000000,1,0,0.025000000000000001,0.5
1642.5667,  1.00000000,1,0,0.0,0.5
1642.6000,  1.00000000,1,0,0.025000000000000001,0.5
1642.6333,  1.00000000,1,0,0.0,0.5
1642.6667,  1.00000000,1,0,0.0,0.5
1642.7000,  1.00000000,1,0,0.0,0.5
1642.7333,  1.00000000,1,0,0.025000000000000001,0.5
1642.7667,  1.00000000,1,0,0.0,0.5
1642.8000,  1.00000000,1,0,0.0,0.5
1642.8333,  1.00000000,1,0,0.0,0.5
1642.8667,  1.00000000,1,0,0.0,0.5
1642.9000,  1.00000000,1,0,0.0,0.5
1642.9333,  1.00000000,1,0,0.0,0.5
1642.9667,  1.00000000,1,0,0.0,0.5
1643.0000,  1.00000000,1,0,0.0,0.5
1643.0333,  1.00000000,1,0,0.025000000000000001,0.5
1643.0667,  1.00000000,1,0,0.0,0.5
1643.1000,  1.00000000,1,0,0.0,0.5
1643.1333,  1.00000000,1,0,0.0,0.5
1643.1667,  1.00000000,1,0,0.025000000000000001,0.5
1643.2000,  1.00000000,1,0,0.0,0.5
1643.2333,  1.00000000,1,0,0.0,0.5
1643.2667,  1.00000000,1,0,0.025000000000000001,0.5
1643.3000,  1.00000000,1,0,0.0,0.5
1643.3333,  1.00000000,1,0,0.0,0.5
1643.3667,  1.00000000,1,0,0.0,0.5
1643.4000,  1.00000000,1,0,0.0,0.5
1643.4333,  1.00000000,1,0,0.0,0.5
1643.4667,  1.00000000,1,0,0.025000000000000001,0.5
1643.5000,  1.00000000,1,0,0.025000000000000001,0.5
1643.5333,  1.00000000,1,0,0.0,0.5
1643.5667,  1.00000000,1,0,0.0,0.5
1643.6000,  1.00000000,1,0,0.0,0.5
1643.6333,  1.00000000,1,0,0.0,0.5
1643.6667,  1.00000000,1,0,0.025000000000000001,0.5
1643.7000,  1.00000000,1,0,0.0,0.5
1643.7333,  1.00000000,1,0,0.0,0.5
1643.7667,  1.00000000,1,0,0.025000000000000001,0.5
1643.8000,  1.00000000,1,0,0.0,0.5
1643.8333,  1.00000000,1,0,0.0,0.5
1643.8667,  1.00000000,1,0,0.0,0.5
1643.9000,  1.00000000,1,0,0.0,0.5
1643.9333,  1.00000000,1,0,0.025000000000000001,0.5
1643.9667,  1.00000000,1,0,0.0,0.5
1644.0000,  1.00000000,1,0,0.0,0.5
1644.0333,  1.00000000,1,0,0.0,0.5
1644.0667,  1.00000000,1,0,0.0,0.5
1644.1000,  1.00000000,1,0,0.0,0.5
1644.1333,  1.00000000,1,0,0.0,0.5
1644.1667,  1.00000000,1,0,0.0,0.5
1644.2000,  1.00000000,1,0,0.025000000000000001,0.5
1644.2333,  1.00000000,1,0,0.0,0.5
1644.2667,  1.00000000,1,0,0.0,0.5
1644.3000,  1.00000000,1,0,0.0,0.5
1644.3333,  1.00000000,1,0,0.0,0.5
1644.3667,  1.00000000,1,0,0.025000000000000001,0.5
1644.4000,  1.00000000,1,0,0.0,0.5
1644.4333,  1.00000000,1,0,0.0,0.5
1644.4667,  1.00000000,1,0,0.0,0.5
1644.5000,  1.00000000,1,0,0.025000000000000001,0.5
1644.5333,  1.00000000,1,0,0.025000000000000001,0.5
1644.5667,  1.00000000,1,0,0.050000000000000003,0.5
1644.6000,  1.00000000,1,0,0.0,0.5
1644.6333,  1.00000000,1,0,0.0,0.5
1644.6667,  1.00000000,1,0,0.0,0.5
1644.7000,  1.00000000,1,0,0.025000000000000001,0.5
1644.7333,  1.00000000,1,0,0.0,0.5
1644.7667,  1.00000000,1,0,0.0,0.5
1644.8000,  1.00000000,1,0,0.0,0.5
1644.8333,  1.00000000,1,0,0.050000000000000003,0.5
1644.8667,  1.00000000,1,0,0.0,0.5
1644.9000,  1.00000000,1,0,0.0,0.5
1644.9333,  1.00000000,1,0,0.0,0.5
1644.9667,  1.00000000,1,0,0.0,0.5
1645.0000,  1.00000000,1,0,0.0,0.5
1645.0333,  1.00000000,1,0,0.0,0.5
1645.0667,  1.00000000,1,0,0.0,0.5
1645.1000,  1.00000000,1,0,0.0,0.5
1645.1333,  1.00000000,1,0,0.0,0.5
1645.1667,  1.00000000,1,0,0.025000000000000001,0.5
1645.2000,  1.00000000,1,0,0.0,0.5
1645.2333,  1.00000000,1,0,0.0,0.5
1645.2667,  1.00000000,1,0,0.025000000000000001,0.5
1645.3000,  1.00000000,1,0,0.0,0.5
1645.3333,  1.00000000,1,0,0.025000000000000001,0.5
1645.3667,  1.00000000,1,0,0.0,0.5
1645.4000,  1.00000000,1,0,0.0,0.5
1645.4333,  1.00000000,1,0,0.0,0.5
1645.4667,  1.00000000,1,0,0.0,0.5
1645.5000,  1.00000000,1,0,0.0,0.5
1645.5333,  1.00000000,1,0,0.0,0.5
1645.5667,  1.00000000,1,0,0.0,0.5
1645.6000,  1.00000000,1,0,0.0,0.5
1645.6333,  1.00000000,1,0,0.0,0.5
1645.6667,  1.00000000,1,0,0.025000000000000001,0.5
1645.7000,  1.00000000,1,0,0.0,0.5
1645.7333,  1.00000000,1,0,0.0,0.5
1645.7667,  1.00000000,1,0,0.0,0.5
1645.8000,  1.00000000,1,0,0.0,0.5
1645.8333,  1.00000000,1,0,0.0,0.5
1645.8667,  1.00000000,1,0,0.0,0.5
1645.9000,  1.00000000,1,0,0.0,0.5
1645.9333,  1.00000000,1,0,0.0,0.5
1645.9667,  1.00000000,1,0,0.0,0.5
1646.0000,  1.00000000,1,0,0.0,0.5
1646.0333,  1.00000000,1,0,0.0,0.5
1646.0667,  1.00000000,1,0,0.0,0.5
1646.1000,  1.00000000,1,0,0.0,0.5
1646.1333,  1.00000000,1,0,0.0,0.5
1646.1667,  1.00000000,1,0,0.025000000000000001,0.5
1646.2000,  1.00000000,1,0,0.0,0.5
1646.2333,  1.00000000,1,0,0.0,0.5
1646.2667,  1.00000000,1,0,0.0,0.5
1646.3000,  1.00000000,1,0,0.0,0.5
1646.3333,  1.00000000,1,0,0.0,0.5
1646.3667,  1.00000000,1,0,0.0,0.5
1646.4000,  1.00000000,1,0,0.0,0.5
1646.4333,  1.00000000,1,0,0.0,0.5
1646.4667,  1.00000000,1,0,0.0,0.5
1646.5000,  1.00000000,1,0,0.0,0.5
1646.5333,  1.00000000,1,0,0.0,0.5
1646.5667,  1.00000000,1,0,0.0,0.5
1646.6000,  1.00000000,1,0,0.0,0.5
1646.6333,  1.00000000,1,0,0.0,0.5
1646.6667,  1.00000000,1,0,0.0,0.5
1646.7000,  1.00000000,1,0,0.0,0.5
1646.7333,  1.00000000,1,0,0.0,0.5
1646.7667,  1.00000000,1,0,0.025000000000000001,0.5
1646.8000,  1.00000000,1,0,0.0,0.5
1646.8333,  1.00000000,1,0,0.0,0.5
1646.8667,  1.00000000,1,0,0.0,0.5
1646.9000,  1.00000000,1,0,0.025000000000000001,0.5
1646.9333,  1.00000000,1,0,0.0,0.5
1646.9667,  1.00000000,1,0,0.0,0.5
1647.0000,  1.00000000,1,0,0.0,0.5
1647.0333,  1.00000000,1,0,0.0,0.5
1647.0667,  1.00000000,1,0,0.0,0.5
1647.1000,  1.00000000,1,0,0.0,0.5
1647.1333,  1.00000000,1,0,0.0,0.5
1647.1667,  1.00000000,1,0,0.025000000000000001,0.5
1647.2000,  1.00000000,1,0,0.0,0.5
1647.2333,  1.00000000,1,0,0.025000000000000001,0.5
1647.2667,  1.00000000,1,0,0.025000000000000001,0.5
1647.3000,  1.00000000,1,0,0.0,0.5
1647.3333,  1.00000000,1,0,0.0,0.5
1647.3667,  1.00000000,1,0,0.0,0.5
1647.4000,  1.00000000,1,0,0.0,0.5
1647.4333,  1.00000000,1,0,0.0,0.5
1647.4667,  1.00000000,1,0,0.0,0.5
1647.5000,  1.00000000,1,0,0.0,0.5
1647.5333,  1.00000000,1,0,0.0,0.5
1647.5667,  1.00000000,1,0,0.0,0.5
1647.6000,  1.00000000,1,0,0.0,0.5
1647.6333,  1.00000000,1,0,0.0,0.5
1647.6667,  1.00000000,1,0,0.0,0.5
1647.7000,  1.00000000,1,0,0.0,0.5
1647.7333,  1.00000000,1,0,0.0,0.5
1647.7667,  1.00000000,1,0,0.0,0.5
1647.8000,  1.00000000,1,0,0.0,0.5
1647.8333,  1.00000000,1,0,0.0,0.5
1647.8667,  1.00000000,1,0,0.025000000000000001,0.5
1647.9000,  1.00000000,1,0,0.025000000000000001,0.5
1647.9333,  1.00000000,1,0,0.0,0.5
1647.9667,  1.00000000,1,0,0.0,0.5
1648.0000,  1.00000000,1,0,0.025000000000000001,0.5
1648.0333,  1.00000000,1,0,0.0,0.5
1648.0667,  1.00000000,1,0,0.0,0.5
1648.1000,  1.00000000,1,0,0.074999999999999997,0.5
1648.1333,  1.00000000,1,0,0.025000000000000001,0.5
1648.1667,  1.00000000,1,0,0.0,0.5
1648.2000,  1.00000000,1,0,0.025000000000000001,0.5
1648.2333,  1.00000000,1,0,0.0,0.5
1648.2667,  1.00000000,1,0,0.0,0.5
1648.3000,  1.00000000,1,0,0.0,0.5
1648.3333,  1.00000000,1,0,0.0,0.5
1648.3667,  1.00000000,1,0,0.0,0.5
1648.4000,  1.00000000,1,0,0.0,0.5
1648.4333,  1.00000000,1,0,0.0,0.5
1648.4667,  1.00000000,1,0,0.0,0.5
1648.5000,  1.00000000,1,0,0.0,0.5
1648.5333,  1.00000000,1,0,0.025000000000000001,0.5
1648.5667,  1.00000000,1,0,0.0,0.5
1648.6000,  1.00000000,1,0,0.0,0.5
1648.6333,  1.00000000,1,0,0.0,0.5
1648.6667,  1.00000000,1,0,0.0,0.5
1648.7000,  1.00000000,1,0,0.0,0.5
1648.7333,  1.00000000,1,0,0.025000000000000001,0.5
1648.7667,  1.00000000,1,0,0.0,0.5
1648.8000,  1.00000000,1,0,0.0,0.5
1648.8333,  1.00000000,1,0,0.025000000000000001,0.5
1648.8667,  1.00000000,1,0,0.025000000000000001,0.5
1648.9000,  1.00000000,1,0,0.0,0.5
1648.9333,  1.00000000,1,0,0.0,0.5
1648.9667,  1.00000000,1,0,0.0,0.5
1649.0000,  1.00000000,1,0,0.025000000000000001,0.5
1649.0333,  1.00000000,1,0,0.0,0.5
1649.0667,  1.00000000,1,0,0.0,0.5
1649.1000,  1.00000000,1,0,0.0,0.5
1649.1333,  1.00000000,1,0,0.0,0.5
1649.1667,  1.00000000,1,0,0.025000000000000001,0.5
1649.2000,  1.00000000,1,0,0.0,0.5
1649.2333,  1.00000000,1,0,0.0,0.5
1649.2667,  1.00000000,1,0,0.0,0.5
1649.3000,  1.00000000,1,0,0.0,0.5
1649.3333,  1.00000000,1,0,0.0,0.5
1649.3667,  1.00000000,1,0,0.025000000000000001,0.5
1649.4000,  1.00000000,1,0,0.0,0.5
1649.4333,  1.00000000,1,0,0.0,0.5
1649.4667,  1.00000000,1,0,0.0,0.5
1649.5000,  1.00000000,1,0,0.0,0.5
1649.5333,  1.00000000,1,0,0.0,0.5
1649.5667,  1.00000000,1,0,0.0,0.5
1649.6000,  1.00000000,1,0,0.0,0.5
1649.6333,  1.00000000,1,0,0.0,0.5
1649.6667,  1.00000000,1,0,0.0,0.5
1649.7000,  1.00000000,1,0,0.0,0.5
1649.7333,  1.00000000,1,0,0.0,0.5
1649.7667,  1.00000000,1,0,0.0,0.5
1649.8000,  1.00000000,1,0,0.0,0.5
1649.8333,  1.00000000,1,0,0.0,0.5
1649.8667,  1.00000000,1,0,0.0,0.5
1649.9000,  1.00000000,1,0,0.025000000000000001,0.5
1649.9333,  1.00000000,1,0,0.0,0.5
1649.9667,  1.00000000,1,0,0.0,0.5
1650.0000,  1.00000000,1,0,0.0,0.5
1650.0333,  1.00000000,1,0,0.0,0.5
1650.0667,  1.00000000,1,0,0.0,0.5
1650.1000,  1.00000000,1,0,0.0,0.5
1650.1333,  1.00000000,1,0,0.0,0.5
1650.1667,  1.00000000,1,0,0.0,0.5
1650.2000,  1.00000000,1,0,0.025000000000000001,0.5
1650.2333,  1.00000000,1,0,0.025000000000000001,0.5
1650.2667,  1.00000000,1,0,0.0,0.5
1650.3000,  1.00000000,1,0,0.0,0.5
1650.3333,  1.00000000,1,0,0.0,0.5
1650.3667,  1.00000000,1,0,0.0,0.5
1650.4000,  1.00000000,1,0,0.0,0.5
1650.4333,  1.00000000,1,0,0.0,0.5
1650.4667,  1.00000000,1,0,0.0,0.5
1650.5000,  1.00000000,1,0,0.0,0.5
1650.5333,  1.00000000,1,0,0.0,0.5
1650.5667,  1.00000000,1,0,0.0,0.5
1650.6000,  1.00000000,1,0,0.0,0.5
1650.6333,  1.00000000,1,0,0.0,0.5
1650.6667,  1.00000000,1,0,0.0,0.5
1650.7000,  1.00000000,1,0,0.0,0.5
1650.7333,  1.00000000,1,0,0.0,0.5
1650.7667,  1.00000000,1,0,0.025000000000000001,0.5
1650.8000,  1.00000000,1,0,0.0,0.5
1650.8333,  1.00000000,1,0,0.0,0.5
1650.8667,  1.00000000,1,0,0.0,0.5
1650.9000,  1.00000000,1,0,0.0,0.5
1650.9333,  1.00000000,1,0,0.0,0.5
1650.9667,  1.00000000,1,0,0.0,0.5
1651.0000,  1.00000000,1,0,0.0,0.5
1651.0333,  1.00000000,1,0,0.0,0.5
1651.0667,  1.00000000,1,0,0.0,0.5
1651.1000,  1.00000000,1,0,0.0,0.5
1651.1333,  1.00000000,1,0,0.0,0.5
1651.1667,  1.00000000,1,0,0.0,0.5
1651.2000,  1.00000000,1,0,0.0,0.5
1651.2333,  1.00000000,1,0,0.0,0.5
1651.2667,  1.00000000,1,0,0.0,0.5
1651.3000,  1.00000000,1,0,0.0,0.5
1651.3333,  1.00000000,1,0,0.0,0.5
1651.3667,  1.00000000,1,0,0.0,0.5
1651.4000,  1.00000000,1,0,0.0,0.5
1651.4333,  1.00000000,1,0,0.0,0.5
1651.4667,  1.00000000,1,0,0.0,0.5
1651.5000,  1.00000000,1,0,0.0,0.5
1651.5333,  1.00000000,1,0,0.0,0.5
1651.5667,  1.00000000,1,0,0.0,0.5
1651.6000,  1.00000000,1,0,0.0,0.5
1651.6333,  1.00000000,1,0,0.0,0.5
1651.6667,  1.00000000,1,0,0.0,0.5
1651.7000,  1.00000000,1,0,0.0,0.5
1651.7333,  1.00000000,1,0,0.0,0.5
1651.7667,  1.00000000,1,0,0.0,0.5
1651.8000,  1.00000000,1,0,0.025000000000000001,0.5
1651.8333,  1.00000000,1,0,0.025000000000000001,0.5
1651.8667,  1.00000000,1,0,0.0,0.5
1651.9000,  1.00000000,1,0,0.0,0.5
1651.9333,  1.00000000,1,0,0.0,0.5
1651.9667,  1.00000000,1,0,0.025000000000000001,0.5
1652.0000,  1.00000000,1,0,0.0,0.5
1652.0333,  1.00000000,1,0,0.0,0.5
1652.0667,  1.00000000,1,0,0.025000000000000001,0.5
1652.1000,  1.00000000,1,0,0.025000000000000001,0.5
1652.1333,  1.00000000,1,0,0.025000000000000001,0.5
1652.1667,  1.00000000,1,0,0.0,0.5
1652.2000,  1.00000000,1,0,0.0,0.5
1652.2333,  1.00000000,1,0,0.0,0.5
1652.2667,  1.00000000,1,0,0.0,0.5
1652.3000,  1.00000000,1,0,0.025000000000000001,0.5
1652.3333,  1.00000000,1,0,0.0,0.5
1652.3667,  1.00000000,1,0,0.0,0.5
1652.4000,  1.00000000,1,0,0.025000000000000001,0.5
1652.4333,  1.00000000,1,0,0.0,0.5
1652.4667,  1.00000000,1,0,0.0,0.5
1652.5000,  1.00000000,1,0,0.0,0.5
1652.5333,  1.00000000,1,0,0.0,0.5
1652.5667,  1.00000000,1,0,0.0,0.5
1652.6000,  1.00000000,1,0,0.0,0.5
1652.6333,  1.00000000,1,0,0.025000000000000001,0.5
1652.6667,  1.00000000,1,0,0.0,0.5
1652.7000,  1.00000000,1,0,0.025000000000000001,0.5
1652.7333,  1.00000000,1,0,0.025000000000000001,0.5
1652.7667,  1.00000000,1,0,0.0,0.5
1652.8000,  1.00000000,1,0,0.0,0.5
1652.8333,  1.00000000,1,0,0.0,0.5
1652.8667,  1.00000000,1,0,0.0,0.5
1652.9000,  1.00000000,1,0,0.0,0.5
1652.9333,  1.00000000,1,0,0.0,0.5
1652.9667,  1.00000000,1,0,0.0,0.5
1653.0000,  1.00000000,1,0,0.0,0.5
1653.0333,  1.00000000,1,0,0.025000000000000001,0.5
1653.0667,  1.00000000,1,0,0.0,0.5
1653.1000,  1.00000000,1,0,0.0,0.5
1653.1333,  1.00000000,1,0,0.0,0.5
1653.1667,  1.00000000,1,0,0.0,0.5
1653.2000,  1.00000000,1,0,0.025000000000000001,0.5
1653.2333,  1.00000000,1,0,0.0,0.5
1653.2667,  1.00000000,1,0,0.0,0.5
1653.3000,  1.00000000,1,0,0.0,0.5
1653.3333,  1.00000000,1,0,0.0,0.5
1653.3667,  1.00000000,1,0,0.0,0.5
1653.4000,  1.00000000,1,0,0.0,0.5
1653.4333,  1.00000000,1,0,0.025000000000000001,0.5
1653.4667,  1.00000000,1,0,0.0,0.5
1653.5000,  1.00000000,1,0,0.025000000000000001,0.5
1653.5333,  1.00000000,1,0,0.0,0.5
1653.5667,  1.00000000,1,0,0.0,0.5
1653.6000,  1.00000000,1,0,0.0,0.5
1653.6333,  1.00000000,1,0,0.0,0.5
1653.6667,  1.00000000,1,0,0.0,0.5
1653.7000,  1.00000000,1,0,0.0,0.5
1653.7333,  1.00000000,1,0,0.0,0.5
1653.7667,  1.00000000,1,0,0.025000000000000001,0.5
1653.8000,  1.00000000,1,0,0.0,0.5
1653.8333,  1.00000000,1,0,0.0,0.5
1653.8667,  1.00000000,1,0,0.025000000000000001,0.5
1653.9000,  1.00000000,1,0,0.0,0.5
1653.9333,  1.00000000,1,0,0.0,0.5
1653.9667,  1.00000000,1,0,0.0,0.5
1654.0000,  1.00000000,1,0,0.0,0.5
1654.0333,  1.00000000,1,0,0.0,0.5
1654.0667,  1.00000000,1,0,0.0,0.5
1654.1000,  1.00000000,1,0,0.025000000000000001,0.5
1654.1333,  1.00000000,1,0,0.0,0.5
1654.1667,  1.00000000,1,0,0.0,0.5
1654.2000,  1.00000000,1,0,0.0,0.5
1654.2333,  1.00000000,1,0,0.0,0.5
1654.2667,  1.00000000,1,0,0.0,0.5
1654.3000,  1.00000000,1,0,0.0,0.5
1654.3333,  1.00000000,1,0,0.050000000000000003,0.5
1654.3667,  1.00000000,1,0,0.0,0.5
1654.4000,  1.00000000,1,0,0.0,0.5
1654.4333,  1.00000000,1,0,0.0,0.5
1654.4667,  1.00000000,1,0,0.0,0.5
1654.5000,  1.00000000,1,0,0.0,0.5
1654.5333,  1.00000000,1,0,0.0,0.5
1654.5667,  1.00000000,1,0,0.0,0.5
1654.6000,  1.00000000,1,0,0.0,0.5
1654.6333,  1.00000000,1,0,0.025000000000000001,0.5
1654.6667,  1.00000000,1,0,0.025000000000000001,0.5
1654.7000,  1.00000000,1,0,0.025000000000000001,0.5
1654.7333,  1.00000000,1,0,0.0,0.5
1654.7667,  1.00000000,1,0,0.0,0.5
1654.8000,  1.00000000,1,0,0.0,0.5
1654.8333,  1.00000000,1,0,0.0,0.5
1654.8667,  1.00000000,1,0,0.0,0.5
1654.9000,  1.00000000,1,0,0.0,0.5
1654.9333,  1.00000000,1,0,0.025000000000000001,0.5
1654.9667,  1.00000000,1,0,0.0,0.5
1655.0000,  1.00000000,1,0,0.0,0.5
1655.0333,  1.00000000,1,0,0.0,0.5
1655.0667,  1.00000000,1,0,0.0,0.5
1655.1000,  1.00000000,1,0,0.0,0.5
1655.1333,  1.00000000,1,0,0.0,0.5
1655.1667,  1.00000000,1,0,0.0,0.5
1655.2000,  1.00000000,1,0,0.0,0.5
1655.2333,  1.00000000,1,0,0.0,0.5
1655.2667,  1.00000000,1,0,0.0,0.5
1655.3000,  1.00000000,1,0,0.0,0.5
1655.3333,  1.00000000,1,0,0.0,0.5
1655.3667,  1.00000000,1,0,0.0,0.5
1655.4000,  1.00000000,1,0,0.0,0.5
1655.4333,  1.00000000,1,0,0.0,0.5
1655.4667,  1.00000000,1,0,0.0,0.5
1655.5000,  1.00000000,1,0,0.0,0.5
1655.5333,  1.00000000,1,0,0.025000000000000001,0.5
1655.5667,  1.00000000,1,0,0.0,0.5
1655.6000,  1.00000000,1,0,0.0,0.5
1655.6333,  1.00000000,1,0,0.0,0.5
1655.6667,  1.00000000,1,0,0.0,0.5
1655.7000,  1.00000000,1,0,0.0,0.5
1655.7333,  1.00000000,1,0,0.0,0.5
1655.7667,  1.00000000,1,0,0.0,0.5
1655.8000,  1.00000000,1,0,0.0,0.5
1655.8333,  1.00000000,1,0,0.0,0.5
1655.8667,  1.00000000,1,0,0.0,0.5
1655.9000,  1.00000000,1,0,0.0,0.5
1655.9333,  1.00000000,1,0,0.0,0.5
1655.9667,  1.00000000,1,0,0.0,0.5
1656.0000,  1.00000000,1,0,0.0,0.5
1656.0333,  1.00000000,1,0,0.0,0.5
1656.0667,  1.00000000,1,0,0.0,0.5
1656.1000,  1.00000000,1,0,0.0,0.5
1656.1333,  1.00000000,1,0,0.0,0.5
1656.1667,  1.00000000,1,0,0.0,0.5
1656.2000,  1.00000000,1,0,0.025000000000000001,0.5
1656.2333,  1.00000000,1,0,0.0,0.5
1656.2667,  1.00000000,1,0,0.0,0.5
1656.3000,  1.00000000,1,0,0.025000000000000001,0.5
1656.3333,  1.00000000,1,0,0.0,0.5
1656.3667,  1.00000000,1,0,0.0,0.5
1656.4000,  1.00000000,1,0,0.025000000000000001,0.5
1656.4333,  1.00000000,1,0,0.0,0.5
1656.4667,  1.00000000,1,0,0.0,0.5
1656.5000,  1.00000000,1,0,0.0,0.5
1656.5333,  1.00000000,1,0,0.0,0.5
1656.5667,  1.00000000,1,0,0.025000000000000001,0.5
1656.6000,  1.00000000,1,0,0.0,0.5
1656.6333,  1.00000000,1,0,0.025000000000000001,0.5
1656.6667,  1.00000000,1,0,0.0,0.5
1656.7000,  1.00000000,1,0,0.0,0.5
1656.7333,  1.00000000,1,0,0.0,0.5
1656.7667,  1.00000000,1,0,0.025000000000000001,0.5
1656.8000,  1.00000000,1,0,0.0,0.5
1656.8333,  1.00000000,1,0,0.025000000000000001,0.5
1656.8667,  1.00000000,1,0,0.0,0.5
1656.9000,  1.00000000,1,0,0.0,0.5
1656.9333,  1.00000000,1,0,0.0,0.5
1656.9667,  1.00000000,1,0,0.0,0.5
1657.0000,  1.00000000,1,0,0.0,0.5
1657.0333,  1.00000000,1,0,0.0,0.5
1657.0667,  1.00000000,1,0,0.0,0.5
1657.1000,  1.00000000,1,0,0.025000000000000001,0.5
1657.1333,  1.00000000,1,0,0.0,0.5
1657.1667,  1.00000000,1,0,0.0,0.5
1657.2000,  1.00000000,1,0,0.0,0.5
1657.2333,  1.00000000,1,0,0.0,0.5
1657.2667,  1.00000000,1,0,0.0,0.5
1657.3000,  1.00000000,1,0,0.0,0.5
1657.3333,  1.00000000,1,0,0.025000000000000001,0.5
1657.3667,  1.00000000,1,0,0.0,0.5
1657.4000,  1.00000000,1,0,0.0,0.5
1657.4333,  1.00000000,1,0,0.0,0.5
1657.4667,  1.00000000,1,0,0.0,0.5
1657.5000,  1.00000000,1,0,0.0,0.5
1657.5333,  1.00000000,1,0,0.0,0.5
1657.5667,  1.00000000,1,0,0.0,0.5
1657.6000,  1.00000000,1,0,0.0,0.5
1657.6333,  1.00000000,1,0,0.0,0.5
1657.6667,  1.00000000,1,0,0.0,0.5
1657.7000,  1.00000000,1,0,0.0,0.5
1657.7333,  1.00000000,1,0,0.0,0.5
1657.7667,  1.00000000,1,0,0.025000000000000001,0.5
1657.8000,  1.00000000,1,0,0.0,0.5
1657.8333,  1.00000000,1,0,0.025000000000000001,0.5
1657.8667,  1.00000000,1,0,0.0,0.5
1657.9000,  1.00000000,1,0,0.0,0.5
1657.9333,  1.00000000,1,0,0.0,0.5
1657.9667,  1.00000000,1,0,0.0,0.5
1658.0000,  1.00000000,1,0,0.0,0.5
1658.0333,  1.00000000,1,0,0.025000000000000001,0.5
1658.0667,  1.00000000,1,0,0.025000000000000001,0.5
1658.1000,  1.00000000,1,0,0.0,0.5
1658.1333,  1.00000000,1,0,0.025000000000000001,0.5
1658.1667,  1.00000000,1,0,0.025000000000000001,0.5
1658.2000,  1.00000000,1,0,0.0,0.5
1658.2333,  1.00000000,1,0,0.0,0.5
1658.2667,  1.00000000,1,0,0.050000000000000003,0.5
1658.3000,  1.00000000,1,0,0.025000000000000001,0.5
1658.3333,  1.00000000,1,0,0.0,0.5
1658.3667,  1.00000000,1,0,0.0,0.5
1658.4000,  1.00000000,1,0,0.0,0.5
1658.4333,  1.00000000,1,0,0.025000000000000001,0.5
1658.4667,  1.00000000,1,0,0.0,0.5
1658.5000,  1.00000000,1,0,0.0,0.5
1658.5333,  1.00000000,1,0,0.0,0.5
1658.5667,  1.00000000,1,0,0.0,0.5
1658.6000,  1.00000000,1,0,0.0,0.5
1658.6333,  1.00000000,1,0,0.0,0.5
1658.6667,  1.00000000,1,0,0.0,0.5
1658.7000,  1.00000000,1,0,0.025000000000000001,0.5
1658.7333,  1.00000000,1,0,0.0,0.5
1658.7667,  1.00000000,1,0,0.0,0.5
1658.8000,  1.00000000,1,0,0.0,0.5
1658.8333,  1.00000000,1,0,0.0,0.5
1658.8667,  1.00000000,1,0,0.025000000000000001,0.5
1658.9000,  1.00000000,1,0,0.0,0.5
1658.9333,  1.00000000,1,0,0.025000000000000001,0.5
1658.9667,  1.00000000,1,0,0.025000000000000001,0.5
1659.0000,  1.00000000,1,0,0.0,0.5
1659.0333,  1.00000000,1,0,0.0,0.5
1659.0667,  1.00000000,1,0,0.0,0.5
1659.1000,  1.00000000,1,0,0.025000000000000001,0.5
1659.1333,  1.00000000,1,0,0.025000000000000001,0.5
1659.1667,  1.00000000,1,0,0.0,0.5
1659.2000,  1.00000000,1,0,0.0,0.5
1659.2333,  1.00000000,1,0,0.0,0.5
1659.2667,  1.00000000,1,0,0.0,0.5
1659.3000,  1.00000000,1,0,0.0,0.5
1659.3333,  1.00000000,1,0,0.0,0.5
1659.3667,  1.00000000,1,0,0.025000000000000001,0.5
1659.4000,  1.00000000,1,0,0.025000000000000001,0.5
1659.4333,  1.00000000,1,0,0.0,0.5
1659.4667,  1.00000000,1,0,0.0,0.5
1659.5000,  1.00000000,1,0,0.0,0.5
1659.5333,  1.00000000,1,0,0.0,0.5
1659.5667,  1.00000000,1,0,0.0,0.5
1659.6000,  1.00000000,1,0,0.0,0.5
1659.6333,  1.00000000,1,0,0.0,0.5
1659.6667,  1.00000000,1,0,0.0,0.5
1659.7000,  1.00000000,1,0,0.0,0.5
1659.7333,  1.00000000,1,0,0.0,0.5
1659.7667,  1.00000000,1,0,0.0,0.5
1659.8000,  1.00000000,1,0,0.0,0.5
1659.8333,  1.00000000,1,0,0.0,0.5
1659.8667,  1.00000000,1,0,0.0,0.5
1659.9000,  1.00000000,1,0,0.0,0.5
1659.9333,  1.00000000,1,0,0.0,0.5
1659.9667,  1.00000000,1,0,0.0,0.5
1660.0000,  1.00000000,1,0,0.0,0.5
1660.0333,  1.00000000,1,0,0.0,0.5
1660.0667,  1.00000000,1,0,0.0,0.5
1660.1000,  1.00000000,1,0,0.025000000000000001,0.5
1660.1333,  1.00000000,1,0,0.025000000000000001,0.5
1660.1667,  1.00000000,1,0,0.0,0.5
1660.2000,  1.00000000,1,0,0.0,0.5
1660.2333,  1.00000000,1,0,0.0,0.5
1660.2667,  1.00000000,1,0,0.0,0.5
1660.3000,  1.00000000,1,0,0.0,0.5
1660.3333,  1.00000000,1,0,0.0,0.5
1660.3667,  1.00000000,1,0,0.025000000000000001,0.5
1660.4000,  1.00000000,1,0,0.025000000000000001,0.5
1660.4333,  1.00000000,1,0,0.0,0.5
1660.4667,  1.00000000,1,0,0.0,0.5
1660.5000,  1.00000000,1,0,0.0,0.5
1660.5333,  1.00000000,1,0,0.0,0.5
1660.5667,  1.00000000,1,0,0.0,0.5
1660.6000,  1.00000000,1,0,0.0,0.5
1660.6333,  1.00000000,1,0,0.0,0.5
1660.6667,  1.00000000,1,0,0.0,0.5
1660.7000,  1.00000000,1,0,0.0,0.5
1660.7333,  1.00000000,1,0,0.0,0.5
1660.7667,  1.00000000,1,0,0.0,0.5
1660.8000,  1.00000000,1,0,0.0,0.5
1660.8333,  1.00000000,1,0,0.0,0.5
1660.8667,  1.00000000,1,0,0.025000000000000001,0.5
1660.9000,  1.00000000,1,0,0.025000000000000001,0.5
1660.9333,  1.00000000,1,0,0.0,0.5
1660.9667,  1.00000000,1,0,0.025000000000000001,0.5
1661.0000,  1.00000000,1,0,0.0,0.5
1661.0333,  1.00000000,1,0,0.025000000000000001,0.5
1661.0667,  1.00000000,1,0,0.0,0.5
1661.1000,  1.00000000,1,0,0.0,0.5
1661.1333,  1.00000000,1,0,0.0,0.5
1661.1667,  1.00000000,1,0,0.0,0.5
1661.2000,  1.00000000,1,0,0.025000000000000001,0.5
1661.2333,  1.00000000,1,0,0.0,0.5
1661.2667,  1.00000000,1,0,0.0,0.5
1661.3000,  1.00000000,1,0,0.0,0.5
1661.3333,  1.00000000,1,0,0.0,0.5
1661.3667,  1.00000000,1,0,0.0,0.5
1661.4000,  1.00000000,1,0,0.0,0.5
1661.4333,  1.00000000,1,0,0.0,0.5
1661.4667,  1.00000000,1,0,0.025000000000000001,0.5
1661.5000,  1.00000000,1,0,0.0,0.5
1661.5333,  1.00000000,1,0,0.0,0.5
1661.5667,  1.00000000,1,0,0.0,0.5
1661.6000,  1.00000000,1,0,0.0,0.5
1661.6333,  1.00000000,1,0,0.0,0.5
1661.6667,  1.00000000,1,0,0.0,0.5
1661.7000,  1.00000000,1,0,0.0,0.5
1661.7333,  1.00000000,1,0,0.0,0.5
1661.7667,  1.00000000,1,0,0.0,0.5
1661.8000,  1.00000000,1,0,0.0,0.5
1661.8333,  1.00000000,1,0,0.025000000000000001,0.5
1661.8667,  1.00000000,1,0,0.0,0.5
1661.9000,  1.00000000,1,0,0.025000000000000001,0.5
1661.9333,  1.00000000,1,0,0.0,0.5
1661.9667,  1.00000000,1,0,0.0,0.5
1662.0000,  1.00000000,1,0,0.0,0.5
1662.0333,  1.00000000,1,0,0.0,0.5
1662.0667,  1.00000000,1,0,0.0,0.5
1662.1000,  1.00000000,1,0,0.0,0.5
1662.1333,  1.00000000,1,0,0.0,0.5
1662.1667,  1.00000000,1,0,0.0,0.5
1662.2000,  1.00000000,1,0,0.0,0.5
1662.2333,  1.00000000,1,0,0.025000000000000001,0.5
1662.2667,  1.00000000,1,0,0.0,0.5
1662.3000,  1.00000000,1,0,0.0,0.5
1662.3333,  1.00000000,1,0,0.0,0.5
1662.3667,  1.00000000,1,0,0.0,0.5
1662.4000,  1.00000000,1,0,0.0,0.5
1662.4333,  1.00000000,1,0,0.0,0.5
1662.4667,  1.00000000,1,0,0.0,0.5
1662.5000,  1.00000000,1,0,0.0,0.5
1662.5333,  1.00000000,1,0,0.0,0.5
1662.5667,  1.00000000,1,0,0.0,0.5
1662.6000,  1.00000000,1,0,0.0,0.5
1662.6333,  1.00000000,1,0,0.0,0.5
1662.6667,  1.00000000,1,0,0.0,0.5
1662.7000,  1.00000000,1,0,0.0,0.5
1662.7333,  1.00000000,1,0,0.025000000000000001,0.5
1662.7667,  1.00000000,1,0,0.0,0.5
1662.8000,  1.00000000,1,0,0.0,0.5
1662.8333,  1.00000000,1,0,0.025000000000000001,0.5
1662.8667,  1.00000000,1,0,0.0,0.5
1662.9000,  1.00000000,1,0,0.0,0.5
1662.9333,  1.00000000,1,0,0.0,0.5
1662.9667,  1.00000000,1,0,0.025000000000000001,0.5
1663.0000,  1.00000000,1,0,0.0,0.5
1663.0333,  1.00000000,1,0,0.0,0.5
1663.0667,  1.00000000,1,0,0.0,0.5
1663.1000,  1.00000000,1,0,0.0,0.5
1663.1333,  1.00000000,1,0,0.025000000000000001,0.5
1663.1667,  1.00000000,1,0,0.0,0.5
1663.2000,  1.00000000,1,0,0.025000000000000001,0.5
1663.2333,  1.00000000,1,0,0.0,0.5
1663.2667,  1.00000000,1,0,0.0,0.5
1663.3000,  1.00000000,1,0,0.0,0.5
1663.3333,  1.00000000,1,0,0.0,0.5
1663.3667,  1.00000000,1,0,0.0,0.5
1663.4000,  1.00000000,1,0,0.0,0.5
1663.4333,  1.00000000,1,0,0.0,0.5
1663.4667,  1.00000000,1,0,0.025000000000000001,0.5
1663.5000,  1.00000000,1,0,0.0,0.5
1663.5333,  1.00000000,1,0,0.0,0.5
1663.5667,  1.00000000,1,0,0.0,0.5
1663.6000,  1.00000000,1,0,0.0,0.5
1663.6333,  1.00000000,1,0,0.0,0.5
1663.6667,  1.00000000,1,0,0.0,0.5
1663.7000,  1.00000000,1,0,0.0,0.5
1663.7333,  1.00000000,1,0,0.0,0.5
1663.7667,  1.00000000,1,0,0.0,0.5
1663.8000,  1.00000000,1,0,0.0,0.5
1663.8333,  1.00000000,1,0,0.0,0.5
1663.8667,  1.00000000,1,0,0.0,0.5
1663.9000,  1.00000000,1,0,0.0,0.5
1663.9333,  1.00000000,1,0,0.0,0.5
1663.9667,  1.00000000,1,0,0.0,0.5
1664.0000,  1.00000000,1,0,0.025000000000000001,0.5
1664.0333,  1.00000000,1,0,0.0,0.5
1664.0667,  1.00000000,1,0,0.025000000000000001,0.5
1664.1000,  1.00000000,1,0,0.0,0.5
1664.1333,  1.00000000,1,0,0.0,0.5
1664.1667,  1.00000000,1,0,0.025000000000000001,0.5
1664.2000,  1.00000000,1,0,0.025000000000000001,0.5
1664.2333,  1.00000000,1,0,0.0,0.5
1664.2667,  1.00000000,1,0,0.0,0.5
1664.3000,  1.00000000,1,0,0.0,0.5
1664.3333,  1.00000000,1,0,0.0,0.5
1664.3667,  1.00000000,1,0,0.0,0.5
1664.4000,  1.00000000,1,0,0.025000000000000001,0.5
1664.4333,  1.00000000,1,0,0.0,0.5
1664.4667,  1.00000000,1,0,0.0,0.5
1664.5000,  1.00000000,1,0,0.0,0.5
1664.5333,  1.00000000,1,0,0.025000000000000001,0.5
1664.5667,  1.00000000,1,0,0.0,0.5
1664.6000,  1.00000000,1,0,0.0,0.5
1664.6333,  1.00000000,1,0,0.0,0.5
1664.6667,  1.00000000,1,0,0.0,0.5
1664.7000,  1.00000000,1,0,0.0,0.5
1664.7333,  1.00000000,1,0,0.0,0.5
1664.7667,  1.00000000,1,0,0.0,0.5
1664.8000,  1.00000000,1,0,0.0,0.5
1664.8333,  1.00000000,1,0,0.0,0.5
1664.8667,  1.00000000,1,0,0.0,0.5
1664.9000,  1.00000000,1,0,0.025000000000000001,0.5
1664.9333,  1.00000000,1,0,0.0,0.5
1664.9667,  1.00000000,1,0,0.0,0.5
1665.0000,  1.00000000,1,0,0.0,0.5
1665.0333,  1.00000000,1,0,0.0,0.5
1665.0667,  1.00000000,1,0,0.025000000000000001,0.5
1665.1000,  1.00000000,1,0,0.0,0.5
1665.1333,  1.00000000,1,0,0.0,0.5
1665.1667,  1.00000000,1,0,0.0,0.5
1665.2000,  1.00000000,1,0,0.0,0.5
1665.2333,  1.00000000,1,0,0.0,0.5
1665.2667,  1.00000000,1,0,0.0,0.5
1665.3000,  1.00000000,1,0,0.0,0.5
1665.3333,  1.00000000,1,0,0.0,0.5
1665.3667,  1.00000000,1,0,0.0,0.5
1665.4000,  1.00000000,1,0,0.025000000000000001,0.5
1665.4333,  1.00000000,1,0,0.0,0.5
1665.4667,  1.00000000,1,0,0.0,0.5
1665.5000,  1.00000000,1,0,0.0,0.5
1665.5333,  1.00000000,1,0,0.0,0.5
1665.5667,  1.00000000,1,0,0.0,0.5
1665.6000,  1.00000000,1,0,0.0,0.5
1665.6333,  1.00000000,1,0,0.025000000000000001,0.5
1665.6667,  1.00000000,1,0,0.0,0.5
1665.7000,  1.00000000,1,0,0.025000000000000001,0.5
1665.7333,  1.00000000,1,0,0.0,0.5
1665.7667,  1.00000000,1,0,0.0,0.5
1665.8000,  1.00000000,1,0,0.0,0.5
1665.8333,  1.00000000,1,0,0.0,0.5
1665.8667,  1.00000000,1,0,0.0,0.5
1665.9000,  1.00000000,1,0,0.0,0.5
1665.9333,  1.00000000,1,0,0.025000000000000001,0.5
1665.9667,  1.00000000,1,0,0.0,0.5
1666.0000,  1.00000000,1,0,0.0,0.5
1666.0333,  1.00000000,1,0,0.0,0.5
1666.0667,  1.00000000,1,0,0.0,0.5
1666.1000,  1.00000000,1,0,0.0,0.5
1666.1333,  1.00000000,1,0,0.0,0.5
1666.1667,  1.00000000,1,0,0.0,0.5
1666.2000,  1.00000000,1,0,0.0,0.5
1666.2333,  1.00000000,1,0,0.0,0.5
1666.2667,  1.00000000,1,0,0.0,0.5
1666.3000,  1.00000000,1,0,0.050000000000000003,0.5
1666.3333,  1.00000000,1,0,0.0,0.5
1666.3667,  1.00000000,1,0,0.0,0.5
1666.4000,  1.00000000,1,0,0.0,0.5
1666.4333,  1.00000000,1,0,0.025000000000000001,0.5
1666.4667,  1.00000000,1,0,0.0,0.5
1666.5000,  1.00000000,1,0,0.025000000000000001,0.5
1666.5333,  1.00000000,1,0,0.0,0.5
1666.5667,  1.00000000,1,0,0.0,0.5
1666.6000,  1.00000000,1,0,0.0,0.5
1666.6333,  1.00000000,1,0,0.0,0.5
1666.6667,  1.00000000,1,0,0.0,0.5
1666.7000,  1.00000000,1,0,0.0,0.5
1666.7333,  1.00000000,1,0,0.0,0.5
1666.7667,  1.00000000,1,0,0.0,0.5
1666.8000,  1.00000000,1,0,0.0,0.5
1666.8333,  1.00000000,1,0,0.0,0.5
1666.8667,  1.00000000,1,0,0.0,0.5
1666.9000,  1.00000000,1,0,0.0,0.5
1666.9333,  1.00000000,1,0,0.0,0.5
1666.9667,  1.00000000,1,0,0.025000000000000001,0.5
1667.0000,  1.00000000,1,0,0.0,0.5
1667.0333,  1.00000000,1,0,0.0,0.5
1667.0667,  1.00000000,1,0,0.0,0.5
1667.1000,  1.00000000,1,0,0.0,0.5
1667.1333,  1.00000000,1,0,0.0,0.5
1667.1667,  1.00000000,1,0,0.0,0.5
1667.2000,  1.00000000,1,0,0.025000000000000001,0.5
1667.2333,  1.00000000,1,0,0.0,0.5
1667.2667,  1.00000000,1,0,0.0,0.5
1667.3000,  1.00000000,1,0,0.0,0.5
1667.3333,  1.00000000,1,0,0.0,0.5
1667.3667,  1.00000000,1,0,0.025000000000000001,0.5
1667.4000,  1.00000000,1,0,0.0,0.5
1667.4333,  1.00000000,1,0,0.0,0.5
1667.4667,  1.00000000,1,0,0.0,0.5
1667.5000,  1.00000000,1,0,0.025000000000000001,0.5
1667.5333,  1.00000000,1,0,0.0,0.5
1667.5667,  1.00000000,1,0,0.0,0.5
1667.6000,  1.00000000,1,0,0.0,0.5
1667.6333,  1.00000000,1,0,0.0,0.5
1667.6667,  1.00000000,1,0,0.0,0.5
1667.7000,  1.00000000,1,0,0.025000000000000001,0.5
1667.7333,  1.00000000,1,0,0.0,0.5
1667.7667,  1.00000000,1,0,0.025000000000000001,0.5
1667.8000,  1.00000000,1,0,0.0,0.5
1667.8333,  1.00000000,1,0,0.025000000000000001,0.5
1667.8667,  1.00000000,1,0,0.0,0.5
1667.9000,  1.00000000,1,0,0.0,0.5
1667.9333,  1.00000000,1,0,0.0,0.5
1667.9667,  1.00000000,1,0,0.0,0.5
1668.0000,  1.00000000,1,0,0.0,0.5
1668.0333,  1.00000000,1,0,0.025000000000000001,0.5
1668.0667,  1.00000000,1,0,0.050000000000000003,0.5
1668.1000,  1.00000000,1,0,0.050000000000000003,0.5
1668.1333,  1.00000000,1,0,0.0,0.5
1668.1667,  1.00000000,1,0,0.0,0.5
1668.2000,  1.00000000,1,0,0.0,0.5
1668.2333,  1.00000000,1,0,0.0,0.5
1668.2667,  1.00000000,1,0,0.0,0.5
1668.3000,  1.00000000,1,0,0.0,0.5
1668.3333,  1.00000000,1,0,0.0,0.5
1668.3667,  1.00000000,1,0,0.0,0.5
1668.4000,  1.00000000,1,0,0.0,0.5
1668.4333,  1.00000000,1,0,0.025000000000000001,0.5
1668.4667,  1.00000000,1,0,0.0,0.5
1668.5000,  1.00000000,1,0,0.0,0.5
1668.5333,  1.00000000,1,0,0.0,0.5
1668.5667,  1.00000000,1,0,0.0,0.5
1668.6000,  1.00000000,1,0,0.0,0.5
1668.6333,  1.00000000,1,0,0.0,0.5
1668.6667,  1.00000000,1,0,0.0,0.5
1668.7000,  1.00000000,1,0,0.0,0.5
1668.7333,  1.00000000,1,0,0.0,0.5
1668.7667,  1.00000000,1,0,0.0,0.5
1668.8000,  1.00000000,1,0,0.0,0.5
1668.8333,  1.00000000,1,0,0.0,0.5
1668.8667,  1.00000000,1,0,0.0,0.5
1668.9000,  1.00000000,1,0,0.025000000000000001,0.5
1668.9333,  1.00000000,1,0,0.0,0.5
1668.9667,  1.00000000,1,0,0.0,0.5
1669.0000,  1.00000000,1,0,0.0,0.5
1669.0333,  1.00000000,1,0,0.0,0.5
1669.0667,  1.00000000,1,0,0.025000000000000001,0.5
1669.1000,  1.00000000,1,0,0.0,0.5
1669.1333,  1.00000000,1,0,0.0,0.5
1669.1667,  1.00000000,1,0,0.0,0.5
1669.2000,  1.00000000,1,0,0.0,0.5
1669.2333,  1.00000000,1,0,0.0,0.5
1669.2667,  1.00000000,1,0,0.0,0.5
1669.3000,  1.00000000,1,0,0.0,0.5
1669.3333,  1.00000000,1,0,0.0,0.5
1669.3667,  1.00000000,1,0,0.0,0.5
1669.4000,  1.00000000,1,0,0.0,0.5
1669.4333,  1.00000000,1,0,0.050000000000000003,0.5
1669.4667,  1.00000000,1,0,0.0,0.5
1669.5000,  1.00000000,1,0,0.0,0.5
1669.5333,  1.00000000,1,0,0.0,0.5
1669.5667,  1.00000000,1,0,0.0,0.5
1669.6000,  1.00000000,1,0,0.0,0.5
1669.6333,  1.00000000,1,0,0.025000000000000001,0.5
1669.6667,  1.00000000,1,0,0.0,0.5
1669.7000,  1.00000000,1,0,0.0,0.5
1669.7333,  1.00000000,1,0,0.0,0.5
1669.7667,  1.00000000,1,0,0.0,0.5
1669.8000,  1.00000000,1,0,0.050000000000000003,0.5
1669.8333,  1.00000000,1,0,0.0,0.5
1669.8667,  1.00000000,1,0,0.0,0.5
1669.9000,  1.00000000,1,0,0.0,0.5
1669.9333,  1.00000000,1,0,0.0,0.5
1669.9667,  1.00000000,1,0,0.0,0.5
1670.0000,  1.00000000,1,0,0.0,0.5
1670.0333,  1.00000000,1,0,0.0,0.5
1670.0667,  1.00000000,1,0,0.025000000000000001,0.5
1670.1000,  1.00000000,1,0,0.025000000000000001,0.5
1670.1333,  1.00000000,1,0,0.0,0.5
1670.1667,  1.00000000,1,0,0.025000000000000001,0.5
1670.2000,  1.00000000,1,0,0.0,0.5
1670.2333,  1.00000000,1,0,0.025000000000000001,0.5
1670.2667,  1.00000000,1,0,0.0,0.5
1670.3000,  1.00000000,1,0,0.0,0.5
1670.3333,  1.00000000,1,0,0.025000000000000001,0.5
1670.3667,  1.00000000,1,0,0.0,0.5
1670.4000,  1.00000000,1,0,0.0,0.5
1670.4333,  1.00000000,1,0,0.0,0.5
1670.4667,  1.00000000,1,0,0.025000000000000001,0.5
1670.5000,  1.00000000,1,0,0.025000000000000001,0.5
1670.5333,  1.00000000,1,0,0.0,0.5
1670.5667,  1.00000000,1,0,0.0,0.5
1670.6000,  1.00000000,1,0,0.0,0.5
1670.6333,  1.00000000,1,0,0.0,0.5
1670.6667,  1.00000000,1,0,0.0,0.5
1670.7000,  1.00000000,1,0,0.0,0.5
1670.7333,  1.00000000,1,0,0.0,0.5
1670.7667,  1.00000000,1,0,0.025000000000000001,0.5
1670.8000,  1.00000000,1,0,0.0,0.5
1670.8333,  1.00000000,1,0,0.025000000000000001,0.5
1670.8667,  1.00000000,1,0,0.025000000000000001,0.5
1670.9000,  1.00000000,1,0,0.0,0.5
1670.9333,  1.00000000,1,0,0.025000000000000001,0.5
1670.9667,  1.00000000,1,0,0.0,0.5
1671.0000,  1.00000000,1,0,0.0,0.5
1671.0333,  1.00000000,1,0,0.0,0.5
1671.0667,  1.00000000,1,0,0.0,0.5
1671.1000,  1.00000000,1,0,0.0,0.5
1671.1333,  1.00000000,1,0,0.0,0.5
1671.1667,  1.00000000,1,0,0.0,0.5
1671.2000,  1.00000000,1,0,0.0,0.5
1671.2333,  1.00000000,1,0,0.0,0.5
1671.2667,  1.00000000,1,0,0.0,0.5
1671.3000,  1.00000000,1,0,0.0,0.5
1671.3333,  1.00000000,1,0,0.0,0.5
1671.3667,  1.00000000,1,0,0.025000000000000001,0.5
1671.4000,  1.00000000,1,0,0.0,0.5
1671.4333,  1.00000000,1,0,0.0,0.5
1671.4667,  1.00000000,1,0,0.0,0.5
1671.5000,  1.00000000,1,0,0.050000000000000003,0.5
1671.5333,  1.00000000,1,0,0.0,0.5
1671.5667,  1.00000000,1,0,0.0,0.5
1671.6000,  1.00000000,1,0,0.0,0.5
1671.6333,  1.00000000,1,0,0.0,0.5
1671.6667,  1.00000000,1,0,0.0,0.5
1671.7000,  1.00000000,1,0,0.0,0.5
1671.7333,  1.00000000,1,0,0.0,0.5
1671.7667,  1.00000000,1,0,0.0,0.5
1671.8000,  1.00000000,1,0,0.0,0.5
1671.8333,  1.00000000,1,0,0.0,0.5
1671.8667,  1.00000000,1,0,0.0,0.5
1671.9000,  1.00000000,1,0,0.0,0.5
1671.9333,  1.00000000,1,0,0.0,0.5
1671.9667,  1.00000000,1,0,0.0,0.5
1672.0000,  1.00000000,1,0,0.0,0.5
1672.0333,  1.00000000,1,0,0.0,0.5
1672.0667,  1.00000000,1,0,0.025000000000000001,0.5
1672.1000,  1.00000000,1,0,0.0,0.5
1672.1333,  1.00000000,1,0,0.0,0.5
1672.1667,  1.00000000,1,0,0.0,0.5
1672.2000,  1.00000000,1,0,0.0,0.5
1672.2333,  1.00000000,1,0,0.0,0.5
1672.2667,  1.00000000,1,0,0.0,0.5
1672.3000,  1.00000000,1,0,0.0,0.5
1672.3333,  1.00000000,1,0,0.0,0.5
1672.3667,  1.00000000,1,0,0.0,0.5
1672.4000,  1.00000000,1,0,0.0,0.5
1672.4333,  1.00000000,1,0,0.025000000000000001,0.5
1672.4667,  1.00000000,1,0,0.0,0.5
1672.5000,  1.00000000,1,0,0.0,0.5
1672.5333,  1.00000000,1,0,0.0,0.5
1672.5667,  1.00000000,1,0,0.0,0.5
1672.6000,  1.00000000,1,0,0.0,0.5
1672.6333,  1.00000000,1,0,0.0,0.5
1672.6667,  1.00000000,1,0,0.0,0.5
1672.7000,  1.00000000,1,0,0.0,0.5
1672.7333,  1.00000000,1,0,0.025000000000000001,0.5
1672.7667,  1.00000000,1,0,0.0,0.5
1672.8000,  1.00000000,1,0,0.0,0.5
1672.8333,  1.00000000,1,0,0.025000000000000001,0.5
1672.8667,  1.00000000,1,0,0.0,0.5
1672.9000,  1.00000000,1,0,0.0,0.5
1672.9333,  1.00000000,1,0,0.025000000000000001,0.5
1672.9667,  1.00000000,1,0,0.025000000000000001,0.5
1673.0000,  1.00000000,1,0,0.0,0.5
1673.0333,  1.00000000,1,0,0.0,0.5
1673.0667,  1.00000000,1,0,0.0,0.5
1673.1000,  1.00000000,1,0,0.0,0.5
1673.1333,  1.00000000,1,0,0.0,0.5
1673.1667,  1.00000000,1,0,0.0,0.5
1673.2000,  1.00000000,1,0,0.0,0.5
1673.2333,  1.00000000,1,0,0.0,0.5
1673.2667,  1.00000000,1,0,0.0,0.5
1673.3000,  1.00000000,1,0,0.0,0.5
1673.3333,  1.00000000,1,0,0.0,0.5
1673.3667,  1.00000000,1,0,0.0,0.5
1673.4000,  1.00000000,1,0,0.0,0.5
1673.4333,  1.00000000,1,0,0.0,0.5
1673.4667,  1.00000000,1,0,0.0,0.5
1673.5000,  1.00000000,1,0,0.0,0.5
1673.5333,  1.00000000,1,0,0.0,0.5
1673.5667,  1.00000000,1,0,0.0,0.5
1673.6000,  1.00000000,1,0,0.025000000000000001,0.5
1673.6333,  1.00000000,1,0,0.0,0.5
1673.6667,  1.00000000,1,0,0.0,0.5
1673.7000,  1.00000000,1,0,0.0,0.5
1673.7333,  1.00000000,1,0,0.0,0.5
1673.7667,  1.00000000,1,0,0.0,0.5
1673.8000,  1.00000000,1,0,0.0,0.5
1673.8333,  1.00000000,1,0,0.0,0.5
1673.8667,  1.00000000,1,0,0.0,0.5
1673.9000,  1.00000000,1,0,0.0,0.5
1673.9333,  1.00000000,1,0,0.0,0.5
1673.9667,  1.00000000,1,0,0.0,0.5
1674.0000,  1.00000000,1,0,0.0,0.5
1674.0333,  1.00000000,1,0,0.0,0.5
1674.0667,  1.00000000,1,0,0.0,0.5
1674.1000,  1.00000000,1,0,0.0,0.5
1674.1333,  1.00000000,1,0,0.0,0.5
1674.1667,  1.00000000,1,0,0.0,0.5
1674.2000,  1.00000000,1,0,0.050000000000000003,0.5
1674.2333,  1.00000000,1,0,0.0,0.5
1674.2667,  1.00000000,1,0,0.0,0.5
1674.3000,  1.00000000,1,0,0.0,0.5
1674.3333,  1.00000000,1,0,0.0,0.5
1674.3667,  1.00000000,1,0,0.0,0.5
1674.4000,  1.00000000,1,0,0.0,0.5
1674.4333,  1.00000000,1,0,0.0,0.5
1674.4667,  1.00000000,1,0,0.0,0.5
1674.5000,  1.00000000,1,0,0.0,0.5
1674.5333,  1.00000000,1,0,0.0,0.5
1674.5667,  1.00000000,1,0,0.0,0.5
1674.6000,  1.00000000,1,0,0.0,0.5
1674.6333,  1.00000000,1,0,0.0,0.5
1674.6667,  1.00000000,1,0,0.0,0.5
1674.7000,  1.00000000,1,0,0.025000000000000001,0.5
1674.7333,  1.00000000,1,0,0.0,0.5
1674.7667,  1.00000000,1,0,0.0,0.5
1674.8000,  1.00000000,1,0,0.025000000000000001,0.5
1674.8333,  1.00000000,1,0,0.0,0.5
1674.8667,  1.00000000,1,0,0.0,0.5
1674.9000,  1.00000000,1,0,0.025000000000000001,0.5
1674.9333,  1.00000000,1,0,0.025000000000000001,0.5
1674.9667,  1.00000000,1,0,0.025000000000000001,0.5
1675.0000,  1.00000000,1,0,0.025000000000000001,0.5
1675.0333,  1.00000000,1,0,0.0,0.5
1675.0667,  1.00000000,1,0,0.0,0.5
1675.1000,  1.00000000,1,0,0.0,0.5
1675.1333,  1.00000000,1,0,0.0,0.5
1675.1667,  1.00000000,1,0,0.0,0.5
1675.2000,  1.00000000,1,0,0.0,0.5
1675.2333,  1.00000000,1,0,0.0,0.5
1675.2667,  1.00000000,1,0,0.025000000000000001,0.5
1675.3000,  1.00000000,1,0,0.0,0.5
1675.3333,  1.00000000,1,0,0.0,0.5
1675.3667,  1.00000000,1,0,0.025000000000000001,0.5
1675.4000,  1.00000000,1,0,0.025000000000000001,0.5
1675.4333,  1.00000000,1,0,0.025000000000000001,0.5
1675.4667,  1.00000000,1,0,0.0,0.5
1675.5000,  1.00000000,1,0,0.025000000000000001,0.5
1675.5333,  1.00000000,1,0,0.0,0.5
1675.5667,  1.00000000,1,0,0.0,0.5
1675.6000,  1.00000000,1,0,0.025000000000000001,0.5
1675.6333,  1.00000000,1,0,0.0,0.5
1675.6667,  1.00000000,1,0,0.0,0.5
1675.7000,  1.00000000,1,0,0.0,0.5
1675.7333,  1.00000000,1,0,0.0,0.5
1675.7667,  1.00000000,1,0,0.0,0.5
1675.8000,  1.00000000,1,0,0.0,0.5
1675.8333,  1.00000000,1,0,0.0,0.5
1675.8667,  1.00000000,1,0,0.0,0.5
1675.9000,  1.00000000,1,0,0.0,0.5
1675.9333,  1.00000000,1,0,0.0,0.5
1675.9667,  1.00000000,1,0,0.0,0.5
1676.0000,  1.00000000,1,0,0.025000000000000001,0.5
1676.0333,  1.00000000,1,0,0.025000000000000001,0.5
1676.0667,  1.00000000,1,0,0.0,0.5
1676.1000,  1.00000000,1,0,0.0,0.5
1676.1333,  1.00000000,1,0,0.0,0.5
1676.1667,  1.00000000,1,0,0.0,0.5
1676.2000,  1.00000000,1,0,0.025000000000000001,0.5
1676.2333,  1.00000000,1,0,0.025000000000000001,0.5
1676.2667,  1.00000000,1,0,0.0,0.5
1676.3000,  1.00000000,1,0,0.0,0.5
1676.3333,  1.00000000,1,0,0.0,0.5
1676.3667,  1.00000000,1,0,0.0,0.5
1676.4000,  1.00000000,1,0,0.0,0.5
1676.4333,  1.00000000,1,0,0.0,0.5
1676.4667,  1.00000000,1,0,0.0,0.5
1676.5000,  1.00000000,1,0,0.0,0.5
1676.5333,  1.00000000,1,0,0.0,0.5
1676.5667,  1.00000000,1,0,0.0,0.5
1676.6000,  1.00000000,1,0,0.0,0.5
1676.6333,  1.00000000,1,0,0.025000000000000001,0.5
1676.6667,  1.00000000,1,0,0.0,0.5
1676.7000,  1.00000000,1,0,0.0,0.5
1676.7333,  1.00000000,1,0,0.0,0.5
1676.7667,  1.00000000,1,0,0.0,0.5
1676.8000,  1.00000000,1,0,0.0,0.5
1676.8333,  1.00000000,1,0,0.0,0.5
1676.8667,  1.00000000,1,0,0.0,0.5
1676.9000,  1.00000000,1,0,0.0,0.5
1676.9333,  1.00000000,1,0,0.0,0.5
1676.9667,  1.00000000,1,0,0.0,0.5
1677.0000,  1.00000000,1,0,0.0,0.5
1677.0333,  1.00000000,1,0,0.0,0.5
1677.0667,  1.00000000,1,0,0.0,0.5
1677.1000,  1.00000000,1,0,0.0,0.5
1677.1333,  1.00000000,1,0,0.0,0.5
1677.1667,  1.00000000,1,0,0.0,0.5
1677.2000,  1.00000000,1,0,0.0,0.5
1677.2333,  1.00000000,1,0,0.025000000000000001,0.5
1677.2667,  1.00000000,1,0,0.0,0.5
1677.3000,  1.00000000,1,0,0.025000000000000001,0.5
1677.3333,  1.00000000,1,0,0.0,0.5
1677.3667,  1.00000000,1,0,0.0,0.5
1677.4000,  1.00000000,1,0,0.0,0.5
1677.4333,  1.00000000,1,0,0.025000000000000001,0.5
1677.4667,  1.00000000,1,0,0.0,0.5
1677.5000,  1.00000000,1,0,0.0,0.5
1677.5333,  1.00000000,1,0,0.0,0.5
1677.5667,  1.00000000,1,0,0.0,0.5
1677.6000,  1.00000000,1,0,0.0,0.5
1677.6333,  1.00000000,1,0,0.0,0.5
1677.6667,  1.00000000,1,0,0.025000000000000001,0.5
1677.7000,  1.00000000,1,0,0.0,0.5
1677.7333,  1.00000000,1,0,0.0,0.5
1677.7667,  1.00000000,1,0,0.025000000000000001,0.5
1677.8000,  1.00000000,1,0,0.025000000000000001,0.5
1677.8333,  1.00000000,1,0,0.0,0.5
1677.8667,  1.00000000,1,0,0.0,0.5
1677.9000,  1.00000000,1,0,0.025000000000000001,0.5
1677.9333,  1.00000000,1,0,0.0,0.5
1677.9667,  1.00000000,1,0,0.025000000000000001,0.5
1678.0000,  1.00000000,1,0,0.0,0.5
1678.0333,  1.00000000,1,0,0.0,0.5
1678.0667,  1.00000000,1,0,0.0,0.5
1678.1000,  1.00000000,1,0,0.0,0.5
1678.1333,  1.00000000,1,0,0.0,0.5
1678.1667,  1.00000000,1,0,0.025000000000000001,0.5
1678.2000,  1.00000000,1,0,0.0,0.5
1678.2333,  1.00000000,1,0,0.0,0.5
1678.2667,  1.00000000,1,0,0.0,0.5
1678.3000,  1.00000000,1,0,0.0,0.5
1678.3333,  1.00000000,1,0,0.0,0.5
1678.3667,  1.00000000,1,0,0.0,0.5
1678.4000,  1.00000000,1,0,0.025000000000000001,0.5
1678.4333,  1.00000000,1,0,0.0,0.5
1678.4667,  1.00000000,1,0,0.0,0.5
1678.5000,  1.00000000,1,0,0.025000000000000001,0.5
1678.5333,  1.00000000,1,0,0.0,0.5
1678.5667,  1.00000000,1,0,0.0,0.5
1678.6000,  1.00000000,1,0,0.0,0.5
1678.6333,  1.00000000,1,0,0.0,0.5
1678.6667,  1.00000000,1,0,0.025000000000000001,0.5
1678.7000,  1.00000000,1,0,0.0,0.5
1678.7333,  1.00000000,1,0,0.0,0.5
1678.7667,  1.00000000,1,0,0.0,0.5
1678.8000,  1.00000000,1,0,0.0,0.5
1678.8333,  1.00000000,1,0,0.050000000000000003,0.5
1678.8667,  1.00000000,1,0,0.0,0.5
1678.9000,  1.00000000,1,0,0.0,0.5
1678.9333,  1.00000000,1,0,0.0,0.5
1678.9667,  1.00000000,1,0,0.0,0.5
1679.0000,  1.00000000,1,0,0.0,0.5
1679.0333,  1.00000000,1,0,0.0,0.5
1679.0667,  1.00000000,1,0,0.0,0.5
1679.1000,  1.00000000,1,0,0.0,0.5
1679.1333,  1.00000000,1,0,0.0,0.5
1679.1667,  1.00000000,1,0,0.0,0.5
1679.2000,  1.00000000,1,0,0.0,0.5
1679.2333,  1.00000000,1,0,0.0,0.5
1679.2667,  1.00000000,1,0,0.0,0.5
1679.3000,  1.00000000,1,0,0.0,0.5
1679.3333,  1.00000000,1,0,0.025000000000000001,0.5
1679.3667,  1.00000000,1,0,0.0,0.5
1679.4000,  1.00000000,1,0,0.025000000000000001,0.5
1679.4333,  1.00000000,1,0,0.0,0.5
1679.4667,  1.00000000,1,0,0.0,0.5
1679.5000,  1.00000000,1,0,0.0,0.5
1679.5333,  1.00000000,1,0,0.0,0.5
1679.5667,  1.00000000,1,0,0.0,0.5
1679.6000,  1.00000000,1,0,0.025000000000000001,0.5
1679.6333,  1.00000000,1,0,0.025000000000000001,0.5
1679.6667,  1.00000000,1,0,0.0,0.5
1679.7000,  1.00000000,1,0,0.0,0.5
1679.7333,  1.00000000,1,0,0.025000000000000001,0.5
1679.7667,  1.00000000,1,0,0.0,0.5
1679.8000,  1.00000000,1,0,0.025000000000000001,0.5
1679.8333,  1.00000000,1,0,0.0,0.5
1679.8667,  1.00000000,1,0,0.025000000000000001,0.5
1679.9000,  1.00000000,1,0,0.025000000000000001,0.5
1679.9333,  1.00000000,1,0,0.0,0.5
1679.9667,  1.00000000,1,0,0.0,0.5
1680.0000,  1.00000000,1,0,0.0,0.5
1680.0333,  1.00000000,1,0,0.025000000000000001,0.5
1680.0667,  1.00000000,1,0,0.0,0.5
1680.1000,  1.00000000,1,0,0.025000000000000001,0.5
1680.1333,  1.00000000,1,0,0.0,0.5
1680.1667,  1.00000000,1,0,0.0,0.5
1680.2000,  1.00000000,1,0,0.025000000000000001,0.5
1680.2333,  1.00000000,1,0,0.0,0.5
1680.2667,  1.00000000,1,0,0.0,0.5
1680.3000,  1.00000000,1,0,0.0,0.5
1680.3333,  1.00000000,1,0,0.0,0.5
1680.3667,  1.00000000,1,0,0.025000000000000001,0.5
1680.4000,  1.00000000,1,0,0.0,0.5
1680.4333,  1.00000000,1,0,0.025000000000000001,0.5
1680.4667,  1.00000000,1,0,0.0,0.5
1680.5000,  1.00000000,1,0,0.025000000000000001,0.5
1680.5333,  1.00000000,1,0,0.0,0.5
1680.5667,  1.00000000,1,0,0.025000000000000001,0.5
1680.6000,  1.00000000,1,0,0.0,0.5
1680.6333,  1.00000000,1,0,0.0,0.5
1680.6667,  1.00000000,1,0,0.0,0.5
1680.7000,  1.00000000,1,0,0.0,0.5
1680.7333,  1.00000000,1,0,0.0,0.5
1680.7667,  1.00000000,1,0,0.0,0.5
1680.8000,  1.00000000,1,0,0.0,0.5
1680.8333,  1.00000000,1,0,0.0,0.5
1680.8667,  1.00000000,1,0,0.0,0.5
1680.9000,  1.00000000,1,0,0.0,0.5
1680.9333,  1.00000000,1,0,0.0,0.5
1680.9667,  1.00000000,1,0,0.0,0.5
1681.0000,  1.00000000,1,0,0.025000000000000001,0.5
1681.0333,  1.00000000,1,0,0.0,0.5
1681.0667,  1.00000000,1,0,0.025000000000000001,0.5
1681.1000,  1.00000000,1,0,0.025000000000000001,0.5
1681.1333,  1.00000000,1,0,0.0,0.5
1681.1667,  1.00000000,1,0,0.0,0.5
1681.2000,  1.00000000,1,0,0.0,0.5
1681.2333,  1.00000000,1,0,0.0,0.5
1681.2667,  1.00000000,1,0,0.0,0.5
1681.3000,  1.00000000,1,0,0.0,0.5
1681.3333,  1.00000000,1,0,0.025000000000000001,0.5
1681.3667,  1.00000000,1,0,0.025000000000000001,0.5
1681.4000,  1.00000000,1,0,0.0,0.5
1681.4333,  1.00000000,1,0,0.0,0.5
1681.4667,  1.00000000,1,0,0.0,0.5
1681.5000,  1.00000000,1,0,0.0,0.5
1681.5333,  1.00000000,1,0,0.0,0.5
1681.5667,  1.00000000,1,0,0.0,0.5
1681.6000,  1.00000000,1,0,0.025000000000000001,0.5
1681.6333,  1.00000000,1,0,0.0,0.5
1681.6667,  1.00000000,1,0,0.0,0.5
1681.7000,  1.00000000,1,0,0.025000000000000001,0.5
1681.7333,  1.00000000,1,0,0.0,0.5
1681.7667,  1.00000000,1,0,0.025000000000000001,0.5
1681.8000,  1.00000000,1,0,0.025000000000000001,0.5
1681.8333,  1.00000000,1,0,0.0,0.5
1681.8667,  1.00000000,1,0,0.025000000000000001,0.5
1681.9000,  1.00000000,1,0,0.0,0.5
1681.9333,  1.00000000,1,0,0.050000000000000003,0.5
1681.9667,  1.00000000,1,0,0.0,0.5
1682.0000,  1.00000000,1,0,0.0,0.5
1682.0333,  1.00000000,1,0,0.0,0.5
1682.0667,  1.00000000,1,0,0.050000000000000003,0.5
1682.1000,  1.00000000,1,0,0.0,0.5
1682.1333,  1.00000000,1,0,0.0,0.5
1682.1667,  1.00000000,1,0,0.0,0.5
1682.2000,  1.00000000,1,0,0.0,0.5
1682.2333,  1.00000000,1,0,0.0,0.5
1682.2667,  1.00000000,1,0,0.0,0.5
1682.3000,  1.00000000,1,0,0.0,0.5
1682.3333,  1.00000000,1,0,0.0,0.5
1682.3667,  1.00000000,1,0,0.025000000000000001,0.5
1682.4000,  1.00000000,1,0,0.0,0.5
1682.4333,  1.00000000,1,0,0.0,0.5
1682.4667,  1.00000000,1,0,0.0,0.5
1682.5000,  1.00000000,1,0,0.0,0.5
1682.5333,  1.00000000,1,0,0.025000000000000001,0.5
1682.5667,  1.00000000,1,0,0.0,0.5
1682.6000,  1.00000000,1,0,0.0,0.5
1682.6333,  1.00000000,1,0,0.0,0.5
1682.6667,  1.00000000,1,0,0.0,0.5
1682.7000,  1.00000000,1,0,0.0,0.5
1682.7333,  1.00000000,1,0,0.0,0.5
1682.7667,  1.00000000,1,0,0.0,0.5
1682.8000,  1.00000000,1,0,0.0,0.5
1682.8333,  1.00000000,1,0,0.025000000000000001,0.5
1682.8667,  1.00000000,1,0,0.0,0.5
1682.9000,  1.00000000,1,0,0.0,0.5
1682.9333,  1.00000000,1,0,0.0,0.5
1682.9667,  1.00000000,1,0,0.0,0.5
1683.0000,  1.00000000,1,0,0.0,0.5
1683.0333,  1.00000000,1,0,0.0,0.5
1683.0667,  1.00000000,1,0,0.0,0.5
1683.1000,  1.00000000,1,0,0.025000000000000001,0.5
1683.1333,  1.00000000,1,0,0.0,0.5
1683.1667,  1.00000000,1,0,0.025000000000000001,0.5
1683.2000,  1.00000000,1,0,0.0,0.5
1683.2333,  1.00000000,1,0,0.0,0.5
1683.2667,  1.00000000,1,0,0.0,0.5
1683.3000,  1.00000000,1,0,0.0,0.5
1683.3333,  1.00000000,1,0,0.025000000000000001,0.5
1683.3667,  1.00000000,1,0,0.025000000000000001,0.5
1683.4000,  1.00000000,1,0,0.0,0.5
1683.4333,  1.00000000,1,0,0.050000000000000003,0.5
1683.4667,  1.00000000,1,0,0.0,0.5
1683.5000,  1.00000000,1,0,0.0,0.5
1683.5333,  1.00000000,1,0,0.025000000000000001,0.5
1683.5667,  1.00000000,1,0,0.0,0.5
1683.6000,  1.00000000,1,0,0.0,0.5
1683.6333,  1.00000000,1,0,0.025000000000000001,0.5
1683.6667,  1.00000000,1,0,0.0,0.5
1683.7000,  1.00000000,1,0,0.0,0.5
1683.7333,  1.00000000,1,0,0.025000000000000001,0.5
1683.7667,  1.00000000,1,0,0.025000000000000001,0.5
1683.8000,  1.00000000,1,0,0.0,0.5
1683.8333,  1.00000000,1,0,0.0,0.5
1683.8667,  1.00000000,1,0,0.0,0.5
1683.9000,  1.00000000,1,0,0.0,0.5
1683.9333,  1.00000000,1,0,0.0,0.5
1683.9667,  1.00000000,1,0,0.0,0.5
1684.0000,  1.00000000,1,0,0.0,0.5
1684.0333,  1.00000000,1,0,0.0,0.5
1684.0667,  1.00000000,1,0,0.0,0.5
1684.1000,  1.00000000,1,0,0.0,0.5
1684.1333,  1.00000000,1,0,0.0,0.5
1684.1667,  1.00000000,1,0,0.0,0.5
1684.2000,  1.00000000,1,0,0.0,0.5
1684.2333,  1.00000000,1,0,0.0,0.5
1684.2667,  1.00000000,1,0,0.0,0.5
1684.3000,  1.00000000,1,0,0.0,0.5
1684.3333,  1.00000000,1,0,0.0,0.5
1684.3667,  1.00000000,1,0,0.0,0.5
1684.4000,  1.00000000,1,0,0.0,0.5
1684.4333,  1.00000000,1,0,0.025000000000000001,0.5
1684.4667,  1.00000000,1,0,0.0,0.5
1684.5000,  1.00000000,1,0,0.0,0.5
1684.5333,  1.00000000,1,0,0.0,0.5
1684.5667,  1.00000000,1,0,0.0,0.5
1684.6000,  1.00000000,1,0,0.0,0.5
1684.6333,  1.00000000,1,0,0.0,0.5
1684.6667,  1.00000000,1,0,0.0,0.5
1684.7000,  1.00000000,1,0,0.0,0.5
1684.7333,  1.00000000,1,0,0.0,0.5
1684.7667,  1.00000000,1,0,0.0,0.5
1684.8000,  1.00000000,1,0,0.025000000000000001,0.5
1684.8333,  1.00000000,1,0,0.025000000000000001,0.5
1684.8667,  1.00000000,1,0,0.025000000000000001,0.5
1684.9000,  1.00000000,1,0,0.025000000000000001,0.5
1684.9333,  1.00000000,1,0,0.0,0.5
1684.9667,  1.00000000,1,0,0.025000000000000001,0.5
1685.0000,  1.00000000,1,0,0.025000000000000001,0.5
1685.0333,  1.00000000,1,0,0.025000000000000001,0.5
1685.0667,  1.00000000,1,0,0.025000000000000001,0.5
1685.1000,  1.00000000,1,0,0.0,0.5
1685.1333,  1.00000000,1,0,0.0,0.5
1685.1667,  1.00000000,1,0,0.0,0.5
1685.2000,  1.00000000,1,0,0.0,0.5
1685.2333,  1.00000000,1,0,0.0,0.5
1685.2667,  1.00000000,1,0,0.0,0.5
1685.3000,  1.00000000,1,0,0.0,0.5
1685.3333,  1.00000000,1,0,0.0,0.5
1685.3667,  1.00000000,1,0,0.0,0.5
1685.4000,  1.00000000,1,0,0.0,0.5
1685.4333,  1.00000000,1,0,0.0,0.5
1685.4667,  1.00000000,1,0,0.0,0.5
1685.5000,  1.00000000,1,0,0.025000000000000001,0.5
1685.5333,  1.00000000,1,0,0.0,0.5
1685.5667,  1.00000000,1,0,0.0,0.5
1685.6000,  1.00000000,1,0,0.0,0.5
1685.6333,  1.00000000,1,0,0.0,0.5
1685.6667,  1.00000000,1,0,0.0,0.5
1685.7000,  1.00000000,1,0,0.0,0.5
1685.7333,  1.00000000,1,0,0.0,0.5
1685.7667,  1.00000000,1,0,0.0,0.5
1685.8000,  1.00000000,1,0,0.0,0.5
1685.8333,  1.00000000,1,0,0.0,0.5
1685.8667,  1.00000000,1,0,0.0,0.5
1685.9000,  1.00000000,1,0,0.0,0.5
1685.9333,  1.00000000,1,0,0.025000000000000001,0.5
1685.9667,  1.00000000,1,0,0.0,0.5
1686.0000,  1.00000000,1,0,0.0,0.5
1686.0333,  1.00000000,1,0,0.0,0.5
1686.0667,  1.00000000,1,0,0.0,0.5
1686.1000,  1.00000000,1,0,0.0,0.5
1686.1333,  1.00000000,1,0,0.0,0.5
1686.1667,  1.00000000,1,0,0.0,0.5
1686.2000,  1.00000000,1,0,0.0,0.5
1686.2333,  1.00000000,1,0,0.025000000000000001,0.5
1686.2667,  1.00000000,1,0,0.0,0.5
1686.3000,  1.00000000,1,0,0.025000000000000001,0.5
1686.3333,  1.00000000,1,0,0.025000000000000001,0.5
1686.3667,  1.00000000,1,0,0.025000000000000001,0.5
1686.4000,  1.00000000,1,0,0.0,0.5
1686.4333,  1.00000000,1,0,0.0,0.5
1686.4667,  1.00000000,1,0,0.0,0.5
1686.5000,  1.00000000,1,0,0.0,0.5
1686.5333,  1.00000000,1,0,0.0,0.5
1686.5667,  1.00000000,1,0,0.0,0.5
1686.6000,  1.00000000,1,0,0.0,0.5
1686.6333,  1.00000000,1,0,0.0,0.5
1686.6667,  1.00000000,1,0,0.0,0.5
1686.7000,  1.00000000,1,0,0.0,0.5
1686.7333,  1.00000000,1,0,0.0,0.5
1686.7667,  1.00000000,1,0,0.0,0.5
1686.8000,  1.00000000,1,0,0.0,0.5
1686.8333,  1.00000000,1,0,0.0,0.5
1686.8667,  1.00000000,1,0,0.0,0.5
1686.9000,  1.00000000,1,0,0.025000000000000001,0.5
1686.9333,  1.00000000,1,0,0.025000000000000001,0.5
1686.9667,  1.00000000,1,0,0.0,0.5
1687.0000,  1.00000000,1,0,0.0,0.5
1687.0333,  1.00000000,1,0,0.0,0.5
1687.0667,  1.00000000,1,0,0.0,0.5
1687.1000,  1.00000000,1,0,0.025000000000000001,0.5
1687.1333,  1.00000000,1,0,0.0,0.5
1687.1667,  1.00000000,1,0,0.0,0.5
1687.2000,  1.00000000,1,0,0.0,0.5
1687.2333,  1.00000000,1,0,0.050000000000000003,0.5
1687.2667,  1.00000000,1,0,0.025000000000000001,0.5
1687.3000,  1.00000000,1,0,0.0,0.5
1687.3333,  1.00000000,1,0,0.0,0.5
1687.3667,  1.00000000,1,0,0.0,0.5
1687.4000,  1.00000000,1,0,0.025000000000000001,0.5
1687.4333,  1.00000000,1,0,0.0,0.5
1687.4667,  1.00000000,1,0,0.0,0.5
1687.5000,  1.00000000,1,0,0.0,0.5
1687.5333,  1.00000000,1,0,0.0,0.5
1687.5667,  1.00000000,1,0,0.0,0.5
1687.6000,  1.00000000,1,0,0.0,0.5
1687.6333,  1.00000000,1,0,0.0,0.5
1687.6667,  1.00000000,1,0,0.0,0.5
1687.7000,  1.00000000,1,0,0.025000000000000001,0.5
1687.7333,  1.00000000,1,0,0.0,0.5
1687.7667,  1.00000000,1,0,0.025000000000000001,0.5
1687.8000,  1.00000000,1,0,0.025000000000000001,0.5
1687.8333,  1.00000000,1,0,0.0,0.5
1687.8667,  1.00000000,1,0,0.0,0.5
1687.9000,  1.00000000,1,0,0.025000000000000001,0.5
1687.9333,  1.00000000,1,0,0.0,0.5
1687.9667,  1.00000000,1,0,0.0,0.5
1688.0000,  1.00000000,1,0,0.025000000000000001,0.5
1688.0333,  1.00000000,1,0,0.0,0.5
1688.0667,  1.00000000,1,0,0.025000000000000001,0.5
1688.1000,  1.00000000,1,0,0.0,0.5
1688.1333,  1.00000000,1,0,0.050000000000000003,0.5
1688.1667,  1.00000000,1,0,0.050000000000000003,0.5
1688.2000,  1.00000000,1,0,0.0,0.5
1688.2333,  1.00000000,1,0,0.0,0.5
1688.2667,  1.00000000,1,0,0.025000000000000001,0.5
1688.3000,  1.00000000,1,0,0.025000000000000001,0.5
1688.3333,  1.00000000,1,0,0.0,0.5
1688.3667,  1.00000000,1,0,0.025000000000000001,0.5
1688.4000,  1.00000000,1,0,0.025000000000000001,0.5
1688.4333,  1.00000000,1,0,0.0,0.5
1688.4667,  1.00000000,1,0,0.0,0.5
1688.5000,  1.00000000,1,0,0.0,0.5
1688.5333,  1.00000000,1,0,0.0,0.5
1688.5667,  1.00000000,1,0,0.0,0.5
1688.6000,  1.00000000,1,0,0.0,0.5
1688.6333,  1.00000000,1,0,0.0,0.5
1688.6667,  1.00000000,1,0,0.0,0.5
1688.7000,  1.00000000,1,0,0.0,0.5
1688.7333,  1.00000000,1,0,0.0,0.5
1688.7667,  1.00000000,1,0,0.0,0.5
1688.8000,  1.00000000,1,0,0.0,0.5
1688.8333,  1.00000000,1,0,0.0,0.5
1688.8667,  1.00000000,1,0,0.0,0.5
1688.9000,  1.00000000,1,0,0.0,0.5
1688.9333,  1.00000000,1,0,0.0,0.5
1688.9667,  1.00000000,1,0,0.025000000000000001,0.5
1689.0000,  1.00000000,1,0,0.0,0.5
1689.0333,  1.00000000,1,0,0.0,0.5
1689.0667,  1.00000000,1,0,0.0,0.5
1689.1000,  1.00000000,1,0,0.0,0.5
1689.1333,  1.00000000,1,0,0.0,0.5
1689.1667,  1.00000000,1,0,0.0,0.5
1689.2000,  1.00000000,1,0,0.0,0.5
1689.2333,  1.00000000,1,0,0.0,0.5
1689.2667,  1.00000000,1,0,0.025000000000000001,0.5
1689.3000,  1.00000000,1,0,0.0,0.5
1689.3333,  1.00000000,1,0,0.025000000000000001,0.5
1689.3667,  1.00000000,1,0,0.0,0.5
1689.4000,  1.00000000,1,0,0.025000000000000001,0.5
1689.4333,  1.00000000,1,0,0.0,0.5
1689.4667,  1.00000000,1,0,0.025000000000000001,0.5
1689.5000,  1.00000000,1,0,0.0,0.5
1689.5333,  1.00000000,1,0,0.0,0.5
1689.5667,  1.00000000,1,0,0.0,0.5
1689.6000,  1.00000000,1,0,0.050000000000000003,0.5
1689.6333,  1.00000000,1,0,0.0,0.5
1689.6667,  1.00000000,1,0,0.0,0.5
1689.7000,  1.00000000,1,0,0.0,0.5
1689.7333,  1.00000000,1,0,0.025000000000000001,0.5
1689.7667,  1.00000000,1,0,0.025000000000000001,0.5
1689.8000,  1.00000000,1,0,0.0,0.5
1689.8333,  1.00000000,1,0,0.0,0.5
1689.8667,  1.00000000,1,0,0.0,0.5
1689.9000,  1.00000000,1,0,0.0,0.5
1689.9333,  1.00000000,1,0,0.0,0.5
1689.9667,  1.00000000,1,0,0.0,0.5
1690.0000,  1.00000000,1,0,0.0,0.5
1690.0333,  1.00000000,1,0,0.0,0.5
1690.0667,  1.00000000,1,0,0.0,0.5
1690.1000,  1.00000000,1,0,0.0,0.5
1690.1333,  1.00000000,1,0,0.025000000000000001,0.5
1690.1667,  1.00000000,1,0,0.0,0.5
1690.2000,  1.00000000,1,0,0.0,0.5
1690.2333,  1.00000000,1,0,0.0,0.5
1690.2667,  1.00000000,1,0,0.025000000000000001,0.5
1690.3000,  1.00000000,1,0,0.0,0.5
1690.3333,  1.00000000,1,0,0.025000000000000001,0.5
1690.3667,  1.00000000,1,0,0.0,0.5
1690.4000,  1.00000000,1,0,0.0,0.5
1690.4333,  1.00000000,1,0,0.0,0.5
1690.4667,  1.00000000,1,0,0.0,0.5
1690.5000,  1.00000000,1,0,0.0,0.5
1690.5333,  1.00000000,1,0,0.0,0.5
1690.5667,  1.00000000,1,0,0.0,0.5
1690.6000,  1.00000000,1,0,0.0,0.5
1690.6333,  1.00000000,1,0,0.025000000000000001,0.5
1690.6667,  1.00000000,1,0,0.0,0.5
1690.7000,  1.00000000,1,0,0.0,0.5
1690.7333,  1.00000000,1,0,0.0,0.5
1690.7667,  1.00000000,1,0,0.0,0.5
1690.8000,  1.00000000,1,0,0.0,0.5
1690.8333,  1.00000000,1,0,0.0,0.5
1690.8667,  1.00000000,1,0,0.025000000000000001,0.5
1690.9000,  1.00000000,1,0,0.025000000000000001,0.5
1690.9333,  1.00000000,1,0,0.0,0.5
1690.9667,  1.00000000,1,0,0.0,0.5
1691.0000,  1.00000000,1,0,0.0,0.5
1691.0333,  1.00000000,1,0,0.0,0.5
1691.0667,  1.00000000,1,0,0.0,0.5
1691.1000,  1.00000000,1,0,0.0,0.5
1691.1333,  1.00000000,1,0,0.0,0.5
1691.1667,  1.00000000,1,0,0.0,0.5
1691.2000,  1.00000000,1,0,0.0,0.5
1691.2333,  1.00000000,1,0,0.0,0.5
1691.2667,  1.00000000,1,0,0.0,0.5
1691.3000,  1.00000000,1,0,0.025000000000000001,0.5
1691.3333,  1.00000000,1,0,0.0,0.5
1691.3667,  1.00000000,1,0,0.0,0.5
1691.4000,  1.00000000,1,0,0.0,0.5
1691.4333,  1.00000000,1,0,0.0,0.5
1691.4667,  1.00000000,1,0,0.0,0.5
1691.5000,  1.00000000,1,0,0.0,0.5
1691.5333,  1.00000000,1,0,0.050000000000000003,0.5
1691.5667,  1.00000000,1,0,0.025000000000000001,0.5
1691.6000,  1.00000000,1,0,0.0,0.5
1691.6333,  1.00000000,1,0,0.050000000000000003,0.5
1691.6667,  1.00000000,1,0,0.0,0.5
1691.7000,  1.00000000,1,0,0.050000000000000003,0.5
1691.7333,  1.00000000,1,0,0.025000000000000001,0.5
1691.7667,  1.00000000,1,0,0.0,0.5
1691.8000,  1.00000000,1,0,0.0,0.5
1691.8333,  1.00000000,1,0,0.0,0.5
1691.8667,  1.00000000,1,0,0.0,0.5
1691.9000,  1.00000000,1,0,0.0,0.5
1691.9333,  1.00000000,1,0,0.0,0.5
1691.9667,  1.00000000,1,0,0.0,0.5
1692.0000,  1.00000000,1,0,0.0,0.5
1692.0333,  1.00000000,1,0,0.025000000000000001,0.5
1692.0667,  1.00000000,1,0,0.0,0.5
1692.1000,  1.00000000,1,0,0.025000000000000001,0.5
1692.1333,  1.00000000,1,0,0.0,0.5
1692.1667,  1.00000000,1,0,0.0,0.5
1692.2000,  1.00000000,1,0,0.0,0.5
1692.2333,  1.00000000,1,0,0.025000000000000001,0.5
1692.2667,  1.00000000,1,0,0.0,0.5
1692.3000,  1.00000000,1,0,0.0,0.5
1692.3333,  1.00000000,1,0,0.0,0.5
1692.3667,  1.00000000,1,0,0.0,0.5
1692.4000,  1.00000000,1,0,0.025000000000000001,0.5
1692.4333,  1.00000000,1,0,0.0,0.5
1692.4667,  1.00000000,1,0,0.025000000000000001,0.5
1692.5000,  1.00000000,1,0,0.025000000000000001,0.5
1692.5333,  1.00000000,1,0,0.0,0.5
1692.5667,  1.00000000,1,0,0.0,0.5
1692.6000,  1.00000000,1,0,0.025000000000000001,0.5
1692.6333,  1.00000000,1,0,0.0,0.5
1692.6667,  1.00000000,1,0,0.0,0.5
1692.7000,  1.00000000,1,0,0.0,0.5
1692.7333,  1.00000000,1,0,0.0,0.5
1692.7667,  1.00000000,1,0,0.0,0.5
1692.8000,  1.00000000,1,0,0.0,0.5
1692.8333,  1.00000000,1,0,0.0,0.5
1692.8667,  1.00000000,1,0,0.025000000000000001,0.5
1692.9000,  1.00000000,1,0,0.0,0.5
1692.9333,  1.00000000,1,0,0.050000000000000003,0.5
1692.9667,  1.00000000,1,0,0.0,0.5
1693.0000,  1.00000000,1,0,0.0,0.5
1693.0333,  1.00000000,1,0,0.0,0.5
1693.0667,  1.00000000,1,0,0.0,0.5
1693.1000,  1.00000000,1,0,0.0,0.5
1693.1333,  1.00000000,1,0,0.0,0.5
1693.1667,  1.00000000,1,0,0.0,0.5
1693.2000,  1.00000000,1,0,0.0,0.5
1693.2333,  1.00000000,1,0,0.0,0.5
1693.2667,  1.00000000,1,0,0.0,0.5
1693.3000,  1.00000000,1,0,0.0,0.5
1693.3333,  1.00000000,1,0,0.0,0.5
1693.3667,  1.00000000,1,0,0.0,0.5
1693.4000,  1.00000000,1,0,0.025000000000000001,0.5
1693.4333,  1.00000000,1,0,0.025000000000000001,0.5
1693.4667,  1.00000000,1,0,0.0,0.5
1693.5000,  1.00000000,1,0,0.0,0.5
1693.5333,  1.00000000,1,0,0.0,0.5
1693.5667,  1.00000000,1,0,0.025000000000000001,0.5
1693.6000,  1.00000000,1,0,0.0,0.5
1693.6333,  1.00000000,1,0,0.0,0.5
1693.6667,  1.00000000,1,0,0.0,0.5
1693.7000,  1.00000000,1,0,0.0,0.5
1693.7333,  1.00000000,1,0,0.0,0.5
1693.7667,  1.00000000,1,0,0.0,0.5
1693.8000,  1.00000000,1,0,0.0,0.5
1693.8333,  1.00000000,1,0,0.0,0.5
1693.8667,  1.00000000,1,0,0.0,0.5
1693.9000,  1.00000000,1,0,0.0,0.5
1693.9333,  1.00000000,1,0,0.0,0.5
1693.9667,  1.00000000,1,0,0.0,0.5
1694.0000,  1.00000000,1,0,0.0,0.5
1694.0333,  1.00000000,1,0,0.0,0.5
1694.0667,  1.00000000,1,0,0.025000000000000001,0.5
1694.1000,  1.00000000,1,0,0.0,0.5
1694.1333,  1.00000000,1,0,0.0,0.5
1694.1667,  1.00000000,1,0,0.0,0.5
1694.2000,  1.00000000,1,0,0.0,0.5
1694.2333,  1.00000000,1,0,0.0,0.5
1694.2667,  1.00000000,1,0,0.0,0.5
1694.3000,  1.00000000,1,0,0.0,0.5
1694.3333,  1.00000000,1,0,0.0,0.5
1694.3667,  1.00000000,1,0,0.0,0.5
1694.4000,  1.00000000,1,0,0.0,0.5
1694.4333,  1.00000000,1,0,0.0,0.5
1694.4667,  1.00000000,1,0,0.025000000000000001,0.5
1694.5000,  1.00000000,1,0,0.025000000000000001,0.5
1694.5333,  1.00000000,1,0,0.0,0.5
1694.5667,  1.00000000,1,0,0.025000000000000001,0.5
1694.6000,  1.00000000,1,0,0.0,0.5
1694.6333,  1.00000000,1,0,0.0,0.5
1694.6667,  1.00000000,1,0,0.0,0.5
1694.7000,  1.00000000,1,0,0.0,0.5
1694.7333,  1.00000000,1,0,0.0,0.5
1694.7667,  1.00000000,1,0,0.0,0.5
1694.8000,  1.00000000,1,0,0.0,0.5
1694.8333,  1.00000000,1,0,0.0,0.5
1694.8667,  1.00000000,1,0,0.025000000000000001,0.5
1694.9000,  1.00000000,1,0,0.0,0.5
1694.9333,  1.00000000,1,0,0.0,0.5
1694.9667,  1.00000000,1,0,0.025000000000000001,0.5
1695.0000,  1.00000000,1,0,0.0,0.5
1695.0333,  1.00000000,1,0,0.0,0.5
1695.0667,  1.00000000,1,0,0.025000000000000001,0.5
1695.1000,  1.00000000,1,0,0.0,0.5
1695.1333,  1.00000000,1,0,0.0,0.5
1695.1667,  1.00000000,1,0,0.0,0.5
1695.2000,  1.00000000,1,0,0.0,0.5
1695.2333,  1.00000000,1,0,0.0,0.5
1695.2667,  1.00000000,1,0,0.0,0.5
1695.3000,  1.00000000,1,0,0.025000000000000001,0.5
1695.3333,  1.00000000,1,0,0.0,0.5
1695.3667,  1.00000000,1,0,0.0,0.5
1695.4000,  1.00000000,1,0,0.0,0.5
1695.4333,  1.00000000,1,0,0.0,0.5
1695.4667,  1.00000000,1,0,0.0,0.5
1695.5000,  1.00000000,1,0,0.0,0.5
1695.5333,  1.00000000,1,0,0.0,0.5
1695.5667,  1.00000000,1,0,0.0,0.5
1695.6000,  1.00000000,1,0,0.0,0.5
1695.6333,  1.00000000,1,0,0.0,0.5
1695.6667,  1.00000000,1,0,0.0,0.5
1695.7000,  1.00000000,1,0,0.0,0.5
1695.7333,  1.00000000,1,0,0.0,0.5
1695.7667,  1.00000000,1,0,0.025000000000000001,0.5
1695.8000,  1.00000000,1,0,0.0,0.5
1695.8333,  1.00000000,1,0,0.0,0.5
1695.8667,  1.00000000,1,0,0.0,0.5
1695.9000,  1.00000000,1,0,0.0,0.5
1695.9333,  1.00000000,1,0,0.0,0.5
1695.9667,  1.00000000,1,0,0.0,0.5
1696.0000,  1.00000000,1,0,0.0,0.5
1696.0333,  1.00000000,1,0,0.025000000000000001,0.5
1696.0667,  1.00000000,1,0,0.0,0.5
1696.1000,  1.00000000,1,0,0.0,0.5
1696.1333,  1.00000000,1,0,0.0,0.5
1696.1667,  1.00000000,1,0,0.0,0.5
1696.2000,  1.00000000,1,0,0.0,0.5
1696.2333,  1.00000000,1,0,0.0,0.5
1696.2667,  1.00000000,1,0,0.0,0.5
1696.3000,  1.00000000,1,0,0.025000000000000001,0.5
1696.3333,  1.00000000,1,0,0.0,0.5
1696.3667,  1.00000000,1,0,0.0,0.5
1696.4000,  1.00000000,1,0,0.025000000000000001,0.5
1696.4333,  1.00000000,1,0,0.0,0.5
1696.4667,  1.00000000,1,0,0.0,0.5
1696.5000,  1.00000000,1,0,0.0,0.5
1696.5333,  1.00000000,1,0,0.0,0.5
1696.5667,  1.00000000,1,0,0.0,0.5
1696.6000,  1.00000000,1,0,0.0,0.5
1696.6333,  1.00000000,1,0,0.0,0.5
1696.6667,  1.00000000,1,0,0.0,0.5
1696.7000,  1.00000000,1,0,0.0,0.5
1696.7333,  1.00000000,1,0,0.0,0.5
1696.7667,  1.00000000,1,0,0.025000000000000001,0.5
1696.8000,  1.00000000,1,0,0.0,0.5
1696.8333,  1.00000000,1,0,0.0,0.5
1696.8667,  1.00000000,1,0,0.025000000000000001,0.5
1696.9000,  1.00000000,1,0,0.0,0.5
1696.9333,  1.00000000,1,0,0.0,0.5
1696.9667,  1.00000000,1,0,0.0,0.5
1697.0000,  1.00000000,1,0,0.0,0.5
1697.0333,  1.00000000,1,0,0.0,0.5
1697.0667,  1.00000000,1,0,0.025000000000000001,0.5
1697.1000,  1.00000000,1,0,0.0,0.5
1697.1333,  1.00000000,1,0,0.0,0.5
1697.1667,  1.00000000,1,0,0.0,0.5
1697.2000,  1.00000000,1,0,0.025000000000000001,0.5
1697.2333,  1.00000000,1,0,0.025000000000000001,0.5
1697.2667,  1.00000000,1,0,0.0,0.5
1697.3000,  1.00000000,1,0,0.0,0.5
1697.3333,  1.00000000,1,0,0.0,0.5
1697.3667,  1.00000000,1,0,0.0,0.5
1697.4000,  1.00000000,1,0,0.0,0.5
1697.4333,  1.00000000,1,0,0.0,0.5
1697.4667,  1.00000000,1,0,0.025000000000000001,0.5
1697.5000,  1.00000000,1,0,0.0,0.5
1697.5333,  1.00000000,1,0,0.0,0.5
1697.5667,  1.00000000,1,0,0.0,0.5
1697.6000,  1.00000000,1,0,0.0,0.5
1697.6333,  1.00000000,1,0,0.0,0.5
1697.6667,  1.00000000,1,0,0.0,0.5
1697.7000,  1.00000000,1,0,0.025000000000000001,0.5
1697.7333,  1.00000000,1,0,0.0,0.5
1697.7667,  1.00000000,1,0,0.0,0.5
1697.8000,  1.00000000,1,0,0.0,0.5
1697.8333,  1.00000000,1,0,0.025000000000000001,0.5
1697.8667,  1.00000000,1,0,0.0,0.5
1697.9000,  1.00000000,1,0,0.0,0.5
1697.9333,  1.00000000,1,0,0.0,0.5
1697.9667,  1.00000000,1,0,0.0,0.5
1698.0000,  1.00000000,1,0,0.0,0.5
1698.0333,  1.00000000,1,0,0.0,0.5
1698.0667,  1.00000000,1,0,0.0,0.5
1698.1000,  1.00000000,1,0,0.025000000000000001,0.5
1698.1333,  1.00000000,1,0,0.0,0.5
1698.1667,  1.00000000,1,0,0.0,0.5
1698.2000,  1.00000000,1,0,0.0,0.5
1698.2333,  1.00000000,1,0,0.0,0.5
1698.2667,  1.00000000,1,0,0.0,0.5
1698.3000,  1.00000000,1,0,0.0,0.5
1698.3333,  1.00000000,1,0,0.0,0.5
1698.3667,  1.00000000,1,0,0.0,0.5
1698.4000,  1.00000000,1,0,0.0,0.5
1698.4333,  1.00000000,1,0,0.0,0.5
1698.4667,  1.00000000,1,0,0.0,0.5
1698.5000,  1.00000000,1,0,0.0,0.5
1698.5333,  1.00000000,1,0,0.0,0.5
1698.5667,  1.00000000,1,0,0.0,0.5
1698.6000,  1.00000000,1,0,0.0,0.5
1698.6333,  1.00000000,1,0,0.0,0.5
1698.6667,  1.00000000,1,0,0.0,0.5
1698.7000,  1.00000000,1,0,0.0,0.5
1698.7333,  1.00000000,1,0,0.0,0.5
1698.7667,  1.00000000,1,0,0.0,0.5
1698.8000,  1.00000000,1,0,0.0,0.5
1698.8333,  1.00000000,1,0,0.0,0.5
1698.8667,  1.00000000,1,0,0.0,0.5
1698.9000,  1.00000000,1,0,0.0,0.5
1698.9333,  1.00000000,1,0,0.0,0.5
1698.9667,  1.00000000,1,0,0.025000000000000001,0.5
1699.0000,  1.00000000,1,0,0.025000000000000001,0.5
1699.0333,  1.00000000,1,0,0.050000000000000003,0.5
1699.0667,  1.00000000,1,0,0.0,0.5
1699.1000,  1.00000000,1,0,0.0,0.5
1699.1333,  1.00000000,1,0,0.050000000000000003,0.5
1699.1667,  1.00000000,1,0,0.050000000000000003,0.5
1699.2000,  1.00000000,1,0,0.0,0.5
1699.2333,  1.00000000,1,0,0.0,0.5
1699.2667,  1.00000000,1,0,0.0,0.5
1699.3000,  1.00000000,1,0,0.0,0.5
1699.3333,  1.00000000,1,0,0.0,0.5
1699.3667,  1.00000000,1,0,0.0,0.5
1699.4000,  1.00000000,1,0,0.0,0.5
1699.4333,  1.00000000,1,0,0.0,0.5
1699.4667,  1.00000000,1,0,0.0,0.5
1699.5000,  1.00000000,1,0,0.0,0.5
1699.5333,  1.00000000,1,0,0.0,0.5
1699.5667,  1.00000000,1,0,0.0,0.5
1699.6000,  1.00000000,1,0,0.0,0.5
1699.6333,  1.00000000,1,0,0.0,0.5
1699.6667,  1.00000000,1,0,0.0,0.5
1699.7000,  1.00000000,1,0,0.0,0.5
1699.7333,  1.00000000,1,0,0.0,0.5
1699.7667,  1.00000000,1,0,0.0,0.5
1699.8000,  1.00000000,1,0,0.0,0.5
1699.8333,  1.00000000,1,0,0.0,0.5
1699.8667,  1.00000000,1,0,0.0,0.5
1699.9000,  1.00000000,1,0,0.025000000000000001,0.5
1699.9333,  1.00000000,1,0,0.0,0.5
1699.9667,  1.00000000,1,0,0.0,0.5
1700.0000,  1.00000000,1,0,0.0,0.5
1700.0333,  1.00000000,1,0,0.0,0.5
1700.0667,  1.00000000,1,0,0.0,0.5
1700.1000,  1.00000000,1,0,0.0,0.5
1700.1333,  1.00000000,1,0,0.0,0.5
1700.1667,  1.00000000,1,0,0.0,0.5
1700.2000,  1.00000000,1,0,0.0,0.5
1700.2333,  1.00000000,1,0,0.0,0.5
1700.2667,  1.00000000,1,0,0.0,0.5
1700.3000,  1.00000000,1,0,0.025000000000000001,0.5
1700.3333,  1.00000000,1,0,0.0,0.5
1700.3667,  1.00000000,1,0,0.0,0.5
1700.4000,  1.00000000,1,0,0.0,0.5
1700.4333,  1.00000000,1,0,0.0,0.5
1700.4667,  1.00000000,1,0,0.0,0.5
1700.5000,  1.00000000,1,0,0.025000000000000001,0.5
1700.5333,  1.00000000,1,0,0.0,0.5
1700.5667,  1.00000000,1,0,0.0,0.5
1700.6000,  1.00000000,1,0,0.025000000000000001,0.5
1700.6333,  1.00000000,1,0,0.0,0.5
1700.6667,  1.00000000,1,0,0.0,0.5
1700.7000,  1.00000000,1,0,0.0,0.5
1700.7333,  1.00000000,1,0,0.0,0.5
1700.7667,  1.00000000,1,0,0.025000000000000001,0.5
1700.8000,  1.00000000,1,0,0.025000000000000001,0.5
1700.8333,  1.00000000,1,0,0.0,0.5
1700.8667,  1.00000000,1,0,0.0,0.5
1700.9000,  1.00000000,1,0,0.0,0.5
1700.9333,  1.00000000,1,0,0.025000000000000001,0.5
1700.9667,  1.00000000,1,0,0.0,0.5
1701.0000,  1.00000000,1,0,0.0,0.5
1701.0333,  1.00000000,1,0,0.0,0.5
1701.0667,  1.00000000,1,0,0.0,0.5
1701.1000,  1.00000000,1,0,0.0,0.5
1701.1333,  1.00000000,1,0,0.0,0.5
1701.1667,  1.00000000,1,0,0.025000000000000001,0.5
1701.2000,  1.00000000,1,0,0.0,0.5
1701.2333,  1.00000000,1,0,0.0,0.5
1701.2667,  1.00000000,1,0,0.0,0.5
1701.3000,  1.00000000,1,0,0.0,0.5
1701.3333,  1.00000000,1,0,0.0,0.5
1701.3667,  1.00000000,1,0,0.0,0.5
1701.4000,  1.00000000,1,0,0.0,0.5
1701.4333,  1.00000000,1,0,0.025000000000000001,0.5
1701.4667,  1.00000000,1,0,0.025000000000000001,0.5
1701.5000,  1.00000000,1,0,0.050000000000000003,0.5
1701.5333,  1.00000000,1,0,0.0,0.5
1701.5667,  1.00000000,1,0,0.0,0.5
1701.6000,  1.00000000,1,0,0.0,0.5
1701.6333,  1.00000000,1,0,0.0,0.5
1701.6667,  1.00000000,1,0,0.025000000000000001,0.5
1701.7000,  1.00000000,1,0,0.0,0.5
1701.7333,  1.00000000,1,0,0.025000000000000001,0.5
1701.7667,  1.00000000,1,0,0.0,0.5
1701.8000,  1.00000000,1,0,0.0,0.5
1701.8333,  1.00000000,1,0,0.0,0.5
1701.8667,  1.00000000,1,0,0.0,0.5
1701.9000,  1.00000000,1,0,0.025000000000000001,0.5
1701.9333,  1.00000000,1,0,0.0,0.5
1701.9667,  1.00000000,1,0,0.0,0.5
1702.0000,  1.00000000,1,0,0.0,0.5
1702.0333,  1.00000000,1,0,0.0,0.5
1702.0667,  1.00000000,1,0,0.0,0.5
1702.1000,  1.00000000,1,0,0.0,0.5
1702.1333,  1.00000000,1,0,0.025000000000000001,0.5
1702.1667,  1.00000000,1,0,0.0,0.5
1702.2000,  1.00000000,1,0,0.0,0.5
1702.2333,  1.00000000,1,0,0.0,0.5
1702.2667,  1.00000000,1,0,0.0,0.5
1702.3000,  1.00000000,1,0,0.0,0.5
1702.3333,  1.00000000,1,0,0.0,0.5
1702.3667,  1.00000000,1,0,0.025000000000000001,0.5
1702.4000,  1.00000000,1,0,0.0,0.5
1702.4333,  1.00000000,1,0,0.0,0.5
1702.4667,  1.00000000,1,0,0.0,0.5
1702.5000,  1.00000000,1,0,0.0,0.5
1702.5333,  1.00000000,1,0,0.0,0.5
1702.5667,  1.00000000,1,0,0.0,0.5
1702.6000,  1.00000000,1,0,0.0,0.5
1702.6333,  1.00000000,1,0,0.0,0.5
1702.6667,  1.00000000,1,0,0.0,0.5
1702.7000,  1.00000000,1,0,0.0,0.5
1702.7333,  1.00000000,1,0,0.0,0.5
1702.7667,  1.00000000,1,0,0.0,0.5
1702.8000,  1.00000000,1,0,0.0,0.5
1702.8333,  1.00000000,1,0,0.0,0.5
1702.8667,  1.00000000,1,0,0.025000000000000001,0.5
1702.9000,  1.00000000,1,0,0.0,0.5
1702.9333,  1.00000000,1,0,0.0,0.5
1702.9667,  1.00000000,1,0,0.0,0.5
1703.0000,  1.00000000,1,0,0.0,0.5
1703.0333,  1.00000000,1,0,0.0,0.5
1703.0667,  1.00000000,1,0,0.0,0.5
1703.1000,  1.00000000,1,0,0.0,0.5
1703.1333,  1.00000000,1,0,0.0,0.5
1703.1667,  1.00000000,1,0,0.0,0.5
1703.2000,  1.00000000,1,0,0.025000000000000001,0.5
1703.2333,  1.00000000,1,0,0.0,0.5
1703.2667,  1.00000000,1,0,0.0,0.5
1703.3000,  1.00000000,1,0,0.0,0.5
1703.3333,  1.00000000,1,0,0.0,0.5
1703.3667,  1.00000000,1,0,0.0,0.5
1703.4000,  1.00000000,1,0,0.0,0.5
1703.4333,  1.00000000,1,0,0.0,0.5
1703.4667,  1.00000000,1,0,0.0,0.5
1703.5000,  1.00000000,1,0,0.0,0.5
1703.5333,  1.00000000,1,0,0.0,0.5
1703.5667,  1.00000000,1,0,0.0,0.5
1703.6000,  1.00000000,1,0,0.0,0.5
1703.6333,  1.00000000,1,0,0.0,0.5
1703.6667,  1.00000000,1,0,0.025000000000000001,0.5
1703.7000,  1.00000000,1,0,0.0,0.5
1703.7333,  1.00000000,1,0,0.025000000000000001,0.5
1703.7667,  1.00000000,1,0,0.025000000000000001,0.5
1703.8000,  1.00000000,1,0,0.0,0.5
1703.8333,  1.00000000,1,0,0.0,0.5
1703.8667,  1.00000000,1,0,0.0,0.5
1703.9000,  1.00000000,1,0,0.0,0.5
1703.9333,  1.00000000,1,0,0.0,0.5
1703.9667,  1.00000000,1,0,0.025000000000000001,0.5
1704.0000,  1.00000000,1,0,0.0,0.5
1704.0333,  1.00000000,1,0,0.0,0.5
1704.0667,  1.00000000,1,0,0.0,0.5
1704.1000,  1.00000000,1,0,0.0,0.5
1704.1333,  1.00000000,1,0,0.0,0.5
1704.1667,  1.00000000,1,0,0.0,0.5
1704.2000,  1.00000000,1,0,0.0,0.5
1704.2333,  1.00000000,1,0,0.0,0.5
1704.2667,  1.00000000,1,0,0.0,0.5
1704.3000,  1.00000000,1,0,0.0,0.5
1704.3333,  1.00000000,1,0,0.0,0.5
1704.3667,  1.00000000,1,0,0.0,0.5
1704.4000,  1.00000000,1,0,0.0,0.5
1704.4333,  1.00000000,1,0,0.0,0.5
1704.4667,  1.00000000,1,0,0.0,0.5
1704.5000,  1.00000000,1,0,0.0,0.5
1704.5333,  1.00000000,1,0,0.0,0.5
1704.5667,  1.00000000,1,0,0.0,0.5
1704.6000,  1.00000000,1,0,0.0,0.5
1704.6333,  1.00000000,1,0,0.0,0.5
1704.6667,  1.00000000,1,0,0.025000000000000001,0.5
1704.7000,  1.00000000,1,0,0.0,0.5
1704.7333,  1.00000000,1,0,0.025000000000000001,0.5
1704.7667,  1.00000000,1,0,0.0,0.5
1704.8000,  1.00000000,1,0,0.0,0.5
1704.8333,  1.00000000,1,0,0.050000000000000003,0.5
1704.8667,  1.00000000,1,0,0.0,0.5
1704.9000,  1.00000000,1,0,0.0,0.5
1704.9333,  1.00000000,1,0,0.025000000000000001,0.5
1704.9667,  1.00000000,1,0,0.0,0.5
1705.0000,  1.00000000,1,0,0.0,0.5
1705.0333,  1.00000000,1,0,0.0,0.5
1705.0667,  1.00000000,1,0,0.0,0.5
1705.1000,  1.00000000,1,0,0.0,0.5
1705.1333,  1.00000000,1,0,0.0,0.5
1705.1667,  1.00000000,1,0,0.0,0.5
1705.2000,  1.00000000,1,0,0.0,0.5
1705.2333,  1.00000000,1,0,0.0,0.5
1705.2667,  1.00000000,1,0,0.0,0.5
1705.3000,  1.00000000,1,0,0.0,0.5
1705.3333,  1.00000000,1,0,0.0,0.5
1705.3667,  1.00000000,1,0,0.0,0.5
1705.4000,  1.00000000,1,0,0.0,0.5
1705.4333,  1.00000000,1,0,0.025000000000000001,0.5
1705.4667,  1.00000000,1,0,0.0,0.5
1705.5000,  1.00000000,1,0,0.0,0.5
1705.5333,  1.00000000,1,0,0.0,0.5
1705.5667,  1.00000000,1,0,0.0,0.5
1705.6000,  1.00000000,1,0,0.0,0.5
1705.6333,  1.00000000,1,0,0.025000000000000001,0.5
1705.6667,  1.00000000,1,0,0.025000000000000001,0.5
1705.7000,  1.00000000,1,0,0.0,0.5
1705.7333,  1.00000000,1,0,0.025000000000000001,0.5
1705.7667,  1.00000000,1,0,0.0,0.5
1705.8000,  1.00000000,1,0,0.0,0.5
1705.8333,  1.00000000,1,0,0.0,0.5
1705.8667,  1.00000000,1,0,0.0,0.5
1705.9000,  1.00000000,1,0,0.0,0.5
1705.9333,  1.00000000,1,0,0.0,0.5
1705.9667,  1.00000000,1,0,0.0,0.5
1706.0000,  1.00000000,1,0,0.0,0.5
1706.0333,  1.00000000,1,0,0.0,0.5
1706.0667,  1.00000000,1,0,0.0,0.5
1706.1000,  1.00000000,1,0,0.0,0.5
1706.1333,  1.00000000,1,0,0.0,0.5
1706.1667,  1.00000000,1,0,0.0,0.5
1706.2000,  1.00000000,1,0,0.025000000000000001,0.5
1706.2333,  1.00000000,1,0,0.0,0.5
1706.2667,  1.00000000,1,0,0.0,0.5
1706.3000,  1.00000000,1,0,0.0,0.5
1706.3333,  1.00000000,1,0,0.0,0.5
1706.3667,  1.00000000,1,0,0.0,0.5
1706.4000,  1.00000000,1,0,0.0,0.5
1706.4333,  1.00000000,1,0,0.0,0.5
1706.4667,  1.00000000,1,0,0.0,0.5
1706.5000,  1.00000000,1,0,0.0,0.5
1706.5333,  1.00000000,1,0,0.025000000000000001,0.5
1706.5667,  1.00000000,1,0,0.0,0.5
1706.6000,  1.00000000,1,0,0.0,0.5
1706.6333,  1.00000000,1,0,0.025000000000000001,0.5
1706.6667,  1.00000000,1,0,0.025000000000000001,0.5
1706.7000,  1.00000000,1,0,0.0,0.5
1706.7333,  1.00000000,1,0,0.0,0.5
1706.7667,  1.00000000,1,0,0.0,0.5
1706.8000,  1.00000000,1,0,0.0,0.5
1706.8333,  1.00000000,1,0,0.0,0.5
1706.8667,  1.00000000,1,0,0.0,0.5
1706.9000,  1.00000000,1,0,0.0,0.5
1706.9333,  1.00000000,1,0,0.0,0.5
1706.9667,  1.00000000,1,0,0.0,0.5
1707.0000,  1.00000000,1,0,0.0,0.5
1707.0333,  1.00000000,1,0,0.0,0.5
1707.0667,  1.00000000,1,0,0.0,0.5
1707.1000,  1.00000000,1,0,0.0,0.5
1707.1333,  1.00000000,1,0,0.0,0.5
1707.1667,  1.00000000,1,0,0.0,0.5
1707.2000,  1.00000000,1,0,0.0,0.5
1707.2333,  1.00000000,1,0,0.0,0.5
1707.2667,  1.00000000,1,0,0.025000000000000001,0.5
1707.3000,  1.00000000,1,0,0.0,0.5
1707.3333,  1.00000000,1,0,0.025000000000000001,0.5
1707.3667,  1.00000000,1,0,0.0,0.5
1707.4000,  1.00000000,1,0,0.0,0.5
1707.4333,  1.00000000,1,0,0.0,0.5
1707.4667,  1.00000000,1,0,0.0,0.5
1707.5000,  1.00000000,1,0,0.0,0.5
1707.5333,  1.00000000,1,0,0.0,0.5
1707.5667,  1.00000000,1,0,0.0,0.5
1707.6000,  1.00000000,1,0,0.0,0.5
1707.6333,  1.00000000,1,0,0.0,0.5
1707.6667,  1.00000000,1,0,0.0,0.5
1707.7000,  1.00000000,1,0,0.0,0.5
1707.7333,  1.00000000,1,0,0.0,0.5
1707.7667,  1.00000000,1,0,0.0,0.5
1707.8000,  1.00000000,1,0,0.0,0.5
1707.8333,  1.00000000,1,0,0.025000000000000001,0.5
1707.8667,  1.00000000,1,0,0.0,0.5
1707.9000,  1.00000000,1,0,0.050000000000000003,0.5
1707.9333,  1.00000000,1,0,0.025000000000000001,0.5
1707.9667,  1.00000000,1,0,0.0,0.5
1708.0000,  1.00000000,1,0,0.0,0.5
1708.0333,  1.00000000,1,0,0.0,0.5
1708.0667,  1.00000000,1,0,0.0,0.5
1708.1000,  1.00000000,1,0,0.025000000000000001,0.5
1708.1333,  1.00000000,1,0,0.0,0.5
1708.1667,  1.00000000,1,0,0.0,0.5
1708.2000,  1.00000000,1,0,0.025000000000000001,0.5
1708.2333,  1.00000000,1,0,0.025000000000000001,0.5
1708.2667,  1.00000000,1,0,0.025000000000000001,0.5
1708.3000,  1.00000000,1,0,0.0,0.5
1708.3333,  1.00000000,1,0,0.0,0.5
1708.3667,  1.00000000,1,0,0.0,0.5
1708.4000,  1.00000000,1,0,0.0,0.5
1708.4333,  1.00000000,1,0,0.0,0.5
1708.4667,  1.00000000,1,0,0.025000000000000001,0.5
1708.5000,  1.00000000,1,0,0.025000000000000001,0.5
1708.5333,  1.00000000,1,0,0.0,0.5
1708.5667,  1.00000000,1,0,0.0,0.5
1708.6000,  1.00000000,1,0,0.0,0.5
1708.6333,  1.00000000,1,0,0.0,0.5
1708.6667,  1.00000000,1,0,0.0,0.5
1708.7000,  1.00000000,1,0,0.0,0.5
1708.7333,  1.00000000,1,0,0.025000000000000001,0.5
1708.7667,  1.00000000,1,0,0.0,0.5
1708.8000,  1.00000000,1,0,0.0,0.5
1708.8333,  1.00000000,1,0,0.0,0.5
1708.8667,  1.00000000,1,0,0.0,0.5
1708.9000,  1.00000000,1,0,0.0,0.5
1708.9333,  1.00000000,1,0,0.0,0.5
1708.9667,  1.00000000,1,0,0.0,0.5
1709.0000,  1.00000000,1,0,0.0,0.5
1709.0333,  1.00000000,1,0,0.0,0.5
1709.0667,  1.00000000,1,0,0.025000000000000001,0.5
1709.1000,  1.00000000,1,0,0.0,0.5
1709.1333,  1.00000000,1,0,0.0,0.5
1709.1667,  1.00000000,1,0,0.025000000000000001,0.5
1709.2000,  1.00000000,1,0,0.0,0.5
1709.2333,  1.00000000,1,0,0.0,0.5
1709.2667,  1.00000000,1,0,0.0,0.5
1709.3000,  1.00000000,1,0,0.0,0.5
1709.3333,  1.00000000,1,0,0.0,0.5
1709.3667,  1.00000000,1,0,0.0,0.5
1709.4000,  1.00000000,1,0,0.0,0.5
1709.4333,  1.00000000,1,0,0.0,0.5
1709.4667,  1.00000000,1,0,0.0,0.5
1709.5000,  1.00000000,1,0,0.0,0.5
1709.5333,  1.00000000,1,0,0.0,0.5
1709.5667,  1.00000000,1,0,0.025000000000000001,0.5
1709.6000,  1.00000000,1,0,0.025000000000000001,0.5
1709.6333,  1.00000000,1,0,0.0,0.5
1709.6667,  1.00000000,1,0,0.0,0.5
1709.7000,  1.00000000,1,0,0.0,0.5
1709.7333,  1.00000000,1,0,0.0,0.5
1709.7667,  1.00000000,1,0,0.0,0.5
1709.8000,  1.00000000,1,0,0.0,0.5
1709.8333,  1.00000000,1,0,0.0,0.5
1709.8667,  1.00000000,1,0,0.0,0.5
1709.9000,  1.00000000,1,0,0.0,0.5
1709.9333,  1.00000000,1,0,0.025000000000000001,0.5
1709.9667,  1.00000000,1,0,0.0,0.5
1710.0000,  1.00000000,1,0,0.0,0.5
1710.0333,  1.00000000,1,0,0.0,0.5
1710.0667,  1.00000000,1,0,0.0,0.5
1710.1000,  1.00000000,1,0,0.025000000000000001,0.5
1710.1333,  1.00000000,1,0,0.0,0.5
1710.1667,  1.00000000,1,0,0.0,0.5
1710.2000,  1.00000000,1,0,0.0,0.5
1710.2333,  1.00000000,1,0,0.0,0.5
1710.2667,  1.00000000,1,0,0.0,0.5
1710.3000,  1.00000000,1,0,0.0,0.5
1710.3333,  1.00000000,1,0,0.0,0.5
1710.3667,  1.00000000,1,0,0.0,0.5
1710.4000,  1.00000000,1,0,0.0,0.5
1710.4333,  1.00000000,1,0,0.0,0.5
1710.4667,  1.00000000,1,0,0.025000000000000001,0.5
1710.5000,  1.00000000,1,0,0.025000000000000001,0.5
1710.5333,  1.00000000,1,0,0.0,0.5
1710.5667,  1.00000000,1,0,0.0,0.5
1710.6000,  1.00000000,1,0,0.0,0.5
1710.6333,  1.00000000,1,0,0.025000000000000001,0.5
1710.6667,  1.00000000,1,0,0.0,0.5
1710.7000,  1.00000000,1,0,0.0,0.5
1710.7333,  1.00000000,1,0,0.0,0.5
1710.7667,  1.00000000,1,0,0.0,0.5
1710.8000,  1.00000000,1,0,0.025000000000000001,0.5
1710.8333,  1.00000000,1,0,0.0,0.5
1710.8667,  1.00000000,1,0,0.0,0.5
1710.9000,  1.00000000,1,0,0.0,0.5
1710.9333,  1.00000000,1,0,0.0,0.5
1710.9667,  1.00000000,1,0,0.0,0.5
1711.0000,  1.00000000,1,0,0.0,0.5
1711.0333,  1.00000000,1,0,0.025000000000000001,0.5
1711.0667,  1.00000000,1,0,0.0,0.5
1711.1000,  1.00000000,1,0,0.0,0.5
1711.1333,  1.00000000,1,0,0.0,0.5
1711.1667,  1.00000000,1,0,0.0,0.5
1711.2000,  1.00000000,1,0,0.0,0.5
1711.2333,  1.00000000,1,0,0.0,0.5
1711.2667,  1.00000000,1,0,0.050000000000000003,0.5
1711.3000,  1.00000000,1,0,0.0,0.5
1711.3333,  1.00000000,1,0,0.0,0.5
1711.3667,  1.00000000,1,0,0.0,0.5
1711.4000,  1.00000000,1,0,0.0,0.5
1711.4333,  1.00000000,1,0,0.0,0.5
1711.4667,  1.00000000,1,0,0.0,0.5
1711.5000,  1.00000000,1,0,0.0,0.5
1711.5333,  1.00000000,1,0,0.0,0.5
1711.5667,  1.00000000,1,0,0.0,0.5
1711.6000,  1.00000000,1,0,0.025000000000000001,0.5
1711.6333,  1.00000000,1,0,0.074999999999999997,0.5
1711.6667,  1.00000000,1,0,0.0,0.5
1711.7000,  1.00000000,1,0,0.0,0.5
1711.7333,  1.00000000,1,0,0.0,0.5
1711.7667,  1.00000000,1,0,0.0,0.5
1711.8000,  1.00000000,1,0,0.0,0.5
1711.8333,  1.00000000,1,0,0.0,0.5
1711.8667,  1.00000000,1,0,0.0,0.5
1711.9000,  1.00000000,1,0,0.025000000000000001,0.5
1711.9333,  1.00000000,1,0,0.0,0.5
1711.9667,  1.00000000,1,0,0.0,0.5
1712.0000,  1.00000000,1,0,0.0,0.5
1712.0333,  1.00000000,1,0,0.0,0.5
1712.0667,  1.00000000,1,0,0.0,0.5
1712.1000,  1.00000000,1,0,0.0,0.5
1712.1333,  1.00000000,1,0,0.0,0.5
1712.1667,  1.00000000,1,0,0.0,0.5
1712.2000,  1.00000000,1,0,0.0,0.5
1712.2333,  1.00000000,1,0,0.0,0.5
1712.2667,  1.00000000,1,0,0.0,0.5
1712.3000,  1.00000000,1,0,0.0,0.5
1712.3333,  1.00000000,1,0,0.025000000000000001,0.5
1712.3667,  1.00000000,1,0,0.025000000000000001,0.5
1712.4000,  1.00000000,1,0,0.025000000000000001,0.5
1712.4333,  1.00000000,1,0,0.0,0.5
1712.4667,  1.00000000,1,0,0.0,0.5
1712.5000,  1.00000000,1,0,0.0,0.5
1712.5333,  1.00000000,1,0,0.0,0.5
1712.5667,  1.00000000,1,0,0.025000000000000001,0.5
1712.6000,  1.00000000,1,0,0.0,0.5
1712.6333,  1.00000000,1,0,0.0,0.5
1712.6667,  1.00000000,1,0,0.0,0.5
1712.7000,  1.00000000,1,0,0.0,0.5
1712.7333,  1.00000000,1,0,0.0,0.5
1712.7667,  1.00000000,1,0,0.0,0.5
1712.8000,  1.00000000,1,0,0.0,0.5
1712.8333,  1.00000000,1,0,0.0,0.5
1712.8667,  1.00000000,1,0,0.0,0.5
1712.9000,  1.00000000,1,0,0.0,0.5
1712.9333,  1.00000000,1,0,0.0,0.5
1712.9667,  1.00000000,1,0,0.0,0.5
1713.0000,  1.00000000,1,0,0.0,0.5
1713.0333,  1.00000000,1,0,0.0,0.5
1713.0667,  1.00000000,1,0,0.025000000000000001,0.5
1713.1000,  1.00000000,1,0,0.0,0.5
1713.1333,  1.00000000,1,0,0.025000000000000001,0.5
1713.1667,  1.00000000,1,0,0.050000000000000003,0.5
1713.2000,  1.00000000,1,0,0.0,0.5
1713.2333,  1.00000000,1,0,0.074999999999999997,0.5
1713.2667,  1.00000000,1,0,0.0,0.5
1713.3000,  1.00000000,1,0,0.050000000000000003,0.5
1713.3333,  1.00000000,1,0,0.0,0.5
1713.3667,  1.00000000,1,0,0.0,0.5
1713.4000,  1.00000000,1,0,0.0,0.5
1713.4333,  1.00000000,1,0,0.0,0.5
1713.4667,  1.00000000,1,0,0.0,0.5
1713.5000,  1.00000000,1,0,0.0,0.5
1713.5333,  1.00000000,1,0,0.050000000000000003,0.5
1713.5667,  1.00000000,1,0,0.025000000000000001,0.5
1713.6000,  1.00000000,1,0,0.0,0.5
1713.6333,  1.00000000,1,0,0.0,0.5
1713.6667,  1.00000000,1,0,0.0,0.5
1713.7000,  1.00000000,1,0,0.0,0.5
1713.7333,  1.00000000,1,0,0.0,0.5
1713.7667,  1.00000000,1,0,0.0,0.5
1713.8000,  1.00000000,1,0,0.0,0.5
1713.8333,  1.00000000,1,0,0.0,0.5
1713.8667,  1.00000000,1,0,0.0,0.5
1713.9000,  1.00000000,1,0,0.0,0.5
1713.9333,  1.00000000,1,0,0.025000000000000001,0.5
1713.9667,  1.00000000,1,0,0.0,0.5
1714.0000,  1.00000000,1,0,0.0,0.5
1714.0333,  1.00000000,1,0,0.0,0.5
1714.0667,  1.00000000,1,0,0.0,0.5
1714.1000,  1.00000000,1,0,0.0,0.5
1714.1333,  1.00000000,1,0,0.0,0.5
1714.1667,  1.00000000,1,0,0.025000000000000001,0.5
1714.2000,  1.00000000,1,0,0.0,0.5
1714.2333,  1.00000000,1,0,0.0,0.5
1714.2667,  1.00000000,1,0,0.0,0.5
1714.3000,  1.00000000,1,0,0.0,0.5
1714.3333,  1.00000000,1,0,0.0,0.5
1714.3667,  1.00000000,1,0,0.0,0.5
1714.4000,  1.00000000,1,0,0.025000000000000001,0.5
1714.4333,  1.00000000,1,0,0.0,0.5
1714.4667,  1.00000000,1,0,0.0,0.5
1714.5000,  1.00000000,1,0,0.0,0.5
1714.5333,  1.00000000,1,0,0.0,0.5
1714.5667,  1.00000000,1,0,0.0,0.5
1714.6000,  1.00000000,1,0,0.0,0.5
1714.6333,  1.00000000,1,0,0.0,0.5
1714.6667,  1.00000000,1,0,0.0,0.5
1714.7000,  1.00000000,1,0,0.0,0.5
1714.7333,  1.00000000,1,0,0.0,0.5
1714.7667,  1.00000000,1,0,0.025000000000000001,0.5
1714.8000,  1.00000000,1,0,0.0,0.5
1714.8333,  1.00000000,1,0,0.025000000000000001,0.5
1714.8667,  1.00000000,1,0,0.0,0.5
1714.9000,  1.00000000,1,0,0.0,0.5
1714.9333,  1.00000000,1,0,0.0,0.5
1714.9667,  1.00000000,1,0,0.0,0.5
1715.0000,  1.00000000,1,0,0.0,0.5
1715.0333,  1.00000000,1,0,0.0,0.5
1715.0667,  1.00000000,1,0,0.025000000000000001,0.5
1715.1000,  1.00000000,1,0,0.0,0.5
1715.1333,  1.00000000,1,0,0.0,0.5
1715.1667,  1.00000000,1,0,0.0,0.5
1715.2000,  1.00000000,1,0,0.0,0.5
1715.2333,  1.00000000,1,0,0.0,0.5
1715.2667,  1.00000000,1,0,0.0,0.5
1715.3000,  1.00000000,1,0,0.0,0.5
1715.3333,  1.00000000,1,0,0.025000000000000001,0.5
1715.3667,  1.00000000,1,0,0.0,0.5
1715.4000,  1.00000000,1,0,0.025000000000000001,0.5
1715.4333,  1.00000000,1,0,0.025000000000000001,0.5
1715.4667,  1.00000000,1,0,0.0,0.5
1715.5000,  1.00000000,1,0,0.025000000000000001,0.5
1715.5333,  1.00000000,1,0,0.0,0.5
1715.5667,  1.00000000,1,0,0.0,0.5
1715.6000,  1.00000000,1,0,0.025000000000000001,0.5
1715.6333,  1.00000000,1,0,0.0,0.5
1715.6667,  1.00000000,1,0,0.0,0.5
1715.7000,  1.00000000,1,0,0.0,0.5
1715.7333,  1.00000000,1,0,0.0,0.5
1715.7667,  1.00000000,1,0,0.0,0.5
1715.8000,  1.00000000,1,0,0.0,0.5
1715.8333,  1.00000000,1,0,0.025000000000000001,0.5
1715.8667,  1.00000000,1,0,0.0,0.5
1715.9000,  1.00000000,1,0,0.0,0.5
1715.9333,  1.00000000,1,0,0.0,0.5
1715.9667,  1.00000000,1,0,0.0,0.5
1716.0000,  1.00000000,1,0,0.025000000000000001,0.5
1716.0333,  1.00000000,1,0,0.0,0.5
1716.0667,  1.00000000,1,0,0.025000000000000001,0.5
1716.1000,  1.00000000,1,0,0.0,0.5
1716.1333,  1.00000000,1,0,0.025000000000000001,0.5
1716.1667,  1.00000000,1,0,0.025000000000000001,0.5
1716.2000,  1.00000000,1,0,0.0,0.5
1716.2333,  1.00000000,1,0,0.0,0.5
1716.2667,  1.00000000,1,0,0.025000000000000001,0.5
1716.3000,  1.00000000,1,0,0.0,0.5
1716.3333,  1.00000000,1,0,0.0,0.5
1716.3667,  1.00000000,1,0,0.0,0.5
1716.4000,  1.00000000,1,0,0.025000000000000001,0.5
1716.4333,  1.00000000,1,0,0.0,0.5
1716.4667,  1.00000000,1,0,0.0,0.5
1716.5000,  1.00000000,1,0,0.0,0.5
1716.5333,  1.00000000,1,0,0.0,0.5
1716.5667,  1.00000000,1,0,0.025000000000000001,0.5
1716.6000,  1.00000000,1,0,0.0,0.5
1716.6333,  1.00000000,1,0,0.0,0.5
1716.6667,  1.00000000,1,0,0.050000000000000003,0.5
1716.7000,  1.00000000,1,0,0.0,0.5
1716.7333,  1.00000000,1,0,0.0,0.5
1716.7667,  1.00000000,1,0,0.0,0.5
1716.8000,  1.00000000,1,0,0.025000000000000001,0.5
1716.8333,  1.00000000,1,0,0.0,0.5
1716.8667,  1.00000000,1,0,0.0,0.5
1716.9000,  1.00000000,1,0,0.0,0.5
1716.9333,  1.00000000,1,0,0.0,0.5
1716.9667,  1.00000000,1,0,0.0,0.5
1717.0000,  1.00000000,1,0,0.0,0.5
1717.0333,  1.00000000,1,0,0.0,0.5
1717.0667,  1.00000000,1,0,0.0,0.5
1717.1000,  1.00000000,1,0,0.0,0.5
1717.1333,  1.00000000,1,0,0.0,0.5
1717.1667,  1.00000000,1,0,0.0,0.5
1717.2000,  1.00000000,1,0,0.0,0.5
1717.2333,  1.00000000,1,0,0.0,0.5
1717.2667,  1.00000000,1,0,0.025000000000000001,0.5
1717.3000,  1.00000000,1,0,0.0,0.5
1717.3333,  1.00000000,1,0,0.0,0.5
1717.3667,  1.00000000,1,0,0.025000000000000001,0.5
1717.4000,  1.00000000,1,0,0.025000000000000001,0.5
1717.4333,  1.00000000,1,0,0.0,0.5
1717.4667,  1.00000000,1,0,0.025000000000000001,0.5
1717.5000,  1.00000000,1,0,0.0,0.5
1717.5333,  1.00000000,1,0,0.025000000000000001,0.5
1717.5667,  1.00000000,1,0,0.0,0.5
1717.6000,  1.00000000,1,0,0.050000000000000003,0.5
1717.6333,  1.00000000,1,0,0.0,0.5
1717.6667,  1.00000000,1,0,0.0,0.5
1717.7000,  1.00000000,1,0,0.0,0.5
1717.7333,  1.00000000,1,0,0.0,0.5
1717.7667,  1.00000000,1,0,0.025000000000000001,0.5
1717.8000,  1.00000000,1,0,0.0,0.5
1717.8333,  1.00000000,1,0,0.0,0.5
1717.8667,  1.00000000,1,0,0.025000000000000001,0.5
1717.9000,  1.00000000,1,0,0.0,0.5
1717.9333,  1.00000000,1,0,0.0,0.5
1717.9667,  1.00000000,1,0,0.0,0.5
1718.0000,  1.00000000,1,0,0.0,0.5
1718.0333,  1.00000000,1,0,0.0,0.5
1718.0667,  1.00000000,1,0,0.0,0.5
1718.1000,  1.00000000,1,0,0.0,0.5
1718.1333,  1.00000000,1,0,0.025000000000000001,0.5
1718.1667,  1.00000000,1,0,0.0,0.5
1718.2000,  1.00000000,1,0,0.0,0.5
1718.2333,  1.00000000,1,0,0.0,0.5
1718.2667,  1.00000000,1,0,0.0,0.5
1718.3000,  1.00000000,1,0,0.0,0.5
1718.3333,  1.00000000,1,0,0.0,0.5
1718.3667,  1.00000000,1,0,0.025000000000000001,0.5
1718.4000,  1.00000000,1,0,0.0,0.5
1718.4333,  1.00000000,1,0,0.0,0.5
1718.4667,  1.00000000,1,0,0.0,0.5
1718.5000,  1.00000000,1,0,0.0,0.5
1718.5333,  1.00000000,1,0,0.0,0.5
1718.5667,  1.00000000,1,0,0.0,0.5
1718.6000,  1.00000000,1,0,0.0,0.5
1718.6333,  1.00000000,1,0,0.0,0.5
1718.6667,  1.00000000,1,0,0.0,0.5
1718.7000,  1.00000000,1,0,0.025000000000000001,0.5
1718.7333,  1.00000000,1,0,0.0,0.5
1718.7667,  1.00000000,1,0,0.0,0.5
1718.8000,  1.00000000,1,0,0.0,0.5
1718.8333,  1.00000000,1,0,0.0,0.5
1718.8667,  1.00000000,1,0,0.0,0.5
1718.9000,  1.00000000,1,0,0.0,0.5
1718.9333,  1.00000000,1,0,0.0,0.5
1718.9667,  1.00000000,1,0,0.025000000000000001,0.5
1719.0000,  1.00000000,1,0,0.025000000000000001,0.5
1719.0333,  1.00000000,1,0,0.025000000000000001,0.5
1719.0667,  1.00000000,1,0,0.0,0.5
1719.1000,  1.00000000,1,0,0.0,0.5
1719.1333,  1.00000000,1,0,0.0,0.5
1719.1667,  1.00000000,1,0,0.0,0.5
1719.2000,  1.00000000,1,0,0.0,0.5
1719.2333,  1.00000000,1,0,0.0,0.5
1719.2667,  1.00000000,1,0,0.0,0.5
1719.3000,  1.00000000,1,0,0.0,0.5
1719.3333,  1.00000000,1,0,0.0,0.5
1719.3667,  1.00000000,1,0,0.0,0.5
1719.4000,  1.00000000,1,0,0.0,0.5
1719.4333,  1.00000000,1,0,0.0,0.5
1719.4667,  1.00000000,1,0,0.0,0.5
1719.5000,  1.00000000,1,0,0.0,0.5
1719.5333,  1.00000000,1,0,0.0,0.5
1719.5667,  1.00000000,1,0,0.0,0.5
1719.6000,  1.00000000,1,0,0.0,0.5
1719.6333,  1.00000000,1,0,0.0,0.5
1719.6667,  1.00000000,1,0,0.0,0.5
1719.7000,  1.00000000,1,0,0.0,0.5
1719.7333,  1.00000000,1,0,0.025000000000000001,0.5
1719.7667,  1.00000000,1,0,0.025000000000000001,0.5
1719.8000,  1.00000000,1,0,0.025000000000000001,0.5
1719.8333,  1.00000000,1,0,0.025000000000000001,0.5
1719.8667,  1.00000000,1,0,0.0,0.5
1719.9000,  1.00000000,1,0,0.0,0.5
1719.9333,  1.00000000,1,0,0.0,0.5
1719.9667,  1.00000000,1,0,0.0,0.5
1720.0000,  1.00000000,1,0,0.0,0.5
1720.0333,  1.00000000,1,0,0.0,0.5
1720.0667,  1.00000000,1,0,0.025000000000000001,0.5
1720.1000,  1.00000000,1,0,0.0,0.5
1720.1333,  1.00000000,1,0,0.0,0.5
1720.1667,  1.00000000,1,0,0.0,0.5
1720.2000,  1.00000000,1,0,0.0,0.5
1720.2333,  1.00000000,1,0,0.0,0.5
1720.2667,  1.00000000,1,0,0.0,0.5
1720.3000,  1.00000000,1,0,0.025000000000000001,0.5
1720.3333,  1.00000000,1,0,0.0,0.5
1720.3667,  1.00000000,1,0,0.0,0.5
1720.4000,  1.00000000,1,0,0.0,0.5
1720.4333,  1.00000000,1,0,0.0,0.5
1720.4667,  1.00000000,1,0,0.0,0.5
1720.5000,  1.00000000,1,0,0.025000000000000001,0.5
1720.5333,  1.00000000,1,0,0.0,0.5
1720.5667,  1.00000000,1,0,0.025000000000000001,0.5
1720.6000,  1.00000000,1,0,0.025000000000000001,0.5
1720.6333,  1.00000000,1,0,0.0,0.5
1720.6667,  1.00000000,1,0,0.0,0.5
1720.7000,  1.00000000,1,0,0.0,0.5
1720.7333,  1.00000000,1,0,0.025000000000000001,0.5
1720.7667,  1.00000000,1,0,0.0,0.5
1720.8000,  1.00000000,1,0,0.0,0.5
1720.8333,  1.00000000,1,0,0.0,0.5
1720.8667,  1.00000000,1,0,0.025000000000000001,0.5
1720.9000,  1.00000000,1,0,0.025000000000000001,0.5
1720.9333,  1.00000000,1,0,0.0,0.5
1720.9667,  1.00000000,1,0,0.025000000000000001,0.5
1721.0000,  1.00000000,1,0,0.0,0.5
1721.0333,  1.00000000,1,0,0.025000000000000001,0.5
1721.0667,  1.00000000,1,0,0.0,0.5
1721.1000,  1.00000000,1,0,0.0,0.5
1721.1333,  1.00000000,1,0,0.0,0.5
1721.1667,  1.00000000,1,0,0.0,0.5
1721.2000,  1.00000000,1,0,0.0,0.5
1721.2333,  1.00000000,1,0,0.0,0.5
1721.2667,  1.00000000,1,0,0.0,0.5
1721.3000,  1.00000000,1,0,0.0,0.5
1721.3333,  1.00000000,1,0,0.0,0.5
1721.3667,  1.00000000,1,0,0.0,0.5
1721.4000,  1.00000000,1,0,0.0,0.5
1721.4333,  1.00000000,1,0,0.0,0.5
1721.4667,  1.00000000,1,0,0.0,0.5
1721.5000,  1.00000000,1,0,0.0,0.5
1721.5333,  1.00000000,1,0,0.0,0.5
1721.5667,  1.00000000,1,0,0.0,0.5
1721.6000,  1.00000000,1,0,0.0,0.5
1721.6333,  1.00000000,1,0,0.0,0.5
1721.6667,  1.00000000,1,0,0.0,0.5
1721.7000,  1.00000000,1,0,0.0,0.5
1721.7333,  1.00000000,1,0,0.0,0.5
1721.7667,  1.00000000,1,0,0.0,0.5
1721.8000,  1.00000000,1,0,0.0,0.5
1721.8333,  1.00000000,1,0,0.0,0.5
1721.8667,  1.00000000,1,0,0.0,0.5
1721.9000,  1.00000000,1,0,0.025000000000000001,0.5
1721.9333,  1.00000000,1,0,0.0,0.5
1721.9667,  1.00000000,1,0,0.0,0.5
1722.0000,  1.00000000,1,0,0.0,0.5
1722.0333,  1.00000000,1,0,0.0,0.5
1722.0667,  1.00000000,1,0,0.0,0.5
1722.1000,  1.00000000,1,0,0.0,0.5
1722.1333,  1.00000000,1,0,0.0,0.5
1722.1667,  1.00000000,1,0,0.0,0.5
1722.2000,  1.00000000,1,0,0.0,0.5
1722.2333,  1.00000000,1,0,0.0,0.5
1722.2667,  1.00000000,1,0,0.0,0.5
1722.3000,  1.00000000,1,0,0.0,0.5
1722.3333,  1.00000000,1,0,0.0,0.5
1722.3667,  1.00000000,1,0,0.0,0.5
1722.4000,  1.00000000,1,0,0.0,0.5
1722.4333,  1.00000000,1,0,0.0,0.5
1722.4667,  1.00000000,1,0,0.0,0.5
1722.5000,  1.00000000,1,0,0.0,0.5
1722.5333,  1.00000000,1,0,0.0,0.5
1722.5667,  1.00000000,1,0,0.0,0.5
1722.6000,  1.00000000,1,0,0.0,0.5
1722.6333,  1.00000000,1,0,0.0,0.5
1722.6667,  1.00000000,1,0,0.025000000000000001,0.5
1722.7000,  1.00000000,1,0,0.0,0.5
1722.7333,  1.00000000,1,0,0.0,0.5
1722.7667,  1.00000000,1,0,0.0,0.5
1722.8000,  1.00000000,1,0,0.0,0.5
1722.8333,  1.00000000,1,0,0.0,0.5
1722.8667,  1.00000000,1,0,0.0,0.5
1722.9000,  1.00000000,1,0,0.0,0.5
1722.9333,  1.00000000,1,0,0.0,0.5
1722.9667,  1.00000000,1,0,0.0,0.5
1723.0000,  1.00000000,1,0,0.0,0.5
1723.0333,  1.00000000,1,0,0.0,0.5
1723.0667,  1.00000000,1,0,0.0,0.5
1723.1000,  1.00000000,1,0,0.0,0.5
1723.1333,  1.00000000,1,0,0.0,0.5
1723.1667,  1.00000000,1,0,0.0,0.5
1723.2000,  1.00000000,1,0,0.0,0.5
1723.2333,  1.00000000,1,0,0.0,0.5
1723.2667,  1.00000000,1,0,0.0,0.5
1723.3000,  1.00000000,1,0,0.0,0.5
1723.3333,  1.00000000,1,0,0.025000000000000001,0.5
1723.3667,  1.00000000,1,0,0.0,0.5
1723.4000,  1.00000000,1,0,0.0,0.5
1723.4333,  1.00000000,1,0,0.0,0.5
1723.4667,  1.00000000,1,0,0.0,0.5
1723.5000,  1.00000000,1,0,0.0,0.5
1723.5333,  1.00000000,1,0,0.0,0.5
1723.5667,  1.00000000,1,0,0.025000000000000001,0.5
1723.6000,  1.00000000,1,0,0.0,0.5
1723.6333,  1.00000000,1,0,0.0,0.5
1723.6667,  1.00000000,1,0,0.0,0.5
1723.7000,  1.00000000,1,0,0.0,0.5
1723.7333,  1.00000000,1,0,0.0,0.5
1723.7667,  1.00000000,1,0,0.025000000000000001,0.5
1723.8000,  1.00000000,1,0,0.0,0.5
1723.8333,  1.00000000,1,0,0.0,0.5
1723.8667,  1.00000000,1,0,0.0,0.5
1723.9000,  1.00000000,1,0,0.0,0.5
1723.9333,  1.00000000,1,0,0.025000000000000001,0.5
1723.9667,  1.00000000,1,0,0.0,0.5
1724.0000,  1.00000000,1,0,0.0,0.5
1724.0333,  1.00000000,1,0,0.0,0.5
1724.0667,  1.00000000,1,0,0.0,0.5
1724.1000,  1.00000000,1,0,0.0,0.5
1724.1333,  1.00000000,1,0,0.0,0.5
1724.1667,  1.00000000,1,0,0.0,0.5
1724.2000,  1.00000000,1,0,0.0,0.5
1724.2333,  1.00000000,1,0,0.0,0.5
1724.2667,  1.00000000,1,0,0.0,0.5
1724.3000,  1.00000000,1,0,0.050000000000000003,0.5
1724.3333,  1.00000000,1,0,0.0,0.5
1724.3667,  1.00000000,1,0,0.025000000000000001,0.5
1724.4000,  1.00000000,1,0,0.0,0.5
1724.4333,  1.00000000,1,0,0.0,0.5
1724.4667,  1.00000000,1,0,0.0,0.5
1724.5000,  1.00000000,1,0,0.0,0.5
1724.5333,  1.00000000,1,0,0.0,0.5
1724.5667,  1.00000000,1,0,0.0,0.5
1724.6000,  1.00000000,1,0,0.0,0.5
1724.6333,  1.00000000,1,0,0.025000000000000001,0.5
1724.6667,  1.00000000,1,0,0.0,0.5
1724.7000,  1.00000000,1,0,0.0,0.5
1724.7333,  1.00000000,1,0,0.0,0.5
1724.7667,  1.00000000,1,0,0.0,0.5
1724.8000,  1.00000000,1,0,0.0,0.5
1724.8333,  1.00000000,1,0,0.025000000000000001,0.5
1724.8667,  1.00000000,1,0,0.0,0.5
1724.9000,  1.00000000,1,0,0.0,0.5
1724.9333,  1.00000000,1,0,0.0,0.5
1724.9667,  1.00000000,1,0,0.025000000000000001,0.5
1725.0000,  1.00000000,1,0,0.0,0.5
1725.0333,  1.00000000,1,0,0.025000000000000001,0.5
1725.0667,  1.00000000,1,0,0.0,0.5
1725.1000,  1.00000000,1,0,0.0,0.5
1725.1333,  1.00000000,1,0,0.0,0.5
1725.1667,  1.00000000,1,0,0.025000000000000001,0.5
1725.2000,  1.00000000,1,0,0.0,0.5
1725.2333,  1.00000000,1,0,0.0,0.5
1725.2667,  1.00000000,1,0,0.025000000000000001,0.5
1725.3000,  1.00000000,1,0,0.0,0.5
1725.3333,  1.00000000,1,0,0.0,0.5
1725.3667,  1.00000000,1,0,0.050000000000000003,0.5
1725.4000,  1.00000000,1,0,0.0,0.5
1725.4333,  1.00000000,1,0,0.0,0.5
1725.4667,  1.00000000,1,0,0.0,0.5
1725.5000,  1.00000000,1,0,0.0,0.5
1725.5333,  1.00000000,1,0,0.025000000000000001,0.5
1725.5667,  1.00000000,1,0,0.0,0.5
1725.6000,  1.00000000,1,0,0.0,0.5
1725.6333,  1.00000000,1,0,0.0,0.5
1725.6667,  1.00000000,1,0,0.0,0.5
1725.7000,  1.00000000,1,0,0.025000000000000001,0.5
1725.7333,  1.00000000,1,0,0.0,0.5
1725.7667,  1.00000000,1,0,0.0,0.5
1725.8000,  1.00000000,1,0,0.0,0.5
1725.8333,  1.00000000,1,0,0.0,0.5
1725.8667,  1.00000000,1,0,0.0,0.5
1725.9000,  1.00000000,1,0,0.0,0.5
1725.9333,  1.00000000,1,0,0.0,0.5
1725.9667,  1.00000000,1,0,0.0,0.5
1726.0000,  1.00000000,1,0,0.0,0.5
1726.0333,  1.00000000,1,0,0.0,0.5
1726.0667,  1.00000000,1,0,0.0,0.5
1726.1000,  1.00000000,1,0,0.0,0.5
1726.1333,  1.00000000,1,0,0.0,0.5
1726.1667,  1.00000000,1,0,0.0,0.5
1726.2000,  1.00000000,1,0,0.0,0.5
1726.2333,  1.00000000,1,0,0.0,0.5
1726.2667,  1.00000000,1,0,0.0,0.5
1726.3000,  1.00000000,1,0,0.0,0.5
1726.3333,  1.00000000,1,0,0.0,0.5
1726.3667,  1.00000000,1,0,0.0,0.5
1726.4000,  1.00000000,1,0,0.0,0.5
1726.4333,  1.00000000,1,0,0.0,0.5
1726.4667,  1.00000000,1,0,0.0,0.5
1726.5000,  1.00000000,1,0,0.0,0.5
1726.5333,  1.00000000,1,0,0.0,0.5
1726.5667,  1.00000000,1,0,0.0,0.5
1726.6000,  1.00000000,1,0,0.025000000000000001,0.5
1726.6333,  1.00000000,1,0,0.0,0.5
1726.6667,  1.00000000,1,0,0.0,0.5
1726.7000,  1.00000000,1,0,0.025000000000000001,0.5
1726.7333,  1.00000000,1,0,0.0,0.5
1726.7667,  1.00000000,1,0,0.0,0.5
1726.8000,  1.00000000,1,0,0.0,0.5
1726.8333,  1.00000000,1,0,0.025000000000000001,0.5
1726.8667,  1.00000000,1,0,0.0,0.5
1726.9000,  1.00000000,1,0,0.0,0.5
1726.9333,  1.00000000,1,0,0.0,0.5
1726.9667,  1.00000000,1,0,0.0,0.5
1727.0000,  1.00000000,1,0,0.0,0.5
1727.0333,  1.00000000,1,0,0.0,0.5
1727.0667,  1.00000000,1,0,0.0,0.5
1727.1000,  1.00000000,1,0,0.0,0.5
1727.1333,  1.00000000,1,0,0.0,0.5
1727.1667,  1.00000000,1,0,0.0,0.5
1727.2000,  1.00000000,1,0,0.0,0.5
1727.2333,  1.00000000,1,0,0.0,0.5
1727.2667,  1.00000000,1,0,0.0,0.5
1727.3000,  1.00000000,1,0,0.0,0.5
1727.3333,  1.00000000,1,0,0.0,0.5
1727.3667,  1.00000000,1,0,0.0,0.5
1727.4000,  1.00000000,1,0,0.0,0.5
1727.4333,  1.00000000,1,0,0.0,0.5
1727.4667,  1.00000000,1,0,0.0,0.5
1727.5000,  1.00000000,1,0,0.0,0.5
1727.5333,  1.00000000,1,0,0.0,0.5
1727.5667,  1.00000000,1,0,0.0,0.5
1727.6000,  1.00000000,1,0,0.0,0.5
1727.6333,  1.00000000,1,0,0.0,0.5
1727.6667,  1.00000000,1,0,0.0,0.5
1727.7000,  1.00000000,1,0,0.0,0.5
1727.7333,  1.00000000,1,0,0.0,0.5
1727.7667,  1.00000000,1,0,0.0,0.5
1727.8000,  1.00000000,1,0,0.0,0.5
1727.8333,  1.00000000,1,0,0.0,0.5
1727.8667,  1.00000000,1,0,0.0,0.5
1727.9000,  1.00000000,1,0,0.025000000000000001,0.5
1727.9333,  1.00000000,1,0,0.0,0.5
1727.9667,  1.00000000,1,0,0.0,0.5
1728.0000,  1.00000000,1,0,0.025000000000000001,0.5
1728.0333,  1.00000000,1,0,0.0,0.5
1728.0667,  1.00000000,1,0,0.0,0.5
1728.1000,  1.00000000,1,0,0.0,0.5
1728.1333,  1.00000000,1,0,0.0,0.5
1728.1667,  1.00000000,1,0,0.0,0.5
1728.2000,  1.00000000,1,0,0.0,0.5
1728.2333,  1.00000000,1,0,0.0,0.5
1728.2667,  1.00000000,1,0,0.0,0.5
1728.3000,  1.00000000,1,0,0.0,0.5
1728.3333,  1.00000000,1,0,0.0,0.5
1728.3667,  1.00000000,1,0,0.0,0.5
1728.4000,  1.00000000,1,0,0.0,0.5
1728.4333,  1.00000000,1,0,0.0,0.5
1728.4667,  1.00000000,1,0,0.0,0.5
1728.5000,  1.00000000,1,0,0.0,0.5
1728.5333,  1.00000000,1,0,0.0,0.5
1728.5667,  1.00000000,1,0,0.0,0.5
1728.6000,  1.00000000,1,0,0.0,0.5
1728.6333,  1.00000000,1,0,0.025000000000000001,0.5
1728.6667,  1.00000000,1,0,0.0,0.5
1728.7000,  1.00000000,1,0,0.0,0.5
1728.7333,  1.00000000,1,0,0.0,0.5
1728.7667,  1.00000000,1,0,0.0,0.5
1728.8000,  1.00000000,1,0,0.0,0.5
1728.8333,  1.00000000,1,0,0.0,0.5
1728.8667,  1.00000000,1,0,0.0,0.5
1728.9000,  1.00000000,1,0,0.0,0.5
1728.9333,  1.00000000,1,0,0.0,0.5
1728.9667,  1.00000000,1,0,0.025000000000000001,0.5
1729.0000,  1.00000000,1,0,0.0,0.5
1729.0333,  1.00000000,1,0,0.025000000000000001,0.5
1729.0667,  1.00000000,1,0,0.0,0.5
1729.1000,  1.00000000,1,0,0.025000000000000001,0.5
1729.1333,  1.00000000,1,0,0.0,0.5
1729.1667,  1.00000000,1,0,0.025000000000000001,0.5
1729.2000,  1.00000000,1,0,0.025000000000000001,0.5
1729.2333,  1.00000000,1,0,0.0,0.5
1729.2667,  1.00000000,1,0,0.0,0.5
1729.3000,  1.00000000,1,0,0.0,0.5
1729.3333,  1.00000000,1,0,0.0,0.5
1729.3667,  1.00000000,1,0,0.0,0.5
1729.4000,  1.00000000,1,0,0.0,0.5
1729.4333,  1.00000000,1,0,0.0,0.5
1729.4667,  1.00000000,1,0,0.0,0.5
1729.5000,  1.00000000,1,0,0.0,0.5
1729.5333,  1.00000000,1,0,0.0,0.5
1729.5667,  1.00000000,1,0,0.0,0.5
1729.6000,  1.00000000,1,0,0.025000000000000001,0.5
1729.6333,  1.00000000,1,0,0.0,0.5
1729.6667,  1.00000000,1,0,0.0,0.5
1729.7000,  1.00000000,1,0,0.025000000000000001,0.5
1729.7333,  1.00000000,1,0,0.0,0.5
1729.7667,  1.00000000,1,0,0.025000000000000001,0.5
1729.8000,  1.00000000,1,0,0.0,0.5
1729.8333,  1.00000000,1,0,0.025000000000000001,0.5
1729.8667,  1.00000000,1,0,0.0,0.5
1729.9000,  1.00000000,1,0,0.0,0.5
1729.9333,  1.00000000,1,0,0.0,0.5
1729.9667,  1.00000000,1,0,0.0,0.5
1730.0000,  1.00000000,1,0,0.025000000000000001,0.5
1730.0333,  1.00000000,1,0,0.050000000000000003,0.5
1730.0667,  1.00000000,1,0,0.025000000000000001,0.5
1730.1000,  1.00000000,1,0,0.0,0.5
1730.1333,  1.00000000,1,0,0.025000000000000001,0.5
1730.1667,  1.00000000,1,0,0.0,0.5
1730.2000,  1.00000000,1,0,0.025000000000000001,0.5
1730.2333,  1.00000000,1,0,0.0,0.5
1730.2667,  1.00000000,1,0,0.025000000000000001,0.5
1730.3000,  1.00000000,1,0,0.0,0.5
1730.3333,  1.00000000,1,0,0.0,0.5
1730.3667,  1.00000000,1,0,0.0,0.5
1730.4000,  1.00000000,1,0,0.0,0.5
1730.4333,  1.00000000,1,0,0.025000000000000001,0.5
1730.4667,  1.00000000,1,0,0.0,0.5
1730.5000,  1.00000000,1,0,0.0,0.5
1730.5333,  1.00000000,1,0,0.0,0.5
1730.5667,  1.00000000,1,0,0.0,0.5
1730.6000,  1.00000000,1,0,0.0,0.5
1730.6333,  1.00000000,1,0,0.0,0.5
1730.6667,  1.00000000,1,0,0.0,0.5
1730.7000,  1.00000000,1,0,0.0,0.5
1730.7333,  1.00000000,1,0,0.0,0.5
1730.7667,  1.00000000,1,0,0.0,0.5
1730.8000,  1.00000000,1,0,0.0,0.5
1730.8333,  1.00000000,1,0,0.025000000000000001,0.5
1730.8667,  1.00000000,1,0,0.0,0.5
1730.9000,  1.00000000,1,0,0.0,0.5
1730.9333,  1.00000000,1,0,0.025000000000000001,0.5
1730.9667,  1.00000000,1,0,0.0,0.5
1731.0000,  1.00000000,1,0,0.0,0.5
1731.0333,  1.00000000,1,0,0.0,0.5
1731.0667,  1.00000000,1,0,0.0,0.5
1731.1000,  1.00000000,1,0,0.0,0.5
1731.1333,  1.00000000,1,0,0.025000000000000001,0.5
1731.1667,  1.00000000,1,0,0.0,0.5
1731.2000,  1.00000000,1,0,0.0,0.5
1731.2333,  1.00000000,1,0,0.0,0.5
1731.2667,  1.00000000,1,0,0.025000000000000001,0.5
1731.3000,  1.00000000,1,0,0.025000000000000001,0.5
1731.3333,  1.00000000,1,0,0.0,0.5
1731.3667,  1.00000000,1,0,0.0,0.5
1731.4000,  1.00000000,1,0,0.0,0.5
1731.4333,  1.00000000,1,0,0.0,0.5
1731.4667,  1.00000000,1,0,0.0,0.5
1731.5000,  1.00000000,1,0,0.0,0.5
1731.5333,  1.00000000,1,0,0.0,0.5
1731.5667,  1.00000000,1,0,0.0,0.5
1731.6000,  1.00000000,1,0,0.050000000000000003,0.5
1731.6333,  1.00000000,1,0,0.025000000000000001,0.5
1731.6667,  1.00000000,1,0,0.025000000000000001,0.5
1731.7000,  1.00000000,1,0,0.025000000000000001,0.5
1731.7333,  1.00000000,1,0,0.0,0.5
1731.7667,  1.00000000,1,0,0.0,0.5
1731.8000,  1.00000000,1,0,0.0,0.5
1731.8333,  1.00000000,1,0,0.0,0.5
1731.8667,  1.00000000,1,0,0.0,0.5
1731.9000,  1.00000000,1,0,0.025000000000000001,0.5
1731.9333,  1.00000000,1,0,0.0,0.5
1731.9667,  1.00000000,1,0,0.0,0.5
1732.0000,  1.00000000,1,0,0.025000000000000001,0.5
1732.0333,  1.00000000,1,0,0.0,0.5
1732.0667,  1.00000000,1,0,0.025000000000000001,0.5
1732.1000,  1.00000000,1,0,0.0,0.5
1732.1333,  1.00000000,1,0,0.0,0.5
1732.1667,  1.00000000,1,0,0.0,0.5
1732.2000,  1.00000000,1,0,0.0,0.5
1732.2333,  1.00000000,1,0,0.0,0.5
1732.2667,  1.00000000,1,0,0.0,0.5
1732.3000,  1.00000000,1,0,0.0,0.5
1732.3333,  1.00000000,1,0,0.0,0.5
1732.3667,  1.00000000,1,0,0.050000000000000003,0.5
1732.4000,  1.00000000,1,0,0.025000000000000001,0.5
1732.4333,  1.00000000,1,0,0.025000000000000001,0.5
1732.4667,  1.00000000,1,0,0.0,0.5
1732.5000,  1.00000000,1,0,0.025000000000000001,0.5
1732.5333,  1.00000000,1,0,0.025000000000000001,0.5
1732.5667,  1.00000000,1,0,0.0,0.5
1732.6000,  1.00000000,1,0,0.025000000000000001,0.5
1732.6333,  1.00000000,1,0,0.0,0.5
1732.6667,  1.00000000,1,0,0.025000000000000001,0.5
1732.7000,  1.00000000,1,0,0.0,0.5
1732.7333,  1.00000000,1,0,0.025000000000000001,0.5
1732.7667,  1.00000000,1,0,0.0,0.5
1732.8000,  1.00000000,1,0,0.0,0.5
1732.8333,  1.00000000,1,0,0.0,0.5
1732.8667,  1.00000000,1,0,0.0,0.5
1732.9000,  1.00000000,1,0,0.0,0.5
1732.9333,  1.00000000,1,0,0.0,0.5
1732.9667,  1.00000000,1,0,0.025000000000000001,0.5
1733.0000,  1.00000000,1,0,0.0,0.5
1733.0333,  1.00000000,1,0,0.025000000000000001,0.5
1733.0667,  1.00000000,1,0,0.0,0.5
1733.1000,  1.00000000,1,0,0.025000000000000001,0.5
1733.1333,  1.00000000,1,0,0.0,0.5
1733.1667,  1.00000000,1,0,0.025000000000000001,0.5
1733.2000,  1.00000000,1,0,0.0,0.5
1733.2333,  1.00000000,1,0,0.0,0.5
1733.2667,  1.00000000,1,0,0.0,0.5
1733.3000,  1.00000000,1,0,0.050000000000000003,0.5
1733.3333,  1.00000000,1,0,0.025000000000000001,0.5
1733.3667,  1.00000000,1,0,0.0,0.5
1733.4000,  1.00000000,1,0,0.0,0.5
1733.4333,  1.00000000,1,0,0.0,0.5
1733.4667,  1.00000000,1,0,0.025000000000000001,0.5
1733.5000,  1.00000000,1,0,0.0,0.5
1733.5333,  1.00000000,1,0,0.0,0.5
1733.5667,  1.00000000,1,0,0.0,0.5
1733.6000,  1.00000000,1,0,0.0,0.5
1733.6333,  1.00000000,1,0,0.0,0.5
1733.6667,  1.00000000,1,0,0.0,0.5
1733.7000,  1.00000000,1,0,0.0,0.5
1733.7333,  1.00000000,1,0,0.0,0.5
1733.7667,  1.00000000,1,0,0.0,0.5
1733.8000,  1.00000000,1,0,0.0,0.5
1733.8333,  1.00000000,1,0,0.0,0.5
1733.8667,  1.00000000,1,0,0.0,0.5
1733.9000,  1.00000000,1,0,0.025000000000000001,0.5
1733.9333,  1.00000000,1,0,0.0,0.5
1733.9667,  1.00000000,1,0,0.0,0.5
1734.0000,  1.00000000,1,0,0.0,0.5
1734.0333,  1.00000000,1,0,0.0,0.5
1734.0667,  1.00000000,1,0,0.025000000000000001,0.5
1734.1000,  1.00000000,1,0,0.0,0.5
1734.1333,  1.00000000,1,0,0.0,0.5
1734.1667,  1.00000000,1,0,0.0,0.5
1734.2000,  1.00000000,1,0,0.025000000000000001,0.5
1734.2333,  1.00000000,1,0,0.0,0.5
1734.2667,  1.00000000,1,0,0.0,0.5
1734.3000,  1.00000000,1,0,0.0,0.5
1734.3333,  1.00000000,1,0,0.0,0.5
1734.3667,  1.00000000,1,0,0.0,0.5
1734.4000,  1.00000000,1,0,0.0,0.5
1734.4333,  1.00000000,1,0,0.0,0.5
1734.4667,  1.00000000,1,0,0.0,0.5
1734.5000,  1.00000000,1,0,0.025000000000000001,0.5
1734.5333,  1.00000000,1,0,0.0,0.5
1734.5667,  1.00000000,1,0,0.0,0.5
1734.6000,  1.00000000,1,0,0.0,0.5
1734.6333,  1.00000000,1,0,0.0,0.5
1734.6667,  1.00000000,1,0,0.0,0.5
1734.7000,  1.00000000,1,0,0.0,0.5
1734.7333,  1.00000000,1,0,0.050000000000000003,0.5
1734.7667,  1.00000000,1,0,0.0,0.5
1734.8000,  1.00000000,1,0,0.0,0.5
1734.8333,  1.00000000,1,0,0.0,0.5
1734.8667,  1.00000000,1,0,0.025000000000000001,0.5
1734.9000,  1.00000000,1,0,0.0,0.5
1734.9333,  1.00000000,1,0,0.0,0.5
1734.9667,  1.00000000,1,0,0.0,0.5
1735.0000,  1.00000000,1,0,0.0,0.5
1735.0333,  1.00000000,1,0,0.0,0.5
1735.0667,  1.00000000,1,0,0.0,0.5
1735.1000,  1.00000000,1,0,0.0,0.5
1735.1333,  1.00000000,1,0,0.0,0.5
1735.1667,  1.00000000,1,0,0.0,0.5
1735.2000,  1.00000000,1,0,0.0,0.5
1735.2333,  1.00000000,1,0,0.0,0.5
1735.2667,  1.00000000,1,0,0.0,0.5
1735.3000,  1.00000000,1,0,0.0,0.5
1735.3333,  1.00000000,1,0,0.0,0.5
1735.3667,  1.00000000,1,0,0.0,0.5
1735.4000,  1.00000000,1,0,0.0,0.5
1735.4333,  1.00000000,1,0,0.0,0.5
1735.4667,  1.00000000,1,0,0.0,0.5
1735.5000,  1.00000000,1,0,0.0,0.5
1735.5333,  1.00000000,1,0,0.0,0.5
1735.5667,  1.00000000,1,0,0.0,0.5
1735.6000,  1.00000000,1,0,0.025000000000000001,0.5
1735.6333,  1.00000000,1,0,0.0,0.5
1735.6667,  1.00000000,1,0,0.025000000000000001,0.5
1735.7000,  1.00000000,1,0,0.025000000000000001,0.5
1735.7333,  1.00000000,1,0,0.0,0.5
1735.7667,  1.00000000,1,0,0.0,0.5
1735.8000,  1.00000000,1,0,0.0,0.5
1735.8333,  1.00000000,1,0,0.0,0.5
1735.8667,  1.00000000,1,0,0.0,0.5
1735.9000,  1.00000000,1,0,0.0,0.5
1735.9333,  1.00000000,1,0,0.025000000000000001,0.5
1735.9667,  1.00000000,1,0,0.025000000000000001,0.5
1736.0000,  1.00000000,1,0,0.0,0.5
1736.0333,  1.00000000,1,0,0.074999999999999997,0.5
1736.0667,  1.00000000,1,0,0.0,0.5
1736.1000,  1.00000000,1,0,0.0,0.5
1736.1333,  1.00000000,1,0,0.0,0.5
1736.1667,  1.00000000,1,0,0.025000000000000001,0.5
1736.2000,  1.00000000,1,0,0.0,0.5
1736.2333,  1.00000000,1,0,0.025000000000000001,0.5
1736.2667,  1.00000000,1,0,0.025000000000000001,0.5
1736.3000,  1.00000000,1,0,0.0,0.5
1736.3333,  1.00000000,1,0,0.0,0.5
1736.3667,  1.00000000,1,0,0.0,0.5
1736.4000,  1.00000000,1,0,0.0,0.5
1736.4333,  1.00000000,1,0,0.0,0.5
1736.4667,  1.00000000,1,0,0.0,0.5
1736.5000,  1.00000000,1,0,0.0,0.5
1736.5333,  1.00000000,1,0,0.0,0.5
1736.5667,  1.00000000,1,0,0.0,0.5
1736.6000,  1.00000000,1,0,0.0,0.5
1736.6333,  1.00000000,1,0,0.0,0.5
1736.6667,  1.00000000,1,0,0.0,0.5
1736.7000,  1.00000000,1,0,0.0,0.5
1736.7333,  1.00000000,1,0,0.0,0.5
1736.7667,  1.00000000,1,0,0.025000000000000001,0.5
1736.8000,  1.00000000,1,0,0.0,0.5
1736.8333,  1.00000000,1,0,0.0,0.5
1736.8667,  1.00000000,1,0,0.0,0.5
1736.9000,  1.00000000,1,0,0.0,0.5
1736.9333,  1.00000000,1,0,0.025000000000000001,0.5
1736.9667,  1.00000000,1,0,0.0,0.5
1737.0000,  1.00000000,1,0,0.0,0.5
1737.0333,  1.00000000,1,0,0.0,0.5
1737.0667,  1.00000000,1,0,0.025000000000000001,0.5
1737.1000,  1.00000000,1,0,0.0,0.5
1737.1333,  1.00000000,1,0,0.025000000000000001,0.5
1737.1667,  1.00000000,1,0,0.0,0.5
1737.2000,  1.00000000,1,0,0.0,0.5
1737.2333,  1.00000000,1,0,0.0,0.5
1737.2667,  1.00000000,1,0,0.025000000000000001,0.5
1737.3000,  1.00000000,1,0,0.0,0.5
1737.3333,  1.00000000,1,0,0.0,0.5
1737.3667,  1.00000000,1,0,0.025000000000000001,0.5
1737.4000,  1.00000000,1,0,0.0,0.5
1737.4333,  1.00000000,1,0,0.0,0.5
1737.4667,  1.00000000,1,0,0.0,0.5
1737.5000,  1.00000000,1,0,0.0,0.5
1737.5333,  1.00000000,1,0,0.0,0.5
1737.5667,  1.00000000,1,0,0.0,0.5
1737.6000,  1.00000000,1,0,0.0,0.5
1737.6333,  1.00000000,1,0,0.0,0.5
1737.6667,  1.00000000,1,0,0.025000000000000001,0.5
1737.7000,  1.00000000,1,0,0.0,0.5
1737.7333,  1.00000000,1,0,0.0,0.5
1737.7667,  1.00000000,1,0,0.0,0.5
1737.8000,  1.00000000,1,0,0.0,0.5
1737.8333,  1.00000000,1,0,0.0,0.5
1737.8667,  1.00000000,1,0,0.0,0.5
1737.9000,  1.00000000,1,0,0.025000000000000001,0.5
1737.9333,  1.00000000,1,0,0.0,0.5
1737.9667,  1.00000000,1,0,0.0,0.5
1738.0000,  1.00000000,1,0,0.025000000000000001,0.5
1738.0333,  1.00000000,1,0,0.0,0.5
1738.0667,  1.00000000,1,0,0.0,0.5
1738.1000,  1.00000000,1,0,0.0,0.5
1738.1333,  1.00000000,1,0,0.0,0.5
1738.1667,  1.00000000,1,0,0.0,0.5
1738.2000,  1.00000000,1,0,0.0,0.5
1738.2333,  1.00000000,1,0,0.0,0.5
1738.2667,  1.00000000,1,0,0.0,0.5
1738.3000,  1.00000000,1,0,0.0,0.5
1738.3333,  1.00000000,1,0,0.0,0.5
1738.3667,  1.00000000,1,0,0.0,0.5
1738.4000,  1.00000000,1,0,0.0,0.5
1738.4333,  1.00000000,1,0,0.0,0.5
1738.4667,  1.00000000,1,0,0.0,0.5
1738.5000,  1.00000000,1,0,0.0,0.5
1738.5333,  1.00000000,1,0,0.025000000000000001,0.5
1738.5667,  1.00000000,1,0,0.0,0.5
1738.6000,  1.00000000,1,0,0.0,0.5
1738.6333,  1.00000000,1,0,0.0,0.5
1738.6667,  1.00000000,1,0,0.0,0.5
1738.7000,  1.00000000,1,0,0.0,0.5
1738.7333,  1.00000000,1,0,0.0,0.5
1738.7667,  1.00000000,1,0,0.0,0.5
1738.8000,  1.00000000,1,0,0.0,0.5
1738.8333,  1.00000000,1,0,0.0,0.5
1738.8667,  1.00000000,1,0,0.0,0.5
1738.9000,  1.00000000,1,0,0.0,0.5
1738.9333,  1.00000000,1,0,0.0,0.5
1738.9667,  1.00000000,1,0,0.0,0.5
1739.0000,  1.00000000,1,0,0.0,0.5
1739.0333,  1.00000000,1,0,0.0,0.5
1739.0667,  1.00000000,1,0,0.0,0.5
1739.1000,  1.00000000,1,0,0.0,0.5
1739.1333,  1.00000000,1,0,0.0,0.5
1739.1667,  1.00000000,1,0,0.025000000000000001,0.5
1739.2000,  1.00000000,1,0,0.0,0.5
1739.2333,  1.00000000,1,0,0.0,0.5
1739.2667,  1.00000000,1,0,0.0,0.5
1739.3000,  1.00000000,1,0,0.0,0.5
1739.3333,  1.00000000,1,0,0.0,0.5
1739.3667,  1.00000000,1,0,0.0,0.5
1739.4000,  1.00000000,1,0,0.0,0.5
1739.4333,  1.00000000,1,0,0.0,0.5
1739.4667,  1.00000000,1,0,0.0,0.5
1739.5000,  1.00000000,1,0,0.0,0.5
1739.5333,  1.00000000,1,0,0.0,0.5
1739.5667,  1.00000000,1,0,0.0,0.5
1739.6000,  1.00000000,1,0,0.0,0.5
1739.6333,  1.00000000,1,0,0.0,0.5
1739.6667,  1.00000000,1,0,0.0,0.5
1739.7000,  1.00000000,1,0,0.0,0.5
1739.7333,  1.00000000,1,0,0.025000000000000001,0.5
1739.7667,  1.00000000,1,0,0.0,0.5
1739.8000,  1.00000000,1,0,0.0,0.5
1739.8333,  1.00000000,1,0,0.0,0.5
1739.8667,  1.00000000,1,0,0.0,0.5
1739.9000,  1.00000000,1,0,0.0,0.5
1739.9333,  1.00000000,1,0,0.0,0.5
1739.9667,  1.00000000,1,0,0.0,0.5
1740.0000,  1.00000000,1,0,0.0,0.5
1740.0333,  1.00000000,1,0,0.0,0.5
1740.0667,  1.00000000,1,0,0.025000000000000001,0.5
1740.1000,  1.00000000,1,0,0.0,0.5
1740.1333,  1.00000000,1,0,0.025000000000000001,0.5
1740.1667,  1.00000000,1,0,0.0,0.5
1740.2000,  1.00000000,1,0,0.0,0.5
1740.2333,  1.00000000,1,0,0.0,0.5
1740.2667,  1.00000000,1,0,0.0,0.5
1740.3000,  1.00000000,1,0,0.0,0.5
1740.3333,  1.00000000,1,0,0.0,0.5
1740.3667,  1.00000000,1,0,0.0,0.5
1740.4000,  1.00000000,1,0,0.0,0.5
1740.4333,  1.00000000,1,0,0.025000000000000001,0.5
1740.4667,  1.00000000,1,0,0.0,0.5
1740.5000,  1.00000000,1,0,0.0,0.5
1740.5333,  1.00000000,1,0,0.0,0.5
1740.5667,  1.00000000,1,0,0.0,0.5
1740.6000,  1.00000000,1,0,0.0,0.5
1740.6333,  1.00000000,1,0,0.0,0.5
1740.6667,  1.00000000,1,0,0.0,0.5
1740.7000,  1.00000000,1,0,0.0,0.5
1740.7333,  1.00000000,1,0,0.0,0.5
1740.7667,  1.00000000,1,0,0.0,0.5
1740.8000,  1.00000000,1,0,0.0,0.5
1740.8333,  1.00000000,1,0,0.0,0.5
1740.8667,  1.00000000,1,0,0.0,0.5
1740.9000,  1.00000000,1,0,0.0,0.5
1740.9333,  1.00000000,1,0,0.0,0.5
1740.9667,  1.00000000,1,0,0.025000000000000001,0.5
1741.0000,  1.00000000,1,0,0.025000000000000001,0.5
1741.0333,  1.00000000,1,0,0.0,0.5
1741.0667,  1.00000000,1,0,0.025000000000000001,0.5
1741.1000,  1.00000000,1,0,0.025000000000000001,0.5
1741.1333,  1.00000000,1,0,0.0,0.5
1741.1667,  1.00000000,1,0,0.0,0.5
1741.2000,  1.00000000,1,0,0.0,0.5
1741.2333,  1.00000000,1,0,0.0,0.5
1741.2667,  1.00000000,1,0,0.0,0.5
1741.3000,  1.00000000,1,0,0.0,0.5
1741.3333,  1.00000000,1,0,0.0,0.5
1741.3667,  1.00000000,1,0,0.0,0.5
1741.4000,  1.00000000,1,0,0.025000000000000001,0.5
1741.4333,  1.00000000,1,0,0.0,0.5
1741.4667,  1.00000000,1,0,0.025000000000000001,0.5
1741.5000,  1.00000000,1,0,0.0,0.5
1741.5333,  1.00000000,1,0,0.025000000000000001,0.5
1741.5667,  1.00000000,1,0,0.0,0.5
1741.6000,  1.00000000,1,0,0.0,0.5
1741.6333,  1.00000000,1,0,0.0,0.5
1741.6667,  1.00000000,1,0,0.0,0.5
1741.7000,  1.00000000,1,0,0.0,0.5
1741.7333,  1.00000000,1,0,0.0,0.5
1741.7667,  1.00000000,1,0,0.0,0.5
1741.8000,  1.00000000,1,0,0.025000000000000001,0.5
1741.8333,  1.00000000,1,0,0.0,0.5
1741.8667,  1.00000000,1,0,0.0,0.5
1741.9000,  1.00000000,1,0,0.0,0.5
1741.9333,  1.00000000,1,0,0.0,0.5
1741.9667,  1.00000000,1,0,0.0,0.5
1742.0000,  1.00000000,1,0,0.0,0.5
1742.0333,  1.00000000,1,0,0.0,0.5
1742.0667,  1.00000000,1,0,0.0,0.5
1742.1000,  1.00000000,1,0,0.0,0.5
1742.1333,  1.00000000,1,0,0.0,0.5
1742.1667,  1.00000000,1,0,0.0,0.5
1742.2000,  1.00000000,1,0,0.0,0.5
1742.2333,  1.00000000,1,0,0.0,0.5
1742.2667,  1.00000000,1,0,0.0,0.5
1742.3000,  1.00000000,1,0,0.0,0.5
1742.3333,  1.00000000,1,0,0.0,0.5
1742.3667,  1.00000000,1,0,0.025000000000000001,0.5
1742.4000,  1.00000000,1,0,0.0,0.5
1742.4333,  1.00000000,1,0,0.0,0.5
1742.4667,  1.00000000,1,0,0.0,0.5
1742.5000,  1.00000000,1,0,0.025000000000000001,0.5
1742.5333,  1.00000000,1,0,0.025000000000000001,0.5
1742.5667,  1.00000000,1,0,0.0,0.5
1742.6000,  1.00000000,1,0,0.0,0.5
1742.6333,  1.00000000,1,0,0.025000000000000001,0.5
1742.6667,  1.00000000,1,0,0.0,0.5
1742.7000,  1.00000000,1,0,0.0,0.5
1742.7333,  1.00000000,1,0,0.0,0.5
1742.7667,  1.00000000,1,0,0.0,0.5
1742.8000,  1.00000000,1,0,0.0,0.5
1742.8333,  1.00000000,1,0,0.0,0.5
1742.8667,  1.00000000,1,0,0.0,0.5
1742.9000,  1.00000000,1,0,0.0,0.5
1742.9333,  1.00000000,1,0,0.0,0.5
1742.9667,  1.00000000,1,0,0.0,0.5
1743.0000,  1.00000000,1,0,0.0,0.5
1743.0333,  1.00000000,1,0,0.0,0.5
1743.0667,  1.00000000,1,0,0.0,0.5
1743.1000,  1.00000000,1,0,0.0,0.5
1743.1333,  1.00000000,1,0,0.0,0.5
1743.1667,  1.00000000,1,0,0.0,0.5
1743.2000,  1.00000000,1,0,0.025000000000000001,0.5
1743.2333,  1.00000000,1,0,0.0,0.5
1743.2667,  1.00000000,1,0,0.0,0.5
1743.3000,  1.00000000,1,0,0.0,0.5
1743.3333,  1.00000000,1,0,0.025000000000000001,0.5
1743.3667,  1.00000000,1,0,0.0,0.5
1743.4000,  1.00000000,1,0,0.0,0.5
1743.4333,  1.00000000,1,0,0.0,0.5
1743.4667,  1.00000000,1,0,0.0,0.5
1743.5000,  1.00000000,1,0,0.0,0.5
1743.5333,  1.00000000,1,0,0.0,0.5
1743.5667,  1.00000000,1,0,0.0,0.5
1743.6000,  1.00000000,1,0,0.0,0.5
1743.6333,  1.00000000,1,0,0.0,0.5
1743.6667,  1.00000000,1,0,0.0,0.5
1743.7000,  1.00000000,1,0,0.0,0.5
1743.7333,  1.00000000,1,0,0.0,0.5
1743.7667,  1.00000000,1,0,0.0,0.5
1743.8000,  1.00000000,1,0,0.0,0.5
1743.8333,  1.00000000,1,0,0.0,0.5
1743.8667,  1.00000000,1,0,0.0,0.5
1743.9000,  1.00000000,1,0,0.0,0.5
1743.9333,  1.00000000,1,0,0.0,0.5
1743.9667,  1.00000000,1,0,0.0,0.5
1744.0000,  1.00000000,1,0,0.0,0.5
1744.0333,  1.00000000,1,0,0.0,0.5
1744.0667,  1.00000000,1,0,0.025000000000000001,0.5
1744.1000,  1.00000000,1,0,0.0,0.5
1744.1333,  1.00000000,1,0,0.0,0.5
1744.1667,  1.00000000,1,0,0.0,0.5
1744.2000,  1.00000000,1,0,0.0,0.5
1744.2333,  1.00000000,1,0,0.0,0.5
1744.2667,  1.00000000,1,0,0.0,0.5
1744.3000,  1.00000000,1,0,0.0,0.5
1744.3333,  1.00000000,1,0,0.0,0.5
1744.3667,  1.00000000,1,0,0.025000000000000001,0.5
1744.4000,  1.00000000,1,0,0.0,0.5
1744.4333,  1.00000000,1,0,0.0,0.5
1744.4667,  1.00000000,1,0,0.0,0.5
1744.5000,  1.00000000,1,0,0.0,0.5
1744.5333,  1.00000000,1,0,0.0,0.5
1744.5667,  1.00000000,1,0,0.0,0.5
1744.6000,  1.00000000,1,0,0.0,0.5
1744.6333,  1.00000000,1,0,0.0,0.5
1744.6667,  1.00000000,1,0,0.0,0.5
1744.7000,  1.00000000,1,0,0.0,0.5
1744.7333,  1.00000000,1,0,0.0,0.5
1744.7667,  1.00000000,1,0,0.0,0.5
1744.8000,  1.00000000,1,0,0.0,0.5
1744.8333,  1.00000000,1,0,0.0,0.5
1744.8667,  1.00000000,1,0,0.0,0.5
1744.9000,  1.00000000,1,0,0.0,0.5
1744.9333,  1.00000000,1,0,0.0,0.5
1744.9667,  1.00000000,1,0,0.0,0.5
1745.0000,  1.00000000,1,0,0.0,0.5
1745.0333,  1.00000000,1,0,0.0,0.5
1745.0667,  1.00000000,1,0,0.0,0.5
1745.1000,  1.00000000,1,0,0.025000000000000001,0.5
1745.1333,  1.00000000,1,0,0.0,0.5
1745.1667,  1.00000000,1,0,0.025000000000000001,0.5
1745.2000,  1.00000000,1,0,0.0,0.5
1745.2333,  1.00000000,1,0,0.0,0.5
1745.2667,  1.00000000,1,0,0.0,0.5
1745.3000,  1.00000000,1,0,0.025000000000000001,0.5
1745.3333,  1.00000000,1,0,0.0,0.5
1745.3667,  1.00000000,1,0,0.0,0.5
1745.4000,  1.00000000,1,0,0.0,0.5
1745.4333,  1.00000000,1,0,0.025000000000000001,0.5
1745.4667,  1.00000000,1,0,0.025000000000000001,0.5
1745.5000,  1.00000000,1,0,0.0,0.5
1745.5333,  1.00000000,1,0,0.0,0.5
1745.5667,  1.00000000,1,0,0.0,0.5
1745.6000,  1.00000000,1,0,0.025000000000000001,0.5
1745.6333,  1.00000000,1,0,0.025000000000000001,0.5
1745.6667,  1.00000000,1,0,0.0,0.5
1745.7000,  1.00000000,1,0,0.025000000000000001,0.5
1745.7333,  1.00000000,1,0,0.0,0.5
1745.7667,  1.00000000,1,0,0.025000000000000001,0.5
1745.8000,  1.00000000,1,0,0.025000000000000001,0.5
1745.8333,  1.00000000,1,0,0.0,0.5
1745.8667,  1.00000000,1,0,0.0,0.5
1745.9000,  1.00000000,1,0,0.0,0.5
1745.9333,  1.00000000,1,0,0.025000000000000001,0.5
1745.9667,  1.00000000,1,0,0.0,0.5
1746.0000,  1.00000000,1,0,0.0,0.5
1746.0333,  1.00000000,1,0,0.0,0.5
1746.0667,  1.00000000,1,0,0.0,0.5
1746.1000,  1.00000000,1,0,0.0,0.5
1746.1333,  1.00000000,1,0,0.0,0.5
1746.1667,  1.00000000,1,0,0.0,0.5
1746.2000,  1.00000000,1,0,0.0,0.5
1746.2333,  1.00000000,1,0,0.0,0.5
1746.2667,  1.00000000,1,0,0.0,0.5
1746.3000,  1.00000000,1,0,0.0,0.5
1746.3333,  1.00000000,1,0,0.0,0.5
1746.3667,  1.00000000,1,0,0.0,0.5
1746.4000,  1.00000000,1,0,0.0,0.5
1746.4333,  1.00000000,1,0,0.0,0.5
1746.4667,  1.00000000,1,0,0.0,0.5
1746.5000,  1.00000000,1,0,0.0,0.5
1746.5333,  1.00000000,1,0,0.0,0.5
1746.5667,  1.00000000,1,0,0.0,0.5
1746.6000,  1.00000000,1,0,0.0,0.5
1746.6333,  1.00000000,1,0,0.0,0.5
1746.6667,  1.00000000,1,0,0.0,0.5
1746.7000,  1.00000000,1,0,0.025000000000000001,0.5
1746.7333,  1.00000000,1,0,0.0,0.5
1746.7667,  1.00000000,1,0,0.0,0.5
1746.8000,  1.00000000,1,0,0.025000000000000001,0.5
1746.8333,  1.00000000,1,0,0.0,0.5
1746.8667,  1.00000000,1,0,0.0,0.5
1746.9000,  1.00000000,1,0,0.0,0.5
1746.9333,  1.00000000,1,0,0.0,0.5
1746.9667,  1.00000000,1,0,0.0,0.5
1747.0000,  1.00000000,1,0,0.0,0.5
1747.0333,  1.00000000,1,0,0.0,0.5
1747.0667,  1.00000000,1,0,0.0,0.5
1747.1000,  1.00000000,1,0,0.0,0.5
1747.1333,  1.00000000,1,0,0.0,0.5
1747.1667,  1.00000000,1,0,0.0,0.5
1747.2000,  1.00000000,1,0,0.0,0.5
1747.2333,  1.00000000,1,0,0.0,0.5
1747.2667,  1.00000000,1,0,0.0,0.5
1747.3000,  1.00000000,1,0,0.0,0.5
1747.3333,  1.00000000,1,0,0.0,0.5
1747.3667,  1.00000000,1,0,0.0,0.5
1747.4000,  1.00000000,1,0,0.0,0.5
1747.4333,  1.00000000,1,0,0.0,0.5
1747.4667,  1.00000000,1,0,0.0,0.5
1747.5000,  1.00000000,1,0,0.0,0.5
1747.5333,  1.00000000,1,0,0.0,0.5
1747.5667,  1.00000000,1,0,0.0,0.5
1747.6000,  1.00000000,1,0,0.0,0.5
1747.6333,  1.00000000,1,0,0.0,0.5
1747.6667,  1.00000000,1,0,0.0,0.5
1747.7000,  1.00000000,1,0,0.0,0.5
1747.7333,  1.00000000,1,0,0.0,0.5
1747.7667,  1.00000000,1,0,0.0,0.5
1747.8000,  1.00000000,1,0,0.0,0.5
1747.8333,  1.00000000,1,0,0.0,0.5
1747.8667,  1.00000000,1,0,0.0,0.5
1747.9000,  1.00000000,1,0,0.0,0.5
1747.9333,  1.00000000,1,0,0.0,0.5
1747.9667,  1.00000000,1,0,0.0,0.5
1748.0000,  1.00000000,1,0,0.0,0.5
1748.0333,  1.00000000,1,0,0.0,0.5
1748.0667,  1.00000000,1,0,0.0,0.5
1748.1000,  1.00000000,1,0,0.0,0.5
1748.1333,  1.00000000,1,0,0.025000000000000001,0.5
1748.1667,  1.00000000,1,0,0.0,0.5
1748.2000,  1.00000000,1,0,0.025000000000000001,0.5
1748.2333,  1.00000000,1,0,0.0,0.5
1748.2667,  1.00000000,1,0,0.0,0.5
1748.3000,  1.00000000,1,0,0.0,0.5
1748.3333,  1.00000000,1,0,0.0,0.5
1748.3667,  1.00000000,1,0,0.0,0.5
1748.4000,  1.00000000,1,0,0.0,0.5
1748.4333,  1.00000000,1,0,0.0,0.5
1748.4667,  1.00000000,1,0,0.0,0.5
1748.5000,  1.00000000,1,0,0.0,0.5
1748.5333,  1.00000000,1,0,0.0,0.5
1748.5667,  1.00000000,1,0,0.0,0.5
1748.6000,  1.00000000,1,0,0.0,0.5
1748.6333,  1.00000000,1,0,0.0,0.5
1748.6667,  1.00000000,1,0,0.025000000000000001,0.5
1748.7000,  1.00000000,1,0,0.0,0.5
1748.7333,  1.00000000,1,0,0.0,0.5
1748.7667,  1.00000000,1,0,0.0,0.5
1748.8000,  1.00000000,1,0,0.025000000000000001,0.5
1748.8333,  1.00000000,1,0,0.0,0.5
1748.8667,  1.00000000,1,0,0.0,0.5
1748.9000,  1.00000000,1,0,0.0,0.5
1748.9333,  1.00000000,1,0,0.0,0.5
1748.9667,  1.00000000,1,0,0.0,0.5
1749.0000,  1.00000000,1,0,0.0,0.5
1749.0333,  1.00000000,1,0,0.0,0.5
1749.0667,  1.00000000,1,0,0.0,0.5
1749.1000,  1.00000000,1,0,0.0,0.5
1749.1333,  1.00000000,1,0,0.0,0.5
1749.1667,  1.00000000,1,0,0.0,0.5
1749.2000,  1.00000000,1,0,0.0,0.5
1749.2333,  1.00000000,1,0,0.0,0.5
1749.2667,  1.00000000,1,0,0.0,0.5
1749.3000,  1.00000000,1,0,0.0,0.5
1749.3333,  1.00000000,1,0,0.0,0.5
1749.3667,  1.00000000,1,0,0.0,0.5
1749.4000,  1.00000000,1,0,0.025000000000000001,0.5
1749.4333,  1.00000000,1,0,0.0,0.5
1749.4667,  1.00000000,1,0,0.0,0.5
1749.5000,  1.00000000,1,0,0.0,0.5
1749.5333,  1.00000000,1,0,0.0,0.5
1749.5667,  1.00000000,1,0,0.025000000000000001,0.5
1749.6000,  1.00000000,1,0,0.0,0.5
1749.6333,  1.00000000,1,0,0.050000000000000003,0.5
1749.6667,  1.00000000,1,0,0.0,0.5
1749.7000,  1.00000000,1,0,0.0,0.5
1749.7333,  1.00000000,1,0,0.025000000000000001,0.5
1749.7667,  1.00000000,1,0,0.025000000000000001,0.5
1749.8000,  1.00000000,1,0,0.0,0.5
1749.8333,  1.00000000,1,0,0.025000000000000001,0.5
1749.8667,  1.00000000,1,0,0.025000000000000001,0.5
1749.9000,  1.00000000,1,0,0.0,0.5
1749.9333,  1.00000000,1,0,0.025000000000000001,0.5
1749.9667,  1.00000000,1,0,0.0,0.5
1750.0000,  1.00000000,1,0,0.0,0.5
1750.0333,  1.00000000,1,0,0.0,0.5
1750.0667,  1.00000000,1,0,0.0,0.5
1750.1000,  1.00000000,1,0,0.025000000000000001,0.5
1750.1333,  1.00000000,1,0,0.0,0.5
1750.1667,  1.00000000,1,0,0.0,0.5
1750.2000,  1.00000000,1,0,0.025000000000000001,0.5
1750.2333,  1.00000000,1,0,0.0,0.5
1750.2667,  1.00000000,1,0,0.0,0.5
1750.3000,  1.00000000,1,0,0.0,0.5
1750.3333,  1.00000000,1,0,0.0,0.5
1750.3667,  1.00000000,1,0,0.0,0.5
1750.4000,  1.00000000,1,0,0.0,0.5
1750.4333,  1.00000000,1,0,0.0,0.5
1750.4667,  1.00000000,1,0,0.025000000000000001,0.5
1750.5000,  1.00000000,1,0,0.025000000000000001,0.5
1750.5333,  1.00000000,1,0,0.0,0.5
1750.5667,  1.00000000,1,0,0.0,0.5
1750.6000,  1.00000000,1,0,0.0,0.5
1750.6333,  1.00000000,1,0,0.0,0.5
1750.6667,  1.00000000,1,0,0.0,0.5
1750.7000,  1.00000000,1,0,0.0,0.5
1750.7333,  1.00000000,1,0,0.0,0.5
1750.7667,  1.00000000,1,0,0.0,0.5
1750.8000,  1.00000000,1,0,0.0,0.5
1750.8333,  1.00000000,1,0,0.0,0.5
1750.8667,  1.00000000,1,0,0.0,0.5
1750.9000,  1.00000000,1,0,0.0,0.5
1750.9333,  1.00000000,1,0,0.0,0.5
1750.9667,  1.00000000,1,0,0.0,0.5
1751.0000,  1.00000000,1,0,0.0,0.5
1751.0333,  1.00000000,1,0,0.0,0.5
1751.0667,  1.00000000,1,0,0.0,0.5
1751.1000,  1.00000000,1,0,0.0,0.5
1751.1333,  1.00000000,1,0,0.0,0.5
1751.1667,  1.00000000,1,0,0.0,0.5
1751.2000,  1.00000000,1,0,0.025000000000000001,0.5
1751.2333,  1.00000000,1,0,0.025000000000000001,0.5
1751.2667,  1.00000000,1,0,0.0,0.5
1751.3000,  1.00000000,1,0,0.0,0.5
1751.3333,  1.00000000,1,0,0.0,0.5
1751.3667,  1.00000000,1,0,0.0,0.5
1751.4000,  1.00000000,1,0,0.0,0.5
1751.4333,  1.00000000,1,0,0.0,0.5
1751.4667,  1.00000000,1,0,0.0,0.5
1751.5000,  1.00000000,1,0,0.0,0.5
1751.5333,  1.00000000,1,0,0.0,0.5
1751.5667,  1.00000000,1,0,0.0,0.5
1751.6000,  1.00000000,1,0,0.0,0.5
1751.6333,  1.00000000,1,0,0.0,0.5
1751.6667,  1.00000000,1,0,0.0,0.5
1751.7000,  1.00000000,1,0,0.0,0.5
1751.7333,  1.00000000,1,0,0.0,0.5
1751.7667,  1.00000000,1,0,0.0,0.5
1751.8000,  1.00000000,1,0,0.0,0.5
1751.8333,  1.00000000,1,0,0.0,0.5
1751.8667,  1.00000000,1,0,0.0,0.5
1751.9000,  1.00000000,1,0,0.0,0.5
1751.9333,  1.00000000,1,0,0.0,0.5
1751.9667,  1.00000000,1,0,0.0,0.5
1752.0000,  1.00000000,1,0,0.0,0.5
1752.0333,  1.00000000,1,0,0.0,0.5
1752.0667,  1.00000000,1,0,0.0,0.5
1752.1000,  1.00000000,1,0,0.0,0.5
1752.1333,  1.00000000,1,0,0.0,0.5
1752.1667,  1.00000000,1,0,0.0,0.5
1752.2000,  1.00000000,1,0,0.0,0.5
1752.2333,  1.00000000,1,0,0.0,0.5
1752.2667,  1.00000000,1,0,0.0,0.5
1752.3000,  1.00000000,1,0,0.0,0.5
1752.3333,  1.00000000,1,0,0.0,0.5
1752.3667,  1.00000000,1,0,0.0,0.5
1752.4000,  1.00000000,1,0,0.0,0.5
1752.4333,  1.00000000,1,0,0.0,0.5
1752.4667,  1.00000000,1,0,0.0,0.5
1752.5000,  1.00000000,1,0,0.050000000000000003,0.5
1752.5333,  1.00000000,1,0,0.0,0.5
1752.5667,  1.00000000,1,0,0.0,0.5
1752.6000,  1.00000000,1,0,0.025000000000000001,0.5
1752.6333,  1.00000000,1,0,0.025000000000000001,0.5
1752.6667,  1.00000000,1,0,0.0,0.5
1752.7000,  1.00000000,1,0,0.0,0.5
1752.7333,  1.00000000,1,0,0.0,0.5
1752.7667,  1.00000000,1,0,0.0,0.5
1752.8000,  1.00000000,1,0,0.0,0.5
1752.8333,  1.00000000,1,0,0.025000000000000001,0.5
1752.8667,  1.00000000,1,0,0.0,0.5
1752.9000,  1.00000000,1,0,0.0,0.5
1752.9333,  1.00000000,1,0,0.0,0.5
1752.9667,  1.00000000,1,0,0.0,0.5
1753.0000,  1.00000000,1,0,0.025000000000000001,0.5
1753.0333,  1.00000000,1,0,0.0,0.5
1753.0667,  1.00000000,1,0,0.0,0.5
1753.1000,  1.00000000,1,0,0.0,0.5
1753.1333,  1.00000000,1,0,0.0,0.5
1753.1667,  1.00000000,1,0,0.0,0.5
1753.2000,  1.00000000,1,0,0.0,0.5
1753.2333,  1.00000000,1,0,0.025000000000000001,0.5
1753.2667,  1.00000000,1,0,0.0,0.5
1753.3000,  1.00000000,1,0,0.0,0.5
1753.3333,  1.00000000,1,0,0.0,0.5
1753.3667,  1.00000000,1,0,0.0,0.5
1753.4000,  1.00000000,1,0,0.025000000000000001,0.5
1753.4333,  1.00000000,1,0,0.025000000000000001,0.5
1753.4667,  1.00000000,1,0,0.0,0.5
1753.5000,  1.00000000,1,0,0.0,0.5
1753.5333,  1.00000000,1,0,0.0,0.5
1753.5667,  1.00000000,1,0,0.025000000000000001,0.5
1753.6000,  1.00000000,1,0,0.0,0.5
1753.6333,  1.00000000,1,0,0.0,0.5
1753.6667,  1.00000000,1,0,0.0,0.5
1753.7000,  1.00000000,1,0,0.0,0.5
1753.7333,  1.00000000,1,0,0.0,0.5
1753.7667,  1.00000000,1,0,0.025000000000000001,0.5
1753.8000,  1.00000000,1,0,0.0,0.5
1753.8333,  1.00000000,1,0,0.025000000000000001,0.5
1753.8667,  1.00000000,1,0,0.025000000000000001,0.5
1753.9000,  1.00000000,1,0,0.0,0.5
1753.9333,  1.00000000,1,0,0.0,0.5
1753.9667,  1.00000000,1,0,0.0,0.5
1754.0000,  1.00000000,1,0,0.0,0.5
1754.0333,  1.00000000,1,0,0.0,0.5
1754.0667,  1.00000000,1,0,0.0,0.5
1754.1000,  1.00000000,1,0,0.0,0.5
1754.1333,  1.00000000,1,0,0.0,0.5
1754.1667,  1.00000000,1,0,0.0,0.5
1754.2000,  1.00000000,1,0,0.0,0.5
1754.2333,  1.00000000,1,0,0.025000000000000001,0.5
1754.2667,  1.00000000,1,0,0.0,0.5
1754.3000,  1.00000000,1,0,0.025000000000000001,0.5
1754.3333,  1.00000000,1,0,0.0,0.5
1754.3667,  1.00000000,1,0,0.0,0.5
1754.4000,  1.00000000,1,0,0.0,0.5
1754.4333,  1.00000000,1,0,0.0,0.5
1754.4667,  1.00000000,1,0,0.025000000000000001,0.5
1754.5000,  1.00000000,1,0,0.0,0.5
1754.5333,  1.00000000,1,0,0.025000000000000001,0.5
1754.5667,  1.00000000,1,0,0.025000000000000001,0.5
1754.6000,  1.00000000,1,0,0.0,0.5
1754.6333,  1.00000000,1,0,0.025000000000000001,0.5
1754.6667,  1.00000000,1,0,0.0,0.5
1754.7000,  1.00000000,1,0,0.025000000000000001,0.5
1754.7333,  1.00000000,1,0,0.025000000000000001,0.5
1754.7667,  1.00000000,1,0,0.0,0.5
1754.8000,  1.00000000,1,0,0.0,0.5
1754.8333,  1.00000000,1,0,0.025000000000000001,0.5
1754.8667,  1.00000000,1,0,0.0,0.5
1754.9000,  1.00000000,1,0,0.0,0.5
1754.9333,  1.00000000,1,0,0.0,0.5
1754.9667,  1.00000000,1,0,0.0,0.5
1755.0000,  1.00000000,1,0,0.0,0.5
1755.0333,  1.00000000,1,0,0.0,0.5
1755.0667,  1.00000000,1,0,0.0,0.5
1755.1000,  1.00000000,1,0,0.025000000000000001,0.5
1755.1333,  1.00000000,1,0,0.0,0.5
1755.1667,  1.00000000,1,0,0.025000000000000001,0.5
1755.2000,  1.00000000,1,0,0.0,0.5
1755.2333,  1.00000000,1,0,0.0,0.5
1755.2667,  1.00000000,1,0,0.0,0.5
1755.3000,  1.00000000,1,0,0.0,0.5
1755.3333,  1.00000000,1,0,0.0,0.5
1755.3667,  1.00000000,1,0,0.0,0.5
1755.4000,  1.00000000,1,0,0.0,0.5
1755.4333,  1.00000000,1,0,0.0,0.5
1755.4667,  1.00000000,1,0,0.025000000000000001,0.5
1755.5000,  1.00000000,1,0,0.0,0.5
1755.5333,  1.00000000,1,0,0.0,0.5
1755.5667,  1.00000000,1,0,0.0,0.5
1755.6000,  1.00000000,1,0,0.0,0.5
1755.6333,  1.00000000,1,0,0.0,0.5
1755.6667,  1.00000000,1,0,0.0,0.5
1755.7000,  1.00000000,1,0,0.0,0.5
1755.7333,  1.00000000,1,0,0.025000000000000001,0.5
1755.7667,  1.00000000,1,0,0.0,0.5
1755.8000,  1.00000000,1,0,0.0,0.5
1755.8333,  1.00000000,1,0,0.0,0.5
1755.8667,  1.00000000,1,0,0.0,0.5
1755.9000,  1.00000000,1,0,0.025000000000000001,0.5
1755.9333,  1.00000000,1,0,0.025000000000000001,0.5
1755.9667,  1.00000000,1,0,0.025000000000000001,0.5
1756.0000,  1.00000000,1,0,0.0,0.5
1756.0333,  1.00000000,1,0,0.0,0.5
1756.0667,  1.00000000,1,0,0.0,0.5
1756.1000,  1.00000000,1,0,0.0,0.5
1756.1333,  1.00000000,1,0,0.0,0.5
1756.1667,  1.00000000,1,0,0.0,0.5
1756.2000,  1.00000000,1,0,0.0,0.5
1756.2333,  1.00000000,1,0,0.0,0.5
1756.2667,  1.00000000,1,0,0.025000000000000001,0.5
1756.3000,  1.00000000,1,0,0.0,0.5
1756.3333,  1.00000000,1,0,0.0,0.5
1756.3667,  1.00000000,1,0,0.0,0.5
1756.4000,  1.00000000,1,0,0.0,0.5
1756.4333,  1.00000000,1,0,0.0,0.5
1756.4667,  1.00000000,1,0,0.0,0.5
1756.5000,  1.00000000,1,0,0.0,0.5
1756.5333,  1.00000000,1,0,0.0,0.5
1756.5667,  1.00000000,1,0,0.0,0.5
1756.6000,  1.00000000,1,0,0.0,0.5
1756.6333,  1.00000000,1,0,0.0,0.5
1756.6667,  1.00000000,1,0,0.025000000000000001,0.5
1756.7000,  1.00000000,1,0,0.025000000000000001,0.5
1756.7333,  1.00000000,1,0,0.0,0.5
1756.7667,  1.00000000,1,0,0.0,0.5
1756.8000,  1.00000000,1,0,0.025000000000000001,0.5
1756.8333,  1.00000000,1,0,0.0,0.5
1756.8667,  1.00000000,1,0,0.0,0.5
1756.9000,  1.00000000,1,0,0.0,0.5
1756.9333,  1.00000000,1,0,0.0,0.5
1756.9667,  1.00000000,1,0,0.0,0.5
1757.0000,  1.00000000,1,0,0.0,0.5
1757.0333,  1.00000000,1,0,0.0,0.5
1757.0667,  1.00000000,1,0,0.025000000000000001,0.5
1757.1000,  1.00000000,1,0,0.0,0.5
1757.1333,  1.00000000,1,0,0.0,0.5
1757.1667,  1.00000000,1,0,0.0,0.5
1757.2000,  1.00000000,1,0,0.0,0.5
1757.2333,  1.00000000,1,0,0.0,0.5
1757.2667,  1.00000000,1,0,0.0,0.5
1757.3000,  1.00000000,1,0,0.0,0.5
1757.3333,  1.00000000,1,0,0.0,0.5
1757.3667,  1.00000000,1,0,0.0,0.5
1757.4000,  1.00000000,1,0,0.0,0.5
1757.4333,  1.00000000,1,0,0.0,0.5
1757.4667,  1.00000000,1,0,0.025000000000000001,0.5
1757.5000,  1.00000000,1,0,0.0,0.5
1757.5333,  1.00000000,1,0,0.0,0.5
1757.5667,  1.00000000,1,0,0.0,0.5
1757.6000,  1.00000000,1,0,0.0,0.5
1757.6333,  1.00000000,1,0,0.0,0.5
1757.6667,  1.00000000,1,0,0.0,0.5
1757.7000,  1.00000000,1,0,0.025000000000000001,0.5
1757.7333,  1.00000000,1,0,0.0,0.5
1757.7667,  1.00000000,1,0,0.0,0.5
1757.8000,  1.00000000,1,0,0.0,0.5
1757.8333,  1.00000000,1,0,0.0,0.5
1757.8667,  1.00000000,1,0,0.0,0.5
1757.9000,  1.00000000,1,0,0.0,0.5
1757.9333,  1.00000000,1,0,0.0,0.5
1757.9667,  1.00000000,1,0,0.0,0.5
1758.0000,  1.00000000,1,0,0.0,0.5
1758.0333,  1.00000000,1,0,0.0,0.5
1758.0667,  1.00000000,1,0,0.0,0.5
1758.1000,  1.00000000,1,0,0.0,0.5
1758.1333,  1.00000000,1,0,0.0,0.5
1758.1667,  1.00000000,1,0,0.0,0.5
1758.2000,  1.00000000,1,0,0.025000000000000001,0.5
1758.2333,  1.00000000,1,0,0.0,0.5
1758.2667,  1.00000000,1,0,0.025000000000000001,0.5
1758.3000,  1.00000000,1,0,0.0,0.5
1758.3333,  1.00000000,1,0,0.025000000000000001,0.5
1758.3667,  1.00000000,1,0,0.0,0.5
1758.4000,  1.00000000,1,0,0.0,0.5
1758.4333,  1.00000000,1,0,0.0,0.5
1758.4667,  1.00000000,1,0,0.0,0.5
1758.5000,  1.00000000,1,0,0.0,0.5
1758.5333,  1.00000000,1,0,0.0,0.5
1758.5667,  1.00000000,1,0,0.0,0.5
1758.6000,  1.00000000,1,0,0.0,0.5
1758.6333,  1.00000000,1,0,0.0,0.5
1758.6667,  1.00000000,1,0,0.0,0.5
1758.7000,  1.00000000,1,0,0.025000000000000001,0.5
1758.7333,  1.00000000,1,0,0.0,0.5
1758.7667,  1.00000000,1,0,0.0,0.5
1758.8000,  1.00000000,1,0,0.0,0.5
1758.8333,  1.00000000,1,0,0.025000000000000001,0.5
1758.8667,  1.00000000,1,0,0.025000000000000001,0.5
1758.9000,  1.00000000,1,0,0.0,0.5
1758.9333,  1.00000000,1,0,0.025000000000000001,0.5
1758.9667,  1.00000000,1,0,0.025000000000000001,0.5
1759.0000,  1.00000000,1,0,0.0,0.5
1759.0333,  1.00000000,1,0,0.025000000000000001,0.5
1759.0667,  1.00000000,1,0,0.0,0.5
1759.1000,  1.00000000,1,0,0.0,0.5
1759.1333,  1.00000000,1,0,0.0,0.5
1759.1667,  1.00000000,1,0,0.0,0.5
1759.2000,  1.00000000,1,0,0.0,0.5
1759.2333,  1.00000000,1,0,0.025000000000000001,0.5
1759.2667,  1.00000000,1,0,0.0,0.5
1759.3000,  1.00000000,1,0,0.0,0.5
1759.3333,  1.00000000,1,0,0.025000000000000001,0.5
1759.3667,  1.00000000,1,0,0.0,0.5
1759.4000,  1.00000000,1,0,0.0,0.5
1759.4333,  1.00000000,1,0,0.0,0.5
1759.4667,  1.00000000,1,0,0.0,0.5
1759.5000,  1.00000000,1,0,0.0,0.5
1759.5333,  1.00000000,1,0,0.0,0.5
1759.5667,  1.00000000,1,0,0.0,0.5
1759.6000,  1.00000000,1,0,0.0,0.5
1759.6333,  1.00000000,1,0,0.0,0.5
1759.6667,  1.00000000,1,0,0.025000000000000001,0.5
1759.7000,  1.00000000,1,0,0.0,0.5
1759.7333,  1.00000000,1,0,0.0,0.5
1759.7667,  1.00000000,1,0,0.0,0.5
1759.8000,  1.00000000,1,0,0.0,0.5
1759.8333,  1.00000000,1,0,0.025000000000000001,0.5
1759.8667,  1.00000000,1,0,0.0,0.5
1759.9000,  1.00000000,1,0,0.0,0.5
1759.9333,  1.00000000,1,0,0.0,0.5
1759.9667,  1.00000000,1,0,0.0,0.5
1760.0000,  1.00000000,1,0,0.0,0.5
1760.0333,  1.00000000,1,0,0.0,0.5
1760.0667,  1.00000000,1,0,0.0,0.5
1760.1000,  1.00000000,1,0,0.025000000000000001,0.5
1760.1333,  1.00000000,1,0,0.0,0.5
1760.1667,  1.00000000,1,0,0.025000000000000001,0.5
1760.2000,  1.00000000,1,0,0.025000000000000001,0.5
1760.2333,  1.00000000,1,0,0.0,0.5
1760.2667,  1.00000000,1,0,0.0,0.5
1760.3000,  1.00000000,1,0,0.0,0.5
1760.3333,  1.00000000,1,0,0.0,0.5
1760.3667,  1.00000000,1,0,0.0,0.5
1760.4000,  1.00000000,1,0,0.0,0.5
1760.4333,  1.00000000,1,0,0.0,0.5
1760.4667,  1.00000000,1,0,0.0,0.5
1760.5000,  1.00000000,1,0,0.0,0.5
1760.5333,  1.00000000,1,0,0.0,0.5
1760.5667,  1.00000000,1,0,0.0,0.5
1760.6000,  1.00000000,1,0,0.0,0.5
1760.6333,  1.00000000,1,0,0.0,0.5
1760.6667,  1.00000000,1,0,0.0,0.5
1760.7000,  1.00000000,1,0,0.0,0.5
1760.7333,  1.00000000,1,0,0.0,0.5
1760.7667,  1.00000000,1,0,0.0,0.5
1760.8000,  1.00000000,1,0,0.0,0.5
1760.8333,  1.00000000,1,0,0.0,0.5
1760.8667,  1.00000000,1,0,0.0,0.5
1760.9000,  1.00000000,1,0,0.0,0.5
1760.9333,  1.00000000,1,0,0.025000000000000001,0.5
1760.9667,  1.00000000,1,0,0.0,0.5
1761.0000,  1.00000000,1,0,0.0,0.5
1761.0333,  1.00000000,1,0,0.0,0.5
1761.0667,  1.00000000,1,0,0.0,0.5
1761.1000,  1.00000000,1,0,0.0,0.5
1761.1333,  1.00000000,1,0,0.0,0.5
1761.1667,  1.00000000,1,0,0.0,0.5
1761.2000,  1.00000000,1,0,0.0,0.5
1761.2333,  1.00000000,1,0,0.0,0.5
1761.2667,  1.00000000,1,0,0.0,0.5
1761.3000,  1.00000000,1,0,0.025000000000000001,0.5
1761.3333,  1.00000000,1,0,0.0,0.5
1761.3667,  1.00000000,1,0,0.0,0.5
1761.4000,  1.00000000,1,0,0.025000000000000001,0.5
1761.4333,  1.00000000,1,0,0.0,0.5
1761.4667,  1.00000000,1,0,0.025000000000000001,0.5
1761.5000,  1.00000000,1,0,0.025000000000000001,0.5
1761.5333,  1.00000000,1,0,0.0,0.5
1761.5667,  1.00000000,1,0,0.0,0.5
1761.6000,  1.00000000,1,0,0.0,0.5
1761.6333,  1.00000000,1,0,0.0,0.5
1761.6667,  1.00000000,1,0,0.025000000000000001,0.5
1761.7000,  1.00000000,1,0,0.0,0.5
1761.7333,  1.00000000,1,0,0.0,0.5
1761.7667,  1.00000000,1,0,0.0,0.5
1761.8000,  1.00000000,1,0,0.0,0.5
1761.8333,  1.00000000,1,0,0.0,0.5
1761.8667,  1.00000000,1,0,0.0,0.5
1761.9000,  1.00000000,1,0,0.0,0.5
1761.9333,  1.00000000,1,0,0.0,0.5
1761.9667,  1.00000000,1,0,0.0,0.5
1762.0000,  1.00000000,1,0,0.0,0.5
1762.0333,  1.00000000,1,0,0.0,0.5
1762.0667,  1.00000000,1,0,0.025000000000000001,0.5
1762.1000,  1.00000000,1,0,0.025000000000000001,0.5
1762.1333,  1.00000000,1,0,0.0,0.5
1762.1667,  1.00000000,1,0,0.025000000000000001,0.5
1762.2000,  1.00000000,1,0,0.0,0.5
1762.2333,  1.00000000,1,0,0.0,0.5
1762.2667,  1.00000000,1,0,0.0,0.5
1762.3000,  1.00000000,1,0,0.0,0.5
1762.3333,  1.00000000,1,0,0.0,0.5
1762.3667,  1.00000000,1,0,0.0,0.5
1762.4000,  1.00000000,1,0,0.0,0.5
1762.4333,  1.00000000,1,0,0.0,0.5
1762.4667,  1.00000000,1,0,0.0,0.5
1762.5000,  1.00000000,1,0,0.0,0.5
1762.5333,  1.00000000,1,0,0.025000000000000001,0.5
1762.5667,  1.00000000,1,0,0.0,0.5
1762.6000,  1.00000000,1,0,0.0,0.5
1762.6333,  1.00000000,1,0,0.0,0.5
1762.6667,  1.00000000,1,0,0.0,0.5
1762.7000,  1.00000000,1,0,0.0,0.5
1762.7333,  1.00000000,1,0,0.0,0.5
1762.7667,  1.00000000,1,0,0.0,0.5
1762.8000,  1.00000000,1,0,0.0,0.5
1762.8333,  1.00000000,1,0,0.0,0.5
1762.8667,  1.00000000,1,0,0.025000000000000001,0.5
1762.9000,  1.00000000,1,0,0.0,0.5
1762.9333,  1.00000000,1,0,0.0,0.5
1762.9667,  1.00000000,1,0,0.050000000000000003,0.5
1763.0000,  1.00000000,1,0,0.0,0.5
1763.0333,  1.00000000,1,0,0.0,0.5
1763.0667,  1.00000000,1,0,0.0,0.5
1763.1000,  1.00000000,1,0,0.025000000000000001,0.5
1763.1333,  1.00000000,1,0,0.0,0.5
1763.1667,  1.00000000,1,0,0.0,0.5
1763.2000,  1.00000000,1,0,0.0,0.5
1763.2333,  1.00000000,1,0,0.0,0.5
1763.2667,  1.00000000,1,0,0.0,0.5
1763.3000,  1.00000000,1,0,0.050000000000000003,0.5
1763.3333,  1.00000000,1,0,0.0,0.5
1763.3667,  1.00000000,1,0,0.0,0.5
1763.4000,  1.00000000,1,0,0.0,0.5
1763.4333,  1.00000000,1,0,0.0,0.5
1763.4667,  1.00000000,1,0,0.0,0.5
1763.5000,  1.00000000,1,0,0.050000000000000003,0.5
1763.5333,  1.00000000,1,0,0.0,0.5
1763.5667,  1.00000000,1,0,0.0,0.5
1763.6000,  1.00000000,1,0,0.0,0.5
1763.6333,  1.00000000,1,0,0.0,0.5
1763.6667,  1.00000000,1,0,0.0,0.5
1763.7000,  1.00000000,1,0,0.0,0.5
1763.7333,  1.00000000,1,0,0.0,0.5
1763.7667,  1.00000000,1,0,0.0,0.5
1763.8000,  1.00000000,1,0,0.025000000000000001,0.5
1763.8333,  1.00000000,1,0,0.0,0.5
1763.8667,  1.00000000,1,0,0.0,0.5
1763.9000,  1.00000000,1,0,0.0,0.5
1763.9333,  1.00000000,1,0,0.0,0.5
1763.9667,  1.00000000,1,0,0.0,0.5
1764.0000,  1.00000000,1,0,0.0,0.5
1764.0333,  1.00000000,1,0,0.0,0.5
1764.0667,  1.00000000,1,0,0.0,0.5
1764.1000,  1.00000000,1,0,0.0,0.5
1764.1333,  1.00000000,1,0,0.0,0.5
1764.1667,  1.00000000,1,0,0.0,0.5
1764.2000,  1.00000000,1,0,0.0,0.5
1764.2333,  1.00000000,1,0,0.0,0.5
1764.2667,  1.00000000,1,0,0.0,0.5
1764.3000,  1.00000000,1,0,0.0,0.5
1764.3333,  1.00000000,1,0,0.0,0.5
1764.3667,  1.00000000,1,0,0.0,0.5
1764.4000,  1.00000000,1,0,0.0,0.5
1764.4333,  1.00000000,1,0,0.0,0.5
1764.4667,  1.00000000,1,0,0.0,0.5
1764.5000,  1.00000000,1,0,0.050000000000000003,0.5
1764.5333,  1.00000000,1,0,0.025000000000000001,0.5
1764.5667,  1.00000000,1,0,0.0,0.5
1764.6000,  1.00000000,1,0,0.0,0.5
1764.6333,  1.00000000,1,0,0.0,0.5
1764.6667,  1.00000000,1,0,0.0,0.5
1764.7000,  1.00000000,1,0,0.0,0.5
1764.7333,  1.00000000,1,0,0.0,0.5
1764.7667,  1.00000000,1,0,0.025000000000000001,0.5
1764.8000,  1.00000000,1,0,0.025000000000000001,0.5
1764.8333,  1.00000000,1,0,0.025000000000000001,0.5
1764.8667,  1.00000000,1,0,0.0,0.5
1764.9000,  1.00000000,1,0,0.0,0.5
1764.9333,  1.00000000,1,0,0.025000000000000001,0.5
1764.9667,  1.00000000,1,0,0.0,0.5
1765.0000,  1.00000000,1,0,0.0,0.5
1765.0333,  1.00000000,1,0,0.0,0.5
1765.0667,  1.00000000,1,0,0.0,0.5
1765.1000,  1.00000000,1,0,0.0,0.5
1765.1333,  1.00000000,1,0,0.0,0.5
1765.1667,  1.00000000,1,0,0.025000000000000001,0.5
1765.2000,  1.00000000,1,0,0.025000000000000001,0.5
1765.2333,  1.00000000,1,0,0.0,0.5
1765.2667,  1.00000000,1,0,0.0,0.5
1765.3000,  1.00000000,1,0,0.025000000000000001,0.5
1765.3333,  1.00000000,1,0,0.0,0.5
1765.3667,  1.00000000,1,0,0.0,0.5
1765.4000,  1.00000000,1,0,0.0,0.5
1765.4333,  1.00000000,1,0,0.0,0.5
1765.4667,  1.00000000,1,0,0.0,0.5
1765.5000,  1.00000000,1,0,0.0,0.5
1765.5333,  1.00000000,1,0,0.0,0.5
1765.5667,  1.00000000,1,0,0.025000000000000001,0.5
1765.6000,  1.00000000,1,0,0.0,0.5
1765.6333,  1.00000000,1,0,0.0,0.5
1765.6667,  1.00000000,1,0,0.0,0.5
1765.7000,  1.00000000,1,0,0.0,0.5
1765.7333,  1.00000000,1,0,0.0,0.5
1765.7667,  1.00000000,1,0,0.0,0.5
1765.8000,  1.00000000,1,0,0.025000000000000001,0.5
1765.8333,  1.00000000,1,0,0.0,0.5
1765.8667,  1.00000000,1,0,0.0,0.5
1765.9000,  1.00000000,1,0,0.0,0.5
1765.9333,  1.00000000,1,0,0.0,0.5
1765.9667,  1.00000000,1,0,0.0,0.5
1766.0000,  1.00000000,1,0,0.025000000000000001,0.5
1766.0333,  1.00000000,1,0,0.0,0.5
1766.0667,  1.00000000,1,0,0.0,0.5
1766.1000,  1.00000000,1,0,0.025000000000000001,0.5
1766.1333,  1.00000000,1,0,0.0,0.5
1766.1667,  1.00000000,1,0,0.0,0.5
1766.2000,  1.00000000,1,0,0.025000000000000001,0.5
1766.2333,  1.00000000,1,0,0.0,0.5
1766.2667,  1.00000000,1,0,0.0,0.5
1766.3000,  1.00000000,1,0,0.0,0.5
1766.3333,  1.00000000,1,0,0.0,0.5
1766.3667,  1.00000000,1,0,0.025000000000000001,0.5
1766.4000,  1.00000000,1,0,0.0,0.5
1766.4333,  1.00000000,1,0,0.0,0.5
1766.4667,  1.00000000,1,0,0.0,0.5
1766.5000,  1.00000000,1,0,0.0,0.5
1766.5333,  1.00000000,1,0,0.0,0.5
1766.5667,  1.00000000,1,0,0.0,0.5
1766.6000,  1.00000000,1,0,0.0,0.5
1766.6333,  1.00000000,1,0,0.0,0.5
1766.6667,  1.00000000,1,0,0.0,0.5
1766.7000,  1.00000000,1,0,0.0,0.5
1766.7333,  1.00000000,1,0,0.0,0.5
1766.7667,  1.00000000,1,0,0.0,0.5
1766.8000,  1.00000000,1,0,0.0,0.5
1766.8333,  1.00000000,1,0,0.0,0.5
1766.8667,  1.00000000,1,0,0.0,0.5
1766.9000,  1.00000000,1,0,0.0,0.5
1766.9333,  1.00000000,1,0,0.0,0.5
1766.9667,  1.00000000,1,0,0.0,0.5
1767.0000,  1.00000000,1,0,0.0,0.5
1767.0333,  1.00000000,1,0,0.0,0.5
1767.0667,  1.00000000,1,0,0.025000000000000001,0.5
1767.1000,  1.00000000,1,0,0.0,0.5
1767.1333,  1.00000000,1,0,0.0,0.5
1767.1667,  1.00000000,1,0,0.025000000000000001,0.5
1767.2000,  1.00000000,1,0,0.0,0.5
1767.2333,  1.00000000,1,0,0.0,0.5
1767.2667,  1.00000000,1,0,0.025000000000000001,0.5
1767.3000,  1.00000000,1,0,0.0,0.5
1767.3333,  1.00000000,1,0,0.0,0.5
1767.3667,  1.00000000,1,0,0.0,0.5
1767.4000,  1.00000000,1,0,0.025000000000000001,0.5
1767.4333,  1.00000000,1,0,0.0,0.5
1767.4667,  1.00000000,1,0,0.0,0.5
1767.5000,  1.00000000,1,0,0.0,0.5
1767.5333,  1.00000000,1,0,0.0,0.5
1767.5667,  1.00000000,1,0,0.0,0.5
1767.6000,  1.00000000,1,0,0.0,0.5
1767.6333,  1.00000000,1,0,0.0,0.5
1767.6667,  1.00000000,1,0,0.0,0.5
1767.7000,  1.00000000,1,0,0.025000000000000001,0.5
1767.7333,  1.00000000,1,0,0.0,0.5
1767.7667,  1.00000000,1,0,0.0,0.5
1767.8000,  1.00000000,1,0,0.0,0.5
1767.8333,  1.00000000,1,0,0.0,0.5
1767.8667,  1.00000000,1,0,0.025000000000000001,0.5
1767.9000,  1.00000000,1,0,0.0,0.5
1767.9333,  1.00000000,1,0,0.0,0.5
1767.9667,  1.00000000,1,0,0.025000000000000001,0.5
1768.0000,  1.00000000,1,0,0.0,0.5
1768.0333,  1.00000000,1,0,0.0,0.5
1768.0667,  1.00000000,1,0,0.0,0.5
1768.1000,  1.00000000,1,0,0.0,0.5
1768.1333,  1.00000000,1,0,0.0,0.5
1768.1667,  1.00000000,1,0,0.0,0.5
1768.2000,  1.00000000,1,0,0.0,0.5
1768.2333,  1.00000000,1,0,0.0,0.5
1768.2667,  1.00000000,1,0,0.0,0.5
1768.3000,  1.00000000,1,0,0.0,0.5
1768.3333,  1.00000000,1,0,0.025000000000000001,0.5
1768.3667,  1.00000000,1,0,0.0,0.5
1768.4000,  1.00000000,1,0,0.0,0.5
1768.4333,  1.00000000,1,0,0.0,0.5
1768.4667,  1.00000000,1,0,0.0,0.5
1768.5000,  1.00000000,1,0,0.0,0.5
1768.5333,  1.00000000,1,0,0.0,0.5
1768.5667,  1.00000000,1,0,0.050000000000000003,0.5
1768.6000,  1.00000000,1,0,0.0,0.5
1768.6333,  1.00000000,1,0,0.025000000000000001,0.5
1768.6667,  1.00000000,1,0,0.0,0.5
1768.7000,  1.00000000,1,0,0.0,0.5
1768.7333,  1.00000000,1,0,0.0,0.5
1768.7667,  1.00000000,1,0,0.025000000000000001,0.5
1768.8000,  1.00000000,1,0,0.025000000000000001,0.5
1768.8333,  1.00000000,1,0,0.0,0.5
1768.8667,  1.00000000,1,0,0.0,0.5
1768.9000,  1.00000000,1,0,0.0,0.5
1768.9333,  1.00000000,1,0,0.0,0.5
1768.9667,  1.00000000,1,0,0.0,0.5
1769.0000,  1.00000000,1,0,0.0,0.5
1769.0333,  1.00000000,1,0,0.0,0.5
1769.0667,  1.00000000,1,0,0.0,0.5
1769.1000,  1.00000000,1,0,0.0,0.5
1769.1333,  1.00000000,1,0,0.0,0.5
1769.1667,  1.00000000,1,0,0.0,0.5
1769.2000,  1.00000000,1,0,0.0,0.5
1769.2333,  1.00000000,1,0,0.0,0.5
1769.2667,  1.00000000,1,0,0.0,0.5
1769.3000,  1.00000000,1,0,0.0,0.5
1769.3333,  1.00000000,1,0,0.0,0.5
1769.3667,  1.00000000,1,0,0.025000000000000001,0.5
1769.4000,  1.00000000,1,0,0.025000000000000001,0.5
1769.4333,  1.00000000,1,0,0.025000000000000001,0.5
1769.4667,  1.00000000,1,0,0.0,0.5
1769.5000,  1.00000000,1,0,0.0,0.5
1769.5333,  1.00000000,1,0,0.0,0.5
1769.5667,  1.00000000,1,0,0.0,0.5
1769.6000,  1.00000000,1,0,0.0,0.5
1769.6333,  1.00000000,1,0,0.0,0.5
1769.6667,  1.00000000,1,0,0.025000000000000001,0.5
1769.7000,  1.00000000,1,0,0.0,0.5
1769.7333,  1.00000000,1,0,0.0,0.5
1769.7667,  1.00000000,1,0,0.025000000000000001,0.5
1769.8000,  1.00000000,1,0,0.025000000000000001,0.5
1769.8333,  1.00000000,1,0,0.0,0.5
1769.8667,  1.00000000,1,0,0.0,0.5
1769.9000,  1.00000000,1,0,0.0,0.5
1769.9333,  1.00000000,1,0,0.025000000000000001,0.5
1769.9667,  1.00000000,1,0,0.025000000000000001,0.5
1770.0000,  1.00000000,1,0,0.0,0.5
1770.0333,  1.00000000,1,0,0.0,0.5
1770.0667,  1.00000000,1,0,0.0,0.5
1770.1000,  1.00000000,1,0,0.025000000000000001,0.5
1770.1333,  1.00000000,1,0,0.0,0.5
1770.1667,  1.00000000,1,0,0.0,0.5
1770.2000,  1.00000000,1,0,0.0,0.5
1770.2333,  1.00000000,1,0,0.0,0.5
1770.2667,  1.00000000,1,0,0.0,0.5
1770.3000,  1.00000000,1,0,0.0,0.5
1770.3333,  1.00000000,1,0,0.0,0.5
1770.3667,  1.00000000,1,0,0.0,0.5
1770.4000,  1.00000000,1,0,0.0,0.5
1770.4333,  1.00000000,1,0,0.0,0.5
1770.4667,  1.00000000,1,0,0.0,0.5
1770.5000,  1.00000000,1,0,0.0,0.5
1770.5333,  1.00000000,1,0,0.0,0.5
1770.5667,  1.00000000,1,0,0.0,0.5
1770.6000,  1.00000000,1,0,0.0,0.5
1770.6333,  1.00000000,1,0,0.0,0.5
1770.6667,  1.00000000,1,0,0.0,0.5
1770.7000,  1.00000000,1,0,0.0,0.5
1770.7333,  1.00000000,1,0,0.0,0.5
1770.7667,  1.00000000,1,0,0.0,0.5
1770.8000,  1.00000000,1,0,0.0,0.5
1770.8333,  1.00000000,1,0,0.0,0.5
1770.8667,  1.00000000,1,0,0.025000000000000001,0.5
1770.9000,  1.00000000,1,0,0.0,0.5
1770.9333,  1.00000000,1,0,0.0,0.5
1770.9667,  1.00000000,1,0,0.0,0.5
1771.0000,  1.00000000,1,0,0.0,0.5
1771.0333,  1.00000000,1,0,0.025000000000000001,0.5
1771.0667,  1.00000000,1,0,0.0,0.5
1771.1000,  1.00000000,1,0,0.0,0.5
1771.1333,  1.00000000,1,0,0.0,0.5
1771.1667,  1.00000000,1,0,0.0,0.5
1771.2000,  1.00000000,1,0,0.0,0.5
1771.2333,  1.00000000,1,0,0.0,0.5
1771.2667,  1.00000000,1,0,0.0,0.5
1771.3000,  1.00000000,1,0,0.0,0.5
1771.3333,  1.00000000,1,0,0.0,0.5
1771.3667,  1.00000000,1,0,0.0,0.5
1771.4000,  1.00000000,1,0,0.0,0.5
1771.4333,  1.00000000,1,0,0.0,0.5
1771.4667,  1.00000000,1,0,0.0,0.5
1771.5000,  1.00000000,1,0,0.0,0.5
1771.5333,  1.00000000,1,0,0.0,0.5
1771.5667,  1.00000000,1,0,0.050000000000000003,0.5
1771.6000,  1.00000000,1,0,0.025000000000000001,0.5
1771.6333,  1.00000000,1,0,0.074999999999999997,0.5
1771.6667,  1.00000000,1,0,0.0,0.5
1771.7000,  1.00000000,1,0,0.025000000000000001,0.5
1771.7333,  1.00000000,1,0,0.025000000000000001,0.5
1771.7667,  1.00000000,1,0,0.0,0.5
1771.8000,  1.00000000,1,0,0.0,0.5
1771.8333,  1.00000000,1,0,0.025000000000000001,0.5
1771.8667,  1.00000000,1,0,0.0,0.5
1771.9000,  1.00000000,1,0,0.0,0.5
1771.9333,  1.00000000,1,0,0.0,0.5
1771.9667,  1.00000000,1,0,0.025000000000000001,0.5
1772.0000,  1.00000000,1,0,0.0,0.5
1772.0333,  1.00000000,1,0,0.025000000000000001,0.5
1772.0667,  1.00000000,1,0,0.0,0.5
1772.1000,  1.00000000,1,0,0.0,0.5
1772.1333,  1.00000000,1,0,0.0,0.5
1772.1667,  1.00000000,1,0,0.0,0.5
1772.2000,  1.00000000,1,0,0.0,0.5
1772.2333,  1.00000000,1,0,0.0,0.5
1772.2667,  1.00000000,1,0,0.025000000000000001,0.5
1772.3000,  1.00000000,1,0,0.0,0.5
1772.3333,  1.00000000,1,0,0.0,0.5
1772.3667,  1.00000000,1,0,0.0,0.5
1772.4000,  1.00000000,1,0,0.0,0.5
1772.4333,  1.00000000,1,0,0.0,0.5
1772.4667,  1.00000000,1,0,0.0,0.5
1772.5000,  1.00000000,1,0,0.0,0.5
1772.5333,  1.00000000,1,0,0.0,0.5
1772.5667,  1.00000000,1,0,0.0,0.5
1772.6000,  1.00000000,1,0,0.0,0.5
1772.6333,  1.00000000,1,0,0.0,0.5
1772.6667,  1.00000000,1,0,0.0,0.5
1772.7000,  1.00000000,1,0,0.0,0.5
1772.7333,  1.00000000,1,0,0.0,0.5
1772.7667,  1.00000000,1,0,0.0,0.5
1772.8000,  1.00000000,1,0,0.0,0.5
1772.8333,  1.00000000,1,0,0.0,0.5
1772.8667,  1.00000000,1,0,0.0,0.5
1772.9000,  1.00000000,1,0,0.0,0.5
1772.9333,  1.00000000,1,0,0.0,0.5
1772.9667,  1.00000000,1,0,0.0,0.5
1773.0000,  1.00000000,1,0,0.0,0.5
1773.0333,  1.00000000,1,0,0.0,0.5
1773.0667,  1.00000000,1,0,0.0,0.5
1773.1000,  1.00000000,1,0,0.0,0.5
1773.1333,  1.00000000,1,0,0.0,0.5
1773.1667,  1.00000000,1,0,0.0,0.5
1773.2000,  1.00000000,1,0,0.0,0.5
1773.2333,  1.00000000,1,0,0.025000000000000001,0.5
1773.2667,  1.00000000,1,0,0.0,0.5
1773.3000,  1.00000000,1,0,0.025000000000000001,0.5
1773.3333,  1.00000000,1,0,0.0,0.5
1773.3667,  1.00000000,1,0,0.0,0.5
1773.4000,  1.00000000,1,0,0.0,0.5
1773.4333,  1.00000000,1,0,0.0,0.5
1773.4667,  1.00000000,1,0,0.0,0.5
1773.5000,  1.00000000,1,0,0.0,0.5
1773.5333,  1.00000000,1,0,0.0,0.5
1773.5667,  1.00000000,1,0,0.0,0.5
1773.6000,  1.00000000,1,0,0.025000000000000001,0.5
1773.6333,  1.00000000,1,0,0.0,0.5
1773.6667,  1.00000000,1,0,0.0,0.5
1773.7000,  1.00000000,1,0,0.0,0.5
1773.7333,  1.00000000,1,0,0.050000000000000003,0.5
1773.7667,  1.00000000,1,0,0.0,0.5
1773.8000,  1.00000000,1,0,0.0,0.5
1773.8333,  1.00000000,1,0,0.0,0.5
1773.8667,  1.00000000,1,0,0.0,0.5
1773.9000,  1.00000000,1,0,0.0,0.5
1773.9333,  1.00000000,1,0,0.025000000000000001,0.5
1773.9667,  1.00000000,1,0,0.0,0.5
1774.0000,  1.00000000,1,0,0.0,0.5
1774.0333,  1.00000000,1,0,0.0,0.5
1774.0667,  1.00000000,1,0,0.0,0.5
1774.1000,  1.00000000,1,0,0.025000000000000001,0.5
1774.1333,  1.00000000,1,0,0.0,0.5
1774.1667,  1.00000000,1,0,0.0,0.5
1774.2000,  1.00000000,1,0,0.0,0.5
1774.2333,  1.00000000,1,0,0.0,0.5
1774.2667,  1.00000000,1,0,0.0,0.5
1774.3000,  1.00000000,1,0,0.0,0.5
1774.3333,  1.00000000,1,0,0.0,0.5
1774.3667,  1.00000000,1,0,0.0,0.5
1774.4000,  1.00000000,1,0,0.0,0.5
1774.4333,  1.00000000,1,0,0.025000000000000001,0.5
1774.4667,  1.00000000,1,0,0.025000000000000001,0.5
1774.5000,  1.00000000,1,0,0.0,0.5
1774.5333,  1.00000000,1,0,0.0,0.5
1774.5667,  1.00000000,1,0,0.0,0.5
1774.6000,  1.00000000,1,0,0.0,0.5
1774.6333,  1.00000000,1,0,0.0,0.5
1774.6667,  1.00000000,1,0,0.0,0.5
1774.7000,  1.00000000,1,0,0.0,0.5
1774.7333,  1.00000000,1,0,0.0,0.5
1774.7667,  1.00000000,1,0,0.0,0.5
1774.8000,  1.00000000,1,0,0.0,0.5
1774.8333,  1.00000000,1,0,0.0,0.5
1774.8667,  1.00000000,1,0,0.0,0.5
1774.9000,  1.00000000,1,0,0.025000000000000001,0.5
1774.9333,  1.00000000,1,0,0.0,0.5
1774.9667,  1.00000000,1,0,0.0,0.5
1775.0000,  1.00000000,1,0,0.0,0.5
1775.0333,  1.00000000,1,0,0.0,0.5
1775.0667,  1.00000000,1,0,0.0,0.5
1775.1000,  1.00000000,1,0,0.0,0.5
1775.1333,  1.00000000,1,0,0.0,0.5
1775.1667,  1.00000000,1,0,0.0,0.5
1775.2000,  1.00000000,1,0,0.0,0.5
1775.2333,  1.00000000,1,0,0.0,0.5
1775.2667,  1.00000000,1,0,0.0,0.5
1775.3000,  1.00000000,1,0,0.0,0.5
1775.3333,  1.00000000,1,0,0.0,0.5
1775.3667,  1.00000000,1,0,0.0,0.5
1775.4000,  1.00000000,1,0,0.0,0.5
1775.4333,  1.00000000,1,0,0.0,0.5
1775.4667,  1.00000000,1,0,0.0,0.5
1775.5000,  1.00000000,1,0,0.0,0.5
1775.5333,  1.00000000,1,0,0.0,0.5
1775.5667,  1.00000000,1,0,0.0,0.5
1775.6000,  1.00000000,1,0,0.0,0.5
1775.6333,  1.00000000,1,0,0.0,0.5
1775.6667,  1.00000000,1,0,0.0,0.5
1775.7000,  1.00000000,1,0,0.0,0.5
1775.7333,  1.00000000,1,0,0.025000000000000001,0.5
1775.7667,  1.00000000,1,0,0.0,0.5
1775.8000,  1.00000000,1,0,0.0,0.5
1775.8333,  1.00000000,1,0,0.0,0.5
1775.8667,  1.00000000,1,0,0.0,0.5
1775.9000,  1.00000000,1,0,0.0,0.5
1775.9333,  1.00000000,1,0,0.0,0.5
1775.9667,  1.00000000,1,0,0.0,0.5
1776.0000,  1.00000000,1,0,0.0,0.5
1776.0333,  1.00000000,1,0,0.0,0.5
1776.0667,  1.00000000,1,0,0.0,0.5
1776.1000,  1.00000000,1,0,0.0,0.5
1776.1333,  1.00000000,1,0,0.0,0.5
1776.1667,  1.00000000,1,0,0.025000000000000001,0.5
1776.2000,  1.00000000,1,0,0.0,0.5
1776.2333,  1.00000000,1,0,0.0,0.5
1776.2667,  1.00000000,1,0,0.0,0.5
1776.3000,  1.00000000,1,0,0.0,0.5
1776.3333,  1.00000000,1,0,0.0,0.5
1776.3667,  1.00000000,1,0,0.0,0.5
1776.4000,  1.00000000,1,0,0.0,0.5
1776.4333,  1.00000000,1,0,0.025000000000000001,0.5
1776.4667,  1.00000000,1,0,0.0,0.5
1776.5000,  1.00000000,1,0,0.0,0.5
1776.5333,  1.00000000,1,0,0.025000000000000001,0.5
1776.5667,  1.00000000,1,0,0.0,0.5
1776.6000,  1.00000000,1,0,0.0,0.5
1776.6333,  1.00000000,1,0,0.0,0.5
1776.6667,  1.00000000,1,0,0.0,0.5
1776.7000,  1.00000000,1,0,0.0,0.5
1776.7333,  1.00000000,1,0,0.0,0.5
1776.7667,  1.00000000,1,0,0.0,0.5
1776.8000,  1.00000000,1,0,0.0,0.5
1776.8333,  1.00000000,1,0,0.025000000000000001,0.5
1776.8667,  1.00000000,1,0,0.025000000000000001,0.5
1776.9000,  1.00000000,1,0,0.0,0.5
1776.9333,  1.00000000,1,0,0.0,0.5
1776.9667,  1.00000000,1,0,0.0,0.5
1777.0000,  1.00000000,1,0,0.0,0.5
1777.0333,  1.00000000,1,0,0.0,0.5
1777.0667,  1.00000000,1,0,0.0,0.5
1777.1000,  1.00000000,1,0,0.0,0.5
1777.1333,  1.00000000,1,0,0.0,0.5
1777.1667,  1.00000000,1,0,0.0,0.5
1777.2000,  1.00000000,1,0,0.0,0.5
1777.2333,  1.00000000,1,0,0.0,0.5
1777.2667,  1.00000000,1,0,0.0,0.5
1777.3000,  1.00000000,1,0,0.025000000000000001,0.5
1777.3333,  1.00000000,1,0,0.0,0.5
1777.3667,  1.00000000,1,0,0.0,0.5
1777.4000,  1.00000000,1,0,0.025000000000000001,0.5
1777.4333,  1.00000000,1,0,0.0,0.5
1777.4667,  1.00000000,1,0,0.025000000000000001,0.5
1777.5000,  1.00000000,1,0,0.0,0.5
1777.5333,  1.00000000,1,0,0.025000000000000001,0.5
1777.5667,  1.00000000,1,0,0.025000000000000001,0.5
1777.6000,  1.00000000,1,0,0.0,0.5
1777.6333,  1.00000000,1,0,0.0,0.5
1777.6667,  1.00000000,1,0,0.0,0.5
1777.7000,  1.00000000,1,0,0.0,0.5
1777.7333,  1.00000000,1,0,0.0,0.5
1777.7667,  1.00000000,1,0,0.0,0.5
1777.8000,  1.00000000,1,0,0.0,0.5
1777.8333,  1.00000000,1,0,0.0,0.5
1777.8667,  1.00000000,1,0,0.0,0.5
1777.9000,  1.00000000,1,0,0.025000000000000001,0.5
1777.9333,  1.00000000,1,0,0.0,0.5
1777.9667,  1.00000000,1,0,0.0,0.5
1778.0000,  1.00000000,1,0,0.0,0.5
1778.0333,  1.00000000,1,0,0.025000000000000001,0.5
1778.0667,  1.00000000,1,0,0.0,0.5
1778.1000,  1.00000000,1,0,0.0,0.5
1778.1333,  1.00000000,1,0,0.0,0.5
1778.1667,  1.00000000,1,0,0.0,0.5
1778.2000,  1.00000000,1,0,0.0,0.5
1778.2333,  1.00000000,1,0,0.0,0.5
1778.2667,  1.00000000,1,0,0.025000000000000001,0.5
1778.3000,  1.00000000,1,0,0.0,0.5
1778.3333,  1.00000000,1,0,0.0,0.5
1778.3667,  1.00000000,1,0,0.0,0.5
1778.4000,  1.00000000,1,0,0.0,0.5
1778.4333,  1.00000000,1,0,0.0,0.5
1778.4667,  1.00000000,1,0,0.0,0.5
1778.5000,  1.00000000,1,0,0.0,0.5
1778.5333,  1.00000000,1,0,0.0,0.5
1778.5667,  1.00000000,1,0,0.0,0.5
1778.6000,  1.00000000,1,0,0.0,0.5
1778.6333,  1.00000000,1,0,0.0,0.5
1778.6667,  1.00000000,1,0,0.0,0.5
1778.7000,  1.00000000,1,0,0.0,0.5
1778.7333,  1.00000000,1,0,0.0,0.5
1778.7667,  1.00000000,1,0,0.0,0.5
1778.8000,  1.00000000,1,0,0.0,0.5
1778.8333,  1.00000000,1,0,0.0,0.5
1778.8667,  1.00000000,1,0,0.0,0.5
1778.9000,  1.00000000,1,0,0.0,0.5
1778.9333,  1.00000000,1,0,0.0,0.5
1778.9667,  1.00000000,1,0,0.025000000000000001,0.5
1779.0000,  1.00000000,1,0,0.0,0.5
1779.0333,  1.00000000,1,0,0.0,0.5
1779.0667,  1.00000000,1,0,0.0,0.5
1779.1000,  1.00000000,1,0,0.0,0.5
1779.1333,  1.00000000,1,0,0.0,0.5
1779.1667,  1.00000000,1,0,0.025000000000000001,0.5
1779.2000,  1.00000000,1,0,0.0,0.5
1779.2333,  1.00000000,1,0,0.0,0.5
1779.2667,  1.00000000,1,0,0.0,0.5
1779.3000,  1.00000000,1,0,0.050000000000000003,0.5
1779.3333,  1.00000000,1,0,0.0,0.5
1779.3667,  1.00000000,1,0,0.0,0.5
1779.4000,  1.00000000,1,0,0.0,0.5
1779.4333,  1.00000000,1,0,0.0,0.5
1779.4667,  1.00000000,1,0,0.0,0.5
1779.5000,  1.00000000,1,0,0.0,0.5
1779.5333,  1.00000000,1,0,0.0,0.5
1779.5667,  1.00000000,1,0,0.0,0.5
1779.6000,  1.00000000,1,0,0.0,0.5
1779.6333,  1.00000000,1,0,0.0,0.5
1779.6667,  1.00000000,1,0,0.0,0.5
1779.7000,  1.00000000,1,0,0.0,0.5
1779.7333,  1.00000000,1,0,0.0,0.5
1779.7667,  1.00000000,1,0,0.0,0.5
1779.8000,  1.00000000,1,0,0.0,0.5
1779.8333,  1.00000000,1,0,0.025000000000000001,0.5
1779.8667,  1.00000000,1,0,0.0,0.5
1779.9000,  1.00000000,1,0,0.0,0.5
1779.9333,  1.00000000,1,0,0.025000000000000001,0.5
1779.9667,  1.00000000,1,0,0.0,0.5
1780.0000,  1.00000000,1,0,0.0,0.5
1780.0333,  1.00000000,1,0,0.0,0.5
1780.0667,  1.00000000,1,0,0.0,0.5
1780.1000,  1.00000000,1,0,0.025000000000000001,0.5
1780.1333,  1.00000000,1,0,0.0,0.5
1780.1667,  1.00000000,1,0,0.025000000000000001,0.5
1780.2000,  1.00000000,1,0,0.0,0.5
1780.2333,  1.00000000,1,0,0.0,0.5
1780.2667,  1.00000000,1,0,0.025000000000000001,0.5
1780.3000,  1.00000000,1,0,0.0,0.5
1780.3333,  1.00000000,1,0,0.050000000000000003,0.5
1780.3667,  1.00000000,1,0,0.0,0.5
1780.4000,  1.00000000,1,0,0.0,0.5
1780.4333,  1.00000000,1,0,0.0,0.5
1780.4667,  1.00000000,1,0,0.0,0.5
1780.5000,  1.00000000,1,0,0.0,0.5
1780.5333,  1.00000000,1,0,0.0,0.5
1780.5667,  1.00000000,1,0,0.025000000000000001,0.5
1780.6000,  1.00000000,1,0,0.0,0.5
1780.6333,  1.00000000,1,0,0.0,0.5
1780.6667,  1.00000000,1,0,0.0,0.5
1780.7000,  1.00000000,1,0,0.025000000000000001,0.5
1780.7333,  1.00000000,1,0,0.025000000000000001,0.5
1780.7667,  1.00000000,1,0,0.0,0.5
1780.8000,  1.00000000,1,0,0.0,0.5
1780.8333,  1.00000000,1,0,0.025000000000000001,0.5
1780.8667,  1.00000000,1,0,0.0,0.5
1780.9000,  1.00000000,1,0,0.0,0.5
1780.9333,  1.00000000,1,0,0.0,0.5
1780.9667,  1.00000000,1,0,0.025000000000000001,0.5
1781.0000,  1.00000000,1,0,0.0,0.5
1781.0333,  1.00000000,1,0,0.0,0.5
1781.0667,  1.00000000,1,0,0.025000000000000001,0.5
1781.1000,  1.00000000,1,0,0.0,0.5
1781.1333,  1.00000000,1,0,0.0,0.5
1781.1667,  1.00000000,1,0,0.0,0.5
1781.2000,  1.00000000,1,0,0.025000000000000001,0.5
1781.2333,  1.00000000,1,0,0.025000000000000001,0.5
1781.2667,  1.00000000,1,0,0.0,0.5
1781.3000,  1.00000000,1,0,0.0,0.5
1781.3333,  1.00000000,1,0,0.0,0.5
1781.3667,  1.00000000,1,0,0.0,0.5
1781.4000,  1.00000000,1,0,0.0,0.5
1781.4333,  1.00000000,1,0,0.025000000000000001,0.5
1781.4667,  1.00000000,1,0,0.0,0.5
1781.5000,  1.00000000,1,0,0.0,0.5
1781.5333,  1.00000000,1,0,0.0,0.5
1781.5667,  1.00000000,1,0,0.0,0.5
1781.6000,  1.00000000,1,0,0.025000000000000001,0.5
1781.6333,  1.00000000,1,0,0.0,0.5
1781.6667,  1.00000000,1,0,0.0,0.5
1781.7000,  1.00000000,1,0,0.0,0.5
1781.7333,  1.00000000,1,0,0.0,0.5
1781.7667,  1.00000000,1,0,0.025000000000000001,0.5
1781.8000,  1.00000000,1,0,0.0,0.5
1781.8333,  1.00000000,1,0,0.0,0.5
1781.8667,  1.00000000,1,0,0.0,0.5
1781.9000,  1.00000000,1,0,0.0,0.5
1781.9333,  1.00000000,1,0,0.025000000000000001,0.5
1781.9667,  1.00000000,1,0,0.0,0.5
1782.0000,  1.00000000,1,0,0.0,0.5
1782.0333,  1.00000000,1,0,0.0,0.5
1782.0667,  1.00000000,1,0,0.0,0.5
1782.1000,  1.00000000,1,0,0.025000000000000001,0.5
1782.1333,  1.00000000,1,0,0.0,0.5
1782.1667,  1.00000000,1,0,0.0,0.5
1782.2000,  1.00000000,1,0,0.0,0.5
1782.2333,  1.00000000,1,0,0.0,0.5
1782.2667,  1.00000000,1,0,0.0,0.5
1782.3000,  1.00000000,1,0,0.025000000000000001,0.5
1782.3333,  1.00000000,1,0,0.0,0.5
1782.3667,  1.00000000,1,0,0.0,0.5
1782.4000,  1.00000000,1,0,0.0,0.5
1782.4333,  1.00000000,1,0,0.025000000000000001,0.5
1782.4667,  1.00000000,1,0,0.0,0.5
1782.5000,  1.00000000,1,0,0.0,0.5
1782.5333,  1.00000000,1,0,0.0,0.5
1782.5667,  1.00000000,1,0,0.0,0.5
1782.6000,  1.00000000,1,0,0.0,0.5
1782.6333,  1.00000000,1,0,0.0,0.5
1782.6667,  1.00000000,1,0,0.0,0.5
1782.7000,  1.00000000,1,0,0.0,0.5
1782.7333,  1.00000000,1,0,0.0,0.5
1782.7667,  1.00000000,1,0,0.0,0.5
1782.8000,  1.00000000,1,0,0.0,0.5
1782.8333,  1.00000000,1,0,0.0,0.5
1782.8667,  1.00000000,1,0,0.0,0.5
1782.9000,  1.00000000,1,0,0.025000000000000001,0.5
1782.9333,  1.00000000,1,0,0.0,0.5
1782.9667,  1.00000000,1,0,0.0,0.5
1783.0000,  1.00000000,1,0,0.0,0.5
1783.0333,  1.00000000,1,0,0.0,0.5
1783.0667,  1.00000000,1,0,0.0,0.5
1783.1000,  1.00000000,1,0,0.0,0.5
1783.1333,  1.00000000,1,0,0.0,0.5
1783.1667,  1.00000000,1,0,0.0,0.5
1783.2000,  1.00000000,1,0,0.0,0.5
1783.2333,  1.00000000,1,0,0.0,0.5
1783.2667,  1.00000000,1,0,0.0,0.5
1783.3000,  1.00000000,1,0,0.0,0.5
1783.3333,  1.00000000,1,0,0.0,0.5
1783.3667,  1.00000000,1,0,0.0,0.5
1783.4000,  1.00000000,1,0,0.0,0.5
1783.4333,  1.00000000,1,0,0.0,0.5
1783.4667,  1.00000000,1,0,0.0,0.5
1783.5000,  1.00000000,1,0,0.025000000000000001,0.5
1783.5333,  1.00000000,1,0,0.0,0.5
1783.5667,  1.00000000,1,0,0.0,0.5
1783.6000,  1.00000000,1,0,0.0,0.5
1783.6333,  1.00000000,1,0,0.0,0.5
1783.6667,  1.00000000,1,0,0.0,0.5
1783.7000,  1.00000000,1,0,0.0,0.5
1783.7333,  1.00000000,1,0,0.0,0.5
1783.7667,  1.00000000,1,0,0.0,0.5
1783.8000,  1.00000000,1,0,0.0,0.5
1783.8333,  1.00000000,1,0,0.0,0.5
1783.8667,  1.00000000,1,0,0.0,0.5
1783.9000,  1.00000000,1,0,0.0,0.5
1783.9333,  1.00000000,1,0,0.0,0.5
1783.9667,  1.00000000,1,0,0.0,0.5
1784.0000,  1.00000000,1,0,0.0,0.5
1784.0333,  1.00000000,1,0,0.0,0.5
1784.0667,  1.00000000,1,0,0.0,0.5
1784.1000,  1.00000000,1,0,0.0,0.5
1784.1333,  1.00000000,1,0,0.0,0.5
1784.1667,  1.00000000,1,0,0.0,0.5
1784.2000,  1.00000000,1,0,0.0,0.5
1784.2333,  1.00000000,1,0,0.0,0.5
1784.2667,  1.00000000,1,0,0.0,0.5
1784.3000,  1.00000000,1,0,0.0,0.5
1784.3333,  1.00000000,1,0,0.0,0.5
1784.3667,  1.00000000,1,0,0.0,0.5
1784.4000,  1.00000000,1,0,0.0,0.5
1784.4333,  1.00000000,1,0,0.025000000000000001,0.5
1784.4667,  1.00000000,1,0,0.0,0.5
1784.5000,  1.00000000,1,0,0.0,0.5
1784.5333,  1.00000000,1,0,0.025000000000000001,0.5
1784.5667,  1.00000000,1,0,0.025000000000000001,0.5
1784.6000,  1.00000000,1,0,0.0,0.5
1784.6333,  1.00000000,1,0,0.0,0.5
1784.6667,  1.00000000,1,0,0.025000000000000001,0.5
1784.7000,  1.00000000,1,0,0.0,0.5
1784.7333,  1.00000000,1,0,0.0,0.5
1784.7667,  1.00000000,1,0,0.0,0.5
1784.8000,  1.00000000,1,0,0.0,0.5
1784.8333,  1.00000000,1,0,0.0,0.5
1784.8667,  1.00000000,1,0,0.0,0.5
1784.9000,  1.00000000,1,0,0.0,0.5
1784.9333,  1.00000000,1,0,0.0,0.5
1784.9667,  1.00000000,1,0,0.0,0.5
1785.0000,  1.00000000,1,0,0.025000000000000001,0.5
1785.0333,  1.00000000,1,0,0.0,0.5
1785.0667,  1.00000000,1,0,0.025000000000000001,0.5
1785.1000,  1.00000000,1,0,0.0,0.5
1785.1333,  1.00000000,1,0,0.025000000000000001,0.5
1785.1667,  1.00000000,1,0,0.0,0.5
1785.2000,  1.00000000,1,0,0.0,0.5
1785.2333,  1.00000000,1,0,0.0,0.5
1785.2667,  1.00000000,1,0,0.025000000000000001,0.5
1785.3000,  1.00000000,1,0,0.0,0.5
1785.3333,  1.00000000,1,0,0.0,0.5
1785.3667,  1.00000000,1,0,0.025000000000000001,0.5
1785.4000,  1.00000000,1,0,0.0,0.5
1785.4333,  1.00000000,1,0,0.025000000000000001,0.5
1785.4667,  1.00000000,1,0,0.0,0.5
1785.5000,  1.00000000,1,0,0.0,0.5
1785.5333,  1.00000000,1,0,0.0,0.5
1785.5667,  1.00000000,1,0,0.0,0.5
1785.6000,  1.00000000,1,0,0.0,0.5
1785.6333,  1.00000000,1,0,0.0,0.5
1785.6667,  1.00000000,1,0,0.0,0.5
1785.7000,  1.00000000,1,0,0.0,0.5
1785.7333,  1.00000000,1,0,0.0,0.5
1785.7667,  1.00000000,1,0,0.0,0.5
1785.8000,  1.00000000,1,0,0.0,0.5
1785.8333,  1.00000000,1,0,0.0,0.5
1785.8667,  1.00000000,1,0,0.0,0.5
1785.9000,  1.00000000,1,0,0.0,0.5
1785.9333,  1.00000000,1,0,0.0,0.5
1785.9667,  1.00000000,1,0,0.0,0.5
1786.0000,  1.00000000,1,0,0.0,0.5
1786.0333,  1.00000000,1,0,0.0,0.5
1786.0667,  1.00000000,1,0,0.0,0.5
1786.1000,  1.00000000,1,0,0.0,0.5
1786.1333,  1.00000000,1,0,0.0,0.5
1786.1667,  1.00000000,1,0,0.0,0.5
1786.2000,  1.00000000,1,0,0.0,0.5
1786.2333,  1.00000000,1,0,0.0,0.5
1786.2667,  1.00000000,1,0,0.0,0.5
1786.3000,  1.00000000,1,0,0.0,0.5
1786.3333,  1.00000000,1,0,0.0,0.5
1786.3667,  1.00000000,1,0,0.0,0.5
1786.4000,  1.00000000,1,0,0.0,0.5
1786.4333,  1.00000000,1,0,0.0,0.5
1786.4667,  1.00000000,1,0,0.0,0.5
1786.5000,  1.00000000,1,0,0.0,0.5
1786.5333,  1.00000000,1,0,0.0,0.5
1786.5667,  1.00000000,1,0,0.0,0.5
1786.6000,  1.00000000,1,0,0.0,0.5
1786.6333,  1.00000000,1,0,0.0,0.5
1786.6667,  1.00000000,1,0,0.0,0.5
1786.7000,  1.00000000,1,0,0.0,0.5
1786.7333,  1.00000000,1,0,0.025000000000000001,0.5
1786.7667,  1.00000000,1,0,0.0,0.5
1786.8000,  1.00000000,1,0,0.0,0.5
1786.8333,  1.00000000,1,0,0.0,0.5
1786.8667,  1.00000000,1,0,0.025000000000000001,0.5
1786.9000,  1.00000000,1,0,0.025000000000000001,0.5
1786.9333,  1.00000000,1,0,0.0,0.5
1786.9667,  1.00000000,1,0,0.0,0.5
1787.0000,  1.00000000,1,0,0.0,0.5
1787.0333,  1.00000000,1,0,0.0,0.5
1787.0667,  1.00000000,1,0,0.0,0.5
1787.1000,  1.00000000,1,0,0.0,0.5
1787.1333,  1.00000000,1,0,0.0,0.5
1787.1667,  1.00000000,1,0,0.0,0.5
1787.2000,  1.00000000,1,0,0.0,0.5
1787.2333,  1.00000000,1,0,0.0,0.5
1787.2667,  1.00000000,1,0,0.0,0.5
1787.3000,  1.00000000,1,0,0.0,0.5
1787.3333,  1.00000000,1,0,0.0,0.5
1787.3667,  1.00000000,1,0,0.0,0.5
1787.4000,  1.00000000,1,0,0.0,0.5
1787.4333,  1.00000000,1,0,0.0,0.5
1787.4667,  1.00000000,1,0,0.025000000000000001,0.5
1787.5000,  1.00000000,1,0,0.0,0.5
1787.5333,  1.00000000,1,0,0.0,0.5
1787.5667,  1.00000000,1,0,0.0,0.5
1787.6000,  1.00000000,1,0,0.025000000000000001,0.5
1787.6333,  1.00000000,1,0,0.0,0.5
1787.6667,  1.00000000,1,0,0.0,0.5
1787.7000,  1.00000000,1,0,0.0,0.5
1787.7333,  1.00000000,1,0,0.0,0.5
1787.7667,  1.00000000,1,0,0.0,0.5
1787.8000,  1.00000000,1,0,0.0,0.5
1787.8333,  1.00000000,1,0,0.0,0.5
1787.8667,  1.00000000,1,0,0.025000000000000001,0.5
1787.9000,  1.00000000,1,0,0.0,0.5
1787.9333,  1.00000000,1,0,0.0,0.5
1787.9667,  1.00000000,1,0,0.0,0.5
1788.0000,  1.00000000,1,0,0.0,0.5
1788.0333,  1.00000000,1,0,0.0,0.5
1788.0667,  1.00000000,1,0,0.0,0.5
1788.1000,  1.00000000,1,0,0.0,0.5
1788.1333,  1.00000000,1,0,0.0,0.5
1788.1667,  1.00000000,1,0,0.0,0.5
1788.2000,  1.00000000,1,0,0.0,0.5
1788.2333,  1.00000000,1,0,0.025000000000000001,0.5
1788.2667,  1.00000000,1,0,0.025000000000000001,0.5
1788.3000,  1.00000000,1,0,0.0,0.5
1788.3333,  1.00000000,1,0,0.0,0.5
1788.3667,  1.00000000,1,0,0.0,0.5
1788.4000,  1.00000000,1,0,0.0,0.5
1788.4333,  1.00000000,1,0,0.0,0.5
1788.4667,  1.00000000,1,0,0.0,0.5
1788.5000,  1.00000000,1,0,0.0,0.5
1788.5333,  1.00000000,1,0,0.025000000000000001,0.5
1788.5667,  1.00000000,1,0,0.0,0.5
1788.6000,  1.00000000,1,0,0.025000000000000001,0.5
1788.6333,  1.00000000,1,0,0.0,0.5
1788.6667,  1.00000000,1,0,0.0,0.5
1788.7000,  1.00000000,1,0,0.0,0.5
1788.7333,  1.00000000,1,0,0.0,0.5
1788.7667,  1.00000000,1,0,0.0,0.5
1788.8000,  1.00000000,1,0,0.0,0.5
1788.8333,  1.00000000,1,0,0.0,0.5
1788.8667,  1.00000000,1,0,0.0,0.5
1788.9000,  1.00000000,1,0,0.0,0.5
1788.9333,  1.00000000,1,0,0.0,0.5
1788.9667,  1.00000000,1,0,0.0,0.5
1789.0000,  1.00000000,1,0,0.0,0.5
1789.0333,  1.00000000,1,0,0.025000000000000001,0.5
1789.0667,  1.00000000,1,0,0.0,0.5
1789.1000,  1.00000000,1,0,0.025000000000000001,0.5
1789.1333,  1.00000000,1,0,0.0,0.5
1789.1667,  1.00000000,1,0,0.0,0.5
1789.2000,  1.00000000,1,0,0.025000000000000001,0.5
1789.2333,  1.00000000,1,0,0.0,0.5
1789.2667,  1.00000000,1,0,0.0,0.5
1789.3000,  1.00000000,1,0,0.0,0.5
1789.3333,  1.00000000,1,0,0.025000000000000001,0.5
1789.3667,  1.00000000,1,0,0.0,0.5
1789.4000,  1.00000000,1,0,0.0,0.5
1789.4333,  1.00000000,1,0,0.0,0.5
1789.4667,  1.00000000,1,0,0.0,0.5
1789.5000,  1.00000000,1,0,0.0,0.5
1789.5333,  1.00000000,1,0,0.025000000000000001,0.5
1789.5667,  1.00000000,1,0,0.0,0.5
1789.6000,  1.00000000,1,0,0.0,0.5
1789.6333,  1.00000000,1,0,0.025000000000000001,0.5
1789.6667,  1.00000000,1,0,0.0,0.5
1789.7000,  1.00000000,1,0,0.0,0.5
1789.7333,  1.00000000,1,0,0.0,0.5
1789.7667,  1.00000000,1,0,0.0,0.5
1789.8000,  1.00000000,1,0,0.0,0.5
1789.8333,  1.00000000,1,0,0.0,0.5
1789.8667,  1.00000000,1,0,0.025000000000000001,0.5
1789.9000,  1.00000000,1,0,0.0,0.5
1789.9333,  1.00000000,1,0,0.0,0.5
1789.9667,  1.00000000,1,0,0.0,0.5
1790.0000,  1.00000000,1,0,0.0,0.5
1790.0333,  1.00000000,1,0,0.025000000000000001,0.5
1790.0667,  1.00000000,1,0,0.0,0.5
1790.1000,  1.00000000,1,0,0.0,0.5
1790.1333,  1.00000000,1,0,0.025000000000000001,0.5
1790.1667,  1.00000000,1,0,0.0,0.5
1790.2000,  1.00000000,1,0,0.0,0.5
1790.2333,  1.00000000,1,0,0.0,0.5
1790.2667,  1.00000000,1,0,0.0,0.5
1790.3000,  1.00000000,1,0,0.025000000000000001,0.5
1790.3333,  1.00000000,1,0,0.0,0.5
1790.3667,  1.00000000,1,0,0.025000000000000001,0.5
1790.4000,  1.00000000,1,0,0.0,0.5
1790.4333,  1.00000000,1,0,0.0,0.5
1790.4667,  1.00000000,1,0,0.0,0.5
1790.5000,  1.00000000,1,0,0.0,0.5
1790.5333,  1.00000000,1,0,0.050000000000000003,0.5
1790.5667,  1.00000000,1,0,0.0,0.5
1790.6000,  1.00000000,1,0,0.025000000000000001,0.5
1790.6333,  1.00000000,1,0,0.0,0.5
1790.6667,  1.00000000,1,0,0.0,0.5
1790.7000,  1.00000000,1,0,0.0,0.5
1790.7333,  1.00000000,1,0,0.0,0.5
1790.7667,  1.00000000,1,0,0.0,0.5
1790.8000,  1.00000000,1,0,0.0,0.5
1790.8333,  1.00000000,1,0,0.0,0.5
1790.8667,  1.00000000,1,0,0.025000000000000001,0.5
1790.9000,  1.00000000,1,0,0.025000000000000001,0.5
1790.9333,  1.00000000,1,0,0.0,0.5
1790.9667,  1.00000000,1,0,0.0,0.5
1791.0000,  1.00000000,1,0,0.025000000000000001,0.5
1791.0333,  1.00000000,1,0,0.025000000000000001,0.5
1791.0667,  1.00000000,1,0,0.0,0.5
1791.1000,  1.00000000,1,0,0.0,0.5
1791.1333,  1.00000000,1,0,0.025000000000000001,0.5
1791.1667,  1.00000000,1,0,0.0,0.5
1791.2000,  1.00000000,1,0,0.0,0.5
1791.2333,  1.00000000,1,0,0.0,0.5
1791.2667,  1.00000000,1,0,0.0,0.5
1791.3000,  1.00000000,1,0,0.025000000000000001,0.5
1791.3333,  1.00000000,1,0,0.0,0.5
1791.3667,  1.00000000,1,0,0.0,0.5
1791.4000,  1.00000000,1,0,0.0,0.5
1791.4333,  1.00000000,1,0,0.0,0.5
1791.4667,  1.00000000,1,0,0.0,0.5
1791.5000,  1.00000000,1,0,0.0,0.5
1791.5333,  1.00000000,1,0,0.0,0.5
1791.5667,  1.00000000,1,0,0.0,0.5
1791.6000,  1.00000000,1,0,0.0,0.5
1791.6333,  1.00000000,1,0,0.0,0.5
1791.6667,  1.00000000,1,0,0.0,0.5
1791.7000,  1.00000000,1,0,0.025000000000000001,0.5
1791.7333,  1.00000000,1,0,0.0,0.5
1791.7667,  1.00000000,1,0,0.0,0.5
1791.8000,  1.00000000,1,0,0.025000000000000001,0.5
1791.8333,  1.00000000,1,0,0.0,0.5
1791.8667,  1.00000000,1,0,0.0,0.5
1791.9000,  1.00000000,1,0,0.0,0.5
1791.9333,  1.00000000,1,0,0.0,0.5
1791.9667,  1.00000000,1,0,0.0,0.5
1792.0000,  1.00000000,1,0,0.0,0.5
1792.0333,  1.00000000,1,0,0.0,0.5
1792.0667,  1.00000000,1,0,0.0,0.5
1792.1000,  1.00000000,1,0,0.025000000000000001,0.5
1792.1333,  1.00000000,1,0,0.0,0.5
1792.1667,  1.00000000,1,0,0.025000000000000001,0.5
1792.2000,  1.00000000,1,0,0.0,0.5
1792.2333,  1.00000000,1,0,0.0,0.5
1792.2667,  1.00000000,1,0,0.0,0.5
1792.3000,  1.00000000,1,0,0.0,0.5
1792.3333,  1.00000000,1,0,0.0,0.5
1792.3667,  1.00000000,1,0,0.0,0.5
1792.4000,  1.00000000,1,0,0.025000000000000001,0.5
1792.4333,  1.00000000,1,0,0.0,0.5
1792.4667,  1.00000000,1,0,0.0,0.5
1792.5000,  1.00000000,1,0,0.0,0.5
1792.5333,  1.00000000,1,0,0.0,0.5
1792.5667,  1.00000000,1,0,0.0,0.5
1792.6000,  1.00000000,1,0,0.0,0.5
1792.6333,  1.00000000,1,0,0.0,0.5
1792.6667,  1.00000000,1,0,0.025000000000000001,0.5
1792.7000,  1.00000000,1,0,0.025000000000000001,0.5
1792.7333,  1.00000000,1,0,0.0,0.5
1792.7667,  1.00000000,1,0,0.0,0.5
1792.8000,  1.00000000,1,0,0.0,0.5
1792.8333,  1.00000000,1,0,0.0,0.5
1792.8667,  1.00000000,1,0,0.0,0.5
1792.9000,  1.00000000,1,0,0.025000000000000001,0.5
1792.9333,  1.00000000,1,0,0.0,0.5
1792.9667,  1.00000000,1,0,0.0,0.5
1793.0000,  1.00000000,1,0,0.0,0.5
1793.0333,  1.00000000,1,0,0.0,0.5
1793.0667,  1.00000000,1,0,0.025000000000000001,0.5
1793.1000,  1.00000000,1,0,0.025000000000000001,0.5
1793.1333,  1.00000000,1,0,0.025000000000000001,0.5
1793.1667,  1.00000000,1,0,0.0,0.5
1793.2000,  1.00000000,1,0,0.0,0.5
1793.2333,  1.00000000,1,0,0.0,0.5
1793.2667,  1.00000000,1,0,0.0,0.5
1793.3000,  1.00000000,1,0,0.025000000000000001,0.5
1793.3333,  1.00000000,1,0,0.0,0.5
1793.3667,  1.00000000,1,0,0.0,0.5
1793.4000,  1.00000000,1,0,0.0,0.5
1793.4333,  1.00000000,1,0,0.0,0.5
1793.4667,  1.00000000,1,0,0.0,0.5
1793.5000,  1.00000000,1,0,0.0,0.5
1793.5333,  1.00000000,1,0,0.0,0.5
1793.5667,  1.00000000,1,0,0.0,0.5
1793.6000,  1.00000000,1,0,0.0,0.5
1793.6333,  1.00000000,1,0,0.0,0.5
1793.6667,  1.00000000,1,0,0.0,0.5
1793.7000,  1.00000000,1,0,0.0,0.5
1793.7333,  1.00000000,1,0,0.0,0.5
1793.7667,  1.00000000,1,0,0.0,0.5
1793.8000,  1.00000000,1,0,0.0,0.5
1793.8333,  1.00000000,1,0,0.0,0.5
1793.8667,  1.00000000,1,0,0.0,0.5
1793.9000,  1.00000000,1,0,0.0,0.5
1793.9333,  1.00000000,1,0,0.0,0.5
1793.9667,  1.00000000,1,0,0.0,0.5
1794.0000,  1.00000000,1,0,0.0,0.5
1794.0333,  1.00000000,1,0,0.0,0.5
1794.0667,  1.00000000,1,0,0.0,0.5
1794.1000,  1.00000000,1,0,0.0,0.5
1794.1333,  1.00000000,1,0,0.0,0.5
1794.1667,  1.00000000,1,0,0.0,0.5
1794.2000,  1.00000000,1,0,0.0,0.5
1794.2333,  1.00000000,1,0,0.0,0.5
1794.2667,  1.00000000,1,0,0.0,0.5
1794.3000,  1.00000000,1,0,0.0,0.5
1794.3333,  1.00000000,1,0,0.0,0.5
1794.3667,  1.00000000,1,0,0.0,0.5
1794.4000,  1.00000000,1,0,0.0,0.5
1794.4333,  1.00000000,1,0,0.025000000000000001,0.5
1794.4667,  1.00000000,1,0,0.0,0.5
1794.5000,  1.00000000,1,0,0.0,0.5
1794.5333,  1.00000000,1,0,0.0,0.5
1794.5667,  1.00000000,1,0,0.0,0.5
1794.6000,  1.00000000,1,0,0.0,0.5
1794.6333,  1.00000000,1,0,0.0,0.5
1794.6667,  1.00000000,1,0,0.0,0.5
1794.7000,  1.00000000,1,0,0.0,0.5
1794.7333,  1.00000000,1,0,0.0,0.5
1794.7667,  1.00000000,1,0,0.025000000000000001,0.5
1794.8000,  1.00000000,1,0,0.0,0.5
1794.8333,  1.00000000,1,0,0.0,0.5
1794.8667,  1.00000000,1,0,0.0,0.5
1794.9000,  1.00000000,1,0,0.0,0.5
1794.9333,  1.00000000,1,0,0.0,0.5
1794.9667,  1.00000000,1,0,0.0,0.5
1795.0000,  1.00000000,1,0,0.0,0.5
1795.0333,  1.00000000,1,0,0.0,0.5
1795.0667,  1.00000000,1,0,0.0,0.5
1795.1000,  1.00000000,1,0,0.0,0.5
1795.1333,  1.00000000,1,0,0.0,0.5
1795.1667,  1.00000000,1,0,0.025000000000000001,0.5
1795.2000,  1.00000000,1,0,0.0,0.5
1795.2333,  1.00000000,1,0,0.0,0.5
1795.2667,  1.00000000,1,0,0.0,0.5
1795.3000,  1.00000000,1,0,0.0,0.5
1795.3333,  1.00000000,1,0,0.025000000000000001,0.5
1795.3667,  1.00000000,1,0,0.025000000000000001,0.5
1795.4000,  1.00000000,1,0,0.0,0.5
1795.4333,  1.00000000,1,0,0.0,0.5
1795.4667,  1.00000000,1,0,0.0,0.5
1795.5000,  1.00000000,1,0,0.025000000000000001,0.5
1795.5333,  1.00000000,1,0,0.025000000000000001,0.5
1795.5667,  1.00000000,1,0,0.0,0.5
1795.6000,  1.00000000,1,0,0.025000000000000001,0.5
1795.6333,  1.00000000,1,0,0.0,0.5
1795.6667,  1.00000000,1,0,0.0,0.5
1795.7000,  1.00000000,1,0,0.0,0.5
1795.7333,  1.00000000,1,0,0.025000000000000001,0.5
1795.7667,  1.00000000,1,0,0.0,0.5
1795.8000,  1.00000000,1,0,0.0,0.5
1795.8333,  1.00000000,1,0,0.025000000000000001,0.5
1795.8667,  1.00000000,1,0,0.025000000000000001,0.5
1795.9000,  1.00000000,1,0,0.0,0.5
1795.9333,  1.00000000,1,0,0.0,0.5
1795.9667,  1.00000000,1,0,0.0,0.5
1796.0000,  1.00000000,1,0,0.0,0.5
1796.0333,  1.00000000,1,0,0.0,0.5
1796.0667,  1.00000000,1,0,0.0,0.5
1796.1000,  1.00000000,1,0,0.0,0.5
1796.1333,  1.00000000,1,0,0.0,0.5
1796.1667,  1.00000000,1,0,0.0,0.5
1796.2000,  1.00000000,1,0,0.025000000000000001,0.5
1796.2333,  1.00000000,1,0,0.0,0.5
1796.2667,  1.00000000,1,0,0.0,0.5
1796.3000,  1.00000000,1,0,0.025000000000000001,0.5
1796.3333,  1.00000000,1,0,0.025000000000000001,0.5
1796.3667,  1.00000000,1,0,0.0,0.5
1796.4000,  1.00000000,1,0,0.0,0.5
1796.4333,  1.00000000,1,0,0.0,0.5
1796.4667,  1.00000000,1,0,0.0,0.5
1796.5000,  1.00000000,1,0,0.0,0.5
1796.5333,  1.00000000,1,0,0.0,0.5
1796.5667,  1.00000000,1,0,0.0,0.5
1796.6000,  1.00000000,1,0,0.0,0.5
1796.6333,  1.00000000,1,0,0.0,0.5
1796.6667,  1.00000000,1,0,0.0,0.5
1796.7000,  1.00000000,1,0,0.0,0.5
1796.7333,  1.00000000,1,0,0.0,0.5
1796.7667,  1.00000000,1,0,0.0,0.5
1796.8000,  1.00000000,1,0,0.0,0.5
1796.8333,  1.00000000,1,0,0.025000000000000001,0.5
1796.8667,  1.00000000,1,0,0.0,0.5
1796.9000,  1.00000000,1,0,0.0,0.5
1796.9333,  1.00000000,1,0,0.0,0.5
1796.9667,  1.00000000,1,0,0.025000000000000001,0.5
1797.0000,  1.00000000,1,0,0.0,0.5
1797.0333,  1.00000000,1,0,0.0,0.5
1797.0667,  1.00000000,1,0,0.025000000000000001,0.5
1797.1000,  1.00000000,1,0,0.025000000000000001,0.5
1797.1333,  1.00000000,1,0,0.0,0.5
1797.1667,  1.00000000,1,0,0.0,0.5
1797.2000,  1.00000000,1,0,0.0,0.5
1797.2333,  1.00000000,1,0,0.0,0.5
1797.2667,  1.00000000,1,0,0.0,0.5
1797.3000,  1.00000000,1,0,0.0,0.5
1797.3333,  1.00000000,1,0,0.025000000000000001,0.5
1797.3667,  1.00000000,1,0,0.0,0.5
1797.4000,  1.00000000,1,0,0.0,0.5
1797.4333,  1.00000000,1,0,0.0,0.5
1797.4667,  1.00000000,1,0,0.0,0.5
1797.5000,  1.00000000,1,0,0.0,0.5
1797.5333,  1.00000000,1,0,0.0,0.5
1797.5667,  1.00000000,1,0,0.0,0.5
1797.6000,  1.00000000,1,0,0.025000000000000001,0.5
1797.6333,  1.00000000,1,0,0.0,0.5
1797.6667,  1.00000000,1,0,0.0,0.5
1797.7000,  1.00000000,1,0,0.0,0.5
1797.7333,  1.00000000,1,0,0.0,0.5
1797.7667,  1.00000000,1,0,0.0,0.5
1797.8000,  1.00000000,1,0,0.025000000000000001,0.5
1797.8333,  1.00000000,1,0,0.025000000000000001,0.5
1797.8667,  1.00000000,1,0,0.025000000000000001,0.5
1797.9000,  1.00000000,1,0,0.0,0.5
1797.9333,  1.00000000,1,0,0.0,0.5
1797.9667,  1.00000000,1,0,0.0,0.5
1798.0000,  1.00000000,1,0,0.0,0.5
1798.0333,  1.00000000,1,0,0.025000000000000001,0.5
1798.0667,  1.00000000,1,0,0.0,0.5
1798.1000,  1.00000000,1,0,0.0,0.5
1798.1333,  1.00000000,1,0,0.0,0.5
1798.1667,  1.00000000,1,0,0.0,0.5
1798.2000,  1.00000000,1,0,0.025000000000000001,0.5
1798.2333,  1.00000000,1,0,0.0,0.5
1798.2667,  1.00000000,1,0,0.0,0.5
1798.3000,  1.00000000,1,0,0.0,0.5
1798.3333,  1.00000000,1,0,0.0,0.5
1798.3667,  1.00000000,1,0,0.0,0.5
1798.4000,  1.00000000,1,0,0.0,0.5
1798.4333,  1.00000000,1,0,0.0,0.5
1798.4667,  1.00000000,1,0,0.0,0.5
1798.5000,  1.00000000,1,0,0.0,0.5
1798.5333,  1.00000000,1,0,0.0,0.5
1798.5667,  1.00000000,1,0,0.025000000000000001,0.5
1798.6000,  1.00000000,1,0,0.0,0.5
1798.6333,  1.00000000,1,0,0.0,0.5
1798.6667,  1.00000000,1,0,0.0,0.5
1798.7000,  1.00000000,1,0,0.0,0.5
1798.7333,  1.00000000,1,0,0.0,0.5
1798.7667,  1.00000000,1,0,0.0,0.5
1798.8000,  1.00000000,1,0,0.0,0.5
1798.8333,  1.00000000,1,0,0.0,0.5
1798.8667,  1.00000000,1,0,0.0,0.5
1798.9000,  1.00000000,1,0,0.025000000000000001,0.5
1798.9333,  1.00000000,1,0,0.0,0.5
1798.9667,  1.00000000,1,0,0.0,0.5
1799.0000,  1.00000000,1,0,0.0,0.5
1799.0333,  1.00000000,1,0,0.025000000000000001,0.5
1799.0667,  1.00000000,1,0,0.025000000000000001,0.5
1799.1000,  1.00000000,1,0,0.0,0.5
1799.1333,  1.00000000,1,0,0.0,0.5
1799.1667,  1.00000000,1,0,0.0,0.5
1799.2000,  1.00000000,1,0,0.0,0.5
1799.2333,  1.00000000,1,0,0.0,0.5
1799.2667,  1.00000000,1,0,0.0,0.5
1799.3000,  1.00000000,1,0,0.025000000000000001,0.5
1799.3333,  1.00000000,1,0,0.0,0.5
1799.3667,  1.00000000,1,0,0.0,0.5
1799.4000,  1.00000000,1,0,0.0,0.5
1799.4333,  1.00000000,1,0,0.050000000000000003,0.5
1799.4667,  1.00000000,1,0,0.0,0.5
1799.5000,  1.00000000,1,0,0.0,0.5
1799.5333,  1.00000000,1,0,0.0,0.5
1799.5667,  1.00000000,1,0,0.0,0.5
1799.6000,  1.00000000,1,0,0.0,0.5
1799.6333,  1.00000000,1,0,0.0,0.5
1799.6667,  1.00000000,1,0,0.0,0.5
1799.7000,  1.00000000,1,0,0.0,0.5
1799.7333,  1.00000000,1,0,0.0,0.5
1799.7667,  1.00000000,1,0,0.0,0.5
1799.8000,  1.00000000,1,0,0.0,0.5
1799.8333,  1.00000000,1,0,0.0,0.5
1799.8667,  1.00000000,1,0,0.0,0.5
1799.9000,  1.00000000,1,0,0.0,0.5
1799.9333,  1.00000000,1,0,0.025000000000000001,0.5
1799.9667,  1.00000000,1,0,0.0,0.5
1800.0000,  1.00000000,1,0,0.0,0.5
1800.0333,  1.00000000,1,0,0.0,0.5
1800.0667,  1.00000000,1,0,0.0,0.5
1800.1000,  1.00000000,1,0,0.0,0.5
1800.1333,  1.00000000,1,0,0.0,0.5
1800.1667,  1.00000000,1,0,0.0,0.5
1800.2000,  1.00000000,1,0,0.0,0.5
1800.2333,  1.00000000,1,0,0.0,0.5
1800.2667,  1.00000000,1,0,0.0,0.5
1800.3000,  1.00000000,1,0,0.0,0.5
1800.3333,  1.00000000,1,0,0.0,0.5
1800.3667,  1.00000000,1,0,0.0,0.5
1800.4000,  1.00000000,1,0,0.0,0.5
1800.4333,  1.00000000,1,0,0.0,0.5
1800.4667,  1.00000000,1,0,0.0,0.5
1800.5000,  1.00000000,1,0,0.0,0.5
1800.5333,  1.00000000,1,0,0.0,0.5
1800.5667,  1.00000000,1,0,0.0,0.5
1800.6000,  1.00000000,1,0,0.0,0.5
1800.6333,  1.00000000,1,0,0.0,0.5
1800.6667,  1.00000000,1,0,0.0,0.5
1800.7000,  1.00000000,1,0,0.0,0.5
1800.7333,  1.00000000,1,0,0.0,0.5
1800.7667,  1.00000000,1,0,0.0,0.5
1800.8000,  1.00000000,1,0,0.0,0.5
1800.8333,  1.00000000,1,0,0.0,0.5
1800.8667,  1.00000000,1,0,0.0,0.5
1800.9000,  1.00000000,1,0,0.0,0.5
1800.9333,  1.00000000,1,0,0.0,0.5
1800.9667,  1.00000000,1,0,0.0,0.5
1801.0000,  1.00000000,1,0,0.025000000000000001,0.5
1801.0333,  1.00000000,1,0,0.0,0.5
1801.0667,  1.00000000,1,0,0.0,0.5
1801.1000,  1.00000000,1,0,0.0,0.5
1801.1333,  1.00000000,1,0,0.0,0.5
1801.1667,  1.00000000,1,0,0.0,0.5
1801.2000,  1.00000000,1,0,0.0,0.5
1801.2333,  1.00000000,1,0,0.025000000000000001,0.5
1801.2667,  1.00000000,1,0,0.0,0.5
1801.3000,  1.00000000,1,0,0.025000000000000001,0.5
1801.3333,  1.00000000,1,0,0.0,0.5
1801.3667,  1.00000000,1,0,0.0,0.5
1801.4000,  1.00000000,1,0,0.0,0.5
1801.4333,  1.00000000,1,0,0.0,0.5
1801.4667,  1.00000000,1,0,0.0,0.5
1801.5000,  1.00000000,1,0,0.0,0.5
1801.5333,  1.00000000,1,0,0.0,0.5
1801.5667,  1.00000000,1,0,0.0,0.5
1801.6000,  1.00000000,1,0,0.0,0.5
1801.6333,  1.00000000,1,0,0.0,0.5
1801.6667,  1.00000000,1,0,0.0,0.5
1801.7000,  1.00000000,1,0,0.0,0.5
1801.7333,  1.00000000,1,0,0.0,0.5
1801.7667,  1.00000000,1,0,0.0,0.5
1801.8000,  1.00000000,1,0,0.0,0.5
1801.8333,  1.00000000,1,0,0.0,0.5
1801.8667,  1.00000000,1,0,0.0,0.5
1801.9000,  1.00000000,1,0,0.0,0.5
1801.9333,  1.00000000,1,0,0.0,0.5
1801.9667,  1.00000000,1,0,0.0,0.5
1802.0000,  1.00000000,1,0,0.0,0.5
1802.0333,  1.00000000,1,0,0.0,0.5
1802.0667,  1.00000000,1,0,0.025000000000000001,0.5
1802.1000,  1.00000000,1,0,0.0,0.5
1802.1333,  1.00000000,1,0,0.0,0.5
1802.1667,  1.00000000,1,0,0.0,0.5
1802.2000,  1.00000000,1,0,0.0,0.5
1802.2333,  1.00000000,1,0,0.0,0.5
1802.2667,  1.00000000,1,0,0.0,0.5
1802.3000,  1.00000000,1,0,0.0,0.5
1802.3333,  1.00000000,1,0,0.0,0.5
1802.3667,  1.00000000,1,0,0.0,0.5
1802.4000,  1.00000000,1,0,0.0,0.5
1802.4333,  1.00000000,1,0,0.0,0.5
1802.4667,  1.00000000,1,0,0.0,0.5
1802.5000,  1.00000000,1,0,0.0,0.5
1802.5333,  1.00000000,1,0,0.0,0.5
1802.5667,  1.00000000,1,0,0.0,0.5
1802.6000,  1.00000000,1,0,0.0,0.5
1802.6333,  1.00000000,1,0,0.0,0.5
1802.6667,  1.00000000,1,0,0.0,0.5
1802.7000,  1.00000000,1,0,0.0,0.5
1802.7333,  1.00000000,1,0,0.0,0.5
1802.7667,  1.00000000,1,0,0.0,0.5
1802.8000,  1.00000000,1,0,0.0,0.5
1802.8333,  1.00000000,1,0,0.0,0.5
1802.8667,  1.00000000,1,0,0.0,0.5
1802.9000,  1.00000000,1,0,0.0,0.5
1802.9333,  1.00000000,1,0,0.0,0.5
1802.9667,  1.00000000,1,0,0.025000000000000001,0.5
1803.0000,  1.00000000,1,0,0.0,0.5
1803.0333,  1.00000000,1,0,0.0,0.5
1803.0667,  1.00000000,1,0,0.0,0.5
1803.1000,  1.00000000,1,0,0.050000000000000003,0.5
1803.1333,  1.00000000,1,0,0.025000000000000001,0.5
1803.1667,  1.00000000,1,0,0.0,0.5
1803.2000,  1.00000000,1,0,0.0,0.5
1803.2333,  1.00000000,1,0,0.025000000000000001,0.5
1803.2667,  1.00000000,1,0,0.0,0.5
1803.3000,  1.00000000,1,0,0.0,0.5
1803.3333,  1.00000000,1,0,0.025000000000000001,0.5
1803.3667,  1.00000000,1,0,0.0,0.5
1803.4000,  1.00000000,1,0,0.025000000000000001,0.5
1803.4333,  1.00000000,1,0,0.0,0.5
1803.4667,  1.00000000,1,0,0.0,0.5
1803.5000,  1.00000000,1,0,0.025000000000000001,0.5
1803.5333,  1.00000000,1,0,0.0,0.5
1803.5667,  1.00000000,1,0,0.0,0.5
1803.6000,  1.00000000,1,0,0.025000000000000001,0.5
1803.6333,  1.00000000,1,0,0.025000000000000001,0.5
1803.6667,  1.00000000,1,0,0.025000000000000001,0.5
1803.7000,  1.00000000,1,0,0.0,0.5
1803.7333,  1.00000000,1,0,0.0,0.5
1803.7667,  1.00000000,1,0,0.025000000000000001,0.5
1803.8000,  1.00000000,1,0,0.0,0.5
1803.8333,  1.00000000,1,0,0.0,0.5
1803.8667,  1.00000000,1,0,0.0,0.5
1803.9000,  1.00000000,1,0,0.0,0.5
1803.9333,  1.00000000,1,0,0.025000000000000001,0.5
1803.9667,  1.00000000,1,0,0.0,0.5
1804.0000,  1.00000000,1,0,0.0,0.5
1804.0333,  1.00000000,1,0,0.050000000000000003,0.5
1804.0667,  1.00000000,1,0,0.0,0.5
1804.1000,  1.00000000,1,0,0.025000000000000001,0.5
1804.1333,  1.00000000,1,0,0.0,0.5
1804.1667,  1.00000000,1,0,0.0,0.5
1804.2000,  1.00000000,1,0,0.025000000000000001,0.5
1804.2333,  1.00000000,1,0,0.0,0.5
1804.2667,  1.00000000,1,0,0.0,0.5
1804.3000,  1.00000000,1,0,0.0,0.5
1804.3333,  1.00000000,1,0,0.0,0.5
1804.3667,  1.00000000,1,0,0.025000000000000001,0.5
1804.4000,  1.00000000,1,0,0.0,0.5
1804.4333,  1.00000000,1,0,0.0,0.5
1804.4667,  1.00000000,1,0,0.0,0.5
1804.5000,  1.00000000,1,0,0.025000000000000001,0.5
1804.5333,  1.00000000,1,0,0.0,0.5
1804.5667,  1.00000000,1,0,0.0,0.5
1804.6000,  1.00000000,1,0,0.0,0.5
1804.6333,  1.00000000,1,0,0.0,0.5
1804.6667,  1.00000000,1,0,0.0,0.5
1804.7000,  1.00000000,1,0,0.0,0.5
1804.7333,  1.00000000,1,0,0.0,0.5
1804.7667,  1.00000000,1,0,0.0,0.5
1804.8000,  1.00000000,1,0,0.025000000000000001,0.5
1804.8333,  1.00000000,1,0,0.0,0.5
1804.8667,  1.00000000,1,0,0.0,0.5
1804.9000,  1.00000000,1,0,0.0,0.5
1804.9333,  1.00000000,1,0,0.0,0.5
1804.9667,  1.00000000,1,0,0.0,0.5
1805.0000,  1.00000000,1,0,0.0,0.5
1805.0333,  1.00000000,1,0,0.0,0.5
1805.0667,  1.00000000,1,0,0.0,0.5
1805.1000,  1.00000000,1,0,0.0,0.5
1805.1333,  1.00000000,1,0,0.0,0.5
1805.1667,  1.00000000,1,0,0.0,0.5
1805.2000,  1.00000000,1,0,0.025000000000000001,0.5
1805.2333,  1.00000000,1,0,0.0,0.5
1805.2667,  1.00000000,1,0,0.0,0.5
1805.3000,  1.00000000,1,0,0.0,0.5
1805.3333,  1.00000000,1,0,0.0,0.5
1805.3667,  1.00000000,1,0,0.0,0.5
1805.4000,  1.00000000,1,0,0.0,0.5
1805.4333,  1.00000000,1,0,0.0,0.5
1805.4667,  1.00000000,1,0,0.0,0.5
1805.5000,  1.00000000,1,0,0.025000000000000001,0.5
1805.5333,  1.00000000,1,0,0.0,0.5
1805.5667,  1.00000000,1,0,0.025000000000000001,0.5
1805.6000,  1.00000000,1,0,0.025000000000000001,0.5
1805.6333,  1.00000000,1,0,0.0,0.5
1805.6667,  1.00000000,1,0,0.0,0.5
1805.7000,  1.00000000,1,0,0.0,0.5
1805.7333,  1.00000000,1,0,0.0,0.5
1805.7667,  1.00000000,1,0,0.0,0.5
1805.8000,  1.00000000,1,0,0.0,0.5
1805.8333,  1.00000000,1,0,0.0,0.5
1805.8667,  1.00000000,1,0,0.0,0.5
1805.9000,  1.00000000,1,0,0.0,0.5
1805.9333,  1.00000000,1,0,0.025000000000000001,0.5
1805.9667,  1.00000000,1,0,0.0,0.5
1806.0000,  1.00000000,1,0,0.0,0.5
1806.0333,  1.00000000,1,0,0.0,0.5
1806.0667,  1.00000000,1,0,0.025000000000000001,0.5
1806.1000,  1.00000000,1,0,0.0,0.5
1806.1333,  1.00000000,1,0,0.0,0.5
1806.1667,  1.00000000,1,0,0.0,0.5
1806.2000,  1.00000000,1,0,0.0,0.5
1806.2333,  1.00000000,1,0,0.0,0.5
1806.2667,  1.00000000,1,0,0.025000000000000001,0.5
1806.3000,  1.00000000,1,0,0.0,0.5
1806.3333,  1.00000000,1,0,0.0,0.5
1806.3667,  1.00000000,1,0,0.0,0.5
1806.4000,  1.00000000,1,0,0.0,0.5
1806.4333,  1.00000000,1,0,0.0,0.5
1806.4667,  1.00000000,1,0,0.0,0.5
1806.5000,  1.00000000,1,0,0.0,0.5
1806.5333,  1.00000000,1,0,0.0,0.5
1806.5667,  1.00000000,1,0,0.0,0.5
1806.6000,  1.00000000,1,0,0.0,0.5
1806.6333,  1.00000000,1,0,0.0,0.5
1806.6667,  1.00000000,1,0,0.0,0.5
1806.7000,  1.00000000,1,0,0.0,0.5
1806.7333,  1.00000000,1,0,0.0,0.5
1806.7667,  1.00000000,1,0,0.0,0.5
1806.8000,  1.00000000,1,0,0.0,0.5
1806.8333,  1.00000000,1,0,0.025000000000000001,0.5
1806.8667,  1.00000000,1,0,0.0,0.5
1806.9000,  1.00000000,1,0,0.0,0.5
1806.9333,  1.00000000,1,0,0.025000000000000001,0.5
1806.9667,  1.00000000,1,0,0.025000000000000001,0.5
1807.0000,  1.00000000,1,0,0.0,0.5
1807.0333,  1.00000000,1,0,0.025000000000000001,0.5
1807.0667,  1.00000000,1,0,0.0,0.5
1807.1000,  1.00000000,1,0,0.025000000000000001,0.5
1807.1333,  1.00000000,1,0,0.0,0.5
1807.1667,  1.00000000,1,0,0.0,0.5
1807.2000,  1.00000000,1,0,0.0,0.5
1807.2333,  1.00000000,1,0,0.0,0.5
1807.2667,  1.00000000,1,0,0.0,0.5
1807.3000,  1.00000000,1,0,0.0,0.5
1807.3333,  1.00000000,1,0,0.0,0.5
1807.3667,  1.00000000,1,0,0.0,0.5
1807.4000,  1.00000000,1,0,0.0,0.5
1807.4333,  1.00000000,1,0,0.0,0.5
1807.4667,  1.00000000,1,0,0.0,0.5
1807.5000,  1.00000000,1,0,0.0,0.5
1807.5333,  1.00000000,1,0,0.025000000000000001,0.5
1807.5667,  1.00000000,1,0,0.0,0.5
1807.6000,  1.00000000,1,0,0.0,0.5
1807.6333,  1.00000000,1,0,0.0,0.5
1807.6667,  1.00000000,1,0,0.0,0.5
1807.7000,  1.00000000,1,0,0.0,0.5
1807.7333,  1.00000000,1,0,0.0,0.5
1807.7667,  1.00000000,1,0,0.0,0.5
1807.8000,  1.00000000,1,0,0.025000000000000001,0.5
1807.8333,  1.00000000,1,0,0.025000000000000001,0.5
1807.8667,  1.00000000,1,0,0.0,0.5
1807.9000,  1.00000000,1,0,0.025000000000000001,0.5
1807.9333,  1.00000000,1,0,0.0,0.5
1807.9667,  1.00000000,1,0,0.025000000000000001,0.5
1808.0000,  1.00000000,1,0,0.0,0.5
1808.0333,  1.00000000,1,0,0.0,0.5
1808.0667,  1.00000000,1,0,0.0,0.5
1808.1000,  1.00000000,1,0,0.0,0.5
1808.1333,  1.00000000,1,0,0.0,0.5
1808.1667,  1.00000000,1,0,0.0,0.5
1808.2000,  1.00000000,1,0,0.0,0.5
1808.2333,  1.00000000,1,0,0.0,0.5
1808.2667,  1.00000000,1,0,0.0,0.5
1808.3000,  1.00000000,1,0,0.0,0.5
1808.3333,  1.00000000,1,0,0.0,0.5
1808.3667,  1.00000000,1,0,0.0,0.5
1808.4000,  1.00000000,1,0,0.0,0.5
1808.4333,  1.00000000,1,0,0.0,0.5
1808.4667,  1.00000000,1,0,0.0,0.5
1808.5000,  1.00000000,1,0,0.0,0.5
1808.5333,  1.00000000,1,0,0.0,0.5
1808.5667,  1.00000000,1,0,0.0,0.5
1808.6000,  1.00000000,1,0,0.0,0.5
1808.6333,  1.00000000,1,0,0.0,0.5
1808.6667,  1.00000000,1,0,0.0,0.5
1808.7000,  1.00000000,1,0,0.0,0.5
1808.7333,  1.00000000,1,0,0.025000000000000001,0.5
1808.7667,  1.00000000,1,0,0.0,0.5
1808.8000,  1.00000000,1,0,0.0,0.5
1808.8333,  1.00000000,1,0,0.0,0.5
1808.8667,  1.00000000,1,0,0.0,0.5
1808.9000,  1.00000000,1,0,0.0,0.5
1808.9333,  1.00000000,1,0,0.0,0.5
1808.9667,  1.00000000,1,0,0.025000000000000001,0.5
1809.0000,  1.00000000,1,0,0.0,0.5
1809.0333,  1.00000000,1,0,0.0,0.5
1809.0667,  1.00000000,1,0,0.025000000000000001,0.5
1809.1000,  1.00000000,1,0,0.0,0.5
1809.1333,  1.00000000,1,0,0.0,0.5
1809.1667,  1.00000000,1,0,0.0,0.5
1809.2000,  1.00000000,1,0,0.0,0.5
1809.2333,  1.00000000,1,0,0.0,0.5
1809.2667,  1.00000000,1,0,0.0,0.5
1809.3000,  1.00000000,1,0,0.0,0.5
1809.3333,  1.00000000,1,0,0.025000000000000001,0.5
1809.3667,  1.00000000,1,0,0.0,0.5
1809.4000,  1.00000000,1,0,0.0,0.5
1809.4333,  1.00000000,1,0,0.0,0.5
1809.4667,  1.00000000,1,0,0.0,0.5
1809.5000,  1.00000000,1,0,0.025000000000000001,0.5
1809.5333,  1.00000000,1,0,0.0,0.5
1809.5667,  1.00000000,1,0,0.0,0.5
1809.6000,  1.00000000,1,0,0.025000000000000001,0.5
1809.6333,  1.00000000,1,0,0.0,0.5
1809.6667,  1.00000000,1,0,0.025000000000000001,0.5
1809.7000,  1.00000000,1,0,0.0,0.5
1809.7333,  1.00000000,1,0,0.0,0.5
1809.7667,  1.00000000,1,0,0.0,0.5
1809.8000,  1.00000000,1,0,0.025000000000000001,0.5
1809.8333,  1.00000000,1,0,0.0,0.5
1809.8667,  1.00000000,1,0,0.0,0.5
1809.9000,  1.00000000,1,0,0.025000000000000001,0.5
1809.9333,  1.00000000,1,0,0.0,0.5
1809.9667,  1.00000000,1,0,0.0,0.5
1810.0000,  1.00000000,1,0,0.0,0.5
1810.0333,  1.00000000,1,0,0.0,0.5
1810.0667,  1.00000000,1,0,0.0,0.5
1810.1000,  1.00000000,1,0,0.0,0.5
1810.1333,  1.00000000,1,0,0.025000000000000001,0.5
1810.1667,  1.00000000,1,0,0.025000000000000001,0.5
1810.2000,  1.00000000,1,0,0.0,0.5
1810.2333,  1.00000000,1,0,0.025000000000000001,0.5
1810.2667,  1.00000000,1,0,0.0,0.5
1810.3000,  1.00000000,1,0,0.0,0.5
1810.3333,  1.00000000,1,0,0.0,0.5
1810.3667,  1.00000000,1,0,0.0,0.5
1810.4000,  1.00000000,1,0,0.025000000000000001,0.5
1810.4333,  1.00000000,1,0,0.0,0.5
1810.4667,  1.00000000,1,0,0.0,0.5
1810.5000,  1.00000000,1,0,0.0,0.5
1810.5333,  1.00000000,1,0,0.025000000000000001,0.5
1810.5667,  1.00000000,1,0,0.0,0.5
1810.6000,  1.00000000,1,0,0.0,0.5
1810.6333,  1.00000000,1,0,0.0,0.5
1810.6667,  1.00000000,1,0,0.025000000000000001,0.5
1810.7000,  1.00000000,1,0,0.0,0.5
1810.7333,  1.00000000,1,0,0.0,0.5
1810.7667,  1.00000000,1,0,0.025000000000000001,0.5
1810.8000,  1.00000000,1,0,0.0,0.5
1810.8333,  1.00000000,1,0,0.025000000000000001,0.5
1810.8667,  1.00000000,1,0,0.0,0.5
1810.9000,  1.00000000,1,0,0.0,0.5
1810.9333,  1.00000000,1,0,0.0,0.5
1810.9667,  1.00000000,1,0,0.025000000000000001,0.5
1811.0000,  1.00000000,1,0,0.0,0.5
1811.0333,  1.00000000,1,0,0.0,0.5
1811.0667,  1.00000000,1,0,0.025000000000000001,0.5
1811.1000,  1.00000000,1,0,0.025000000000000001,0.5
1811.1333,  1.00000000,1,0,0.0,0.5
1811.1667,  1.00000000,1,0,0.0,0.5
1811.2000,  1.00000000,1,0,0.025000000000000001,0.5
1811.2333,  1.00000000,1,0,0.025000000000000001,0.5
1811.2667,  1.00000000,1,0,0.0,0.5
1811.3000,  1.00000000,1,0,0.0,0.5
1811.3333,  1.00000000,1,0,0.0,0.5
1811.3667,  1.00000000,1,0,0.0,0.5
1811.4000,  1.00000000,1,0,0.0,0.5
1811.4333,  1.00000000,1,0,0.0,0.5
1811.4667,  1.00000000,1,0,0.0,0.5
1811.5000,  1.00000000,1,0,0.0,0.5
1811.5333,  1.00000000,1,0,0.0,0.5
1811.5667,  1.00000000,1,0,0.0,0.5
1811.6000,  1.00000000,1,0,0.0,0.5
1811.6333,  1.00000000,1,0,0.0,0.5
1811.6667,  1.00000000,1,0,0.025000000000000001,0.5
1811.7000,  1.00000000,1,0,0.0,0.5
1811.7333,  1.00000000,1,0,0.0,0.5
1811.7667,  1.00000000,1,0,0.0,0.5
1811.8000,  1.00000000,1,0,0.0,0.5
1811.8333,  1.00000000,1,0,0.0,0.5
1811.8667,  1.00000000,1,0,0.0,0.5
1811.9000,  1.00000000,1,0,0.0,0.5
1811.9333,  1.00000000,1,0,0.0,0.5
1811.9667,  1.00000000,1,0,0.025000000000000001,0.5
1812.0000,  1.00000000,1,0,0.0,0.5
1812.0333,  1.00000000,1,0,0.025000000000000001,0.5
1812.0667,  1.00000000,1,0,0.0,0.5
1812.1000,  1.00000000,1,0,0.0,0.5
1812.1333,  1.00000000,1,0,0.0,0.5
1812.1667,  1.00000000,1,0,0.025000000000000001,0.5
1812.2000,  1.00000000,1,0,0.025000000000000001,0.5
1812.2333,  1.00000000,1,0,0.0,0.5
1812.2667,  1.00000000,1,0,0.0,0.5
1812.3000,  1.00000000,1,0,0.0,0.5
1812.3333,  1.00000000,1,0,0.0,0.5
1812.3667,  1.00000000,1,0,0.025000000000000001,0.5
1812.4000,  1.00000000,1,0,0.0,0.5
1812.4333,  1.00000000,1,0,0.0,0.5
1812.4667,  1.00000000,1,0,0.0,0.5
1812.5000,  1.00000000,1,0,0.0,0.5
1812.5333,  1.00000000,1,0,0.0,0.5
1812.5667,  1.00000000,1,0,0.0,0.5
1812.6000,  1.00000000,1,0,0.0,0.5
1812.6333,  1.00000000,1,0,0.0,0.5
1812.6667,  1.00000000,1,0,0.025000000000000001,0.5
1812.7000,  1.00000000,1,0,0.0,0.5
1812.7333,  1.00000000,1,0,0.0,0.5
1812.7667,  1.00000000,1,0,0.0,0.5
1812.8000,  1.00000000,1,0,0.0,0.5
1812.8333,  1.00000000,1,0,0.0,0.5
1812.8667,  1.00000000,1,0,0.0,0.5
1812.9000,  1.00000000,1,0,0.0,0.5
1812.9333,  1.00000000,1,0,0.0,0.5
1812.9667,  1.00000000,1,0,0.025000000000000001,0.5
1813.0000,  1.00000000,1,0,0.025000000000000001,0.5
1813.0333,  1.00000000,1,0,0.0,0.5
1813.0667,  1.00000000,1,0,0.0,0.5
1813.1000,  1.00000000,1,0,0.0,0.5
1813.1333,  1.00000000,1,0,0.025000000000000001,0.5
1813.1667,  1.00000000,1,0,0.0,0.5
1813.2000,  1.00000000,1,0,0.0,0.5
1813.2333,  1.00000000,1,0,0.0,0.5
1813.2667,  1.00000000,1,0,0.025000000000000001,0.5
1813.3000,  1.00000000,1,0,0.0,0.5
1813.3333,  1.00000000,1,0,0.0,0.5
1813.3667,  1.00000000,1,0,0.0,0.5
1813.4000,  1.00000000,1,0,0.0,0.5
1813.4333,  1.00000000,1,0,0.0,0.5
1813.4667,  1.00000000,1,0,0.025000000000000001,0.5
1813.5000,  1.00000000,1,0,0.025000000000000001,0.5
1813.5333,  1.00000000,1,0,0.0,0.5
1813.5667,  1.00000000,1,0,0.0,0.5
1813.6000,  1.00000000,1,0,0.0,0.5
1813.6333,  1.00000000,1,0,0.0,0.5
1813.6667,  1.00000000,1,0,0.025000000000000001,0.5
1813.7000,  1.00000000,1,0,0.0,0.5
1813.7333,  1.00000000,1,0,0.0,0.5
1813.7667,  1.00000000,1,0,0.0,0.5
1813.8000,  1.00000000,1,0,0.0,0.5
1813.8333,  1.00000000,1,0,0.0,0.5
1813.8667,  1.00000000,1,0,0.050000000000000003,0.5
1813.9000,  1.00000000,1,0,0.0,0.5
1813.9333,  1.00000000,1,0,0.0,0.5
1813.9667,  1.00000000,1,0,0.025000000000000001,0.5
1814.0000,  1.00000000,1,0,0.0,0.5
1814.0333,  1.00000000,1,0,0.0,0.5
1814.0667,  1.00000000,1,0,0.0,0.5
1814.1000,  1.00000000,1,0,0.0,0.5
1814.1333,  1.00000000,1,0,0.0,0.5
1814.1667,  1.00000000,1,0,0.0,0.5
1814.2000,  1.00000000,1,0,0.025000000000000001,0.5
1814.2333,  1.00000000,1,0,0.0,0.5
1814.2667,  1.00000000,1,0,0.025000000000000001,0.5
1814.3000,  1.00000000,1,0,0.0,0.5
1814.3333,  1.00000000,1,0,0.0,0.5
1814.3667,  1.00000000,1,0,0.0,0.5
1814.4000,  1.00000000,1,0,0.0,0.5
1814.4333,  1.00000000,1,0,0.0,0.5
1814.4667,  1.00000000,1,0,0.025000000000000001,0.5
1814.5000,  1.00000000,1,0,0.0,0.5
1814.5333,  1.00000000,1,0,0.0,0.5
1814.5667,  1.00000000,1,0,0.0,0.5
1814.6000,  1.00000000,1,0,0.0,0.5
1814.6333,  1.00000000,1,0,0.0,0.5
1814.6667,  1.00000000,1,0,0.0,0.5
1814.7000,  1.00000000,1,0,0.0,0.5
1814.7333,  1.00000000,1,0,0.0,0.5
1814.7667,  1.00000000,1,0,0.0,0.5
1814.8000,  1.00000000,1,0,0.0,0.5
1814.8333,  1.00000000,1,0,0.025000000000000001,0.5
1814.8667,  1.00000000,1,0,0.0,0.5
1814.9000,  1.00000000,1,0,0.0,0.5
1814.9333,  1.00000000,1,0,0.0,0.5
1814.9667,  1.00000000,1,0,0.0,0.5
1815.0000,  1.00000000,1,0,0.0,0.5
1815.0333,  1.00000000,1,0,0.0,0.5
1815.0667,  1.00000000,1,0,0.0,0.5
1815.1000,  1.00000000,1,0,0.0,0.5
1815.1333,  1.00000000,1,0,0.0,0.5
1815.1667,  1.00000000,1,0,0.0,0.5
1815.2000,  1.00000000,1,0,0.0,0.5
1815.2333,  1.00000000,1,0,0.0,0.5
1815.2667,  1.00000000,1,0,0.025000000000000001,0.5
1815.3000,  1.00000000,1,0,0.025000000000000001,0.5
1815.3333,  1.00000000,1,0,0.0,0.5
1815.3667,  1.00000000,1,0,0.0,0.5
1815.4000,  1.00000000,1,0,0.025000000000000001,0.5
1815.4333,  1.00000000,1,0,0.0,0.5
1815.4667,  1.00000000,1,0,0.0,0.5
1815.5000,  1.00000000,1,0,0.0,0.5
1815.5333,  1.00000000,1,0,0.025000000000000001,0.5
1815.5667,  1.00000000,1,0,0.0,0.5
1815.6000,  1.00000000,1,0,0.025000000000000001,0.5
1815.6333,  1.00000000,1,0,0.0,0.5
1815.6667,  1.00000000,1,0,0.0,0.5
1815.7000,  1.00000000,1,0,0.0,0.5
1815.7333,  1.00000000,1,0,0.0,0.5
1815.7667,  1.00000000,1,0,0.0,0.5
1815.8000,  1.00000000,1,0,0.0,0.5
1815.8333,  1.00000000,1,0,0.025000000000000001,0.5
1815.8667,  1.00000000,1,0,0.025000000000000001,0.5
1815.9000,  1.00000000,1,0,0.0,0.5
1815.9333,  1.00000000,1,0,0.0,0.5
1815.9667,  1.00000000,1,0,0.025000000000000001,0.5
1816.0000,  1.00000000,1,0,0.0,0.5
1816.0333,  1.00000000,1,0,0.0,0.5
1816.0667,  1.00000000,1,0,0.0,0.5
1816.1000,  1.00000000,1,0,0.025000000000000001,0.5
1816.1333,  1.00000000,1,0,0.0,0.5
1816.1667,  1.00000000,1,0,0.0,0.5
1816.2000,  1.00000000,1,0,0.0,0.5
1816.2333,  1.00000000,1,0,0.0,0.5
1816.2667,  1.00000000,1,0,0.0,0.5
1816.3000,  1.00000000,1,0,0.0,0.5
1816.3333,  1.00000000,1,0,0.0,0.5
1816.3667,  1.00000000,1,0,0.0,0.5
1816.4000,  1.00000000,1,0,0.0,0.5
1816.4333,  1.00000000,1,0,0.0,0.5
1816.4667,  1.00000000,1,0,0.0,0.5
1816.5000,  1.00000000,1,0,0.0,0.5
1816.5333,  1.00000000,1,0,0.0,0.5
1816.5667,  1.00000000,1,0,0.0,0.5
1816.6000,  1.00000000,1,0,0.025000000000000001,0.5
1816.6333,  1.00000000,1,0,0.0,0.5
1816.6667,  1.00000000,1,0,0.0,0.5
1816.7000,  1.00000000,1,0,0.0,0.5
1816.7333,  1.00000000,1,0,0.0,0.5
1816.7667,  1.00000000,1,0,0.025000000000000001,0.5
1816.8000,  1.00000000,1,0,0.0,0.5
1816.8333,  1.00000000,1,0,0.0,0.5
1816.8667,  1.00000000,1,0,0.0,0.5
1816.9000,  1.00000000,1,0,0.0,0.5
1816.9333,  1.00000000,1,0,0.0,0.5
1816.9667,  1.00000000,1,0,0.0,0.5
1817.0000,  1.00000000,1,0,0.0,0.5
1817.0333,  1.00000000,1,0,0.0,0.5
1817.0667,  1.00000000,1,0,0.025000000000000001,0.5
1817.1000,  1.00000000,1,0,0.0,0.5
1817.1333,  1.00000000,1,0,0.025000000000000001,0.5
1817.1667,  1.00000000,1,0,0.074999999999999997,0.5
1817.2000,  1.00000000,1,0,0.0,0.5
1817.2333,  1.00000000,1,0,0.0,0.5
1817.2667,  1.00000000,1,0,0.025000000000000001,0.5
1817.3000,  1.00000000,1,0,0.025000000000000001,0.5
1817.3333,  1.00000000,1,0,0.0,0.5
1817.3667,  1.00000000,1,0,0.025000000000000001,0.5
1817.4000,  1.00000000,1,0,0.0,0.5
1817.4333,  1.00000000,1,0,0.0,0.5
1817.4667,  1.00000000,1,0,0.0,0.5
1817.5000,  1.00000000,1,0,0.0,0.5
1817.5333,  1.00000000,1,0,0.0,0.5
1817.5667,  1.00000000,1,0,0.025000000000000001,0.5
1817.6000,  1.00000000,1,0,0.0,0.5
1817.6333,  1.00000000,1,0,0.0,0.5
1817.6667,  1.00000000,1,0,0.025000000000000001,0.5
1817.7000,  1.00000000,1,0,0.0,0.5
1817.7333,  1.00000000,1,0,0.0,0.5
1817.7667,  1.00000000,1,0,0.0,0.5
1817.8000,  1.00000000,1,0,0.0,0.5
1817.8333,  1.00000000,1,0,0.0,0.5
1817.8667,  1.00000000,1,0,0.0,0.5
1817.9000,  1.00000000,1,0,0.025000000000000001,0.5
1817.9333,  1.00000000,1,0,0.0,0.5
1817.9667,  1.00000000,1,0,0.0,0.5
1818.0000,  1.00000000,1,0,0.0,0.5
1818.0333,  1.00000000,1,0,0.025000000000000001,0.5
1818.0667,  1.00000000,1,0,0.0,0.5
1818.1000,  1.00000000,1,0,0.0,0.5
1818.1333,  1.00000000,1,0,0.025000000000000001,0.5
1818.1667,  1.00000000,1,0,0.0,0.5
1818.2000,  1.00000000,1,0,0.0,0.5
1818.2333,  1.00000000,1,0,0.0,0.5
1818.2667,  1.00000000,1,0,0.0,0.5
1818.3000,  1.00000000,1,0,0.0,0.5
1818.3333,  1.00000000,1,0,0.0,0.5
1818.3667,  1.00000000,1,0,0.0,0.5
1818.4000,  1.00000000,1,0,0.0,0.5
1818.4333,  1.00000000,1,0,0.0,0.5
1818.4667,  1.00000000,1,0,0.0,0.5
1818.5000,  1.00000000,1,0,0.0,0.5
1818.5333,  1.00000000,1,0,0.0,0.5
1818.5667,  1.00000000,1,0,0.0,0.5
1818.6000,  1.00000000,1,0,0.0,0.5
1818.6333,  1.00000000,1,0,0.0,0.5
1818.6667,  1.00000000,1,0,0.0,0.5
1818.7000,  1.00000000,1,0,0.0,0.5
1818.7333,  1.00000000,1,0,0.0,0.5
1818.7667,  1.00000000,1,0,0.0,0.5
1818.8000,  1.00000000,1,0,0.0,0.5
1818.8333,  1.00000000,1,0,0.0,0.5
1818.8667,  1.00000000,1,0,0.0,0.5
1818.9000,  1.00000000,1,0,0.0,0.5
1818.9333,  1.00000000,1,0,0.025000000000000001,0.5
1818.9667,  1.00000000,1,0,0.0,0.5
1819.0000,  1.00000000,1,0,0.0,0.5
1819.0333,  1.00000000,1,0,0.0,0.5
1819.0667,  1.00000000,1,0,0.0,0.5
1819.1000,  1.00000000,1,0,0.0,0.5
1819.1333,  1.00000000,1,0,0.0,0.5
1819.1667,  1.00000000,1,0,0.0,0.5
1819.2000,  1.00000000,1,0,0.0,0.5
1819.2333,  1.00000000,1,0,0.0,0.5
1819.2667,  1.00000000,1,0,0.0,0.5
1819.3000,  1.00000000,1,0,0.0,0.5
1819.3333,  1.00000000,1,0,0.0,0.5
1819.3667,  1.00000000,1,0,0.0,0.5
1819.4000,  1.00000000,1,0,0.0,0.5
1819.4333,  1.00000000,1,0,0.0,0.5
1819.4667,  1.00000000,1,0,0.0,0.5
1819.5000,  1.00000000,1,0,0.0,0.5
1819.5333,  1.00000000,1,0,0.0,0.5
1819.5667,  1.00000000,1,0,0.0,0.5
1819.6000,  1.00000000,1,0,0.0,0.5
1819.6333,  1.00000000,1,0,0.0,0.5
1819.6667,  1.00000000,1,0,0.0,0.5
1819.7000,  1.00000000,1,0,0.0,0.5
1819.7333,  1.00000000,1,0,0.0,0.5
1819.7667,  1.00000000,1,0,0.0,0.5
1819.8000,  1.00000000,1,0,0.025000000000000001,0.5
1819.8333,  1.00000000,1,0,0.0,0.5
1819.8667,  1.00000000,1,0,0.0,0.5
1819.9000,  1.00000000,1,0,0.0,0.5
1819.9333,  1.00000000,1,0,0.0,0.5
1819.9667,  1.00000000,1,0,0.0,0.5
1820.0000,  1.00000000,1,0,0.0,0.5
1820.0333,  1.00000000,1,0,0.0,0.5
1820.0667,  1.00000000,1,0,0.025000000000000001,0.5
1820.1000,  1.00000000,1,0,0.0,0.5
1820.1333,  1.00000000,1,0,0.0,0.5
1820.1667,  1.00000000,1,0,0.0,0.5
1820.2000,  1.00000000,1,0,0.0,0.5
1820.2333,  1.00000000,1,0,0.0,0.5
1820.2667,  1.00000000,1,0,0.0,0.5
1820.3000,  1.00000000,1,0,0.0,0.5
1820.3333,  1.00000000,1,0,0.0,0.5
1820.3667,  1.00000000,1,0,0.025000000000000001,0.5
1820.4000,  1.00000000,1,0,0.0,0.5
1820.4333,  1.00000000,1,0,0.0,0.5
1820.4667,  1.00000000,1,0,0.025000000000000001,0.5
1820.5000,  1.00000000,1,0,0.0,0.5
1820.5333,  1.00000000,1,0,0.0,0.5
1820.5667,  1.00000000,1,0,0.025000000000000001,0.5
1820.6000,  1.00000000,1,0,0.0,0.5
1820.6333,  1.00000000,1,0,0.0,0.5
1820.6667,  1.00000000,1,0,0.025000000000000001,0.5
1820.7000,  1.00000000,1,0,0.0,0.5
1820.7333,  1.00000000,1,0,0.0,0.5
1820.7667,  1.00000000,1,0,0.0,0.5
1820.8000,  1.00000000,1,0,0.0,0.5
1820.8333,  1.00000000,1,0,0.0,0.5
1820.8667,  1.00000000,1,0,0.0,0.5
1820.9000,  1.00000000,1,0,0.025000000000000001,0.5
1820.9333,  1.00000000,1,0,0.025000000000000001,0.5
1820.9667,  1.00000000,1,0,0.025000000000000001,0.5
1821.0000,  1.00000000,1,0,0.0,0.5
1821.0333,  1.00000000,1,0,0.025000000000000001,0.5
1821.0667,  1.00000000,1,0,0.0,0.5
1821.1000,  1.00000000,1,0,0.0,0.5
1821.1333,  1.00000000,1,0,0.0,0.5
1821.1667,  1.00000000,1,0,0.0,0.5
1821.2000,  1.00000000,1,0,0.0,0.5
1821.2333,  1.00000000,1,0,0.0,0.5
1821.2667,  1.00000000,1,0,0.0,0.5
1821.3000,  1.00000000,1,0,0.0,0.5
1821.3333,  1.00000000,1,0,0.025000000000000001,0.5
1821.3667,  1.00000000,1,0,0.0,0.5
1821.4000,  1.00000000,1,0,0.0,0.5
1821.4333,  1.00000000,1,0,0.0,0.5
1821.4667,  1.00000000,1,0,0.025000000000000001,0.5
1821.5000,  1.00000000,1,0,0.0,0.5
1821.5333,  1.00000000,1,0,0.0,0.5
1821.5667,  1.00000000,1,0,0.0,0.5
1821.6000,  1.00000000,1,0,0.0,0.5
1821.6333,  1.00000000,1,0,0.0,0.5
1821.6667,  1.00000000,1,0,0.0,0.5
1821.7000,  1.00000000,1,0,0.0,0.5
1821.7333,  1.00000000,1,0,0.0,0.5
1821.7667,  1.00000000,1,0,0.0,0.5
1821.8000,  1.00000000,1,0,0.0,0.5
1821.8333,  1.00000000,1,0,0.0,0.5
1821.8667,  1.00000000,1,0,0.0,0.5
1821.9000,  1.00000000,1,0,0.0,0.5
1821.9333,  1.00000000,1,0,0.0,0.5
1821.9667,  1.00000000,1,0,0.0,0.5
1822.0000,  1.00000000,1,0,0.0,0.5
1822.0333,  1.00000000,1,0,0.0,0.5
1822.0667,  1.00000000,1,0,0.0,0.5
1822.1000,  1.00000000,1,0,0.0,0.5
1822.1333,  1.00000000,1,0,0.0,0.5
1822.1667,  1.00000000,1,0,0.0,0.5
1822.2000,  1.00000000,1,0,0.0,0.5
1822.2333,  1.00000000,1,0,0.0,0.5
1822.2667,  1.00000000,1,0,0.0,0.5
1822.3000,  1.00000000,1,0,0.0,0.5
1822.3333,  1.00000000,1,0,0.0,0.5
1822.3667,  1.00000000,1,0,0.0,0.5
1822.4000,  1.00000000,1,0,0.0,0.5
1822.4333,  1.00000000,1,0,0.0,0.5
1822.4667,  1.00000000,1,0,0.0,0.5
1822.5000,  1.00000000,1,0,0.0,0.5
1822.5333,  1.00000000,1,0,0.0,0.5
1822.5667,  1.00000000,1,0,0.0,0.5
1822.6000,  1.00000000,1,0,0.0,0.5
1822.6333,  1.00000000,1,0,0.0,0.5
1822.6667,  1.00000000,1,0,0.0,0.5
1822.7000,  1.00000000,1,0,0.0,0.5
1822.7333,  1.00000000,1,0,0.0,0.5
1822.7667,  1.00000000,1,0,0.0,0.5
1822.8000,  1.00000000,1,0,0.0,0.5
1822.8333,  1.00000000,1,0,0.0,0.5
1822.8667,  1.00000000,1,0,0.0,0.5
1822.9000,  1.00000000,1,0,0.025000000000000001,0.5
1822.9333,  1.00000000,1,0,0.025000000000000001,0.5
1822.9667,  1.00000000,1,0,0.0,0.5
1823.0000,  1.00000000,1,0,0.025000000000000001,0.5
1823.0333,  1.00000000,1,0,0.0,0.5
1823.0667,  1.00000000,1,0,0.0,0.5
1823.1000,  1.00000000,1,0,0.0,0.5
1823.1333,  1.00000000,1,0,0.0,0.5
1823.1667,  1.00000000,1,0,0.0,0.5
1823.2000,  1.00000000,1,0,0.0,0.5
1823.2333,  1.00000000,1,0,0.0,0.5
1823.2667,  1.00000000,1,0,0.0,0.5
1823.3000,  1.00000000,1,0,0.025000000000000001,0.5
1823.3333,  1.00000000,1,0,0.0,0.5
1823.3667,  1.00000000,1,0,0.0,0.5
1823.4000,  1.00000000,1,0,0.0,0.5
1823.4333,  1.00000000,1,0,0.0,0.5
1823.4667,  1.00000000,1,0,0.0,0.5
1823.5000,  1.00000000,1,0,0.0,0.5
1823.5333,  1.00000000,1,0,0.0,0.5
1823.5667,  1.00000000,1,0,0.0,0.5
1823.6000,  1.00000000,1,0,0.025000000000000001,0.5
1823.6333,  1.00000000,1,0,0.0,0.5
1823.6667,  1.00000000,1,0,0.0,0.5
1823.7000,  1.00000000,1,0,0.0,0.5
1823.7333,  1.00000000,1,0,0.0,0.5
1823.7667,  1.00000000,1,0,0.0,0.5
1823.8000,  1.00000000,1,0,0.0,0.5
1823.8333,  1.00000000,1,0,0.0,0.5
1823.8667,  1.00000000,1,0,0.0,0.5
1823.9000,  1.00000000,1,0,0.0,0.5
1823.9333,  1.00000000,1,0,0.0,0.5
1823.9667,  1.00000000,1,0,0.0,0.5
1824.0000,  1.00000000,1,0,0.0,0.5
1824.0333,  1.00000000,1,0,0.0,0.5
1824.0667,  1.00000000,1,0,0.0,0.5
1824.1000,  1.00000000,1,0,0.0,0.5
1824.1333,  1.00000000,1,0,0.0,0.5
1824.1667,  1.00000000,1,0,0.0,0.5
1824.2000,  1.00000000,1,0,0.025000000000000001,0.5
1824.2333,  1.00000000,1,0,0.025000000000000001,0.5
1824.2667,  1.00000000,1,0,0.0,0.5
1824.3000,  1.00000000,1,0,0.0,0.5
1824.3333,  1.00000000,1,0,0.0,0.5
1824.3667,  1.00000000,1,0,0.025000000000000001,0.5
1824.4000,  1.00000000,1,0,0.0,0.5
1824.4333,  1.00000000,1,0,0.0,0.5
1824.4667,  1.00000000,1,0,0.0,0.5
1824.5000,  1.00000000,1,0,0.0,0.5
1824.5333,  1.00000000,1,0,0.0,0.5
1824.5667,  1.00000000,1,0,0.0,0.5
1824.6000,  1.00000000,1,0,0.0,0.5
1824.6333,  1.00000000,1,0,0.0,0.5
1824.6667,  1.00000000,1,0,0.025000000000000001,0.5
1824.7000,  1.00000000,1,0,0.0,0.5
1824.7333,  1.00000000,1,0,0.0,0.5
1824.7667,  1.00000000,1,0,0.0,0.5
1824.8000,  1.00000000,1,0,0.0,0.5
1824.8333,  1.00000000,1,0,0.0,0.5
1824.8667,  1.00000000,1,0,0.025000000000000001,0.5
1824.9000,  1.00000000,1,0,0.0,0.5
1824.9333,  1.00000000,1,0,0.0,0.5
1824.9667,  1.00000000,1,0,0.0,0.5
1825.0000,  1.00000000,1,0,0.0,0.5
1825.0333,  1.00000000,1,0,0.0,0.5
1825.0667,  1.00000000,1,0,0.0,0.5
1825.1000,  1.00000000,1,0,0.0,0.5
1825.1333,  1.00000000,1,0,0.0,0.5
1825.1667,  1.00000000,1,0,0.0,0.5
1825.2000,  1.00000000,1,0,0.0,0.5
1825.2333,  1.00000000,1,0,0.0,0.5
1825.2667,  1.00000000,1,0,0.0,0.5
1825.3000,  1.00000000,1,0,0.0,0.5
1825.3333,  1.00000000,1,0,0.0,0.5
1825.3667,  1.00000000,1,0,0.0,0.5
1825.4000,  1.00000000,1,0,0.0,0.5
1825.4333,  1.00000000,1,0,0.0,0.5
1825.4667,  1.00000000,1,0,0.0,0.5
1825.5000,  1.00000000,1,0,0.0,0.5
1825.5333,  1.00000000,1,0,0.0,0.5
1825.5667,  1.00000000,1,0,0.0,0.5
1825.6000,  1.00000000,1,0,0.0,0.5
1825.6333,  1.00000000,1,0,0.0,0.5
1825.6667,  1.00000000,1,0,0.0,0.5
1825.7000,  1.00000000,1,0,0.0,0.5
1825.7333,  1.00000000,1,0,0.0,0.5
1825.7667,  1.00000000,1,0,0.0,0.5
1825.8000,  1.00000000,1,0,0.0,0.5
1825.8333,  1.00000000,1,0,0.0,0.5
1825.8667,  1.00000000,1,0,0.0,0.5
1825.9000,  1.00000000,1,0,0.0,0.5
1825.9333,  1.00000000,1,0,0.0,0.5
1825.9667,  1.00000000,1,0,0.0,0.5
1826.0000,  1.00000000,1,0,0.0,0.5
1826.0333,  1.00000000,1,0,0.0,0.5
1826.0667,  1.00000000,1,0,0.0,0.5
1826.1000,  1.00000000,1,0,0.0,0.5
1826.1333,  1.00000000,1,0,0.0,0.5
1826.1667,  1.00000000,1,0,0.0,0.5
1826.2000,  1.00000000,1,0,0.0,0.5
1826.2333,  1.00000000,1,0,0.0,0.5
1826.2667,  1.00000000,1,0,0.0,0.5
1826.3000,  1.00000000,1,0,0.0,0.5
1826.3333,  1.00000000,1,0,0.025000000000000001,0.5
1826.3667,  1.00000000,1,0,0.0,0.5
1826.4000,  1.00000000,1,0,0.0,0.5
1826.4333,  1.00000000,1,0,0.0,0.5
1826.4667,  1.00000000,1,0,0.0,0.5
1826.5000,  1.00000000,1,0,0.0,0.5
1826.5333,  1.00000000,1,0,0.025000000000000001,0.5
1826.5667,  1.00000000,1,0,0.0,0.5
1826.6000,  1.00000000,1,0,0.025000000000000001,0.5
1826.6333,  1.00000000,1,0,0.0,0.5
1826.6667,  1.00000000,1,0,0.025000000000000001,0.5
1826.7000,  1.00000000,1,0,0.0,0.5
1826.7333,  1.00000000,1,0,0.0,0.5
1826.7667,  1.00000000,1,0,0.0,0.5
1826.8000,  1.00000000,1,0,0.0,0.5
1826.8333,  1.00000000,1,0,0.025000000000000001,0.5
1826.8667,  1.00000000,1,0,0.0,0.5
1826.9000,  1.00000000,1,0,0.0,0.5
1826.9333,  1.00000000,1,0,0.0,0.5
1826.9667,  1.00000000,1,0,0.0,0.5
1827.0000,  1.00000000,1,0,0.0,0.5
1827.0333,  1.00000000,1,0,0.0,0.5
1827.0667,  1.00000000,1,0,0.0,0.5
1827.1000,  1.00000000,1,0,0.0,0.5
1827.1333,  1.00000000,1,0,0.025000000000000001,0.5
1827.1667,  1.00000000,1,0,0.0,0.5
1827.2000,  1.00000000,1,0,0.0,0.5
1827.2333,  1.00000000,1,0,0.0,0.5
1827.2667,  1.00000000,1,0,0.0,0.5
1827.3000,  1.00000000,1,0,0.0,0.5
1827.3333,  1.00000000,1,0,0.0,0.5
1827.3667,  1.00000000,1,0,0.0,0.5
1827.4000,  1.00000000,1,0,0.025000000000000001,0.5
1827.4333,  1.00000000,1,0,0.0,0.5
1827.4667,  1.00000000,1,0,0.025000000000000001,0.5
1827.5000,  1.00000000,1,0,0.0,0.5
1827.5333,  1.00000000,1,0,0.0,0.5
1827.5667,  1.00000000,1,0,0.0,0.5
1827.6000,  1.00000000,1,0,0.0,0.5
1827.6333,  1.00000000,1,0,0.0,0.5
1827.6667,  1.00000000,1,0,0.0,0.5
1827.7000,  1.00000000,1,0,0.0,0.5
1827.7333,  1.00000000,1,0,0.0,0.5
1827.7667,  1.00000000,1,0,0.0,0.5
1827.8000,  1.00000000,1,0,0.0,0.5
1827.8333,  1.00000000,1,0,0.0,0.5
1827.8667,  1.00000000,1,0,0.0,0.5
1827.9000,  1.00000000,1,0,0.0,0.5
1827.9333,  1.00000000,1,0,0.0,0.5
1827.9667,  1.00000000,1,0,0.025000000000000001,0.5
1828.0000,  1.00000000,1,0,0.0,0.5
1828.0333,  1.00000000,1,0,0.0,0.5
1828.0667,  1.00000000,1,0,0.0,0.5
1828.1000,  1.00000000,1,0,0.0,0.5
1828.1333,  1.00000000,1,0,0.0,0.5
1828.1667,  1.00000000,1,0,0.0,0.5
1828.2000,  1.00000000,1,0,0.0,0.5
1828.2333,  1.00000000,1,0,0.0,0.5
1828.2667,  1.00000000,1,0,0.0,0.5
1828.3000,  1.00000000,1,0,0.0,0.5
1828.3333,  1.00000000,1,0,0.0,0.5
1828.3667,  1.00000000,1,0,0.0,0.5
1828.4000,  1.00000000,1,0,0.0,0.5
1828.4333,  1.00000000,1,0,0.025000000000000001,0.5
1828.4667,  1.00000000,1,0,0.0,0.5
1828.5000,  1.00000000,1,0,0.0,0.5
1828.5333,  1.00000000,1,0,0.0,0.5
1828.5667,  1.00000000,1,0,0.0,0.5
1828.6000,  1.00000000,1,0,0.0,0.5
1828.6333,  1.00000000,1,0,0.025000000000000001,0.5
1828.6667,  1.00000000,1,0,0.0,0.5
1828.7000,  1.00000000,1,0,0.0,0.5
1828.7333,  1.00000000,1,0,0.0,0.5
1828.7667,  1.00000000,1,0,0.0,0.5
1828.8000,  1.00000000,1,0,0.0,0.5
1828.8333,  1.00000000,1,0,0.0,0.5
1828.8667,  1.00000000,1,0,0.0,0.5
1828.9000,  1.00000000,1,0,0.0,0.5
1828.9333,  1.00000000,1,0,0.0,0.5
1828.9667,  1.00000000,1,0,0.025000000000000001,0.5
1829.0000,  1.00000000,1,0,0.0,0.5
1829.0333,  1.00000000,1,0,0.0,0.5
1829.0667,  1.00000000,1,0,0.0,0.5
1829.1000,  1.00000000,1,0,0.0,0.5
1829.1333,  1.00000000,1,0,0.0,0.5
1829.1667,  1.00000000,1,0,0.0,0.5
1829.2000,  1.00000000,1,0,0.0,0.5
1829.2333,  1.00000000,1,0,0.0,0.5
1829.2667,  1.00000000,1,0,0.0,0.5
1829.3000,  1.00000000,1,0,0.0,0.5
1829.3333,  1.00000000,1,0,0.0,0.5
1829.3667,  1.00000000,1,0,0.0,0.5
1829.4000,  1.00000000,1,0,0.0,0.5
1829.4333,  1.00000000,1,0,0.0,0.5
1829.4667,  1.00000000,1,0,0.0,0.5
1829.5000,  1.00000000,1,0,0.0,0.5
1829.5333,  1.00000000,1,0,0.0,0.5
1829.5667,  1.00000000,1,0,0.0,0.5
1829.6000,  1.00000000,1,0,0.0,0.5
1829.6333,  1.00000000,1,0,0.0,0.5
1829.6667,  1.00000000,1,0,0.025000000000000001,0.5
1829.7000,  1.00000000,1,0,0.0,0.5
1829.7333,  1.00000000,1,0,0.025000000000000001,0.5
1829.7667,  1.00000000,1,0,0.0,0.5
1829.8000,  1.00000000,1,0,0.0,0.5
1829.8333,  1.00000000,1,0,0.0,0.5
1829.8667,  1.00000000,1,0,0.050000000000000003,0.5
1829.9000,  1.00000000,1,0,0.0,0.5
1829.9333,  1.00000000,1,0,0.0,0.5
1829.9667,  1.00000000,1,0,0.0,0.5
1830.0000,  1.00000000,1,0,0.0,0.5
1830.0333,  1.00000000,1,0,0.0,0.5
1830.0667,  1.00000000,1,0,0.0,0.5
1830.1000,  1.00000000,1,0,0.0,0.5
1830.1333,  1.00000000,1,0,0.0,0.5
1830.1667,  1.00000000,1,0,0.0,0.5
1830.2000,  1.00000000,1,0,0.0,0.5
1830.2333,  1.00000000,1,0,0.0,0.5
1830.2667,  1.00000000,1,0,0.0,0.5
1830.3000,  1.00000000,1,0,0.0,0.5
1830.3333,  1.00000000,1,0,0.0,0.5
1830.3667,  1.00000000,1,0,0.0,0.5
1830.4000,  1.00000000,1,0,0.025000000000000001,0.5
1830.4333,  1.00000000,1,0,0.0,0.5
1830.4667,  1.00000000,1,0,0.0,0.5
1830.5000,  1.00000000,1,0,0.0,0.5
1830.5333,  1.00000000,1,0,0.0,0.5
1830.5667,  1.00000000,1,0,0.0,0.5
1830.6000,  1.00000000,1,0,0.0,0.5
1830.6333,  1.00000000,1,0,0.0,0.5
1830.6667,  1.00000000,1,0,0.0,0.5
1830.7000,  1.00000000,1,0,0.0,0.5
1830.7333,  1.00000000,1,0,0.0,0.5
1830.7667,  1.00000000,1,0,0.0,0.5
1830.8000,  1.00000000,1,0,0.0,0.5
1830.8333,  1.00000000,1,0,0.0,0.5
1830.8667,  1.00000000,1,0,0.0,0.5
1830.9000,  1.00000000,1,0,0.0,0.5
1830.9333,  1.00000000,1,0,0.025000000000000001,0.5
1830.9667,  1.00000000,1,0,0.0,0.5
1831.0000,  1.00000000,1,0,0.0,0.5
1831.0333,  1.00000000,1,0,0.0,0.5
1831.0667,  1.00000000,1,0,0.0,0.5
1831.1000,  1.00000000,1,0,0.0,0.5
1831.1333,  1.00000000,1,0,0.0,0.5
1831.1667,  1.00000000,1,0,0.0,0.5
1831.2000,  1.00000000,1,0,0.0,0.5
1831.2333,  1.00000000,1,0,0.025000000000000001,0.5
1831.2667,  1.00000000,1,0,0.0,0.5
1831.3000,  1.00000000,1,0,0.0,0.5
1831.3333,  1.00000000,1,0,0.0,0.5
1831.3667,  1.00000000,1,0,0.0,0.5
1831.4000,  1.00000000,1,0,0.0,0.5
1831.4333,  1.00000000,1,0,0.0,0.5
1831.4667,  1.00000000,1,0,0.0,0.5
1831.5000,  1.00000000,1,0,0.025000000000000001,0.5
1831.5333,  1.00000000,1,0,0.025000000000000001,0.5
1831.5667,  1.00000000,1,0,0.0,0.5
1831.6000,  1.00000000,1,0,0.0,0.5
1831.6333,  1.00000000,1,0,0.0,0.5
1831.6667,  1.00000000,1,0,0.0,0.5
1831.7000,  1.00000000,1,0,0.025000000000000001,0.5
1831.7333,  1.00000000,1,0,0.0,0.5
1831.7667,  1.00000000,1,0,0.0,0.5
1831.8000,  1.00000000,1,0,0.0,0.5
1831.8333,  1.00000000,1,0,0.0,0.5
1831.8667,  1.00000000,1,0,0.0,0.5
1831.9000,  1.00000000,1,0,0.050000000000000003,0.5
1831.9333,  1.00000000,1,0,0.0,0.5
1831.9667,  1.00000000,1,0,0.0,0.5
1832.0000,  1.00000000,1,0,0.0,0.5
1832.0333,  1.00000000,1,0,0.0,0.5
1832.0667,  1.00000000,1,0,0.0,0.5
1832.1000,  1.00000000,1,0,0.0,0.5
1832.1333,  1.00000000,1,0,0.0,0.5
1832.1667,  1.00000000,1,0,0.0,0.5
1832.2000,  1.00000000,1,0,0.0,0.5
1832.2333,  1.00000000,1,0,0.0,0.5
1832.2667,  1.00000000,1,0,0.0,0.5
1832.3000,  1.00000000,1,0,0.0,0.5
1832.3333,  1.00000000,1,0,0.025000000000000001,0.5
1832.3667,  1.00000000,1,0,0.0,0.5
1832.4000,  1.00000000,1,0,0.0,0.5
1832.4333,  1.00000000,1,0,0.025000000000000001,0.5
1832.4667,  1.00000000,1,0,0.0,0.5
1832.5000,  1.00000000,1,0,0.0,0.5
1832.5333,  1.00000000,1,0,0.025000000000000001,0.5
1832.5667,  1.00000000,1,0,0.0,0.5
1832.6000,  1.00000000,1,0,0.025000000000000001,0.5
1832.6333,  1.00000000,1,0,0.0,0.5
1832.6667,  1.00000000,1,0,0.025000000000000001,0.5
1832.7000,  1.00000000,1,0,0.0,0.5
1832.7333,  1.00000000,1,0,0.0,0.5
1832.7667,  1.00000000,1,0,0.0,0.5
1832.8000,  1.00000000,1,0,0.025000000000000001,0.5
1832.8333,  1.00000000,1,0,0.0,0.5
1832.8667,  1.00000000,1,0,0.0,0.5
1832.9000,  1.00000000,1,0,0.025000000000000001,0.5
1832.9333,  1.00000000,1,0,0.0,0.5
1832.9667,  1.00000000,1,0,0.0,0.5
1833.0000,  1.00000000,1,0,0.0,0.5
1833.0333,  1.00000000,1,0,0.0,0.5
1833.0667,  1.00000000,1,0,0.0,0.5
1833.1000,  1.00000000,1,0,0.0,0.5
1833.1333,  1.00000000,1,0,0.0,0.5
1833.1667,  1.00000000,1,0,0.0,0.5
1833.2000,  1.00000000,1,0,0.0,0.5
1833.2333,  1.00000000,1,0,0.0,0.5
1833.2667,  1.00000000,1,0,0.0,0.5
1833.3000,  1.00000000,1,0,0.0,0.5
1833.3333,  1.00000000,1,0,0.0,0.5
1833.3667,  1.00000000,1,0,0.025000000000000001,0.5
1833.4000,  1.00000000,1,0,0.0,0.5
1833.4333,  1.00000000,1,0,0.0,0.5
1833.4667,  1.00000000,1,0,0.0,0.5
1833.5000,  1.00000000,1,0,0.0,0.5
1833.5333,  1.00000000,1,0,0.0,0.5
1833.5667,  1.00000000,1,0,0.0,0.5
1833.6000,  1.00000000,1,0,0.050000000000000003,0.5
1833.6333,  1.00000000,1,0,0.0,0.5
1833.6667,  1.00000000,1,0,0.0,0.5
1833.7000,  1.00000000,1,0,0.0,0.5
1833.7333,  1.00000000,1,0,0.0,0.5
1833.7667,  1.00000000,1,0,0.0,0.5
1833.8000,  1.00000000,1,0,0.0,0.5
1833.8333,  1.00000000,1,0,0.0,0.5
1833.8667,  1.00000000,1,0,0.0,0.5
1833.9000,  1.00000000,1,0,0.0,0.5
1833.9333,  1.00000000,1,0,0.0,0.5
1833.9667,  1.00000000,1,0,0.0,0.5
1834.0000,  1.00000000,1,0,0.025000000000000001,0.5
1834.0333,  1.00000000,1,0,0.0,0.5
1834.0667,  1.00000000,1,0,0.0,0.5
1834.1000,  1.00000000,1,0,0.0,0.5
1834.1333,  1.00000000,1,0,0.0,0.5
1834.1667,  1.00000000,1,0,0.025000000000000001,0.5
1834.2000,  1.00000000,1,0,0.0,0.5
1834.2333,  1.00000000,1,0,0.0,0.5
1834.2667,  1.00000000,1,0,0.0,0.5
1834.3000,  1.00000000,1,0,0.025000000000000001,0.5
1834.3333,  1.00000000,1,0,0.0,0.5
1834.3667,  1.00000000,1,0,0.0,0.5
1834.4000,  1.00000000,1,0,0.0,0.5
1834.4333,  1.00000000,1,0,0.0,0.5
1834.4667,  1.00000000,1,0,0.025000000000000001,0.5
1834.5000,  1.00000000,1,0,0.0,0.5
1834.5333,  1.00000000,1,0,0.0,0.5
1834.5667,  1.00000000,1,0,0.0,0.5
1834.6000,  1.00000000,1,0,0.0,0.5
1834.6333,  1.00000000,1,0,0.0,0.5
1834.6667,  1.00000000,1,0,0.0,0.5
1834.7000,  1.00000000,1,0,0.025000000000000001,0.5
1834.7333,  1.00000000,1,0,0.025000000000000001,0.5
1834.7667,  1.00000000,1,0,0.025000000000000001,0.5
1834.8000,  1.00000000,1,0,0.0,0.5
1834.8333,  1.00000000,1,0,0.0,0.5
1834.8667,  1.00000000,1,0,0.0,0.5
1834.9000,  1.00000000,1,0,0.0,0.5
1834.9333,  1.00000000,1,0,0.0,0.5
1834.9667,  1.00000000,1,0,0.0,0.5
1835.0000,  1.00000000,1,0,0.0,0.5
1835.0333,  1.00000000,1,0,0.0,0.5
1835.0667,  1.00000000,1,0,0.0,0.5
1835.1000,  1.00000000,1,0,0.0,0.5
1835.1333,  1.00000000,1,0,0.0,0.5
1835.1667,  1.00000000,1,0,0.0,0.5
1835.2000,  1.00000000,1,0,0.0,0.5
1835.2333,  1.00000000,1,0,0.0,0.5
1835.2667,  1.00000000,1,0,0.0,0.5
1835.3000,  1.00000000,1,0,0.0,0.5
1835.3333,  1.00000000,1,0,0.0,0.5
1835.3667,  1.00000000,1,0,0.0,0.5
1835.4000,  1.00000000,1,0,0.0,0.5
1835.4333,  1.00000000,1,0,0.025000000000000001,0.5
1835.4667,  1.00000000,1,0,0.025000000000000001,0.5
1835.5000,  1.00000000,1,0,0.0,0.5
1835.5333,  1.00000000,1,0,0.025000000000000001,0.5
1835.5667,  1.00000000,1,0,0.0,0.5
1835.6000,  1.00000000,1,0,0.0,0.5
1835.6333,  1.00000000,1,0,0.025000000000000001,0.5
1835.6667,  1.00000000,1,0,0.0,0.5
1835.7000,  1.00000000,1,0,0.025000000000000001,0.5
1835.7333,  1.00000000,1,0,0.0,0.5
1835.7667,  1.00000000,1,0,0.0,0.5
1835.8000,  1.00000000,1,0,0.0,0.5
1835.8333,  1.00000000,1,0,0.0,0.5
1835.8667,  1.00000000,1,0,0.025000000000000001,0.5
1835.9000,  1.00000000,1,0,0.0,0.5
1835.9333,  1.00000000,1,0,0.0,0.5
1835.9667,  1.00000000,1,0,0.0,0.5
1836.0000,  1.00000000,1,0,0.025000000000000001,0.5
1836.0333,  1.00000000,1,0,0.025000000000000001,0.5
1836.0667,  1.00000000,1,0,0.0,0.5
1836.1000,  1.00000000,1,0,0.0,0.5
1836.1333,  1.00000000,1,0,0.0,0.5
1836.1667,  1.00000000,1,0,0.0,0.5
1836.2000,  1.00000000,1,0,0.0,0.5
1836.2333,  1.00000000,1,0,0.025000000000000001,0.5
1836.2667,  1.00000000,1,0,0.0,0.5
1836.3000,  1.00000000,1,0,0.0,0.5
1836.3333,  1.00000000,1,0,0.025000000000000001,0.5
1836.3667,  1.00000000,1,0,0.0,0.5
1836.4000,  1.00000000,1,0,0.0,0.5
1836.4333,  1.00000000,1,0,0.0,0.5
1836.4667,  1.00000000,1,0,0.025000000000000001,0.5
1836.5000,  1.00000000,1,0,0.0,0.5
1836.5333,  1.00000000,1,0,0.0,0.5
1836.5667,  1.00000000,1,0,0.0,0.5
1836.6000,  1.00000000,1,0,0.0,0.5
1836.6333,  1.00000000,1,0,0.0,0.5
1836.6667,  1.00000000,1,0,0.0,0.5
1836.7000,  1.00000000,1,0,0.0,0.5
1836.7333,  1.00000000,1,0,0.0,0.5
1836.7667,  1.00000000,1,0,0.0,0.5
1836.8000,  1.00000000,1,0,0.0,0.5
1836.8333,  1.00000000,1,0,0.0,0.5
1836.8667,  1.00000000,1,0,0.0,0.5
1836.9000,  1.00000000,1,0,0.0,0.5
1836.9333,  1.00000000,1,0,0.0,0.5
1836.9667,  1.00000000,1,0,0.0,0.5
1837.0000,  1.00000000,1,0,0.0,0.5
1837.0333,  1.00000000,1,0,0.0,0.5
1837.0667,  1.00000000,1,0,0.0,0.5
1837.1000,  1.00000000,1,0,0.0,0.5
1837.1333,  1.00000000,1,0,0.025000000000000001,0.5
1837.1667,  1.00000000,1,0,0.0,0.5
1837.2000,  1.00000000,1,0,0.0,0.5
1837.2333,  1.00000000,1,0,0.0,0.5
1837.2667,  1.00000000,1,0,0.0,0.5
1837.3000,  1.00000000,1,0,0.0,0.5
1837.3333,  1.00000000,1,0,0.0,0.5
1837.3667,  1.00000000,1,0,0.025000000000000001,0.5
1837.4000,  1.00000000,1,0,0.0,0.5
1837.4333,  1.00000000,1,0,0.025000000000000001,0.5
1837.4667,  1.00000000,1,0,0.0,0.5
1837.5000,  1.00000000,1,0,0.0,0.5
1837.5333,  1.00000000,1,0,0.025000000000000001,0.5
1837.5667,  1.00000000,1,0,0.0,0.5
1837.6000,  1.00000000,1,0,0.0,0.5
1837.6333,  1.00000000,1,0,0.0,0.5
1837.6667,  1.00000000,1,0,0.0,0.5
1837.7000,  1.00000000,1,0,0.0,0.5
1837.7333,  1.00000000,1,0,0.0,0.5
1837.7667,  1.00000000,1,0,0.0,0.5
1837.8000,  1.00000000,1,0,0.0,0.5
1837.8333,  1.00000000,1,0,0.025000000000000001,0.5
1837.8667,  1.00000000,1,0,0.0,0.5
1837.9000,  1.00000000,1,0,0.0,0.5
1837.9333,  1.00000000,1,0,0.0,0.5
1837.9667,  1.00000000,1,0,0.0,0.5
1838.0000,  1.00000000,1,0,0.0,0.5
1838.0333,  1.00000000,1,0,0.0,0.5
1838.0667,  1.00000000,1,0,0.0,0.5
1838.1000,  1.00000000,1,0,0.0,0.5
1838.1333,  1.00000000,1,0,0.0,0.5
1838.1667,  1.00000000,1,0,0.0,0.5
1838.2000,  1.00000000,1,0,0.0,0.5
1838.2333,  1.00000000,1,0,0.0,0.5
1838.2667,  1.00000000,1,0,0.0,0.5
1838.3000,  1.00000000,1,0,0.0,0.5
1838.3333,  1.00000000,1,0,0.0,0.5
1838.3667,  1.00000000,1,0,0.025000000000000001,0.5
1838.4000,  1.00000000,1,0,0.0,0.5
1838.4333,  1.00000000,1,0,0.025000000000000001,0.5
1838.4667,  1.00000000,1,0,0.0,0.5
1838.5000,  1.00000000,1,0,0.025000000000000001,0.5
1838.5333,  1.00000000,1,0,0.025000000000000001,0.5
1838.5667,  1.00000000,1,0,0.0,0.5
1838.6000,  1.00000000,1,0,0.0,0.5
1838.6333,  1.00000000,1,0,0.0,0.5
1838.6667,  1.00000000,1,0,0.0,0.5
1838.7000,  1.00000000,1,0,0.0,0.5
1838.7333,  1.00000000,1,0,0.0,0.5
1838.7667,  1.00000000,1,0,0.0,0.5
1838.8000,  1.00000000,1,0,0.0,0.5
1838.8333,  1.00000000,1,0,0.0,0.5
1838.8667,  1.00000000,1,0,0.025000000000000001,0.5
1838.9000,  1.00000000,1,0,0.0,0.5
1838.9333,  1.00000000,1,0,0.0,0.5
1838.9667,  1.00000000,1,0,0.0,0.5
1839.0000,  1.00000000,1,0,0.0,0.5
1839.0333,  1.00000000,1,0,0.0,0.5
1839.0667,  1.00000000,1,0,0.0,0.5
1839.1000,  1.00000000,1,0,0.0,0.5
1839.1333,  1.00000000,1,0,0.0,0.5
1839.1667,  1.00000000,1,0,0.0,0.5
1839.2000,  1.00000000,1,0,0.0,0.5
1839.2333,  1.00000000,1,0,0.0,0.5
1839.2667,  1.00000000,1,0,0.0,0.5
1839.3000,  1.00000000,1,0,0.0,0.5
1839.3333,  1.00000000,1,0,0.0,0.5
1839.3667,  1.00000000,1,0,0.0,0.5
1839.4000,  1.00000000,1,0,0.0,0.5
1839.4333,  1.00000000,1,0,0.0,0.5
1839.4667,  1.00000000,1,0,0.0,0.5
1839.5000,  1.00000000,1,0,0.0,0.5
1839.5333,  1.00000000,1,0,0.0,0.5
1839.5667,  1.00000000,1,0,0.0,0.5
1839.6000,  1.00000000,1,0,0.025000000000000001,0.5
1839.6333,  1.00000000,1,0,0.0,0.5
1839.6667,  1.00000000,1,0,0.0,0.5
1839.7000,  1.00000000,1,0,0.0,0.5
1839.7333,  1.00000000,1,0,0.0,0.5
1839.7667,  1.00000000,1,0,0.025000000000000001,0.5
1839.8000,  1.00000000,1,0,0.0,0.5
1839.8333,  1.00000000,1,0,0.0,0.5
1839.8667,  1.00000000,1,0,0.0,0.5
1839.9000,  1.00000000,1,0,0.0,0.5
1839.9333,  1.00000000,1,0,0.025000000000000001,0.5
1839.9667,  1.00000000,1,0,0.0,0.5
1840.0000,  1.00000000,1,0,0.025000000000000001,0.5
1840.0333,  1.00000000,1,0,0.0,0.5
1840.0667,  1.00000000,1,0,0.025000000000000001,0.5
1840.1000,  1.00000000,1,0,0.0,0.5
1840.1333,  1.00000000,1,0,0.0,0.5
1840.1667,  1.00000000,1,0,0.025000000000000001,0.5
1840.2000,  1.00000000,1,0,0.025000000000000001,0.5
1840.2333,  1.00000000,1,0,0.025000000000000001,0.5
1840.2667,  1.00000000,1,0,0.0,0.5
1840.3000,  1.00000000,1,0,0.025000000000000001,0.5
1840.3333,  1.00000000,1,0,0.0,0.5
1840.3667,  1.00000000,1,0,0.0,0.5
1840.4000,  1.00000000,1,0,0.0,0.5
1840.4333,  1.00000000,1,0,0.0,0.5
1840.4667,  1.00000000,1,0,0.0,0.5
1840.5000,  1.00000000,1,0,0.0,0.5
1840.5333,  1.00000000,1,0,0.0,0.5
1840.5667,  1.00000000,1,0,0.0,0.5
1840.6000,  1.00000000,1,0,0.0,0.5
1840.6333,  1.00000000,1,0,0.0,0.5
1840.6667,  1.00000000,1,0,0.0,0.5
1840.7000,  1.00000000,1,0,0.0,0.5
1840.7333,  1.00000000,1,0,0.0,0.5
1840.7667,  1.00000000,1,0,0.025000000000000001,0.5
1840.8000,  1.00000000,1,0,0.050000000000000003,0.5
1840.8333,  1.00000000,1,0,0.0,0.5
1840.8667,  1.00000000,1,0,0.0,0.5
1840.9000,  1.00000000,1,0,0.025000000000000001,0.5
1840.9333,  1.00000000,1,0,0.0,0.5
1840.9667,  1.00000000,1,0,0.0,0.5
1841.0000,  1.00000000,1,0,0.0,0.5
1841.0333,  1.00000000,1,0,0.0,0.5
1841.0667,  1.00000000,1,0,0.0,0.5
1841.1000,  1.00000000,1,0,0.0,0.5
1841.1333,  1.00000000,1,0,0.0,0.5
1841.1667,  1.00000000,1,0,0.025000000000000001,0.5
1841.2000,  1.00000000,1,0,0.025000000000000001,0.5
1841.2333,  1.00000000,1,0,0.0,0.5
1841.2667,  1.00000000,1,0,0.0,0.5
1841.3000,  1.00000000,1,0,0.025000000000000001,0.5
1841.3333,  1.00000000,1,0,0.0,0.5
1841.3667,  1.00000000,1,0,0.0,0.5
1841.4000,  1.00000000,1,0,0.0,0.5
1841.4333,  1.00000000,1,0,0.0,0.5
1841.4667,  1.00000000,1,0,0.0,0.5
1841.5000,  1.00000000,1,0,0.0,0.5
1841.5333,  1.00000000,1,0,0.0,0.5
1841.5667,  1.00000000,1,0,0.0,0.5
1841.6000,  1.00000000,1,0,0.0,0.5
1841.6333,  1.00000000,1,0,0.0,0.5
1841.6667,  1.00000000,1,0,0.0,0.5
1841.7000,  1.00000000,1,0,0.0,0.5
1841.7333,  1.00000000,1,0,0.0,0.5
1841.7667,  1.00000000,1,0,0.025000000000000001,0.5
1841.8000,  1.00000000,1,0,0.0,0.5
1841.8333,  1.00000000,1,0,0.0,0.5
1841.8667,  1.00000000,1,0,0.0,0.5
1841.9000,  1.00000000,1,0,0.0,0.5
1841.9333,  1.00000000,1,0,0.0,0.5
1841.9667,  1.00000000,1,0,0.0,0.5
1842.0000,  1.00000000,1,0,0.0,0.5
1842.0333,  1.00000000,1,0,0.025000000000000001,0.5
1842.0667,  1.00000000,1,0,0.0,0.5
1842.1000,  1.00000000,1,0,0.0,0.5
1842.1333,  1.00000000,1,0,0.0,0.5
1842.1667,  1.00000000,1,0,0.0,0.5
1842.2000,  1.00000000,1,0,0.0,0.5
1842.2333,  1.00000000,1,0,0.0,0.5
1842.2667,  1.00000000,1,0,0.0,0.5
1842.3000,  1.00000000,1,0,0.0,0.5
1842.3333,  1.00000000,1,0,0.0,0.5
1842.3667,  1.00000000,1,0,0.0,0.5
1842.4000,  1.00000000,1,0,0.0,0.5
1842.4333,  1.00000000,1,0,0.025000000000000001,0.5
1842.4667,  1.00000000,1,0,0.0,0.5
1842.5000,  1.00000000,1,0,0.025000000000000001,0.5
1842.5333,  1.00000000,1,0,0.025000000000000001,0.5
1842.5667,  1.00000000,1,0,0.0,0.5
1842.6000,  1.00000000,1,0,0.025000000000000001,0.5
1842.6333,  1.00000000,1,0,0.0,0.5
1842.6667,  1.00000000,1,0,0.0,0.5
1842.7000,  1.00000000,1,0,0.0,0.5
1842.7333,  1.00000000,1,0,0.025000000000000001,0.5
1842.7667,  1.00000000,1,0,0.0,0.5
1842.8000,  1.00000000,1,0,0.0,0.5
1842.8333,  1.00000000,1,0,0.0,0.5
1842.8667,  1.00000000,1,0,0.0,0.5
1842.9000,  1.00000000,1,0,0.0,0.5
1842.9333,  1.00000000,1,0,0.0,0.5
1842.9667,  1.00000000,1,0,0.0,0.5
1843.0000,  1.00000000,1,0,0.0,0.5
1843.0333,  1.00000000,1,0,0.0,0.5
1843.0667,  1.00000000,1,0,0.0,0.5
1843.1000,  1.00000000,1,0,0.0,0.5
1843.1333,  1.00000000,1,0,0.0,0.5
1843.1667,  1.00000000,1,0,0.0,0.5
1843.2000,  1.00000000,1,0,0.0,0.5
1843.2333,  1.00000000,1,0,0.0,0.5
1843.2667,  1.00000000,1,0,0.0,0.5
1843.3000,  1.00000000,1,0,0.0,0.5
1843.3333,  1.00000000,1,0,0.0,0.5
1843.3667,  1.00000000,1,0,0.0,0.5
1843.4000,  1.00000000,1,0,0.0,0.5
1843.4333,  1.00000000,1,0,0.0,0.5
1843.4667,  1.00000000,1,0,0.0,0.5
1843.5000,  1.00000000,1,0,0.0,0.5
1843.5333,  1.00000000,1,0,0.0,0.5
1843.5667,  1.00000000,1,0,0.0,0.5
1843.6000,  1.00000000,1,0,0.0,0.5
1843.6333,  1.00000000,1,0,0.0,0.5
1843.6667,  1.00000000,1,0,0.0,0.5
1843.7000,  1.00000000,1,0,0.025000000000000001,0.5
1843.7333,  1.00000000,1,0,0.0,0.5
1843.7667,  1.00000000,1,0,0.025000000000000001,0.5
1843.8000,  1.00000000,1,0,0.025000000000000001,0.5
1843.8333,  1.00000000,1,0,0.0,0.5
1843.8667,  1.00000000,1,0,0.0,0.5
1843.9000,  1.00000000,1,0,0.025000000000000001,0.5
1843.9333,  1.00000000,1,0,0.0,0.5
1843.9667,  1.00000000,1,0,0.0,0.5
1844.0000,  1.00000000,1,0,0.0,0.5
1844.0333,  1.00000000,1,0,0.0,0.5
1844.0667,  1.00000000,1,0,0.0,0.5
1844.1000,  1.00000000,1,0,0.0,0.5
1844.1333,  1.00000000,1,0,0.0,0.5
1844.1667,  1.00000000,1,0,0.0,0.5
1844.2000,  1.00000000,1,0,0.0,0.5
1844.2333,  1.00000000,1,0,0.0,0.5
1844.2667,  1.00000000,1,0,0.0,0.5
1844.3000,  1.00000000,1,0,0.0,0.5
1844.3333,  1.00000000,1,0,0.0,0.5
1844.3667,  1.00000000,1,0,0.0,0.5
1844.4000,  1.00000000,1,0,0.0,0.5
1844.4333,  1.00000000,1,0,0.0,0.5
1844.4667,  1.00000000,1,0,0.0,0.5
1844.5000,  1.00000000,1,0,0.0,0.5
1844.5333,  1.00000000,1,0,0.025000000000000001,0.5
1844.5667,  1.00000000,1,0,0.0,0.5
1844.6000,  1.00000000,1,0,0.025000000000000001,0.5
1844.6333,  1.00000000,1,0,0.0,0.5
1844.6667,  1.00000000,1,0,0.0,0.5
1844.7000,  1.00000000,1,0,0.0,0.5
1844.7333,  1.00000000,1,0,0.0,0.5
1844.7667,  1.00000000,1,0,0.0,0.5
1844.8000,  1.00000000,1,0,0.0,0.5
1844.8333,  1.00000000,1,0,0.0,0.5
1844.8667,  1.00000000,1,0,0.025000000000000001,0.5
1844.9000,  1.00000000,1,0,0.0,0.5
1844.9333,  1.00000000,1,0,0.0,0.5
1844.9667,  1.00000000,1,0,0.0,0.5
1845.0000,  1.00000000,1,0,0.0,0.5
1845.0333,  1.00000000,1,0,0.025000000000000001,0.5
1845.0667,  1.00000000,1,0,0.0,0.5
1845.1000,  1.00000000,1,0,0.0,0.5
1845.1333,  1.00000000,1,0,0.0,0.5
1845.1667,  1.00000000,1,0,0.0,0.5
1845.2000,  1.00000000,1,0,0.0,0.5
1845.2333,  1.00000000,1,0,0.0,0.5
1845.2667,  1.00000000,1,0,0.0,0.5
1845.3000,  1.00000000,1,0,0.025000000000000001,0.5
1845.3333,  1.00000000,1,0,0.0,0.5
1845.3667,  1.00000000,1,0,0.0,0.5
1845.4000,  1.00000000,1,0,0.0,0.5
1845.4333,  1.00000000,1,0,0.0,0.5
1845.4667,  1.00000000,1,0,0.0,0.5
1845.5000,  1.00000000,1,0,0.0,0.5
1845.5333,  1.00000000,1,0,0.0,0.5
1845.5667,  1.00000000,1,0,0.0,0.5
1845.6000,  1.00000000,1,0,0.0,0.5
1845.6333,  1.00000000,1,0,0.0,0.5
1845.6667,  1.00000000,1,0,0.0,0.5
1845.7000,  1.00000000,1,0,0.0,0.5
1845.7333,  1.00000000,1,0,0.025000000000000001,0.5
1845.7667,  1.00000000,1,0,0.0,0.5
1845.8000,  1.00000000,1,0,0.0,0.5
1845.8333,  1.00000000,1,0,0.0,0.5
1845.8667,  1.00000000,1,0,0.0,0.5
1845.9000,  1.00000000,1,0,0.0,0.5
1845.9333,  1.00000000,1,0,0.025000000000000001,0.5
1845.9667,  1.00000000,1,0,0.025000000000000001,0.5
1846.0000,  1.00000000,1,0,0.0,0.5
1846.0333,  1.00000000,1,0,0.0,0.5
1846.0667,  1.00000000,1,0,0.0,0.5
1846.1000,  1.00000000,1,0,0.0,0.5
1846.1333,  1.00000000,1,0,0.0,0.5
1846.1667,  1.00000000,1,0,0.0,0.5
1846.2000,  1.00000000,1,0,0.0,0.5
1846.2333,  1.00000000,1,0,0.0,0.5
1846.2667,  1.00000000,1,0,0.025000000000000001,0.5
1846.3000,  1.00000000,1,0,0.0,0.5
1846.3333,  1.00000000,1,0,0.0,0.5
1846.3667,  1.00000000,1,0,0.0,0.5
1846.4000,  1.00000000,1,0,0.0,0.5
1846.4333,  1.00000000,1,0,0.0,0.5
1846.4667,  1.00000000,1,0,0.0,0.5
1846.5000,  1.00000000,1,0,0.0,0.5
1846.5333,  1.00000000,1,0,0.0,0.5
1846.5667,  1.00000000,1,0,0.0,0.5
1846.6000,  1.00000000,1,0,0.0,0.5
1846.6333,  1.00000000,1,0,0.0,0.5
1846.6667,  1.00000000,1,0,0.0,0.5
1846.7000,  1.00000000,1,0,0.0,0.5
1846.7333,  1.00000000,1,0,0.0,0.5
1846.7667,  1.00000000,1,0,0.0,0.5
1846.8000,  1.00000000,1,0,0.0,0.5
1846.8333,  1.00000000,1,0,0.0,0.5
1846.8667,  1.00000000,1,0,0.0,0.5
1846.9000,  1.00000000,1,0,0.0,0.5
1846.9333,  1.00000000,1,0,0.0,0.5
1846.9667,  1.00000000,1,0,0.0,0.5
1847.0000,  1.00000000,1,0,0.0,0.5
1847.0333,  1.00000000,1,0,0.0,0.5
1847.0667,  1.00000000,1,0,0.0,0.5
1847.1000,  1.00000000,1,0,0.0,0.5
1847.1333,  1.00000000,1,0,0.0,0.5
1847.1667,  1.00000000,1,0,0.0,0.5
1847.2000,  1.00000000,1,0,0.0,0.5
1847.2333,  1.00000000,1,0,0.0,0.5
1847.2667,  1.00000000,1,0,0.0,0.5
1847.3000,  1.00000000,1,0,0.0,0.5
1847.3333,  1.00000000,1,0,0.0,0.5
1847.3667,  1.00000000,1,0,0.0,0.5
1847.4000,  1.00000000,1,0,0.0,0.5
1847.4333,  1.00000000,1,0,0.0,0.5
1847.4667,  1.00000000,1,0,0.0,0.5
1847.5000,  1.00000000,1,0,0.0,0.5
1847.5333,  1.00000000,1,0,0.0,0.5
1847.5667,  1.00000000,1,0,0.0,0.5
1847.6000,  1.00000000,1,0,0.0,0.5
1847.6333,  1.00000000,1,0,0.0,0.5
1847.6667,  1.00000000,1,0,0.0,0.5
1847.7000,  1.00000000,1,0,0.0,0.5
1847.7333,  1.00000000,1,0,0.0,0.5
1847.7667,  1.00000000,1,0,0.0,0.5
1847.8000,  1.00000000,1,0,0.0,0.5
1847.8333,  1.00000000,1,0,0.0,0.5
1847.8667,  1.00000000,1,0,0.025000000000000001,0.5
1847.9000,  1.00000000,1,0,0.0,0.5
1847.9333,  1.00000000,1,0,0.0,0.5
1847.9667,  1.00000000,1,0,0.0,0.5
1848.0000,  1.00000000,1,0,0.0,0.5
1848.0333,  1.00000000,1,0,0.0,0.5
1848.0667,  1.00000000,1,0,0.0,0.5
1848.1000,  1.00000000,1,0,0.025000000000000001,0.5
1848.1333,  1.00000000,1,0,0.0,0.5
1848.1667,  1.00000000,1,0,0.0,0.5
1848.2000,  1.00000000,1,0,0.0,0.5
1848.2333,  1.00000000,1,0,0.025000000000000001,0.5
1848.2667,  1.00000000,1,0,0.025000000000000001,0.5
1848.3000,  1.00000000,1,0,0.0,0.5
1848.3333,  1.00000000,1,0,0.025000000000000001,0.5
1848.3667,  1.00000000,1,0,0.0,0.5
1848.4000,  1.00000000,1,0,0.0,0.5
1848.4333,  1.00000000,1,0,0.0,0.5
1848.4667,  1.00000000,1,0,0.0,0.5
1848.5000,  1.00000000,1,0,0.0,0.5
1848.5333,  1.00000000,1,0,0.0,0.5
1848.5667,  1.00000000,1,0,0.0,0.5
1848.6000,  1.00000000,1,0,0.0,0.5
1848.6333,  1.00000000,1,0,0.0,0.5
1848.6667,  1.00000000,1,0,0.0,0.5
1848.7000,  1.00000000,1,0,0.0,0.5
1848.7333,  1.00000000,1,0,0.0,0.5
1848.7667,  1.00000000,1,0,0.0,0.5
1848.8000,  1.00000000,1,0,0.0,0.5
1848.8333,  1.00000000,1,0,0.0,0.5
1848.8667,  1.00000000,1,0,0.0,0.5
1848.9000,  1.00000000,1,0,0.0,0.5
1848.9333,  1.00000000,1,0,0.025000000000000001,0.5
1848.9667,  1.00000000,1,0,0.0,0.5
1849.0000,  1.00000000,1,0,0.0,0.5
1849.0333,  1.00000000,1,0,0.0,0.5
1849.0667,  1.00000000,1,0,0.0,0.5
1849.1000,  1.00000000,1,0,0.0,0.5
1849.1333,  1.00000000,1,0,0.0,0.5
1849.1667,  1.00000000,1,0,0.0,0.5
1849.2000,  1.00000000,1,0,0.0,0.5
1849.2333,  1.00000000,1,0,0.025000000000000001,0.5
1849.2667,  1.00000000,1,0,0.0,0.5
1849.3000,  1.00000000,1,0,0.0,0.5
1849.3333,  1.00000000,1,0,0.0,0.5
1849.3667,  1.00000000,1,0,0.0,0.5
1849.4000,  1.00000000,1,0,0.0,0.5
1849.4333,  1.00000000,1,0,0.0,0.5
1849.4667,  1.00000000,1,0,0.025000000000000001,0.5
1849.5000,  1.00000000,1,0,0.0,0.5
1849.5333,  1.00000000,1,0,0.0,0.5
1849.5667,  1.00000000,1,0,0.0,0.5
1849.6000,  1.00000000,1,0,0.0,0.5
1849.6333,  1.00000000,1,0,0.0,0.5
1849.6667,  1.00000000,1,0,0.0,0.5
1849.7000,  1.00000000,1,0,0.0,0.5
1849.7333,  1.00000000,1,0,0.0,0.5
1849.7667,  1.00000000,1,0,0.0,0.5
1849.8000,  1.00000000,1,0,0.0,0.5
1849.8333,  1.00000000,1,0,0.0,0.5
1849.8667,  1.00000000,1,0,0.0,0.5
1849.9000,  1.00000000,1,0,0.025000000000000001,0.5
1849.9333,  1.00000000,1,0,0.0,0.5
1849.9667,  1.00000000,1,0,0.0,0.5
1850.0000,  1.00000000,1,0,0.0,0.5
1850.0333,  1.00000000,1,0,0.0,0.5
1850.0667,  1.00000000,1,0,0.0,0.5
1850.1000,  1.00000000,1,0,0.0,0.5
1850.1333,  1.00000000,1,0,0.0,0.5
1850.1667,  1.00000000,1,0,0.0,0.5
1850.2000,  1.00000000,1,0,0.0,0.5
1850.2333,  1.00000000,1,0,0.0,0.5
1850.2667,  1.00000000,1,0,0.025000000000000001,0.5
1850.3000,  1.00000000,1,0,0.0,0.5
1850.3333,  1.00000000,1,0,0.025000000000000001,0.5
1850.3667,  1.00000000,1,0,0.0,0.5
1850.4000,  1.00000000,1,0,0.0,0.5
1850.4333,  1.00000000,1,0,0.0,0.5
1850.4667,  1.00000000,1,0,0.0,0.5
1850.5000,  1.00000000,1,0,0.0,0.5
1850.5333,  1.00000000,1,0,0.0,0.5
1850.5667,  1.00000000,1,0,0.0,0.5
1850.6000,  1.00000000,1,0,0.0,0.5
1850.6333,  1.00000000,1,0,0.0,0.5
1850.6667,  1.00000000,1,0,0.0,0.5
1850.7000,  1.00000000,1,0,0.0,0.5
1850.7333,  1.00000000,1,0,0.0,0.5
1850.7667,  1.00000000,1,0,0.0,0.5
1850.8000,  1.00000000,1,0,0.0,0.5
1850.8333,  1.00000000,1,0,0.025000000000000001,0.5
1850.8667,  1.00000000,1,0,0.0,0.5
1850.9000,  1.00000000,1,0,0.0,0.5
1850.9333,  1.00000000,1,0,0.0,0.5
1850.9667,  1.00000000,1,0,0.0,0.5
1851.0000,  1.00000000,1,0,0.0,0.5
1851.0333,  1.00000000,1,0,0.0,0.5
1851.0667,  1.00000000,1,0,0.0,0.5
1851.1000,  1.00000000,1,0,0.0,0.5
1851.1333,  1.00000000,1,0,0.0,0.5
1851.1667,  1.00000000,1,0,0.0,0.5
1851.2000,  1.00000000,1,0,0.0,0.5
1851.2333,  1.00000000,1,0,0.0,0.5
1851.2667,  1.00000000,1,0,0.0,0.5
1851.3000,  1.00000000,1,0,0.0,0.5
1851.3333,  1.00000000,1,0,0.025000000000000001,0.5
1851.3667,  1.00000000,1,0,0.0,0.5
1851.4000,  1.00000000,1,0,0.0,0.5
1851.4333,  1.00000000,1,0,0.0,0.5
1851.4667,  1.00000000,1,0,0.0,0.5
1851.5000,  1.00000000,1,0,0.0,0.5
1851.5333,  1.00000000,1,0,0.0,0.5
1851.5667,  1.00000000,1,0,0.0,0.5
1851.6000,  1.00000000,1,0,0.0,0.5
1851.6333,  1.00000000,1,0,0.0,0.5
1851.6667,  1.00000000,1,0,0.0,0.5
1851.7000,  1.00000000,1,0,0.025000000000000001,0.5
1851.7333,  1.00000000,1,0,0.0,0.5
1851.7667,  1.00000000,1,0,0.0,0.5
1851.8000,  1.00000000,1,0,0.0,0.5
1851.8333,  1.00000000,1,0,0.0,0.5
1851.8667,  1.00000000,1,0,0.0,0.5
1851.9000,  1.00000000,1,0,0.0,0.5
1851.9333,  1.00000000,1,0,0.0,0.5
1851.9667,  1.00000000,1,0,0.0,0.5
1852.0000,  1.00000000,1,0,0.025000000000000001,0.5
1852.0333,  1.00000000,1,0,0.0,0.5
1852.0667,  1.00000000,1,0,0.0,0.5
1852.1000,  1.00000000,1,0,0.025000000000000001,0.5
1852.1333,  1.00000000,1,0,0.0,0.5
1852.1667,  1.00000000,1,0,0.0,0.5
1852.2000,  1.00000000,1,0,0.0,0.5
1852.2333,  1.00000000,1,0,0.025000000000000001,0.5
1852.2667,  1.00000000,1,0,0.0,0.5
1852.3000,  1.00000000,1,0,0.0,0.5
1852.3333,  1.00000000,1,0,0.025000000000000001,0.5
1852.3667,  1.00000000,1,0,0.0,0.5
1852.4000,  1.00000000,1,0,0.0,0.5
1852.4333,  1.00000000,1,0,0.0,0.5
1852.4667,  1.00000000,1,0,0.0,0.5
1852.5000,  1.00000000,1,0,0.0,0.5
1852.5333,  1.00000000,1,0,0.025000000000000001,0.5
1852.5667,  1.00000000,1,0,0.0,0.5
1852.6000,  1.00000000,1,0,0.0,0.5
1852.6333,  1.00000000,1,0,0.0,0.5
1852.6667,  1.00000000,1,0,0.0,0.5
1852.7000,  1.00000000,1,0,0.025000000000000001,0.5
1852.7333,  1.00000000,1,0,0.0,0.5
1852.7667,  1.00000000,1,0,0.0,0.5
1852.8000,  1.00000000,1,0,0.0,0.5
1852.8333,  1.00000000,1,0,0.0,0.5
1852.8667,  1.00000000,1,0,0.0,0.5
1852.9000,  1.00000000,1,0,0.0,0.5
1852.9333,  1.00000000,1,0,0.0,0.5
1852.9667,  1.00000000,1,0,0.025000000000000001,0.5
1853.0000,  1.00000000,1,0,0.0,0.5
1853.0333,  1.00000000,1,0,0.025000000000000001,0.5
1853.0667,  1.00000000,1,0,0.0,0.5
1853.1000,  1.00000000,1,0,0.0,0.5
1853.1333,  1.00000000,1,0,0.025000000000000001,0.5
1853.1667,  1.00000000,1,0,0.0,0.5
1853.2000,  1.00000000,1,0,0.0,0.5
1853.2333,  1.00000000,1,0,0.0,0.5
1853.2667,  1.00000000,1,0,0.0,0.5
1853.3000,  1.00000000,1,0,0.0,0.5
1853.3333,  1.00000000,1,0,0.0,0.5
1853.3667,  1.00000000,1,0,0.0,0.5
1853.4000,  1.00000000,1,0,0.0,0.5
1853.4333,  1.00000000,1,0,0.0,0.5
1853.4667,  1.00000000,1,0,0.0,0.5
1853.5000,  1.00000000,1,0,0.0,0.5
1853.5333,  1.00000000,1,0,0.0,0.5
1853.5667,  1.00000000,1,0,0.025000000000000001,0.5
1853.6000,  1.00000000,1,0,0.025000000000000001,0.5
1853.6333,  1.00000000,1,0,0.0,0.5
1853.6667,  1.00000000,1,0,0.0,0.5
1853.7000,  1.00000000,1,0,0.0,0.5
1853.7333,  1.00000000,1,0,0.025000000000000001,0.5
1853.7667,  1.00000000,1,0,0.025000000000000001,0.5
1853.8000,  1.00000000,1,0,0.0,0.5
1853.8333,  1.00000000,1,0,0.0,0.5
1853.8667,  1.00000000,1,0,0.0,0.5
1853.9000,  1.00000000,1,0,0.0,0.5
1853.9333,  1.00000000,1,0,0.0,0.5
1853.9667,  1.00000000,1,0,0.025000000000000001,0.5
1854.0000,  1.00000000,1,0,0.0,0.5
1854.0333,  1.00000000,1,0,0.0,0.5
1854.0667,  1.00000000,1,0,0.0,0.5
1854.1000,  1.00000000,1,0,0.0,0.5
1854.1333,  1.00000000,1,0,0.0,0.5
1854.1667,  1.00000000,1,0,0.0,0.5
1854.2000,  1.00000000,1,0,0.0,0.5
1854.2333,  1.00000000,1,0,0.0,0.5
1854.2667,  1.00000000,1,0,0.025000000000000001,0.5
1854.3000,  1.00000000,1,0,0.0,0.5
1854.3333,  1.00000000,1,0,0.0,0.5
1854.3667,  1.00000000,1,0,0.025000000000000001,0.5
1854.4000,  1.00000000,1,0,0.0,0.5
1854.4333,  1.00000000,1,0,0.025000000000000001,0.5
1854.4667,  1.00000000,1,0,0.0,0.5
1854.5000,  1.00000000,1,0,0.0,0.5
1854.5333,  1.00000000,1,0,0.0,0.5
1854.5667,  1.00000000,1,0,0.0,0.5
1854.6000,  1.00000000,1,0,0.050000000000000003,0.5
1854.6333,  1.00000000,1,0,0.025000000000000001,0.5
1854.6667,  1.00000000,1,0,0.0,0.5
1854.7000,  1.00000000,1,0,0.025000000000000001,0.5
1854.7333,  1.00000000,1,0,0.0,0.5
1854.7667,  1.00000000,1,0,0.025000000000000001,0.5
1854.8000,  1.00000000,1,0,0.0,0.5
1854.8333,  1.00000000,1,0,0.0,0.5
1854.8667,  1.00000000,1,0,0.0,0.5
1854.9000,  1.00000000,1,0,0.0,0.5
1854.9333,  1.00000000,1,0,0.025000000000000001,0.5
1854.9667,  1.00000000,1,0,0.0,0.5
1855.0000,  1.00000000,1,0,0.0,0.5
1855.0333,  1.00000000,1,0,0.0,0.5
1855.0667,  1.00000000,1,0,0.0,0.5
1855.1000,  1.00000000,1,0,0.0,0.5
1855.1333,  1.00000000,1,0,0.0,0.5
1855.1667,  1.00000000,1,0,0.025000000000000001,0.5
1855.2000,  1.00000000,1,0,0.0,0.5
1855.2333,  1.00000000,1,0,0.0,0.5
1855.2667,  1.00000000,1,0,0.0,0.5
1855.3000,  1.00000000,1,0,0.0,0.5
1855.3333,  1.00000000,1,0,0.0,0.5
1855.3667,  1.00000000,1,0,0.0,0.5
1855.4000,  1.00000000,1,0,0.0,0.5
1855.4333,  1.00000000,1,0,0.0,0.5
1855.4667,  1.00000000,1,0,0.0,0.5
1855.5000,  1.00000000,1,0,0.025000000000000001,0.5
1855.5333,  1.00000000,1,0,0.0,0.5
1855.5667,  1.00000000,1,0,0.0,0.5
1855.6000,  1.00000000,1,0,0.0,0.5
1855.6333,  1.00000000,1,0,0.025000000000000001,0.5
1855.6667,  1.00000000,1,0,0.0,0.5
1855.7000,  1.00000000,1,0,0.0,0.5
1855.7333,  1.00000000,1,0,0.0,0.5
1855.7667,  1.00000000,1,0,0.0,0.5
1855.8000,  1.00000000,1,0,0.0,0.5
1855.8333,  1.00000000,1,0,0.0,0.5
1855.8667,  1.00000000,1,0,0.0,0.5
1855.9000,  1.00000000,1,0,0.0,0.5
1855.9333,  1.00000000,1,0,0.0,0.5
1855.9667,  1.00000000,1,0,0.0,0.5
1856.0000,  1.00000000,1,0,0.0,0.5
1856.0333,  1.00000000,1,0,0.0,0.5
1856.0667,  1.00000000,1,0,0.025000000000000001,0.5
1856.1000,  1.00000000,1,0,0.0,0.5
1856.1333,  1.00000000,1,0,0.0,0.5
1856.1667,  1.00000000,1,0,0.0,0.5
1856.2000,  1.00000000,1,0,0.0,0.5
1856.2333,  1.00000000,1,0,0.0,0.5
1856.2667,  1.00000000,1,0,0.0,0.5
1856.3000,  1.00000000,1,0,0.0,0.5
1856.3333,  1.00000000,1,0,0.0,0.5
1856.3667,  1.00000000,1,0,0.0,0.5
1856.4000,  1.00000000,1,0,0.0,0.5
1856.4333,  1.00000000,1,0,0.0,0.5
1856.4667,  1.00000000,1,0,0.0,0.5
1856.5000,  1.00000000,1,0,0.0,0.5
1856.5333,  1.00000000,1,0,0.0,0.5
1856.5667,  1.00000000,1,0,0.0,0.5
1856.6000,  1.00000000,1,0,0.0,0.5
1856.6333,  1.00000000,1,0,0.0,0.5
1856.6667,  1.00000000,1,0,0.0,0.5
1856.7000,  1.00000000,1,0,0.0,0.5
1856.7333,  1.00000000,1,0,0.0,0.5
1856.7667,  1.00000000,1,0,0.0,0.5
1856.8000,  1.00000000,1,0,0.0,0.5
1856.8333,  1.00000000,1,0,0.025000000000000001,0.5
1856.8667,  1.00000000,1,0,0.0,0.5
1856.9000,  1.00000000,1,0,0.0,0.5
1856.9333,  1.00000000,1,0,0.0,0.5
1856.9667,  1.00000000,1,0,0.0,0.5
1857.0000,  1.00000000,1,0,0.0,0.5
1857.0333,  1.00000000,1,0,0.0,0.5
1857.0667,  1.00000000,1,0,0.0,0.5
1857.1000,  1.00000000,1,0,0.0,0.5
1857.1333,  1.00000000,1,0,0.0,0.5
1857.1667,  1.00000000,1,0,0.0,0.5
1857.2000,  1.00000000,1,0,0.0,0.5
1857.2333,  1.00000000,1,0,0.0,0.5
1857.2667,  1.00000000,1,0,0.0,0.5
1857.3000,  1.00000000,1,0,0.0,0.5
1857.3333,  1.00000000,1,0,0.0,0.5
1857.3667,  1.00000000,1,0,0.0,0.5
1857.4000,  1.00000000,1,0,0.0,0.5
1857.4333,  1.00000000,1,0,0.0,0.5
1857.4667,  1.00000000,1,0,0.0,0.5
1857.5000,  1.00000000,1,0,0.0,0.5
1857.5333,  1.00000000,1,0,0.0,0.5
1857.5667,  1.00000000,1,0,0.0,0.5
1857.6000,  1.00000000,1,0,0.0,0.5
1857.6333,  1.00000000,1,0,0.0,0.5
1857.6667,  1.00000000,1,0,0.0,0.5
1857.7000,  1.00000000,1,0,0.0,0.5
1857.7333,  1.00000000,1,0,0.025000000000000001,0.5
1857.7667,  1.00000000,1,0,0.0,0.5
1857.8000,  1.00000000,1,0,0.0,0.5
1857.8333,  1.00000000,1,0,0.0,0.5
1857.8667,  1.00000000,1,0,0.0,0.5
1857.9000,  1.00000000,1,0,0.0,0.5
1857.9333,  1.00000000,1,0,0.0,0.5
1857.9667,  1.00000000,1,0,0.025000000000000001,0.5
1858.0000,  1.00000000,1,0,0.0,0.5
1858.0333,  1.00000000,1,0,0.025000000000000001,0.5
1858.0667,  1.00000000,1,0,0.0,0.5
1858.1000,  1.00000000,1,0,0.025000000000000001,0.5
1858.1333,  1.00000000,1,0,0.0,0.5
1858.1667,  1.00000000,1,0,0.0,0.5
1858.2000,  1.00000000,1,0,0.0,0.5
1858.2333,  1.00000000,1,0,0.0,0.5
1858.2667,  1.00000000,1,0,0.0,0.5
1858.3000,  1.00000000,1,0,0.0,0.5
1858.3333,  1.00000000,1,0,0.0,0.5
1858.3667,  1.00000000,1,0,0.025000000000000001,0.5
1858.4000,  1.00000000,1,0,0.0,0.5
1858.4333,  1.00000000,1,0,0.0,0.5
1858.4667,  1.00000000,1,0,0.025000000000000001,0.5
1858.5000,  1.00000000,1,0,0.0,0.5
1858.5333,  1.00000000,1,0,0.025000000000000001,0.5
1858.5667,  1.00000000,1,0,0.0,0.5
1858.6000,  1.00000000,1,0,0.0,0.5
1858.6333,  1.00000000,1,0,0.0,0.5
1858.6667,  1.00000000,1,0,0.0,0.5
1858.7000,  1.00000000,1,0,0.0,0.5
1858.7333,  1.00000000,1,0,0.0,0.5
1858.7667,  1.00000000,1,0,0.0,0.5
1858.8000,  1.00000000,1,0,0.0,0.5
1858.8333,  1.00000000,1,0,0.0,0.5
1858.8667,  1.00000000,1,0,0.0,0.5
1858.9000,  1.00000000,1,0,0.0,0.5
1858.9333,  1.00000000,1,0,0.025000000000000001,0.5
1858.9667,  1.00000000,1,0,0.0,0.5
1859.0000,  1.00000000,1,0,0.0,0.5
1859.0333,  1.00000000,1,0,0.0,0.5
1859.0667,  1.00000000,1,0,0.0,0.5
1859.1000,  1.00000000,1,0,0.0,0.5
1859.1333,  1.00000000,1,0,0.0,0.5
1859.1667,  1.00000000,1,0,0.0,0.5
1859.2000,  1.00000000,1,0,0.0,0.5
1859.2333,  1.00000000,1,0,0.0,0.5
1859.2667,  1.00000000,1,0,0.0,0.5
1859.3000,  1.00000000,1,0,0.0,0.5
1859.3333,  1.00000000,1,0,0.0,0.5
1859.3667,  1.00000000,1,0,0.025000000000000001,0.5
1859.4000,  1.00000000,1,0,0.0,0.5
1859.4333,  1.00000000,1,0,0.0,0.5
1859.4667,  1.00000000,1,0,0.0,0.5
1859.5000,  1.00000000,1,0,0.0,0.5
1859.5333,  1.00000000,1,0,0.0,0.5
1859.5667,  1.00000000,1,0,0.025000000000000001,0.5
1859.6000,  1.00000000,1,0,0.0,0.5
1859.6333,  1.00000000,1,0,0.0,0.5
1859.6667,  1.00000000,1,0,0.0,0.5
1859.7000,  1.00000000,1,0,0.0,0.5
1859.7333,  1.00000000,1,0,0.0,0.5
1859.7667,  1.00000000,1,0,0.0,0.5
1859.8000,  1.00000000,1,0,0.0,0.5
1859.8333,  1.00000000,1,0,0.0,0.5
1859.8667,  1.00000000,1,0,0.0,0.5
1859.9000,  1.00000000,1,0,0.0,0.5
1859.9333,  1.00000000,1,0,0.0,0.5
1859.9667,  1.00000000,1,0,0.0,0.5
1860.0000,  1.00000000,1,0,0.0,0.5
1860.0333,  1.00000000,1,0,0.025000000000000001,0.5
1860.0667,  1.00000000,1,0,0.0,0.5
1860.1000,  1.00000000,1,0,0.0,0.5
1860.1333,  1.00000000,1,0,0.0,0.5
1860.1667,  1.00000000,1,0,0.0,0.5
1860.2000,  1.00000000,1,0,0.0,0.5
1860.2333,  1.00000000,1,0,0.0,0.5
1860.2667,  1.00000000,1,0,0.0,0.5
1860.3000,  1.00000000,1,0,0.0,0.5
1860.3333,  1.00000000,1,0,0.0,0.5
1860.3667,  1.00000000,1,0,0.0,0.5
1860.4000,  1.00000000,1,0,0.0,0.5
1860.4333,  1.00000000,1,0,0.0,0.5
1860.4667,  1.00000000,1,0,0.0,0.5
1860.5000,  1.00000000,1,0,0.0,0.5
1860.5333,  1.00000000,1,0,0.0,0.5
1860.5667,  1.00000000,1,0,0.0,0.5
1860.6000,  1.00000000,1,0,0.0,0.5
1860.6333,  1.00000000,1,0,0.0,0.5
1860.6667,  1.00000000,1,0,0.050000000000000003,0.5
1860.7000,  1.00000000,1,0,0.0,0.5
1860.7333,  1.00000000,1,0,0.0,0.5
1860.7667,  1.00000000,1,0,0.0,0.5
1860.8000,  1.00000000,1,0,0.0,0.5
1860.8333,  1.00000000,1,0,0.0,0.5
1860.8667,  1.00000000,1,0,0.0,0.5
1860.9000,  1.00000000,1,0,0.0,0.5
1860.9333,  1.00000000,1,0,0.0,0.5
1860.9667,  1.00000000,1,0,0.0,0.5
1861.0000,  1.00000000,1,0,0.0,0.5
1861.0333,  1.00000000,1,0,0.0,0.5
1861.0667,  1.00000000,1,0,0.0,0.5
1861.1000,  1.00000000,1,0,0.0,0.5
1861.1333,  1.00000000,1,0,0.0,0.5
1861.1667,  1.00000000,1,0,0.0,0.5
1861.2000,  1.00000000,1,0,0.0,0.5
1861.2333,  1.00000000,1,0,0.0,0.5
1861.2667,  1.00000000,1,0,0.0,0.5
1861.3000,  1.00000000,1,0,0.0,0.5
1861.3333,  1.00000000,1,0,0.0,0.5
1861.3667,  1.00000000,1,0,0.025000000000000001,0.5
1861.4000,  1.00000000,1,0,0.025000000000000001,0.5
1861.4333,  1.00000000,1,0,0.0,0.5
1861.4667,  1.00000000,1,0,0.0,0.5
1861.5000,  1.00000000,1,0,0.0,0.5
1861.5333,  1.00000000,1,0,0.0,0.5
1861.5667,  1.00000000,1,0,0.025000000000000001,0.5
1861.6000,  1.00000000,1,0,0.0,0.5
1861.6333,  1.00000000,1,0,0.0,0.5
1861.6667,  1.00000000,1,0,0.0,0.5
1861.7000,  1.00000000,1,0,0.0,0.5
1861.7333,  1.00000000,1,0,0.0,0.5
1861.7667,  1.00000000,1,0,0.0,0.5
1861.8000,  1.00000000,1,0,0.0,0.5
1861.8333,  1.00000000,1,0,0.0,0.5
1861.8667,  1.00000000,1,0,0.0,0.5
1861.9000,  1.00000000,1,0,0.0,0.5
1861.9333,  1.00000000,1,0,0.0,0.5
1861.9667,  1.00000000,1,0,0.025000000000000001,0.5
1862.0000,  1.00000000,1,0,0.0,0.5
1862.0333,  1.00000000,1,0,0.0,0.5
1862.0667,  1.00000000,1,0,0.0,0.5
1862.1000,  1.00000000,1,0,0.0,0.5
1862.1333,  1.00000000,1,0,0.0,0.5
1862.1667,  1.00000000,1,0,0.0,0.5
1862.2000,  1.00000000,1,0,0.0,0.5
1862.2333,  1.00000000,1,0,0.0,0.5
1862.2667,  1.00000000,1,0,0.0,0.5
1862.3000,  1.00000000,1,0,0.0,0.5
1862.3333,  1.00000000,1,0,0.0,0.5
1862.3667,  1.00000000,1,0,0.0,0.5
1862.4000,  1.00000000,1,0,0.0,0.5
1862.4333,  1.00000000,1,0,0.0,0.5
1862.4667,  1.00000000,1,0,0.0,0.5
1862.5000,  1.00000000,1,0,0.0,0.5
1862.5333,  1.00000000,1,0,0.025000000000000001,0.5
1862.5667,  1.00000000,1,0,0.0,0.5
1862.6000,  1.00000000,1,0,0.025000000000000001,0.5
1862.6333,  1.00000000,1,0,0.0,0.5
1862.6667,  1.00000000,1,0,0.0,0.5
1862.7000,  1.00000000,1,0,0.0,0.5
1862.7333,  1.00000000,1,0,0.0,0.5
1862.7667,  1.00000000,1,0,0.0,0.5
1862.8000,  1.00000000,1,0,0.0,0.5
1862.8333,  1.00000000,1,0,0.0,0.5
1862.8667,  1.00000000,1,0,0.0,0.5
1862.9000,  1.00000000,1,0,0.025000000000000001,0.5
1862.9333,  1.00000000,1,0,0.0,0.5
1862.9667,  1.00000000,1,0,0.0,0.5
1863.0000,  1.00000000,1,0,0.0,0.5
1863.0333,  1.00000000,1,0,0.0,0.5
1863.0667,  1.00000000,1,0,0.0,0.5
1863.1000,  1.00000000,1,0,0.0,0.5
1863.1333,  1.00000000,1,0,0.0,0.5
1863.1667,  1.00000000,1,0,0.0,0.5
1863.2000,  1.00000000,1,0,0.0,0.5
1863.2333,  1.00000000,1,0,0.0,0.5
1863.2667,  1.00000000,1,0,0.0,0.5
1863.3000,  1.00000000,1,0,0.025000000000000001,0.5
1863.3333,  1.00000000,1,0,0.0,0.5
1863.3667,  1.00000000,1,0,0.0,0.5
1863.4000,  1.00000000,1,0,0.025000000000000001,0.5
1863.4333,  1.00000000,1,0,0.0,0.5
1863.4667,  1.00000000,1,0,0.0,0.5
1863.5000,  1.00000000,1,0,0.0,0.5
1863.5333,  1.00000000,1,0,0.0,0.5
1863.5667,  1.00000000,1,0,0.0,0.5
1863.6000,  1.00000000,1,0,0.0,0.5
1863.6333,  1.00000000,1,0,0.0,0.5
1863.6667,  1.00000000,1,0,0.025000000000000001,0.5
1863.7000,  1.00000000,1,0,0.0,0.5
1863.7333,  1.00000000,1,0,0.0,0.5
1863.7667,  1.00000000,1,0,0.0,0.5
1863.8000,  1.00000000,1,0,0.025000000000000001,0.5
1863.8333,  1.00000000,1,0,0.0,0.5
1863.8667,  1.00000000,1,0,0.0,0.5
1863.9000,  1.00000000,1,0,0.0,0.5
1863.9333,  1.00000000,1,0,0.0,0.5
1863.9667,  1.00000000,1,0,0.025000000000000001,0.5
1864.0000,  1.00000000,1,0,0.0,0.5
1864.0333,  1.00000000,1,0,0.0,0.5
1864.0667,  1.00000000,1,0,0.0,0.5
1864.1000,  1.00000000,1,0,0.0,0.5
1864.1333,  1.00000000,1,0,0.0,0.5
1864.1667,  1.00000000,1,0,0.0,0.5
1864.2000,  1.00000000,1,0,0.0,0.5
1864.2333,  1.00000000,1,0,0.0,0.5
1864.2667,  1.00000000,1,0,0.0,0.5
1864.3000,  1.00000000,1,0,0.0,0.5
1864.3333,  1.00000000,1,0,0.0,0.5
1864.3667,  1.00000000,1,0,0.0,0.5
1864.4000,  1.00000000,1,0,0.025000000000000001,0.5
1864.4333,  1.00000000,1,0,0.0,0.5
1864.4667,  1.00000000,1,0,0.050000000000000003,0.5
1864.5000,  1.00000000,1,0,0.0,0.5
1864.5333,  1.00000000,1,0,0.0,0.5
1864.5667,  1.00000000,1,0,0.0,0.5
1864.6000,  1.00000000,1,0,0.0,0.5
1864.6333,  1.00000000,1,0,0.0,0.5
1864.6667,  1.00000000,1,0,0.0,0.5
1864.7000,  1.00000000,1,0,0.0,0.5
1864.7333,  1.00000000,1,0,0.0,0.5
1864.7667,  1.00000000,1,0,0.0,0.5
1864.8000,  1.00000000,1,0,0.0,0.5
1864.8333,  1.00000000,1,0,0.0,0.5
1864.8667,  1.00000000,1,0,0.0,0.5
1864.9000,  1.00000000,1,0,0.025000000000000001,0.5
1864.9333,  1.00000000,1,0,0.0,0.5
1864.9667,  1.00000000,1,0,0.025000000000000001,0.5
1865.0000,  1.00000000,1,0,0.0,0.5
1865.0333,  1.00000000,1,0,0.0,0.5
1865.0667,  1.00000000,1,0,0.0,0.5
1865.1000,  1.00000000,1,0,0.0,0.5
1865.1333,  1.00000000,1,0,0.0,0.5
1865.1667,  1.00000000,1,0,0.0,0.5
1865.2000,  1.00000000,1,0,0.0,0.5
1865.2333,  1.00000000,1,0,0.0,0.5
1865.2667,  1.00000000,1,0,0.0,0.5
1865.3000,  1.00000000,1,0,0.025000000000000001,0.5
1865.3333,  1.00000000,1,0,0.0,0.5
1865.3667,  1.00000000,1,0,0.0,0.5
1865.4000,  1.00000000,1,0,0.0,0.5
1865.4333,  1.00000000,1,0,0.0,0.5
1865.4667,  1.00000000,1,0,0.0,0.5
1865.5000,  1.00000000,1,0,0.0,0.5
1865.5333,  1.00000000,1,0,0.0,0.5
1865.5667,  1.00000000,1,0,0.0,0.5
1865.6000,  1.00000000,1,0,0.025000000000000001,0.5
1865.6333,  1.00000000,1,0,0.0,0.5
1865.6667,  1.00000000,1,0,0.0,0.5
1865.7000,  1.00000000,1,0,0.025000000000000001,0.5
1865.7333,  1.00000000,1,0,0.025000000000000001,0.5
1865.7667,  1.00000000,1,0,0.025000000000000001,0.5
1865.8000,  1.00000000,1,0,0.0,0.5
1865.8333,  1.00000000,1,0,0.025000000000000001,0.5
1865.8667,  1.00000000,1,0,0.025000000000000001,0.5
1865.9000,  1.00000000,1,0,0.0,0.5
1865.9333,  1.00000000,1,0,0.0,0.5
1865.9667,  1.00000000,1,0,0.0,0.5
1866.0000,  1.00000000,1,0,0.0,0.5
1866.0333,  1.00000000,1,0,0.0,0.5
1866.0667,  1.00000000,1,0,0.0,0.5
1866.1000,  1.00000000,1,0,0.0,0.5
1866.1333,  1.00000000,1,0,0.0,0.5
1866.1667,  1.00000000,1,0,0.0,0.5
1866.2000,  1.00000000,1,0,0.0,0.5
1866.2333,  1.00000000,1,0,0.0,0.5
1866.2667,  1.00000000,1,0,0.0,0.5
1866.3000,  1.00000000,1,0,0.0,0.5
1866.3333,  1.00000000,1,0,0.0,0.5
1866.3667,  1.00000000,1,0,0.0,0.5
1866.4000,  1.00000000,1,0,0.0,0.5
1866.4333,  1.00000000,1,0,0.0,0.5
1866.4667,  1.00000000,1,0,0.0,0.5
1866.5000,  1.00000000,1,0,0.025000000000000001,0.5
1866.5333,  1.00000000,1,0,0.0,0.5
1866.5667,  1.00000000,1,0,0.0,0.5
1866.6000,  1.00000000,1,0,0.0,0.5
1866.6333,  1.00000000,1,0,0.0,0.5
1866.6667,  1.00000000,1,0,0.0,0.5
1866.7000,  1.00000000,1,0,0.025000000000000001,0.5
1866.7333,  1.00000000,1,0,0.0,0.5
1866.7667,  1.00000000,1,0,0.0,0.5
1866.8000,  1.00000000,1,0,0.0,0.5
1866.8333,  1.00000000,1,0,0.0,0.5
1866.8667,  1.00000000,1,0,0.0,0.5
1866.9000,  1.00000000,1,0,0.0,0.5
1866.9333,  1.00000000,1,0,0.0,0.5
1866.9667,  1.00000000,1,0,0.0,0.5
1867.0000,  1.00000000,1,0,0.0,0.5
1867.0333,  1.00000000,1,0,0.0,0.5
1867.0667,  1.00000000,1,0,0.0,0.5
1867.1000,  1.00000000,1,0,0.0,0.5
1867.1333,  1.00000000,1,0,0.025000000000000001,0.5
1867.1667,  1.00000000,1,0,0.0,0.5
1867.2000,  1.00000000,1,0,0.0,0.5
1867.2333,  1.00000000,1,0,0.025000000000000001,0.5
1867.2667,  1.00000000,1,0,0.0,0.5
1867.3000,  1.00000000,1,0,0.0,0.5
1867.3333,  1.00000000,1,0,0.0,0.5
1867.3667,  1.00000000,1,0,0.0,0.5
1867.4000,  1.00000000,1,0,0.0,0.5
1867.4333,  1.00000000,1,0,0.0,0.5
1867.4667,  1.00000000,1,0,0.0,0.5
1867.5000,  1.00000000,1,0,0.025000000000000001,0.5
1867.5333,  1.00000000,1,0,0.0,0.5
1867.5667,  1.00000000,1,0,0.025000000000000001,0.5
1867.6000,  1.00000000,1,0,0.0,0.5
1867.6333,  1.00000000,1,0,0.025000000000000001,0.5
1867.6667,  1.00000000,1,0,0.0,0.5
1867.7000,  1.00000000,1,0,0.0,0.5
1867.7333,  1.00000000,1,0,0.0,0.5
1867.7667,  1.00000000,1,0,0.0,0.5
1867.8000,  1.00000000,1,0,0.0,0.5
1867.8333,  1.00000000,1,0,0.0,0.5
1867.8667,  1.00000000,1,0,0.0,0.5
1867.9000,  1.00000000,1,0,0.0,0.5
1867.9333,  1.00000000,1,0,0.025000000000000001,0.5
1867.9667,  1.00000000,1,0,0.0,0.5
1868.0000,  1.00000000,1,0,0.025000000000000001,0.5
1868.0333,  1.00000000,1,0,0.0,0.5
1868.0667,  1.00000000,1,0,0.025000000000000001,0.5
1868.1000,  1.00000000,1,0,0.0,0.5
1868.1333,  1.00000000,1,0,0.0,0.5
1868.1667,  1.00000000,1,0,0.0,0.5
1868.2000,  1.00000000,1,0,0.0,0.5
1868.2333,  1.00000000,1,0,0.0,0.5
1868.2667,  1.00000000,1,0,0.0,0.5
1868.3000,  1.00000000,1,0,0.0,0.5
1868.3333,  1.00000000,1,0,0.025000000000000001,0.5
1868.3667,  1.00000000,1,0,0.0,0.5
1868.4000,  1.00000000,1,0,0.0,0.5
1868.4333,  1.00000000,1,0,0.0,0.5
1868.4667,  1.00000000,1,0,0.025000000000000001,0.5
1868.5000,  1.00000000,1,0,0.0,0.5
1868.5333,  1.00000000,1,0,0.0,0.5
1868.5667,  1.00000000,1,0,0.0,0.5
1868.6000,  1.00000000,1,0,0.0,0.5
1868.6333,  1.00000000,1,0,0.0,0.5
1868.6667,  1.00000000,1,0,0.0,0.5
1868.7000,  1.00000000,1,0,0.025000000000000001,0.5
1868.7333,  1.00000000,1,0,0.0,0.5
1868.7667,  1.00000000,1,0,0.0,0.5
1868.8000,  1.00000000,1,0,0.0,0.5
1868.8333,  1.00000000,1,0,0.025000000000000001,0.5
1868.8667,  1.00000000,1,0,0.0,0.5
1868.9000,  1.00000000,1,0,0.0,0.5
1868.9333,  1.00000000,1,0,0.0,0.5
1868.9667,  1.00000000,1,0,0.0,0.5
1869.0000,  1.00000000,1,0,0.0,0.5
1869.0333,  1.00000000,1,0,0.0,0.5
1869.0667,  1.00000000,1,0,0.0,0.5
1869.1000,  1.00000000,1,0,0.0,0.5
1869.1333,  1.00000000,1,0,0.0,0.5
1869.1667,  1.00000000,1,0,0.0,0.5
1869.2000,  1.00000000,1,0,0.0,0.5
1869.2333,  1.00000000,1,0,0.0,0.5
1869.2667,  1.00000000,1,0,0.0,0.5
1869.3000,  1.00000000,1,0,0.0,0.5
1869.3333,  1.00000000,1,0,0.0,0.5
1869.3667,  1.00000000,1,0,0.0,0.5
1869.4000,  1.00000000,1,0,0.0,0.5
1869.4333,  1.00000000,1,0,0.0,0.5
1869.4667,  1.00000000,1,0,0.0,0.5
1869.5000,  1.00000000,1,0,0.0,0.5
1869.5333,  1.00000000,1,0,0.0,0.5
1869.5667,  1.00000000,1,0,0.0,0.5
1869.6000,  1.00000000,1,0,0.025000000000000001,0.5
1869.6333,  1.00000000,1,0,0.0,0.5
1869.6667,  1.00000000,1,0,0.0,0.5
1869.7000,  1.00000000,1,0,0.0,0.5
1869.7333,  1.00000000,1,0,0.025000000000000001,0.5
1869.7667,  1.00000000,1,0,0.0,0.5
1869.8000,  1.00000000,1,0,0.0,0.5
1869.8333,  1.00000000,1,0,0.0,0.5
1869.8667,  1.00000000,1,0,0.0,0.5
1869.9000,  1.00000000,1,0,0.0,0.5
1869.9333,  1.00000000,1,0,0.0,0.5
1869.9667,  1.00000000,1,0,0.025000000000000001,0.5
1870.0000,  1.00000000,1,0,0.0,0.5
1870.0333,  1.00000000,1,0,0.0,0.5
1870.0667,  1.00000000,1,0,0.025000000000000001,0.5
1870.1000,  1.00000000,1,0,0.0,0.5
1870.1333,  1.00000000,1,0,0.0,0.5
1870.1667,  1.00000000,1,0,0.0,0.5
1870.2000,  1.00000000,1,0,0.0,0.5
1870.2333,  1.00000000,1,0,0.0,0.5
1870.2667,  1.00000000,1,0,0.0,0.5
1870.3000,  1.00000000,1,0,0.0,0.5
1870.3333,  1.00000000,1,0,0.0,0.5
1870.3667,  1.00000000,1,0,0.0,0.5
1870.4000,  1.00000000,1,0,0.0,0.5
1870.4333,  1.00000000,1,0,0.0,0.5
1870.4667,  1.00000000,1,0,0.0,0.5
1870.5000,  1.00000000,1,0,0.0,0.5
1870.5333,  1.00000000,1,0,0.0,0.5
1870.5667,  1.00000000,1,0,0.0,0.5
1870.6000,  1.00000000,1,0,0.0,0.5
1870.6333,  1.00000000,1,0,0.0,0.5
1870.6667,  1.00000000,1,0,0.0,0.5
1870.7000,  1.00000000,1,0,0.0,0.5
1870.7333,  1.00000000,1,0,0.0,0.5
1870.7667,  1.00000000,1,0,0.0,0.5
1870.8000,  1.00000000,1,0,0.0,0.5
1870.8333,  1.00000000,1,0,0.025000000000000001,0.5
1870.8667,  1.00000000,1,0,0.0,0.5
1870.9000,  1.00000000,1,0,0.0,0.5
1870.9333,  1.00000000,1,0,0.0,0.5
1870.9667,  1.00000000,1,0,0.0,0.5
1871.0000,  1.00000000,1,0,0.025000000000000001,0.5
1871.0333,  1.00000000,1,0,0.0,0.5
1871.0667,  1.00000000,1,0,0.0,0.5
1871.1000,  1.00000000,1,0,0.0,0.5
1871.1333,  1.00000000,1,0,0.025000000000000001,0.5
1871.1667,  1.00000000,1,0,0.0,0.5
1871.2000,  1.00000000,1,0,0.0,0.5
1871.2333,  1.00000000,1,0,0.0,0.5
1871.2667,  1.00000000,1,0,0.0,0.5
1871.3000,  1.00000000,1,0,0.0,0.5
1871.3333,  1.00000000,1,0,0.0,0.5
1871.3667,  1.00000000,1,0,0.025000000000000001,0.5
1871.4000,  1.00000000,1,0,0.025000000000000001,0.5
1871.4333,  1.00000000,1,0,0.0,0.5
1871.4667,  1.00000000,1,0,0.0,0.5
1871.5000,  1.00000000,1,0,0.0,0.5
1871.5333,  1.00000000,1,0,0.0,0.5
1871.5667,  1.00000000,1,0,0.0,0.5
1871.6000,  1.00000000,1,0,0.0,0.5
1871.6333,  1.00000000,1,0,0.0,0.5
1871.6667,  1.00000000,1,0,0.0,0.5
1871.7000,  1.00000000,1,0,0.0,0.5
1871.7333,  1.00000000,1,0,0.0,0.5
1871.7667,  1.00000000,1,0,0.025000000000000001,0.5
1871.8000,  1.00000000,1,0,0.0,0.5
1871.8333,  1.00000000,1,0,0.0,0.5
1871.8667,  1.00000000,1,0,0.0,0.5
1871.9000,  1.00000000,1,0,0.0,0.5
1871.9333,  1.00000000,1,0,0.0,0.5
1871.9667,  1.00000000,1,0,0.0,0.5
1872.0000,  1.00000000,1,0,0.0,0.5
1872.0333,  1.00000000,1,0,0.0,0.5
1872.0667,  1.00000000,1,0,0.0,0.5
1872.1000,  1.00000000,1,0,0.0,0.5
1872.1333,  1.00000000,1,0,0.0,0.5
1872.1667,  1.00000000,1,0,0.0,0.5
1872.2000,  1.00000000,1,0,0.0,0.5
1872.2333,  1.00000000,1,0,0.025000000000000001,0.5
1872.2667,  1.00000000,1,0,0.0,0.5
1872.3000,  1.00000000,1,0,0.0,0.5
1872.3333,  1.00000000,1,0,0.0,0.5
1872.3667,  1.00000000,1,0,0.0,0.5
1872.4000,  1.00000000,1,0,0.0,0.5
1872.4333,  1.00000000,1,0,0.050000000000000003,0.5
1872.4667,  1.00000000,1,0,0.0,0.5
1872.5000,  1.00000000,1,0,0.0,0.5
1872.5333,  1.00000000,1,0,0.0,0.5
1872.5667,  1.00000000,1,0,0.0,0.5
1872.6000,  1.00000000,1,0,0.0,0.5
1872.6333,  1.00000000,1,0,0.0,0.5
1872.6667,  1.00000000,1,0,0.0,0.5
1872.7000,  1.00000000,1,0,0.0,0.5
1872.7333,  1.00000000,1,0,0.0,0.5
1872.7667,  1.00000000,1,0,0.0,0.5
1872.8000,  1.00000000,1,0,0.0,0.5
1872.8333,  1.00000000,1,0,0.0,0.5
1872.8667,  1.00000000,1,0,0.0,0.5
1872.9000,  1.00000000,1,0,0.0,0.5
1872.9333,  1.00000000,1,0,0.0,0.5
1872.9667,  1.00000000,1,0,0.0,0.5
1873.0000,  1.00000000,1,0,0.0,0.5
1873.0333,  1.00000000,1,0,0.0,0.5
1873.0667,  1.00000000,1,0,0.0,0.5
1873.1000,  1.00000000,1,0,0.0,0.5
1873.1333,  1.00000000,1,0,0.0,0.5
1873.1667,  1.00000000,1,0,0.025000000000000001,0.5
1873.2000,  1.00000000,1,0,0.0,0.5
1873.2333,  1.00000000,1,0,0.025000000000000001,0.5
1873.2667,  1.00000000,1,0,0.0,0.5
1873.3000,  1.00000000,1,0,0.0,0.5
1873.3333,  1.00000000,1,0,0.0,0.5
1873.3667,  1.00000000,1,0,0.0,0.5
1873.4000,  1.00000000,1,0,0.0,0.5
1873.4333,  1.00000000,1,0,0.0,0.5
1873.4667,  1.00000000,1,0,0.0,0.5
1873.5000,  1.00000000,1,0,0.0,0.5
1873.5333,  1.00000000,1,0,0.0,0.5
1873.5667,  1.00000000,1,0,0.0,0.5
1873.6000,  1.00000000,1,0,0.0,0.5
1873.6333,  1.00000000,1,0,0.0,0.5
1873.6667,  1.00000000,1,0,0.0,0.5
1873.7000,  1.00000000,1,0,0.0,0.5
1873.7333,  1.00000000,1,0,0.0,0.5
1873.7667,  1.00000000,1,0,0.0,0.5
1873.8000,  1.00000000,1,0,0.0,0.5
1873.8333,  1.00000000,1,0,0.0,0.5
1873.8667,  1.00000000,1,0,0.0,0.5
1873.9000,  1.00000000,1,0,0.0,0.5
1873.9333,  1.00000000,1,0,0.025000000000000001,0.5
1873.9667,  1.00000000,1,0,0.0,0.5
1874.0000,  1.00000000,1,0,0.0,0.5
1874.0333,  1.00000000,1,0,0.025000000000000001,0.5
1874.0667,  1.00000000,1,0,0.0,0.5
1874.1000,  1.00000000,1,0,0.0,0.5
1874.1333,  1.00000000,1,0,0.0,0.5
1874.1667,  1.00000000,1,0,0.0,0.5
1874.2000,  1.00000000,1,0,0.0,0.5
1874.2333,  1.00000000,1,0,0.025000000000000001,0.5
1874.2667,  1.00000000,1,0,0.0,0.5
1874.3000,  1.00000000,1,0,0.025000000000000001,0.5
1874.3333,  1.00000000,1,0,0.0,0.5
1874.3667,  1.00000000,1,0,0.0,0.5
1874.4000,  1.00000000,1,0,0.0,0.5
1874.4333,  1.00000000,1,0,0.0,0.5
1874.4667,  1.00000000,1,0,0.0,0.5
1874.5000,  1.00000000,1,0,0.025000000000000001,0.5
1874.5333,  1.00000000,1,0,0.0,0.5
1874.5667,  1.00000000,1,0,0.0,0.5
1874.6000,  1.00000000,1,0,0.0,0.5
1874.6333,  1.00000000,1,0,0.0,0.5
1874.6667,  1.00000000,1,0,0.0,0.5
1874.7000,  1.00000000,1,0,0.0,0.5
1874.7333,  1.00000000,1,0,0.0,0.5
1874.7667,  1.00000000,1,0,0.0,0.5
1874.8000,  1.00000000,1,0,0.0,0.5
1874.8333,  1.00000000,1,0,0.0,0.5
1874.8667,  1.00000000,1,0,0.0,0.5
1874.9000,  1.00000000,1,0,0.0,0.5
1874.9333,  1.00000000,1,0,0.0,0.5
1874.9667,  1.00000000,1,0,0.0,0.5
1875.0000,  1.00000000,1,0,0.0,0.5
1875.0333,  1.00000000,1,0,0.0,0.5
1875.0667,  1.00000000,1,0,0.0,0.5
1875.1000,  1.00000000,1,0,0.0,0.5
1875.1333,  1.00000000,1,0,0.0,0.5
1875.1667,  1.00000000,1,0,0.0,0.5
1875.2000,  1.00000000,1,0,0.0,0.5
1875.2333,  1.00000000,1,0,0.0,0.5
1875.2667,  1.00000000,1,0,0.0,0.5
1875.3000,  1.00000000,1,0,0.0,0.5
1875.3333,  1.00000000,1,0,0.0,0.5
1875.3667,  1.00000000,1,0,0.0,0.5
1875.4000,  1.00000000,1,0,0.025000000000000001,0.5
1875.4333,  1.00000000,1,0,0.0,0.5
1875.4667,  1.00000000,1,0,0.025000000000000001,0.5
1875.5000,  1.00000000,1,0,0.0,0.5
1875.5333,  1.00000000,1,0,0.0,0.5
1875.5667,  1.00000000,1,0,0.0,0.5
1875.6000,  1.00000000,1,0,0.0,0.5
1875.6333,  1.00000000,1,0,0.0,0.5
1875.6667,  1.00000000,1,0,0.0,0.5
1875.7000,  1.00000000,1,0,0.0,0.5
1875.7333,  1.00000000,1,0,0.0,0.5
1875.7667,  1.00000000,1,0,0.0,0.5
1875.8000,  1.00000000,1,0,0.0,0.5
1875.8333,  1.00000000,1,0,0.0,0.5
1875.8667,  1.00000000,1,0,0.0,0.5
1875.9000,  1.00000000,1,0,0.0,0.5
1875.9333,  1.00000000,1,0,0.025000000000000001,0.5
1875.9667,  1.00000000,1,0,0.0,0.5
1876.0000,  1.00000000,1,0,0.0,0.5
1876.0333,  1.00000000,1,0,0.0,0.5
1876.0667,  1.00000000,1,0,0.0,0.5
1876.1000,  1.00000000,1,0,0.0,0.5
1876.1333,  1.00000000,1,0,0.0,0.5
1876.1667,  1.00000000,1,0,0.0,0.5
1876.2000,  1.00000000,1,0,0.0,0.5
1876.2333,  1.00000000,1,0,0.0,0.5
1876.2667,  1.00000000,1,0,0.0,0.5
1876.3000,  1.00000000,1,0,0.025000000000000001,0.5
1876.3333,  1.00000000,1,0,0.0,0.5
1876.3667,  1.00000000,1,0,0.0,0.5
1876.4000,  1.00000000,1,0,0.0,0.5
1876.4333,  1.00000000,1,0,0.0,0.5
1876.4667,  1.00000000,1,0,0.0,0.5
1876.5000,  1.00000000,1,0,0.025000000000000001,0.5
1876.5333,  1.00000000,1,0,0.0,0.5
1876.5667,  1.00000000,1,0,0.0,0.5
1876.6000,  1.00000000,1,0,0.0,0.5
1876.6333,  1.00000000,1,0,0.025000000000000001,0.5
1876.6667,  1.00000000,1,0,0.0,0.5
1876.7000,  1.00000000,1,0,0.0,0.5
1876.7333,  1.00000000,1,0,0.0,0.5
1876.7667,  1.00000000,1,0,0.0,0.5
1876.8000,  1.00000000,1,0,0.0,0.5
1876.8333,  1.00000000,1,0,0.0,0.5
1876.8667,  1.00000000,1,0,0.0,0.5
1876.9000,  1.00000000,1,0,0.025000000000000001,0.5
1876.9333,  1.00000000,1,0,0.0,0.5
1876.9667,  1.00000000,1,0,0.0,0.5
1877.0000,  1.00000000,1,0,0.0,0.5
1877.0333,  1.00000000,1,0,0.0,0.5
1877.0667,  1.00000000,1,0,0.0,0.5
1877.1000,  1.00000000,1,0,0.025000000000000001,0.5
1877.1333,  1.00000000,1,0,0.0,0.5
1877.1667,  1.00000000,1,0,0.025000000000000001,0.5
1877.2000,  1.00000000,1,0,0.025000000000000001,0.5
1877.2333,  1.00000000,1,0,0.0,0.5
1877.2667,  1.00000000,1,0,0.0,0.5
1877.3000,  1.00000000,1,0,0.0,0.5
1877.3333,  1.00000000,1,0,0.0,0.5
1877.3667,  1.00000000,1,0,0.0,0.5
1877.4000,  1.00000000,1,0,0.0,0.5
1877.4333,  1.00000000,1,0,0.0,0.5
1877.4667,  1.00000000,1,0,0.0,0.5
1877.5000,  1.00000000,1,0,0.0,0.5
1877.5333,  1.00000000,1,0,0.0,0.5
1877.5667,  1.00000000,1,0,0.025000000000000001,0.5
1877.6000,  1.00000000,1,0,0.0,0.5
1877.6333,  1.00000000,1,0,0.0,0.5
1877.6667,  1.00000000,1,0,0.0,0.5
1877.7000,  1.00000000,1,0,0.0,0.5
1877.7333,  1.00000000,1,0,0.0,0.5
1877.7667,  1.00000000,1,0,0.025000000000000001,0.5
1877.8000,  1.00000000,1,0,0.0,0.5
1877.8333,  1.00000000,1,0,0.025000000000000001,0.5
1877.8667,  1.00000000,1,0,0.0,0.5
1877.9000,  1.00000000,1,0,0.0,0.5
1877.9333,  1.00000000,1,0,0.0,0.5
1877.9667,  1.00000000,1,0,0.0,0.5
1878.0000,  1.00000000,1,0,0.0,0.5
1878.0333,  1.00000000,1,0,0.0,0.5
1878.0667,  1.00000000,1,0,0.025000000000000001,0.5
1878.1000,  1.00000000,1,0,0.0,0.5
1878.1333,  1.00000000,1,0,0.0,0.5
1878.1667,  1.00000000,1,0,0.0,0.5
1878.2000,  1.00000000,1,0,0.0,0.5
1878.2333,  1.00000000,1,0,0.0,0.5
1878.2667,  1.00000000,1,0,0.025000000000000001,0.5
1878.3000,  1.00000000,1,0,0.0,0.5
1878.3333,  1.00000000,1,0,0.0,0.5
1878.3667,  1.00000000,1,0,0.0,0.5
1878.4000,  1.00000000,1,0,0.0,0.5
1878.4333,  1.00000000,1,0,0.025000000000000001,0.5
1878.4667,  1.00000000,1,0,0.0,0.5
1878.5000,  1.00000000,1,0,0.0,0.5
1878.5333,  1.00000000,1,0,0.0,0.5
1878.5667,  1.00000000,1,0,0.025000000000000001,0.5
1878.6000,  1.00000000,1,0,0.0,0.5
1878.6333,  1.00000000,1,0,0.0,0.5
1878.6667,  1.00000000,1,0,0.0,0.5
1878.7000,  1.00000000,1,0,0.0,0.5
1878.7333,  1.00000000,1,0,0.0,0.5
1878.7667,  1.00000000,1,0,0.0,0.5
1878.8000,  1.00000000,1,0,0.0,0.5
1878.8333,  1.00000000,1,0,0.025000000000000001,0.5
1878.8667,  1.00000000,1,0,0.0,0.5
1878.9000,  1.00000000,1,0,0.025000000000000001,0.5
1878.9333,  1.00000000,1,0,0.0,0.5
1878.9667,  1.00000000,1,0,0.025000000000000001,0.5
1879.0000,  1.00000000,1,0,0.0,0.5
1879.0333,  1.00000000,1,0,0.0,0.5
1879.0667,  1.00000000,1,0,0.0,0.5
1879.1000,  1.00000000,1,0,0.0,0.5
1879.1333,  1.00000000,1,0,0.0,0.5
1879.1667,  1.00000000,1,0,0.0,0.5
1879.2000,  1.00000000,1,0,0.0,0.5
1879.2333,  1.00000000,1,0,0.0,0.5
1879.2667,  1.00000000,1,0,0.0,0.5
1879.3000,  1.00000000,1,0,0.0,0.5
1879.3333,  1.00000000,1,0,0.0,0.5
1879.3667,  1.00000000,1,0,0.0,0.5
1879.4000,  1.00000000,1,0,0.0,0.5
1879.4333,  1.00000000,1,0,0.0,0.5
1879.4667,  1.00000000,1,0,0.0,0.5
1879.5000,  1.00000000,1,0,0.0,0.5
1879.5333,  1.00000000,1,0,0.0,0.5
1879.5667,  1.00000000,1,0,0.0,0.5
1879.6000,  1.00000000,1,0,0.025000000000000001,0.5
1879.6333,  1.00000000,1,0,0.025000000000000001,0.5
1879.6667,  1.00000000,1,0,0.025000000000000001,0.5
1879.7000,  1.00000000,1,0,0.0,0.5
1879.7333,  1.00000000,1,0,0.0,0.5
1879.7667,  1.00000000,1,0,0.0,0.5
1879.8000,  1.00000000,1,0,0.0,0.5
1879.8333,  1.00000000,1,0,0.0,0.5
1879.8667,  1.00000000,1,0,0.0,0.5
1879.9000,  1.00000000,1,0,0.025000000000000001,0.5
1879.9333,  1.00000000,1,0,0.0,0.5
1879.9667,  1.00000000,1,0,0.0,0.5
1880.0000,  1.00000000,1,0,0.0,0.5
1880.0333,  1.00000000,1,0,0.0,0.5
1880.0667,  1.00000000,1,0,0.025000000000000001,0.5
1880.1000,  1.00000000,1,0,0.0,0.5
1880.1333,  1.00000000,1,0,0.0,0.5
1880.1667,  1.00000000,1,0,0.025000000000000001,0.5
1880.2000,  1.00000000,1,0,0.0,0.5
1880.2333,  1.00000000,1,0,0.0,0.5
1880.2667,  1.00000000,1,0,0.025000000000000001,0.5
1880.3000,  1.00000000,1,0,0.025000000000000001,0.5
1880.3333,  1.00000000,1,0,0.0,0.5
1880.3667,  1.00000000,1,0,0.025000000000000001,0.5
1880.4000,  1.00000000,1,0,0.0,0.5
1880.4333,  1.00000000,1,0,0.0,0.5
1880.4667,  1.00000000,1,0,0.0,0.5
1880.5000,  1.00000000,1,0,0.0,0.5
1880.5333,  1.00000000,1,0,0.0,0.5
1880.5667,  1.00000000,1,0,0.0,0.5
1880.6000,  1.00000000,1,0,0.0,0.5
1880.6333,  1.00000000,1,0,0.025000000000000001,0.5
1880.6667,  1.00000000,1,0,0.0,0.5
1880.7000,  1.00000000,1,0,0.0,0.5
1880.7333,  1.00000000,1,0,0.0,0.5
1880.7667,  1.00000000,1,0,0.0,0.5
1880.8000,  1.00000000,1,0,0.0,0.5
1880.8333,  1.00000000,1,0,0.0,0.5
1880.8667,  1.00000000,1,0,0.0,0.5
1880.9000,  1.00000000,1,0,0.0,0.5
1880.9333,  1.00000000,1,0,0.0,0.5
1880.9667,  1.00000000,1,0,0.0,0.5
1881.0000,  1.00000000,1,0,0.0,0.5
1881.0333,  1.00000000,1,0,0.0,0.5
1881.0667,  1.00000000,1,0,0.0,0.5
1881.1000,  1.00000000,1,0,0.0,0.5
1881.1333,  1.00000000,1,0,0.0,0.5
1881.1667,  1.00000000,1,0,0.025000000000000001,0.5
1881.2000,  1.00000000,1,0,0.0,0.5
1881.2333,  1.00000000,1,0,0.0,0.5
1881.2667,  1.00000000,1,0,0.0,0.5
1881.3000,  1.00000000,1,0,0.0,0.5
1881.3333,  1.00000000,1,0,0.0,0.5
1881.3667,  1.00000000,1,0,0.0,0.5
1881.4000,  1.00000000,1,0,0.0,0.5
1881.4333,  1.00000000,1,0,0.025000000000000001,0.5
1881.4667,  1.00000000,1,0,0.0,0.5
1881.5000,  1.00000000,1,0,0.025000000000000001,0.5
1881.5333,  1.00000000,1,0,0.0,0.5
1881.5667,  1.00000000,1,0,0.0,0.5
1881.6000,  1.00000000,1,0,0.0,0.5
1881.6333,  1.00000000,1,0,0.0,0.5
1881.6667,  1.00000000,1,0,0.025000000000000001,0.5
1881.7000,  1.00000000,1,0,0.0,0.5
1881.7333,  1.00000000,1,0,0.0,0.5
1881.7667,  1.00000000,1,0,0.0,0.5
1881.8000,  1.00000000,1,0,0.0,0.5
1881.8333,  1.00000000,1,0,0.0,0.5
1881.8667,  1.00000000,1,0,0.0,0.5
1881.9000,  1.00000000,1,0,0.0,0.5
1881.9333,  1.00000000,1,0,0.025000000000000001,0.5
1881.9667,  1.00000000,1,0,0.0,0.5
1882.0000,  1.00000000,1,0,0.0,0.5
1882.0333,  1.00000000,1,0,0.0,0.5
1882.0667,  1.00000000,1,0,0.0,0.5
1882.1000,  1.00000000,1,0,0.0,0.5
1882.1333,  1.00000000,1,0,0.0,0.5
1882.1667,  1.00000000,1,0,0.0,0.5
1882.2000,  1.00000000,1,0,0.0,0.5
1882.2333,  1.00000000,1,0,0.0,0.5
1882.2667,  1.00000000,1,0,0.025000000000000001,0.5
1882.3000,  1.00000000,1,0,0.0,0.5
1882.3333,  1.00000000,1,0,0.0,0.5
1882.3667,  1.00000000,1,0,0.0,0.5
1882.4000,  1.00000000,1,0,0.050000000000000003,0.5
1882.4333,  1.00000000,1,0,0.0,0.5
1882.4667,  1.00000000,1,0,0.025000000000000001,0.5
1882.5000,  1.00000000,1,0,0.0,0.5
1882.5333,  1.00000000,1,0,0.0,0.5
1882.5667,  1.00000000,1,0,0.025000000000000001,0.5
1882.6000,  1.00000000,1,0,0.0,0.5
1882.6333,  1.00000000,1,0,0.0,0.5
1882.6667,  1.00000000,1,0,0.0,0.5
1882.7000,  1.00000000,1,0,0.0,0.5
1882.7333,  1.00000000,1,0,0.0,0.5
1882.7667,  1.00000000,1,0,0.0,0.5
1882.8000,  1.00000000,1,0,0.0,0.5
1882.8333,  1.00000000,1,0,0.0,0.5
1882.8667,  1.00000000,1,0,0.0,0.5
1882.9000,  1.00000000,1,0,0.0,0.5
1882.9333,  1.00000000,1,0,0.0,0.5
1882.9667,  1.00000000,1,0,0.0,0.5
1883.0000,  1.00000000,1,0,0.0,0.5
1883.0333,  1.00000000,1,0,0.0,0.5
1883.0667,  1.00000000,1,0,0.0,0.5
1883.1000,  1.00000000,1,0,0.0,0.5
1883.1333,  1.00000000,1,0,0.0,0.5
1883.1667,  1.00000000,1,0,0.025000000000000001,0.5
1883.2000,  1.00000000,1,0,0.0,0.5
1883.2333,  1.00000000,1,0,0.0,0.5
1883.2667,  1.00000000,1,0,0.025000000000000001,0.5
1883.3000,  1.00000000,1,0,0.025000000000000001,0.5
1883.3333,  1.00000000,1,0,0.0,0.5
1883.3667,  1.00000000,1,0,0.0,0.5
1883.4000,  1.00000000,1,0,0.0,0.5
1883.4333,  1.00000000,1,0,0.0,0.5
1883.4667,  1.00000000,1,0,0.0,0.5
1883.5000,  1.00000000,1,0,0.025000000000000001,0.5
1883.5333,  1.00000000,1,0,0.0,0.5
1883.5667,  1.00000000,1,0,0.0,0.5
1883.6000,  1.00000000,1,0,0.025000000000000001,0.5
1883.6333,  1.00000000,1,0,0.0,0.5
1883.6667,  1.00000000,1,0,0.0,0.5
1883.7000,  1.00000000,1,0,0.0,0.5
1883.7333,  1.00000000,1,0,0.0,0.5
1883.7667,  1.00000000,1,0,0.0,0.5
1883.8000,  1.00000000,1,0,0.0,0.5
1883.8333,  1.00000000,1,0,0.025000000000000001,0.5
1883.8667,  1.00000000,1,0,0.0,0.5
1883.9000,  1.00000000,1,0,0.0,0.5
1883.9333,  1.00000000,1,0,0.0,0.5
1883.9667,  1.00000000,1,0,0.0,0.5
1884.0000,  1.00000000,1,0,0.0,0.5
1884.0333,  1.00000000,1,0,0.0,0.5
1884.0667,  1.00000000,1,0,0.0,0.5
1884.1000,  1.00000000,1,0,0.025000000000000001,0.5
1884.1333,  1.00000000,1,0,0.0,0.5
1884.1667,  1.00000000,1,0,0.0,0.5
1884.2000,  1.00000000,1,0,0.0,0.5
1884.2333,  1.00000000,1,0,0.0,0.5
1884.2667,  1.00000000,1,0,0.0,0.5
1884.3000,  1.00000000,1,0,0.0,0.5
1884.3333,  1.00000000,1,0,0.0,0.5
1884.3667,  1.00000000,1,0,0.0,0.5
1884.4000,  1.00000000,1,0,0.0,0.5
1884.4333,  1.00000000,1,0,0.0,0.5
1884.4667,  1.00000000,1,0,0.0,0.5
1884.5000,  1.00000000,1,0,0.0,0.5
1884.5333,  1.00000000,1,0,0.0,0.5
1884.5667,  1.00000000,1,0,0.0,0.5
1884.6000,  1.00000000,1,0,0.025000000000000001,0.5
1884.6333,  1.00000000,1,0,0.0,0.5
1884.6667,  1.00000000,1,0,0.0,0.5
1884.7000,  1.00000000,1,0,0.0,0.5
1884.7333,  1.00000000,1,0,0.0,0.5
1884.7667,  1.00000000,1,0,0.025000000000000001,0.5
1884.8000,  1.00000000,1,0,0.0,0.5
1884.8333,  1.00000000,1,0,0.0,0.5
1884.8667,  1.00000000,1,0,0.025000000000000001,0.5
1884.9000,  1.00000000,1,0,0.0,0.5
1884.9333,  1.00000000,1,0,0.0,0.5
1884.9667,  1.00000000,1,0,0.0,0.5
1885.0000,  1.00000000,1,0,0.0,0.5
1885.0333,  1.00000000,1,0,0.0,0.5
1885.0667,  1.00000000,1,0,0.0,0.5
1885.1000,  1.00000000,1,0,0.0,0.5
1885.1333,  1.00000000,1,0,0.0,0.5
1885.1667,  1.00000000,1,0,0.0,0.5
1885.2000,  1.00000000,1,0,0.0,0.5
1885.2333,  1.00000000,1,0,0.0,0.5
1885.2667,  1.00000000,1,0,0.0,0.5
1885.3000,  1.00000000,1,0,0.0,0.5
1885.3333,  1.00000000,1,0,0.0,0.5
1885.3667,  1.00000000,1,0,0.0,0.5
1885.4000,  1.00000000,1,0,0.0,0.5
1885.4333,  1.00000000,1,0,0.0,0.5
1885.4667,  1.00000000,1,0,0.0,0.5
1885.5000,  1.00000000,1,0,0.0,0.5
1885.5333,  1.00000000,1,0,0.0,0.5
1885.5667,  1.00000000,1,0,0.0,0.5
1885.6000,  1.00000000,1,0,0.0,0.5
1885.6333,  1.00000000,1,0,0.0,0.5
1885.6667,  1.00000000,1,0,0.0,0.5
1885.7000,  1.00000000,1,0,0.0,0.5
1885.7333,  1.00000000,1,0,0.0,0.5
1885.7667,  1.00000000,1,0,0.0,0.5
1885.8000,  1.00000000,1,0,0.0,0.5
1885.8333,  1.00000000,1,0,0.025000000000000001,0.5
1885.8667,  1.00000000,1,0,0.0,0.5
1885.9000,  1.00000000,1,0,0.0,0.5
1885.9333,  1.00000000,1,0,0.0,0.5
1885.9667,  1.00000000,1,0,0.0,0.5
1886.0000,  1.00000000,1,0,0.0,0.5
1886.0333,  1.00000000,1,0,0.0,0.5
1886.0667,  1.00000000,1,0,0.025000000000000001,0.5
1886.1000,  1.00000000,1,0,0.0,0.5
1886.1333,  1.00000000,1,0,0.025000000000000001,0.5
1886.1667,  1.00000000,1,0,0.0,0.5
1886.2000,  1.00000000,1,0,0.0,0.5
1886.2333,  1.00000000,1,0,0.0,0.5
1886.2667,  1.00000000,1,0,0.0,0.5
1886.3000,  1.00000000,1,0,0.0,0.5
1886.3333,  1.00000000,1,0,0.025000000000000001,0.5
1886.3667,  1.00000000,1,0,0.0,0.5
1886.4000,  1.00000000,1,0,0.0,0.5
1886.4333,  1.00000000,1,0,0.0,0.5
1886.4667,  1.00000000,1,0,0.0,0.5
1886.5000,  1.00000000,1,0,0.0,0.5
1886.5333,  1.00000000,1,0,0.0,0.5
1886.5667,  1.00000000,1,0,0.0,0.5
1886.6000,  1.00000000,1,0,0.0,0.5
1886.6333,  1.00000000,1,0,0.0,0.5
1886.6667,  1.00000000,1,0,0.0,0.5
1886.7000,  1.00000000,1,0,0.0,0.5
1886.7333,  1.00000000,1,0,0.0,0.5
1886.7667,  1.00000000,1,0,0.0,0.5
1886.8000,  1.00000000,1,0,0.025000000000000001,0.5
1886.8333,  1.00000000,1,0,0.0,0.5
1886.8667,  1.00000000,1,0,0.0,0.5
1886.9000,  1.00000000,1,0,0.025000000000000001,0.5
1886.9333,  1.00000000,1,0,0.0,0.5
1886.9667,  1.00000000,1,0,0.025000000000000001,0.5
1887.0000,  1.00000000,1,0,0.0,0.5
1887.0333,  1.00000000,1,0,0.0,0.5
1887.0667,  1.00000000,1,0,0.0,0.5
1887.1000,  1.00000000,1,0,0.0,0.5
1887.1333,  1.00000000,1,0,0.0,0.5
1887.1667,  1.00000000,1,0,0.0,0.5
1887.2000,  1.00000000,1,0,0.025000000000000001,0.5
1887.2333,  1.00000000,1,0,0.025000000000000001,0.5
1887.2667,  1.00000000,1,0,0.0,0.5
1887.3000,  1.00000000,1,0,0.0,0.5
1887.3333,  1.00000000,1,0,0.0,0.5
1887.3667,  1.00000000,1,0,0.0,0.5
1887.4000,  1.00000000,1,0,0.0,0.5
1887.4333,  1.00000000,1,0,0.0,0.5
1887.4667,  1.00000000,1,0,0.0,0.5
1887.5000,  1.00000000,1,0,0.0,0.5
1887.5333,  1.00000000,1,0,0.0,0.5
1887.5667,  1.00000000,1,0,0.0,0.5
1887.6000,  1.00000000,1,0,0.0,0.5
1887.6333,  1.00000000,1,0,0.0,0.5
1887.6667,  1.00000000,1,0,0.0,0.5
1887.7000,  1.00000000,1,0,0.0,0.5
1887.7333,  1.00000000,1,0,0.0,0.5
1887.7667,  1.00000000,1,0,0.0,0.5
1887.8000,  1.00000000,1,0,0.0,0.5
1887.8333,  1.00000000,1,0,0.0,0.5
1887.8667,  1.00000000,1,0,0.0,0.5
1887.9000,  1.00000000,1,0,0.0,0.5
1887.9333,  1.00000000,1,0,0.050000000000000003,0.5
1887.9667,  1.00000000,1,0,0.025000000000000001,0.5
1888.0000,  1.00000000,1,0,0.0,0.5
1888.0333,  1.00000000,1,0,0.0,0.5
1888.0667,  1.00000000,1,0,0.025000000000000001,0.5
1888.1000,  1.00000000,1,0,0.0,0.5
1888.1333,  1.00000000,1,0,0.0,0.5
1888.1667,  1.00000000,1,0,0.0,0.5
1888.2000,  1.00000000,1,0,0.0,0.5
1888.2333,  1.00000000,1,0,0.0,0.5
1888.2667,  1.00000000,1,0,0.025000000000000001,0.5
1888.3000,  1.00000000,1,0,0.0,0.5
1888.3333,  1.00000000,1,0,0.0,0.5
1888.3667,  1.00000000,1,0,0.0,0.5
1888.4000,  1.00000000,1,0,0.0,0.5
1888.4333,  1.00000000,1,0,0.0,0.5
1888.4667,  1.00000000,1,0,0.0,0.5
1888.5000,  1.00000000,1,0,0.025000000000000001,0.5
1888.5333,  1.00000000,1,0,0.025000000000000001,0.5
1888.5667,  1.00000000,1,0,0.0,0.5
1888.6000,  1.00000000,1,0,0.0,0.5
1888.6333,  1.00000000,1,0,0.0,0.5
1888.6667,  1.00000000,1,0,0.025000000000000001,0.5
1888.7000,  1.00000000,1,0,0.0,0.5
1888.7333,  1.00000000,1,0,0.025000000000000001,0.5
1888.7667,  1.00000000,1,0,0.0,0.5
1888.8000,  1.00000000,1,0,0.0,0.5
1888.8333,  1.00000000,1,0,0.0,0.5
1888.8667,  1.00000000,1,0,0.0,0.5
1888.9000,  1.00000000,1,0,0.0,0.5
1888.9333,  1.00000000,1,0,0.0,0.5
1888.9667,  1.00000000,1,0,0.0,0.5
1889.0000,  1.00000000,1,0,0.0,0.5
1889.0333,  1.00000000,1,0,0.0,0.5
1889.0667,  1.00000000,1,0,0.025000000000000001,0.5
1889.1000,  1.00000000,1,0,0.0,0.5
1889.1333,  1.00000000,1,0,0.025000000000000001,0.5
1889.1667,  1.00000000,1,0,0.025000000000000001,0.5
1889.2000,  1.00000000,1,0,0.0,0.5
1889.2333,  1.00000000,1,0,0.0,0.5
1889.2667,  1.00000000,1,0,0.0,0.5
1889.3000,  1.00000000,1,0,0.0,0.5
1889.3333,  1.00000000,1,0,0.0,0.5
1889.3667,  1.00000000,1,0,0.0,0.5
1889.4000,  1.00000000,1,0,0.025000000000000001,0.5
1889.4333,  1.00000000,1,0,0.025000000000000001,0.5
1889.4667,  1.00000000,1,0,0.0,0.5
1889.5000,  1.00000000,1,0,0.0,0.5
1889.5333,  1.00000000,1,0,0.0,0.5
1889.5667,  1.00000000,1,0,0.0,0.5
1889.6000,  1.00000000,1,0,0.0,0.5
1889.6333,  1.00000000,1,0,0.0,0.5
1889.6667,  1.00000000,1,0,0.0,0.5
1889.7000,  1.00000000,1,0,0.0,0.5
1889.7333,  1.00000000,1,0,0.0,0.5
1889.7667,  1.00000000,1,0,0.0,0.5
1889.8000,  1.00000000,1,0,0.0,0.5
1889.8333,  1.00000000,1,0,0.0,0.5
1889.8667,  1.00000000,1,0,0.0,0.5
1889.9000,  1.00000000,1,0,0.0,0.5
1889.9333,  1.00000000,1,0,0.0,0.5
1889.9667,  1.00000000,1,0,0.0,0.5
1890.0000,  1.00000000,1,0,0.0,0.5
1890.0333,  1.00000000,1,0,0.0,0.5
1890.0667,  1.00000000,1,0,0.0,0.5
1890.1000,  1.00000000,1,0,0.0,0.5
1890.1333,  1.00000000,1,0,0.0,0.5
1890.1667,  1.00000000,1,0,0.0,0.5
1890.2000,  1.00000000,1,0,0.0,0.5
1890.2333,  1.00000000,1,0,0.025000000000000001,0.5
1890.2667,  1.00000000,1,0,0.0,0.5
1890.3000,  1.00000000,1,0,0.0,0.5
1890.3333,  1.00000000,1,0,0.0,0.5
1890.3667,  1.00000000,1,0,0.0,0.5
1890.4000,  1.00000000,1,0,0.0,0.5
1890.4333,  1.00000000,1,0,0.0,0.5
1890.4667,  1.00000000,1,0,0.0,0.5
1890.5000,  1.00000000,1,0,0.0,0.5
1890.5333,  1.00000000,1,0,0.0,0.5
1890.5667,  1.00000000,1,0,0.050000000000000003,0.5
1890.6000,  1.00000000,1,0,0.0,0.5
1890.6333,  1.00000000,1,0,0.0,0.5
1890.6667,  1.00000000,1,0,0.0,0.5
1890.7000,  1.00000000,1,0,0.0,0.5
1890.7333,  1.00000000,1,0,0.0,0.5
1890.7667,  1.00000000,1,0,0.0,0.5
1890.8000,  1.00000000,1,0,0.0,0.5
1890.8333,  1.00000000,1,0,0.0,0.5
1890.8667,  1.00000000,1,0,0.0,0.5
1890.9000,  1.00000000,1,0,0.0,0.5
1890.9333,  1.00000000,1,0,0.0,0.5
1890.9667,  1.00000000,1,0,0.0,0.5
1891.0000,  1.00000000,1,0,0.0,0.5
1891.0333,  1.00000000,1,0,0.025000000000000001,0.5
1891.0667,  1.00000000,1,0,0.0,0.5
1891.1000,  1.00000000,1,0,0.025000000000000001,0.5
1891.1333,  1.00000000,1,0,0.0,0.5
1891.1667,  1.00000000,1,0,0.025000000000000001,0.5
1891.2000,  1.00000000,1,0,0.0,0.5
1891.2333,  1.00000000,1,0,0.0,0.5
1891.2667,  1.00000000,1,0,0.025000000000000001,0.5
1891.3000,  1.00000000,1,0,0.0,0.5
1891.3333,  1.00000000,1,0,0.025000000000000001,0.5
1891.3667,  1.00000000,1,0,0.0,0.5
1891.4000,  1.00000000,1,0,0.0,0.5
1891.4333,  1.00000000,1,0,0.025000000000000001,0.5
1891.4667,  1.00000000,1,0,0.025000000000000001,0.5
1891.5000,  1.00000000,1,0,0.0,0.5
1891.5333,  1.00000000,1,0,0.0,0.5
1891.5667,  1.00000000,1,0,0.0,0.5
1891.6000,  1.00000000,1,0,0.0,0.5
1891.6333,  1.00000000,1,0,0.025000000000000001,0.5
1891.6667,  1.00000000,1,0,0.0,0.5
1891.7000,  1.00000000,1,0,0.0,0.5
1891.7333,  1.00000000,1,0,0.0,0.5
1891.7667,  1.00000000,1,0,0.0,0.5
1891.8000,  1.00000000,1,0,0.0,0.5
1891.8333,  1.00000000,1,0,0.025000000000000001,0.5
1891.8667,  1.00000000,1,0,0.025000000000000001,0.5
1891.9000,  1.00000000,1,0,0.0,0.5
1891.9333,  1.00000000,1,0,0.0,0.5
1891.9667,  1.00000000,1,0,0.025000000000000001,0.5
1892.0000,  1.00000000,1,0,0.0,0.5
1892.0333,  1.00000000,1,0,0.025000000000000001,0.5
1892.0667,  1.00000000,1,0,0.025000000000000001,0.5
1892.1000,  1.00000000,1,0,0.0,0.5
1892.1333,  1.00000000,1,0,0.0,0.5
1892.1667,  1.00000000,1,0,0.0,0.5
1892.2000,  1.00000000,1,0,0.0,0.5
1892.2333,  1.00000000,1,0,0.0,0.5
1892.2667,  1.00000000,1,0,0.0,0.5
1892.3000,  1.00000000,1,0,0.0,0.5
1892.3333,  1.00000000,1,0,0.025000000000000001,0.5
1892.3667,  1.00000000,1,0,0.025000000000000001,0.5
1892.4000,  1.00000000,1,0,0.0,0.5
1892.4333,  1.00000000,1,0,0.0,0.5
1892.4667,  1.00000000,1,0,0.0,0.5
1892.5000,  1.00000000,1,0,0.0,0.5
1892.5333,  1.00000000,1,0,0.0,0.5
1892.5667,  1.00000000,1,0,0.0,0.5
1892.6000,  1.00000000,1,0,0.0,0.5
1892.6333,  1.00000000,1,0,0.0,0.5
1892.6667,  1.00000000,1,0,0.0,0.5
1892.7000,  1.00000000,1,0,0.025000000000000001,0.5
1892.7333,  1.00000000,1,0,0.0,0.5
1892.7667,  1.00000000,1,0,0.0,0.5
1892.8000,  1.00000000,1,0,0.025000000000000001,0.5
1892.8333,  1.00000000,1,0,0.0,0.5
1892.8667,  1.00000000,1,0,0.0,0.5
1892.9000,  1.00000000,1,0,0.0,0.5
1892.9333,  1.00000000,1,0,0.025000000000000001,0.5
1892.9667,  1.00000000,1,0,0.0,0.5
1893.0000,  1.00000000,1,0,0.0,0.5
1893.0333,  1.00000000,1,0,0.0,0.5
1893.0667,  1.00000000,1,0,0.025000000000000001,0.5
1893.1000,  1.00000000,1,0,0.025000000000000001,0.5
1893.1333,  1.00000000,1,0,0.0,0.5
1893.1667,  1.00000000,1,0,0.0,0.5
1893.2000,  1.00000000,1,0,0.0,0.5
1893.2333,  1.00000000,1,0,0.0,0.5
1893.2667,  1.00000000,1,0,0.0,0.5
1893.3000,  1.00000000,1,0,0.025000000000000001,0.5
1893.3333,  1.00000000,1,0,0.0,0.5
1893.3667,  1.00000000,1,0,0.0,0.5
1893.4000,  1.00000000,1,0,0.0,0.5
1893.4333,  1.00000000,1,0,0.0,0.5
1893.4667,  1.00000000,1,0,0.0,0.5
1893.5000,  1.00000000,1,0,0.0,0.5
1893.5333,  1.00000000,1,0,0.0,0.5
1893.5667,  1.00000000,1,0,0.0,0.5
1893.6000,  1.00000000,1,0,0.0,0.5
1893.6333,  1.00000000,1,0,0.0,0.5
1893.6667,  1.00000000,1,0,0.0,0.5
1893.7000,  1.00000000,1,0,0.0,0.5
1893.7333,  1.00000000,1,0,0.0,0.5
1893.7667,  1.00000000,1,0,0.025000000000000001,0.5
1893.8000,  1.00000000,1,0,0.0,0.5
1893.8333,  1.00000000,1,0,0.0,0.5
1893.8667,  1.00000000,1,0,0.0,0.5
1893.9000,  1.00000000,1,0,0.0,0.5
1893.9333,  1.00000000,1,0,0.0,0.5
1893.9667,  1.00000000,1,0,0.0,0.5
1894.0000,  1.00000000,1,0,0.0,0.5
1894.0333,  1.00000000,1,0,0.0,0.5
1894.0667,  1.00000000,1,0,0.0,0.5
1894.1000,  1.00000000,1,0,0.0,0.5
1894.1333,  1.00000000,1,0,0.0,0.5
1894.1667,  1.00000000,1,0,0.0,0.5
1894.2000,  1.00000000,1,0,0.0,0.5
1894.2333,  1.00000000,1,0,0.0,0.5
1894.2667,  1.00000000,1,0,0.0,0.5
1894.3000,  1.00000000,1,0,0.050000000000000003,0.5
1894.3333,  1.00000000,1,0,0.0,0.5
1894.3667,  1.00000000,1,0,0.0,0.5
1894.4000,  1.00000000,1,0,0.025000000000000001,0.5
1894.4333,  1.00000000,1,0,0.0,0.5
1894.4667,  1.00000000,1,0,0.0,0.5
1894.5000,  1.00000000,1,0,0.0,0.5
1894.5333,  1.00000000,1,0,0.0,0.5
1894.5667,  1.00000000,1,0,0.0,0.5
1894.6000,  1.00000000,1,0,0.0,0.5
1894.6333,  1.00000000,1,0,0.0,0.5
1894.6667,  1.00000000,1,0,0.025000000000000001,0.5
1894.7000,  1.00000000,1,0,0.025000000000000001,0.5
1894.7333,  1.00000000,1,0,0.0,0.5
1894.7667,  1.00000000,1,0,0.0,0.5
1894.8000,  1.00000000,1,0,0.0,0.5
1894.8333,  1.00000000,1,0,0.0,0.5
1894.8667,  1.00000000,1,0,0.0,0.5
1894.9000,  1.00000000,1,0,0.0,0.5
1894.9333,  1.00000000,1,0,0.0,0.5
1894.9667,  1.00000000,1,0,0.0,0.5
1895.0000,  1.00000000,1,0,0.0,0.5
1895.0333,  1.00000000,1,0,0.0,0.5
1895.0667,  1.00000000,1,0,0.0,0.5
1895.1000,  1.00000000,1,0,0.0,0.5
1895.1333,  1.00000000,1,0,0.0,0.5
1895.1667,  1.00000000,1,0,0.0,0.5
1895.2000,  1.00000000,1,0,0.0,0.5
1895.2333,  1.00000000,1,0,0.0,0.5
1895.2667,  1.00000000,1,0,0.0,0.5
1895.3000,  1.00000000,1,0,0.0,0.5
1895.3333,  1.00000000,1,0,0.0,0.5
1895.3667,  1.00000000,1,0,0.0,0.5
1895.4000,  1.00000000,1,0,0.0,0.5
1895.4333,  1.00000000,1,0,0.0,0.5
1895.4667,  1.00000000,1,0,0.0,0.5
1895.5000,  1.00000000,1,0,0.0,0.5
1895.5333,  1.00000000,1,0,0.025000000000000001,0.5
1895.5667,  1.00000000,1,0,0.0,0.5
1895.6000,  1.00000000,1,0,0.0,0.5
1895.6333,  1.00000000,1,0,0.0,0.5
1895.6667,  1.00000000,1,0,0.0,0.5
1895.7000,  1.00000000,1,0,0.0,0.5
1895.7333,  1.00000000,1,0,0.0,0.5
1895.7667,  1.00000000,1,0,0.0,0.5
1895.8000,  1.00000000,1,0,0.0,0.5
1895.8333,  1.00000000,1,0,0.025000000000000001,0.5
1895.8667,  1.00000000,1,0,0.025000000000000001,0.5
1895.9000,  1.00000000,1,0,0.0,0.5
1895.9333,  1.00000000,1,0,0.025000000000000001,0.5
1895.9667,  1.00000000,1,0,0.0,0.5
1896.0000,  1.00000000,1,0,0.0,0.5
1896.0333,  1.00000000,1,0,0.0,0.5
1896.0667,  1.00000000,1,0,0.0,0.5
1896.1000,  1.00000000,1,0,0.0,0.5
1896.1333,  1.00000000,1,0,0.0,0.5
1896.1667,  1.00000000,1,0,0.0,0.5
1896.2000,  1.00000000,1,0,0.0,0.5
1896.2333,  1.00000000,1,0,0.025000000000000001,0.5
1896.2667,  1.00000000,1,0,0.0,0.5
1896.3000,  1.00000000,1,0,0.025000000000000001,0.5
1896.3333,  1.00000000,1,0,0.0,0.5
1896.3667,  1.00000000,1,0,0.0,0.5
1896.4000,  1.00000000,1,0,0.0,0.5
1896.4333,  1.00000000,1,0,0.0,0.5
1896.4667,  1.00000000,1,0,0.0,0.5
1896.5000,  1.00000000,1,0,0.0,0.5
1896.5333,  1.00000000,1,0,0.0,0.5
1896.5667,  1.00000000,1,0,0.025000000000000001,0.5
1896.6000,  1.00000000,1,0,0.0,0.5
1896.6333,  1.00000000,1,0,0.0,0.5
1896.6667,  1.00000000,1,0,0.0,0.5
1896.7000,  1.00000000,1,0,0.0,0.5
1896.7333,  1.00000000,1,0,0.0,0.5
1896.7667,  1.00000000,1,0,0.0,0.5
1896.8000,  1.00000000,1,0,0.0,0.5
1896.8333,  1.00000000,1,0,0.0,0.5
1896.8667,  1.00000000,1,0,0.025000000000000001,0.5
1896.9000,  1.00000000,1,0,0.0,0.5
1896.9333,  1.00000000,1,0,0.0,0.5
1896.9667,  1.00000000,1,0,0.0,0.5
1897.0000,  1.00000000,1,0,0.0,0.5
1897.0333,  1.00000000,1,0,0.0,0.5
1897.0667,  1.00000000,1,0,0.025000000000000001,0.5
1897.1000,  1.00000000,1,0,0.0,0.5
1897.1333,  1.00000000,1,0,0.0,0.5
1897.1667,  1.00000000,1,0,0.0,0.5
1897.2000,  1.00000000,1,0,0.025000000000000001,0.5
1897.2333,  1.00000000,1,0,0.0,0.5
1897.2667,  1.00000000,1,0,0.0,0.5
1897.3000,  1.00000000,1,0,0.0,0.5
1897.3333,  1.00000000,1,0,0.0,0.5
1897.3667,  1.00000000,1,0,0.0,0.5
1897.4000,  1.00000000,1,0,0.0,0.5
1897.4333,  1.00000000,1,0,0.0,0.5
1897.4667,  1.00000000,1,0,0.0,0.5
1897.5000,  1.00000000,1,0,0.0,0.5
1897.5333,  1.00000000,1,0,0.0,0.5
1897.5667,  1.00000000,1,0,0.0,0.5
1897.6000,  1.00000000,1,0,0.0,0.5
1897.6333,  1.00000000,1,0,0.0,0.5
1897.6667,  1.00000000,1,0,0.0,0.5
1897.7000,  1.00000000,1,0,0.0,0.5
1897.7333,  1.00000000,1,0,0.0,0.5
1897.7667,  1.00000000,1,0,0.0,0.5
1897.8000,  1.00000000,1,0,0.025000000000000001,0.5
1897.8333,  1.00000000,1,0,0.0,0.5
1897.8667,  1.00000000,1,0,0.0,0.5
1897.9000,  1.00000000,1,0,0.025000000000000001,0.5
1897.9333,  1.00000000,1,0,0.0,0.5
1897.9667,  1.00000000,1,0,0.0,0.5
1898.0000,  1.00000000,1,0,0.0,0.5
1898.0333,  1.00000000,1,0,0.025000000000000001,0.5
1898.0667,  1.00000000,1,0,0.0,0.5
1898.1000,  1.00000000,1,0,0.0,0.5
1898.1333,  1.00000000,1,0,0.0,0.5
1898.1667,  1.00000000,1,0,0.0,0.5
1898.2000,  1.00000000,1,0,0.0,0.5
1898.2333,  1.00000000,1,0,0.0,0.5
1898.2667,  1.00000000,1,0,0.0,0.5
1898.3000,  1.00000000,1,0,0.0,0.5
1898.3333,  1.00000000,1,0,0.0,0.5
1898.3667,  1.00000000,1,0,0.0,0.5
1898.4000,  1.00000000,1,0,0.0,0.5
1898.4333,  1.00000000,1,0,0.0,0.5
1898.4667,  1.00000000,1,0,0.0,0.5
1898.5000,  1.00000000,1,0,0.0,0.5
1898.5333,  1.00000000,1,0,0.0,0.5
1898.5667,  1.00000000,1,0,0.025000000000000001,0.5
1898.6000,  1.00000000,1,0,0.0,0.5
1898.6333,  1.00000000,1,0,0.025000000000000001,0.5
1898.6667,  1.00000000,1,0,0.0,0.5
1898.7000,  1.00000000,1,0,0.0,0.5
1898.7333,  1.00000000,1,0,0.0,0.5
1898.7667,  1.00000000,1,0,0.0,0.5
1898.8000,  1.00000000,1,0,0.0,0.5
1898.8333,  1.00000000,1,0,0.0,0.5
1898.8667,  1.00000000,1,0,0.025000000000000001,0.5
1898.9000,  1.00000000,1,0,0.0,0.5
1898.9333,  1.00000000,1,0,0.0,0.5
1898.9667,  1.00000000,1,0,0.0,0.5
1899.0000,  1.00000000,1,0,0.0,0.5
1899.0333,  1.00000000,1,0,0.0,0.5
1899.0667,  1.00000000,1,0,0.0,0.5
1899.1000,  1.00000000,1,0,0.0,0.5
1899.1333,  1.00000000,1,0,0.0,0.5
1899.1667,  1.00000000,1,0,0.0,0.5
1899.2000,  1.00000000,1,0,0.0,0.5
1899.2333,  1.00000000,1,0,0.0,0.5
1899.2667,  1.00000000,1,0,0.0,0.5
1899.3000,  1.00000000,1,0,0.0,0.5
1899.3333,  1.00000000,1,0,0.0,0.5
1899.3667,  1.00000000,1,0,0.0,0.5
1899.4000,  1.00000000,1,0,0.0,0.5
1899.4333,  1.00000000,1,0,0.0,0.5
1899.4667,  1.00000000,1,0,0.025000000000000001,0.5
1899.5000,  1.00000000,1,0,0.025000000000000001,0.5
1899.5333,  1.00000000,1,0,0.025000000000000001,0.5
1899.5667,  1.00000000,1,0,0.0,0.5
1899.6000,  1.00000000,1,0,0.0,0.5
1899.6333,  1.00000000,1,0,0.0,0.5
1899.6667,  1.00000000,1,0,0.0,0.5
1899.7000,  1.00000000,1,0,0.0,0.5
1899.7333,  1.00000000,1,0,0.0,0.5
1899.7667,  1.00000000,1,0,0.0,0.5
1899.8000,  1.00000000,1,0,0.0,0.5
1899.8333,  1.00000000,1,0,0.0,0.5
1899.8667,  1.00000000,1,0,0.0,0.5
1899.9000,  1.00000000,1,0,0.0,0.5
1899.9333,  1.00000000,1,0,0.0,0.5
1899.9667,  1.00000000,1,0,0.0,0.5
1900.0000,  1.00000000,1,0,0.0,0.5
1900.0333,  1.00000000,1,0,0.0,0.5
1900.0667,  1.00000000,1,0,0.0,0.5
1900.1000,  1.00000000,1,0,0.0,0.5
1900.1333,  1.00000000,1,0,0.0,0.5
1900.1667,  1.00000000,1,0,0.0,0.5
1900.2000,  1.00000000,1,0,0.0,0.5
1900.2333,  1.00000000,1,0,0.0,0.5
1900.2667,  1.00000000,1,0,0.0,0.5
1900.3000,  1.00000000,1,0,0.0,0.5
1900.3333,  1.00000000,1,0,0.0,0.5
1900.3667,  1.00000000,1,0,0.0,0.5
1900.4000,  1.00000000,1,0,0.0,0.5
1900.4333,  1.00000000,1,0,0.0,0.5
1900.4667,  1.00000000,1,0,0.0,0.5
1900.5000,  1.00000000,1,0,0.0,0.5
1900.5333,  1.00000000,1,0,0.0,0.5
1900.5667,  1.00000000,1,0,0.0,0.5
1900.6000,  1.00000000,1,0,0.0,0.5
1900.6333,  1.00000000,1,0,0.0,0.5
1900.6667,  1.00000000,1,0,0.0,0.5
1900.7000,  1.00000000,1,0,0.0,0.5
1900.7333,  1.00000000,1,0,0.0,0.5
1900.7667,  1.00000000,1,0,0.0,0.5
1900.8000,  1.00000000,1,0,0.0,0.5
1900.8333,  1.00000000,1,0,0.0,0.5
1900.8667,  1.00000000,1,0,0.0,0.5
1900.9000,  1.00000000,1,0,0.0,0.5
1900.9333,  1.00000000,1,0,0.0,0.5
1900.9667,  1.00000000,1,0,0.0,0.5
1901.0000,  1.00000000,1,0,0.0,0.5
1901.0333,  1.00000000,1,0,0.0,0.5
1901.0667,  1.00000000,1,0,0.025000000000000001,0.5
1901.1000,  1.00000000,1,0,0.025000000000000001,0.5
1901.1333,  1.00000000,1,0,0.025000000000000001,0.5
1901.1667,  1.00000000,1,0,0.025000000000000001,0.5
1901.2000,  1.00000000,1,0,0.0,0.5
1901.2333,  1.00000000,1,0,0.0,0.5
1901.2667,  1.00000000,1,0,0.0,0.5
1901.3000,  1.00000000,1,0,0.0,0.5
1901.3333,  1.00000000,1,0,0.025000000000000001,0.5
1901.3667,  1.00000000,1,0,0.0,0.5
1901.4000,  1.00000000,1,0,0.0,0.5
1901.4333,  1.00000000,1,0,0.0,0.5
1901.4667,  1.00000000,1,0,0.0,0.5
1901.5000,  1.00000000,1,0,0.0,0.5
1901.5333,  1.00000000,1,0,0.0,0.5
1901.5667,  1.00000000,1,0,0.0,0.5
1901.6000,  1.00000000,1,0,0.0,0.5
1901.6333,  1.00000000,1,0,0.025000000000000001,0.5
1901.6667,  1.00000000,1,0,0.0,0.5
1901.7000,  1.00000000,1,0,0.0,0.5
1901.7333,  1.00000000,1,0,0.0,0.5
1901.7667,  1.00000000,1,0,0.025000000000000001,0.5
1901.8000,  1.00000000,1,0,0.0,0.5
1901.8333,  1.00000000,1,0,0.0,0.5
1901.8667,  1.00000000,1,0,0.0,0.5
1901.9000,  1.00000000,1,0,0.0,0.5
1901.9333,  1.00000000,1,0,0.0,0.5
1901.9667,  1.00000000,1,0,0.0,0.5
1902.0000,  1.00000000,1,0,0.0,0.5
1902.0333,  1.00000000,1,0,0.0,0.5
1902.0667,  1.00000000,1,0,0.0,0.5
1902.1000,  1.00000000,1,0,0.0,0.5
1902.1333,  1.00000000,1,0,0.0,0.5
1902.1667,  1.00000000,1,0,0.0,0.5
1902.2000,  1.00000000,1,0,0.0,0.5
1902.2333,  1.00000000,1,0,0.025000000000000001,0.5
1902.2667,  1.00000000,1,0,0.025000000000000001,0.5
1902.3000,  1.00000000,1,0,0.0,0.5
1902.3333,  1.00000000,1,0,0.0,0.5
1902.3667,  1.00000000,1,0,0.025000000000000001,0.5
1902.4000,  1.00000000,1,0,0.050000000000000003,0.5
1902.4333,  1.00000000,1,0,0.025000000000000001,0.5
1902.4667,  1.00000000,1,0,0.0,0.5
1902.5000,  1.00000000,1,0,0.0,0.5
1902.5333,  1.00000000,1,0,0.0,0.5
1902.5667,  1.00000000,1,0,0.0,0.5
1902.6000,  1.00000000,1,0,0.0,0.5
1902.6333,  1.00000000,1,0,0.0,0.5
1902.6667,  1.00000000,1,0,0.0,0.5
1902.7000,  1.00000000,1,0,0.0,0.5
1902.7333,  1.00000000,1,0,0.0,0.5
1902.7667,  1.00000000,1,0,0.0,0.5
1902.8000,  1.00000000,1,0,0.0,0.5
1902.8333,  1.00000000,1,0,0.0,0.5
1902.8667,  1.00000000,1,0,0.0,0.5
1902.9000,  1.00000000,1,0,0.0,0.5
1902.9333,  1.00000000,1,0,0.0,0.5
1902.9667,  1.00000000,1,0,0.0,0.5
1903.0000,  1.00000000,1,0,0.0,0.5
1903.0333,  1.00000000,1,0,0.0,0.5
1903.0667,  1.00000000,1,0,0.0,0.5
1903.1000,  1.00000000,1,0,0.0,0.5
1903.1333,  1.00000000,1,0,0.0,0.5
1903.1667,  1.00000000,1,0,0.025000000000000001,0.5
1903.2000,  1.00000000,1,0,0.0,0.5
1903.2333,  1.00000000,1,0,0.0,0.5
1903.2667,  1.00000000,1,0,0.0,0.5
1903.3000,  1.00000000,1,0,0.0,0.5
1903.3333,  1.00000000,1,0,0.0,0.5
1903.3667,  1.00000000,1,0,0.025000000000000001,0.5
1903.4000,  1.00000000,1,0,0.025000000000000001,0.5
1903.4333,  1.00000000,1,0,0.025000000000000001,0.5
1903.4667,  1.00000000,1,0,0.0,0.5
1903.5000,  1.00000000,1,0,0.0,0.5
1903.5333,  1.00000000,1,0,0.0,0.5
1903.5667,  1.00000000,1,0,0.0,0.5
1903.6000,  1.00000000,1,0,0.0,0.5
1903.6333,  1.00000000,1,0,0.0,0.5
1903.6667,  1.00000000,1,0,0.0,0.5
1903.7000,  1.00000000,1,0,0.0,0.5
1903.7333,  1.00000000,1,0,0.0,0.5
1903.7667,  1.00000000,1,0,0.0,0.5
1903.8000,  1.00000000,1,0,0.025000000000000001,0.5
1903.8333,  1.00000000,1,0,0.0,0.5
1903.8667,  1.00000000,1,0,0.0,0.5
1903.9000,  1.00000000,1,0,0.0,0.5
1903.9333,  1.00000000,1,0,0.0,0.5
1903.9667,  1.00000000,1,0,0.025000000000000001,0.5
1904.0000,  1.00000000,1,0,0.0,0.5
1904.0333,  1.00000000,1,0,0.0,0.5
1904.0667,  1.00000000,1,0,0.0,0.5
1904.1000,  1.00000000,1,0,0.0,0.5
1904.1333,  1.00000000,1,0,0.0,0.5
1904.1667,  1.00000000,1,0,0.0,0.5
1904.2000,  1.00000000,1,0,0.0,0.5
1904.2333,  1.00000000,1,0,0.0,0.5
1904.2667,  1.00000000,1,0,0.025000000000000001,0.5
1904.3000,  1.00000000,1,0,0.0,0.5
1904.3333,  1.00000000,1,0,0.0,0.5
1904.3667,  1.00000000,1,0,0.0,0.5
1904.4000,  1.00000000,1,0,0.0,0.5
1904.4333,  1.00000000,1,0,0.0,0.5
1904.4667,  1.00000000,1,0,0.0,0.5
1904.5000,  1.00000000,1,0,0.0,0.5
1904.5333,  1.00000000,1,0,0.0,0.5
1904.5667,  1.00000000,1,0,0.0,0.5
1904.6000,  1.00000000,1,0,0.0,0.5
1904.6333,  1.00000000,1,0,0.0,0.5
1904.6667,  1.00000000,1,0,0.0,0.5
1904.7000,  1.00000000,1,0,0.0,0.5
1904.7333,  1.00000000,1,0,0.0,0.5
1904.7667,  1.00000000,1,0,0.0,0.5
1904.8000,  1.00000000,1,0,0.0,0.5
1904.8333,  1.00000000,1,0,0.0,0.5
1904.8667,  1.00000000,1,0,0.0,0.5
1904.9000,  1.00000000,1,0,0.025000000000000001,0.5
1904.9333,  1.00000000,1,0,0.0,0.5
1904.9667,  1.00000000,1,0,0.0,0.5
1905.0000,  1.00000000,1,0,0.0,0.5
1905.0333,  1.00000000,1,0,0.0,0.5
1905.0667,  1.00000000,1,0,0.0,0.5
1905.1000,  1.00000000,1,0,0.025000000000000001,0.5
1905.1333,  1.00000000,1,0,0.0,0.5
1905.1667,  1.00000000,1,0,0.025000000000000001,0.5
1905.2000,  1.00000000,1,0,0.0,0.5
1905.2333,  1.00000000,1,0,0.0,0.5
1905.2667,  1.00000000,1,0,0.0,0.5
1905.3000,  1.00000000,1,0,0.0,0.5
1905.3333,  1.00000000,1,0,0.0,0.5
1905.3667,  1.00000000,1,0,0.0,0.5
1905.4000,  1.00000000,1,0,0.0,0.5
1905.4333,  1.00000000,1,0,0.025000000000000001,0.5
1905.4667,  1.00000000,1,0,0.0,0.5
1905.5000,  1.00000000,1,0,0.0,0.5
1905.5333,  1.00000000,1,0,0.025000000000000001,0.5
1905.5667,  1.00000000,1,0,0.0,0.5
1905.6000,  1.00000000,1,0,0.0,0.5
1905.6333,  1.00000000,1,0,0.0,0.5
1905.6667,  1.00000000,1,0,0.0,0.5
1905.7000,  1.00000000,1,0,0.0,0.5
1905.7333,  1.00000000,1,0,0.0,0.5
1905.7667,  1.00000000,1,0,0.0,0.5
1905.8000,  1.00000000,1,0,0.025000000000000001,0.5
1905.8333,  1.00000000,1,0,0.025000000000000001,0.5
1905.8667,  1.00000000,1,0,0.0,0.5
1905.9000,  1.00000000,1,0,0.0,0.5
1905.9333,  1.00000000,1,0,0.0,0.5
1905.9667,  1.00000000,1,0,0.0,0.5
1906.0000,  1.00000000,1,0,0.0,0.5
1906.0333,  1.00000000,1,0,0.0,0.5
1906.0667,  1.00000000,1,0,0.0,0.5
1906.1000,  1.00000000,1,0,0.0,0.5
1906.1333,  1.00000000,1,0,0.025000000000000001,0.5
1906.1667,  1.00000000,1,0,0.0,0.5
1906.2000,  1.00000000,1,0,0.0,0.5
1906.2333,  1.00000000,1,0,0.0,0.5
1906.2667,  1.00000000,1,0,0.0,0.5
1906.3000,  1.00000000,1,0,0.0,0.5
1906.3333,  1.00000000,1,0,0.0,0.5
1906.3667,  1.00000000,1,0,0.0,0.5
1906.4000,  1.00000000,1,0,0.0,0.5
1906.4333,  1.00000000,1,0,0.0,0.5
1906.4667,  1.00000000,1,0,0.0,0.5
1906.5000,  1.00000000,1,0,0.0,0.5
1906.5333,  1.00000000,1,0,0.0,0.5
1906.5667,  1.00000000,1,0,0.0,0.5
1906.6000,  1.00000000,1,0,0.0,0.5
1906.6333,  1.00000000,1,0,0.0,0.5
1906.6667,  1.00000000,1,0,0.0,0.5
1906.7000,  1.00000000,1,0,0.0,0.5
1906.7333,  1.00000000,1,0,0.0,0.5
1906.7667,  1.00000000,1,0,0.0,0.5
1906.8000,  1.00000000,1,0,0.0,0.5
1906.8333,  1.00000000,1,0,0.025000000000000001,0.5
1906.8667,  1.00000000,1,0,0.0,0.5
1906.9000,  1.00000000,1,0,0.0,0.5
1906.9333,  1.00000000,1,0,0.0,0.5
1906.9667,  1.00000000,1,0,0.0,0.5
1907.0000,  1.00000000,1,0,0.0,0.5
1907.0333,  1.00000000,1,0,0.0,0.5
1907.0667,  1.00000000,1,0,0.0,0.5
1907.1000,  1.00000000,1,0,0.0,0.5
1907.1333,  1.00000000,1,0,0.0,0.5
1907.1667,  1.00000000,1,0,0.025000000000000001,0.5
1907.2000,  1.00000000,1,0,0.0,0.5
1907.2333,  1.00000000,1,0,0.0,0.5
1907.2667,  1.00000000,1,0,0.025000000000000001,0.5
1907.3000,  1.00000000,1,0,0.025000000000000001,0.5
1907.3333,  1.00000000,1,0,0.0,0.5
1907.3667,  1.00000000,1,0,0.0,0.5
1907.4000,  1.00000000,1,0,0.0,0.5
1907.4333,  1.00000000,1,0,0.0,0.5
1907.4667,  1.00000000,1,0,0.0,0.5
1907.5000,  1.00000000,1,0,0.0,0.5
1907.5333,  1.00000000,1,0,0.0,0.5
1907.5667,  1.00000000,1,0,0.025000000000000001,0.5
1907.6000,  1.00000000,1,0,0.0,0.5
1907.6333,  1.00000000,1,0,0.0,0.5
1907.6667,  1.00000000,1,0,0.0,0.5
1907.7000,  1.00000000,1,0,0.0,0.5
1907.7333,  1.00000000,1,0,0.025000000000000001,0.5
1907.7667,  1.00000000,1,0,0.025000000000000001,0.5
1907.8000,  1.00000000,1,0,0.0,0.5
1907.8333,  1.00000000,1,0,0.0,0.5
1907.8667,  1.00000000,1,0,0.025000000000000001,0.5
1907.9000,  1.00000000,1,0,0.025000000000000001,0.5
1907.9333,  1.00000000,1,0,0.0,0.5
1907.9667,  1.00000000,1,0,0.0,0.5
1908.0000,  1.00000000,1,0,0.0,0.5
1908.0333,  1.00000000,1,0,0.0,0.5
1908.0667,  1.00000000,1,0,0.0,0.5
1908.1000,  1.00000000,1,0,0.0,0.5
1908.1333,  1.00000000,1,0,0.0,0.5
1908.1667,  1.00000000,1,0,0.025000000000000001,0.5
1908.2000,  1.00000000,1,0,0.0,0.5
1908.2333,  1.00000000,1,0,0.0,0.5
1908.2667,  1.00000000,1,0,0.0,0.5
1908.3000,  1.00000000,1,0,0.0,0.5
1908.3333,  1.00000000,1,0,0.0,0.5
1908.3667,  1.00000000,1,0,0.0,0.5
1908.4000,  1.00000000,1,0,0.0,0.5
1908.4333,  1.00000000,1,0,0.0,0.5
1908.4667,  1.00000000,1,0,0.0,0.5
1908.5000,  1.00000000,1,0,0.025000000000000001,0.5
1908.5333,  1.00000000,1,0,0.0,0.5
1908.5667,  1.00000000,1,0,0.025000000000000001,0.5
1908.6000,  1.00000000,1,0,0.0,0.5
1908.6333,  1.00000000,1,0,0.0,0.5
1908.6667,  1.00000000,1,0,0.0,0.5
1908.7000,  1.00000000,1,0,0.0,0.5
1908.7333,  1.00000000,1,0,0.0,0.5
1908.7667,  1.00000000,1,0,0.025000000000000001,0.5
1908.8000,  1.00000000,1,0,0.025000000000000001,0.5
1908.8333,  1.00000000,1,0,0.0,0.5
1908.8667,  1.00000000,1,0,0.0,0.5
1908.9000,  1.00000000,1,0,0.025000000000000001,0.5
1908.9333,  1.00000000,1,0,0.0,0.5
1908.9667,  1.00000000,1,0,0.0,0.5
1909.0000,  1.00000000,1,0,0.0,0.5
1909.0333,  1.00000000,1,0,0.0,0.5
1909.0667,  1.00000000,1,0,0.0,0.5
1909.1000,  1.00000000,1,0,0.0,0.5
1909.1333,  1.00000000,1,0,0.0,0.5
1909.1667,  1.00000000,1,0,0.0,0.5
1909.2000,  1.00000000,1,0,0.0,0.5
1909.2333,  1.00000000,1,0,0.025000000000000001,0.5
1909.2667,  1.00000000,1,0,0.0,0.5
1909.3000,  1.00000000,1,0,0.0,0.5
1909.3333,  1.00000000,1,0,0.0,0.5
1909.3667,  1.00000000,1,0,0.0,0.5
1909.4000,  1.00000000,1,0,0.0,0.5
1909.4333,  1.00000000,1,0,0.0,0.5
1909.4667,  1.00000000,1,0,0.0,0.5
1909.5000,  1.00000000,1,0,0.0,0.5
1909.5333,  1.00000000,1,0,0.0,0.5
1909.5667,  1.00000000,1,0,0.0,0.5
1909.6000,  1.00000000,1,0,0.0,0.5
1909.6333,  1.00000000,1,0,0.0,0.5
1909.6667,  1.00000000,1,0,0.0,0.5
1909.7000,  1.00000000,1,0,0.0,0.5
1909.7333,  1.00000000,1,0,0.0,0.5
1909.7667,  1.00000000,1,0,0.0,0.5
1909.8000,  1.00000000,1,0,0.0,0.5
1909.8333,  1.00000000,1,0,0.0,0.5
1909.8667,  1.00000000,1,0,0.0,0.5
1909.9000,  1.00000000,1,0,0.0,0.5
1909.9333,  1.00000000,1,0,0.0,0.5
1909.9667,  1.00000000,1,0,0.025000000000000001,0.5
1910.0000,  1.00000000,1,0,0.0,0.5
1910.0333,  1.00000000,1,0,0.0,0.5
1910.0667,  1.00000000,1,0,0.025000000000000001,0.5
1910.1000,  1.00000000,1,0,0.0,0.5
1910.1333,  1.00000000,1,0,0.0,0.5
1910.1667,  1.00000000,1,0,0.0,0.5
1910.2000,  1.00000000,1,0,0.0,0.5
1910.2333,  1.00000000,1,0,0.025000000000000001,0.5
1910.2667,  1.00000000,1,0,0.0,0.5
1910.3000,  1.00000000,1,0,0.0,0.5
1910.3333,  1.00000000,1,0,0.0,0.5
1910.3667,  1.00000000,1,0,0.050000000000000003,0.5
1910.4000,  1.00000000,1,0,0.0,0.5
1910.4333,  1.00000000,1,0,0.025000000000000001,0.5
1910.4667,  1.00000000,1,0,0.0,0.5
1910.5000,  1.00000000,1,0,0.0,0.5
1910.5333,  1.00000000,1,0,0.0,0.5
1910.5667,  1.00000000,1,0,0.0,0.5
1910.6000,  1.00000000,1,0,0.0,0.5
1910.6333,  1.00000000,1,0,0.0,0.5
1910.6667,  1.00000000,1,0,0.0,0.5
1910.7000,  1.00000000,1,0,0.0,0.5
1910.7333,  1.00000000,1,0,0.0,0.5
1910.7667,  1.00000000,1,0,0.0,0.5
1910.8000,  1.00000000,1,0,0.0,0.5
1910.8333,  1.00000000,1,0,0.025000000000000001,0.5
1910.8667,  1.00000000,1,0,0.0,0.5
1910.9000,  1.00000000,1,0,0.0,0.5
1910.9333,  1.00000000,1,0,0.0,0.5
1910.9667,  1.00000000,1,0,0.0,0.5
1911.0000,  1.00000000,1,0,0.0,0.5
1911.0333,  1.00000000,1,0,0.0,0.5
1911.0667,  1.00000000,1,0,0.0,0.5
1911.1000,  1.00000000,1,0,0.0,0.5
1911.1333,  1.00000000,1,0,0.0,0.5
1911.1667,  1.00000000,1,0,0.025000000000000001,0.5
1911.2000,  1.00000000,1,0,0.0,0.5
1911.2333,  1.00000000,1,0,0.025000000000000001,0.5
1911.2667,  1.00000000,1,0,0.0,0.5
1911.3000,  1.00000000,1,0,0.0,0.5
1911.3333,  1.00000000,1,0,0.0,0.5
1911.3667,  1.00000000,1,0,0.0,0.5
1911.4000,  1.00000000,1,0,0.0,0.5
1911.4333,  1.00000000,1,0,0.0,0.5
1911.4667,  1.00000000,1,0,0.0,0.5
1911.5000,  1.00000000,1,0,0.0,0.5
1911.5333,  1.00000000,1,0,0.0,0.5
1911.5667,  1.00000000,1,0,0.0,0.5
1911.6000,  1.00000000,1,0,0.0,0.5
1911.6333,  1.00000000,1,0,0.050000000000000003,0.5
1911.6667,  1.00000000,1,0,0.0,0.5
1911.7000,  1.00000000,1,0,0.0,0.5
1911.7333,  1.00000000,1,0,0.0,0.5
1911.7667,  1.00000000,1,0,0.0,0.5
1911.8000,  1.00000000,1,0,0.0,0.5
1911.8333,  1.00000000,1,0,0.0,0.5
1911.8667,  1.00000000,1,0,0.0,0.5
1911.9000,  1.00000000,1,0,0.0,0.5
1911.9333,  1.00000000,1,0,0.0,0.5
1911.9667,  1.00000000,1,0,0.0,0.5
1912.0000,  1.00000000,1,0,0.0,0.5
1912.0333,  1.00000000,1,0,0.0,0.5
1912.0667,  1.00000000,1,0,0.025000000000000001,0.5
1912.1000,  1.00000000,1,0,0.0,0.5
1912.1333,  1.00000000,1,0,0.0,0.5
1912.1667,  1.00000000,1,0,0.0,0.5
1912.2000,  1.00000000,1,0,0.0,0.5
1912.2333,  1.00000000,1,0,0.025000000000000001,0.5
1912.2667,  1.00000000,1,0,0.0,0.5
1912.3000,  1.00000000,1,0,0.0,0.5
1912.3333,  1.00000000,1,0,0.0,0.5
1912.3667,  1.00000000,1,0,0.0,0.5
1912.4000,  1.00000000,1,0,0.0,0.5
1912.4333,  1.00000000,1,0,0.0,0.5
1912.4667,  1.00000000,1,0,0.0,0.5
1912.5000,  1.00000000,1,0,0.0,0.5
1912.5333,  1.00000000,1,0,0.025000000000000001,0.5
1912.5667,  1.00000000,1,0,0.0,0.5
1912.6000,  1.00000000,1,0,0.025000000000000001,0.5
1912.6333,  1.00000000,1,0,0.0,0.5
1912.6667,  1.00000000,1,0,0.0,0.5
1912.7000,  1.00000000,1,0,0.025000000000000001,0.5
1912.7333,  1.00000000,1,0,0.025000000000000001,0.5
1912.7667,  1.00000000,1,0,0.025000000000000001,0.5
1912.8000,  1.00000000,1,0,0.0,0.5
1912.8333,  1.00000000,1,0,0.0,0.5
1912.8667,  1.00000000,1,0,0.0,0.5
1912.9000,  1.00000000,1,0,0.0,0.5
1912.9333,  1.00000000,1,0,0.0,0.5
1912.9667,  1.00000000,1,0,0.0,0.5
1913.0000,  1.00000000,1,0,0.0,0.5
1913.0333,  1.00000000,1,0,0.0,0.5
1913.0667,  1.00000000,1,0,0.0,0.5
1913.1000,  1.00000000,1,0,0.0,0.5
1913.1333,  1.00000000,1,0,0.025000000000000001,0.5
1913.1667,  1.00000000,1,0,0.0,0.5
1913.2000,  1.00000000,1,0,0.0,0.5
1913.2333,  1.00000000,1,0,0.0,0.5
1913.2667,  1.00000000,1,0,0.025000000000000001,0.5
1913.3000,  1.00000000,1,0,0.0,0.5
1913.3333,  1.00000000,1,0,0.0,0.5
1913.3667,  1.00000000,1,0,0.0,0.5
1913.4000,  1.00000000,1,0,0.0,0.5
1913.4333,  1.00000000,1,0,0.0,0.5
1913.4667,  1.00000000,1,0,0.0,0.5
1913.5000,  1.00000000,1,0,0.0,0.5
1913.5333,  1.00000000,1,0,0.0,0.5
1913.5667,  1.00000000,1,0,0.0,0.5
1913.6000,  1.00000000,1,0,0.0,0.5
1913.6333,  1.00000000,1,0,0.0,0.5
1913.6667,  1.00000000,1,0,0.0,0.5
1913.7000,  1.00000000,1,0,0.0,0.5
1913.7333,  1.00000000,1,0,0.0,0.5
1913.7667,  1.00000000,1,0,0.025000000000000001,0.5
1913.8000,  1.00000000,1,0,0.0,0.5
1913.8333,  1.00000000,1,0,0.0,0.5
1913.8667,  1.00000000,1,0,0.0,0.5
1913.9000,  1.00000000,1,0,0.0,0.5
1913.9333,  1.00000000,1,0,0.0,0.5
1913.9667,  1.00000000,1,0,0.0,0.5
1914.0000,  1.00000000,1,0,0.0,0.5
1914.0333,  1.00000000,1,0,0.0,0.5
1914.0667,  1.00000000,1,0,0.0,0.5
1914.1000,  1.00000000,1,0,0.0,0.5
1914.1333,  1.00000000,1,0,0.0,0.5
1914.1667,  1.00000000,1,0,0.0,0.5
1914.2000,  1.00000000,1,0,0.0,0.5
1914.2333,  1.00000000,1,0,0.0,0.5
1914.2667,  1.00000000,1,0,0.025000000000000001,0.5
1914.3000,  1.00000000,1,0,0.0,0.5
1914.3333,  1.00000000,1,0,0.0,0.5
1914.3667,  1.00000000,1,0,0.0,0.5
1914.4000,  1.00000000,1,0,0.0,0.5
1914.4333,  1.00000000,1,0,0.0,0.5
1914.4667,  1.00000000,1,0,0.0,0.5
1914.5000,  1.00000000,1,0,0.0,0.5
1914.5333,  1.00000000,1,0,0.025000000000000001,0.5
1914.5667,  1.00000000,1,0,0.025000000000000001,0.5
1914.6000,  1.00000000,1,0,0.0,0.5
1914.6333,  1.00000000,1,0,0.0,0.5
1914.6667,  1.00000000,1,0,0.0,0.5
1914.7000,  1.00000000,1,0,0.0,0.5
1914.7333,  1.00000000,1,0,0.0,0.5
1914.7667,  1.00000000,1,0,0.0,0.5
1914.8000,  1.00000000,1,0,0.025000000000000001,0.5
1914.8333,  1.00000000,1,0,0.025000000000000001,0.5
1914.8667,  1.00000000,1,0,0.0,0.5
1914.9000,  1.00000000,1,0,0.0,0.5
1914.9333,  1.00000000,1,0,0.0,0.5
1914.9667,  1.00000000,1,0,0.0,0.5
1915.0000,  1.00000000,1,0,0.0,0.5
1915.0333,  1.00000000,1,0,0.0,0.5
1915.0667,  1.00000000,1,0,0.0,0.5
1915.1000,  1.00000000,1,0,0.0,0.5
1915.1333,  1.00000000,1,0,0.0,0.5
1915.1667,  1.00000000,1,0,0.0,0.5
1915.2000,  1.00000000,1,0,0.0,0.5
1915.2333,  1.00000000,1,0,0.0,0.5
1915.2667,  1.00000000,1,0,0.0,0.5
1915.3000,  1.00000000,1,0,0.0,0.5
1915.3333,  1.00000000,1,0,0.025000000000000001,0.5
1915.3667,  1.00000000,1,0,0.0,0.5
1915.4000,  1.00000000,1,0,0.050000000000000003,0.5
1915.4333,  1.00000000,1,0,0.025000000000000001,0.5
1915.4667,  1.00000000,1,0,0.0,0.5
1915.5000,  1.00000000,1,0,0.0,0.5
1915.5333,  1.00000000,1,0,0.0,0.5
1915.5667,  1.00000000,1,0,0.0,0.5
1915.6000,  1.00000000,1,0,0.0,0.5
1915.6333,  1.00000000,1,0,0.025000000000000001,0.5
1915.6667,  1.00000000,1,0,0.0,0.5
1915.7000,  1.00000000,1,0,0.0,0.5
1915.7333,  1.00000000,1,0,0.0,0.5
1915.7667,  1.00000000,1,0,0.0,0.5
1915.8000,  1.00000000,1,0,0.0,0.5
1915.8333,  1.00000000,1,0,0.0,0.5
1915.8667,  1.00000000,1,0,0.0,0.5
1915.9000,  1.00000000,1,0,0.0,0.5
1915.9333,  1.00000000,1,0,0.0,0.5
1915.9667,  1.00000000,1,0,0.0,0.5
1916.0000,  1.00000000,1,0,0.0,0.5
1916.0333,  1.00000000,1,0,0.0,0.5
1916.0667,  1.00000000,1,0,0.0,0.5
1916.1000,  1.00000000,1,0,0.0,0.5
1916.1333,  1.00000000,1,0,0.0,0.5
1916.1667,  1.00000000,1,0,0.0,0.5
1916.2000,  1.00000000,1,0,0.0,0.5
1916.2333,  1.00000000,1,0,0.0,0.5
1916.2667,  1.00000000,1,0,0.025000000000000001,0.5
1916.3000,  1.00000000,1,0,0.0,0.5
1916.3333,  1.00000000,1,0,0.0,0.5
1916.3667,  1.00000000,1,0,0.025000000000000001,0.5
1916.4000,  1.00000000,1,0,0.0,0.5
1916.4333,  1.00000000,1,0,0.0,0.5
1916.4667,  1.00000000,1,0,0.025000000000000001,0.5
1916.5000,  1.00000000,1,0,0.0,0.5
1916.5333,  1.00000000,1,0,0.0,0.5
1916.5667,  1.00000000,1,0,0.0,0.5
1916.6000,  1.00000000,1,0,0.0,0.5
1916.6333,  1.00000000,1,0,0.0,0.5
1916.6667,  1.00000000,1,0,0.0,0.5
1916.7000,  1.00000000,1,0,0.025000000000000001,0.5
1916.7333,  1.00000000,1,0,0.0,0.5
1916.7667,  1.00000000,1,0,0.0,0.5
1916.8000,  1.00000000,1,0,0.0,0.5
1916.8333,  1.00000000,1,0,0.0,0.5
1916.8667,  1.00000000,1,0,0.0,0.5
1916.9000,  1.00000000,1,0,0.0,0.5
1916.9333,  1.00000000,1,0,0.0,0.5
1916.9667,  1.00000000,1,0,0.0,0.5
1917.0000,  1.00000000,1,0,0.0,0.5
1917.0333,  1.00000000,1,0,0.0,0.5
1917.0667,  1.00000000,1,0,0.0,0.5
1917.1000,  1.00000000,1,0,0.0,0.5
1917.1333,  1.00000000,1,0,0.0,0.5
1917.1667,  1.00000000,1,0,0.0,0.5
1917.2000,  1.00000000,1,0,0.0,0.5
1917.2333,  1.00000000,1,0,0.0,0.5
1917.2667,  1.00000000,1,0,0.0,0.5
1917.3000,  1.00000000,1,0,0.0,0.5
1917.3333,  1.00000000,1,0,0.0,0.5
1917.3667,  1.00000000,1,0,0.0,0.5
1917.4000,  1.00000000,1,0,0.0,0.5
1917.4333,  1.00000000,1,0,0.0,0.5
1917.4667,  1.00000000,1,0,0.0,0.5
1917.5000,  1.00000000,1,0,0.0,0.5
1917.5333,  1.00000000,1,0,0.0,0.5
1917.5667,  1.00000000,1,0,0.0,0.5
1917.6000,  1.00000000,1,0,0.0,0.5
1917.6333,  1.00000000,1,0,0.0,0.5
1917.6667,  1.00000000,1,0,0.0,0.5
1917.7000,  1.00000000,1,0,0.0,0.5
1917.7333,  1.00000000,1,0,0.0,0.5
1917.7667,  1.00000000,1,0,0.0,0.5
1917.8000,  1.00000000,1,0,0.0,0.5
1917.8333,  1.00000000,1,0,0.0,0.5
1917.8667,  1.00000000,1,0,0.025000000000000001,0.5
1917.9000,  1.00000000,1,0,0.0,0.5
1917.9333,  1.00000000,1,0,0.0,0.5
1917.9667,  1.00000000,1,0,0.0,0.5
1918.0000,  1.00000000,1,0,0.0,0.5
1918.0333,  1.00000000,1,0,0.0,0.5
1918.0667,  1.00000000,1,0,0.0,0.5
1918.1000,  1.00000000,1,0,0.0,0.5
1918.1333,  1.00000000,1,0,0.0,0.5
1918.1667,  1.00000000,1,0,0.0,0.5
1918.2000,  1.00000000,1,0,0.0,0.5
1918.2333,  1.00000000,1,0,0.0,0.5
1918.2667,  1.00000000,1,0,0.0,0.5
1918.3000,  1.00000000,1,0,0.0,0.5
1918.3333,  1.00000000,1,0,0.0,0.5
1918.3667,  1.00000000,1,0,0.0,0.5
1918.4000,  1.00000000,1,0,0.0,0.5
1918.4333,  1.00000000,1,0,0.0,0.5
1918.4667,  1.00000000,1,0,0.0,0.5
1918.5000,  1.00000000,1,0,0.0,0.5
1918.5333,  1.00000000,1,0,0.0,0.5
1918.5667,  1.00000000,1,0,0.0,0.5
1918.6000,  1.00000000,1,0,0.0,0.5
1918.6333,  1.00000000,1,0,0.0,0.5
1918.6667,  1.00000000,1,0,0.0,0.5
1918.7000,  1.00000000,1,0,0.0,0.5
1918.7333,  1.00000000,1,0,0.0,0.5
1918.7667,  1.00000000,1,0,0.025000000000000001,0.5
1918.8000,  1.00000000,1,0,0.0,0.5
1918.8333,  1.00000000,1,0,0.0,0.5
1918.8667,  1.00000000,1,0,0.0,0.5
1918.9000,  1.00000000,1,0,0.0,0.5
1918.9333,  1.00000000,1,0,0.0,0.5
1918.9667,  1.00000000,1,0,0.0,0.5
1919.0000,  1.00000000,1,0,0.0,0.5
1919.0333,  1.00000000,1,0,0.0,0.5
1919.0667,  1.00000000,1,0,0.0,0.5
1919.1000,  1.00000000,1,0,0.025000000000000001,0.5
1919.1333,  1.00000000,1,0,0.0,0.5
1919.1667,  1.00000000,1,0,0.0,0.5
1919.2000,  1.00000000,1,0,0.0,0.5
1919.2333,  1.00000000,1,0,0.0,0.5
1919.2667,  1.00000000,1,0,0.025000000000000001,0.5
1919.3000,  1.00000000,1,0,0.0,0.5
1919.3333,  1.00000000,1,0,0.0,0.5
1919.3667,  1.00000000,1,0,0.0,0.5
1919.4000,  1.00000000,1,0,0.0,0.5
1919.4333,  1.00000000,1,0,0.0,0.5
1919.4667,  1.00000000,1,0,0.0,0.5
1919.5000,  1.00000000,1,0,0.0,0.5
1919.5333,  1.00000000,1,0,0.025000000000000001,0.5
1919.5667,  1.00000000,1,0,0.0,0.5
1919.6000,  1.00000000,1,0,0.0,0.5
1919.6333,  1.00000000,1,0,0.0,0.5
1919.6667,  1.00000000,1,0,0.0,0.5
1919.7000,  1.00000000,1,0,0.0,0.5
1919.7333,  1.00000000,1,0,0.0,0.5
1919.7667,  1.00000000,1,0,0.0,0.5
1919.8000,  1.00000000,1,0,0.025000000000000001,0.5
1919.8333,  1.00000000,1,0,0.0,0.5
1919.8667,  1.00000000,1,0,0.0,0.5
1919.9000,  1.00000000,1,0,0.0,0.5
1919.9333,  1.00000000,1,0,0.0,0.5
1919.9667,  1.00000000,1,0,0.0,0.5
1920.0000,  1.00000000,1,0,0.0,0.5
1920.0333,  1.00000000,1,0,0.0,0.5
1920.0667,  1.00000000,1,0,0.0,0.5
1920.1000,  1.00000000,1,0,0.0,0.5
1920.1333,  1.00000000,1,0,0.0,0.5
1920.1667,  1.00000000,1,0,0.0,0.5
1920.2000,  1.00000000,1,0,0.0,0.5
1920.2333,  1.00000000,1,0,0.0,0.5
1920.2667,  1.00000000,1,0,0.0,0.5
1920.3000,  1.00000000,1,0,0.0,0.5
1920.3333,  1.00000000,1,0,0.0,0.5
1920.3667,  1.00000000,1,0,0.0,0.5
1920.4000,  1.00000000,1,0,0.0,0.5
1920.4333,  1.00000000,1,0,0.0,0.5
1920.4667,  1.00000000,1,0,0.0,0.5
1920.5000,  1.00000000,1,0,0.0,0.5
1920.5333,  1.00000000,1,0,0.0,0.5
1920.5667,  1.00000000,1,0,0.0,0.5
1920.6000,  1.00000000,1,0,0.025000000000000001,0.5
1920.6333,  1.00000000,1,0,0.0,0.5
1920.6667,  1.00000000,1,0,0.0,0.5
1920.7000,  1.00000000,1,0,0.0,0.5
1920.7333,  1.00000000,1,0,0.0,0.5
1920.7667,  1.00000000,1,0,0.0,0.5
1920.8000,  1.00000000,1,0,0.0,0.5
1920.8333,  1.00000000,1,0,0.0,0.5
1920.8667,  1.00000000,1,0,0.0,0.5
1920.9000,  1.00000000,1,0,0.025000000000000001,0.5
1920.9333,  1.00000000,1,0,0.0,0.5
1920.9667,  1.00000000,1,0,0.0,0.5
1921.0000,  1.00000000,1,0,0.0,0.5
1921.0333,  1.00000000,1,0,0.0,0.5
1921.0667,  1.00000000,1,0,0.0,0.5
1921.1000,  1.00000000,1,0,0.0,0.5
1921.1333,  1.00000000,1,0,0.0,0.5
1921.1667,  1.00000000,1,0,0.0,0.5
1921.2000,  1.00000000,1,0,0.0,0.5
1921.2333,  1.00000000,1,0,0.0,0.5
1921.2667,  1.00000000,1,0,0.0,0.5
1921.3000,  1.00000000,1,0,0.0,0.5
1921.3333,  1.00000000,1,0,0.0,0.5
1921.3667,  1.00000000,1,0,0.0,0.5
1921.4000,  1.00000000,1,0,0.0,0.5
1921.4333,  1.00000000,1,0,0.0,0.5
1921.4667,  1.00000000,1,0,0.0,0.5
1921.5000,  1.00000000,1,0,0.0,0.5
1921.5333,  1.00000000,1,0,0.0,0.5
1921.5667,  1.00000000,1,0,0.0,0.5
1921.6000,  1.00000000,1,0,0.0,0.5
1921.6333,  1.00000000,1,0,0.0,0.5
1921.6667,  1.00000000,1,0,0.0,0.5
1921.7000,  1.00000000,1,0,0.0,0.5
1921.7333,  1.00000000,1,0,0.0,0.5
1921.7667,  1.00000000,1,0,0.0,0.5
1921.8000,  1.00000000,1,0,0.0,0.5
1921.8333,  1.00000000,1,0,0.0,0.5
1921.8667,  1.00000000,1,0,0.0,0.5
1921.9000,  1.00000000,1,0,0.0,0.5
1921.9333,  1.00000000,1,0,0.0,0.5
1921.9667,  1.00000000,1,0,0.025000000000000001,0.5
1922.0000,  1.00000000,1,0,0.0,0.5
1922.0333,  1.00000000,1,0,0.025000000000000001,0.5
1922.0667,  1.00000000,1,0,0.0,0.5
1922.1000,  1.00000000,1,0,0.0,0.5
1922.1333,  1.00000000,1,0,0.0,0.5
1922.1667,  1.00000000,1,0,0.0,0.5
1922.2000,  1.00000000,1,0,0.0,0.5
1922.2333,  1.00000000,1,0,0.0,0.5
1922.2667,  1.00000000,1,0,0.025000000000000001,0.5
1922.3000,  1.00000000,1,0,0.0,0.5
1922.3333,  1.00000000,1,0,0.0,0.5
1922.3667,  1.00000000,1,0,0.0,0.5
1922.4000,  1.00000000,1,0,0.0,0.5
1922.4333,  1.00000000,1,0,0.0,0.5
1922.4667,  1.00000000,1,0,0.0,0.5
1922.5000,  1.00000000,1,0,0.0,0.5
1922.5333,  1.00000000,1,0,0.0,0.5
1922.5667,  1.00000000,1,0,0.0,0.5
1922.6000,  1.00000000,1,0,0.0,0.5
1922.6333,  1.00000000,1,0,0.0,0.5
1922.6667,  1.00000000,1,0,0.0,0.5
1922.7000,  1.00000000,1,0,0.0,0.5
1922.7333,  1.00000000,1,0,0.0,0.5
1922.7667,  1.00000000,1,0,0.0,0.5
1922.8000,  1.00000000,1,0,0.0,0.5
1922.8333,  1.00000000,1,0,0.025000000000000001,0.5
1922.8667,  1.00000000,1,0,0.025000000000000001,0.5
1922.9000,  1.00000000,1,0,0.0,0.5
1922.9333,  1.00000000,1,0,0.0,0.5
1922.9667,  1.00000000,1,0,0.0,0.5
1923.0000,  1.00000000,1,0,0.0,0.5
1923.0333,  1.00000000,1,0,0.0,0.5
1923.0667,  1.00000000,1,0,0.0,0.5
1923.1000,  1.00000000,1,0,0.0,0.5
1923.1333,  1.00000000,1,0,0.0,0.5
1923.1667,  1.00000000,1,0,0.025000000000000001,0.5
1923.2000,  1.00000000,1,0,0.0,0.5
1923.2333,  1.00000000,1,0,0.0,0.5
1923.2667,  1.00000000,1,0,0.0,0.5
1923.3000,  1.00000000,1,0,0.0,0.5
1923.3333,  1.00000000,1,0,0.025000000000000001,0.5
1923.3667,  1.00000000,1,0,0.025000000000000001,0.5
1923.4000,  1.00000000,1,0,0.0,0.5
1923.4333,  1.00000000,1,0,0.0,0.5
1923.4667,  1.00000000,1,0,0.0,0.5
1923.5000,  1.00000000,1,0,0.0,0.5
1923.5333,  1.00000000,1,0,0.0,0.5
1923.5667,  1.00000000,1,0,0.0,0.5
1923.6000,  1.00000000,1,0,0.0,0.5
1923.6333,  1.00000000,1,0,0.025000000000000001,0.5
1923.6667,  1.00000000,1,0,0.0,0.5
1923.7000,  1.00000000,1,0,0.0,0.5
1923.7333,  1.00000000,1,0,0.0,0.5
1923.7667,  1.00000000,1,0,0.0,0.5
1923.8000,  1.00000000,1,0,0.0,0.5
1923.8333,  1.00000000,1,0,0.0,0.5
1923.8667,  1.00000000,1,0,0.0,0.5
1923.9000,  1.00000000,1,0,0.0,0.5
1923.9333,  1.00000000,1,0,0.0,0.5
1923.9667,  1.00000000,1,0,0.0,0.5
1924.0000,  1.00000000,1,0,0.0,0.5
1924.0333,  1.00000000,1,0,0.0,0.5
1924.0667,  1.00000000,1,0,0.0,0.5
1924.1000,  1.00000000,1,0,0.0,0.5
1924.1333,  1.00000000,1,0,0.0,0.5
1924.1667,  1.00000000,1,0,0.0,0.5
1924.2000,  1.00000000,1,0,0.0,0.5
1924.2333,  1.00000000,1,0,0.0,0.5
1924.2667,  1.00000000,1,0,0.0,0.5
1924.3000,  1.00000000,1,0,0.025000000000000001,0.5
1924.3333,  1.00000000,1,0,0.0,0.5
1924.3667,  1.00000000,1,0,0.0,0.5
1924.4000,  1.00000000,1,0,0.0,0.5
1924.4333,  1.00000000,1,0,0.0,0.5
1924.4667,  1.00000000,1,0,0.0,0.5
1924.5000,  1.00000000,1,0,0.0,0.5
1924.5333,  1.00000000,1,0,0.0,0.5
1924.5667,  1.00000000,1,0,0.025000000000000001,0.5
1924.6000,  1.00000000,1,0,0.0,0.5
1924.6333,  1.00000000,1,0,0.0,0.5
1924.6667,  1.00000000,1,0,0.0,0.5
1924.7000,  1.00000000,1,0,0.025000000000000001,0.5
1924.7333,  1.00000000,1,0,0.0,0.5
1924.7667,  1.00000000,1,0,0.0,0.5
1924.8000,  1.00000000,1,0,0.0,0.5
1924.8333,  1.00000000,1,0,0.0,0.5
1924.8667,  1.00000000,1,0,0.025000000000000001,0.5
1924.9000,  1.00000000,1,0,0.0,0.5
1924.9333,  1.00000000,1,0,0.0,0.5
1924.9667,  1.00000000,1,0,0.025000000000000001,0.5
1925.0000,  1.00000000,1,0,0.0,0.5
1925.0333,  1.00000000,1,0,0.025000000000000001,0.5
1925.0667,  1.00000000,1,0,0.025000000000000001,0.5
1925.1000,  1.00000000,1,0,0.0,0.5
1925.1333,  1.00000000,1,0,0.0,0.5
1925.1667,  1.00000000,1,0,0.0,0.5
1925.2000,  1.00000000,1,0,0.0,0.5
1925.2333,  1.00000000,1,0,0.0,0.5
1925.2667,  1.00000000,1,0,0.0,0.5
1925.3000,  1.00000000,1,0,0.0,0.5
1925.3333,  1.00000000,1,0,0.0,0.5
1925.3667,  1.00000000,1,0,0.0,0.5
1925.4000,  1.00000000,1,0,0.0,0.5
1925.4333,  1.00000000,1,0,0.025000000000000001,0.5
1925.4667,  1.00000000,1,0,0.0,0.5
1925.5000,  1.00000000,1,0,0.025000000000000001,0.5
1925.5333,  1.00000000,1,0,0.0,0.5
1925.5667,  1.00000000,1,0,0.0,0.5
1925.6000,  1.00000000,1,0,0.0,0.5
1925.6333,  1.00000000,1,0,0.025000000000000001,0.5
1925.6667,  1.00000000,1,0,0.0,0.5
1925.7000,  1.00000000,1,0,0.0,0.5
1925.7333,  1.00000000,1,0,0.025000000000000001,0.5
1925.7667,  1.00000000,1,0,0.0,0.5
1925.8000,  1.00000000,1,0,0.0,0.5
1925.8333,  1.00000000,1,0,0.0,0.5
1925.8667,  1.00000000,1,0,0.0,0.5
1925.9000,  1.00000000,1,0,0.025000000000000001,0.5
1925.9333,  1.00000000,1,0,0.0,0.5
1925.9667,  1.00000000,1,0,0.025000000000000001,0.5
1926.0000,  1.00000000,1,0,0.0,0.5
1926.0333,  1.00000000,1,0,0.0,0.5
1926.0667,  1.00000000,1,0,0.0,0.5
1926.1000,  1.00000000,1,0,0.0,0.5
1926.1333,  1.00000000,1,0,0.0,0.5
1926.1667,  1.00000000,1,0,0.0,0.5
1926.2000,  1.00000000,1,0,0.0,0.5
1926.2333,  1.00000000,1,0,0.0,0.5
1926.2667,  1.00000000,1,0,0.0,0.5
1926.3000,  1.00000000,1,0,0.0,0.5
1926.3333,  1.00000000,1,0,0.0,0.5
1926.3667,  1.00000000,1,0,0.0,0.5
1926.4000,  1.00000000,1,0,0.0,0.5
1926.4333,  1.00000000,1,0,0.0,0.5
1926.4667,  1.00000000,1,0,0.0,0.5
1926.5000,  1.00000000,1,0,0.0,0.5
1926.5333,  1.00000000,1,0,0.0,0.5
1926.5667,  1.00000000,1,0,0.0,0.5
1926.6000,  1.00000000,1,0,0.0,0.5
1926.6333,  1.00000000,1,0,0.025000000000000001,0.5
1926.6667,  1.00000000,1,0,0.025000000000000001,0.5
1926.7000,  1.00000000,1,0,0.0,0.5
1926.7333,  1.00000000,1,0,0.050000000000000003,0.5
1926.7667,  1.00000000,1,0,0.0,0.5
1926.8000,  1.00000000,1,0,0.0,0.5
1926.8333,  1.00000000,1,0,0.0,0.5
1926.8667,  1.00000000,1,0,0.0,0.5
1926.9000,  1.00000000,1,0,0.0,0.5
1926.9333,  1.00000000,1,0,0.0,0.5
1926.9667,  1.00000000,1,0,0.0,0.5
1927.0000,  1.00000000,1,0,0.0,0.5
1927.0333,  1.00000000,1,0,0.0,0.5
1927.0667,  1.00000000,1,0,0.0,0.5
1927.1000,  1.00000000,1,0,0.0,0.5
1927.1333,  1.00000000,1,0,0.0,0.5
1927.1667,  1.00000000,1,0,0.0,0.5
1927.2000,  1.00000000,1,0,0.0,0.5
1927.2333,  1.00000000,1,0,0.0,0.5
1927.2667,  1.00000000,1,0,0.0,0.5
1927.3000,  1.00000000,1,0,0.0,0.5
1927.3333,  1.00000000,1,0,0.0,0.5
1927.3667,  1.00000000,1,0,0.0,0.5
1927.4000,  1.00000000,1,0,0.0,0.5
1927.4333,  1.00000000,1,0,0.0,0.5
1927.4667,  1.00000000,1,0,0.025000000000000001,0.5
1927.5000,  1.00000000,1,0,0.0,0.5
1927.5333,  1.00000000,1,0,0.0,0.5
1927.5667,  1.00000000,1,0,0.0,0.5
1927.6000,  1.00000000,1,0,0.0,0.5
1927.6333,  1.00000000,1,0,0.0,0.5
1927.6667,  1.00000000,1,0,0.0,0.5
1927.7000,  1.00000000,1,0,0.0,0.5
1927.7333,  1.00000000,1,0,0.0,0.5
1927.7667,  1.00000000,1,0,0.025000000000000001,0.5
1927.8000,  1.00000000,1,0,0.0,0.5
1927.8333,  1.00000000,1,0,0.0,0.5
1927.8667,  1.00000000,1,0,0.0,0.5
1927.9000,  1.00000000,1,0,0.0,0.5
1927.9333,  1.00000000,1,0,0.0,0.5
1927.9667,  1.00000000,1,0,0.0,0.5
1928.0000,  1.00000000,1,0,0.0,0.5
1928.0333,  1.00000000,1,0,0.0,0.5
1928.0667,  1.00000000,1,0,0.0,0.5
1928.1000,  1.00000000,1,0,0.025000000000000001,0.5
1928.1333,  1.00000000,1,0,0.0,0.5
1928.1667,  1.00000000,1,0,0.0,0.5
1928.2000,  1.00000000,1,0,0.0,0.5
1928.2333,  1.00000000,1,0,0.025000000000000001,0.5
1928.2667,  1.00000000,1,0,0.0,0.5
1928.3000,  1.00000000,1,0,0.0,0.5
1928.3333,  1.00000000,1,0,0.0,0.5
1928.3667,  1.00000000,1,0,0.0,0.5
1928.4000,  1.00000000,1,0,0.0,0.5
1928.4333,  1.00000000,1,0,0.0,0.5
1928.4667,  1.00000000,1,0,0.0,0.5
1928.5000,  1.00000000,1,0,0.0,0.5
1928.5333,  1.00000000,1,0,0.0,0.5
1928.5667,  1.00000000,1,0,0.0,0.5
1928.6000,  1.00000000,1,0,0.0,0.5
1928.6333,  1.00000000,1,0,0.0,0.5
1928.6667,  1.00000000,1,0,0.0,0.5
1928.7000,  1.00000000,1,0,0.0,0.5
1928.7333,  1.00000000,1,0,0.0,0.5
1928.7667,  1.00000000,1,0,0.0,0.5
1928.8000,  1.00000000,1,0,0.0,0.5
1928.8333,  1.00000000,1,0,0.0,0.5
1928.8667,  1.00000000,1,0,0.0,0.5
1928.9000,  1.00000000,1,0,0.0,0.5
1928.9333,  1.00000000,1,0,0.025000000000000001,0.5
1928.9667,  1.00000000,1,0,0.025000000000000001,0.5
1929.0000,  1.00000000,1,0,0.0,0.5
1929.0333,  1.00000000,1,0,0.0,0.5
1929.0667,  1.00000000,1,0,0.025000000000000001,0.5
1929.1000,  1.00000000,1,0,0.0,0.5
1929.1333,  1.00000000,1,0,0.025000000000000001,0.5
1929.1667,  1.00000000,1,0,0.0,0.5
1929.2000,  1.00000000,1,0,0.025000000000000001,0.5
1929.2333,  1.00000000,1,0,0.025000000000000001,0.5
1929.2667,  1.00000000,1,0,0.0,0.5
1929.3000,  1.00000000,1,0,0.0,0.5
1929.3333,  1.00000000,1,0,0.0,0.5
1929.3667,  1.00000000,1,0,0.0,0.5
1929.4000,  1.00000000,1,0,0.025000000000000001,0.5
1929.4333,  1.00000000,1,0,0.0,0.5
1929.4667,  1.00000000,1,0,0.025000000000000001,0.5
1929.5000,  1.00000000,1,0,0.025000000000000001,0.5
1929.5333,  1.00000000,1,0,0.025000000000000001,0.5
1929.5667,  1.00000000,1,0,0.025000000000000001,0.5
1929.6000,  1.00000000,1,0,0.0,0.5
1929.6333,  1.00000000,1,0,0.025000000000000001,0.5
1929.6667,  1.00000000,1,0,0.0,0.5
1929.7000,  1.00000000,1,0,0.0,0.5
1929.7333,  1.00000000,1,0,0.0,0.5
1929.7667,  1.00000000,1,0,0.025000000000000001,0.5
1929.8000,  1.00000000,1,0,0.0,0.5
1929.8333,  1.00000000,1,0,0.0,0.5
1929.8667,  1.00000000,1,0,0.0,0.5
1929.9000,  1.00000000,1,0,0.0,0.5
1929.9333,  1.00000000,1,0,0.0,0.5
1929.9667,  1.00000000,1,0,0.0,0.5
1930.0000,  1.00000000,1,0,0.025000000000000001,0.5
1930.0333,  1.00000000,1,0,0.0,0.5
1930.0667,  1.00000000,1,0,0.025000000000000001,0.5
1930.1000,  1.00000000,1,0,0.0,0.5
1930.1333,  1.00000000,1,0,0.0,0.5
1930.1667,  1.00000000,1,0,0.0,0.5
1930.2000,  1.00000000,1,0,0.0,0.5
1930.2333,  1.00000000,1,0,0.0,0.5
1930.2667,  1.00000000,1,0,0.0,0.5
1930.3000,  1.00000000,1,0,0.0,0.5
1930.3333,  1.00000000,1,0,0.025000000000000001,0.5
1930.3667,  1.00000000,1,0,0.0,0.5
1930.4000,  1.00000000,1,0,0.0,0.5
1930.4333,  1.00000000,1,0,0.0,0.5
1930.4667,  1.00000000,1,0,0.0,0.5
1930.5000,  1.00000000,1,0,0.0,0.5
1930.5333,  1.00000000,1,0,0.0,0.5
1930.5667,  1.00000000,1,0,0.0,0.5
1930.6000,  1.00000000,1,0,0.0,0.5
1930.6333,  1.00000000,1,0,0.0,0.5
1930.6667,  1.00000000,1,0,0.0,0.5
1930.7000,  1.00000000,1,0,0.0,0.5
1930.7333,  1.00000000,1,0,0.0,0.5
1930.7667,  1.00000000,1,0,0.0,0.5
1930.8000,  1.00000000,1,0,0.025000000000000001,0.5
1930.8333,  1.00000000,1,0,0.0,0.5
1930.8667,  1.00000000,1,0,0.0,0.5
1930.9000,  1.00000000,1,0,0.0,0.5
1930.9333,  1.00000000,1,0,0.0,0.5
1930.9667,  1.00000000,1,0,0.0,0.5
1931.0000,  1.00000000,1,0,0.0,0.5
1931.0333,  1.00000000,1,0,0.0,0.5
1931.0667,  1.00000000,1,0,0.0,0.5
1931.1000,  1.00000000,1,0,0.0,0.5
1931.1333,  1.00000000,1,0,0.0,0.5
1931.1667,  1.00000000,1,0,0.0,0.5
1931.2000,  1.00000000,1,0,0.0,0.5
1931.2333,  1.00000000,1,0,0.0,0.5
1931.2667,  1.00000000,1,0,0.0,0.5
1931.3000,  1.00000000,1,0,0.0,0.5
1931.3333,  1.00000000,1,0,0.0,0.5
1931.3667,  1.00000000,1,0,0.0,0.5
1931.4000,  1.00000000,1,0,0.0,0.5
1931.4333,  1.00000000,1,0,0.0,0.5
1931.4667,  1.00000000,1,0,0.0,0.5
1931.5000,  1.00000000,1,0,0.0,0.5
1931.5333,  1.00000000,1,0,0.0,0.5
1931.5667,  1.00000000,1,0,0.0,0.5
1931.6000,  1.00000000,1,0,0.0,0.5
1931.6333,  1.00000000,1,0,0.0,0.5
1931.6667,  1.00000000,1,0,0.0,0.5
1931.7000,  1.00000000,1,0,0.0,0.5
1931.7333,  1.00000000,1,0,0.0,0.5
1931.7667,  1.00000000,1,0,0.0,0.5
1931.8000,  1.00000000,1,0,0.025000000000000001,0.5
1931.8333,  1.00000000,1,0,0.0,0.5
1931.8667,  1.00000000,1,0,0.0,0.5
1931.9000,  1.00000000,1,0,0.0,0.5
1931.9333,  1.00000000,1,0,0.0,0.5
1931.9667,  1.00000000,1,0,0.0,0.5
1932.0000,  1.00000000,1,0,0.0,0.5
1932.0333,  1.00000000,1,0,0.0,0.5
1932.0667,  1.00000000,1,0,0.0,0.5
1932.1000,  1.00000000,1,0,0.0,0.5
1932.1333,  1.00000000,1,0,0.050000000000000003,0.5
1932.1667,  1.00000000,1,0,0.0,0.5
1932.2000,  1.00000000,1,0,0.0,0.5
1932.2333,  1.00000000,1,0,0.025000000000000001,0.5
1932.2667,  1.00000000,1,0,0.0,0.5
1932.3000,  1.00000000,1,0,0.0,0.5
1932.3333,  1.00000000,1,0,0.0,0.5
1932.3667,  1.00000000,1,0,0.0,0.5
1932.4000,  1.00000000,1,0,0.025000000000000001,0.5
1932.4333,  1.00000000,1,0,0.0,0.5
1932.4667,  1.00000000,1,0,0.0,0.5
1932.5000,  1.00000000,1,0,0.0,0.5
1932.5333,  1.00000000,1,0,0.025000000000000001,0.5
1932.5667,  1.00000000,1,0,0.0,0.5
1932.6000,  1.00000000,1,0,0.0,0.5
1932.6333,  1.00000000,1,0,0.025000000000000001,0.5
1932.6667,  1.00000000,1,0,0.0,0.5
1932.7000,  1.00000000,1,0,0.0,0.5
1932.7333,  1.00000000,1,0,0.0,0.5
1932.7667,  1.00000000,1,0,0.025000000000000001,0.5
1932.8000,  1.00000000,1,0,0.0,0.5
1932.8333,  1.00000000,1,0,0.0,0.5
1932.8667,  1.00000000,1,0,0.0,0.5
1932.9000,  1.00000000,1,0,0.0,0.5
1932.9333,  1.00000000,1,0,0.0,0.5
1932.9667,  1.00000000,1,0,0.0,0.5
1933.0000,  1.00000000,1,0,0.0,0.5
1933.0333,  1.00000000,1,0,0.0,0.5
1933.0667,  1.00000000,1,0,0.0,0.5
1933.1000,  1.00000000,1,0,0.0,0.5
1933.1333,  1.00000000,1,0,0.0,0.5
1933.1667,  1.00000000,1,0,0.025000000000000001,0.5
1933.2000,  1.00000000,1,0,0.0,0.5
1933.2333,  1.00000000,1,0,0.0,0.5
1933.2667,  1.00000000,1,0,0.0,0.5
1933.3000,  1.00000000,1,0,0.0,0.5
1933.3333,  1.00000000,1,0,0.0,0.5
1933.3667,  1.00000000,1,0,0.0,0.5
1933.4000,  1.00000000,1,0,0.0,0.5
1933.4333,  1.00000000,1,0,0.025000000000000001,0.5
1933.4667,  1.00000000,1,0,0.0,0.5
1933.5000,  1.00000000,1,0,0.0,0.5
1933.5333,  1.00000000,1,0,0.0,0.5
1933.5667,  1.00000000,1,0,0.025000000000000001,0.5
1933.6000,  1.00000000,1,0,0.0,0.5
1933.6333,  1.00000000,1,0,0.0,0.5
1933.6667,  1.00000000,1,0,0.0,0.5
1933.7000,  1.00000000,1,0,0.0,0.5
1933.7333,  1.00000000,1,0,0.0,0.5
1933.7667,  1.00000000,1,0,0.0,0.5
1933.8000,  1.00000000,1,0,0.0,0.5
1933.8333,  1.00000000,1,0,0.0,0.5
1933.8667,  1.00000000,1,0,0.0,0.5
1933.9000,  1.00000000,1,0,0.0,0.5
1933.9333,  1.00000000,1,0,0.0,0.5
1933.9667,  1.00000000,1,0,0.0,0.5
1934.0000,  1.00000000,1,0,0.0,0.5
1934.0333,  1.00000000,1,0,0.0,0.5
1934.0667,  1.00000000,1,0,0.0,0.5
1934.1000,  1.00000000,1,0,0.0,0.5
1934.1333,  1.00000000,1,0,0.0,0.5
1934.1667,  1.00000000,1,0,0.0,0.5
1934.2000,  1.00000000,1,0,0.0,0.5
1934.2333,  1.00000000,1,0,0.025000000000000001,0.5
1934.2667,  1.00000000,1,0,0.025000000000000001,0.5
1934.3000,  1.00000000,1,0,0.050000000000000003,0.5
1934.3333,  1.00000000,1,0,0.0,0.5
1934.3667,  1.00000000,1,0,0.0,0.5
1934.4000,  1.00000000,1,0,0.0,0.5
1934.4333,  1.00000000,1,0,0.025000000000000001,0.5
1934.4667,  1.00000000,1,0,0.0,0.5
1934.5000,  1.00000000,1,0,0.0,0.5
1934.5333,  1.00000000,1,0,0.025000000000000001,0.5
1934.5667,  1.00000000,1,0,0.0,0.5
1934.6000,  1.00000000,1,0,0.0,0.5
1934.6333,  1.00000000,1,0,0.0,0.5
1934.6667,  1.00000000,1,0,0.0,0.5
1934.7000,  1.00000000,1,0,0.0,0.5
1934.7333,  1.00000000,1,0,0.0,0.5
1934.7667,  1.00000000,1,0,0.0,0.5
1934.8000,  1.00000000,1,0,0.0,0.5
1934.8333,  1.00000000,1,0,0.0,0.5
1934.8667,  1.00000000,1,0,0.025000000000000001,0.5
1934.9000,  1.00000000,1,0,0.0,0.5
1934.9333,  1.00000000,1,0,0.0,0.5
1934.9667,  1.00000000,1,0,0.0,0.5
1935.0000,  1.00000000,1,0,0.0,0.5
1935.0333,  1.00000000,1,0,0.0,0.5
1935.0667,  1.00000000,1,0,0.025000000000000001,0.5
1935.1000,  1.00000000,1,0,0.0,0.5
1935.1333,  1.00000000,1,0,0.0,0.5
1935.1667,  1.00000000,1,0,0.0,0.5
1935.2000,  1.00000000,1,0,0.0,0.5
1935.2333,  1.00000000,1,0,0.0,0.5
1935.2667,  1.00000000,1,0,0.0,0.5
1935.3000,  1.00000000,1,0,0.0,0.5
1935.3333,  1.00000000,1,0,0.0,0.5
1935.3667,  1.00000000,1,0,0.0,0.5
1935.4000,  1.00000000,1,0,0.0,0.5
1935.4333,  1.00000000,1,0,0.0,0.5
1935.4667,  1.00000000,1,0,0.0,0.5
1935.5000,  1.00000000,1,0,0.0,0.5
1935.5333,  1.00000000,1,0,0.025000000000000001,0.5
1935.5667,  1.00000000,1,0,0.0,0.5
1935.6000,  1.00000000,1,0,0.025000000000000001,0.5
1935.6333,  1.00000000,1,0,0.0,0.5
1935.6667,  1.00000000,1,0,0.0,0.5
1935.7000,  1.00000000,1,0,0.0,0.5
1935.7333,  1.00000000,1,0,0.025000000000000001,0.5
1935.7667,  1.00000000,1,0,0.0,0.5
1935.8000,  1.00000000,1,0,0.0,0.5
1935.8333,  1.00000000,1,0,0.0,0.5
1935.8667,  1.00000000,1,0,0.0,0.5
1935.9000,  1.00000000,1,0,0.025000000000000001,0.5
1935.9333,  1.00000000,1,0,0.0,0.5
1935.9667,  1.00000000,1,0,0.0,0.5
1936.0000,  1.00000000,1,0,0.0,0.5
1936.0333,  1.00000000,1,0,0.0,0.5
1936.0667,  1.00000000,1,0,0.0,0.5
1936.1000,  1.00000000,1,0,0.0,0.5
1936.1333,  1.00000000,1,0,0.0,0.5
1936.1667,  1.00000000,1,0,0.0,0.5
1936.2000,  1.00000000,1,0,0.0,0.5
1936.2333,  1.00000000,1,0,0.0,0.5
1936.2667,  1.00000000,1,0,0.025000000000000001,0.5
1936.3000,  1.00000000,1,0,0.0,0.5
1936.3333,  1.00000000,1,0,0.0,0.5
1936.3667,  1.00000000,1,0,0.0,0.5
1936.4000,  1.00000000,1,0,0.0,0.5
1936.4333,  1.00000000,1,0,0.0,0.5
1936.4667,  1.00000000,1,0,0.0,0.5
1936.5000,  1.00000000,1,0,0.0,0.5
1936.5333,  1.00000000,1,0,0.0,0.5
1936.5667,  1.00000000,1,0,0.0,0.5
1936.6000,  1.00000000,1,0,0.0,0.5
1936.6333,  1.00000000,1,0,0.0,0.5
1936.6667,  1.00000000,1,0,0.025000000000000001,0.5
1936.7000,  1.00000000,1,0,0.0,0.5
1936.7333,  1.00000000,1,0,0.0,0.5
1936.7667,  1.00000000,1,0,0.0,0.5
1936.8000,  1.00000000,1,0,0.0,0.5
1936.8333,  1.00000000,1,0,0.0,0.5
1936.8667,  1.00000000,1,0,0.0,0.5
1936.9000,  1.00000000,1,0,0.0,0.5
1936.9333,  1.00000000,1,0,0.0,0.5
1936.9667,  1.00000000,1,0,0.0,0.5
1937.0000,  1.00000000,1,0,0.0,0.5
1937.0333,  1.00000000,1,0,0.0,0.5
1937.0667,  1.00000000,1,0,0.025000000000000001,0.5
1937.1000,  1.00000000,1,0,0.0,0.5
1937.1333,  1.00000000,1,0,0.0,0.5
1937.1667,  1.00000000,1,0,0.0,0.5
1937.2000,  1.00000000,1,0,0.0,0.5
1937.2333,  1.00000000,1,0,0.0,0.5
1937.2667,  1.00000000,1,0,0.0,0.5
1937.3000,  1.00000000,1,0,0.0,0.5
1937.3333,  1.00000000,1,0,0.0,0.5
1937.3667,  1.00000000,1,0,0.0,0.5
1937.4000,  1.00000000,1,0,0.0,0.5
1937.4333,  1.00000000,1,0,0.0,0.5
1937.4667,  1.00000000,1,0,0.0,0.5
1937.5000,  1.00000000,1,0,0.0,0.5
1937.5333,  1.00000000,1,0,0.0,0.5
1937.5667,  1.00000000,1,0,0.0,0.5
1937.6000,  1.00000000,1,0,0.0,0.5
1937.6333,  1.00000000,1,0,0.0,0.5
1937.6667,  1.00000000,1,0,0.0,0.5
1937.7000,  1.00000000,1,0,0.0,0.5
1937.7333,  1.00000000,1,0,0.0,0.5
1937.7667,  1.00000000,1,0,0.0,0.5
1937.8000,  1.00000000,1,0,0.0,0.5
1937.8333,  1.00000000,1,0,0.0,0.5
1937.8667,  1.00000000,1,0,0.0,0.5
1937.9000,  1.00000000,1,0,0.0,0.5
1937.9333,  1.00000000,1,0,0.0,0.5
1937.9667,  1.00000000,1,0,0.0,0.5
1938.0000,  1.00000000,1,0,0.0,0.5
1938.0333,  1.00000000,1,0,0.0,0.5
1938.0667,  1.00000000,1,0,0.0,0.5
1938.1000,  1.00000000,1,0,0.025000000000000001,0.5
1938.1333,  1.00000000,1,0,0.0,0.5
1938.1667,  1.00000000,1,0,0.025000000000000001,0.5
1938.2000,  1.00000000,1,0,0.025000000000000001,0.5
1938.2333,  1.00000000,1,0,0.0,0.5
1938.2667,  1.00000000,1,0,0.0,0.5
1938.3000,  1.00000000,1,0,0.0,0.5
1938.3333,  1.00000000,1,0,0.0,0.5
1938.3667,  1.00000000,1,0,0.0,0.5
1938.4000,  1.00000000,1,0,0.0,0.5
1938.4333,  1.00000000,1,0,0.025000000000000001,0.5
1938.4667,  1.00000000,1,0,0.0,0.5
1938.5000,  1.00000000,1,0,0.025000000000000001,0.5
1938.5333,  1.00000000,1,0,0.0,0.5
1938.5667,  1.00000000,1,0,0.025000000000000001,0.5
1938.6000,  1.00000000,1,0,0.0,0.5
1938.6333,  1.00000000,1,0,0.025000000000000001,0.5
1938.6667,  1.00000000,1,0,0.0,0.5
1938.7000,  1.00000000,1,0,0.0,0.5
1938.7333,  1.00000000,1,0,0.0,0.5
1938.7667,  1.00000000,1,0,0.0,0.5
1938.8000,  1.00000000,1,0,0.0,0.5
1938.8333,  1.00000000,1,0,0.0,0.5
1938.8667,  1.00000000,1,0,0.0,0.5
1938.9000,  1.00000000,1,0,0.0,0.5
1938.9333,  1.00000000,1,0,0.025000000000000001,0.5
1938.9667,  1.00000000,1,0,0.0,0.5
1939.0000,  1.00000000,1,0,0.0,0.5
1939.0333,  1.00000000,1,0,0.025000000000000001,0.5
1939.0667,  1.00000000,1,0,0.0,0.5
1939.1000,  1.00000000,1,0,0.0,0.5
1939.1333,  1.00000000,1,0,0.0,0.5
1939.1667,  1.00000000,1,0,0.0,0.5
1939.2000,  1.00000000,1,0,0.0,0.5
1939.2333,  1.00000000,1,0,0.0,0.5
1939.2667,  1.00000000,1,0,0.0,0.5
1939.3000,  1.00000000,1,0,0.025000000000000001,0.5
1939.3333,  1.00000000,1,0,0.0,0.5
1939.3667,  1.00000000,1,0,0.0,0.5
1939.4000,  1.00000000,1,0,0.0,0.5
1939.4333,  1.00000000,1,0,0.0,0.5
1939.4667,  1.00000000,1,0,0.0,0.5
1939.5000,  1.00000000,1,0,0.0,0.5
1939.5333,  1.00000000,1,0,0.025000000000000001,0.5
1939.5667,  1.00000000,1,0,0.0,0.5
1939.6000,  1.00000000,1,0,0.0,0.5
1939.6333,  1.00000000,1,0,0.0,0.5
1939.6667,  1.00000000,1,0,0.0,0.5
1939.7000,  1.00000000,1,0,0.0,0.5
1939.7333,  1.00000000,1,0,0.0,0.5
1939.7667,  1.00000000,1,0,0.0,0.5
1939.8000,  1.00000000,1,0,0.0,0.5
1939.8333,  1.00000000,1,0,0.0,0.5
1939.8667,  1.00000000,1,0,0.0,0.5
1939.9000,  1.00000000,1,0,0.0,0.5
1939.9333,  1.00000000,1,0,0.0,0.5
1939.9667,  1.00000000,1,0,0.0,0.5
1940.0000,  1.00000000,1,0,0.0,0.5
1940.0333,  1.00000000,1,0,0.0,0.5
1940.0667,  1.00000000,1,0,0.0,0.5
1940.1000,  1.00000000,1,0,0.0,0.5
1940.1333,  1.00000000,1,0,0.0,0.5
1940.1667,  1.00000000,1,0,0.0,0.5
1940.2000,  1.00000000,1,0,0.0,0.5
1940.2333,  1.00000000,1,0,0.0,0.5
1940.2667,  1.00000000,1,0,0.0,0.5
1940.3000,  1.00000000,1,0,0.0,0.5
1940.3333,  1.00000000,1,0,0.0,0.5
1940.3667,  1.00000000,1,0,0.0,0.5
1940.4000,  1.00000000,1,0,0.025000000000000001,0.5
1940.4333,  1.00000000,1,0,0.0,0.5
1940.4667,  1.00000000,1,0,0.0,0.5
1940.5000,  1.00000000,1,0,0.0,0.5
1940.5333,  1.00000000,1,0,0.0,0.5
1940.5667,  1.00000000,1,0,0.0,0.5
1940.6000,  1.00000000,1,0,0.0,0.5
1940.6333,  1.00000000,1,0,0.0,0.5
1940.6667,  1.00000000,1,0,0.0,0.5
1940.7000,  1.00000000,1,0,0.0,0.5
1940.7333,  1.00000000,1,0,0.0,0.5
1940.7667,  1.00000000,1,0,0.0,0.5
1940.8000,  1.00000000,1,0,0.0,0.5
1940.8333,  1.00000000,1,0,0.025000000000000001,0.5
1940.8667,  1.00000000,1,0,0.0,0.5
1940.9000,  1.00000000,1,0,0.0,0.5
1940.9333,  1.00000000,1,0,0.0,0.5
1940.9667,  1.00000000,1,0,0.0,0.5
1941.0000,  1.00000000,1,0,0.0,0.5
1941.0333,  1.00000000,1,0,0.0,0.5
1941.0667,  1.00000000,1,0,0.0,0.5
1941.1000,  1.00000000,1,0,0.0,0.5
1941.1333,  1.00000000,1,0,0.0,0.5
1941.1667,  1.00000000,1,0,0.0,0.5
1941.2000,  1.00000000,1,0,0.0,0.5
1941.2333,  1.00000000,1,0,0.0,0.5
1941.2667,  1.00000000,1,0,0.0,0.5
1941.3000,  1.00000000,1,0,0.0,0.5
1941.3333,  1.00000000,1,0,0.0,0.5
1941.3667,  1.00000000,1,0,0.0,0.5
1941.4000,  1.00000000,1,0,0.0,0.5
1941.4333,  1.00000000,1,0,0.0,0.5
1941.4667,  1.00000000,1,0,0.0,0.5
1941.5000,  1.00000000,1,0,0.0,0.5
1941.5333,  1.00000000,1,0,0.0,0.5
1941.5667,  1.00000000,1,0,0.0,0.5
1941.6000,  1.00000000,1,0,0.0,0.5
1941.6333,  1.00000000,1,0,0.0,0.5
1941.6667,  1.00000000,1,0,0.0,0.5
1941.7000,  1.00000000,1,0,0.0,0.5
1941.7333,  1.00000000,1,0,0.0,0.5
1941.7667,  1.00000000,1,0,0.0,0.5
1941.8000,  1.00000000,1,0,0.0,0.5
1941.8333,  1.00000000,1,0,0.0,0.5
1941.8667,  1.00000000,1,0,0.0,0.5
1941.9000,  1.00000000,1,0,0.0,0.5
1941.9333,  1.00000000,1,0,0.0,0.5
1941.9667,  1.00000000,1,0,0.0,0.5
1942.0000,  1.00000000,1,0,0.0,0.5
1942.0333,  1.00000000,1,0,0.0,0.5
1942.0667,  1.00000000,1,0,0.0,0.5
1942.1000,  1.00000000,1,0,0.0,0.5
1942.1333,  1.00000000,1,0,0.0,0.5
1942.1667,  1.00000000,1,0,0.0,0.5
1942.2000,  1.00000000,1,0,0.0,0.5
1942.2333,  1.00000000,1,0,0.0,0.5
1942.2667,  1.00000000,1,0,0.0,0.5
1942.3000,  1.00000000,1,0,0.0,0.5
1942.3333,  1.00000000,1,0,0.0,0.5
1942.3667,  1.00000000,1,0,0.0,0.5
1942.4000,  1.00000000,1,0,0.0,0.5
1942.4333,  1.00000000,1,0,0.0,0.5
1942.4667,  1.00000000,1,0,0.0,0.5
1942.5000,  1.00000000,1,0,0.0,0.5
1942.5333,  1.00000000,1,0,0.0,0.5
1942.5667,  1.00000000,1,0,0.0,0.5
1942.6000,  1.00000000,1,0,0.0,0.5
1942.6333,  1.00000000,1,0,0.025000000000000001,0.5
1942.6667,  1.00000000,1,0,0.0,0.5
1942.7000,  1.00000000,1,0,0.0,0.5
1942.7333,  1.00000000,1,0,0.0,0.5
1942.7667,  1.00000000,1,0,0.0,0.5
1942.8000,  1.00000000,1,0,0.0,0.5
1942.8333,  1.00000000,1,0,0.0,0.5
1942.8667,  1.00000000,1,0,0.025000000000000001,0.5
1942.9000,  1.00000000,1,0,0.0,0.5
1942.9333,  1.00000000,1,0,0.025000000000000001,0.5
1942.9667,  1.00000000,1,0,0.0,0.5
1943.0000,  1.00000000,1,0,0.0,0.5
1943.0333,  1.00000000,1,0,0.0,0.5
1943.0667,  1.00000000,1,0,0.0,0.5
1943.1000,  1.00000000,1,0,0.0,0.5
1943.1333,  1.00000000,1,0,0.0,0.5
1943.1667,  1.00000000,1,0,0.0,0.5
1943.2000,  1.00000000,1,0,0.0,0.5
1943.2333,  1.00000000,1,0,0.0,0.5
1943.2667,  1.00000000,1,0,0.0,0.5
1943.3000,  1.00000000,1,0,0.0,0.5
1943.3333,  1.00000000,1,0,0.025000000000000001,0.5
1943.3667,  1.00000000,1,0,0.025000000000000001,0.5
1943.4000,  1.00000000,1,0,0.0,0.5
1943.4333,  1.00000000,1,0,0.0,0.5
1943.4667,  1.00000000,1,0,0.0,0.5
1943.5000,  1.00000000,1,0,0.0,0.5
1943.5333,  1.00000000,1,0,0.0,0.5
1943.5667,  1.00000000,1,0,0.0,0.5
1943.6000,  1.00000000,1,0,0.0,0.5
1943.6333,  1.00000000,1,0,0.0,0.5
1943.6667,  1.00000000,1,0,0.025000000000000001,0.5
1943.7000,  1.00000000,1,0,0.0,0.5
1943.7333,  1.00000000,1,0,0.0,0.5
1943.7667,  1.00000000,1,0,0.0,0.5
1943.8000,  1.00000000,1,0,0.0,0.5
1943.8333,  1.00000000,1,0,0.0,0.5
1943.8667,  1.00000000,1,0,0.0,0.5
1943.9000,  1.00000000,1,0,0.025000000000000001,0.5
1943.9333,  1.00000000,1,0,0.0,0.5
1943.9667,  1.00000000,1,0,0.0,0.5
1944.0000,  1.00000000,1,0,0.0,0.5
1944.0333,  1.00000000,1,0,0.0,0.5
1944.0667,  1.00000000,1,0,0.0,0.5
1944.1000,  1.00000000,1,0,0.0,0.5
1944.1333,  1.00000000,1,0,0.0,0.5
1944.1667,  1.00000000,1,0,0.0,0.5
1944.2000,  1.00000000,1,0,0.0,0.5
1944.2333,  1.00000000,1,0,0.0,0.5
1944.2667,  1.00000000,1,0,0.0,0.5
1944.3000,  1.00000000,1,0,0.0,0.5
1944.3333,  1.00000000,1,0,0.0,0.5
1944.3667,  1.00000000,1,0,0.0,0.5
1944.4000,  1.00000000,1,0,0.0,0.5
1944.4333,  1.00000000,1,0,0.0,0.5
1944.4667,  1.00000000,1,0,0.0,0.5
1944.5000,  1.00000000,1,0,0.0,0.5
1944.5333,  1.00000000,1,0,0.0,0.5
1944.5667,  1.00000000,1,0,0.0,0.5
1944.6000,  1.00000000,1,0,0.0,0.5
1944.6333,  1.00000000,1,0,0.0,0.5
1944.6667,  1.00000000,1,0,0.0,0.5
1944.7000,  1.00000000,1,0,0.0,0.5
1944.7333,  1.00000000,1,0,0.0,0.5
1944.7667,  1.00000000,1,0,0.0,0.5
1944.8000,  1.00000000,1,0,0.0,0.5
1944.8333,  1.00000000,1,0,0.025000000000000001,0.5
1944.8667,  1.00000000,1,0,0.0,0.5
1944.9000,  1.00000000,1,0,0.0,0.5
1944.9333,  1.00000000,1,0,0.025000000000000001,0.5
1944.9667,  1.00000000,1,0,0.0,0.5
1945.0000,  1.00000000,1,0,0.0,0.5
1945.0333,  1.00000000,1,0,0.0,0.5
1945.0667,  1.00000000,1,0,0.0,0.5
1945.1000,  1.00000000,1,0,0.0,0.5
1945.1333,  1.00000000,1,0,0.0,0.5
1945.1667,  1.00000000,1,0,0.0,0.5
1945.2000,  1.00000000,1,0,0.0,0.5
1945.2333,  1.00000000,1,0,0.0,0.5
1945.2667,  1.00000000,1,0,0.0,0.5
1945.3000,  1.00000000,1,0,0.0,0.5
1945.3333,  1.00000000,1,0,0.0,0.5
1945.3667,  1.00000000,1,0,0.0,0.5
1945.4000,  1.00000000,1,0,0.0,0.5
1945.4333,  1.00000000,1,0,0.025000000000000001,0.5
1945.4667,  1.00000000,1,0,0.0,0.5
1945.5000,  1.00000000,1,0,0.0,0.5
1945.5333,  1.00000000,1,0,0.0,0.5
1945.5667,  1.00000000,1,0,0.0,0.5
1945.6000,  1.00000000,1,0,0.0,0.5
1945.6333,  1.00000000,1,0,0.0,0.5
1945.6667,  1.00000000,1,0,0.0,0.5
1945.7000,  1.00000000,1,0,0.0,0.5
1945.7333,  1.00000000,1,0,0.0,0.5
1945.7667,  1.00000000,1,0,0.0,0.5
1945.8000,  1.00000000,1,0,0.0,0.5
1945.8333,  1.00000000,1,0,0.0,0.5
1945.8667,  1.00000000,1,0,0.0,0.5
1945.9000,  1.00000000,1,0,0.0,0.5
1945.9333,  1.00000000,1,0,0.0,0.5
1945.9667,  1.00000000,1,0,0.0,0.5
1946.0000,  1.00000000,1,0,0.0,0.5
1946.0333,  1.00000000,1,0,0.0,0.5
1946.0667,  1.00000000,1,0,0.0,0.5
1946.1000,  1.00000000,1,0,0.025000000000000001,0.5
1946.1333,  1.00000000,1,0,0.0,0.5
1946.1667,  1.00000000,1,0,0.0,0.5
1946.2000,  1.00000000,1,0,0.0,0.5
1946.2333,  1.00000000,1,0,0.0,0.5
1946.2667,  1.00000000,1,0,0.0,0.5
1946.3000,  1.00000000,1,0,0.0,0.5
1946.3333,  1.00000000,1,0,0.0,0.5
1946.3667,  1.00000000,1,0,0.0,0.5
1946.4000,  1.00000000,1,0,0.0,0.5
1946.4333,  1.00000000,1,0,0.0,0.5
1946.4667,  1.00000000,1,0,0.0,0.5
1946.5000,  1.00000000,1,0,0.0,0.5
1946.5333,  1.00000000,1,0,0.0,0.5
1946.5667,  1.00000000,1,0,0.0,0.5
1946.6000,  1.00000000,1,0,0.0,0.5
1946.6333,  1.00000000,1,0,0.0,0.5
1946.6667,  1.00000000,1,0,0.0,0.5
1946.7000,  1.00000000,1,0,0.0,0.5
1946.7333,  1.00000000,1,0,0.0,0.5
1946.7667,  1.00000000,1,0,0.0,0.5
1946.8000,  1.00000000,1,0,0.0,0.5
1946.8333,  1.00000000,1,0,0.0,0.5
1946.8667,  1.00000000,1,0,0.0,0.5
1946.9000,  1.00000000,1,0,0.0,0.5
1946.9333,  1.00000000,1,0,0.0,0.5
1946.9667,  1.00000000,1,0,0.0,0.5
1947.0000,  1.00000000,1,0,0.0,0.5
1947.0333,  1.00000000,1,0,0.0,0.5
1947.0667,  1.00000000,1,0,0.0,0.5
1947.1000,  1.00000000,1,0,0.0,0.5
1947.1333,  1.00000000,1,0,0.0,0.5
1947.1667,  1.00000000,1,0,0.025000000000000001,0.5
1947.2000,  1.00000000,1,0,0.0,0.5
1947.2333,  1.00000000,1,0,0.0,0.5
1947.2667,  1.00000000,1,0,0.0,0.5
1947.3000,  1.00000000,1,0,0.0,0.5
1947.3333,  1.00000000,1,0,0.0,0.5
1947.3667,  1.00000000,1,0,0.0,0.5
1947.4000,  1.00000000,1,0,0.0,0.5
1947.4333,  1.00000000,1,0,0.0,0.5
1947.4667,  1.00000000,1,0,0.025000000000000001,0.5
1947.5000,  1.00000000,1,0,0.0,0.5
1947.5333,  1.00000000,1,0,0.0,0.5
1947.5667,  1.00000000,1,0,0.0,0.5
1947.6000,  1.00000000,1,0,0.0,0.5
1947.6333,  1.00000000,1,0,0.0,0.5
1947.6667,  1.00000000,1,0,0.0,0.5
1947.7000,  1.00000000,1,0,0.0,0.5
1947.7333,  1.00000000,1,0,0.0,0.5
1947.7667,  1.00000000,1,0,0.0,0.5
1947.8000,  1.00000000,1,0,0.0,0.5
1947.8333,  1.00000000,1,0,0.0,0.5
1947.8667,  1.00000000,1,0,0.0,0.5
1947.9000,  1.00000000,1,0,0.025000000000000001,0.5
1947.9333,  1.00000000,1,0,0.0,0.5
1947.9667,  1.00000000,1,0,0.0,0.5
1948.0000,  1.00000000,1,0,0.0,0.5
1948.0333,  1.00000000,1,0,0.0,0.5
1948.0667,  1.00000000,1,0,0.0,0.5
1948.1000,  1.00000000,1,0,0.0,0.5
1948.1333,  1.00000000,1,0,0.0,0.5
1948.1667,  1.00000000,1,0,0.0,0.5
1948.2000,  1.00000000,1,0,0.0,0.5
1948.2333,  1.00000000,1,0,0.0,0.5
1948.2667,  1.00000000,1,0,0.0,0.5
1948.3000,  1.00000000,1,0,0.0,0.5
1948.3333,  1.00000000,1,0,0.025000000000000001,0.5
1948.3667,  1.00000000,1,0,0.0,0.5
1948.4000,  1.00000000,1,0,0.0,0.5
1948.4333,  1.00000000,1,0,0.0,0.5
1948.4667,  1.00000000,1,0,0.0,0.5
1948.5000,  1.00000000,1,0,0.0,0.5
1948.5333,  1.00000000,1,0,0.025000000000000001,0.5
1948.5667,  1.00000000,1,0,0.0,0.5
1948.6000,  1.00000000,1,0,0.0,0.5
1948.6333,  1.00000000,1,0,0.0,0.5
1948.6667,  1.00000000,1,0,0.0,0.5
1948.7000,  1.00000000,1,0,0.0,0.5
1948.7333,  1.00000000,1,0,0.0,0.5
1948.7667,  1.00000000,1,0,0.025000000000000001,0.5
1948.8000,  1.00000000,1,0,0.0,0.5
1948.8333,  1.00000000,1,0,0.025000000000000001,0.5
1948.8667,  1.00000000,1,0,0.0,0.5
1948.9000,  1.00000000,1,0,0.0,0.5
1948.9333,  1.00000000,1,0,0.025000000000000001,0.5
1948.9667,  1.00000000,1,0,0.0,0.5
1949.0000,  1.00000000,1,0,0.0,0.5
1949.0333,  1.00000000,1,0,0.0,0.5
1949.0667,  1.00000000,1,0,0.0,0.5
1949.1000,  1.00000000,1,0,0.025000000000000001,0.5
1949.1333,  1.00000000,1,0,0.0,0.5
1949.1667,  1.00000000,1,0,0.0,0.5
1949.2000,  1.00000000,1,0,0.025000000000000001,0.5
1949.2333,  1.00000000,1,0,0.0,0.5
1949.2667,  1.00000000,1,0,0.0,0.5
1949.3000,  1.00000000,1,0,0.0,0.5
1949.3333,  1.00000000,1,0,0.0,0.5
1949.3667,  1.00000000,1,0,0.0,0.5
1949.4000,  1.00000000,1,0,0.0,0.5
1949.4333,  1.00000000,1,0,0.0,0.5
1949.4667,  1.00000000,1,0,0.0,0.5
1949.5000,  1.00000000,1,0,0.0,0.5
1949.5333,  1.00000000,1,0,0.0,0.5
1949.5667,  1.00000000,1,0,0.0,0.5
1949.6000,  1.00000000,1,0,0.0,0.5
1949.6333,  1.00000000,1,0,0.0,0.5
1949.6667,  1.00000000,1,0,0.0,0.5
1949.7000,  1.00000000,1,0,0.0,0.5
1949.7333,  1.00000000,1,0,0.0,0.5
1949.7667,  1.00000000,1,0,0.0,0.5
1949.8000,  1.00000000,1,0,0.0,0.5
1949.8333,  1.00000000,1,0,0.0,0.5
1949.8667,  1.00000000,1,0,0.0,0.5
1949.9000,  1.00000000,1,0,0.0,0.5
1949.9333,  1.00000000,1,0,0.0,0.5
1949.9667,  1.00000000,1,0,0.0,0.5
1950.0000,  1.00000000,1,0,0.0,0.5
1950.0333,  1.00000000,1,0,0.0,0.5
1950.0667,  1.00000000,1,0,0.0,0.5
1950.1000,  1.00000000,1,0,0.0,0.5
1950.1333,  1.00000000,1,0,0.0,0.5
1950.1667,  1.00000000,1,0,0.0,0.5
1950.2000,  1.00000000,1,0,0.0,0.5
1950.2333,  1.00000000,1,0,0.0,0.5
1950.2667,  1.00000000,1,0,0.025000000000000001,0.5
1950.3000,  1.00000000,1,0,0.0,0.5
1950.3333,  1.00000000,1,0,0.0,0.5
1950.3667,  1.00000000,1,0,0.0,0.5
1950.4000,  1.00000000,1,0,0.0,0.5
1950.4333,  1.00000000,1,0,0.0,0.5
1950.4667,  1.00000000,1,0,0.0,0.5
1950.5000,  1.00000000,1,0,0.0,0.5
1950.5333,  1.00000000,1,0,0.0,0.5
1950.5667,  1.00000000,1,0,0.025000000000000001,0.5
1950.6000,  1.00000000,1,0,0.0,0.5
1950.6333,  1.00000000,1,0,0.0,0.5
1950.6667,  1.00000000,1,0,0.0,0.5
1950.7000,  1.00000000,1,0,0.0,0.5
1950.7333,  1.00000000,1,0,0.0,0.5
1950.7667,  1.00000000,1,0,0.0,0.5
1950.8000,  1.00000000,1,0,0.025000000000000001,0.5
1950.8333,  1.00000000,1,0,0.025000000000000001,0.5
1950.8667,  1.00000000,1,0,0.0,0.5
1950.9000,  1.00000000,1,0,0.025000000000000001,0.5
1950.9333,  1.00000000,1,0,0.0,0.5
1950.9667,  1.00000000,1,0,0.025000000000000001,0.5
1951.0000,  1.00000000,1,0,0.025000000000000001,0.5
1951.0333,  1.00000000,1,0,0.0,0.5
1951.0667,  1.00000000,1,0,0.025000000000000001,0.5
1951.1000,  1.00000000,1,0,0.0,0.5
1951.1333,  1.00000000,1,0,0.0,0.5
1951.1667,  1.00000000,1,0,0.0,0.5
1951.2000,  1.00000000,1,0,0.0,0.5
1951.2333,  1.00000000,1,0,0.0,0.5
1951.2667,  1.00000000,1,0,0.0,0.5
1951.3000,  1.00000000,1,0,0.0,0.5
1951.3333,  1.00000000,1,0,0.0,0.5
1951.3667,  1.00000000,1,0,0.0,0.5
1951.4000,  1.00000000,1,0,0.0,0.5
1951.4333,  1.00000000,1,0,0.0,0.5
1951.4667,  1.00000000,1,0,0.0,0.5
1951.5000,  1.00000000,1,0,0.0,0.5
1951.5333,  1.00000000,1,0,0.0,0.5
1951.5667,  1.00000000,1,0,0.0,0.5
1951.6000,  1.00000000,1,0,0.0,0.5
1951.6333,  1.00000000,1,0,0.050000000000000003,0.5
1951.6667,  1.00000000,1,0,0.0,0.5
1951.7000,  1.00000000,1,0,0.0,0.5
1951.7333,  1.00000000,1,0,0.0,0.5
1951.7667,  1.00000000,1,0,0.0,0.5
1951.8000,  1.00000000,1,0,0.0,0.5
1951.8333,  1.00000000,1,0,0.0,0.5
1951.8667,  1.00000000,1,0,0.0,0.5
1951.9000,  1.00000000,1,0,0.0,0.5
1951.9333,  1.00000000,1,0,0.0,0.5
1951.9667,  1.00000000,1,0,0.025000000000000001,0.5
1952.0000,  1.00000000,1,0,0.0,0.5
1952.0333,  1.00000000,1,0,0.0,0.5
1952.0667,  1.00000000,1,0,0.0,0.5
1952.1000,  1.00000000,1,0,0.0,0.5
1952.1333,  1.00000000,1,0,0.025000000000000001,0.5
1952.1667,  1.00000000,1,0,0.025000000000000001,0.5
1952.2000,  1.00000000,1,0,0.0,0.5
1952.2333,  1.00000000,1,0,0.0,0.5
1952.2667,  1.00000000,1,0,0.0,0.5
1952.3000,  1.00000000,1,0,0.0,0.5
1952.3333,  1.00000000,1,0,0.0,0.5
1952.3667,  1.00000000,1,0,0.0,0.5
1952.4000,  1.00000000,1,0,0.0,0.5
1952.4333,  1.00000000,1,0,0.0,0.5
1952.4667,  1.00000000,1,0,0.0,0.5
1952.5000,  1.00000000,1,0,0.0,0.5
1952.5333,  1.00000000,1,0,0.0,0.5
1952.5667,  1.00000000,1,0,0.0,0.5
1952.6000,  1.00000000,1,0,0.025000000000000001,0.5
1952.6333,  1.00000000,1,0,0.0,0.5
1952.6667,  1.00000000,1,0,0.0,0.5
1952.7000,  1.00000000,1,0,0.0,0.5
1952.7333,  1.00000000,1,0,0.0,0.5
1952.7667,  1.00000000,1,0,0.0,0.5
1952.8000,  1.00000000,1,0,0.0,0.5
1952.8333,  1.00000000,1,0,0.0,0.5
1952.8667,  1.00000000,1,0,0.0,0.5
1952.9000,  1.00000000,1,0,0.0,0.5
1952.9333,  1.00000000,1,0,0.0,0.5
1952.9667,  1.00000000,1,0,0.0,0.5
1953.0000,  1.00000000,1,0,0.0,0.5
1953.0333,  1.00000000,1,0,0.0,0.5
1953.0667,  1.00000000,1,0,0.0,0.5
1953.1000,  1.00000000,1,0,0.0,0.5
1953.1333,  1.00000000,1,0,0.0,0.5
1953.1667,  1.00000000,1,0,0.0,0.5
1953.2000,  1.00000000,1,0,0.025000000000000001,0.5
1953.2333,  1.00000000,1,0,0.0,0.5
1953.2667,  1.00000000,1,0,0.0,0.5
1953.3000,  1.00000000,1,0,0.0,0.5
1953.3333,  1.00000000,1,0,0.0,0.5
1953.3667,  1.00000000,1,0,0.0,0.5
1953.4000,  1.00000000,1,0,0.0,0.5
1953.4333,  1.00000000,1,0,0.0,0.5
1953.4667,  1.00000000,1,0,0.0,0.5
1953.5000,  1.00000000,1,0,0.025000000000000001,0.5
1953.5333,  1.00000000,1,0,0.0,0.5
1953.5667,  1.00000000,1,0,0.025000000000000001,0.5
1953.6000,  1.00000000,1,0,0.0,0.5
1953.6333,  1.00000000,1,0,0.0,0.5
1953.6667,  1.00000000,1,0,0.0,0.5
1953.7000,  1.00000000,1,0,0.0,0.5
1953.7333,  1.00000000,1,0,0.025000000000000001,0.5
1953.7667,  1.00000000,1,0,0.0,0.5
1953.8000,  1.00000000,1,0,0.0,0.5
1953.8333,  1.00000000,1,0,0.0,0.5
1953.8667,  1.00000000,1,0,0.0,0.5
1953.9000,  1.00000000,1,0,0.0,0.5
1953.9333,  1.00000000,1,0,0.025000000000000001,0.5
1953.9667,  1.00000000,1,0,0.0,0.5
1954.0000,  1.00000000,1,0,0.050000000000000003,0.5
1954.0333,  1.00000000,1,0,0.0,0.5
1954.0667,  1.00000000,1,0,0.0,0.5
1954.1000,  1.00000000,1,0,0.0,0.5
1954.1333,  1.00000000,1,0,0.0,0.5
1954.1667,  1.00000000,1,0,0.0,0.5
1954.2000,  1.00000000,1,0,0.0,0.5
1954.2333,  1.00000000,1,0,0.0,0.5
1954.2667,  1.00000000,1,0,0.0,0.5
1954.3000,  1.00000000,1,0,0.0,0.5
1954.3333,  1.00000000,1,0,0.0,0.5
1954.3667,  1.00000000,1,0,0.0,0.5
1954.4000,  1.00000000,1,0,0.0,0.5
1954.4333,  1.00000000,1,0,0.0,0.5
1954.4667,  1.00000000,1,0,0.0,0.5
1954.5000,  1.00000000,1,0,0.025000000000000001,0.5
1954.5333,  1.00000000,1,0,0.0,0.5
1954.5667,  1.00000000,1,0,0.0,0.5
1954.6000,  1.00000000,1,0,0.0,0.5
1954.6333,  1.00000000,1,0,0.0,0.5
1954.6667,  1.00000000,1,0,0.0,0.5
1954.7000,  1.00000000,1,0,0.0,0.5
1954.7333,  1.00000000,1,0,0.0,0.5
1954.7667,  1.00000000,1,0,0.0,0.5
1954.8000,  1.00000000,1,0,0.0,0.5
1954.8333,  1.00000000,1,0,0.0,0.5
1954.8667,  1.00000000,1,0,0.0,0.5
1954.9000,  1.00000000,1,0,0.0,0.5
1954.9333,  1.00000000,1,0,0.025000000000000001,0.5
1954.9667,  1.00000000,1,0,0.0,0.5
1955.0000,  1.00000000,1,0,0.0,0.5
1955.0333,  1.00000000,1,0,0.0,0.5
1955.0667,  1.00000000,1,0,0.0,0.5
1955.1000,  1.00000000,1,0,0.0,0.5
1955.1333,  1.00000000,1,0,0.0,0.5
1955.1667,  1.00000000,1,0,0.0,0.5
1955.2000,  1.00000000,1,0,0.0,0.5
1955.2333,  1.00000000,1,0,0.0,0.5
1955.2667,  1.00000000,1,0,0.0,0.5
1955.3000,  1.00000000,1,0,0.0,0.5
1955.3333,  1.00000000,1,0,0.0,0.5
1955.3667,  1.00000000,1,0,0.0,0.5
1955.4000,  1.00000000,1,0,0.0,0.5
1955.4333,  1.00000000,1,0,0.0,0.5
1955.4667,  1.00000000,1,0,0.0,0.5
1955.5000,  1.00000000,1,0,0.0,0.5
1955.5333,  1.00000000,1,0,0.0,0.5
1955.5667,  1.00000000,1,0,0.0,0.5
1955.6000,  1.00000000,1,0,0.0,0.5
1955.6333,  1.00000000,1,0,0.0,0.5
1955.6667,  1.00000000,1,0,0.0,0.5
1955.7000,  1.00000000,1,0,0.0,0.5
1955.7333,  1.00000000,1,0,0.0,0.5
1955.7667,  1.00000000,1,0,0.0,0.5
1955.8000,  1.00000000,1,0,0.0,0.5
1955.8333,  1.00000000,1,0,0.0,0.5
1955.8667,  1.00000000,1,0,0.0,0.5
1955.9000,  1.00000000,1,0,0.025000000000000001,0.5
1955.9333,  1.00000000,1,0,0.0,0.5
1955.9667,  1.00000000,1,0,0.025000000000000001,0.5
1956.0000,  1.00000000,1,0,0.0,0.5
1956.0333,  1.00000000,1,0,0.0,0.5
1956.0667,  1.00000000,1,0,0.025000000000000001,0.5
1956.1000,  1.00000000,1,0,0.0,0.5
1956.1333,  1.00000000,1,0,0.0,0.5
1956.1667,  1.00000000,1,0,0.0,0.5
1956.2000,  1.00000000,1,0,0.0,0.5
1956.2333,  1.00000000,1,0,0.025000000000000001,0.5
1956.2667,  1.00000000,1,0,0.0,0.5
1956.3000,  1.00000000,1,0,0.0,0.5
1956.3333,  1.00000000,1,0,0.0,0.5
1956.3667,  1.00000000,1,0,0.0,0.5
1956.4000,  1.00000000,1,0,0.0,0.5
1956.4333,  1.00000000,1,0,0.0,0.5
1956.4667,  1.00000000,1,0,0.0,0.5
1956.5000,  1.00000000,1,0,0.025000000000000001,0.5
1956.5333,  1.00000000,1,0,0.0,0.5
1956.5667,  1.00000000,1,0,0.0,0.5
1956.6000,  1.00000000,1,0,0.0,0.5
1956.6333,  1.00000000,1,0,0.0,0.5
1956.6667,  1.00000000,1,0,0.0,0.5
1956.7000,  1.00000000,1,0,0.0,0.5
1956.7333,  1.00000000,1,0,0.025000000000000001,0.5
1956.7667,  1.00000000,1,0,0.0,0.5
1956.8000,  1.00000000,1,0,0.0,0.5
1956.8333,  1.00000000,1,0,0.025000000000000001,0.5
1956.8667,  1.00000000,1,0,0.025000000000000001,0.5
1956.9000,  1.00000000,1,0,0.0,0.5
1956.9333,  1.00000000,1,0,0.0,0.5
1956.9667,  1.00000000,1,0,0.025000000000000001,0.5
1957.0000,  1.00000000,1,0,0.0,0.5
1957.0333,  1.00000000,1,0,0.025000000000000001,0.5
1957.0667,  1.00000000,1,0,0.0,0.5
1957.1000,  1.00000000,1,0,0.0,0.5
1957.1333,  1.00000000,1,0,0.0,0.5
1957.1667,  1.00000000,1,0,0.0,0.5
1957.2000,  1.00000000,1,0,0.0,0.5
1957.2333,  1.00000000,1,0,0.0,0.5
1957.2667,  1.00000000,1,0,0.0,0.5
1957.3000,  1.00000000,1,0,0.0,0.5
1957.3333,  1.00000000,1,0,0.0,0.5
1957.3667,  1.00000000,1,0,0.0,0.5
1957.4000,  1.00000000,1,0,0.0,0.5
1957.4333,  1.00000000,1,0,0.0,0.5
1957.4667,  1.00000000,1,0,0.0,0.5
1957.5000,  1.00000000,1,0,0.0,0.5
1957.5333,  1.00000000,1,0,0.025000000000000001,0.5
1957.5667,  1.00000000,1,0,0.0,0.5
1957.6000,  1.00000000,1,0,0.0,0.5
1957.6333,  1.00000000,1,0,0.0,0.5
1957.6667,  1.00000000,1,0,0.0,0.5
1957.7000,  1.00000000,1,0,0.0,0.5
1957.7333,  1.00000000,1,0,0.0,0.5
1957.7667,  1.00000000,1,0,0.0,0.5
1957.8000,  1.00000000,1,0,0.0,0.5
1957.8333,  1.00000000,1,0,0.0,0.5
1957.8667,  1.00000000,1,0,0.0,0.5
1957.9000,  1.00000000,1,0,0.0,0.5
1957.9333,  1.00000000,1,0,0.0,0.5
1957.9667,  1.00000000,1,0,0.0,0.5
1958.0000,  1.00000000,1,0,0.0,0.5
1958.0333,  1.00000000,1,0,0.0,0.5
1958.0667,  1.00000000,1,0,0.0,0.5
1958.1000,  1.00000000,1,0,0.0,0.5
1958.1333,  1.00000000,1,0,0.0,0.5
1958.1667,  1.00000000,1,0,0.0,0.5
1958.2000,  1.00000000,1,0,0.025000000000000001,0.5
1958.2333,  1.00000000,1,0,0.0,0.5
1958.2667,  1.00000000,1,0,0.0,0.5
1958.3000,  1.00000000,1,0,0.0,0.5
1958.3333,  1.00000000,1,0,0.0,0.5
1958.3667,  1.00000000,1,0,0.0,0.5
1958.4000,  1.00000000,1,0,0.0,0.5
1958.4333,  1.00000000,1,0,0.0,0.5
1958.4667,  1.00000000,1,0,0.0,0.5
1958.5000,  1.00000000,1,0,0.025000000000000001,0.5
1958.5333,  1.00000000,1,0,0.0,0.5
1958.5667,  1.00000000,1,0,0.0,0.5
1958.6000,  1.00000000,1,0,0.0,0.5
1958.6333,  1.00000000,1,0,0.0,0.5
1958.6667,  1.00000000,1,0,0.0,0.5
1958.7000,  1.00000000,1,0,0.0,0.5
1958.7333,  1.00000000,1,0,0.0,0.5
1958.7667,  1.00000000,1,0,0.0,0.5
1958.8000,  1.00000000,1,0,0.025000000000000001,0.5
1958.8333,  1.00000000,1,0,0.0,0.5
1958.8667,  1.00000000,1,0,0.0,0.5
1958.9000,  1.00000000,1,0,0.0,0.5
1958.9333,  1.00000000,1,0,0.0,0.5
1958.9667,  1.00000000,1,0,0.0,0.5
1959.0000,  1.00000000,1,0,0.0,0.5
1959.0333,  1.00000000,1,0,0.0,0.5
1959.0667,  1.00000000,1,0,0.0,0.5
1959.1000,  1.00000000,1,0,0.0,0.5
1959.1333,  1.00000000,1,0,0.0,0.5
1959.1667,  1.00000000,1,0,0.0,0.5
1959.2000,  1.00000000,1,0,0.0,0.5
1959.2333,  1.00000000,1,0,0.0,0.5
1959.2667,  1.00000000,1,0,0.0,0.5
1959.3000,  1.00000000,1,0,0.0,0.5
1959.3333,  1.00000000,1,0,0.025000000000000001,0.5
1959.3667,  1.00000000,1,0,0.0,0.5
1959.4000,  1.00000000,1,0,0.0,0.5
1959.4333,  1.00000000,1,0,0.0,0.5
1959.4667,  1.00000000,1,0,0.0,0.5
1959.5000,  1.00000000,1,0,0.0,0.5
1959.5333,  1.00000000,1,0,0.0,0.5
1959.5667,  1.00000000,1,0,0.025000000000000001,0.5
1959.6000,  1.00000000,1,0,0.0,0.5
1959.6333,  1.00000000,1,0,0.0,0.5
1959.6667,  1.00000000,1,0,0.025000000000000001,0.5
1959.7000,  1.00000000,1,0,0.025000000000000001,0.5
1959.7333,  1.00000000,1,0,0.0,0.5
1959.7667,  1.00000000,1,0,0.0,0.5
1959.8000,  1.00000000,1,0,0.0,0.5
1959.8333,  1.00000000,1,0,0.025000000000000001,0.5
1959.8667,  1.00000000,1,0,0.0,0.5
1959.9000,  1.00000000,1,0,0.0,0.5
1959.9333,  1.00000000,1,0,0.0,0.5
1959.9667,  1.00000000,1,0,0.0,0.5
1960.0000,  1.00000000,1,0,0.0,0.5
1960.0333,  1.00000000,1,0,0.0,0.5
1960.0667,  1.00000000,1,0,0.0,0.5
1960.1000,  1.00000000,1,0,0.0,0.5
1960.1333,  1.00000000,1,0,0.0,0.5
1960.1667,  1.00000000,1,0,0.0,0.5
1960.2000,  1.00000000,1,0,0.0,0.5
1960.2333,  1.00000000,1,0,0.0,0.5
1960.2667,  1.00000000,1,0,0.0,0.5
1960.3000,  1.00000000,1,0,0.0,0.5
1960.3333,  1.00000000,1,0,0.0,0.5
1960.3667,  1.00000000,1,0,0.0,0.5
1960.4000,  1.00000000,1,0,0.0,0.5
1960.4333,  1.00000000,1,0,0.0,0.5
1960.4667,  1.00000000,1,0,0.025000000000000001,0.5
1960.5000,  1.00000000,1,0,0.0,0.5
1960.5333,  1.00000000,1,0,0.0,0.5
1960.5667,  1.00000000,1,0,0.0,0.5
1960.6000,  1.00000000,1,0,0.0,0.5
1960.6333,  1.00000000,1,0,0.0,0.5
1960.6667,  1.00000000,1,0,0.0,0.5
1960.7000,  1.00000000,1,0,0.0,0.5
1960.7333,  1.00000000,1,0,0.0,0.5
1960.7667,  1.00000000,1,0,0.0,0.5
1960.8000,  1.00000000,1,0,0.0,0.5
1960.8333,  1.00000000,1,0,0.0,0.5
1960.8667,  1.00000000,1,0,0.025000000000000001,0.5
1960.9000,  1.00000000,1,0,0.0,0.5
1960.9333,  1.00000000,1,0,0.0,0.5
1960.9667,  1.00000000,1,0,0.0,0.5
1961.0000,  1.00000000,1,0,0.0,0.5
1961.0333,  1.00000000,1,0,0.0,0.5
1961.0667,  1.00000000,1,0,0.0,0.5
1961.1000,  1.00000000,1,0,0.0,0.5
1961.1333,  1.00000000,1,0,0.025000000000000001,0.5
1961.1667,  1.00000000,1,0,0.0,0.5
1961.2000,  1.00000000,1,0,0.0,0.5
1961.2333,  1.00000000,1,0,0.0,0.5
1961.2667,  1.00000000,1,0,0.0,0.5
1961.3000,  1.00000000,1,0,0.0,0.5
1961.3333,  1.00000000,1,0,0.0,0.5
1961.3667,  1.00000000,1,0,0.0,0.5
1961.4000,  1.00000000,1,0,0.0,0.5
1961.4333,  1.00000000,1,0,0.0,0.5
1961.4667,  1.00000000,1,0,0.0,0.5
1961.5000,  1.00000000,1,0,0.0,0.5
1961.5333,  1.00000000,1,0,0.0,0.5
1961.5667,  1.00000000,1,0,0.0,0.5
1961.6000,  1.00000000,1,0,0.0,0.5
1961.6333,  1.00000000,1,0,0.025000000000000001,0.5
1961.6667,  1.00000000,1,0,0.0,0.5
1961.7000,  1.00000000,1,0,0.0,0.5
1961.7333,  1.00000000,1,0,0.0,0.5
1961.7667,  1.00000000,1,0,0.0,0.5
1961.8000,  1.00000000,1,0,0.0,0.5
1961.8333,  1.00000000,1,0,0.0,0.5
1961.8667,  1.00000000,1,0,0.0,0.5
1961.9000,  1.00000000,1,0,0.0,0.5
1961.9333,  1.00000000,1,0,0.0,0.5
1961.9667,  1.00000000,1,0,0.0,0.5
1962.0000,  1.00000000,1,0,0.0,0.5
1962.0333,  1.00000000,1,0,0.0,0.5
1962.0667,  1.00000000,1,0,0.025000000000000001,0.5
1962.1000,  1.00000000,1,0,0.0,0.5
1962.1333,  1.00000000,1,0,0.0,0.5
1962.1667,  1.00000000,1,0,0.025000000000000001,0.5
1962.2000,  1.00000000,1,0,0.025000000000000001,0.5
1962.2333,  1.00000000,1,0,0.0,0.5
1962.2667,  1.00000000,1,0,0.0,0.5
1962.3000,  1.00000000,1,0,0.025000000000000001,0.5
1962.3333,  1.00000000,1,0,0.0,0.5
1962.3667,  1.00000000,1,0,0.0,0.5
1962.4000,  1.00000000,1,0,0.0,0.5
1962.4333,  1.00000000,1,0,0.0,0.5
1962.4667,  1.00000000,1,0,0.0,0.5
1962.5000,  1.00000000,1,0,0.0,0.5
1962.5333,  1.00000000,1,0,0.0,0.5
1962.5667,  1.00000000,1,0,0.025000000000000001,0.5
1962.6000,  1.00000000,1,0,0.0,0.5
1962.6333,  1.00000000,1,0,0.025000000000000001,0.5
1962.6667,  1.00000000,1,0,0.025000000000000001,0.5
1962.7000,  1.00000000,1,0,0.0,0.5
1962.7333,  1.00000000,1,0,0.025000000000000001,0.5
1962.7667,  1.00000000,1,0,0.0,0.5
1962.8000,  1.00000000,1,0,0.0,0.5
1962.8333,  1.00000000,1,0,0.0,0.5
1962.8667,  1.00000000,1,0,0.0,0.5
1962.9000,  1.00000000,1,0,0.0,0.5
1962.9333,  1.00000000,1,0,0.0,0.5
1962.9667,  1.00000000,1,0,0.0,0.5
1963.0000,  1.00000000,1,0,0.025000000000000001,0.5
1963.0333,  1.00000000,1,0,0.0,0.5
1963.0667,  1.00000000,1,0,0.0,0.5
1963.1000,  1.00000000,1,0,0.0,0.5
1963.1333,  1.00000000,1,0,0.0,0.5
1963.1667,  1.00000000,1,0,0.025000000000000001,0.5
1963.2000,  1.00000000,1,0,0.0,0.5
1963.2333,  1.00000000,1,0,0.0,0.5
1963.2667,  1.00000000,1,0,0.0,0.5
1963.3000,  1.00000000,1,0,0.0,0.5
1963.3333,  1.00000000,1,0,0.0,0.5
1963.3667,  1.00000000,1,0,0.0,0.5
1963.4000,  1.00000000,1,0,0.0,0.5
1963.4333,  1.00000000,1,0,0.025000000000000001,0.5
1963.4667,  1.00000000,1,0,0.0,0.5
1963.5000,  1.00000000,1,0,0.0,0.5
1963.5333,  1.00000000,1,0,0.0,0.5
1963.5667,  1.00000000,1,0,0.0,0.5
1963.6000,  1.00000000,1,0,0.0,0.5
1963.6333,  1.00000000,1,0,0.0,0.5
1963.6667,  1.00000000,1,0,0.025000000000000001,0.5
1963.7000,  1.00000000,1,0,0.0,0.5
1963.7333,  1.00000000,1,0,0.025000000000000001,0.5
1963.7667,  1.00000000,1,0,0.0,0.5
1963.8000,  1.00000000,1,0,0.0,0.5
1963.8333,  1.00000000,1,0,0.025000000000000001,0.5
1963.8667,  1.00000000,1,0,0.0,0.5
1963.9000,  1.00000000,1,0,0.0,0.5
1963.9333,  1.00000000,1,0,0.0,0.5
1963.9667,  1.00000000,1,0,0.0,0.5
1964.0000,  1.00000000,1,0,0.0,0.5
1964.0333,  1.00000000,1,0,0.0,0.5
1964.0667,  1.00000000,1,0,0.0,0.5
1964.1000,  1.00000000,1,0,0.0,0.5
1964.1333,  1.00000000,1,0,0.0,0.5
1964.1667,  1.00000000,1,0,0.0,0.5
1964.2000,  1.00000000,1,0,0.0,0.5
1964.2333,  1.00000000,1,0,0.0,0.5
1964.2667,  1.00000000,1,0,0.0,0.5
1964.3000,  1.00000000,1,0,0.0,0.5
1964.3333,  1.00000000,1,0,0.0,0.5
1964.3667,  1.00000000,1,0,0.0,0.5
1964.4000,  1.00000000,1,0,0.025000000000000001,0.5
1964.4333,  1.00000000,1,0,0.0,0.5
1964.4667,  1.00000000,1,0,0.0,0.5
1964.5000,  1.00000000,1,0,0.0,0.5
1964.5333,  1.00000000,1,0,0.0,0.5
1964.5667,  1.00000000,1,0,0.0,0.5
1964.6000,  1.00000000,1,0,0.0,0.5
1964.6333,  1.00000000,1,0,0.0,0.5
1964.6667,  1.00000000,1,0,0.0,0.5
1964.7000,  1.00000000,1,0,0.0,0.5
1964.7333,  1.00000000,1,0,0.0,0.5
1964.7667,  1.00000000,1,0,0.0,0.5
1964.8000,  1.00000000,1,0,0.0,0.5
1964.8333,  1.00000000,1,0,0.0,0.5
1964.8667,  1.00000000,1,0,0.0,0.5
1964.9000,  1.00000000,1,0,0.0,0.5
1964.9333,  1.00000000,1,0,0.0,0.5
1964.9667,  1.00000000,1,0,0.0,0.5
1965.0000,  1.00000000,1,0,0.0,0.5
1965.0333,  1.00000000,1,0,0.0,0.5
1965.0667,  1.00000000,1,0,0.0,0.5
1965.1000,  1.00000000,1,0,0.0,0.5
1965.1333,  1.00000000,1,0,0.0,0.5
1965.1667,  1.00000000,1,0,0.0,0.5
1965.2000,  1.00000000,1,0,0.0,0.5
1965.2333,  1.00000000,1,0,0.025000000000000001,0.5
1965.2667,  1.00000000,1,0,0.0,0.5
1965.3000,  1.00000000,1,0,0.0,0.5
1965.3333,  1.00000000,1,0,0.0,0.5
1965.3667,  1.00000000,1,0,0.0,0.5
1965.4000,  1.00000000,1,0,0.025000000000000001,0.5
1965.4333,  1.00000000,1,0,0.0,0.5
1965.4667,  1.00000000,1,0,0.025000000000000001,0.5
1965.5000,  1.00000000,1,0,0.0,0.5
1965.5333,  1.00000000,1,0,0.0,0.5
1965.5667,  1.00000000,1,0,0.0,0.5
1965.6000,  1.00000000,1,0,0.0,0.5
1965.6333,  1.00000000,1,0,0.025000000000000001,0.5
1965.6667,  1.00000000,1,0,0.0,0.5
1965.7000,  1.00000000,1,0,0.0,0.5
1965.7333,  1.00000000,1,0,0.0,0.5
1965.7667,  1.00000000,1,0,0.0,0.5
1965.8000,  1.00000000,1,0,0.0,0.5
1965.8333,  1.00000000,1,0,0.0,0.5
1965.8667,  1.00000000,1,0,0.0,0.5
1965.9000,  1.00000000,1,0,0.0,0.5
1965.9333,  1.00000000,1,0,0.0,0.5
1965.9667,  1.00000000,1,0,0.0,0.5
1966.0000,  1.00000000,1,0,0.0,0.5
1966.0333,  1.00000000,1,0,0.025000000000000001,0.5
1966.0667,  1.00000000,1,0,0.0,0.5
1966.1000,  1.00000000,1,0,0.0,0.5
1966.1333,  1.00000000,1,0,0.0,0.5
1966.1667,  1.00000000,1,0,0.0,0.5
1966.2000,  1.00000000,1,0,0.0,0.5
1966.2333,  1.00000000,1,0,0.0,0.5
1966.2667,  1.00000000,1,0,0.0,0.5
1966.3000,  1.00000000,1,0,0.0,0.5
1966.3333,  1.00000000,1,0,0.0,0.5
1966.3667,  1.00000000,1,0,0.0,0.5
1966.4000,  1.00000000,1,0,0.0,0.5
1966.4333,  1.00000000,1,0,0.0,0.5
1966.4667,  1.00000000,1,0,0.0,0.5
1966.5000,  1.00000000,1,0,0.0,0.5
1966.5333,  1.00000000,1,0,0.0,0.5
1966.5667,  1.00000000,1,0,0.0,0.5
1966.6000,  1.00000000,1,0,0.0,0.5
1966.6333,  1.00000000,1,0,0.0,0.5
1966.6667,  1.00000000,1,0,0.0,0.5
1966.7000,  1.00000000,1,0,0.0,0.5
1966.7333,  1.00000000,1,0,0.0,0.5
1966.7667,  1.00000000,1,0,0.0,0.5
1966.8000,  1.00000000,1,0,0.0,0.5
1966.8333,  1.00000000,1,0,0.0,0.5
1966.8667,  1.00000000,1,0,0.0,0.5
1966.9000,  1.00000000,1,0,0.0,0.5
1966.9333,  1.00000000,1,0,0.0,0.5
1966.9667,  1.00000000,1,0,0.0,0.5
1967.0000,  1.00000000,1,0,0.0,0.5
1967.0333,  1.00000000,1,0,0.0,0.5
1967.0667,  1.00000000,1,0,0.0,0.5
1967.1000,  1.00000000,1,0,0.0,0.5
1967.1333,  1.00000000,1,0,0.0,0.5
1967.1667,  1.00000000,1,0,0.0,0.5
1967.2000,  1.00000000,1,0,0.0,0.5
1967.2333,  1.00000000,1,0,0.0,0.5
1967.2667,  1.00000000,1,0,0.0,0.5
1967.3000,  1.00000000,1,0,0.0,0.5
1967.3333,  1.00000000,1,0,0.0,0.5
1967.3667,  1.00000000,1,0,0.0,0.5
1967.4000,  1.00000000,1,0,0.0,0.5
1967.4333,  1.00000000,1,0,0.0,0.5
1967.4667,  1.00000000,1,0,0.0,0.5
1967.5000,  1.00000000,1,0,0.0,0.5
1967.5333,  1.00000000,1,0,0.0,0.5
1967.5667,  1.00000000,1,0,0.0,0.5
1967.6000,  1.00000000,1,0,0.0,0.5
1967.6333,  1.00000000,1,0,0.0,0.5
1967.6667,  1.00000000,1,0,0.0,0.5
1967.7000,  1.00000000,1,0,0.025000000000000001,0.5
1967.7333,  1.00000000,1,0,0.0,0.5
1967.7667,  1.00000000,1,0,0.0,0.5
1967.8000,  1.00000000,1,0,0.0,0.5
1967.8333,  1.00000000,1,0,0.0,0.5
1967.8667,  1.00000000,1,0,0.0,0.5
1967.9000,  1.00000000,1,0,0.0,0.5
1967.9333,  1.00000000,1,0,0.025000000000000001,0.5
1967.9667,  1.00000000,1,0,0.0,0.5
1968.0000,  1.00000000,1,0,0.0,0.5
1968.0333,  1.00000000,1,0,0.0,0.5
1968.0667,  1.00000000,1,0,0.0,0.5
1968.1000,  1.00000000,1,0,0.0,0.5
1968.1333,  1.00000000,1,0,0.0,0.5
1968.1667,  1.00000000,1,0,0.0,0.5
1968.2000,  1.00000000,1,0,0.0,0.5
1968.2333,  1.00000000,1,0,0.0,0.5
1968.2667,  1.00000000,1,0,0.0,0.5
1968.3000,  1.00000000,1,0,0.0,0.5
1968.3333,  1.00000000,1,0,0.0,0.5
1968.3667,  1.00000000,1,0,0.0,0.5
1968.4000,  1.00000000,1,0,0.0,0.5
1968.4333,  1.00000000,1,0,0.0,0.5
1968.4667,  1.00000000,1,0,0.0,0.5
1968.5000,  1.00000000,1,0,0.0,0.5
1968.5333,  1.00000000,1,0,0.0,0.5
1968.5667,  1.00000000,1,0,0.0,0.5
1968.6000,  1.00000000,1,0,0.0,0.5
1968.6333,  1.00000000,1,0,0.0,0.5
1968.6667,  1.00000000,1,0,0.0,0.5
1968.7000,  1.00000000,1,0,0.025000000000000001,0.5
1968.7333,  1.00000000,1,0,0.0,0.5
1968.7667,  1.00000000,1,0,0.0,0.5
1968.8000,  1.00000000,1,0,0.0,0.5
1968.8333,  1.00000000,1,0,0.0,0.5
1968.8667,  1.00000000,1,0,0.0,0.5
1968.9000,  1.00000000,1,0,0.0,0.5
1968.9333,  1.00000000,1,0,0.0,0.5
1968.9667,  1.00000000,1,0,0.025000000000000001,0.5
1969.0000,  1.00000000,1,0,0.0,0.5
1969.0333,  1.00000000,1,0,0.0,0.5
1969.0667,  1.00000000,1,0,0.0,0.5
1969.1000,  1.00000000,1,0,0.0,0.5
1969.1333,  1.00000000,1,0,0.0,0.5
1969.1667,  1.00000000,1,0,0.025000000000000001,0.5
1969.2000,  1.00000000,1,0,0.0,0.5
1969.2333,  1.00000000,1,0,0.0,0.5
1969.2667,  1.00000000,1,0,0.0,0.5
1969.3000,  1.00000000,1,0,0.0,0.5
1969.3333,  1.00000000,1,0,0.0,0.5
1969.3667,  1.00000000,1,0,0.0,0.5
1969.4000,  1.00000000,1,0,0.0,0.5
1969.4333,  1.00000000,1,0,0.0,0.5
1969.4667,  1.00000000,1,0,0.0,0.5
1969.5000,  1.00000000,1,0,0.0,0.5
1969.5333,  1.00000000,1,0,0.0,0.5
1969.5667,  1.00000000,1,0,0.0,0.5
1969.6000,  1.00000000,1,0,0.0,0.5
1969.6333,  1.00000000,1,0,0.0,0.5
1969.6667,  1.00000000,1,0,0.0,0.5
1969.7000,  1.00000000,1,0,0.0,0.5
1969.7333,  1.00000000,1,0,0.0,0.5
1969.7667,  1.00000000,1,0,0.0,0.5
1969.8000,  1.00000000,1,0,0.0,0.5
1969.8333,  1.00000000,1,0,0.0,0.5
1969.8667,  1.00000000,1,0,0.0,0.5
1969.9000,  1.00000000,1,0,0.0,0.5
1969.9333,  1.00000000,1,0,0.0,0.5
1969.9667,  1.00000000,1,0,0.0,0.5
1970.0000,  1.00000000,1,0,0.0,0.5
1970.0333,  1.00000000,1,0,0.0,0.5
1970.0667,  1.00000000,1,0,0.0,0.5
1970.1000,  1.00000000,1,0,0.0,0.5
1970.1333,  1.00000000,1,0,0.0,0.5
1970.1667,  1.00000000,1,0,0.0,0.5
1970.2000,  1.00000000,1,0,0.0,0.5
1970.2333,  1.00000000,1,0,0.0,0.5
1970.2667,  1.00000000,1,0,0.0,0.5
1970.3000,  1.00000000,1,0,0.0,0.5
1970.3333,  1.00000000,1,0,0.0,0.5
1970.3667,  1.00000000,1,0,0.0,0.5
1970.4000,  1.00000000,1,0,0.0,0.5
1970.4333,  1.00000000,1,0,0.0,0.5
1970.4667,  1.00000000,1,0,0.0,0.5
1970.5000,  1.00000000,1,0,0.0,0.5
1970.5333,  1.00000000,1,0,0.0,0.5
1970.5667,  1.00000000,1,0,0.0,0.5
1970.6000,  1.00000000,1,0,0.0,0.5
1970.6333,  1.00000000,1,0,0.0,0.5
1970.6667,  1.00000000,1,0,0.0,0.5
1970.7000,  1.00000000,1,0,0.0,0.5
1970.7333,  1.00000000,1,0,0.0,0.5
1970.7667,  1.00000000,1,0,0.0,0.5
1970.8000,  1.00000000,1,0,0.0,0.5
1970.8333,  1.00000000,1,0,0.0,0.5
1970.8667,  1.00000000,1,0,0.0,0.5
1970.9000,  1.00000000,1,0,0.0,0.5
1970.9333,  1.00000000,1,0,0.0,0.5
1970.9667,  1.00000000,1,0,0.0,0.5
1971.0000,  1.00000000,1,0,0.0,0.5
1971.0333,  1.00000000,1,0,0.0,0.5
1971.0667,  1.00000000,1,0,0.0,0.5
1971.1000,  1.00000000,1,0,0.0,0.5
1971.1333,  1.00000000,1,0,0.0,0.5
1971.1667,  1.00000000,1,0,0.0,0.5
1971.2000,  1.00000000,1,0,0.0,0.5
1971.2333,  1.00000000,1,0,0.0,0.5
1971.2667,  1.00000000,1,0,0.025000000000000001,0.5
1971.3000,  1.00000000,1,0,0.0,0.5
1971.3333,  1.00000000,1,0,0.0,0.5
1971.3667,  1.00000000,1,0,0.0,0.5
1971.4000,  1.00000000,1,0,0.0,0.5
1971.4333,  1.00000000,1,0,0.0,0.5
1971.4667,  1.00000000,1,0,0.025000000000000001,0.5
1971.5000,  1.00000000,1,0,0.0,0.5
1971.5333,  1.00000000,1,0,0.0,0.5
1971.5667,  1.00000000,1,0,0.0,0.5
1971.6000,  1.00000000,1,0,0.0,0.5
1971.6333,  1.00000000,1,0,0.0,0.5
1971.6667,  1.00000000,1,0,0.0,0.5
1971.7000,  1.00000000,1,0,0.0,0.5
1971.7333,  1.00000000,1,0,0.0,0.5
1971.7667,  1.00000000,1,0,0.0,0.5
1971.8000,  1.00000000,1,0,0.0,0.5
1971.8333,  1.00000000,1,0,0.0,0.5
1971.8667,  1.00000000,1,0,0.0,0.5
1971.9000,  1.00000000,1,0,0.0,0.5
1971.9333,  1.00000000,1,0,0.0,0.5
1971.9667,  1.00000000,1,0,0.0,0.5
1972.0000,  1.00000000,1,0,0.0,0.5
1972.0333,  1.00000000,1,0,0.0,0.5
1972.0667,  1.00000000,1,0,0.0,0.5
1972.1000,  1.00000000,1,0,0.0,0.5
1972.1333,  1.00000000,1,0,0.0,0.5
1972.1667,  1.00000000,1,0,0.0,0.5
1972.2000,  1.00000000,1,0,0.0,0.5
1972.2333,  1.00000000,1,0,0.0,0.5
1972.2667,  1.00000000,1,0,0.0,0.5
1972.3000,  1.00000000,1,0,0.0,0.5
1972.3333,  1.00000000,1,0,0.0,0.5
1972.3667,  1.00000000,1,0,0.0,0.5
1972.4000,  1.00000000,1,0,0.0,0.5
1972.4333,  1.00000000,1,0,0.0,0.5
1972.4667,  1.00000000,1,0,0.0,0.5
1972.5000,  1.00000000,1,0,0.0,0.5
1972.5333,  1.00000000,1,0,0.025000000000000001,0.5
1972.5667,  1.00000000,1,0,0.0,0.5
1972.6000,  1.00000000,1,0,0.0,0.5
1972.6333,  1.00000000,1,0,0.0,0.5
1972.6667,  1.00000000,1,0,0.025000000000000001,0.5
1972.7000,  1.00000000,1,0,0.0,0.5
1972.7333,  1.00000000,1,0,0.0,0.5
1972.7667,  1.00000000,1,0,0.0,0.5
1972.8000,  1.00000000,1,0,0.0,0.5
1972.8333,  1.00000000,1,0,0.0,0.5
1972.8667,  1.00000000,1,0,0.0,0.5
1972.9000,  1.00000000,1,0,0.0,0.5
1972.9333,  1.00000000,1,0,0.0,0.5
1972.9667,  1.00000000,1,0,0.025000000000000001,0.5
1973.0000,  1.00000000,1,0,0.0,0.5
1973.0333,  1.00000000,1,0,0.0,0.5
1973.0667,  1.00000000,1,0,0.025000000000000001,0.5
1973.1000,  1.00000000,1,0,0.0,0.5
1973.1333,  1.00000000,1,0,0.0,0.5
1973.1667,  1.00000000,1,0,0.0,0.5
1973.2000,  1.00000000,1,0,0.025000000000000001,0.5
1973.2333,  1.00000000,1,0,0.0,0.5
1973.2667,  1.00000000,1,0,0.0,0.5
1973.3000,  1.00000000,1,0,0.0,0.5
1973.3333,  1.00000000,1,0,0.0,0.5
1973.3667,  1.00000000,1,0,0.0,0.5
1973.4000,  1.00000000,1,0,0.0,0.5
1973.4333,  1.00000000,1,0,0.025000000000000001,0.5
1973.4667,  1.00000000,1,0,0.025000000000000001,0.5
1973.5000,  1.00000000,1,0,0.0,0.5
1973.5333,  1.00000000,1,0,0.0,0.5
1973.5667,  1.00000000,1,0,0.0,0.5
1973.6000,  1.00000000,1,0,0.0,0.5
1973.6333,  1.00000000,1,0,0.0,0.5
1973.6667,  1.00000000,1,0,0.0,0.5
1973.7000,  1.00000000,1,0,0.0,0.5
1973.7333,  1.00000000,1,0,0.0,0.5
1973.7667,  1.00000000,1,0,0.0,0.5
1973.8000,  1.00000000,1,0,0.0,0.5
1973.8333,  1.00000000,1,0,0.0,0.5
1973.8667,  1.00000000,1,0,0.0,0.5
1973.9000,  1.00000000,1,0,0.0,0.5
1973.9333,  1.00000000,1,0,0.0,0.5
1973.9667,  1.00000000,1,0,0.0,0.5
1974.0000,  1.00000000,1,0,0.0,0.5
1974.0333,  1.00000000,1,0,0.0,0.5
1974.0667,  1.00000000,1,0,0.0,0.5
1974.1000,  1.00000000,1,0,0.0,0.5
1974.1333,  1.00000000,1,0,0.0,0.5
1974.1667,  1.00000000,1,0,0.0,0.5
1974.2000,  1.00000000,1,0,0.025000000000000001,0.5
1974.2333,  1.00000000,1,0,0.0,0.5
1974.2667,  1.00000000,1,0,0.0,0.5
1974.3000,  1.00000000,1,0,0.0,0.5
1974.3333,  1.00000000,1,0,0.0,0.5
1974.3667,  1.00000000,1,0,0.025000000000000001,0.5
1974.4000,  1.00000000,1,0,0.0,0.5
1974.4333,  1.00000000,1,0,0.0,0.5
1974.4667,  1.00000000,1,0,0.0,0.5
1974.5000,  1.00000000,1,0,0.025000000000000001,0.5
1974.5333,  1.00000000,1,0,0.0,0.5
1974.5667,  1.00000000,1,0,0.0,0.5
1974.6000,  1.00000000,1,0,0.0,0.5
1974.6333,  1.00000000,1,0,0.0,0.5
1974.6667,  1.00000000,1,0,0.0,0.5
1974.7000,  1.00000000,1,0,0.0,0.5
1974.7333,  1.00000000,1,0,0.025000000000000001,0.5
1974.7667,  1.00000000,1,0,0.0,0.5
1974.8000,  1.00000000,1,0,0.025000000000000001,0.5
1974.8333,  1.00000000,1,0,0.050000000000000003,0.5
1974.8667,  1.00000000,1,0,0.050000000000000003,0.5
1974.9000,  1.00000000,1,0,0.0,0.5
1974.9333,  1.00000000,1,0,0.0,0.5
1974.9667,  1.00000000,1,0,0.0,0.5
1975.0000,  1.00000000,1,0,0.0,0.5
1975.0333,  1.00000000,1,0,0.0,0.5
1975.0667,  1.00000000,1,0,0.0,0.5
1975.1000,  1.00000000,1,0,0.0,0.5
1975.1333,  1.00000000,1,0,0.025000000000000001,0.5
1975.1667,  1.00000000,1,0,0.0,0.5
1975.2000,  1.00000000,1,0,0.0,0.5
1975.2333,  1.00000000,1,0,0.0,0.5
1975.2667,  1.00000000,1,0,0.025000000000000001,0.5
1975.3000,  1.00000000,1,0,0.0,0.5
1975.3333,  1.00000000,1,0,0.0,0.5
1975.3667,  1.00000000,1,0,0.025000000000000001,0.5
1975.4000,  1.00000000,1,0,0.0,0.5
1975.4333,  1.00000000,1,0,0.0,0.5
1975.4667,  1.00000000,1,0,0.0,0.5
1975.5000,  1.00000000,1,0,0.0,0.5
1975.5333,  1.00000000,1,0,0.0,0.5
1975.5667,  1.00000000,1,0,0.0,0.5
1975.6000,  1.00000000,1,0,0.0,0.5
1975.6333,  1.00000000,1,0,0.0,0.5
1975.6667,  1.00000000,1,0,0.0,0.5
1975.7000,  1.00000000,1,0,0.0,0.5
1975.7333,  1.00000000,1,0,0.0,0.5
1975.7667,  1.00000000,1,0,0.0,0.5
1975.8000,  1.00000000,1,0,0.0,0.5
1975.8333,  1.00000000,1,0,0.0,0.5
1975.8667,  1.00000000,1,0,0.0,0.5
1975.9000,  1.00000000,1,0,0.0,0.5
1975.9333,  1.00000000,1,0,0.0,0.5
1975.9667,  1.00000000,1,0,0.0,0.5
1976.0000,  1.00000000,1,0,0.0,0.5
1976.0333,  1.00000000,1,0,0.0,0.5
1976.0667,  1.00000000,1,0,0.0,0.5
1976.1000,  1.00000000,1,0,0.0,0.5
1976.1333,  1.00000000,1,0,0.0,0.5
1976.1667,  1.00000000,1,0,0.025000000000000001,0.5
1976.2000,  1.00000000,1,0,0.0,0.5
1976.2333,  1.00000000,1,0,0.0,0.5
1976.2667,  1.00000000,1,0,0.0,0.5
1976.3000,  1.00000000,1,0,0.0,0.5
1976.3333,  1.00000000,1,0,0.0,0.5
1976.3667,  1.00000000,1,0,0.0,0.5
1976.4000,  1.00000000,1,0,0.0,0.5
1976.4333,  1.00000000,1,0,0.0,0.5
1976.4667,  1.00000000,1,0,0.0,0.5
1976.5000,  1.00000000,1,0,0.0,0.5
1976.5333,  1.00000000,1,0,0.0,0.5
1976.5667,  1.00000000,1,0,0.0,0.5
1976.6000,  1.00000000,1,0,0.0,0.5
1976.6333,  1.00000000,1,0,0.0,0.5
1976.6667,  1.00000000,1,0,0.0,0.5
1976.7000,  1.00000000,1,0,0.0,0.5
1976.7333,  1.00000000,1,0,0.0,0.5
1976.7667,  1.00000000,1,0,0.0,0.5
1976.8000,  1.00000000,1,0,0.0,0.5
1976.8333,  1.00000000,1,0,0.0,0.5
1976.8667,  1.00000000,1,0,0.0,0.5
1976.9000,  1.00000000,1,0,0.0,0.5
1976.9333,  1.00000000,1,0,0.0,0.5
1976.9667,  1.00000000,1,0,0.0,0.5
1977.0000,  1.00000000,1,0,0.0,0.5
1977.0333,  1.00000000,1,0,0.0,0.5
1977.0667,  1.00000000,1,0,0.0,0.5
1977.1000,  1.00000000,1,0,0.0,0.5
1977.1333,  1.00000000,1,0,0.050000000000000003,0.5
1977.1667,  1.00000000,1,0,0.025000000000000001,0.5
1977.2000,  1.00000000,1,0,0.0,0.5
1977.2333,  1.00000000,1,0,0.0,0.5
1977.2667,  1.00000000,1,0,0.0,0.5
1977.3000,  1.00000000,1,0,0.0,0.5
1977.3333,  1.00000000,1,0,0.0,0.5
1977.3667,  1.00000000,1,0,0.0,0.5
1977.4000,  1.00000000,1,0,0.0,0.5
1977.4333,  1.00000000,1,0,0.025000000000000001,0.5
1977.4667,  1.00000000,1,0,0.0,0.5
1977.5000,  1.00000000,1,0,0.0,0.5
1977.5333,  1.00000000,1,0,0.0,0.5
1977.5667,  1.00000000,1,0,0.0,0.5
1977.6000,  1.00000000,1,0,0.0,0.5
1977.6333,  1.00000000,1,0,0.025000000000000001,0.5
1977.6667,  1.00000000,1,0,0.0,0.5
1977.7000,  1.00000000,1,0,0.0,0.5
1977.7333,  1.00000000,1,0,0.0,0.5
1977.7667,  1.00000000,1,0,0.0,0.5
1977.8000,  1.00000000,1,0,0.0,0.5
1977.8333,  1.00000000,1,0,0.0,0.5
1977.8667,  1.00000000,1,0,0.0,0.5
1977.9000,  1.00000000,1,0,0.0,0.5
1977.9333,  1.00000000,1,0,0.0,0.5
1977.9667,  1.00000000,1,0,0.0,0.5
1978.0000,  1.00000000,1,0,0.0,0.5
1978.0333,  1.00000000,1,0,0.025000000000000001,0.5
1978.0667,  1.00000000,1,0,0.0,0.5
1978.1000,  1.00000000,1,0,0.025000000000000001,0.5
1978.1333,  1.00000000,1,0,0.0,0.5
1978.1667,  1.00000000,1,0,0.0,0.5
1978.2000,  1.00000000,1,0,0.0,0.5
1978.2333,  1.00000000,1,0,0.0,0.5
1978.2667,  1.00000000,1,0,0.025000000000000001,0.5
1978.3000,  1.00000000,1,0,0.0,0.5
1978.3333,  1.00000000,1,0,0.0,0.5
1978.3667,  1.00000000,1,0,0.0,0.5
1978.4000,  1.00000000,1,0,0.0,0.5
1978.4333,  1.00000000,1,0,0.0,0.5
1978.4667,  1.00000000,1,0,0.0,0.5
1978.5000,  1.00000000,1,0,0.0,0.5
1978.5333,  1.00000000,1,0,0.0,0.5
1978.5667,  1.00000000,1,0,0.0,0.5
1978.6000,  1.00000000,1,0,0.025000000000000001,0.5
1978.6333,  1.00000000,1,0,0.0,0.5
1978.6667,  1.00000000,1,0,0.025000000000000001,0.5
1978.7000,  1.00000000,1,0,0.0,0.5
1978.7333,  1.00000000,1,0,0.0,0.5
1978.7667,  1.00000000,1,0,0.0,0.5
1978.8000,  1.00000000,1,0,0.0,0.5
1978.8333,  1.00000000,1,0,0.0,0.5
1978.8667,  1.00000000,1,0,0.0,0.5
1978.9000,  1.00000000,1,0,0.0,0.5
1978.9333,  1.00000000,1,0,0.0,0.5
1978.9667,  1.00000000,1,0,0.0,0.5
1979.0000,  1.00000000,1,0,0.0,0.5
1979.0333,  1.00000000,1,0,0.0,0.5
1979.0667,  1.00000000,1,0,0.025000000000000001,0.5
1979.1000,  1.00000000,1,0,0.0,0.5
1979.1333,  1.00000000,1,0,0.0,0.5
1979.1667,  1.00000000,1,0,0.0,0.5
1979.2000,  1.00000000,1,0,0.0,0.5
1979.2333,  1.00000000,1,0,0.0,0.5
1979.2667,  1.00000000,1,0,0.0,0.5
1979.3000,  1.00000000,1,0,0.0,0.5
1979.3333,  1.00000000,1,0,0.0,0.5
1979.3667,  1.00000000,1,0,0.025000000000000001,0.5
1979.4000,  1.00000000,1,0,0.0,0.5
1979.4333,  1.00000000,1,0,0.050000000000000003,0.5
1979.4667,  1.00000000,1,0,0.0,0.5
1979.5000,  1.00000000,1,0,0.0,0.5
1979.5333,  1.00000000,1,0,0.025000000000000001,0.5
1979.5667,  1.00000000,1,0,0.0,0.5
1979.6000,  1.00000000,1,0,0.025000000000000001,0.5
1979.6333,  1.00000000,1,0,0.0,0.5
1979.6667,  1.00000000,1,0,0.025000000000000001,0.5
1979.7000,  1.00000000,1,0,0.0,0.5
1979.7333,  1.00000000,1,0,0.0,0.5
1979.7667,  1.00000000,1,0,0.0,0.5
1979.8000,  1.00000000,1,0,0.0,0.5
1979.8333,  1.00000000,1,0,0.0,0.5
1979.8667,  1.00000000,1,0,0.0,0.5
1979.9000,  1.00000000,1,0,0.0,0.5
1979.9333,  1.00000000,1,0,0.0,0.5
1979.9667,  1.00000000,1,0,0.0,0.5
1980.0000,  1.00000000,1,0,0.0,0.5
1980.0333,  1.00000000,1,0,0.0,0.5
1980.0667,  1.00000000,1,0,0.0,0.5
1980.1000,  1.00000000,1,0,0.0,0.5
1980.1333,  1.00000000,1,0,0.0,0.5
1980.1667,  1.00000000,1,0,0.0,0.5
1980.2000,  1.00000000,1,0,0.0,0.5
1980.2333,  1.00000000,1,0,0.0,0.5
1980.2667,  1.00000000,1,0,0.0,0.5
1980.3000,  1.00000000,1,0,0.0,0.5
1980.3333,  1.00000000,1,0,0.0,0.5
1980.3667,  1.00000000,1,0,0.0,0.5
1980.4000,  1.00000000,1,0,0.0,0.5
1980.4333,  1.00000000,1,0,0.0,0.5
1980.4667,  1.00000000,1,0,0.0,0.5
1980.5000,  1.00000000,1,0,0.0,0.5
1980.5333,  1.00000000,1,0,0.0,0.5
1980.5667,  1.00000000,1,0,0.025000000000000001,0.5
1980.6000,  1.00000000,1,0,0.0,0.5
1980.6333,  1.00000000,1,0,0.0,0.5
1980.6667,  1.00000000,1,0,0.0,0.5
1980.7000,  1.00000000,1,0,0.0,0.5
1980.7333,  1.00000000,1,0,0.0,0.5
1980.7667,  1.00000000,1,0,0.0,0.5
1980.8000,  1.00000000,1,0,0.0,0.5
1980.8333,  1.00000000,1,0,0.0,0.5
1980.8667,  1.00000000,1,0,0.025000000000000001,0.5
1980.9000,  1.00000000,1,0,0.0,0.5
1980.9333,  1.00000000,1,0,0.0,0.5
1980.9667,  1.00000000,1,0,0.0,0.5
1981.0000,  1.00000000,1,0,0.0,0.5
1981.0333,  1.00000000,1,0,0.0,0.5
1981.0667,  1.00000000,1,0,0.025000000000000001,0.5
1981.1000,  1.00000000,1,0,0.025000000000000001,0.5
1981.1333,  1.00000000,1,0,0.025000000000000001,0.5
1981.1667,  1.00000000,1,0,0.025000000000000001,0.5
1981.2000,  1.00000000,1,0,0.025000000000000001,0.5
1981.2333,  1.00000000,1,0,0.0,0.5
1981.2667,  1.00000000,1,0,0.0,0.5
1981.3000,  1.00000000,1,0,0.0,0.5
1981.3333,  1.00000000,1,0,0.0,0.5
1981.3667,  1.00000000,1,0,0.0,0.5
1981.4000,  1.00000000,1,0,0.0,0.5
1981.4333,  1.00000000,1,0,0.0,0.5
1981.4667,  1.00000000,1,0,0.0,0.5
1981.5000,  1.00000000,1,0,0.0,0.5
1981.5333,  1.00000000,1,0,0.0,0.5
1981.5667,  1.00000000,1,0,0.0,0.5
1981.6000,  1.00000000,1,0,0.0,0.5
1981.6333,  1.00000000,1,0,0.0,0.5
1981.6667,  1.00000000,1,0,0.025000000000000001,0.5
1981.7000,  1.00000000,1,0,0.0,0.5
1981.7333,  1.00000000,1,0,0.0,0.5
1981.7667,  1.00000000,1,0,0.0,0.5
1981.8000,  1.00000000,1,0,0.0,0.5
1981.8333,  1.00000000,1,0,0.0,0.5
1981.8667,  1.00000000,1,0,0.0,0.5
1981.9000,  1.00000000,1,0,0.0,0.5
1981.9333,  1.00000000,1,0,0.0,0.5
1981.9667,  1.00000000,1,0,0.0,0.5
1982.0000,  1.00000000,1,0,0.0,0.5
1982.0333,  1.00000000,1,0,0.0,0.5
1982.0667,  1.00000000,1,0,0.0,0.5
1982.1000,  1.00000000,1,0,0.0,0.5
1982.1333,  1.00000000,1,0,0.0,0.5
1982.1667,  1.00000000,1,0,0.0,0.5
1982.2000,  1.00000000,1,0,0.0,0.5
1982.2333,  1.00000000,1,0,0.025000000000000001,0.5
1982.2667,  1.00000000,1,0,0.0,0.5
1982.3000,  1.00000000,1,0,0.0,0.5
1982.3333,  1.00000000,1,0,0.0,0.5
1982.3667,  1.00000000,1,0,0.0,0.5
1982.4000,  1.00000000,1,0,0.0,0.5
1982.4333,  1.00000000,1,0,0.0,0.5
1982.4667,  1.00000000,1,0,0.0,0.5
1982.5000,  1.00000000,1,0,0.0,0.5
1982.5333,  1.00000000,1,0,0.0,0.5
1982.5667,  1.00000000,1,0,0.0,0.5
1982.6000,  1.00000000,1,0,0.0,0.5
1982.6333,  1.00000000,1,0,0.025000000000000001,0.5
1982.6667,  1.00000000,1,0,0.0,0.5
1982.7000,  1.00000000,1,0,0.025000000000000001,0.5
1982.7333,  1.00000000,1,0,0.0,0.5
1982.7667,  1.00000000,1,0,0.025000000000000001,0.5
1982.8000,  1.00000000,1,0,0.0,0.5
1982.8333,  1.00000000,1,0,0.0,0.5
1982.8667,  1.00000000,1,0,0.0,0.5
1982.9000,  1.00000000,1,0,0.0,0.5
1982.9333,  1.00000000,1,0,0.025000000000000001,0.5
1982.9667,  1.00000000,1,0,0.0,0.5
1983.0000,  1.00000000,1,0,0.0,0.5
1983.0333,  1.00000000,1,0,0.025000000000000001,0.5
1983.0667,  1.00000000,1,0,0.0,0.5
1983.1000,  1.00000000,1,0,0.0,0.5
1983.1333,  1.00000000,1,0,0.0,0.5
1983.1667,  1.00000000,1,0,0.0,0.5
1983.2000,  1.00000000,1,0,0.0,0.5
1983.2333,  1.00000000,1,0,0.0,0.5
1983.2667,  1.00000000,1,0,0.0,0.5
1983.3000,  1.00000000,1,0,0.0,0.5
1983.3333,  1.00000000,1,0,0.0,0.5
1983.3667,  1.00000000,1,0,0.0,0.5
1983.4000,  1.00000000,1,0,0.0,0.5
1983.4333,  1.00000000,1,0,0.0,0.5
1983.4667,  1.00000000,1,0,0.0,0.5
1983.5000,  1.00000000,1,0,0.0,0.5
1983.5333,  1.00000000,1,0,0.0,0.5
1983.5667,  1.00000000,1,0,0.0,0.5
1983.6000,  1.00000000,1,0,0.025000000000000001,0.5
1983.6333,  1.00000000,1,0,0.0,0.5
1983.6667,  1.00000000,1,0,0.0,0.5
1983.7000,  1.00000000,1,0,0.0,0.5
1983.7333,  1.00000000,1,0,0.025000000000000001,0.5
1983.7667,  1.00000000,1,0,0.0,0.5
1983.8000,  1.00000000,1,0,0.0,0.5
1983.8333,  1.00000000,1,0,0.0,0.5
1983.8667,  1.00000000,1,0,0.0,0.5
1983.9000,  1.00000000,1,0,0.025000000000000001,0.5
1983.9333,  1.00000000,1,0,0.025000000000000001,0.5
1983.9667,  1.00000000,1,0,0.025000000000000001,0.5
1984.0000,  1.00000000,1,0,0.0,0.5
1984.0333,  1.00000000,1,0,0.0,0.5
1984.0667,  1.00000000,1,0,0.0,0.5
1984.1000,  1.00000000,1,0,0.0,0.5
1984.1333,  1.00000000,1,0,0.025000000000000001,0.5
1984.1667,  1.00000000,1,0,0.0,0.5
1984.2000,  1.00000000,1,0,0.0,0.5
1984.2333,  1.00000000,1,0,0.0,0.5
1984.2667,  1.00000000,1,0,0.0,0.5
1984.3000,  1.00000000,1,0,0.0,0.5
1984.3333,  1.00000000,1,0,0.0,0.5
1984.3667,  1.00000000,1,0,0.0,0.5
1984.4000,  1.00000000,1,0,0.0,0.5
1984.4333,  1.00000000,1,0,0.0,0.5
1984.4667,  1.00000000,1,0,0.025000000000000001,0.5
1984.5000,  1.00000000,1,0,0.0,0.5
1984.5333,  1.00000000,1,0,0.0,0.5
1984.5667,  1.00000000,1,0,0.0,0.5
1984.6000,  1.00000000,1,0,0.025000000000000001,0.5
1984.6333,  1.00000000,1,0,0.0,0.5
1984.6667,  1.00000000,1,0,0.050000000000000003,0.5
1984.7000,  1.00000000,1,0,0.0,0.5
1984.7333,  1.00000000,1,0,0.0,0.5
1984.7667,  1.00000000,1,0,0.0,0.5
1984.8000,  1.00000000,1,0,0.0,0.5
1984.8333,  1.00000000,1,0,0.025000000000000001,0.5
1984.8667,  1.00000000,1,0,0.0,0.5
1984.9000,  1.00000000,1,0,0.0,0.5
1984.9333,  1.00000000,1,0,0.0,0.5
1984.9667,  1.00000000,1,0,0.025000000000000001,0.5
1985.0000,  1.00000000,1,0,0.0,0.5
1985.0333,  1.00000000,1,0,0.0,0.5
1985.0667,  1.00000000,1,0,0.025000000000000001,0.5
1985.1000,  1.00000000,1,0,0.025000000000000001,0.5
1985.1333,  1.00000000,1,0,0.0,0.5
1985.1667,  1.00000000,1,0,0.0,0.5
1985.2000,  1.00000000,1,0,0.0,0.5
1985.2333,  1.00000000,1,0,0.0,0.5
1985.2667,  1.00000000,1,0,0.0,0.5
1985.3000,  1.00000000,1,0,0.0,0.5
1985.3333,  1.00000000,1,0,0.0,0.5
1985.3667,  1.00000000,1,0,0.025000000000000001,0.5
1985.4000,  1.00000000,1,0,0.0,0.5
1985.4333,  1.00000000,1,0,0.0,0.5
1985.4667,  1.00000000,1,0,0.0,0.5
1985.5000,  1.00000000,1,0,0.0,0.5
1985.5333,  1.00000000,1,0,0.025000000000000001,0.5
1985.5667,  1.00000000,1,0,0.0,0.5
1985.6000,  1.00000000,1,0,0.0,0.5
1985.6333,  1.00000000,1,0,0.0,0.5
1985.6667,  1.00000000,1,0,0.0,0.5
1985.7000,  1.00000000,1,0,0.0,0.5
1985.7333,  1.00000000,1,0,0.0,0.5
1985.7667,  1.00000000,1,0,0.0,0.5
1985.8000,  1.00000000,1,0,0.0,0.5
1985.8333,  1.00000000,1,0,0.0,0.5
1985.8667,  1.00000000,1,0,0.0,0.5
1985.9000,  1.00000000,1,0,0.0,0.5
1985.9333,  1.00000000,1,0,0.0,0.5
1985.9667,  1.00000000,1,0,0.0,0.5
1986.0000,  1.00000000,1,0,0.0,0.5
1986.0333,  1.00000000,1,0,0.0,0.5
1986.0667,  1.00000000,1,0,0.025000000000000001,0.5
1986.1000,  1.00000000,1,0,0.0,0.5
1986.1333,  1.00000000,1,0,0.0,0.5
1986.1667,  1.00000000,1,0,0.0,0.5
1986.2000,  1.00000000,1,0,0.0,0.5
1986.2333,  1.00000000,1,0,0.0,0.5
1986.2667,  1.00000000,1,0,0.0,0.5
1986.3000,  1.00000000,1,0,0.0,0.5
1986.3333,  1.00000000,1,0,0.0,0.5
1986.3667,  1.00000000,1,0,0.0,0.5
1986.4000,  1.00000000,1,0,0.025000000000000001,0.5
1986.4333,  1.00000000,1,0,0.0,0.5
1986.4667,  1.00000000,1,0,0.0,0.5
1986.5000,  1.00000000,1,0,0.0,0.5
1986.5333,  1.00000000,1,0,0.0,0.5
1986.5667,  1.00000000,1,0,0.0,0.5
1986.6000,  1.00000000,1,0,0.0,0.5
1986.6333,  1.00000000,1,0,0.0,0.5
1986.6667,  1.00000000,1,0,0.0,0.5
1986.7000,  1.00000000,1,0,0.0,0.5
1986.7333,  1.00000000,1,0,0.0,0.5
1986.7667,  1.00000000,1,0,0.0,0.5
1986.8000,  1.00000000,1,0,0.025000000000000001,0.5
1986.8333,  1.00000000,1,0,0.0,0.5
1986.8667,  1.00000000,1,0,0.0,0.5
1986.9000,  1.00000000,1,0,0.0,0.5
1986.9333,  1.00000000,1,0,0.0,0.5
1986.9667,  1.00000000,1,0,0.0,0.5
1987.0000,  1.00000000,1,0,0.0,0.5
1987.0333,  1.00000000,1,0,0.0,0.5
1987.0667,  1.00000000,1,0,0.0,0.5
1987.1000,  1.00000000,1,0,0.0,0.5
1987.1333,  1.00000000,1,0,0.0,0.5
1987.1667,  1.00000000,1,0,0.0,0.5
1987.2000,  1.00000000,1,0,0.0,0.5
1987.2333,  1.00000000,1,0,0.0,0.5
1987.2667,  1.00000000,1,0,0.0,0.5
1987.3000,  1.00000000,1,0,0.0,0.5
1987.3333,  1.00000000,1,0,0.0,0.5
1987.3667,  1.00000000,1,0,0.0,0.5
1987.4000,  1.00000000,1,0,0.0,0.5
1987.4333,  1.00000000,1,0,0.0,0.5
1987.4667,  1.00000000,1,0,0.0,0.5
1987.5000,  1.00000000,1,0,0.0,0.5
1987.5333,  1.00000000,1,0,0.025000000000000001,0.5
1987.5667,  1.00000000,1,0,0.0,0.5
1987.6000,  1.00000000,1,0,0.0,0.5
1987.6333,  1.00000000,1,0,0.0,0.5
1987.6667,  1.00000000,1,0,0.025000000000000001,0.5
1987.7000,  1.00000000,1,0,0.0,0.5
1987.7333,  1.00000000,1,0,0.0,0.5
1987.7667,  1.00000000,1,0,0.025000000000000001,0.5
1987.8000,  1.00000000,1,0,0.0,0.5
1987.8333,  1.00000000,1,0,0.0,0.5
1987.8667,  1.00000000,1,0,0.0,0.5
1987.9000,  1.00000000,1,0,0.0,0.5
1987.9333,  1.00000000,1,0,0.0,0.5
1987.9667,  1.00000000,1,0,0.0,0.5
1988.0000,  1.00000000,1,0,0.0,0.5
1988.0333,  1.00000000,1,0,0.0,0.5
1988.0667,  1.00000000,1,0,0.0,0.5
1988.1000,  1.00000000,1,0,0.0,0.5
1988.1333,  1.00000000,1,0,0.0,0.5
1988.1667,  1.00000000,1,0,0.0,0.5
1988.2000,  1.00000000,1,0,0.025000000000000001,0.5
1988.2333,  1.00000000,1,0,0.0,0.5
1988.2667,  1.00000000,1,0,0.0,0.5
1988.3000,  1.00000000,1,0,0.0,0.5
1988.3333,  1.00000000,1,0,0.0,0.5
1988.3667,  1.00000000,1,0,0.0,0.5
1988.4000,  1.00000000,1,0,0.0,0.5
1988.4333,  1.00000000,1,0,0.0,0.5
1988.4667,  1.00000000,1,0,0.0,0.5
1988.5000,  1.00000000,1,0,0.0,0.5
1988.5333,  1.00000000,1,0,0.0,0.5
1988.5667,  1.00000000,1,0,0.0,0.5
1988.6000,  1.00000000,1,0,0.0,0.5
1988.6333,  1.00000000,1,0,0.0,0.5
1988.6667,  1.00000000,1,0,0.0,0.5
1988.7000,  1.00000000,1,0,0.025000000000000001,0.5
1988.7333,  1.00000000,1,0,0.0,0.5
1988.7667,  1.00000000,1,0,0.0,0.5
1988.8000,  1.00000000,1,0,0.025000000000000001,0.5
1988.8333,  1.00000000,1,0,0.0,0.5
1988.8667,  1.00000000,1,0,0.025000000000000001,0.5
1988.9000,  1.00000000,1,0,0.0,0.5
1988.9333,  1.00000000,1,0,0.0,0.5
1988.9667,  1.00000000,1,0,0.0,0.5
1989.0000,  1.00000000,1,0,0.0,0.5
1989.0333,  1.00000000,1,0,0.025000000000000001,0.5
1989.0667,  1.00000000,1,0,0.0,0.5
1989.1000,  1.00000000,1,0,0.0,0.5
1989.1333,  1.00000000,1,0,0.0,0.5
1989.1667,  1.00000000,1,0,0.0,0.5
1989.2000,  1.00000000,1,0,0.0,0.5
1989.2333,  1.00000000,1,0,0.0,0.5
1989.2667,  1.00000000,1,0,0.0,0.5
1989.3000,  1.00000000,1,0,0.025000000000000001,0.5
1989.3333,  1.00000000,1,0,0.025000000000000001,0.5
1989.3667,  1.00000000,1,0,0.0,0.5
1989.4000,  1.00000000,1,0,0.0,0.5
1989.4333,  1.00000000,1,0,0.0,0.5
1989.4667,  1.00000000,1,0,0.0,0.5
1989.5000,  1.00000000,1,0,0.0,0.5
1989.5333,  1.00000000,1,0,0.0,0.5
1989.5667,  1.00000000,1,0,0.0,0.5
1989.6000,  1.00000000,1,0,0.0,0.5
1989.6333,  1.00000000,1,0,0.0,0.5
1989.6667,  1.00000000,1,0,0.0,0.5
1989.7000,  1.00000000,1,0,0.0,0.5
1989.7333,  1.00000000,1,0,0.0,0.5
1989.7667,  1.00000000,1,0,0.0,0.5
1989.8000,  1.00000000,1,0,0.0,0.5
1989.8333,  1.00000000,1,0,0.025000000000000001,0.5
1989.8667,  1.00000000,1,0,0.0,0.5
1989.9000,  1.00000000,1,0,0.0,0.5
1989.9333,  1.00000000,1,0,0.0,0.5
1989.9667,  1.00000000,1,0,0.025000000000000001,0.5
1990.0000,  1.00000000,1,0,0.0,0.5
1990.0333,  1.00000000,1,0,0.025000000000000001,0.5
1990.0667,  1.00000000,1,0,0.0,0.5
1990.1000,  1.00000000,1,0,0.0,0.5
1990.1333,  1.00000000,1,0,0.0,0.5
1990.1667,  1.00000000,1,0,0.0,0.5
1990.2000,  1.00000000,1,0,0.0,0.5
1990.2333,  1.00000000,1,0,0.025000000000000001,0.5
1990.2667,  1.00000000,1,0,0.0,0.5
1990.3000,  1.00000000,1,0,0.0,0.5
1990.3333,  1.00000000,1,0,0.0,0.5
1990.3667,  1.00000000,1,0,0.0,0.5
1990.4000,  1.00000000,1,0,0.0,0.5
1990.4333,  1.00000000,1,0,0.025000000000000001,0.5
1990.4667,  1.00000000,1,0,0.0,0.5
1990.5000,  1.00000000,1,0,0.0,0.5
1990.5333,  1.00000000,1,0,0.0,0.5
1990.5667,  1.00000000,1,0,0.0,0.5
1990.6000,  1.00000000,1,0,0.0,0.5
1990.6333,  1.00000000,1,0,0.0,0.5
1990.6667,  1.00000000,1,0,0.0,0.5
1990.7000,  1.00000000,1,0,0.0,0.5
1990.7333,  1.00000000,1,0,0.0,0.5
1990.7667,  1.00000000,1,0,0.0,0.5
1990.8000,  1.00000000,1,0,0.0,0.5
1990.8333,  1.00000000,1,0,0.0,0.5
1990.8667,  1.00000000,1,0,0.0,0.5
1990.9000,  1.00000000,1,0,0.0,0.5
1990.9333,  1.00000000,1,0,0.0,0.5
1990.9667,  1.00000000,1,0,0.0,0.5
1991.0000,  1.00000000,1,0,0.0,0.5
1991.0333,  1.00000000,1,0,0.0,0.5
1991.0667,  1.00000000,1,0,0.0,0.5
1991.1000,  1.00000000,1,0,0.0,0.5
1991.1333,  1.00000000,1,0,0.0,0.5
1991.1667,  1.00000000,1,0,0.0,0.5
1991.2000,  1.00000000,1,0,0.0,0.5
1991.2333,  1.00000000,1,0,0.0,0.5
1991.2667,  1.00000000,1,0,0.0,0.5
1991.3000,  1.00000000,1,0,0.0,0.5
1991.3333,  1.00000000,1,0,0.0,0.5
1991.3667,  1.00000000,1,0,0.0,0.5
1991.4000,  1.00000000,1,0,0.0,0.5
1991.4333,  1.00000000,1,0,0.0,0.5
1991.4667,  1.00000000,1,0,0.0,0.5
1991.5000,  1.00000000,1,0,0.0,0.5
1991.5333,  1.00000000,1,0,0.0,0.5
1991.5667,  1.00000000,1,0,0.0,0.5
1991.6000,  1.00000000,1,0,0.0,0.5
1991.6333,  1.00000000,1,0,0.0,0.5
1991.6667,  1.00000000,1,0,0.0,0.5
1991.7000,  1.00000000,1,0,0.0,0.5
1991.7333,  1.00000000,1,0,0.0,0.5
1991.7667,  1.00000000,1,0,0.0,0.5
1991.8000,  1.00000000,1,0,0.0,0.5
1991.8333,  1.00000000,1,0,0.0,0.5
1991.8667,  1.00000000,1,0,0.0,0.5
1991.9000,  1.00000000,1,0,0.0,0.5
1991.9333,  1.00000000,1,0,0.0,0.5
1991.9667,  1.00000000,1,0,0.0,0.5
1992.0000,  1.00000000,1,0,0.0,0.5
1992.0333,  1.00000000,1,0,0.0,0.5
1992.0667,  1.00000000,1,0,0.0,0.5
1992.1000,  1.00000000,1,0,0.0,0.5
1992.1333,  1.00000000,1,0,0.0,0.5
1992.1667,  1.00000000,1,0,0.0,0.5
1992.2000,  1.00000000,1,0,0.0,0.5
1992.2333,  1.00000000,1,0,0.025000000000000001,0.5
1992.2667,  1.00000000,1,0,0.0,0.5
1992.3000,  1.00000000,1,0,0.0,0.5
1992.3333,  1.00000000,1,0,0.0,0.5
1992.3667,  1.00000000,1,0,0.0,0.5
1992.4000,  1.00000000,1,0,0.0,0.5
1992.4333,  1.00000000,1,0,0.0,0.5
1992.4667,  1.00000000,1,0,0.0,0.5
1992.5000,  1.00000000,1,0,0.025000000000000001,0.5
1992.5333,  1.00000000,1,0,0.0,0.5
1992.5667,  1.00000000,1,0,0.0,0.5
1992.6000,  1.00000000,1,0,0.0,0.5
1992.6333,  1.00000000,1,0,0.0,0.5
1992.6667,  1.00000000,1,0,0.0,0.5
1992.7000,  1.00000000,1,0,0.0,0.5
1992.7333,  1.00000000,1,0,0.025000000000000001,0.5
1992.7667,  1.00000000,1,0,0.0,0.5
1992.8000,  1.00000000,1,0,0.0,0.5
1992.8333,  1.00000000,1,0,0.0,0.5
1992.8667,  1.00000000,1,0,0.0,0.5
1992.9000,  1.00000000,1,0,0.0,0.5
1992.9333,  1.00000000,1,0,0.0,0.5
1992.9667,  1.00000000,1,0,0.0,0.5
1993.0000,  1.00000000,1,0,0.0,0.5
1993.0333,  1.00000000,1,0,0.0,0.5
1993.0667,  1.00000000,1,0,0.0,0.5
1993.1000,  1.00000000,1,0,0.0,0.5
1993.1333,  1.00000000,1,0,0.025000000000000001,0.5
1993.1667,  1.00000000,1,0,0.0,0.5
1993.2000,  1.00000000,1,0,0.0,0.5
1993.2333,  1.00000000,1,0,0.0,0.5
1993.2667,  1.00000000,1,0,0.0,0.5
1993.3000,  1.00000000,1,0,0.0,0.5
1993.3333,  1.00000000,1,0,0.0,0.5
1993.3667,  1.00000000,1,0,0.0,0.5
1993.4000,  1.00000000,1,0,0.0,0.5
1993.4333,  1.00000000,1,0,0.0,0.5
1993.4667,  1.00000000,1,0,0.0,0.5
1993.5000,  1.00000000,1,0,0.0,0.5
1993.5333,  1.00000000,1,0,0.0,0.5
1993.5667,  1.00000000,1,0,0.0,0.5
1993.6000,  1.00000000,1,0,0.0,0.5
1993.6333,  1.00000000,1,0,0.0,0.5
1993.6667,  1.00000000,1,0,0.0,0.5
1993.7000,  1.00000000,1,0,0.0,0.5
1993.7333,  1.00000000,1,0,0.0,0.5
1993.7667,  1.00000000,1,0,0.0,0.5
1993.8000,  1.00000000,1,0,0.025000000000000001,0.5
1993.8333,  1.00000000,1,0,0.0,0.5
1993.8667,  1.00000000,1,0,0.0,0.5
1993.9000,  1.00000000,1,0,0.0,0.5
1993.9333,  1.00000000,1,0,0.025000000000000001,0.5
1993.9667,  1.00000000,1,0,0.0,0.5
1994.0000,  1.00000000,1,0,0.0,0.5
1994.0333,  1.00000000,1,0,0.0,0.5
1994.0667,  1.00000000,1,0,0.0,0.5
1994.1000,  1.00000000,1,0,0.0,0.5
1994.1333,  1.00000000,1,0,0.0,0.5
1994.1667,  1.00000000,1,0,0.0,0.5
1994.2000,  1.00000000,1,0,0.0,0.5
1994.2333,  1.00000000,1,0,0.0,0.5
1994.2667,  1.00000000,1,0,0.0,0.5
1994.3000,  1.00000000,1,0,0.0,0.5
1994.3333,  1.00000000,1,0,0.0,0.5
1994.3667,  1.00000000,1,0,0.0,0.5
1994.4000,  1.00000000,1,0,0.0,0.5
1994.4333,  1.00000000,1,0,0.0,0.5
1994.4667,  1.00000000,1,0,0.0,0.5
1994.5000,  1.00000000,1,0,0.0,0.5
1994.5333,  1.00000000,1,0,0.0,0.5
1994.5667,  1.00000000,1,0,0.0,0.5
1994.6000,  1.00000000,1,0,0.0,0.5
1994.6333,  1.00000000,1,0,0.0,0.5
1994.6667,  1.00000000,1,0,0.0,0.5
1994.7000,  1.00000000,1,0,0.0,0.5
1994.7333,  1.00000000,1,0,0.0,0.5
1994.7667,  1.00000000,1,0,0.0,0.5
1994.8000,  1.00000000,1,0,0.0,0.5
1994.8333,  1.00000000,1,0,0.0,0.5
1994.8667,  1.00000000,1,0,0.0,0.5
1994.9000,  1.00000000,1,0,0.0,0.5
1994.9333,  1.00000000,1,0,0.0,0.5
1994.9667,  1.00000000,1,0,0.0,0.5
1995.0000,  1.00000000,1,0,0.0,0.5
1995.0333,  1.00000000,1,0,0.0,0.5
1995.0667,  1.00000000,1,0,0.0,0.5
1995.1000,  1.00000000,1,0,0.0,0.5
1995.1333,  1.00000000,1,0,0.0,0.5
1995.1667,  1.00000000,1,0,0.0,0.5
1995.2000,  1.00000000,1,0,0.0,0.5
1995.2333,  1.00000000,1,0,0.0,0.5
1995.2667,  1.00000000,1,0,0.0,0.5
1995.3000,  1.00000000,1,0,0.025000000000000001,0.5
1995.3333,  1.00000000,1,0,0.0,0.5
1995.3667,  1.00000000,1,0,0.0,0.5
1995.4000,  1.00000000,1,0,0.0,0.5
1995.4333,  1.00000000,1,0,0.0,0.5
1995.4667,  1.00000000,1,0,0.0,0.5
1995.5000,  1.00000000,1,0,0.0,0.5
1995.5333,  1.00000000,1,0,0.0,0.5
1995.5667,  1.00000000,1,0,0.0,0.5
1995.6000,  1.00000000,1,0,0.0,0.5
1995.6333,  1.00000000,1,0,0.0,0.5
1995.6667,  1.00000000,1,0,0.0,0.5
1995.7000,  1.00000000,1,0,0.0,0.5
1995.7333,  1.00000000,1,0,0.0,0.5
1995.7667,  1.00000000,1,0,0.0,0.5
1995.8000,  1.00000000,1,0,0.0,0.5
1995.8333,  1.00000000,1,0,0.025000000000000001,0.5
1995.8667,  1.00000000,1,0,0.0,0.5
1995.9000,  1.00000000,1,0,0.025000000000000001,0.5
1995.9333,  1.00000000,1,0,0.0,0.5
1995.9667,  1.00000000,1,0,0.025000000000000001,0.5
1996.0000,  1.00000000,1,0,0.0,0.5
1996.0333,  1.00000000,1,0,0.0,0.5
1996.0667,  1.00000000,1,0,0.0,0.5
1996.1000,  1.00000000,1,0,0.0,0.5
1996.1333,  1.00000000,1,0,0.0,0.5
1996.1667,  1.00000000,1,0,0.0,0.5
1996.2000,  1.00000000,1,0,0.0,0.5
1996.2333,  1.00000000,1,0,0.0,0.5
1996.2667,  1.00000000,1,0,0.0,0.5
1996.3000,  1.00000000,1,0,0.0,0.5
1996.3333,  1.00000000,1,0,0.0,0.5
1996.3667,  1.00000000,1,0,0.0,0.5
1996.4000,  1.00000000,1,0,0.0,0.5
1996.4333,  1.00000000,1,0,0.0,0.5
1996.4667,  1.00000000,1,0,0.0,0.5
1996.5000,  1.00000000,1,0,0.0,0.5
1996.5333,  1.00000000,1,0,0.0,0.5
1996.5667,  1.00000000,1,0,0.0,0.5
1996.6000,  1.00000000,1,0,0.0,0.5
1996.6333,  1.00000000,1,0,0.0,0.5
1996.6667,  1.00000000,1,0,0.0,0.5
1996.7000,  1.00000000,1,0,0.0,0.5
1996.7333,  1.00000000,1,0,0.0,0.5
1996.7667,  1.00000000,1,0,0.0,0.5
1996.8000,  1.00000000,1,0,0.0,0.5
1996.8333,  1.00000000,1,0,0.0,0.5
1996.8667,  1.00000000,1,0,0.0,0.5
1996.9000,  1.00000000,1,0,0.0,0.5
1996.9333,  1.00000000,1,0,0.0,0.5
1996.9667,  1.00000000,1,0,0.025000000000000001,0.5
1997.0000,  1.00000000,1,0,0.0,0.5
1997.0333,  1.00000000,1,0,0.0,0.5
1997.0667,  1.00000000,1,0,0.0,0.5
1997.1000,  1.00000000,1,0,0.0,0.5
1997.1333,  1.00000000,1,0,0.0,0.5
1997.1667,  1.00000000,1,0,0.0,0.5
1997.2000,  1.00000000,1,0,0.0,0.5
1997.2333,  1.00000000,1,0,0.0,0.5
1997.2667,  1.00000000,1,0,0.0,0.5
1997.3000,  1.00000000,1,0,0.0,0.5
1997.3333,  1.00000000,1,0,0.050000000000000003,0.5
1997.3667,  1.00000000,1,0,0.0,0.5
1997.4000,  1.00000000,1,0,0.0,0.5
1997.4333,  1.00000000,1,0,0.0,0.5
1997.4667,  1.00000000,1,0,0.0,0.5
1997.5000,  1.00000000,1,0,0.025000000000000001,0.5
1997.5333,  1.00000000,1,0,0.0,0.5
1997.5667,  1.00000000,1,0,0.0,0.5
1997.6000,  1.00000000,1,0,0.0,0.5
1997.6333,  1.00000000,1,0,0.0,0.5
1997.6667,  1.00000000,1,0,0.0,0.5
1997.7000,  1.00000000,1,0,0.0,0.5
1997.7333,  1.00000000,1,0,0.0,0.5
1997.7667,  1.00000000,1,0,0.0,0.5
1997.8000,  1.00000000,1,0,0.025000000000000001,0.5
1997.8333,  1.00000000,1,0,0.0,0.5
1997.8667,  1.00000000,1,0,0.0,0.5
1997.9000,  1.00000000,1,0,0.025000000000000001,0.5
1997.9333,  1.00000000,1,0,0.0,0.5
1997.9667,  1.00000000,1,0,0.0,0.5
1998.0000,  1.00000000,1,0,0.0,0.5
1998.0333,  1.00000000,1,0,0.0,0.5
1998.0667,  1.00000000,1,0,0.0,0.5
1998.1000,  1.00000000,1,0,0.0,0.5
1998.1333,  1.00000000,1,0,0.0,0.5
1998.1667,  1.00000000,1,0,0.0,0.5
1998.2000,  1.00000000,1,0,0.0,0.5
1998.2333,  1.00000000,1,0,0.0,0.5
1998.2667,  1.00000000,1,0,0.025000000000000001,0.5
1998.3000,  1.00000000,1,0,0.0,0.5
1998.3333,  1.00000000,1,0,0.0,0.5
1998.3667,  1.00000000,1,0,0.0,0.5
1998.4000,  1.00000000,1,0,0.025000000000000001,0.5
1998.4333,  1.00000000,1,0,0.025000000000000001,0.5
1998.4667,  1.00000000,1,0,0.0,0.5
1998.5000,  1.00000000,1,0,0.0,0.5
1998.5333,  1.00000000,1,0,0.0,0.5
1998.5667,  1.00000000,1,0,0.025000000000000001,0.5
1998.6000,  1.00000000,1,0,0.0,0.5
1998.6333,  1.00000000,1,0,0.025000000000000001,0.5
1998.6667,  1.00000000,1,0,0.025000000000000001,0.5
1998.7000,  1.00000000,1,0,0.0,0.5
1998.7333,  1.00000000,1,0,0.0,0.5
1998.7667,  1.00000000,1,0,0.0,0.5
1998.8000,  1.00000000,1,0,0.025000000000000001,0.5
1998.8333,  1.00000000,1,0,0.0,0.5
1998.8667,  1.00000000,1,0,0.0,0.5
1998.9000,  1.00000000,1,0,0.0,0.5
1998.9333,  1.00000000,1,0,0.0,0.5
1998.9667,  1.00000000,1,0,0.0,0.5
1999.0000,  1.00000000,1,0,0.0,0.5
1999.0333,  1.00000000,1,0,0.025000000000000001,0.5
1999.0667,  1.00000000,1,0,0.0,0.5
1999.1000,  1.00000000,1,0,0.0,0.5
1999.1333,  1.00000000,1,0,0.0,0.5
1999.1667,  1.00000000,1,0,0.0,0.5
1999.2000,  1.00000000,1,0,0.0,0.5
1999.2333,  1.00000000,1,0,0.0,0.5
1999.2667,  1.00000000,1,0,0.025000000000000001,0.5
1999.3000,  1.00000000,1,0,0.025000000000000001,0.5
1999.3333,  1.00000000,1,0,0.0,0.5
1999.3667,  1.00000000,1,0,0.025000000000000001,0.5
1999.4000,  1.00000000,1,0,0.0,0.5
1999.4333,  1.00000000,1,0,0.0,0.5
1999.4667,  1.00000000,1,0,0.0,0.5
1999.5000,  1.00000000,1,0,0.0,0.5
1999.5333,  1.00000000,1,0,0.0,0.5
1999.5667,  1.00000000,1,0,0.0,0.5
1999.6000,  1.00000000,1,0,0.0,0.5
1999.6333,  1.00000000,1,0,0.0,0.5
1999.6667,  1.00000000,1,0,0.025000000000000001,0.5
1999.7000,  1.00000000,1,0,0.0,0.5
1999.7333,  1.00000000,1,0,0.0,0.5
1999.7667,  1.00000000,1,0,0.025000000000000001,0.5
1999.8000,  1.00000000,1,0,0.0,0.5
1999.8333,  1.00000000,1,0,0.0,0.5
1999.8667,  1.00000000,1,0,0.0,0.5
1999.9000,  1.00000000,1,0,0.025000000000000001,0.5
1999.9333,  1.00000000,1,0,0.0,0.5
1999.9667,  1.00000000,1,0,0.0,0.5
2000.0000,  1.00000000,1,0,0.0,0.5
2000.0333,  1.00000000,1,0,0.0,0.5
2000.0667,  1.00000000,1,0,0.0,0.5
2000.1000,  1.00000000,1,0,0.0,0.5
2000.1333,  1.00000000,1,0,0.0,0.5
2000.1667,  1.00000000,1,0,0.0,0.5
2000.2000,  1.00000000,1,0,0.0,0.5
2000.2333,  1.00000000,1,0,0.0,0.5
2000.2667,  1.00000000,1,0,0.0,0.5
2000.3000,  1.00000000,1,0,0.0,0.5
2000.3333,  1.00000000,1,0,0.0,0.5
2000.3667,  1.00000000,1,0,0.0,0.5
2000.4000,  1.00000000,1,0,0.025000000000000001,0.5
2000.4333,  1.00000000,1,0,0.0,0.5
2000.4667,  1.00000000,1,0,0.0,0.5
2000.5000,  1.00000000,1,0,0.0,0.5
2000.5333,  1.00000000,1,0,0.0,0.5
2000.5667,  1.00000000,1,0,0.0,0.5
2000.6000,  1.00000000,1,0,0.0,0.5
2000.6333,  1.00000000,1,0,0.0,0.5
2000.6667,  1.00000000,1,0,0.0,0.5
2000.7000,  1.00000000,1,0,0.0,0.5
2000.7333,  1.00000000,1,0,0.0,0.5
2000.7667,  1.00000000,1,0,0.0,0.5
2000.8000,  1.00000000,1,0,0.025000000000000001,0.5
2000.8333,  1.00000000,1,0,0.0,0.5
2000.8667,  1.00000000,1,0,0.0,0.5
2000.9000,  1.00000000,1,0,0.0,0.5
2000.9333,  1.00000000,1,0,0.0,0.5
2000.9667,  1.00000000,1,0,0.0,0.5
2001.0000,  1.00000000,1,0,0.0,0.5
2001.0333,  1.00000000,1,0,0.0,0.5
2001.0667,  1.00000000,1,0,0.0,0.5
2001.1000,  1.00000000,1,0,0.0,0.5
2001.1333,  1.00000000,1,0,0.0,0.5
2001.1667,  1.00000000,1,0,0.0,0.5
2001.2000,  1.00000000,1,0,0.025000000000000001,0.5
2001.2333,  1.00000000,1,0,0.0,0.5
2001.2667,  1.00000000,1,0,0.0,0.5
2001.3000,  1.00000000,1,0,0.0,0.5
2001.3333,  1.00000000,1,0,0.0,0.5
2001.3667,  1.00000000,1,0,0.0,0.5
2001.4000,  1.00000000,1,0,0.0,0.5
2001.4333,  1.00000000,1,0,0.0,0.5
2001.4667,  1.00000000,1,0,0.0,0.5
2001.5000,  1.00000000,1,0,0.0,0.5
2001.5333,  1.00000000,1,0,0.0,0.5
2001.5667,  1.00000000,1,0,0.0,0.5
2001.6000,  1.00000000,1,0,0.025000000000000001,0.5
2001.6333,  1.00000000,1,0,0.0,0.5
2001.6667,  1.00000000,1,0,0.0,0.5
2001.7000,  1.00000000,1,0,0.0,0.5
2001.7333,  1.00000000,1,0,0.0,0.5
2001.7667,  1.00000000,1,0,0.0,0.5
2001.8000,  1.00000000,1,0,0.025000000000000001,0.5
2001.8333,  1.00000000,1,0,0.0,0.5
2001.8667,  1.00000000,1,0,0.025000000000000001,0.5
2001.9000,  1.00000000,1,0,0.025000000000000001,0.5
2001.9333,  1.00000000,1,0,0.0,0.5
2001.9667,  1.00000000,1,0,0.0,0.5
2002.0000,  1.00000000,1,0,0.025000000000000001,0.5
2002.0333,  1.00000000,1,0,0.0,0.5
2002.0667,  1.00000000,1,0,0.0,0.5
2002.1000,  1.00000000,1,0,0.0,0.5
2002.1333,  1.00000000,1,0,0.0,0.5
2002.1667,  1.00000000,1,0,0.0,0.5
2002.2000,  1.00000000,1,0,0.0,0.5
2002.2333,  1.00000000,1,0,0.025000000000000001,0.5
2002.2667,  1.00000000,1,0,0.0,0.5
2002.3000,  1.00000000,1,0,0.0,0.5
2002.3333,  1.00000000,1,0,0.0,0.5
2002.3667,  1.00000000,1,0,0.0,0.5
2002.4000,  1.00000000,1,0,0.025000000000000001,0.5
2002.4333,  1.00000000,1,0,0.0,0.5
2002.4667,  1.00000000,1,0,0.0,0.5
2002.5000,  1.00000000,1,0,0.0,0.5
2002.5333,  1.00000000,1,0,0.025000000000000001,0.5
2002.5667,  1.00000000,1,0,0.0,0.5
2002.6000,  1.00000000,1,0,0.0,0.5
2002.6333,  1.00000000,1,0,0.0,0.5
2002.6667,  1.00000000,1,0,0.0,0.5
2002.7000,  1.00000000,1,0,0.0,0.5
2002.7333,  1.00000000,1,0,0.0,0.5
2002.7667,  1.00000000,1,0,0.0,0.5
2002.8000,  1.00000000,1,0,0.025000000000000001,0.5
2002.8333,  1.00000000,1,0,0.0,0.5
2002.8667,  1.00000000,1,0,0.025000000000000001,0.5
2002.9000,  1.00000000,1,0,0.0,0.5
2002.9333,  1.00000000,1,0,0.0,0.5
2002.9667,  1.00000000,1,0,0.0,0.5
2003.0000,  1.00000000,1,0,0.0,0.5
2003.0333,  1.00000000,1,0,0.0,0.5
2003.0667,  1.00000000,1,0,0.0,0.5
2003.1000,  1.00000000,1,0,0.0,0.5
2003.1333,  1.00000000,1,0,0.0,0.5
2003.1667,  1.00000000,1,0,0.0,0.5
2003.2000,  1.00000000,1,0,0.0,0.5
2003.2333,  1.00000000,1,0,0.025000000000000001,0.5
2003.2667,  1.00000000,1,0,0.025000000000000001,0.5
2003.3000,  1.00000000,1,0,0.0,0.5
2003.3333,  1.00000000,1,0,0.0,0.5
2003.3667,  1.00000000,1,0,0.0,0.5
2003.4000,  1.00000000,1,0,0.025000000000000001,0.5
2003.4333,  1.00000000,1,0,0.0,0.5
2003.4667,  1.00000000,1,0,0.0,0.5
2003.5000,  1.00000000,1,0,0.025000000000000001,0.5
2003.5333,  1.00000000,1,0,0.025000000000000001,0.5
2003.5667,  1.00000000,1,0,0.0,0.5
2003.6000,  1.00000000,1,0,0.0,0.5
2003.6333,  1.00000000,1,0,0.0,0.5
2003.6667,  1.00000000,1,0,0.0,0.5
2003.7000,  1.00000000,1,0,0.025000000000000001,0.5
2003.7333,  1.00000000,1,0,0.0,0.5
2003.7667,  1.00000000,1,0,0.0,0.5
2003.8000,  1.00000000,1,0,0.025000000000000001,0.5
2003.8333,  1.00000000,1,0,0.0,0.5
2003.8667,  1.00000000,1,0,0.0,0.5
2003.9000,  1.00000000,1,0,0.0,0.5
2003.9333,  1.00000000,1,0,0.0,0.5
2003.9667,  1.00000000,1,0,0.0,0.5
2004.0000,  1.00000000,1,0,0.0,0.5
2004.0333,  1.00000000,1,0,0.0,0.5
2004.0667,  1.00000000,1,0,0.0,0.5
2004.1000,  1.00000000,1,0,0.0,0.5
2004.1333,  1.00000000,1,0,0.0,0.5
2004.1667,  1.00000000,1,0,0.0,0.5
2004.2000,  1.00000000,1,0,0.0,0.5
2004.2333,  1.00000000,1,0,0.0,0.5
2004.2667,  1.00000000,1,0,0.0,0.5
2004.3000,  1.00000000,1,0,0.025000000000000001,0.5
2004.3333,  1.00000000,1,0,0.0,0.5
2004.3667,  1.00000000,1,0,0.0,0.5
2004.4000,  1.00000000,1,0,0.0,0.5
2004.4333,  1.00000000,1,0,0.0,0.5
2004.4667,  1.00000000,1,0,0.0,0.5
2004.5000,  1.00000000,1,0,0.0,0.5
2004.5333,  1.00000000,1,0,0.0,0.5
2004.5667,  1.00000000,1,0,0.0,0.5
2004.6000,  1.00000000,1,0,0.025000000000000001,0.5
2004.6333,  1.00000000,1,0,0.0,0.5
2004.6667,  1.00000000,1,0,0.0,0.5
2004.7000,  1.00000000,1,0,0.025000000000000001,0.5
2004.7333,  1.00000000,1,0,0.0,0.5
2004.7667,  1.00000000,1,0,0.0,0.5
2004.8000,  1.00000000,1,0,0.0,0.5
2004.8333,  1.00000000,1,0,0.0,0.5
2004.8667,  1.00000000,1,0,0.0,0.5
2004.9000,  1.00000000,1,0,0.025000000000000001,0.5
2004.9333,  1.00000000,1,0,0.0,0.5
2004.9667,  1.00000000,1,0,0.0,0.5
2005.0000,  1.00000000,1,0,0.0,0.5
2005.0333,  1.00000000,1,0,0.0,0.5
2005.0667,  1.00000000,1,0,0.0,0.5
2005.1000,  1.00000000,1,0,0.0,0.5
2005.1333,  1.00000000,1,0,0.025000000000000001,0.5
2005.1667,  1.00000000,1,0,0.0,0.5
2005.2000,  1.00000000,1,0,0.0,0.5
2005.2333,  1.00000000,1,0,0.0,0.5
2005.2667,  1.00000000,1,0,0.0,0.5
2005.3000,  1.00000000,1,0,0.0,0.5
2005.3333,  1.00000000,1,0,0.0,0.5
2005.3667,  1.00000000,1,0,0.0,0.5
2005.4000,  1.00000000,1,0,0.0,0.5
2005.4333,  1.00000000,1,0,0.025000000000000001,0.5
2005.4667,  1.00000000,1,0,0.0,0.5
2005.5000,  1.00000000,1,0,0.0,0.5
2005.5333,  1.00000000,1,0,0.0,0.5
2005.5667,  1.00000000,1,0,0.0,0.5
2005.6000,  1.00000000,1,0,0.0,0.5
2005.6333,  1.00000000,1,0,0.025000000000000001,0.5
2005.6667,  1.00000000,1,0,0.0,0.5
2005.7000,  1.00000000,1,0,0.0,0.5
2005.7333,  1.00000000,1,0,0.0,0.5
2005.7667,  1.00000000,1,0,0.0,0.5
2005.8000,  1.00000000,1,0,0.0,0.5
2005.8333,  1.00000000,1,0,0.025000000000000001,0.5
2005.8667,  1.00000000,1,0,0.0,0.5
2005.9000,  1.00000000,1,0,0.0,0.5
2005.9333,  1.00000000,1,0,0.0,0.5
2005.9667,  1.00000000,1,0,0.0,0.5
2006.0000,  1.00000000,1,0,0.0,0.5
2006.0333,  1.00000000,1,0,0.025000000000000001,0.5
2006.0667,  1.00000000,1,0,0.0,0.5
2006.1000,  1.00000000,1,0,0.0,0.5
2006.1333,  1.00000000,1,0,0.0,0.5
2006.1667,  1.00000000,1,0,0.0,0.5
2006.2000,  1.00000000,1,0,0.0,0.5
2006.2333,  1.00000000,1,0,0.025000000000000001,0.5
2006.2667,  1.00000000,1,0,0.025000000000000001,0.5
2006.3000,  1.00000000,1,0,0.0,0.5
2006.3333,  1.00000000,1,0,0.025000000000000001,0.5
2006.3667,  1.00000000,1,0,0.0,0.5
2006.4000,  1.00000000,1,0,0.0,0.5
2006.4333,  1.00000000,1,0,0.025000000000000001,0.5
2006.4667,  1.00000000,1,0,0.0,0.5
2006.5000,  1.00000000,1,0,0.050000000000000003,0.5
2006.5333,  1.00000000,1,0,0.0,0.5
2006.5667,  1.00000000,1,0,0.025000000000000001,0.5
2006.6000,  1.00000000,1,0,0.0,0.5
2006.6333,  1.00000000,1,0,0.025000000000000001,0.5
2006.6667,  1.00000000,1,0,0.0,0.5
2006.7000,  1.00000000,1,0,0.025000000000000001,0.5
2006.7333,  1.00000000,1,0,0.050000000000000003,0.5
2006.7667,  1.00000000,1,0,0.0,0.5
2006.8000,  1.00000000,1,0,0.0,0.5
2006.8333,  1.00000000,1,0,0.0,0.5
2006.8667,  1.00000000,1,0,0.0,0.5
2006.9000,  1.00000000,1,0,0.0,0.5
2006.9333,  1.00000000,1,0,0.0,0.5
2006.9667,  1.00000000,1,0,0.0,0.5
2007.0000,  1.00000000,1,0,0.0,0.5
2007.0333,  1.00000000,1,0,0.0,0.5
2007.0667,  1.00000000,1,0,0.0,0.5
2007.1000,  1.00000000,1,0,0.0,0.5
2007.1333,  1.00000000,1,0,0.0,0.5
2007.1667,  1.00000000,1,0,0.0,0.5
2007.2000,  1.00000000,1,0,0.0,0.5
2007.2333,  1.00000000,1,0,0.0,0.5
2007.2667,  1.00000000,1,0,0.0,0.5
2007.3000,  1.00000000,1,0,0.0,0.5
2007.3333,  1.00000000,1,0,0.025000000000000001,0.5
2007.3667,  1.00000000,1,0,0.0,0.5
2007.4000,  1.00000000,1,0,0.0,0.5
2007.4333,  1.00000000,1,0,0.0,0.5
2007.4667,  1.00000000,1,0,0.0,0.5
2007.5000,  1.00000000,1,0,0.0,0.5
2007.5333,  1.00000000,1,0,0.0,0.5
2007.5667,  1.00000000,1,0,0.0,0.5
2007.6000,  1.00000000,1,0,0.0,0.5
2007.6333,  1.00000000,1,0,0.0,0.5
2007.6667,  1.00000000,1,0,0.0,0.5
2007.7000,  1.00000000,1,0,0.0,0.5
2007.7333,  1.00000000,1,0,0.0,0.5
2007.7667,  1.00000000,1,0,0.0,0.5
2007.8000,  1.00000000,1,0,0.0,0.5
2007.8333,  1.00000000,1,0,0.025000000000000001,0.5
2007.8667,  1.00000000,1,0,0.0,0.5
2007.9000,  1.00000000,1,0,0.0,0.5
2007.9333,  1.00000000,1,0,0.0,0.5
2007.9667,  1.00000000,1,0,0.0,0.5
2008.0000,  1.00000000,1,0,0.0,0.5
2008.0333,  1.00000000,1,0,0.025000000000000001,0.5
2008.0667,  1.00000000,1,0,0.0,0.5
2008.1000,  1.00000000,1,0,0.0,0.5
2008.1333,  1.00000000,1,0,0.0,0.5
2008.1667,  1.00000000,1,0,0.025000000000000001,0.5
2008.2000,  1.00000000,1,0,0.0,0.5
2008.2333,  1.00000000,1,0,0.0,0.5
2008.2667,  1.00000000,1,0,0.0,0.5
2008.3000,  1.00000000,1,0,0.025000000000000001,0.5
2008.3333,  1.00000000,1,0,0.0,0.5
2008.3667,  1.00000000,1,0,0.025000000000000001,0.5
2008.4000,  1.00000000,1,0,0.0,0.5
2008.4333,  1.00000000,1,0,0.025000000000000001,0.5
2008.4667,  1.00000000,1,0,0.0,0.5
2008.5000,  1.00000000,1,0,0.050000000000000003,0.5
2008.5333,  1.00000000,1,0,0.025000000000000001,0.5
2008.5667,  1.00000000,1,0,0.0,0.5
2008.6000,  1.00000000,1,0,0.025000000000000001,0.5
2008.6333,  1.00000000,1,0,0.0,0.5
2008.6667,  1.00000000,1,0,0.025000000000000001,0.5
2008.7000,  1.00000000,1,0,0.0,0.5
2008.7333,  1.00000000,1,0,0.0,0.5
2008.7667,  1.00000000,1,0,0.0,0.5
2008.8000,  1.00000000,1,0,0.0,0.5
2008.8333,  1.00000000,1,0,0.0,0.5
2008.8667,  1.00000000,1,0,0.025000000000000001,0.5
2008.9000,  1.00000000,1,0,0.0,0.5
2008.9333,  1.00000000,1,0,0.0,0.5
2008.9667,  1.00000000,1,0,0.025000000000000001,0.5
2009.0000,  1.00000000,1,0,0.0,0.5
2009.0333,  1.00000000,1,0,0.0,0.5
2009.0667,  1.00000000,1,0,0.0,0.5
2009.1000,  1.00000000,1,0,0.025000000000000001,0.5
2009.1333,  1.00000000,1,0,0.0,0.5
2009.1667,  1.00000000,1,0,0.0,0.5
2009.2000,  1.00000000,1,0,0.0,0.5
2009.2333,  1.00000000,1,0,0.0,0.5
2009.2667,  1.00000000,1,0,0.0,0.5
2009.3000,  1.00000000,1,0,0.025000000000000001,0.5
2009.3333,  1.00000000,1,0,0.025000000000000001,0.5
2009.3667,  1.00000000,1,0,0.0,0.5
2009.4000,  1.00000000,1,0,0.025000000000000001,0.5
2009.4333,  1.00000000,1,0,0.0,0.5
2009.4667,  1.00000000,1,0,0.0,0.5
2009.5000,  1.00000000,1,0,0.025000000000000001,0.5
2009.5333,  1.00000000,1,0,0.025000000000000001,0.5
2009.5667,  1.00000000,1,0,0.0,0.5
2009.6000,  1.00000000,1,0,0.025000000000000001,0.5
2009.6333,  1.00000000,1,0,0.0,0.5
2009.6667,  1.00000000,1,0,0.025000000000000001,0.5
2009.7000,  1.00000000,1,0,0.025000000000000001,0.5
2009.7333,  1.00000000,1,0,0.0,0.5
2009.7667,  1.00000000,1,0,0.0,0.5
2009.8000,  1.00000000,1,0,0.0,0.5
2009.8333,  1.00000000,1,0,0.0,0.5
2009.8667,  1.00000000,1,0,0.0,0.5
2009.9000,  1.00000000,1,0,0.025000000000000001,0.5
2009.9333,  1.00000000,1,0,0.0,0.5
2009.9667,  1.00000000,1,0,0.0,0.5
2010.0000,  1.00000000,1,0,0.0,0.5
2010.0333,  1.00000000,1,0,0.0,0.5
2010.0667,  1.00000000,1,0,0.0,0.5
2010.1000,  1.00000000,1,0,0.0,0.5
2010.1333,  1.00000000,1,0,0.0,0.5
2010.1667,  1.00000000,1,0,0.0,0.5
2010.2000,  1.00000000,1,0,0.0,0.5
2010.2333,  1.00000000,1,0,0.0,0.5
2010.2667,  1.00000000,1,0,0.0,0.5
2010.3000,  1.00000000,1,0,0.0,0.5
2010.3333,  1.00000000,1,0,0.0,0.5
2010.3667,  1.00000000,1,0,0.0,0.5
2010.4000,  1.00000000,1,0,0.0,0.5
2010.4333,  1.00000000,1,0,0.0,0.5
2010.4667,  1.00000000,1,0,0.0,0.5
2010.5000,  1.00000000,1,0,0.0,0.5
2010.5333,  1.00000000,1,0,0.0,0.5
2010.5667,  1.00000000,1,0,0.0,0.5
2010.6000,  1.00000000,1,0,0.0,0.5
2010.6333,  1.00000000,1,0,0.025000000000000001,0.5
2010.6667,  1.00000000,1,0,0.0,0.5
2010.7000,  1.00000000,1,0,0.0,0.5
2010.7333,  1.00000000,1,0,0.0,0.5
2010.7667,  1.00000000,1,0,0.025000000000000001,0.5
2010.8000,  1.00000000,1,0,0.0,0.5
2010.8333,  1.00000000,1,0,0.0,0.5
2010.8667,  1.00000000,1,0,0.0,0.5
2010.9000,  1.00000000,1,0,0.0,0.5
2010.9333,  1.00000000,1,0,0.0,0.5
2010.9667,  1.00000000,1,0,0.0,0.5
2011.0000,  1.00000000,1,0,0.0,0.5
2011.0333,  1.00000000,1,0,0.0,0.5
2011.0667,  1.00000000,1,0,0.0,0.5
2011.1000,  1.00000000,1,0,0.0,0.5
2011.1333,  1.00000000,1,0,0.025000000000000001,0.5
2011.1667,  1.00000000,1,0,0.0,0.5
2011.2000,  1.00000000,1,0,0.0,0.5
2011.2333,  1.00000000,1,0,0.0,0.5
2011.2667,  1.00000000,1,0,0.025000000000000001,0.5
2011.3000,  1.00000000,1,0,0.0,0.5
2011.3333,  1.00000000,1,0,0.0,0.5
2011.3667,  1.00000000,1,0,0.0,0.5
2011.4000,  1.00000000,1,0,0.0,0.5
2011.4333,  1.00000000,1,0,0.0,0.5
2011.4667,  1.00000000,1,0,0.0,0.5
2011.5000,  1.00000000,1,0,0.0,0.5
2011.5333,  1.00000000,1,0,0.0,0.5
2011.5667,  1.00000000,1,0,0.0,0.5
2011.6000,  1.00000000,1,0,0.0,0.5
2011.6333,  1.00000000,1,0,0.0,0.5
2011.6667,  1.00000000,1,0,0.025000000000000001,0.5
2011.7000,  1.00000000,1,0,0.0,0.5
2011.7333,  1.00000000,1,0,0.0,0.5
2011.7667,  1.00000000,1,0,0.0,0.5
2011.8000,  1.00000000,1,0,0.0,0.5
2011.8333,  1.00000000,1,0,0.0,0.5
2011.8667,  1.00000000,1,0,0.0,0.5
2011.9000,  1.00000000,1,0,0.0,0.5
2011.9333,  1.00000000,1,0,0.0,0.5
2011.9667,  1.00000000,1,0,0.0,0.5
2012.0000,  1.00000000,1,0,0.0,0.5
2012.0333,  1.00000000,1,0,0.0,0.5
2012.0667,  1.00000000,1,0,0.0,0.5
2012.1000,  1.00000000,1,0,0.0,0.5
2012.1333,  1.00000000,1,0,0.0,0.5
2012.1667,  1.00000000,1,0,0.0,0.5
2012.2000,  1.00000000,1,0,0.0,0.5
2012.2333,  1.00000000,1,0,0.0,0.5
2012.2667,  1.00000000,1,0,0.0,0.5
2012.3000,  1.00000000,1,0,0.0,0.5
2012.3333,  1.00000000,1,0,0.025000000000000001,0.5
2012.3667,  1.00000000,1,0,0.0,0.5
2012.4000,  1.00000000,1,0,0.0,0.5
2012.4333,  1.00000000,1,0,0.0,0.5
2012.4667,  1.00000000,1,0,0.025000000000000001,0.5
2012.5000,  1.00000000,1,0,0.0,0.5
2012.5333,  1.00000000,1,0,0.0,0.5
2012.5667,  1.00000000,1,0,0.0,0.5
2012.6000,  1.00000000,1,0,0.0,0.5
2012.6333,  1.00000000,1,0,0.0,0.5
2012.6667,  1.00000000,1,0,0.0,0.5
2012.7000,  1.00000000,1,0,0.0,0.5
2012.7333,  1.00000000,1,0,0.0,0.5
2012.7667,  1.00000000,1,0,0.0,0.5
2012.8000,  1.00000000,1,0,0.025000000000000001,0.5
2012.8333,  1.00000000,1,0,0.0,0.5
2012.8667,  1.00000000,1,0,0.0,0.5
2012.9000,  1.00000000,1,0,0.0,0.5
2012.9333,  1.00000000,1,0,0.025000000000000001,0.5
2012.9667,  1.00000000,1,0,0.0,0.5
2013.0000,  1.00000000,1,0,0.0,0.5
2013.0333,  1.00000000,1,0,0.0,0.5
2013.0667,  1.00000000,1,0,0.0,0.5
2013.1000,  1.00000000,1,0,0.0,0.5
2013.1333,  1.00000000,1,0,0.0,0.5
2013.1667,  1.00000000,1,0,0.0,0.5
2013.2000,  1.00000000,1,0,0.0,0.5
2013.2333,  1.00000000,1,0,0.0,0.5
2013.2667,  1.00000000,1,0,0.0,0.5
2013.3000,  1.00000000,1,0,0.0,0.5
2013.3333,  1.00000000,1,0,0.0,0.5
2013.3667,  1.00000000,1,0,0.0,0.5
2013.4000,  1.00000000,1,0,0.0,0.5
2013.4333,  1.00000000,1,0,0.025000000000000001,0.5
2013.4667,  1.00000000,1,0,0.0,0.5
2013.5000,  1.00000000,1,0,0.0,0.5
2013.5333,  1.00000000,1,0,0.0,0.5
2013.5667,  1.00000000,1,0,0.0,0.5
2013.6000,  1.00000000,1,0,0.0,0.5
2013.6333,  1.00000000,1,0,0.0,0.5
2013.6667,  1.00000000,1,0,0.0,0.5
2013.7000,  1.00000000,1,0,0.0,0.5
2013.7333,  1.00000000,1,0,0.0,0.5
2013.7667,  1.00000000,1,0,0.0,0.5
2013.8000,  1.00000000,1,0,0.0,0.5
2013.8333,  1.00000000,1,0,0.0,0.5
2013.8667,  1.00000000,1,0,0.0,0.5
2013.9000,  1.00000000,1,0,0.0,0.5
2013.9333,  1.00000000,1,0,0.0,0.5
2013.9667,  1.00000000,1,0,0.0,0.5
2014.0000,  1.00000000,1,0,0.0,0.5
2014.0333,  1.00000000,1,0,0.0,0.5
2014.0667,  1.00000000,1,0,0.0,0.5
2014.1000,  1.00000000,1,0,0.0,0.5
2014.1333,  1.00000000,1,0,0.025000000000000001,0.5
2014.1667,  1.00000000,1,0,0.0,0.5
2014.2000,  1.00000000,1,0,0.0,0.5
2014.2333,  1.00000000,1,0,0.0,0.5
2014.2667,  1.00000000,1,0,0.0,0.5
2014.3000,  1.00000000,1,0,0.0,0.5
2014.3333,  1.00000000,1,0,0.0,0.5
2014.3667,  1.00000000,1,0,0.0,0.5
2014.4000,  1.00000000,1,0,0.0,0.5
2014.4333,  1.00000000,1,0,0.0,0.5
2014.4667,  1.00000000,1,0,0.0,0.5
2014.5000,  1.00000000,1,0,0.0,0.5
2014.5333,  1.00000000,1,0,0.0,0.5
2014.5667,  1.00000000,1,0,0.0,0.5
2014.6000,  1.00000000,1,0,0.0,0.5
2014.6333,  1.00000000,1,0,0.0,0.5
2014.6667,  1.00000000,1,0,0.0,0.5
2014.7000,  1.00000000,1,0,0.0,0.5
2014.7333,  1.00000000,1,0,0.0,0.5
2014.7667,  1.00000000,1,0,0.0,0.5
2014.8000,  1.00000000,1,0,0.025000000000000001,0.5
2014.8333,  1.00000000,1,0,0.0,0.5
2014.8667,  1.00000000,1,0,0.0,0.5
2014.9000,  1.00000000,1,0,0.0,0.5
2014.9333,  1.00000000,1,0,0.0,0.5
2014.9667,  1.00000000,1,0,0.0,0.5
2015.0000,  1.00000000,1,0,0.0,0.5
2015.0333,  1.00000000,1,0,0.0,0.5
2015.0667,  1.00000000,1,0,0.0,0.5
2015.1000,  1.00000000,1,0,0.0,0.5
2015.1333,  1.00000000,1,0,0.0,0.5
2015.1667,  1.00000000,1,0,0.0,0.5
2015.2000,  1.00000000,1,0,0.0,0.5
2015.2333,  1.00000000,1,0,0.0,0.5
2015.2667,  1.00000000,1,0,0.0,0.5
2015.3000,  1.00000000,1,0,0.0,0.5
2015.3333,  1.00000000,1,0,0.0,0.5
2015.3667,  1.00000000,1,0,0.0,0.5
2015.4000,  1.00000000,1,0,0.0,0.5
2015.4333,  1.00000000,1,0,0.0,0.5
2015.4667,  1.00000000,1,0,0.0,0.5
2015.5000,  1.00000000,1,0,0.0,0.5
2015.5333,  1.00000000,1,0,0.0,0.5
2015.5667,  1.00000000,1,0,0.0,0.5
2015.6000,  1.00000000,1,0,0.0,0.5
2015.6333,  1.00000000,1,0,0.0,0.5
2015.6667,  1.00000000,1,0,0.0,0.5
2015.7000,  1.00000000,1,0,0.0,0.5
2015.7333,  1.00000000,1,0,0.0,0.5
2015.7667,  1.00000000,1,0,0.0,0.5
2015.8000,  1.00000000,1,0,0.0,0.5
2015.8333,  1.00000000,1,0,0.0,0.5
2015.8667,  1.00000000,1,0,0.0,0.5
2015.9000,  1.00000000,1,0,0.0,0.5
2015.9333,  1.00000000,1,0,0.0,0.5
2015.9667,  1.00000000,1,0,0.0,0.5
2016.0000,  1.00000000,1,0,0.0,0.5
2016.0333,  1.00000000,1,0,0.025000000000000001,0.5
2016.0667,  1.00000000,1,0,0.0,0.5
2016.1000,  1.00000000,1,0,0.0,0.5
2016.1333,  1.00000000,1,0,0.0,0.5
2016.1667,  1.00000000,1,0,0.0,0.5
2016.2000,  1.00000000,1,0,0.0,0.5
2016.2333,  1.00000000,1,0,0.0,0.5
2016.2667,  1.00000000,1,0,0.050000000000000003,0.5
2016.3000,  1.00000000,1,0,0.0,0.5
2016.3333,  1.00000000,1,0,0.0,0.5
2016.3667,  1.00000000,1,0,0.0,0.5
2016.4000,  1.00000000,1,0,0.0,0.5
2016.4333,  1.00000000,1,0,0.025000000000000001,0.5
2016.4667,  1.00000000,1,0,0.0,0.5
2016.5000,  1.00000000,1,0,0.0,0.5
2016.5333,  1.00000000,1,0,0.0,0.5
2016.5667,  1.00000000,1,0,0.0,0.5
2016.6000,  1.00000000,1,0,0.0,0.5
2016.6333,  1.00000000,1,0,0.0,0.5
2016.6667,  1.00000000,1,0,0.0,0.5
2016.7000,  1.00000000,1,0,0.0,0.5
2016.7333,  1.00000000,1,0,0.0,0.5
2016.7667,  1.00000000,1,0,0.0,0.5
2016.8000,  1.00000000,1,0,0.0,0.5
2016.8333,  1.00000000,1,0,0.0,0.5
2016.8667,  1.00000000,1,0,0.0,0.5
2016.9000,  1.00000000,1,0,0.0,0.5
2016.9333,  1.00000000,1,0,0.0,0.5
2016.9667,  1.00000000,1,0,0.0,0.5
2017.0000,  1.00000000,1,0,0.0,0.5
2017.0333,  1.00000000,1,0,0.0,0.5
2017.0667,  1.00000000,1,0,0.0,0.5
2017.1000,  1.00000000,1,0,0.0,0.5
2017.1333,  1.00000000,1,0,0.0,0.5
2017.1667,  1.00000000,1,0,0.0,0.5
2017.2000,  1.00000000,1,0,0.0,0.5
2017.2333,  1.00000000,1,0,0.0,0.5
2017.2667,  1.00000000,1,0,0.0,0.5
2017.3000,  1.00000000,1,0,0.0,0.5
2017.3333,  1.00000000,1,0,0.0,0.5
2017.3667,  1.00000000,1,0,0.0,0.5
2017.4000,  1.00000000,1,0,0.0,0.5
2017.4333,  1.00000000,1,0,0.0,0.5
2017.4667,  1.00000000,1,0,0.0,0.5
2017.5000,  1.00000000,1,0,0.0,0.5
2017.5333,  1.00000000,1,0,0.0,0.5
2017.5667,  1.00000000,1,0,0.0,0.5
2017.6000,  1.00000000,1,0,0.025000000000000001,0.5
2017.6333,  1.00000000,1,0,0.0,0.5
2017.6667,  1.00000000,1,0,0.0,0.5
2017.7000,  1.00000000,1,0,0.0,0.5
2017.7333,  1.00000000,1,0,0.0,0.5
2017.7667,  1.00000000,1,0,0.0,0.5
2017.8000,  1.00000000,1,0,0.0,0.5
2017.8333,  1.00000000,1,0,0.0,0.5
2017.8667,  1.00000000,1,0,0.0,0.5
2017.9000,  1.00000000,1,0,0.0,0.5
2017.9333,  1.00000000,1,0,0.0,0.5
2017.9667,  1.00000000,1,0,0.0,0.5
2018.0000,  1.00000000,1,0,0.0,0.5
2018.0333,  1.00000000,1,0,0.0,0.5
2018.0667,  1.00000000,1,0,0.0,0.5
2018.1000,  1.00000000,1,0,0.0,0.5
2018.1333,  1.00000000,1,0,0.0,0.5
2018.1667,  1.00000000,1,0,0.0,0.5
2018.2000,  1.00000000,1,0,0.0,0.5
2018.2333,  1.00000000,1,0,0.0,0.5
2018.2667,  1.00000000,1,0,0.0,0.5
2018.3000,  1.00000000,1,0,0.0,0.5
2018.3333,  1.00000000,1,0,0.0,0.5
2018.3667,  1.00000000,1,0,0.0,0.5
2018.4000,  1.00000000,1,0,0.0,0.5
2018.4333,  1.00000000,1,0,0.0,0.5
2018.4667,  1.00000000,1,0,0.0,0.5
2018.5000,  1.00000000,1,0,0.0,0.5
2018.5333,  1.00000000,1,0,0.0,0.5
2018.5667,  1.00000000,1,0,0.0,0.5
2018.6000,  1.00000000,1,0,0.0,0.5
2018.6333,  1.00000000,1,0,0.0,0.5
2018.6667,  1.00000000,1,0,0.0,0.5
2018.7000,  1.00000000,1,0,0.0,0.5
2018.7333,  1.00000000,1,0,0.0,0.5
2018.7667,  1.00000000,1,0,0.0,0.5
2018.8000,  1.00000000,1,0,0.0,0.5
2018.8333,  1.00000000,1,0,0.0,0.5
2018.8667,  1.00000000,1,0,0.0,0.5
2018.9000,  1.00000000,1,0,0.0,0.5
2018.9333,  1.00000000,1,0,0.0,0.5
2018.9667,  1.00000000,1,0,0.025000000000000001,0.5
2019.0000,  1.00000000,1,0,0.025000000000000001,0.5
2019.0333,  1.00000000,1,0,0.0,0.5
2019.0667,  1.00000000,1,0,0.0,0.5
2019.1000,  1.00000000,1,0,0.025000000000000001,0.5
2019.1333,  1.00000000,1,0,0.0,0.5
2019.1667,  1.00000000,1,0,0.0,0.5
2019.2000,  1.00000000,1,0,0.0,0.5
2019.2333,  1.00000000,1,0,0.0,0.5
2019.2667,  1.00000000,1,0,0.025000000000000001,0.5
2019.3000,  1.00000000,1,0,0.0,0.5
2019.3333,  1.00000000,1,0,0.0,0.5
2019.3667,  1.00000000,1,0,0.0,0.5
2019.4000,  1.00000000,1,0,0.025000000000000001,0.5
2019.4333,  1.00000000,1,0,0.0,0.5
2019.4667,  1.00000000,1,0,0.0,0.5
2019.5000,  1.00000000,1,0,0.0,0.5
2019.5333,  1.00000000,1,0,0.0,0.5
2019.5667,  1.00000000,1,0,0.0,0.5
2019.6000,  1.00000000,1,0,0.0,0.5
2019.6333,  1.00000000,1,0,0.0,0.5
2019.6667,  1.00000000,1,0,0.0,0.5
2019.7000,  1.00000000,1,0,0.0,0.5
2019.7333,  1.00000000,1,0,0.0,0.5
2019.7667,  1.00000000,1,0,0.0,0.5
2019.8000,  1.00000000,1,0,0.0,0.5
2019.8333,  1.00000000,1,0,0.0,0.5
2019.8667,  1.00000000,1,0,0.0,0.5
2019.9000,  1.00000000,1,0,0.0,0.5
2019.9333,  1.00000000,1,0,0.025000000000000001,0.5
2019.9667,  1.00000000,1,0,0.0,0.5
2020.0000,  1.00000000,1,0,0.0,0.5
2020.0333,  1.00000000,1,0,0.0,0.5
2020.0667,  1.00000000,1,0,0.025000000000000001,0.5
2020.1000,  1.00000000,1,0,0.0,0.5
2020.1333,  1.00000000,1,0,0.0,0.5
2020.1667,  1.00000000,1,0,0.0,0.5
2020.2000,  1.00000000,1,0,0.0,0.5
2020.2333,  1.00000000,1,0,0.0,0.5
2020.2667,  1.00000000,1,0,0.0,0.5
2020.3000,  1.00000000,1,0,0.0,0.5
2020.3333,  1.00000000,1,0,0.0,0.5
2020.3667,  1.00000000,1,0,0.0,0.5
2020.4000,  1.00000000,1,0,0.025000000000000001,0.5
2020.4333,  1.00000000,1,0,0.0,0.5
2020.4667,  1.00000000,1,0,0.0,0.5
2020.5000,  1.00000000,1,0,0.0,0.5
2020.5333,  1.00000000,1,0,0.025000000000000001,0.5
2020.5667,  1.00000000,1,0,0.0,0.5
2020.6000,  1.00000000,1,0,0.0,0.5
2020.6333,  1.00000000,1,0,0.0,0.5
2020.6667,  1.00000000,1,0,0.0,0.5
2020.7000,  1.00000000,1,0,0.025000000000000001,0.5
2020.7333,  1.00000000,1,0,0.0,0.5
2020.7667,  1.00000000,1,0,0.025000000000000001,0.5
2020.8000,  1.00000000,1,0,0.0,0.5
2020.8333,  1.00000000,1,0,0.0,0.5
2020.8667,  1.00000000,1,0,0.0,0.5
2020.9000,  1.00000000,1,0,0.0,0.5
2020.9333,  1.00000000,1,0,0.0,0.5
2020.9667,  1.00000000,1,0,0.0,0.5
2021.0000,  1.00000000,1,0,0.0,0.5
2021.0333,  1.00000000,1,0,0.025000000000000001,0.5
2021.0667,  1.00000000,1,0,0.025000000000000001,0.5
2021.1000,  1.00000000,1,0,0.025000000000000001,0.5
2021.1333,  1.00000000,1,0,0.0,0.5
2021.1667,  1.00000000,1,0,0.0,0.5
2021.2000,  1.00000000,1,0,0.0,0.5
2021.2333,  1.00000000,1,0,0.0,0.5
2021.2667,  1.00000000,1,0,0.0,0.5
2021.3000,  1.00000000,1,0,0.0,0.5
2021.3333,  1.00000000,1,0,0.0,0.5
2021.3667,  1.00000000,1,0,0.0,0.5
2021.4000,  1.00000000,1,0,0.0,0.5
2021.4333,  1.00000000,1,0,0.0,0.5
2021.4667,  1.00000000,1,0,0.025000000000000001,0.5
2021.5000,  1.00000000,1,0,0.0,0.5
2021.5333,  1.00000000,1,0,0.0,0.5
2021.5667,  1.00000000,1,0,0.0,0.5
2021.6000,  1.00000000,1,0,0.0,0.5
2021.6333,  1.00000000,1,0,0.0,0.5
2021.6667,  1.00000000,1,0,0.0,0.5
2021.7000,  1.00000000,1,0,0.0,0.5
2021.7333,  1.00000000,1,0,0.0,0.5
2021.7667,  1.00000000,1,0,0.025000000000000001,0.5
2021.8000,  1.00000000,1,0,0.050000000000000003,0.5
2021.8333,  1.00000000,1,0,0.0,0.5
2021.8667,  1.00000000,1,0,0.0,0.5
2021.9000,  1.00000000,1,0,0.0,0.5
2021.9333,  1.00000000,1,0,0.0,0.5
2021.9667,  1.00000000,1,0,0.0,0.5
2022.0000,  1.00000000,1,0,0.0,0.5
2022.0333,  1.00000000,1,0,0.0,0.5
2022.0667,  1.00000000,1,0,0.0,0.5
2022.1000,  1.00000000,1,0,0.0,0.5
2022.1333,  1.00000000,1,0,0.0,0.5
2022.1667,  1.00000000,1,0,0.0,0.5
2022.2000,  1.00000000,1,0,0.0,0.5
2022.2333,  1.00000000,1,0,0.0,0.5
2022.2667,  1.00000000,1,0,0.0,0.5
2022.3000,  1.00000000,1,0,0.0,0.5
2022.3333,  1.00000000,1,0,0.025000000000000001,0.5
2022.3667,  1.00000000,1,0,0.0,0.5
2022.4000,  1.00000000,1,0,0.0,0.5
2022.4333,  1.00000000,1,0,0.0,0.5
2022.4667,  1.00000000,1,0,0.0,0.5
2022.5000,  1.00000000,1,0,0.0,0.5
2022.5333,  1.00000000,1,0,0.0,0.5
2022.5667,  1.00000000,1,0,0.025000000000000001,0.5
2022.6000,  1.00000000,1,0,0.0,0.5
2022.6333,  1.00000000,1,0,0.0,0.5
2022.6667,  1.00000000,1,0,0.0,0.5
2022.7000,  1.00000000,1,0,0.0,0.5
2022.7333,  1.00000000,1,0,0.0,0.5
2022.7667,  1.00000000,1,0,0.0,0.5
2022.8000,  1.00000000,1,0,0.0,0.5
2022.8333,  1.00000000,1,0,0.0,0.5
2022.8667,  1.00000000,1,0,0.025000000000000001,0.5
2022.9000,  1.00000000,1,0,0.0,0.5
2022.9333,  1.00000000,1,0,0.0,0.5
2022.9667,  1.00000000,1,0,0.0,0.5
2023.0000,  1.00000000,1,0,0.0,0.5
2023.0333,  1.00000000,1,0,0.0,0.5
2023.0667,  1.00000000,1,0,0.0,0.5
2023.1000,  1.00000000,1,0,0.0,0.5
2023.1333,  1.00000000,1,0,0.025000000000000001,0.5
2023.1667,  1.00000000,1,0,0.0,0.5
2023.2000,  1.00000000,1,0,0.0,0.5
2023.2333,  1.00000000,1,0,0.0,0.5
2023.2667,  1.00000000,1,0,0.0,0.5
2023.3000,  1.00000000,1,0,0.0,0.5
2023.3333,  1.00000000,1,0,0.0,0.5
2023.3667,  1.00000000,1,0,0.0,0.5
2023.4000,  1.00000000,1,0,0.0,0.5
2023.4333,  1.00000000,1,0,0.0,0.5
2023.4667,  1.00000000,1,0,0.025000000000000001,0.5
2023.5000,  1.00000000,1,0,0.0,0.5
2023.5333,  1.00000000,1,0,0.0,0.5
2023.5667,  1.00000000,1,0,0.0,0.5
2023.6000,  1.00000000,1,0,0.0,0.5
2023.6333,  1.00000000,1,0,0.0,0.5
2023.6667,  1.00000000,1,0,0.0,0.5
2023.7000,  1.00000000,1,0,0.0,0.5
2023.7333,  1.00000000,1,0,0.0,0.5
2023.7667,  1.00000000,1,0,0.025000000000000001,0.5
2023.8000,  1.00000000,1,0,0.0,0.5
2023.8333,  1.00000000,1,0,0.0,0.5
2023.8667,  1.00000000,1,0,0.0,0.5
2023.9000,  1.00000000,1,0,0.0,0.5
2023.9333,  1.00000000,1,0,0.025000000000000001,0.5
2023.9667,  1.00000000,1,0,0.025000000000000001,0.5
2024.0000,  1.00000000,1,0,0.0,0.5
2024.0333,  1.00000000,1,0,0.025000000000000001,0.5
2024.0667,  1.00000000,1,0,0.0,0.5
2024.1000,  1.00000000,1,0,0.0,0.5
2024.1333,  1.00000000,1,0,0.0,0.5
2024.1667,  1.00000000,1,0,0.0,0.5
2024.2000,  1.00000000,1,0,0.0,0.5
2024.2333,  1.00000000,1,0,0.0,0.5
2024.2667,  1.00000000,1,0,0.0,0.5
2024.3000,  1.00000000,1,0,0.0,0.5
2024.3333,  1.00000000,1,0,0.050000000000000003,0.5
2024.3667,  1.00000000,1,0,0.0,0.5
2024.4000,  1.00000000,1,0,0.0,0.5
2024.4333,  1.00000000,1,0,0.025000000000000001,0.5
2024.4667,  1.00000000,1,0,0.0,0.5
2024.5000,  1.00000000,1,0,0.0,0.5
2024.5333,  1.00000000,1,0,0.0,0.5
2024.5667,  1.00000000,1,0,0.0,0.5
2024.6000,  1.00000000,1,0,0.0,0.5
2024.6333,  1.00000000,1,0,0.0,0.5
2024.6667,  1.00000000,1,0,0.025000000000000001,0.5
2024.7000,  1.00000000,1,0,0.0,0.5
2024.7333,  1.00000000,1,0,0.0,0.5
2024.7667,  1.00000000,1,0,0.0,0.5
2024.8000,  1.00000000,1,0,0.025000000000000001,0.5
2024.8333,  1.00000000,1,0,0.0,0.5
2024.8667,  1.00000000,1,0,0.025000000000000001,0.5
2024.9000,  1.00000000,1,0,0.0,0.5
2024.9333,  1.00000000,1,0,0.0,0.5
2024.9667,  1.00000000,1,0,0.0,0.5
2025.0000,  1.00000000,1,0,0.0,0.5
2025.0333,  1.00000000,1,0,0.0,0.5
2025.0667,  1.00000000,1,0,0.0,0.5
2025.1000,  1.00000000,1,0,0.0,0.5
2025.1333,  1.00000000,1,0,0.0,0.5
2025.1667,  1.00000000,1,0,0.0,0.5
2025.2000,  1.00000000,1,0,0.0,0.5
2025.2333,  1.00000000,1,0,0.0,0.5
2025.2667,  1.00000000,1,0,0.0,0.5
2025.3000,  1.00000000,1,0,0.0,0.5
2025.3333,  1.00000000,1,0,0.0,0.5
2025.3667,  1.00000000,1,0,0.0,0.5
2025.4000,  1.00000000,1,0,0.0,0.5
2025.4333,  1.00000000,1,0,0.0,0.5
2025.4667,  1.00000000,1,0,0.0,0.5
2025.5000,  1.00000000,1,0,0.0,0.5
2025.5333,  1.00000000,1,0,0.0,0.5
2025.5667,  1.00000000,1,0,0.0,0.5
2025.6000,  1.00000000,1,0,0.0,0.5
2025.6333,  1.00000000,1,0,0.0,0.5
2025.6667,  1.00000000,1,0,0.0,0.5
2025.7000,  1.00000000,1,0,0.0,0.5
2025.7333,  1.00000000,1,0,0.0,0.5
2025.7667,  1.00000000,1,0,0.0,0.5
2025.8000,  1.00000000,1,0,0.0,0.5
2025.8333,  1.00000000,1,0,0.0,0.5
2025.8667,  1.00000000,1,0,0.0,0.5
2025.9000,  1.00000000,1,0,0.0,0.5
2025.9333,  1.00000000,1,0,0.0,0.5
2025.9667,  1.00000000,1,0,0.0,0.5
2026.0000,  1.00000000,1,0,0.025000000000000001,0.5
2026.0333,  1.00000000,1,0,0.025000000000000001,0.5
2026.0667,  1.00000000,1,0,0.0,0.5
2026.1000,  1.00000000,1,0,0.0,0.5
2026.1333,  1.00000000,1,0,0.0,0.5
2026.1667,  1.00000000,1,0,0.0,0.5
2026.2000,  1.00000000,1,0,0.0,0.5
2026.2333,  1.00000000,1,0,0.0,0.5
2026.2667,  1.00000000,1,0,0.0,0.5
2026.3000,  1.00000000,1,0,0.0,0.5
2026.3333,  1.00000000,1,0,0.0,0.5
2026.3667,  1.00000000,1,0,0.0,0.5
2026.4000,  1.00000000,1,0,0.0,0.5
2026.4333,  1.00000000,1,0,0.0,0.5
2026.4667,  1.00000000,1,0,0.0,0.5
2026.5000,  1.00000000,1,0,0.0,0.5
2026.5333,  1.00000000,1,0,0.0,0.5
2026.5667,  1.00000000,1,0,0.0,0.5
2026.6000,  1.00000000,1,0,0.0,0.5
2026.6333,  1.00000000,1,0,0.0,0.5
2026.6667,  1.00000000,1,0,0.0,0.5
2026.7000,  1.00000000,1,0,0.0,0.5
2026.7333,  1.00000000,1,0,0.0,0.5
2026.7667,  1.00000000,1,0,0.0,0.5
2026.8000,  1.00000000,1,0,0.0,0.5
2026.8333,  1.00000000,1,0,0.0,0.5
2026.8667,  1.00000000,1,0,0.0,0.5
2026.9000,  1.00000000,1,0,0.0,0.5
2026.9333,  1.00000000,1,0,0.0,0.5
2026.9667,  1.00000000,1,0,0.0,0.5
2027.0000,  1.00000000,1,0,0.0,0.5
2027.0333,  1.00000000,1,0,0.025000000000000001,0.5
2027.0667,  1.00000000,1,0,0.0,0.5
2027.1000,  1.00000000,1,0,0.0,0.5
2027.1333,  1.00000000,1,0,0.0,0.5
2027.1667,  1.00000000,1,0,0.0,0.5
2027.2000,  1.00000000,1,0,0.0,0.5
2027.2333,  1.00000000,1,0,0.0,0.5
2027.2667,  1.00000000,1,0,0.0,0.5
2027.3000,  1.00000000,1,0,0.0,0.5
2027.3333,  1.00000000,1,0,0.0,0.5
2027.3667,  1.00000000,1,0,0.0,0.5
2027.4000,  1.00000000,1,0,0.0,0.5
2027.4333,  1.00000000,1,0,0.0,0.5
2027.4667,  1.00000000,1,0,0.0,0.5
2027.5000,  1.00000000,1,0,0.0,0.5
2027.5333,  1.00000000,1,0,0.0,0.5
2027.5667,  1.00000000,1,0,0.0,0.5
2027.6000,  1.00000000,1,0,0.0,0.5
2027.6333,  1.00000000,1,0,0.0,0.5
2027.6667,  1.00000000,1,0,0.0,0.5
2027.7000,  1.00000000,1,0,0.0,0.5
2027.7333,  1.00000000,1,0,0.0,0.5
2027.7667,  1.00000000,1,0,0.0,0.5
2027.8000,  1.00000000,1,0,0.0,0.5
2027.8333,  1.00000000,1,0,0.0,0.5
2027.8667,  1.00000000,1,0,0.0,0.5
2027.9000,  1.00000000,1,0,0.0,0.5
2027.9333,  1.00000000,1,0,0.0,0.5
2027.9667,  1.00000000,1,0,0.0,0.5
2028.0000,  1.00000000,1,0,0.0,0.5
2028.0333,  1.00000000,1,0,0.0,0.5
2028.0667,  1.00000000,1,0,0.0,0.5
2028.1000,  1.00000000,1,0,0.0,0.5
2028.1333,  1.00000000,1,0,0.0,0.5
2028.1667,  1.00000000,1,0,0.0,0.5
2028.2000,  1.00000000,1,0,0.0,0.5
2028.2333,  1.00000000,1,0,0.0,0.5
2028.2667,  1.00000000,1,0,0.0,0.5
2028.3000,  1.00000000,1,0,0.0,0.5
2028.3333,  1.00000000,1,0,0.0,0.5
2028.3667,  1.00000000,1,0,0.0,0.5
2028.4000,  1.00000000,1,0,0.0,0.5
2028.4333,  1.00000000,1,0,0.0,0.5
2028.4667,  1.00000000,1,0,0.0,0.5
2028.5000,  1.00000000,1,0,0.0,0.5
2028.5333,  1.00000000,1,0,0.0,0.5
2028.5667,  1.00000000,1,0,0.050000000000000003,0.5
2028.6000,  1.00000000,1,0,0.050000000000000003,0.5
2028.6333,  1.00000000,1,0,0.025000000000000001,0.5
2028.6667,  1.00000000,1,0,0.0,0.5
2028.7000,  1.00000000,1,0,0.0,0.5
2028.7333,  1.00000000,1,0,0.0,0.5
2028.7667,  1.00000000,1,0,0.0,0.5
2028.8000,  1.00000000,1,0,0.0,0.5
2028.8333,  1.00000000,1,0,0.0,0.5
2028.8667,  1.00000000,1,0,0.0,0.5
2028.9000,  1.00000000,1,0,0.0,0.5
2028.9333,  1.00000000,1,0,0.0,0.5
2028.9667,  1.00000000,1,0,0.0,0.5
2029.0000,  1.00000000,1,0,0.0,0.5
2029.0333,  1.00000000,1,0,0.0,0.5
2029.0667,  1.00000000,1,0,0.0,0.5
2029.1000,  1.00000000,1,0,0.0,0.5
2029.1333,  1.00000000,1,0,0.0,0.5
2029.1667,  1.00000000,1,0,0.0,0.5
2029.2000,  1.00000000,1,0,0.0,0.5
2029.2333,  1.00000000,1,0,0.0,0.5
2029.2667,  1.00000000,1,0,0.0,0.5
2029.3000,  1.00000000,1,0,0.025000000000000001,0.5
2029.3333,  1.00000000,1,0,0.025000000000000001,0.5
2029.3667,  1.00000000,1,0,0.0,0.5
2029.4000,  1.00000000,1,0,0.0,0.5
2029.4333,  1.00000000,1,0,0.0,0.5
2029.4667,  1.00000000,1,0,0.0,0.5
2029.5000,  1.00000000,1,0,0.0,0.5
2029.5333,  1.00000000,1,0,0.0,0.5
2029.5667,  1.00000000,1,0,0.0,0.5
2029.6000,  1.00000000,1,0,0.0,0.5
2029.6333,  1.00000000,1,0,0.0,0.5
2029.6667,  1.00000000,1,0,0.0,0.5
2029.7000,  1.00000000,1,0,0.0,0.5
2029.7333,  1.00000000,1,0,0.025000000000000001,0.5
2029.7667,  1.00000000,1,0,0.0,0.5
2029.8000,  1.00000000,1,0,0.025000000000000001,0.5
2029.8333,  1.00000000,1,0,0.0,0.5
2029.8667,  1.00000000,1,0,0.025000000000000001,0.5
2029.9000,  1.00000000,1,0,0.025000000000000001,0.5
2029.9333,  1.00000000,1,0,0.0,0.5
2029.9667,  1.00000000,1,0,0.0,0.5
2030.0000,  1.00000000,1,0,0.0,0.5
2030.0333,  1.00000000,1,0,0.0,0.5
2030.0667,  1.00000000,1,0,0.0,0.5
2030.1000,  1.00000000,1,0,0.0,0.5
2030.1333,  1.00000000,1,0,0.0,0.5
2030.1667,  1.00000000,1,0,0.0,0.5
2030.2000,  1.00000000,1,0,0.0,0.5
2030.2333,  1.00000000,1,0,0.0,0.5
2030.2667,  1.00000000,1,0,0.0,0.5
2030.3000,  1.00000000,1,0,0.0,0.5
2030.3333,  1.00000000,1,0,0.025000000000000001,0.5
2030.3667,  1.00000000,1,0,0.025000000000000001,0.5
2030.4000,  1.00000000,1,0,0.025000000000000001,0.5
2030.4333,  1.00000000,1,0,0.0,0.5
2030.4667,  1.00000000,1,0,0.025000000000000001,0.5
2030.5000,  1.00000000,1,0,0.0,0.5
2030.5333,  1.00000000,1,0,0.0,0.5
2030.5667,  1.00000000,1,0,0.0,0.5
2030.6000,  1.00000000,1,0,0.0,0.5
2030.6333,  1.00000000,1,0,0.0,0.5
2030.6667,  1.00000000,1,0,0.0,0.5
2030.7000,  1.00000000,1,0,0.0,0.5
2030.7333,  1.00000000,1,0,0.0,0.5
2030.7667,  1.00000000,1,0,0.0,0.5
2030.8000,  1.00000000,1,0,0.025000000000000001,0.5
2030.8333,  1.00000000,1,0,0.0,0.5
2030.8667,  1.00000000,1,0,0.0,0.5
2030.9000,  1.00000000,1,0,0.050000000000000003,0.5
2030.9333,  1.00000000,1,0,0.0,0.5
2030.9667,  1.00000000,1,0,0.0,0.5
2031.0000,  1.00000000,1,0,0.025000000000000001,0.5
2031.0333,  1.00000000,1,0,0.0,0.5
2031.0667,  1.00000000,1,0,0.0,0.5
2031.1000,  1.00000000,1,0,0.0,0.5
2031.1333,  1.00000000,1,0,0.0,0.5
2031.1667,  1.00000000,1,0,0.0,0.5
2031.2000,  1.00000000,1,0,0.0,0.5
2031.2333,  1.00000000,1,0,0.0,0.5
2031.2667,  1.00000000,1,0,0.0,0.5
2031.3000,  1.00000000,1,0,0.0,0.5
2031.3333,  1.00000000,1,0,0.0,0.5
2031.3667,  1.00000000,1,0,0.0,0.5
2031.4000,  1.00000000,1,0,0.0,0.5
2031.4333,  1.00000000,1,0,0.0,0.5
2031.4667,  1.00000000,1,0,0.0,0.5
2031.5000,  1.00000000,1,0,0.0,0.5
2031.5333,  1.00000000,1,0,0.025000000000000001,0.5
2031.5667,  1.00000000,1,0,0.0,0.5
2031.6000,  1.00000000,1,0,0.0,0.5
2031.6333,  1.00000000,1,0,0.0,0.5
2031.6667,  1.00000000,1,0,0.0,0.5
2031.7000,  1.00000000,1,0,0.025000000000000001,0.5
2031.7333,  1.00000000,1,0,0.0,0.5
2031.7667,  1.00000000,1,0,0.0,0.5
2031.8000,  1.00000000,1,0,0.0,0.5
2031.8333,  1.00000000,1,0,0.0,0.5
2031.8667,  1.00000000,1,0,0.0,0.5
2031.9000,  1.00000000,1,0,0.0,0.5
2031.9333,  1.00000000,1,0,0.0,0.5
2031.9667,  1.00000000,1,0,0.0,0.5
2032.0000,  1.00000000,1,0,0.0,0.5
2032.0333,  1.00000000,1,0,0.0,0.5
2032.0667,  1.00000000,1,0,0.0,0.5
2032.1000,  1.00000000,1,0,0.0,0.5
2032.1333,  1.00000000,1,0,0.0,0.5
2032.1667,  1.00000000,1,0,0.0,0.5
2032.2000,  1.00000000,1,0,0.025000000000000001,0.5
2032.2333,  1.00000000,1,0,0.0,0.5
2032.2667,  1.00000000,1,0,0.0,0.5
2032.3000,  1.00000000,1,0,0.0,0.5
2032.3333,  1.00000000,1,0,0.0,0.5
2032.3667,  1.00000000,1,0,0.0,0.5
2032.4000,  1.00000000,1,0,0.0,0.5
2032.4333,  1.00000000,1,0,0.0,0.5
2032.4667,  1.00000000,1,0,0.025000000000000001,0.5
2032.5000,  1.00000000,1,0,0.0,0.5
2032.5333,  1.00000000,1,0,0.0,0.5
2032.5667,  1.00000000,1,0,0.0,0.5
2032.6000,  1.00000000,1,0,0.0,0.5
2032.6333,  1.00000000,1,0,0.0,0.5
2032.6667,  1.00000000,1,0,0.025000000000000001,0.5
2032.7000,  1.00000000,1,0,0.025000000000000001,0.5
2032.7333,  1.00000000,1,0,0.0,0.5
2032.7667,  1.00000000,1,0,0.0,0.5
2032.8000,  1.00000000,1,0,0.025000000000000001,0.5
2032.8333,  1.00000000,1,0,0.025000000000000001,0.5
2032.8667,  1.00000000,1,0,0.0,0.5
2032.9000,  1.00000000,1,0,0.0,0.5
2032.9333,  1.00000000,1,0,0.025000000000000001,0.5
2032.9667,  1.00000000,1,0,0.0,0.5
2033.0000,  1.00000000,1,0,0.025000000000000001,0.5
2033.0333,  1.00000000,1,0,0.025000000000000001,0.5
2033.0667,  1.00000000,1,0,0.0,0.5
2033.1000,  1.00000000,1,0,0.0,0.5
2033.1333,  1.00000000,1,0,0.0,0.5
2033.1667,  1.00000000,1,0,0.025000000000000001,0.5
2033.2000,  1.00000000,1,0,0.0,0.5
2033.2333,  1.00000000,1,0,0.0,0.5
2033.2667,  1.00000000,1,0,0.0,0.5
2033.3000,  1.00000000,1,0,0.0,0.5
2033.3333,  1.00000000,1,0,0.0,0.5
2033.3667,  1.00000000,1,0,0.0,0.5
2033.4000,  1.00000000,1,0,0.0,0.5
2033.4333,  1.00000000,1,0,0.0,0.5
2033.4667,  1.00000000,1,0,0.0,0.5
2033.5000,  1.00000000,1,0,0.0,0.5
2033.5333,  1.00000000,1,0,0.0,0.5
2033.5667,  1.00000000,1,0,0.0,0.5
2033.6000,  1.00000000,1,0,0.0,0.5
2033.6333,  1.00000000,1,0,0.025000000000000001,0.5
2033.6667,  1.00000000,1,0,0.025000000000000001,0.5
2033.7000,  1.00000000,1,0,0.0,0.5
2033.7333,  1.00000000,1,0,0.0,0.5
2033.7667,  1.00000000,1,0,0.0,0.5
2033.8000,  1.00000000,1,0,0.025000000000000001,0.5
2033.8333,  1.00000000,1,0,0.0,0.5
2033.8667,  1.00000000,1,0,0.0,0.5
2033.9000,  1.00000000,1,0,0.0,0.5
2033.9333,  1.00000000,1,0,0.0,0.5
2033.9667,  1.00000000,1,0,0.0,0.5
2034.0000,  1.00000000,1,0,0.025000000000000001,0.5
2034.0333,  1.00000000,1,0,0.0,0.5
2034.0667,  1.00000000,1,0,0.0,0.5
2034.1000,  1.00000000,1,0,0.0,0.5
2034.1333,  1.00000000,1,0,0.0,0.5
2034.1667,  1.00000000,1,0,0.0,0.5
2034.2000,  1.00000000,1,0,0.0,0.5
2034.2333,  1.00000000,1,0,0.0,0.5
2034.2667,  1.00000000,1,0,0.0,0.5
2034.3000,  1.00000000,1,0,0.0,0.5
2034.3333,  1.00000000,1,0,0.025000000000000001,0.5
2034.3667,  1.00000000,1,0,0.0,0.5
2034.4000,  1.00000000,1,0,0.025000000000000001,0.5
2034.4333,  1.00000000,1,0,0.025000000000000001,0.5
2034.4667,  1.00000000,1,0,0.0,0.5
2034.5000,  1.00000000,1,0,0.0,0.5
2034.5333,  1.00000000,1,0,0.0,0.5
2034.5667,  1.00000000,1,0,0.0,0.5
2034.6000,  1.00000000,1,0,0.025000000000000001,0.5
2034.6333,  1.00000000,1,0,0.025000000000000001,0.5
2034.6667,  1.00000000,1,0,0.0,0.5
2034.7000,  1.00000000,1,0,0.0,0.5
2034.7333,  1.00000000,1,0,0.050000000000000003,0.5
2034.7667,  1.00000000,1,0,0.0,0.5
2034.8000,  1.00000000,1,0,0.0,0.5
2034.8333,  1.00000000,1,0,0.0,0.5
2034.8667,  1.00000000,1,0,0.0,0.5
2034.9000,  1.00000000,1,0,0.0,0.5
2034.9333,  1.00000000,1,0,0.0,0.5
2034.9667,  1.00000000,1,0,0.0,0.5
2035.0000,  1.00000000,1,0,0.0,0.5
2035.0333,  1.00000000,1,0,0.0,0.5
2035.0667,  1.00000000,1,0,0.0,0.5
2035.1000,  1.00000000,1,0,0.0,0.5
2035.1333,  1.00000000,1,0,0.0,0.5
2035.1667,  1.00000000,1,0,0.0,0.5
2035.2000,  1.00000000,1,0,0.0,0.5
2035.2333,  1.00000000,1,0,0.0,0.5
2035.2667,  1.00000000,1,0,0.0,0.5
2035.3000,  1.00000000,1,0,0.0,0.5
2035.3333,  1.00000000,1,0,0.0,0.5
2035.3667,  1.00000000,1,0,0.025000000000000001,0.5
2035.4000,  1.00000000,1,0,0.0,0.5
2035.4333,  1.00000000,1,0,0.0,0.5
2035.4667,  1.00000000,1,0,0.025000000000000001,0.5
2035.5000,  1.00000000,1,0,0.0,0.5
2035.5333,  1.00000000,1,0,0.0,0.5
2035.5667,  1.00000000,1,0,0.0,0.5
2035.6000,  1.00000000,1,0,0.025000000000000001,0.5
2035.6333,  1.00000000,1,0,0.0,0.5
2035.6667,  1.00000000,1,0,0.0,0.5
2035.7000,  1.00000000,1,0,0.025000000000000001,0.5
2035.7333,  1.00000000,1,0,0.0,0.5
2035.7667,  1.00000000,1,0,0.0,0.5
2035.8000,  1.00000000,1,0,0.025000000000000001,0.5
2035.8333,  1.00000000,1,0,0.0,0.5
2035.8667,  1.00000000,1,0,0.0,0.5
2035.9000,  1.00000000,1,0,0.025000000000000001,0.5
2035.9333,  1.00000000,1,0,0.0,0.5
2035.9667,  1.00000000,1,0,0.025000000000000001,0.5
2036.0000,  1.00000000,1,0,0.0,0.5
2036.0333,  1.00000000,1,0,0.0,0.5
2036.0667,  1.00000000,1,0,0.0,0.5
2036.1000,  1.00000000,1,0,0.0,0.5
2036.1333,  1.00000000,1,0,0.0,0.5
2036.1667,  1.00000000,1,0,0.0,0.5
2036.2000,  1.00000000,1,0,0.0,0.5
2036.2333,  1.00000000,1,0,0.0,0.5
2036.2667,  1.00000000,1,0,0.0,0.5
2036.3000,  1.00000000,1,0,0.0,0.5
2036.3333,  1.00000000,1,0,0.0,0.5
2036.3667,  1.00000000,1,0,0.0,0.5
2036.4000,  1.00000000,1,0,0.0,0.5
2036.4333,  1.00000000,1,0,0.0,0.5
2036.4667,  1.00000000,1,0,0.0,0.5
2036.5000,  1.00000000,1,0,0.0,0.5
2036.5333,  1.00000000,1,0,0.0,0.5
2036.5667,  1.00000000,1,0,0.0,0.5
2036.6000,  1.00000000,1,0,0.0,0.5
2036.6333,  1.00000000,1,0,0.0,0.5
2036.6667,  1.00000000,1,0,0.0,0.5
2036.7000,  1.00000000,1,0,0.025000000000000001,0.5
2036.7333,  1.00000000,1,0,0.0,0.5
2036.7667,  1.00000000,1,0,0.0,0.5
2036.8000,  1.00000000,1,0,0.0,0.5
2036.8333,  1.00000000,1,0,0.0,0.5
2036.8667,  1.00000000,1,0,0.0,0.5
2036.9000,  1.00000000,1,0,0.0,0.5
2036.9333,  1.00000000,1,0,0.0,0.5
2036.9667,  1.00000000,1,0,0.0,0.5
2037.0000,  1.00000000,1,0,0.0,0.5
2037.0333,  1.00000000,1,0,0.0,0.5
2037.0667,  1.00000000,1,0,0.0,0.5
2037.1000,  1.00000000,1,0,0.0,0.5
2037.1333,  1.00000000,1,0,0.025000000000000001,0.5
2037.1667,  1.00000000,1,0,0.0,0.5
2037.2000,  1.00000000,1,0,0.0,0.5
2037.2333,  1.00000000,1,0,0.0,0.5
2037.2667,  1.00000000,1,0,0.0,0.5
2037.3000,  1.00000000,1,0,0.025000000000000001,0.5
2037.3333,  1.00000000,1,0,0.0,0.5
2037.3667,  1.00000000,1,0,0.0,0.5
2037.4000,  1.00000000,1,0,0.0,0.5
2037.4333,  1.00000000,1,0,0.0,0.5
2037.4667,  1.00000000,1,0,0.0,0.5
2037.5000,  1.00000000,1,0,0.050000000000000003,0.5
2037.5333,  1.00000000,1,0,0.0,0.5
2037.5667,  1.00000000,1,0,0.0,0.5
2037.6000,  1.00000000,1,0,0.0,0.5
2037.6333,  1.00000000,1,0,0.0,0.5
2037.6667,  1.00000000,1,0,0.0,0.5
2037.7000,  1.00000000,1,0,0.0,0.5
2037.7333,  1.00000000,1,0,0.0,0.5
2037.7667,  1.00000000,1,0,0.0,0.5
2037.8000,  1.00000000,1,0,0.0,0.5
2037.8333,  1.00000000,1,0,0.0,0.5
2037.8667,  1.00000000,1,0,0.0,0.5
2037.9000,  1.00000000,1,0,0.025000000000000001,0.5
2037.9333,  1.00000000,1,0,0.0,0.5
2037.9667,  1.00000000,1,0,0.0,0.5
2038.0000,  1.00000000,1,0,0.0,0.5
2038.0333,  1.00000000,1,0,0.0,0.5
2038.0667,  1.00000000,1,0,0.0,0.5
2038.1000,  1.00000000,1,0,0.0,0.5
2038.1333,  1.00000000,1,0,0.0,0.5
2038.1667,  1.00000000,1,0,0.025000000000000001,0.5
2038.2000,  1.00000000,1,0,0.0,0.5
2038.2333,  1.00000000,1,0,0.0,0.5
2038.2667,  1.00000000,1,0,0.0,0.5
2038.3000,  1.00000000,1,0,0.0,0.5
2038.3333,  1.00000000,1,0,0.0,0.5
2038.3667,  1.00000000,1,0,0.0,0.5
2038.4000,  1.00000000,1,0,0.0,0.5
2038.4333,  1.00000000,1,0,0.0,0.5
2038.4667,  1.00000000,1,0,0.0,0.5
2038.5000,  1.00000000,1,0,0.0,0.5
2038.5333,  1.00000000,1,0,0.0,0.5
2038.5667,  1.00000000,1,0,0.0,0.5
2038.6000,  1.00000000,1,0,0.0,0.5
2038.6333,  1.00000000,1,0,0.0,0.5
2038.6667,  1.00000000,1,0,0.0,0.5
2038.7000,  1.00000000,1,0,0.0,0.5
2038.7333,  1.00000000,1,0,0.0,0.5
2038.7667,  1.00000000,1,0,0.0,0.5
2038.8000,  1.00000000,1,0,0.0,0.5
2038.8333,  1.00000000,1,0,0.025000000000000001,0.5
2038.8667,  1.00000000,1,0,0.025000000000000001,0.5
2038.9000,  1.00000000,1,0,0.0,0.5
2038.9333,  1.00000000,1,0,0.0,0.5
2038.9667,  1.00000000,1,0,0.0,0.5
2039.0000,  1.00000000,1,0,0.0,0.5
2039.0333,  1.00000000,1,0,0.0,0.5
2039.0667,  1.00000000,1,0,0.025000000000000001,0.5
2039.1000,  1.00000000,1,0,0.0,0.5
2039.1333,  1.00000000,1,0,0.0,0.5
2039.1667,  1.00000000,1,0,0.0,0.5
2039.2000,  1.00000000,1,0,0.0,0.5
2039.2333,  1.00000000,1,0,0.0,0.5
2039.2667,  1.00000000,1,0,0.0,0.5
2039.3000,  1.00000000,1,0,0.0,0.5
2039.3333,  1.00000000,1,0,0.0,0.5
2039.3667,  1.00000000,1,0,0.0,0.5
2039.4000,  1.00000000,1,0,0.0,0.5
2039.4333,  1.00000000,1,0,0.025000000000000001,0.5
2039.4667,  1.00000000,1,0,0.0,0.5
2039.5000,  1.00000000,1,0,0.0,0.5
2039.5333,  1.00000000,1,0,0.0,0.5
2039.5667,  1.00000000,1,0,0.0,0.5
2039.6000,  1.00000000,1,0,0.0,0.5
2039.6333,  1.00000000,1,0,0.0,0.5
2039.6667,  1.00000000,1,0,0.0,0.5
2039.7000,  1.00000000,1,0,0.0,0.5
2039.7333,  1.00000000,1,0,0.0,0.5
2039.7667,  1.00000000,1,0,0.025000000000000001,0.5
2039.8000,  1.00000000,1,0,0.0,0.5
2039.8333,  1.00000000,1,0,0.0,0.5
2039.8667,  1.00000000,1,0,0.0,0.5
2039.9000,  1.00000000,1,0,0.0,0.5
2039.9333,  1.00000000,1,0,0.0,0.5
2039.9667,  1.00000000,1,0,0.0,0.5
2040.0000,  1.00000000,1,0,0.0,0.5
2040.0333,  1.00000000,1,0,0.0,0.5
2040.0667,  1.00000000,1,0,0.0,0.5
2040.1000,  1.00000000,1,0,0.0,0.5
2040.1333,  1.00000000,1,0,0.0,0.5
2040.1667,  1.00000000,1,0,0.0,0.5
2040.2000,  1.00000000,1,0,0.025000000000000001,0.5
2040.2333,  1.00000000,1,0,0.0,0.5
2040.2667,  1.00000000,1,0,0.0,0.5
2040.3000,  1.00000000,1,0,0.0,0.5
2040.3333,  1.00000000,1,0,0.0,0.5
2040.3667,  1.00000000,1,0,0.0,0.5
2040.4000,  1.00000000,1,0,0.0,0.5
2040.4333,  1.00000000,1,0,0.0,0.5
2040.4667,  1.00000000,1,0,0.025000000000000001,0.5
2040.5000,  1.00000000,1,0,0.025000000000000001,0.5
2040.5333,  1.00000000,1,0,0.0,0.5
2040.5667,  1.00000000,1,0,0.0,0.5
2040.6000,  1.00000000,1,0,0.0,0.5
2040.6333,  1.00000000,1,0,0.0,0.5
2040.6667,  1.00000000,1,0,0.0,0.5
2040.7000,  1.00000000,1,0,0.025000000000000001,0.5
2040.7333,  1.00000000,1,0,0.0,0.5
2040.7667,  1.00000000,1,0,0.0,0.5
2040.8000,  1.00000000,1,0,0.0,0.5
2040.8333,  1.00000000,1,0,0.0,0.5
2040.8667,  1.00000000,1,0,0.0,0.5
2040.9000,  1.00000000,1,0,0.025000000000000001,0.5
2040.9333,  1.00000000,1,0,0.0,0.5
2040.9667,  1.00000000,1,0,0.0,0.5
2041.0000,  1.00000000,1,0,0.0,0.5
2041.0333,  1.00000000,1,0,0.0,0.5
2041.0667,  1.00000000,1,0,0.0,0.5
2041.1000,  1.00000000,1,0,0.0,0.5
2041.1333,  1.00000000,1,0,0.0,0.5
2041.1667,  1.00000000,1,0,0.0,0.5
2041.2000,  1.00000000,1,0,0.025000000000000001,0.5
2041.2333,  1.00000000,1,0,0.0,0.5
2041.2667,  1.00000000,1,0,0.0,0.5
2041.3000,  1.00000000,1,0,0.025000000000000001,0.5
2041.3333,  1.00000000,1,0,0.0,0.5
2041.3667,  1.00000000,1,0,0.0,0.5
2041.4000,  1.00000000,1,0,0.0,0.5
2041.4333,  1.00000000,1,0,0.025000000000000001,0.5
2041.4667,  1.00000000,1,0,0.0,0.5
2041.5000,  1.00000000,1,0,0.0,0.5
2041.5333,  1.00000000,1,0,0.0,0.5
2041.5667,  1.00000000,1,0,0.0,0.5
2041.6000,  1.00000000,1,0,0.0,0.5
2041.6333,  1.00000000,1,0,0.0,0.5
2041.6667,  1.00000000,1,0,0.0,0.5
2041.7000,  1.00000000,1,0,0.025000000000000001,0.5
2041.7333,  1.00000000,1,0,0.0,0.5
2041.7667,  1.00000000,1,0,0.0,0.5
2041.8000,  1.00000000,1,0,0.0,0.5
2041.8333,  1.00000000,1,0,0.0,0.5
2041.8667,  1.00000000,1,0,0.0,0.5
2041.9000,  1.00000000,1,0,0.0,0.5
2041.9333,  1.00000000,1,0,0.0,0.5
2041.9667,  1.00000000,1,0,0.0,0.5
2042.0000,  1.00000000,1,0,0.0,0.5
2042.0333,  1.00000000,1,0,0.0,0.5
2042.0667,  1.00000000,1,0,0.0,0.5
2042.1000,  1.00000000,1,0,0.0,0.5
2042.1333,  1.00000000,1,0,0.0,0.5
2042.1667,  1.00000000,1,0,0.0,0.5
2042.2000,  1.00000000,1,0,0.0,0.5
2042.2333,  1.00000000,1,0,0.0,0.5
2042.2667,  1.00000000,1,0,0.0,0.5
2042.3000,  1.00000000,1,0,0.0,0.5
2042.3333,  1.00000000,1,0,0.0,0.5
2042.3667,  1.00000000,1,0,0.0,0.5
2042.4000,  1.00000000,1,0,0.0,0.5
2042.4333,  1.00000000,1,0,0.0,0.5
2042.4667,  1.00000000,1,0,0.0,0.5
2042.5000,  1.00000000,1,0,0.0,0.5
2042.5333,  1.00000000,1,0,0.0,0.5
2042.5667,  1.00000000,1,0,0.0,0.5
2042.6000,  1.00000000,1,0,0.0,0.5
2042.6333,  1.00000000,1,0,0.0,0.5
2042.6667,  1.00000000,1,0,0.0,0.5
2042.7000,  1.00000000,1,0,0.0,0.5
2042.7333,  1.00000000,1,0,0.0,0.5
2042.7667,  1.00000000,1,0,0.0,0.5
2042.8000,  1.00000000,1,0,0.0,0.5
2042.8333,  1.00000000,1,0,0.0,0.5
2042.8667,  1.00000000,1,0,0.0,0.5
2042.9000,  1.00000000,1,0,0.025000000000000001,0.5
2042.9333,  1.00000000,1,0,0.025000000000000001,0.5
2042.9667,  1.00000000,1,0,0.025000000000000001,0.5
2043.0000,  1.00000000,1,0,0.0,0.5
2043.0333,  1.00000000,1,0,0.0,0.5
2043.0667,  1.00000000,1,0,0.0,0.5
2043.1000,  1.00000000,1,0,0.0,0.5
2043.1333,  1.00000000,1,0,0.0,0.5
2043.1667,  1.00000000,1,0,0.025000000000000001,0.5
2043.2000,  1.00000000,1,0,0.0,0.5
2043.2333,  1.00000000,1,0,0.0,0.5
2043.2667,  1.00000000,1,0,0.0,0.5
2043.3000,  1.00000000,1,0,0.0,0.5
2043.3333,  1.00000000,1,0,0.0,0.5
2043.3667,  1.00000000,1,0,0.0,0.5
2043.4000,  1.00000000,1,0,0.0,0.5
2043.4333,  1.00000000,1,0,0.0,0.5
2043.4667,  1.00000000,1,0,0.025000000000000001,0.5
2043.5000,  1.00000000,1,0,0.0,0.5
2043.5333,  1.00000000,1,0,0.0,0.5
2043.5667,  1.00000000,1,0,0.025000000000000001,0.5
2043.6000,  1.00000000,1,0,0.0,0.5
2043.6333,  1.00000000,1,0,0.0,0.5
2043.6667,  1.00000000,1,0,0.0,0.5
2043.7000,  1.00000000,1,0,0.0,0.5
2043.7333,  1.00000000,1,0,0.0,0.5
2043.7667,  1.00000000,1,0,0.0,0.5
2043.8000,  1.00000000,1,0,0.0,0.5
2043.8333,  1.00000000,1,0,0.0,0.5
2043.8667,  1.00000000,1,0,0.0,0.5
2043.9000,  1.00000000,1,0,0.0,0.5
2043.9333,  1.00000000,1,0,0.0,0.5
2043.9667,  1.00000000,1,0,0.0,0.5
2044.0000,  1.00000000,1,0,0.0,0.5
2044.0333,  1.00000000,1,0,0.0,0.5
2044.0667,  1.00000000,1,0,0.0,0.5
2044.1000,  1.00000000,1,0,0.0,0.5
2044.1333,  1.00000000,1,0,0.0,0.5
2044.1667,  1.00000000,1,0,0.0,0.5
2044.2000,  1.00000000,1,0,0.0,0.5
2044.2333,  1.00000000,1,0,0.0,0.5
2044.2667,  1.00000000,1,0,0.0,0.5
2044.3000,  1.00000000,1,0,0.0,0.5
2044.3333,  1.00000000,1,0,0.0,0.5
2044.3667,  1.00000000,1,0,0.0,0.5
2044.4000,  1.00000000,1,0,0.0,0.5
2044.4333,  1.00000000,1,0,0.0,0.5
2044.4667,  1.00000000,1,0,0.0,0.5
2044.5000,  1.00000000,1,0,0.0,0.5
2044.5333,  1.00000000,1,0,0.0,0.5
2044.5667,  1.00000000,1,0,0.025000000000000001,0.5
2044.6000,  1.00000000,1,0,0.0,0.5
2044.6333,  1.00000000,1,0,0.0,0.5
2044.6667,  1.00000000,1,0,0.0,0.5
2044.7000,  1.00000000,1,0,0.025000000000000001,0.5
2044.7333,  1.00000000,1,0,0.025000000000000001,0.5
2044.7667,  1.00000000,1,0,0.0,0.5
2044.8000,  1.00000000,1,0,0.0,0.5
2044.8333,  1.00000000,1,0,0.0,0.5
2044.8667,  1.00000000,1,0,0.025000000000000001,0.5
2044.9000,  1.00000000,1,0,0.0,0.5
2044.9333,  1.00000000,1,0,0.0,0.5
2044.9667,  1.00000000,1,0,0.0,0.5
2045.0000,  1.00000000,1,0,0.0,0.5
2045.0333,  1.00000000,1,0,0.0,0.5
2045.0667,  1.00000000,1,0,0.0,0.5
2045.1000,  1.00000000,1,0,0.0,0.5
2045.1333,  1.00000000,1,0,0.0,0.5
2045.1667,  1.00000000,1,0,0.0,0.5
2045.2000,  1.00000000,1,0,0.0,0.5
2045.2333,  1.00000000,1,0,0.0,0.5
2045.2667,  1.00000000,1,0,0.0,0.5
2045.3000,  1.00000000,1,0,0.0,0.5
2045.3333,  1.00000000,1,0,0.0,0.5
2045.3667,  1.00000000,1,0,0.0,0.5
2045.4000,  1.00000000,1,0,0.0,0.5
2045.4333,  1.00000000,1,0,0.0,0.5
2045.4667,  1.00000000,1,0,0.0,0.5
2045.5000,  1.00000000,1,0,0.0,0.5
2045.5333,  1.00000000,1,0,0.0,0.5
2045.5667,  1.00000000,1,0,0.0,0.5
2045.6000,  1.00000000,1,0,0.0,0.5
2045.6333,  1.00000000,1,0,0.0,0.5
2045.6667,  1.00000000,1,0,0.0,0.5
2045.7000,  1.00000000,1,0,0.0,0.5
2045.7333,  1.00000000,1,0,0.0,0.5
2045.7667,  1.00000000,1,0,0.0,0.5
2045.8000,  1.00000000,1,0,0.0,0.5
2045.8333,  1.00000000,1,0,0.0,0.5
2045.8667,  1.00000000,1,0,0.0,0.5
2045.9000,  1.00000000,1,0,0.0,0.5
2045.9333,  1.00000000,1,0,0.025000000000000001,0.5
2045.9667,  1.00000000,1,0,0.0,0.5
2046.0000,  1.00000000,1,0,0.0,0.5
2046.0333,  1.00000000,1,0,0.025000000000000001,0.5
2046.0667,  1.00000000,1,0,0.0,0.5
2046.1000,  1.00000000,1,0,0.0,0.5
2046.1333,  1.00000000,1,0,0.025000000000000001,0.5
2046.1667,  1.00000000,1,0,0.0,0.5
2046.2000,  1.00000000,1,0,0.0,0.5
2046.2333,  1.00000000,1,0,0.0,0.5
2046.2667,  1.00000000,1,0,0.0,0.5
2046.3000,  1.00000000,1,0,0.0,0.5
2046.3333,  1.00000000,1,0,0.0,0.5
2046.3667,  1.00000000,1,0,0.0,0.5
2046.4000,  1.00000000,1,0,0.025000000000000001,0.5
2046.4333,  1.00000000,1,0,0.0,0.5
2046.4667,  1.00000000,1,0,0.0,0.5
2046.5000,  1.00000000,1,0,0.0,0.5
2046.5333,  1.00000000,1,0,0.0,0.5
2046.5667,  1.00000000,1,0,0.0,0.5
2046.6000,  1.00000000,1,0,0.0,0.5
2046.6333,  1.00000000,1,0,0.0,0.5
2046.6667,  1.00000000,1,0,0.0,0.5
2046.7000,  1.00000000,1,0,0.0,0.5
2046.7333,  1.00000000,1,0,0.0,0.5
2046.7667,  1.00000000,1,0,0.0,0.5
2046.8000,  1.00000000,1,0,0.0,0.5
2046.8333,  1.00000000,1,0,0.0,0.5
2046.8667,  1.00000000,1,0,0.025000000000000001,0.5
2046.9000,  1.00000000,1,0,0.025000000000000001,0.5
2046.9333,  1.00000000,1,0,0.0,0.5
2046.9667,  1.00000000,1,0,0.0,0.5
2047.0000,  1.00000000,1,0,0.0,0.5
2047.0333,  1.00000000,1,0,0.0,0.5
2047.0667,  1.00000000,1,0,0.025000000000000001,0.5
2047.1000,  1.00000000,1,0,0.0,0.5
2047.1333,  1.00000000,1,0,0.0,0.5
2047.1667,  1.00000000,1,0,0.0,0.5
2047.2000,  1.00000000,1,0,0.0,0.5
2047.2333,  1.00000000,1,0,0.0,0.5
2047.2667,  1.00000000,1,0,0.0,0.5
2047.3000,  1.00000000,1,0,0.0,0.5
2047.3333,  1.00000000,1,0,0.0,0.5
2047.3667,  1.00000000,1,0,0.0,0.5
2047.4000,  1.00000000,1,0,0.0,0.5
2047.4333,  1.00000000,1,0,0.0,0.5
2047.4667,  1.00000000,1,0,0.0,0.5
2047.5000,  1.00000000,1,0,0.0,0.5
2047.5333,  1.00000000,1,0,0.0,0.5
2047.5667,  1.00000000,1,0,0.0,0.5
2047.6000,  1.00000000,1,0,0.0,0.5
2047.6333,  1.00000000,1,0,0.0,0.5
2047.6667,  1.00000000,1,0,0.0,0.5
2047.7000,  1.00000000,1,0,0.0,0.5
2047.7333,  1.00000000,1,0,0.0,0.5
2047.7667,  1.00000000,1,0,0.0,0.5
2047.8000,  1.00000000,1,0,0.0,0.5
2047.8333,  1.00000000,1,0,0.0,0.5
2047.8667,  1.00000000,1,0,0.0,0.5
2047.9000,  1.00000000,1,0,0.0,0.5
2047.9333,  1.00000000,1,0,0.0,0.5
2047.9667,  1.00000000,1,0,0.0,0.5
2048.0000,  1.00000000,1,0,0.0,0.5
2048.0333,  1.00000000,1,0,0.0,0.5
2048.0667,  1.00000000,1,0,0.0,0.5
2048.1000,  1.00000000,1,0,0.0,0.5
2048.1333,  1.00000000,1,0,0.0,0.5
2048.1667,  1.00000000,1,0,0.0,0.5
2048.2000,  1.00000000,1,0,0.0,0.5
2048.2333,  1.00000000,1,0,0.0,0.5
2048.2667,  1.00000000,1,0,0.025000000000000001,0.5
2048.3000,  1.00000000,1,0,0.0,0.5
2048.3333,  1.00000000,1,0,0.0,0.5
2048.3667,  1.00000000,1,0,0.0,0.5
2048.4000,  1.00000000,1,0,0.0,0.5
2048.4333,  1.00000000,1,0,0.0,0.5
2048.4667,  1.00000000,1,0,0.0,0.5
2048.5000,  1.00000000,1,0,0.0,0.5
2048.5333,  1.00000000,1,0,0.025000000000000001,0.5
2048.5667,  1.00000000,1,0,0.0,0.5
2048.6000,  1.00000000,1,0,0.025000000000000001,0.5
2048.6333,  1.00000000,1,0,0.0,0.5
2048.6667,  1.00000000,1,0,0.0,0.5
2048.7000,  1.00000000,1,0,0.0,0.5
2048.7333,  1.00000000,1,0,0.0,0.5
2048.7667,  1.00000000,1,0,0.0,0.5
2048.8000,  1.00000000,1,0,0.0,0.5
2048.8333,  1.00000000,1,0,0.0,0.5
2048.8667,  1.00000000,1,0,0.0,0.5
2048.9000,  1.00000000,1,0,0.0,0.5
2048.9333,  1.00000000,1,0,0.0,0.5
2048.9667,  1.00000000,1,0,0.0,0.5
2049.0000,  1.00000000,1,0,0.0,0.5
2049.0333,  1.00000000,1,0,0.0,0.5
2049.0667,  1.00000000,1,0,0.025000000000000001,0.5
2049.1000,  1.00000000,1,0,0.0,0.5
2049.1333,  1.00000000,1,0,0.0,0.5
2049.1667,  1.00000000,1,0,0.0,0.5
2049.2000,  1.00000000,1,0,0.0,0.5
2049.2333,  1.00000000,1,0,0.0,0.5
2049.2667,  1.00000000,1,0,0.0,0.5
2049.3000,  1.00000000,1,0,0.0,0.5
2049.3333,  1.00000000,1,0,0.0,0.5
2049.3667,  1.00000000,1,0,0.025000000000000001,0.5
2049.4000,  1.00000000,1,0,0.0,0.5
2049.4333,  1.00000000,1,0,0.0,0.5
2049.4667,  1.00000000,1,0,0.0,0.5
2049.5000,  1.00000000,1,0,0.0,0.5
2049.5333,  1.00000000,1,0,0.0,0.5
2049.5667,  1.00000000,1,0,0.0,0.5
2049.6000,  1.00000000,1,0,0.0,0.5
2049.6333,  1.00000000,1,0,0.0,0.5
2049.6667,  1.00000000,1,0,0.0,0.5
2049.7000,  1.00000000,1,0,0.0,0.5
2049.7333,  1.00000000,1,0,0.025000000000000001,0.5
2049.7667,  1.00000000,1,0,0.0,0.5
2049.8000,  1.00000000,1,0,0.0,0.5
2049.8333,  1.00000000,1,0,0.0,0.5
2049.8667,  1.00000000,1,0,0.0,0.5
2049.9000,  1.00000000,1,0,0.0,0.5
2049.9333,  1.00000000,1,0,0.0,0.5
2049.9667,  1.00000000,1,0,0.0,0.5
2050.0000,  1.00000000,1,0,0.0,0.5
2050.0333,  1.00000000,1,0,0.0,0.5
2050.0667,  1.00000000,1,0,0.0,0.5
2050.1000,  1.00000000,1,0,0.0,0.5
2050.1333,  1.00000000,1,0,0.0,0.5
2050.1667,  1.00000000,1,0,0.0,0.5
2050.2000,  1.00000000,1,0,0.0,0.5
2050.2333,  1.00000000,1,0,0.050000000000000003,0.5
2050.2667,  1.00000000,1,0,0.0,0.5
2050.3000,  1.00000000,1,0,0.025000000000000001,0.5
2050.3333,  1.00000000,1,0,0.0,0.5
2050.3667,  1.00000000,1,0,0.0,0.5
2050.4000,  1.00000000,1,0,0.0,0.5
2050.4333,  1.00000000,1,0,0.0,0.5
2050.4667,  1.00000000,1,0,0.0,0.5
2050.5000,  1.00000000,1,0,0.0,0.5
2050.5333,  1.00000000,1,0,0.0,0.5
2050.5667,  1.00000000,1,0,0.0,0.5
2050.6000,  1.00000000,1,0,0.0,0.5
2050.6333,  1.00000000,1,0,0.0,0.5
2050.6667,  1.00000000,1,0,0.0,0.5
2050.7000,  1.00000000,1,0,0.0,0.5
2050.7333,  1.00000000,1,0,0.0,0.5
2050.7667,  1.00000000,1,0,0.0,0.5
2050.8000,  1.00000000,1,0,0.0,0.5
2050.8333,  1.00000000,1,0,0.0,0.5
2050.8667,  1.00000000,1,0,0.0,0.5
2050.9000,  1.00000000,1,0,0.0,0.5
2050.9333,  1.00000000,1,0,0.0,0.5
2050.9667,  1.00000000,1,0,0.0,0.5
2051.0000,  1.00000000,1,0,0.0,0.5
2051.0333,  1.00000000,1,0,0.0,0.5
2051.0667,  1.00000000,1,0,0.0,0.5
2051.1000,  1.00000000,1,0,0.0,0.5
2051.1333,  1.00000000,1,0,0.0,0.5
2051.1667,  1.00000000,1,0,0.0,0.5
2051.2000,  1.00000000,1,0,0.025000000000000001,0.5
2051.2333,  1.00000000,1,0,0.0,0.5
2051.2667,  1.00000000,1,0,0.0,0.5
2051.3000,  1.00000000,1,0,0.0,0.5
2051.3333,  1.00000000,1,0,0.025000000000000001,0.5
2051.3667,  1.00000000,1,0,0.0,0.5
2051.4000,  1.00000000,1,0,0.0,0.5
2051.4333,  1.00000000,1,0,0.0,0.5
2051.4667,  1.00000000,1,0,0.0,0.5
2051.5000,  1.00000000,1,0,0.0,0.5
2051.5333,  1.00000000,1,0,0.025000000000000001,0.5
2051.5667,  1.00000000,1,0,0.0,0.5
2051.6000,  1.00000000,1,0,0.0,0.5
2051.6333,  1.00000000,1,0,0.0,0.5
2051.6667,  1.00000000,1,0,0.0,0.5
2051.7000,  1.00000000,1,0,0.025000000000000001,0.5
2051.7333,  1.00000000,1,0,0.0,0.5
2051.7667,  1.00000000,1,0,0.0,0.5
2051.8000,  1.00000000,1,0,0.0,0.5
2051.8333,  1.00000000,1,0,0.025000000000000001,0.5
2051.8667,  1.00000000,1,0,0.0,0.5
2051.9000,  1.00000000,1,0,0.0,0.5
2051.9333,  1.00000000,1,0,0.0,0.5
2051.9667,  1.00000000,1,0,0.025000000000000001,0.5
2052.0000,  1.00000000,1,0,0.0,0.5
2052.0333,  1.00000000,1,0,0.025000000000000001,0.5
2052.0667,  1.00000000,1,0,0.0,0.5
2052.1000,  1.00000000,1,0,0.0,0.5
2052.1333,  1.00000000,1,0,0.025000000000000001,0.5
2052.1667,  1.00000000,1,0,0.0,0.5
2052.2000,  1.00000000,1,0,0.0,0.5
2052.2333,  1.00000000,1,0,0.025000000000000001,0.5
2052.2667,  1.00000000,1,0,0.025000000000000001,0.5
2052.3000,  1.00000000,1,0,0.0,0.5
2052.3333,  1.00000000,1,0,0.0,0.5
2052.3667,  1.00000000,1,0,0.0,0.5
2052.4000,  1.00000000,1,0,0.0,0.5
2052.4333,  1.00000000,1,0,0.0,0.5
2052.4667,  1.00000000,1,0,0.0,0.5
2052.5000,  1.00000000,1,0,0.025000000000000001,0.5
2052.5333,  1.00000000,1,0,0.0,0.5
2052.5667,  1.00000000,1,0,0.0,0.5
2052.6000,  1.00000000,1,0,0.050000000000000003,0.5
2052.6333,  1.00000000,1,0,0.0,0.5
2052.6667,  1.00000000,1,0,0.0,0.5
2052.7000,  1.00000000,1,0,0.0,0.5
2052.7333,  1.00000000,1,0,0.0,0.5
2052.7667,  1.00000000,1,0,0.0,0.5
2052.8000,  1.00000000,1,0,0.0,0.5
2052.8333,  1.00000000,1,0,0.0,0.5
2052.8667,  1.00000000,1,0,0.0,0.5
2052.9000,  1.00000000,1,0,0.0,0.5
2052.9333,  1.00000000,1,0,0.0,0.5
2052.9667,  1.00000000,1,0,0.0,0.5
2053.0000,  1.00000000,1,0,0.0,0.5
2053.0333,  1.00000000,1,0,0.0,0.5
2053.0667,  1.00000000,1,0,0.0,0.5
2053.1000,  1.00000000,1,0,0.0,0.5
2053.1333,  1.00000000,1,0,0.0,0.5
2053.1667,  1.00000000,1,0,0.0,0.5
2053.2000,  1.00000000,1,0,0.0,0.5
2053.2333,  1.00000000,1,0,0.0,0.5
2053.2667,  1.00000000,1,0,0.0,0.5
2053.3000,  1.00000000,1,0,0.0,0.5
2053.3333,  1.00000000,1,0,0.025000000000000001,0.5
2053.3667,  1.00000000,1,0,0.0,0.5
2053.4000,  1.00000000,1,0,0.0,0.5
2053.4333,  1.00000000,1,0,0.0,0.5
2053.4667,  1.00000000,1,0,0.025000000000000001,0.5
2053.5000,  1.00000000,1,0,0.0,0.5
2053.5333,  1.00000000,1,0,0.0,0.5
2053.5667,  1.00000000,1,0,0.0,0.5
2053.6000,  1.00000000,1,0,0.0,0.5
2053.6333,  1.00000000,1,0,0.0,0.5
2053.6667,  1.00000000,1,0,0.0,0.5
2053.7000,  1.00000000,1,0,0.050000000000000003,0.5
2053.7333,  1.00000000,1,0,0.0,0.5
2053.7667,  1.00000000,1,0,0.0,0.5
2053.8000,  1.00000000,1,0,0.025000000000000001,0.5
2053.8333,  1.00000000,1,0,0.0,0.5
2053.8667,  1.00000000,1,0,0.0,0.5
2053.9000,  1.00000000,1,0,0.0,0.5
2053.9333,  1.00000000,1,0,0.0,0.5
2053.9667,  1.00000000,1,0,0.025000000000000001,0.5
2054.0000,  1.00000000,1,0,0.0,0.5
2054.0333,  1.00000000,1,0,0.025000000000000001,0.5
2054.0667,  1.00000000,1,0,0.0,0.5
2054.1000,  1.00000000,1,0,0.0,0.5
2054.1333,  1.00000000,1,0,0.0,0.5
2054.1667,  1.00000000,1,0,0.0,0.5
2054.2000,  1.00000000,1,0,0.0,0.5
2054.2333,  1.00000000,1,0,0.0,0.5
2054.2667,  1.00000000,1,0,0.0,0.5
2054.3000,  1.00000000,1,0,0.0,0.5
2054.3333,  1.00000000,1,0,0.0,0.5
2054.3667,  1.00000000,1,0,0.0,0.5
2054.4000,  1.00000000,1,0,0.0,0.5
2054.4333,  1.00000000,1,0,0.0,0.5
2054.4667,  1.00000000,1,0,0.0,0.5
2054.5000,  1.00000000,1,0,0.0,0.5
2054.5333,  1.00000000,1,0,0.025000000000000001,0.5
2054.5667,  1.00000000,1,0,0.0,0.5
2054.6000,  1.00000000,1,0,0.0,0.5
2054.6333,  1.00000000,1,0,0.050000000000000003,0.5
2054.6667,  1.00000000,1,0,0.0,0.5
2054.7000,  1.00000000,1,0,0.0,0.5
2054.7333,  1.00000000,1,0,0.0,0.5
2054.7667,  1.00000000,1,0,0.0,0.5
2054.8000,  1.00000000,1,0,0.0,0.5
2054.8333,  1.00000000,1,0,0.0,0.5
2054.8667,  1.00000000,1,0,0.0,0.5
2054.9000,  1.00000000,1,0,0.0,0.5
2054.9333,  1.00000000,1,0,0.0,0.5
2054.9667,  1.00000000,1,0,0.025000000000000001,0.5
2055.0000,  1.00000000,1,0,0.0,0.5
2055.0333,  1.00000000,1,0,0.0,0.5
2055.0667,  1.00000000,1,0,0.0,0.5
2055.1000,  1.00000000,1,0,0.0,0.5
2055.1333,  1.00000000,1,0,0.0,0.5
2055.1667,  1.00000000,1,0,0.0,0.5
2055.2000,  1.00000000,1,0,0.0,0.5
2055.2333,  1.00000000,1,0,0.0,0.5
2055.2667,  1.00000000,1,0,0.0,0.5
2055.3000,  1.00000000,1,0,0.0,0.5
2055.3333,  1.00000000,1,0,0.0,0.5
2055.3667,  1.00000000,1,0,0.0,0.5
2055.4000,  1.00000000,1,0,0.0,0.5
2055.4333,  1.00000000,1,0,0.0,0.5
2055.4667,  1.00000000,1,0,0.0,0.5
2055.5000,  1.00000000,1,0,0.0,0.5
2055.5333,  1.00000000,1,0,0.0,0.5
2055.5667,  1.00000000,1,0,0.0,0.5
2055.6000,  1.00000000,1,0,0.0,0.5
2055.6333,  1.00000000,1,0,0.0,0.5
2055.6667,  1.00000000,1,0,0.0,0.5
2055.7000,  1.00000000,1,0,0.0,0.5
2055.7333,  1.00000000,1,0,0.0,0.5
2055.7667,  1.00000000,1,0,0.0,0.5
2055.8000,  1.00000000,1,0,0.0,0.5
2055.8333,  1.00000000,1,0,0.0,0.5
2055.8667,  1.00000000,1,0,0.0,0.5
2055.9000,  1.00000000,1,0,0.0,0.5
2055.9333,  1.00000000,1,0,0.0,0.5
2055.9667,  1.00000000,1,0,0.0,0.5
2056.0000,  1.00000000,1,0,0.0,0.5
2056.0333,  1.00000000,1,0,0.0,0.5
2056.0667,  1.00000000,1,0,0.0,0.5
2056.1000,  1.00000000,1,0,0.025000000000000001,0.5
2056.1333,  1.00000000,1,0,0.025000000000000001,0.5
2056.1667,  1.00000000,1,0,0.025000000000000001,0.5
2056.2000,  1.00000000,1,0,0.025000000000000001,0.5
2056.2333,  1.00000000,1,0,0.025000000000000001,0.5
2056.2667,  1.00000000,1,0,0.0,0.5
2056.3000,  1.00000000,1,0,0.025000000000000001,0.5
2056.3333,  1.00000000,1,0,0.0,0.5
2056.3667,  1.00000000,1,0,0.0,0.5
2056.4000,  1.00000000,1,0,0.025000000000000001,0.5
2056.4333,  1.00000000,1,0,0.025000000000000001,0.5
2056.4667,  1.00000000,1,0,0.050000000000000003,0.5
2056.5000,  1.00000000,1,0,0.0,0.5
2056.5333,  1.00000000,1,0,0.0,0.5
2056.5667,  1.00000000,1,0,0.0,0.5
2056.6000,  1.00000000,1,0,0.0,0.5
2056.6333,  1.00000000,1,0,0.025000000000000001,0.5
2056.6667,  1.00000000,1,0,0.0,0.5
2056.7000,  1.00000000,1,0,0.0,0.5
2056.7333,  1.00000000,1,0,0.0,0.5
2056.7667,  1.00000000,1,0,0.0,0.5
2056.8000,  1.00000000,1,0,0.0,0.5
2056.8333,  1.00000000,1,0,0.0,0.5
2056.8667,  1.00000000,1,0,0.0,0.5
2056.9000,  1.00000000,1,0,0.0,0.5
2056.9333,  1.00000000,1,0,0.0,0.5
2056.9667,  1.00000000,1,0,0.0,0.5
2057.0000,  1.00000000,1,0,0.0,0.5
2057.0333,  1.00000000,1,0,0.025000000000000001,0.5
2057.0667,  1.00000000,1,0,0.0,0.5
2057.1000,  1.00000000,1,0,0.0,0.5
2057.1333,  1.00000000,1,0,0.0,0.5
2057.1667,  1.00000000,1,0,0.0,0.5
2057.2000,  1.00000000,1,0,0.0,0.5
2057.2333,  1.00000000,1,0,0.0,0.5
2057.2667,  1.00000000,1,0,0.025000000000000001,0.5
2057.3000,  1.00000000,1,0,0.0,0.5
2057.3333,  1.00000000,1,0,0.0,0.5
2057.3667,  1.00000000,1,0,0.0,0.5
2057.4000,  1.00000000,1,0,0.0,0.5
2057.4333,  1.00000000,1,0,0.0,0.5
2057.4667,  1.00000000,1,0,0.0,0.5
2057.5000,  1.00000000,1,0,0.0,0.5
2057.5333,  1.00000000,1,0,0.0,0.5
2057.5667,  1.00000000,1,0,0.025000000000000001,0.5
2057.6000,  1.00000000,1,0,0.0,0.5
2057.6333,  1.00000000,1,0,0.0,0.5
2057.6667,  1.00000000,1,0,0.0,0.5
2057.7000,  1.00000000,1,0,0.0,0.5
2057.7333,  1.00000000,1,0,0.0,0.5
2057.7667,  1.00000000,1,0,0.0,0.5
2057.8000,  1.00000000,1,0,0.025000000000000001,0.5
2057.8333,  1.00000000,1,0,0.025000000000000001,0.5
2057.8667,  1.00000000,1,0,0.0,0.5
2057.9000,  1.00000000,1,0,0.0,0.5
2057.9333,  1.00000000,1,0,0.025000000000000001,0.5
2057.9667,  1.00000000,1,0,0.025000000000000001,0.5
2058.0000,  1.00000000,1,0,0.025000000000000001,0.5
2058.0333,  1.00000000,1,0,0.0,0.5
2058.0667,  1.00000000,1,0,0.0,0.5
2058.1000,  1.00000000,1,0,0.0,0.5
2058.1333,  1.00000000,1,0,0.0,0.5
2058.1667,  1.00000000,1,0,0.0,0.5
2058.2000,  1.00000000,1,0,0.0,0.5
2058.2333,  1.00000000,1,0,0.025000000000000001,0.5
2058.2667,  1.00000000,1,0,0.025000000000000001,0.5
2058.3000,  1.00000000,1,0,0.0,0.5
2058.3333,  1.00000000,1,0,0.0,0.5
2058.3667,  1.00000000,1,0,0.0,0.5
2058.4000,  1.00000000,1,0,0.0,0.5
2058.4333,  1.00000000,1,0,0.0,0.5
2058.4667,  1.00000000,1,0,0.0,0.5
2058.5000,  1.00000000,1,0,0.0,0.5
2058.5333,  1.00000000,1,0,0.0,0.5
2058.5667,  1.00000000,1,0,0.0,0.5
2058.6000,  1.00000000,1,0,0.0,0.5
2058.6333,  1.00000000,1,0,0.0,0.5
2058.6667,  1.00000000,1,0,0.0,0.5
2058.7000,  1.00000000,1,0,0.0,0.5
2058.7333,  1.00000000,1,0,0.0,0.5
2058.7667,  1.00000000,1,0,0.0,0.5
2058.8000,  1.00000000,1,0,0.0,0.5
2058.8333,  1.00000000,1,0,0.0,0.5
2058.8667,  1.00000000,1,0,0.0,0.5
2058.9000,  1.00000000,1,0,0.0,0.5
2058.9333,  1.00000000,1,0,0.0,0.5
2058.9667,  1.00000000,1,0,0.025000000000000001,0.5
2059.0000,  1.00000000,1,0,0.0,0.5
2059.0333,  1.00000000,1,0,0.0,0.5
2059.0667,  1.00000000,1,0,0.0,0.5
2059.1000,  1.00000000,1,0,0.0,0.5
2059.1333,  1.00000000,1,0,0.0,0.5
2059.1667,  1.00000000,1,0,0.0,0.5
2059.2000,  1.00000000,1,0,0.025000000000000001,0.5
2059.2333,  1.00000000,1,0,0.0,0.5
2059.2667,  1.00000000,1,0,0.025000000000000001,0.5
2059.3000,  1.00000000,1,0,0.0,0.5
2059.3333,  1.00000000,1,0,0.0,0.5
2059.3667,  1.00000000,1,0,0.0,0.5
2059.4000,  1.00000000,1,0,0.0,0.5
2059.4333,  1.00000000,1,0,0.0,0.5
2059.4667,  1.00000000,1,0,0.0,0.5
2059.5000,  1.00000000,1,0,0.025000000000000001,0.5
2059.5333,  1.00000000,1,0,0.0,0.5
2059.5667,  1.00000000,1,0,0.0,0.5
2059.6000,  1.00000000,1,0,0.0,0.5
2059.6333,  1.00000000,1,0,0.025000000000000001,0.5
2059.6667,  1.00000000,1,0,0.0,0.5
2059.7000,  1.00000000,1,0,0.0,0.5
2059.7333,  1.00000000,1,0,0.0,0.5
2059.7667,  1.00000000,1,0,0.0,0.5
2059.8000,  1.00000000,1,0,0.0,0.5
2059.8333,  1.00000000,1,0,0.0,0.5
2059.8667,  1.00000000,1,0,0.0,0.5
2059.9000,  1.00000000,1,0,0.0,0.5
2059.9333,  1.00000000,1,0,0.0,0.5
2059.9667,  1.00000000,1,0,0.0,0.5
2060.0000,  1.00000000,1,0,0.0,0.5
2060.0333,  1.00000000,1,0,0.0,0.5
2060.0667,  1.00000000,1,0,0.0,0.5
2060.1000,  1.00000000,1,0,0.0,0.5
2060.1333,  1.00000000,1,0,0.0,0.5
2060.1667,  1.00000000,1,0,0.0,0.5
2060.2000,  1.00000000,1,0,0.0,0.5
2060.2333,  1.00000000,1,0,0.0,0.5
2060.2667,  1.00000000,1,0,0.0,0.5
2060.3000,  1.00000000,1,0,0.0,0.5
2060.3333,  1.00000000,1,0,0.0,0.5
2060.3667,  1.00000000,1,0,0.0,0.5
2060.4000,  1.00000000,1,0,0.0,0.5
2060.4333,  1.00000000,1,0,0.0,0.5
2060.4667,  1.00000000,1,0,0.0,0.5
2060.5000,  1.00000000,1,0,0.0,0.5
2060.5333,  1.00000000,1,0,0.0,0.5
2060.5667,  1.00000000,1,0,0.0,0.5
2060.6000,  1.00000000,1,0,0.0,0.5
2060.6333,  1.00000000,1,0,0.0,0.5
2060.6667,  1.00000000,1,0,0.0,0.5
2060.7000,  1.00000000,1,0,0.0,0.5
2060.7333,  1.00000000,1,0,0.025000000000000001,0.5
2060.7667,  1.00000000,1,0,0.0,0.5
2060.8000,  1.00000000,1,0,0.025000000000000001,0.5
2060.8333,  1.00000000,1,0,0.0,0.5
2060.8667,  1.00000000,1,0,0.0,0.5
2060.9000,  1.00000000,1,0,0.0,0.5
2060.9333,  1.00000000,1,0,0.0,0.5
2060.9667,  1.00000000,1,0,0.025000000000000001,0.5
2061.0000,  1.00000000,1,0,0.0,0.5
2061.0333,  1.00000000,1,0,0.025000000000000001,0.5
2061.0667,  1.00000000,1,0,0.0,0.5
2061.1000,  1.00000000,1,0,0.0,0.5
2061.1333,  1.00000000,1,0,0.0,0.5
2061.1667,  1.00000000,1,0,0.0,0.5
2061.2000,  1.00000000,1,0,0.0,0.5
2061.2333,  1.00000000,1,0,0.0,0.5
2061.2667,  1.00000000,1,0,0.0,0.5
2061.3000,  1.00000000,1,0,0.0,0.5
2061.3333,  1.00000000,1,0,0.0,0.5
2061.3667,  1.00000000,1,0,0.0,0.5
2061.4000,  1.00000000,1,0,0.0,0.5
2061.4333,  1.00000000,1,0,0.0,0.5
2061.4667,  1.00000000,1,0,0.0,0.5
2061.5000,  1.00000000,1,0,0.0,0.5
2061.5333,  1.00000000,1,0,0.0,0.5
2061.5667,  1.00000000,1,0,0.0,0.5
2061.6000,  1.00000000,1,0,0.0,0.5
2061.6333,  1.00000000,1,0,0.0,0.5
2061.6667,  1.00000000,1,0,0.0,0.5
2061.7000,  1.00000000,1,0,0.0,0.5
2061.7333,  1.00000000,1,0,0.0,0.5
2061.7667,  1.00000000,1,0,0.0,0.5
2061.8000,  1.00000000,1,0,0.0,0.5
2061.8333,  1.00000000,1,0,0.0,0.5
2061.8667,  1.00000000,1,0,0.0,0.5
2061.9000,  1.00000000,1,0,0.0,0.5
2061.9333,  1.00000000,1,0,0.0,0.5
2061.9667,  1.00000000,1,0,0.025000000000000001,0.5
2062.0000,  1.00000000,1,0,0.0,0.5
2062.0333,  1.00000000,1,0,0.025000000000000001,0.5
2062.0667,  1.00000000,1,0,0.0,0.5
2062.1000,  1.00000000,1,0,0.0,0.5
2062.1333,  1.00000000,1,0,0.0,0.5
2062.1667,  1.00000000,1,0,0.0,0.5
2062.2000,  1.00000000,1,0,0.0,0.5
2062.2333,  1.00000000,1,0,0.0,0.5
2062.2667,  1.00000000,1,0,0.025000000000000001,0.5
2062.3000,  1.00000000,1,0,0.0,0.5
2062.3333,  1.00000000,1,0,0.0,0.5
2062.3667,  1.00000000,1,0,0.025000000000000001,0.5
2062.4000,  1.00000000,1,0,0.0,0.5
2062.4333,  1.00000000,1,0,0.0,0.5
2062.4667,  1.00000000,1,0,0.0,0.5
2062.5000,  1.00000000,1,0,0.0,0.5
2062.5333,  1.00000000,1,0,0.0,0.5
2062.5667,  1.00000000,1,0,0.0,0.5
2062.6000,  1.00000000,1,0,0.0,0.5
2062.6333,  1.00000000,1,0,0.0,0.5
2062.6667,  1.00000000,1,0,0.0,0.5
2062.7000,  1.00000000,1,0,0.0,0.5
2062.7333,  1.00000000,1,0,0.0,0.5
2062.7667,  1.00000000,1,0,0.0,0.5
2062.8000,  1.00000000,1,0,0.0,0.5
2062.8333,  1.00000000,1,0,0.0,0.5
2062.8667,  1.00000000,1,0,0.0,0.5
2062.9000,  1.00000000,1,0,0.0,0.5
2062.9333,  1.00000000,1,0,0.0,0.5
2062.9667,  1.00000000,1,0,0.0,0.5
2063.0000,  1.00000000,1,0,0.0,0.5
2063.0333,  1.00000000,1,0,0.0,0.5
2063.0667,  1.00000000,1,0,0.0,0.5
2063.1000,  1.00000000,1,0,0.0,0.5
2063.1333,  1.00000000,1,0,0.0,0.5
2063.1667,  1.00000000,1,0,0.0,0.5
2063.2000,  1.00000000,1,0,0.025000000000000001,0.5
2063.2333,  1.00000000,1,0,0.0,0.5
2063.2667,  1.00000000,1,0,0.0,0.5
2063.3000,  1.00000000,1,0,0.0,0.5
2063.3333,  1.00000000,1,0,0.0,0.5
2063.3667,  1.00000000,1,0,0.0,0.5
2063.4000,  1.00000000,1,0,0.0,0.5
2063.4333,  1.00000000,1,0,0.0,0.5
2063.4667,  1.00000000,1,0,0.0,0.5
2063.5000,  1.00000000,1,0,0.0,0.5
2063.5333,  1.00000000,1,0,0.0,0.5
2063.5667,  1.00000000,1,0,0.0,0.5
2063.6000,  1.00000000,1,0,0.0,0.5
2063.6333,  1.00000000,1,0,0.0,0.5
2063.6667,  1.00000000,1,0,0.0,0.5
2063.7000,  1.00000000,1,0,0.0,0.5
2063.7333,  1.00000000,1,0,0.0,0.5
2063.7667,  1.00000000,1,0,0.0,0.5
2063.8000,  1.00000000,1,0,0.0,0.5
2063.8333,  1.00000000,1,0,0.0,0.5
2063.8667,  1.00000000,1,0,0.0,0.5
2063.9000,  1.00000000,1,0,0.0,0.5
2063.9333,  1.00000000,1,0,0.0,0.5
2063.9667,  1.00000000,1,0,0.0,0.5
2064.0000,  1.00000000,1,0,0.0,0.5
2064.0333,  1.00000000,1,0,0.0,0.5
2064.0667,  1.00000000,1,0,0.0,0.5
2064.1000,  1.00000000,1,0,0.0,0.5
2064.1333,  1.00000000,1,0,0.0,0.5
2064.1667,  1.00000000,1,0,0.0,0.5
2064.2000,  1.00000000,1,0,0.0,0.5
2064.2333,  1.00000000,1,0,0.0,0.5
2064.2667,  1.00000000,1,0,0.0,0.5
2064.3000,  1.00000000,1,0,0.0,0.5
2064.3333,  1.00000000,1,0,0.0,0.5
2064.3667,  1.00000000,1,0,0.0,0.5
2064.4000,  1.00000000,1,0,0.0,0.5
2064.4333,  1.00000000,1,0,0.0,0.5
2064.4667,  1.00000000,1,0,0.0,0.5
2064.5000,  1.00000000,1,0,0.0,0.5
2064.5333,  1.00000000,1,0,0.025000000000000001,0.5
2064.5667,  1.00000000,1,0,0.025000000000000001,0.5
2064.6000,  1.00000000,1,0,0.0,0.5
2064.6333,  1.00000000,1,0,0.0,0.5
2064.6667,  1.00000000,1,0,0.0,0.5
2064.7000,  1.00000000,1,0,0.0,0.5
2064.7333,  1.00000000,1,0,0.0,0.5
2064.7667,  1.00000000,1,0,0.0,0.5
2064.8000,  1.00000000,1,0,0.0,0.5
2064.8333,  1.00000000,1,0,0.0,0.5
2064.8667,  1.00000000,1,0,0.0,0.5
2064.9000,  1.00000000,1,0,0.0,0.5
2064.9333,  1.00000000,1,0,0.0,0.5
2064.9667,  1.00000000,1,0,0.0,0.5
2065.0000,  1.00000000,1,0,0.0,0.5
2065.0333,  1.00000000,1,0,0.025000000000000001,0.5
2065.0667,  1.00000000,1,0,0.0,0.5
2065.1000,  1.00000000,1,0,0.0,0.5
2065.1333,  1.00000000,1,0,0.0,0.5
2065.1667,  1.00000000,1,0,0.0,0.5
2065.2000,  1.00000000,1,0,0.0,0.5
2065.2333,  1.00000000,1,0,0.025000000000000001,0.5
2065.2667,  1.00000000,1,0,0.0,0.5
2065.3000,  1.00000000,1,0,0.0,0.5
2065.3333,  1.00000000,1,0,0.0,0.5
2065.3667,  1.00000000,1,0,0.0,0.5
2065.4000,  1.00000000,1,0,0.0,0.5
2065.4333,  1.00000000,1,0,0.0,0.5
2065.4667,  1.00000000,1,0,0.0,0.5
2065.5000,  1.00000000,1,0,0.0,0.5
2065.5333,  1.00000000,1,0,0.0,0.5
2065.5667,  1.00000000,1,0,0.0,0.5
2065.6000,  1.00000000,1,0,0.0,0.5
2065.6333,  1.00000000,1,0,0.0,0.5
2065.6667,  1.00000000,1,0,0.0,0.5
2065.7000,  1.00000000,1,0,0.0,0.5
2065.7333,  1.00000000,1,0,0.0,0.5
2065.7667,  1.00000000,1,0,0.0,0.5
2065.8000,  1.00000000,1,0,0.0,0.5
2065.8333,  1.00000000,1,0,0.0,0.5
2065.8667,  1.00000000,1,0,0.0,0.5
2065.9000,  1.00000000,1,0,0.0,0.5
2065.9333,  1.00000000,1,0,0.0,0.5
2065.9667,  1.00000000,1,0,0.0,0.5
2066.0000,  1.00000000,1,0,0.0,0.5
2066.0333,  1.00000000,1,0,0.0,0.5
2066.0667,  1.00000000,1,0,0.0,0.5
2066.1000,  1.00000000,1,0,0.0,0.5
2066.1333,  1.00000000,1,0,0.0,0.5
2066.1667,  1.00000000,1,0,0.0,0.5
2066.2000,  1.00000000,1,0,0.0,0.5
2066.2333,  1.00000000,1,0,0.0,0.5
2066.2667,  1.00000000,1,0,0.0,0.5
2066.3000,  1.00000000,1,0,0.0,0.5
2066.3333,  1.00000000,1,0,0.0,0.5
2066.3667,  1.00000000,1,0,0.0,0.5
2066.4000,  1.00000000,1,0,0.0,0.5
2066.4333,  1.00000000,1,0,0.0,0.5
2066.4667,  1.00000000,1,0,0.025000000000000001,0.5
2066.5000,  1.00000000,1,0,0.0,0.5
2066.5333,  1.00000000,1,0,0.0,0.5
2066.5667,  1.00000000,1,0,0.0,0.5
2066.6000,  1.00000000,1,0,0.0,0.5
2066.6333,  1.00000000,1,0,0.0,0.5
2066.6667,  1.00000000,1,0,0.0,0.5
2066.7000,  1.00000000,1,0,0.0,0.5
2066.7333,  1.00000000,1,0,0.0,0.5
2066.7667,  1.00000000,1,0,0.0,0.5
2066.8000,  1.00000000,1,0,0.0,0.5
2066.8333,  1.00000000,1,0,0.0,0.5
2066.8667,  1.00000000,1,0,0.0,0.5
2066.9000,  1.00000000,1,0,0.0,0.5
2066.9333,  1.00000000,1,0,0.0,0.5
2066.9667,  1.00000000,1,0,0.0,0.5
2067.0000,  1.00000000,1,0,0.025000000000000001,0.5
2067.0333,  1.00000000,1,0,0.025000000000000001,0.5
2067.0667,  1.00000000,1,0,0.0,0.5
2067.1000,  1.00000000,1,0,0.0,0.5
2067.1333,  1.00000000,1,0,0.0,0.5
2067.1667,  1.00000000,1,0,0.0,0.5
2067.2000,  1.00000000,1,0,0.0,0.5
2067.2333,  1.00000000,1,0,0.0,0.5
2067.2667,  1.00000000,1,0,0.0,0.5
2067.3000,  1.00000000,1,0,0.0,0.5
2067.3333,  1.00000000,1,0,0.0,0.5
2067.3667,  1.00000000,1,0,0.0,0.5
2067.4000,  1.00000000,1,0,0.0,0.5
2067.4333,  1.00000000,1,0,0.0,0.5
2067.4667,  1.00000000,1,0,0.0,0.5
2067.5000,  1.00000000,1,0,0.0,0.5
2067.5333,  1.00000000,1,0,0.0,0.5
2067.5667,  1.00000000,1,0,0.0,0.5
2067.6000,  1.00000000,1,0,0.0,0.5
2067.6333,  1.00000000,1,0,0.0,0.5
2067.6667,  1.00000000,1,0,0.0,0.5
2067.7000,  1.00000000,1,0,0.0,0.5
2067.7333,  1.00000000,1,0,0.0,0.5
2067.7667,  1.00000000,1,0,0.0,0.5
2067.8000,  1.00000000,1,0,0.0,0.5
2067.8333,  1.00000000,1,0,0.0,0.5
2067.8667,  1.00000000,1,0,0.025000000000000001,0.5
2067.9000,  1.00000000,1,0,0.0,0.5
2067.9333,  1.00000000,1,0,0.0,0.5
2067.9667,  1.00000000,1,0,0.0,0.5
2068.0000,  1.00000000,1,0,0.0,0.5
2068.0333,  1.00000000,1,0,0.0,0.5
2068.0667,  1.00000000,1,0,0.0,0.5
2068.1000,  1.00000000,1,0,0.0,0.5
2068.1333,  1.00000000,1,0,0.0,0.5
2068.1667,  1.00000000,1,0,0.0,0.5
2068.2000,  1.00000000,1,0,0.025000000000000001,0.5
2068.2333,  1.00000000,1,0,0.0,0.5
2068.2667,  1.00000000,1,0,0.0,0.5
2068.3000,  1.00000000,1,0,0.0,0.5
2068.3333,  1.00000000,1,0,0.0,0.5
2068.3667,  1.00000000,1,0,0.0,0.5
2068.4000,  1.00000000,1,0,0.0,0.5
2068.4333,  1.00000000,1,0,0.025000000000000001,0.5
2068.4667,  1.00000000,1,0,0.0,0.5
2068.5000,  1.00000000,1,0,0.0,0.5
2068.5333,  1.00000000,1,0,0.0,0.5
2068.5667,  1.00000000,1,0,0.0,0.5
2068.6000,  1.00000000,1,0,0.0,0.5
2068.6333,  1.00000000,1,0,0.0,0.5
2068.6667,  1.00000000,1,0,0.0,0.5
2068.7000,  1.00000000,1,0,0.0,0.5
2068.7333,  1.00000000,1,0,0.0,0.5
2068.7667,  1.00000000,1,0,0.0,0.5
2068.8000,  1.00000000,1,0,0.025000000000000001,0.5
2068.8333,  1.00000000,1,0,0.0,0.5
2068.8667,  1.00000000,1,0,0.050000000000000003,0.5
2068.9000,  1.00000000,1,0,0.0,0.5
2068.9333,  1.00000000,1,0,0.0,0.5
2068.9667,  1.00000000,1,0,0.0,0.5
2069.0000,  1.00000000,1,0,0.0,0.5
2069.0333,  1.00000000,1,0,0.0,0.5
2069.0667,  1.00000000,1,0,0.0,0.5
2069.1000,  1.00000000,1,0,0.0,0.5
2069.1333,  1.00000000,1,0,0.0,0.5
2069.1667,  1.00000000,1,0,0.0,0.5
2069.2000,  1.00000000,1,0,0.0,0.5
2069.2333,  1.00000000,1,0,0.0,0.5
2069.2667,  1.00000000,1,0,0.0,0.5
2069.3000,  1.00000000,1,0,0.0,0.5
2069.3333,  1.00000000,1,0,0.025000000000000001,0.5
2069.3667,  1.00000000,1,0,0.0,0.5
2069.4000,  1.00000000,1,0,0.0,0.5
2069.4333,  1.00000000,1,0,0.0,0.5
2069.4667,  1.00000000,1,0,0.0,0.5
2069.5000,  1.00000000,1,0,0.0,0.5
2069.5333,  1.00000000,1,0,0.0,0.5
2069.5667,  1.00000000,1,0,0.0,0.5
2069.6000,  1.00000000,1,0,0.025000000000000001,0.5
2069.6333,  1.00000000,1,0,0.0,0.5
2069.6667,  1.00000000,1,0,0.025000000000000001,0.5
2069.7000,  1.00000000,1,0,0.025000000000000001,0.5
2069.7333,  1.00000000,1,0,0.0,0.5
2069.7667,  1.00000000,1,0,0.0,0.5
2069.8000,  1.00000000,1,0,0.0,0.5
2069.8333,  1.00000000,1,0,0.0,0.5
2069.8667,  1.00000000,1,0,0.0,0.5
2069.9000,  1.00000000,1,0,0.0,0.5
2069.9333,  1.00000000,1,0,0.0,0.5
2069.9667,  1.00000000,1,0,0.0,0.5
2070.0000,  1.00000000,1,0,0.0,0.5
2070.0333,  1.00000000,1,0,0.0,0.5
2070.0667,  1.00000000,1,0,0.0,0.5
2070.1000,  1.00000000,1,0,0.0,0.5
2070.1333,  1.00000000,1,0,0.0,0.5
2070.1667,  1.00000000,1,0,0.0,0.5
2070.2000,  1.00000000,1,0,0.0,0.5
2070.2333,  1.00000000,1,0,0.0,0.5
2070.2667,  1.00000000,1,0,0.0,0.5
2070.3000,  1.00000000,1,0,0.0,0.5
2070.3333,  1.00000000,1,0,0.025000000000000001,0.5
2070.3667,  1.00000000,1,0,0.0,0.5
2070.4000,  1.00000000,1,0,0.0,0.5
2070.4333,  1.00000000,1,0,0.025000000000000001,0.5
2070.4667,  1.00000000,1,0,0.0,0.5
2070.5000,  1.00000000,1,0,0.0,0.5
2070.5333,  1.00000000,1,0,0.0,0.5
2070.5667,  1.00000000,1,0,0.025000000000000001,0.5
2070.6000,  1.00000000,1,0,0.0,0.5
2070.6333,  1.00000000,1,0,0.025000000000000001,0.5
2070.6667,  1.00000000,1,0,0.0,0.5
2070.7000,  1.00000000,1,0,0.0,0.5
2070.7333,  1.00000000,1,0,0.0,0.5
2070.7667,  1.00000000,1,0,0.0,0.5
2070.8000,  1.00000000,1,0,0.0,0.5
2070.8333,  1.00000000,1,0,0.0,0.5
2070.8667,  1.00000000,1,0,0.0,0.5
2070.9000,  1.00000000,1,0,0.0,0.5
2070.9333,  1.00000000,1,0,0.025000000000000001,0.5
2070.9667,  1.00000000,1,0,0.025000000000000001,0.5
2071.0000,  1.00000000,1,0,0.0,0.5
2071.0333,  1.00000000,1,0,0.0,0.5
2071.0667,  1.00000000,1,0,0.0,0.5
2071.1000,  1.00000000,1,0,0.0,0.5
2071.1333,  1.00000000,1,0,0.0,0.5
2071.1667,  1.00000000,1,0,0.0,0.5
2071.2000,  1.00000000,1,0,0.0,0.5
2071.2333,  1.00000000,1,0,0.0,0.5
2071.2667,  1.00000000,1,0,0.0,0.5
2071.3000,  1.00000000,1,0,0.0,0.5
2071.3333,  1.00000000,1,0,0.0,0.5
2071.3667,  1.00000000,1,0,0.0,0.5
2071.4000,  1.00000000,1,0,0.0,0.5
2071.4333,  1.00000000,1,0,0.0,0.5
2071.4667,  1.00000000,1,0,0.0,0.5
2071.5000,  1.00000000,1,0,0.0,0.5
2071.5333,  1.00000000,1,0,0.025000000000000001,0.5
2071.5667,  1.00000000,1,0,0.0,0.5
2071.6000,  1.00000000,1,0,0.0,0.5
2071.6333,  1.00000000,1,0,0.0,0.5
2071.6667,  1.00000000,1,0,0.0,0.5
2071.7000,  1.00000000,1,0,0.0,0.5
2071.7333,  1.00000000,1,0,0.0,0.5
2071.7667,  1.00000000,1,0,0.0,0.5
2071.8000,  1.00000000,1,0,0.0,0.5
2071.8333,  1.00000000,1,0,0.0,0.5
2071.8667,  1.00000000,1,0,0.0,0.5
2071.9000,  1.00000000,1,0,0.0,0.5
2071.9333,  1.00000000,1,0,0.0,0.5
2071.9667,  1.00000000,1,0,0.0,0.5
2072.0000,  1.00000000,1,0,0.025000000000000001,0.5
2072.0333,  1.00000000,1,0,0.0,0.5
2072.0667,  1.00000000,1,0,0.0,0.5
2072.1000,  1.00000000,1,0,0.0,0.5
2072.1333,  1.00000000,1,0,0.0,0.5
2072.1667,  1.00000000,1,0,0.0,0.5
2072.2000,  1.00000000,1,0,0.0,0.5
2072.2333,  1.00000000,1,0,0.0,0.5
2072.2667,  1.00000000,1,0,0.0,0.5
2072.3000,  1.00000000,1,0,0.0,0.5
2072.3333,  1.00000000,1,0,0.025000000000000001,0.5
2072.3667,  1.00000000,1,0,0.0,0.5
2072.4000,  1.00000000,1,0,0.0,0.5
2072.4333,  1.00000000,1,0,0.025000000000000001,0.5
2072.4667,  1.00000000,1,0,0.0,0.5
2072.5000,  1.00000000,1,0,0.0,0.5
2072.5333,  1.00000000,1,0,0.0,0.5
2072.5667,  1.00000000,1,0,0.025000000000000001,0.5
2072.6000,  1.00000000,1,0,0.0,0.5
2072.6333,  1.00000000,1,0,0.0,0.5
2072.6667,  1.00000000,1,0,0.0,0.5
2072.7000,  1.00000000,1,0,0.0,0.5
2072.7333,  1.00000000,1,0,0.025000000000000001,0.5
2072.7667,  1.00000000,1,0,0.0,0.5
2072.8000,  1.00000000,1,0,0.025000000000000001,0.5
2072.8333,  1.00000000,1,0,0.0,0.5
2072.8667,  1.00000000,1,0,0.0,0.5
2072.9000,  1.00000000,1,0,0.0,0.5
2072.9333,  1.00000000,1,0,0.0,0.5
2072.9667,  1.00000000,1,0,0.0,0.5
2073.0000,  1.00000000,1,0,0.0,0.5
2073.0333,  1.00000000,1,0,0.0,0.5
2073.0667,  1.00000000,1,0,0.0,0.5
2073.1000,  1.00000000,1,0,0.0,0.5
2073.1333,  1.00000000,1,0,0.0,0.5
2073.1667,  1.00000000,1,0,0.0,0.5
2073.2000,  1.00000000,1,0,0.0,0.5
2073.2333,  1.00000000,1,0,0.0,0.5
2073.2667,  1.00000000,1,0,0.0,0.5
2073.3000,  1.00000000,1,0,0.0,0.5
2073.3333,  1.00000000,1,0,0.0,0.5
2073.3667,  1.00000000,1,0,0.0,0.5
2073.4000,  1.00000000,1,0,0.0,0.5
2073.4333,  1.00000000,1,0,0.0,0.5
2073.4667,  1.00000000,1,0,0.025000000000000001,0.5
2073.5000,  1.00000000,1,0,0.0,0.5
2073.5333,  1.00000000,1,0,0.0,0.5
2073.5667,  1.00000000,1,0,0.0,0.5
2073.6000,  1.00000000,1,0,0.0,0.5
2073.6333,  1.00000000,1,0,0.0,0.5
2073.6667,  1.00000000,1,0,0.0,0.5
2073.7000,  1.00000000,1,0,0.0,0.5
2073.7333,  1.00000000,1,0,0.0,0.5
2073.7667,  1.00000000,1,0,0.0,0.5
2073.8000,  1.00000000,1,0,0.0,0.5
2073.8333,  1.00000000,1,0,0.0,0.5
2073.8667,  1.00000000,1,0,0.0,0.5
2073.9000,  1.00000000,1,0,0.0,0.5
2073.9333,  1.00000000,1,0,0.0,0.5
2073.9667,  1.00000000,1,0,0.0,0.5
2074.0000,  1.00000000,1,0,0.0,0.5
2074.0333,  1.00000000,1,0,0.0,0.5
2074.0667,  1.00000000,1,0,0.0,0.5
2074.1000,  1.00000000,1,0,0.0,0.5
2074.1333,  1.00000000,1,0,0.0,0.5
2074.1667,  1.00000000,1,0,0.0,0.5
2074.2000,  1.00000000,1,0,0.0,0.5
2074.2333,  1.00000000,1,0,0.0,0.5
2074.2667,  1.00000000,1,0,0.025000000000000001,0.5
2074.3000,  1.00000000,1,0,0.0,0.5
2074.3333,  1.00000000,1,0,0.0,0.5
2074.3667,  1.00000000,1,0,0.050000000000000003,0.5
2074.4000,  1.00000000,1,0,0.0,0.5
2074.4333,  1.00000000,1,0,0.0,0.5
2074.4667,  1.00000000,1,0,0.0,0.5
2074.5000,  1.00000000,1,0,0.0,0.5
2074.5333,  1.00000000,1,0,0.0,0.5
2074.5667,  1.00000000,1,0,0.0,0.5
2074.6000,  1.00000000,1,0,0.0,0.5
2074.6333,  1.00000000,1,0,0.0,0.5
2074.6667,  1.00000000,1,0,0.0,0.5
2074.7000,  1.00000000,1,0,0.0,0.5
2074.7333,  1.00000000,1,0,0.0,0.5
2074.7667,  1.00000000,1,0,0.0,0.5
2074.8000,  1.00000000,1,0,0.0,0.5
2074.8333,  1.00000000,1,0,0.0,0.5
2074.8667,  1.00000000,1,0,0.0,0.5
2074.9000,  1.00000000,1,0,0.0,0.5
2074.9333,  1.00000000,1,0,0.0,0.5
2074.9667,  1.00000000,1,0,0.0,0.5
2075.0000,  1.00000000,1,0,0.0,0.5
2075.0333,  1.00000000,1,0,0.0,0.5
2075.0667,  1.00000000,1,0,0.0,0.5
2075.1000,  1.00000000,1,0,0.0,0.5
2075.1333,  1.00000000,1,0,0.0,0.5
2075.1667,  1.00000000,1,0,0.0,0.5
2075.2000,  1.00000000,1,0,0.0,0.5
2075.2333,  1.00000000,1,0,0.0,0.5
2075.2667,  1.00000000,1,0,0.0,0.5
2075.3000,  1.00000000,1,0,0.0,0.5
2075.3333,  1.00000000,1,0,0.0,0.5
2075.3667,  1.00000000,1,0,0.025000000000000001,0.5
2075.4000,  1.00000000,1,0,0.0,0.5
2075.4333,  1.00000000,1,0,0.0,0.5
2075.4667,  1.00000000,1,0,0.0,0.5
2075.5000,  1.00000000,1,0,0.0,0.5
2075.5333,  1.00000000,1,0,0.0,0.5
2075.5667,  1.00000000,1,0,0.0,0.5
2075.6000,  1.00000000,1,0,0.0,0.5
2075.6333,  1.00000000,1,0,0.0,0.5
2075.6667,  1.00000000,1,0,0.0,0.5
2075.7000,  1.00000000,1,0,0.0,0.5
2075.7333,  1.00000000,1,0,0.0,0.5
2075.7667,  1.00000000,1,0,0.0,0.5
2075.8000,  1.00000000,1,0,0.0,0.5
2075.8333,  1.00000000,1,0,0.0,0.5
2075.8667,  1.00000000,1,0,0.0,0.5
2075.9000,  1.00000000,1,0,0.0,0.5
2075.9333,  1.00000000,1,0,0.0,0.5
2075.9667,  1.00000000,1,0,0.0,0.5
2076.0000,  1.00000000,1,0,0.0,0.5
2076.0333,  1.00000000,1,0,0.0,0.5
2076.0667,  1.00000000,1,0,0.0,0.5
2076.1000,  1.00000000,1,0,0.0,0.5
2076.1333,  1.00000000,1,0,0.0,0.5
2076.1667,  1.00000000,1,0,0.0,0.5
2076.2000,  1.00000000,1,0,0.0,0.5
2076.2333,  1.00000000,1,0,0.0,0.5
2076.2667,  1.00000000,1,0,0.0,0.5
2076.3000,  1.00000000,1,0,0.0,0.5
2076.3333,  1.00000000,1,0,0.0,0.5
2076.3667,  1.00000000,1,0,0.0,0.5
2076.4000,  1.00000000,1,0,0.0,0.5
2076.4333,  1.00000000,1,0,0.0,0.5
2076.4667,  1.00000000,1,0,0.0,0.5
2076.5000,  1.00000000,1,0,0.025000000000000001,0.5
2076.5333,  1.00000000,1,0,0.0,0.5
2076.5667,  1.00000000,1,0,0.0,0.5
2076.6000,  1.00000000,1,0,0.0,0.5
2076.6333,  1.00000000,1,0,0.0,0.5
2076.6667,  1.00000000,1,0,0.0,0.5
2076.7000,  1.00000000,1,0,0.0,0.5
2076.7333,  1.00000000,1,0,0.0,0.5
2076.7667,  1.00000000,1,0,0.0,0.5
2076.8000,  1.00000000,1,0,0.0,0.5
2076.8333,  1.00000000,1,0,0.0,0.5
2076.8667,  1.00000000,1,0,0.0,0.5
2076.9000,  1.00000000,1,0,0.0,0.5
2076.9333,  1.00000000,1,0,0.0,0.5
2076.9667,  1.00000000,1,0,0.0,0.5
2077.0000,  1.00000000,1,0,0.0,0.5
2077.0333,  1.00000000,1,0,0.0,0.5
2077.0667,  1.00000000,1,0,0.0,0.5
2077.1000,  1.00000000,1,0,0.0,0.5
2077.1333,  1.00000000,1,0,0.0,0.5
2077.1667,  1.00000000,1,0,0.0,0.5
2077.2000,  1.00000000,1,0,0.0,0.5
2077.2333,  1.00000000,1,0,0.0,0.5
2077.2667,  1.00000000,1,0,0.0,0.5
2077.3000,  1.00000000,1,0,0.0,0.5
2077.3333,  1.00000000,1,0,0.0,0.5
2077.3667,  1.00000000,1,0,0.0,0.5
2077.4000,  1.00000000,1,0,0.025000000000000001,0.5
2077.4333,  1.00000000,1,0,0.0,0.5
2077.4667,  1.00000000,1,0,0.0,0.5
2077.5000,  1.00000000,1,0,0.0,0.5
2077.5333,  1.00000000,1,0,0.0,0.5
2077.5667,  1.00000000,1,0,0.0,0.5
2077.6000,  1.00000000,1,0,0.0,0.5
2077.6333,  1.00000000,1,0,0.0,0.5
2077.6667,  1.00000000,1,0,0.025000000000000001,0.5
2077.7000,  1.00000000,1,0,0.0,0.5
2077.7333,  1.00000000,1,0,0.0,0.5
2077.7667,  1.00000000,1,0,0.0,0.5
2077.8000,  1.00000000,1,0,0.025000000000000001,0.5
2077.8333,  1.00000000,1,0,0.0,0.5
2077.8667,  1.00000000,1,0,0.0,0.5
2077.9000,  1.00000000,1,0,0.0,0.5
2077.9333,  1.00000000,1,0,0.0,0.5
2077.9667,  1.00000000,1,0,0.025000000000000001,0.5
2078.0000,  1.00000000,1,0,0.025000000000000001,0.5
2078.0333,  1.00000000,1,0,0.0,0.5
2078.0667,  1.00000000,1,0,0.025000000000000001,0.5
2078.1000,  1.00000000,1,0,0.0,0.5
2078.1333,  1.00000000,1,0,0.0,0.5
2078.1667,  1.00000000,1,0,0.0,0.5
2078.2000,  1.00000000,1,0,0.0,0.5
2078.2333,  1.00000000,1,0,0.0,0.5
2078.2667,  1.00000000,1,0,0.0,0.5
2078.3000,  1.00000000,1,0,0.0,0.5
2078.3333,  1.00000000,1,0,0.0,0.5
2078.3667,  1.00000000,1,0,0.0,0.5
2078.4000,  1.00000000,1,0,0.0,0.5
2078.4333,  1.00000000,1,0,0.0,0.5
2078.4667,  1.00000000,1,0,0.025000000000000001,0.5
2078.5000,  1.00000000,1,0,0.0,0.5
2078.5333,  1.00000000,1,0,0.0,0.5
2078.5667,  1.00000000,1,0,0.0,0.5
2078.6000,  1.00000000,1,0,0.025000000000000001,0.5
2078.6333,  1.00000000,1,0,0.0,0.5
2078.6667,  1.00000000,1,0,0.0,0.5
2078.7000,  1.00000000,1,0,0.0,0.5
2078.7333,  1.00000000,1,0,0.0,0.5
2078.7667,  1.00000000,1,0,0.0,0.5
2078.8000,  1.00000000,1,0,0.0,0.5
2078.8333,  1.00000000,1,0,0.0,0.5
2078.8667,  1.00000000,1,0,0.0,0.5
2078.9000,  1.00000000,1,0,0.0,0.5
2078.9333,  1.00000000,1,0,0.025000000000000001,0.5
2078.9667,  1.00000000,1,0,0.025000000000000001,0.5
2079.0000,  1.00000000,1,0,0.0,0.5
2079.0333,  1.00000000,1,0,0.0,0.5
2079.0667,  1.00000000,1,0,0.0,0.5
2079.1000,  1.00000000,1,0,0.0,0.5
2079.1333,  1.00000000,1,0,0.0,0.5
2079.1667,  1.00000000,1,0,0.0,0.5
2079.2000,  1.00000000,1,0,0.0,0.5
2079.2333,  1.00000000,1,0,0.0,0.5
2079.2667,  1.00000000,1,0,0.0,0.5
2079.3000,  1.00000000,1,0,0.0,0.5
2079.3333,  1.00000000,1,0,0.0,0.5
2079.3667,  1.00000000,1,0,0.025000000000000001,0.5
2079.4000,  1.00000000,1,0,0.0,0.5
2079.4333,  1.00000000,1,0,0.0,0.5
2079.4667,  1.00000000,1,0,0.0,0.5
2079.5000,  1.00000000,1,0,0.025000000000000001,0.5
2079.5333,  1.00000000,1,0,0.050000000000000003,0.5
2079.5667,  1.00000000,1,0,0.0,0.5
2079.6000,  1.00000000,1,0,0.0,0.5
2079.6333,  1.00000000,1,0,0.0,0.5
2079.6667,  1.00000000,1,0,0.0,0.5
2079.7000,  1.00000000,1,0,0.0,0.5
2079.7333,  1.00000000,1,0,0.0,0.5
2079.7667,  1.00000000,1,0,0.0,0.5
2079.8000,  1.00000000,1,0,0.0,0.5
2079.8333,  1.00000000,1,0,0.0,0.5
2079.8667,  1.00000000,1,0,0.025000000000000001,0.5
2079.9000,  1.00000000,1,0,0.0,0.5
2079.9333,  1.00000000,1,0,0.0,0.5
2079.9667,  1.00000000,1,0,0.025000000000000001,0.5
2080.0000,  1.00000000,1,0,0.0,0.5
2080.0333,  1.00000000,1,0,0.0,0.5
2080.0667,  1.00000000,1,0,0.0,0.5
2080.1000,  1.00000000,1,0,0.0,0.5
2080.1333,  1.00000000,1,0,0.0,0.5
2080.1667,  1.00000000,1,0,0.0,0.5
2080.2000,  1.00000000,1,0,0.025000000000000001,0.5
2080.2333,  1.00000000,1,0,0.025000000000000001,0.5
2080.2667,  1.00000000,1,0,0.025000000000000001,0.5
2080.3000,  1.00000000,1,0,0.0,0.5
2080.3333,  1.00000000,1,0,0.0,0.5
2080.3667,  1.00000000,1,0,0.0,0.5
2080.4000,  1.00000000,1,0,0.0,0.5
2080.4333,  1.00000000,1,0,0.0,0.5
2080.4667,  1.00000000,1,0,0.0,0.5
2080.5000,  1.00000000,1,0,0.0,0.5
2080.5333,  1.00000000,1,0,0.0,0.5
2080.5667,  1.00000000,1,0,0.025000000000000001,0.5
2080.6000,  1.00000000,1,0,0.0,0.5
2080.6333,  1.00000000,1,0,0.0,0.5
2080.6667,  1.00000000,1,0,0.0,0.5
2080.7000,  1.00000000,1,0,0.025000000000000001,0.5
2080.7333,  1.00000000,1,0,0.0,0.5
2080.7667,  1.00000000,1,0,0.0,0.5
2080.8000,  1.00000000,1,0,0.0,0.5
2080.8333,  1.00000000,1,0,0.025000000000000001,0.5
2080.8667,  1.00000000,1,0,0.0,0.5
2080.9000,  1.00000000,1,0,0.0,0.5
2080.9333,  1.00000000,1,0,0.025000000000000001,0.5
2080.9667,  1.00000000,1,0,0.0,0.5
2081.0000,  1.00000000,1,0,0.0,0.5
2081.0333,  1.00000000,1,0,0.050000000000000003,0.5
2081.0667,  1.00000000,1,0,0.0,0.5
2081.1000,  1.00000000,1,0,0.025000000000000001,0.5
2081.1333,  1.00000000,1,0,0.0,0.5
2081.1667,  1.00000000,1,0,0.025000000000000001,0.5
2081.2000,  1.00000000,1,0,0.0,0.5
2081.2333,  1.00000000,1,0,0.0,0.5
2081.2667,  1.00000000,1,0,0.0,0.5
2081.3000,  1.00000000,1,0,0.0,0.5
2081.3333,  1.00000000,1,0,0.0,0.5
2081.3667,  1.00000000,1,0,0.025000000000000001,0.5
2081.4000,  1.00000000,1,0,0.0,0.5
2081.4333,  1.00000000,1,0,0.0,0.5
2081.4667,  1.00000000,1,0,0.0,0.5
2081.5000,  1.00000000,1,0,0.0,0.5
2081.5333,  1.00000000,1,0,0.0,0.5
2081.5667,  1.00000000,1,0,0.0,0.5
2081.6000,  1.00000000,1,0,0.025000000000000001,0.5
2081.6333,  1.00000000,1,0,0.0,0.5
2081.6667,  1.00000000,1,0,0.0,0.5
2081.7000,  1.00000000,1,0,0.0,0.5
2081.7333,  1.00000000,1,0,0.0,0.5
2081.7667,  1.00000000,1,0,0.0,0.5
2081.8000,  1.00000000,1,0,0.0,0.5
2081.8333,  1.00000000,1,0,0.0,0.5
2081.8667,  1.00000000,1,0,0.025000000000000001,0.5
2081.9000,  1.00000000,1,0,0.0,0.5
2081.9333,  1.00000000,1,0,0.0,0.5
2081.9667,  1.00000000,1,0,0.025000000000000001,0.5
2082.0000,  1.00000000,1,0,0.0,0.5
2082.0333,  1.00000000,1,0,0.0,0.5
2082.0667,  1.00000000,1,0,0.0,0.5
2082.1000,  1.00000000,1,0,0.0,0.5
2082.1333,  1.00000000,1,0,0.0,0.5
2082.1667,  1.00000000,1,0,0.0,0.5
2082.2000,  1.00000000,1,0,0.0,0.5
2082.2333,  1.00000000,1,0,0.025000000000000001,0.5
2082.2667,  1.00000000,1,0,0.025000000000000001,0.5
2082.3000,  1.00000000,1,0,0.0,0.5
2082.3333,  1.00000000,1,0,0.0,0.5
2082.3667,  1.00000000,1,0,0.025000000000000001,0.5
2082.4000,  1.00000000,1,0,0.0,0.5
2082.4333,  1.00000000,1,0,0.0,0.5
2082.4667,  1.00000000,1,0,0.025000000000000001,0.5
2082.5000,  1.00000000,1,0,0.0,0.5
2082.5333,  1.00000000,1,0,0.0,0.5
2082.5667,  1.00000000,1,0,0.0,0.5
2082.6000,  1.00000000,1,0,0.0,0.5
2082.6333,  1.00000000,1,0,0.0,0.5
2082.6667,  1.00000000,1,0,0.0,0.5
2082.7000,  1.00000000,1,0,0.0,0.5
2082.7333,  1.00000000,1,0,0.0,0.5
2082.7667,  1.00000000,1,0,0.0,0.5
2082.8000,  1.00000000,1,0,0.0,0.5
2082.8333,  1.00000000,1,0,0.0,0.5
2082.8667,  1.00000000,1,0,0.0,0.5
2082.9000,  1.00000000,1,0,0.0,0.5
2082.9333,  1.00000000,1,0,0.0,0.5
2082.9667,  1.00000000,1,0,0.0,0.5
2083.0000,  1.00000000,1,0,0.0,0.5
2083.0333,  1.00000000,1,0,0.0,0.5
2083.0667,  1.00000000,1,0,0.0,0.5
2083.1000,  1.00000000,1,0,0.0,0.5
2083.1333,  1.00000000,1,0,0.0,0.5
2083.1667,  1.00000000,1,0,0.0,0.5
2083.2000,  1.00000000,1,0,0.0,0.5
2083.2333,  1.00000000,1,0,0.0,0.5
2083.2667,  1.00000000,1,0,0.0,0.5
2083.3000,  1.00000000,1,0,0.0,0.5
2083.3333,  1.00000000,1,0,0.0,0.5
2083.3667,  1.00000000,1,0,0.0,0.5
2083.4000,  1.00000000,1,0,0.0,0.5
2083.4333,  1.00000000,1,0,0.0,0.5
2083.4667,  1.00000000,1,0,0.0,0.5
2083.5000,  1.00000000,1,0,0.0,0.5
2083.5333,  1.00000000,1,0,0.0,0.5
2083.5667,  1.00000000,1,0,0.0,0.5
2083.6000,  1.00000000,1,0,0.0,0.5
2083.6333,  1.00000000,1,0,0.0,0.5
2083.6667,  1.00000000,1,0,0.0,0.5
2083.7000,  1.00000000,1,0,0.0,0.5
2083.7333,  1.00000000,1,0,0.0,0.5
2083.7667,  1.00000000,1,0,0.0,0.5
2083.8000,  1.00000000,1,0,0.0,0.5
2083.8333,  1.00000000,1,0,0.0,0.5
2083.8667,  1.00000000,1,0,0.0,0.5
2083.9000,  1.00000000,1,0,0.0,0.5
2083.9333,  1.00000000,1,0,0.0,0.5
2083.9667,  1.00000000,1,0,0.0,0.5
2084.0000,  1.00000000,1,0,0.025000000000000001,0.5
2084.0333,  1.00000000,1,0,0.0,0.5
2084.0667,  1.00000000,1,0,0.0,0.5
2084.1000,  1.00000000,1,0,0.0,0.5
2084.1333,  1.00000000,1,0,0.0,0.5
2084.1667,  1.00000000,1,0,0.025000000000000001,0.5
2084.2000,  1.00000000,1,0,0.025000000000000001,0.5
2084.2333,  1.00000000,1,0,0.0,0.5
2084.2667,  1.00000000,1,0,0.0,0.5
2084.3000,  1.00000000,1,0,0.0,0.5
2084.3333,  1.00000000,1,0,0.0,0.5
2084.3667,  1.00000000,1,0,0.025000000000000001,0.5
2084.4000,  1.00000000,1,0,0.0,0.5
2084.4333,  1.00000000,1,0,0.0,0.5
2084.4667,  1.00000000,1,0,0.0,0.5
2084.5000,  1.00000000,1,0,0.0,0.5
2084.5333,  1.00000000,1,0,0.0,0.5
2084.5667,  1.00000000,1,0,0.0,0.5
2084.6000,  1.00000000,1,0,0.025000000000000001,0.5
2084.6333,  1.00000000,1,0,0.0,0.5
2084.6667,  1.00000000,1,0,0.025000000000000001,0.5
2084.7000,  1.00000000,1,0,0.025000000000000001,0.5
2084.7333,  1.00000000,1,0,0.0,0.5
2084.7667,  1.00000000,1,0,0.0,0.5
2084.8000,  1.00000000,1,0,0.0,0.5
2084.8333,  1.00000000,1,0,0.0,0.5
2084.8667,  1.00000000,1,0,0.0,0.5
2084.9000,  1.00000000,1,0,0.025000000000000001,0.5
2084.9333,  1.00000000,1,0,0.0,0.5
2084.9667,  1.00000000,1,0,0.025000000000000001,0.5
2085.0000,  1.00000000,1,0,0.0,0.5
2085.0333,  1.00000000,1,0,0.0,0.5
2085.0667,  1.00000000,1,0,0.025000000000000001,0.5
2085.1000,  1.00000000,1,0,0.0,0.5
2085.1333,  1.00000000,1,0,0.0,0.5
2085.1667,  1.00000000,1,0,0.025000000000000001,0.5
2085.2000,  1.00000000,1,0,0.0,0.5
2085.2333,  1.00000000,1,0,0.0,0.5
2085.2667,  1.00000000,1,0,0.0,0.5
2085.3000,  1.00000000,1,0,0.025000000000000001,0.5
2085.3333,  1.00000000,1,0,0.0,0.5
2085.3667,  1.00000000,1,0,0.025000000000000001,0.5
2085.4000,  1.00000000,1,0,0.0,0.5
2085.4333,  1.00000000,1,0,0.0,0.5
2085.4667,  1.00000000,1,0,0.0,0.5
2085.5000,  1.00000000,1,0,0.025000000000000001,0.5
2085.5333,  1.00000000,1,0,0.0,0.5
2085.5667,  1.00000000,1,0,0.050000000000000003,0.5
2085.6000,  1.00000000,1,0,0.0,0.5
2085.6333,  1.00000000,1,0,0.0,0.5
2085.6667,  1.00000000,1,0,0.0,0.5
2085.7000,  1.00000000,1,0,0.0,0.5
2085.7333,  1.00000000,1,0,0.0,0.5
2085.7667,  1.00000000,1,0,0.025000000000000001,0.5
2085.8000,  1.00000000,1,0,0.0,0.5
2085.8333,  1.00000000,1,0,0.0,0.5
2085.8667,  1.00000000,1,0,0.0,0.5
2085.9000,  1.00000000,1,0,0.0,0.5
2085.9333,  1.00000000,1,0,0.0,0.5
2085.9667,  1.00000000,1,0,0.0,0.5
2086.0000,  1.00000000,1,0,0.025000000000000001,0.5
2086.0333,  1.00000000,1,0,0.0,0.5
2086.0667,  1.00000000,1,0,0.0,0.5
2086.1000,  1.00000000,1,0,0.0,0.5
2086.1333,  1.00000000,1,0,0.0,0.5
2086.1667,  1.00000000,1,0,0.0,0.5
2086.2000,  1.00000000,1,0,0.0,0.5
2086.2333,  1.00000000,1,0,0.0,0.5
2086.2667,  1.00000000,1,0,0.0,0.5
2086.3000,  1.00000000,1,0,0.0,0.5
2086.3333,  1.00000000,1,0,0.0,0.5
2086.3667,  1.00000000,1,0,0.0,0.5
2086.4000,  1.00000000,1,0,0.0,0.5
2086.4333,  1.00000000,1,0,0.0,0.5
2086.4667,  1.00000000,1,0,0.0,0.5
2086.5000,  1.00000000,1,0,0.025000000000000001,0.5
2086.5333,  1.00000000,1,0,0.0,0.5
2086.5667,  1.00000000,1,0,0.0,0.5
2086.6000,  1.00000000,1,0,0.0,0.5
2086.6333,  1.00000000,1,0,0.0,0.5
2086.6667,  1.00000000,1,0,0.0,0.5
2086.7000,  1.00000000,1,0,0.0,0.5
2086.7333,  1.00000000,1,0,0.025000000000000001,0.5
2086.7667,  1.00000000,1,0,0.0,0.5
2086.8000,  1.00000000,1,0,0.0,0.5
2086.8333,  1.00000000,1,0,0.0,0.5
2086.8667,  1.00000000,1,0,0.0,0.5
2086.9000,  1.00000000,1,0,0.0,0.5
2086.9333,  1.00000000,1,0,0.0,0.5
2086.9667,  1.00000000,1,0,0.0,0.5
2087.0000,  1.00000000,1,0,0.0,0.5
2087.0333,  1.00000000,1,0,0.025000000000000001,0.5
2087.0667,  1.00000000,1,0,0.025000000000000001,0.5
2087.1000,  1.00000000,1,0,0.0,0.5
2087.1333,  1.00000000,1,0,0.025000000000000001,0.5
2087.1667,  1.00000000,1,0,0.0,0.5
2087.2000,  1.00000000,1,0,0.0,0.5
2087.2333,  1.00000000,1,0,0.0,0.5
2087.2667,  1.00000000,1,0,0.0,0.5
2087.3000,  1.00000000,1,0,0.0,0.5
2087.3333,  1.00000000,1,0,0.0,0.5
2087.3667,  1.00000000,1,0,0.0,0.5
2087.4000,  1.00000000,1,0,0.0,0.5
2087.4333,  1.00000000,1,0,0.0,0.5
2087.4667,  1.00000000,1,0,0.0,0.5
2087.5000,  1.00000000,1,0,0.0,0.5
2087.5333,  1.00000000,1,0,0.0,0.5
2087.5667,  1.00000000,1,0,0.0,0.5
2087.6000,  1.00000000,1,0,0.0,0.5
2087.6333,  1.00000000,1,0,0.0,0.5
2087.6667,  1.00000000,1,0,0.0,0.5
2087.7000,  1.00000000,1,0,0.0,0.5
2087.7333,  1.00000000,1,0,0.0,0.5
2087.7667,  1.00000000,1,0,0.0,0.5
2087.8000,  1.00000000,1,0,0.0,0.5
2087.8333,  1.00000000,1,0,0.0,0.5
2087.8667,  1.00000000,1,0,0.0,0.5
2087.9000,  1.00000000,1,0,0.0,0.5
2087.9333,  1.00000000,1,0,0.0,0.5
2087.9667,  1.00000000,1,0,0.025000000000000001,0.5
2088.0000,  1.00000000,1,0,0.0,0.5
2088.0333,  1.00000000,1,0,0.0,0.5
2088.0667,  1.00000000,1,0,0.0,0.5
2088.1000,  1.00000000,1,0,0.0,0.5
2088.1333,  1.00000000,1,0,0.0,0.5
2088.1667,  1.00000000,1,0,0.0,0.5
2088.2000,  1.00000000,1,0,0.0,0.5
2088.2333,  1.00000000,1,0,0.0,0.5
2088.2667,  1.00000000,1,0,0.0,0.5
2088.3000,  1.00000000,1,0,0.0,0.5
2088.3333,  1.00000000,1,0,0.025000000000000001,0.5
2088.3667,  1.00000000,1,0,0.0,0.5
2088.4000,  1.00000000,1,0,0.0,0.5
2088.4333,  1.00000000,1,0,0.0,0.5
2088.4667,  1.00000000,1,0,0.0,0.5
2088.5000,  1.00000000,1,0,0.0,0.5
2088.5333,  1.00000000,1,0,0.0,0.5
2088.5667,  1.00000000,1,0,0.0,0.5
2088.6000,  1.00000000,1,0,0.0,0.5
2088.6333,  1.00000000,1,0,0.0,0.5
2088.6667,  1.00000000,1,0,0.0,0.5
2088.7000,  1.00000000,1,0,0.0,0.5
2088.7333,  1.00000000,1,0,0.0,0.5
2088.7667,  1.00000000,1,0,0.0,0.5
2088.8000,  1.00000000,1,0,0.0,0.5
2088.8333,  1.00000000,1,0,0.0,0.5
2088.8667,  1.00000000,1,0,0.0,0.5
2088.9000,  1.00000000,1,0,0.0,0.5
2088.9333,  1.00000000,1,0,0.0,0.5
2088.9667,  1.00000000,1,0,0.0,0.5
2089.0000,  1.00000000,1,0,0.0,0.5
2089.0333,  1.00000000,1,0,0.0,0.5
2089.0667,  1.00000000,1,0,0.0,0.5
2089.1000,  1.00000000,1,0,0.0,0.5
2089.1333,  1.00000000,1,0,0.0,0.5
2089.1667,  1.00000000,1,0,0.0,0.5
2089.2000,  1.00000000,1,0,0.0,0.5
2089.2333,  1.00000000,1,0,0.0,0.5
2089.2667,  1.00000000,1,0,0.0,0.5
2089.3000,  1.00000000,1,0,0.0,0.5
2089.3333,  1.00000000,1,0,0.0,0.5
2089.3667,  1.00000000,1,0,0.0,0.5
2089.4000,  1.00000000,1,0,0.0,0.5
2089.4333,  1.00000000,1,0,0.0,0.5
2089.4667,  1.00000000,1,0,0.025000000000000001,0.5
2089.5000,  1.00000000,1,0,0.0,0.5
2089.5333,  1.00000000,1,0,0.0,0.5
2089.5667,  1.00000000,1,0,0.0,0.5
2089.6000,  1.00000000,1,0,0.0,0.5
2089.6333,  1.00000000,1,0,0.025000000000000001,0.5
2089.6667,  1.00000000,1,0,0.0,0.5
2089.7000,  1.00000000,1,0,0.0,0.5
2089.7333,  1.00000000,1,0,0.0,0.5
2089.7667,  1.00000000,1,0,0.0,0.5
2089.8000,  1.00000000,1,0,0.0,0.5
2089.8333,  1.00000000,1,0,0.0,0.5
2089.8667,  1.00000000,1,0,0.0,0.5
2089.9000,  1.00000000,1,0,0.0,0.5
2089.9333,  1.00000000,1,0,0.0,0.5
2089.9667,  1.00000000,1,0,0.0,0.5
2090.0000,  1.00000000,1,0,0.0,0.5
2090.0333,  1.00000000,1,0,0.0,0.5
2090.0667,  1.00000000,1,0,0.0,0.5
2090.1000,  1.00000000,1,0,0.0,0.5
2090.1333,  1.00000000,1,0,0.0,0.5
2090.1667,  1.00000000,1,0,0.0,0.5
2090.2000,  1.00000000,1,0,0.0,0.5
2090.2333,  1.00000000,1,0,0.0,0.5
2090.2667,  1.00000000,1,0,0.0,0.5
2090.3000,  1.00000000,1,0,0.0,0.5
2090.3333,  1.00000000,1,0,0.0,0.5
2090.3667,  1.00000000,1,0,0.0,0.5
2090.4000,  1.00000000,1,0,0.0,0.5
2090.4333,  1.00000000,1,0,0.0,0.5
2090.4667,  1.00000000,1,0,0.0,0.5
2090.5000,  1.00000000,1,0,0.0,0.5
2090.5333,  1.00000000,1,0,0.0,0.5
2090.5667,  1.00000000,1,0,0.0,0.5
2090.6000,  1.00000000,1,0,0.0,0.5
2090.6333,  1.00000000,1,0,0.0,0.5
2090.6667,  1.00000000,1,0,0.0,0.5
2090.7000,  1.00000000,1,0,0.0,0.5
2090.7333,  1.00000000,1,0,0.0,0.5
2090.7667,  1.00000000,1,0,0.0,0.5
2090.8000,  1.00000000,1,0,0.0,0.5
2090.8333,  1.00000000,1,0,0.0,0.5
2090.8667,  1.00000000,1,0,0.0,0.5
2090.9000,  1.00000000,1,0,0.0,0.5
2090.9333,  1.00000000,1,0,0.0,0.5
2090.9667,  1.00000000,1,0,0.0,0.5
2091.0000,  1.00000000,1,0,0.0,0.5
2091.0333,  1.00000000,1,0,0.0,0.5
2091.0667,  1.00000000,1,0,0.0,0.5
2091.1000,  1.00000000,1,0,0.0,0.5
2091.1333,  1.00000000,1,0,0.0,0.5
2091.1667,  1.00000000,1,0,0.0,0.5
2091.2000,  1.00000000,1,0,0.0,0.5
2091.2333,  1.00000000,1,0,0.0,0.5
2091.2667,  1.00000000,1,0,0.0,0.5
2091.3000,  1.00000000,1,0,0.0,0.5
2091.3333,  1.00000000,1,0,0.0,0.5
2091.3667,  1.00000000,1,0,0.0,0.5
2091.4000,  1.00000000,1,0,0.0,0.5
2091.4333,  1.00000000,1,0,0.0,0.5
2091.4667,  1.00000000,1,0,0.0,0.5
2091.5000,  1.00000000,1,0,0.0,0.5
2091.5333,  1.00000000,1,0,0.0,0.5
2091.5667,  1.00000000,1,0,0.0,0.5
2091.6000,  1.00000000,1,0,0.0,0.5
2091.6333,  1.00000000,1,0,0.0,0.5
2091.6667,  1.00000000,1,0,0.0,0.5
2091.7000,  1.00000000,1,0,0.0,0.5
2091.7333,  1.00000000,1,0,0.0,0.5
2091.7667,  1.00000000,1,0,0.0,0.5
2091.8000,  1.00000000,1,0,0.0,0.5
2091.8333,  1.00000000,1,0,0.0,0.5
2091.8667,  1.00000000,1,0,0.0,0.5
2091.9000,  1.00000000,1,0,0.0,0.5
2091.9333,  1.00000000,1,0,0.025000000000000001,0.5
2091.9667,  1.00000000,1,0,0.0,0.5
2092.0000,  1.00000000,1,0,0.0,0.5
2092.0333,  1.00000000,1,0,0.0,0.5
2092.0667,  1.00000000,1,0,0.0,0.5
2092.1000,  1.00000000,1,0,0.0,0.5
2092.1333,  1.00000000,1,0,0.0,0.5
2092.1667,  1.00000000,1,0,0.0,0.5
2092.2000,  1.00000000,1,0,0.0,0.5
2092.2333,  1.00000000,1,0,0.0,0.5
2092.2667,  1.00000000,1,0,0.0,0.5
2092.3000,  1.00000000,1,0,0.0,0.5
2092.3333,  1.00000000,1,0,0.0,0.5
2092.3667,  1.00000000,1,0,0.0,0.5
2092.4000,  1.00000000,1,0,0.0,0.5
2092.4333,  1.00000000,1,0,0.0,0.5
2092.4667,  1.00000000,1,0,0.0,0.5
2092.5000,  1.00000000,1,0,0.0,0.5
2092.5333,  1.00000000,1,0,0.0,0.5
2092.5667,  1.00000000,1,0,0.0,0.5
2092.6000,  1.00000000,1,0,0.0,0.5
2092.6333,  1.00000000,1,0,0.0,0.5
2092.6667,  1.00000000,1,0,0.0,0.5
2092.7000,  1.00000000,1,0,0.0,0.5
2092.7333,  1.00000000,1,0,0.0,0.5
2092.7667,  1.00000000,1,0,0.0,0.5
2092.8000,  1.00000000,1,0,0.0,0.5
2092.8333,  1.00000000,1,0,0.0,0.5
2092.8667,  1.00000000,1,0,0.0,0.5
2092.9000,  1.00000000,1,0,0.025000000000000001,0.5
2092.9333,  1.00000000,1,0,0.0,0.5
2092.9667,  1.00000000,1,0,0.0,0.5
2093.0000,  1.00000000,1,0,0.0,0.5
2093.0333,  1.00000000,1,0,0.0,0.5
2093.0667,  1.00000000,1,0,0.0,0.5
2093.1000,  1.00000000,1,0,0.0,0.5
2093.1333,  1.00000000,1,0,0.0,0.5
2093.1667,  1.00000000,1,0,0.0,0.5
2093.2000,  1.00000000,1,0,0.0,0.5
2093.2333,  1.00000000,1,0,0.0,0.5
2093.2667,  1.00000000,1,0,0.0,0.5
2093.3000,  1.00000000,1,0,0.0,0.5
2093.3333,  1.00000000,1,0,0.0,0.5
2093.3667,  1.00000000,1,0,0.0,0.5
2093.4000,  1.00000000,1,0,0.0,0.5
2093.4333,  1.00000000,1,0,0.0,0.5
2093.4667,  1.00000000,1,0,0.0,0.5
2093.5000,  1.00000000,1,0,0.0,0.5
2093.5333,  1.00000000,1,0,0.0,0.5
2093.5667,  1.00000000,1,0,0.0,0.5
2093.6000,  1.00000000,1,0,0.025000000000000001,0.5
2093.6333,  1.00000000,1,0,0.0,0.5
2093.6667,  1.00000000,1,0,0.0,0.5
2093.7000,  1.00000000,1,0,0.0,0.5
2093.7333,  1.00000000,1,0,0.025000000000000001,0.5
2093.7667,  1.00000000,1,0,0.0,0.5
2093.8000,  1.00000000,1,0,0.0,0.5
2093.8333,  1.00000000,1,0,0.0,0.5
2093.8667,  1.00000000,1,0,0.0,0.5
2093.9000,  1.00000000,1,0,0.025000000000000001,0.5
2093.9333,  1.00000000,1,0,0.0,0.5
2093.9667,  1.00000000,1,0,0.025000000000000001,0.5
2094.0000,  1.00000000,1,0,0.0,0.5
2094.0333,  1.00000000,1,0,0.0,0.5
2094.0667,  1.00000000,1,0,0.0,0.5
2094.1000,  1.00000000,1,0,0.0,0.5
2094.1333,  1.00000000,1,0,0.0,0.5
2094.1667,  1.00000000,1,0,0.0,0.5
2094.2000,  1.00000000,1,0,0.0,0.5
2094.2333,  1.00000000,1,0,0.0,0.5
2094.2667,  1.00000000,1,0,0.0,0.5
2094.3000,  1.00000000,1,0,0.0,0.5
2094.3333,  1.00000000,1,0,0.0,0.5
2094.3667,  1.00000000,1,0,0.0,0.5
2094.4000,  1.00000000,1,0,0.0,0.5
2094.4333,  1.00000000,1,0,0.0,0.5
2094.4667,  1.00000000,1,0,0.0,0.5
2094.5000,  1.00000000,1,0,0.0,0.5
2094.5333,  1.00000000,1,0,0.0,0.5
2094.5667,  1.00000000,1,0,0.0,0.5
2094.6000,  1.00000000,1,0,0.0,0.5
2094.6333,  1.00000000,1,0,0.0,0.5
2094.6667,  1.00000000,1,0,0.0,0.5
2094.7000,  1.00000000,1,0,0.0,0.5
2094.7333,  1.00000000,1,0,0.0,0.5
2094.7667,  1.00000000,1,0,0.0,0.5
2094.8000,  1.00000000,1,0,0.0,0.5
2094.8333,  1.00000000,1,0,0.0,0.5
2094.8667,  1.00000000,1,0,0.0,0.5
2094.9000,  1.00000000,1,0,0.0,0.5
2094.9333,  1.00000000,1,0,0.0,0.5
2094.9667,  1.00000000,1,0,0.025000000000000001,0.5
2095.0000,  1.00000000,1,0,0.0,0.5
2095.0333,  1.00000000,1,0,0.0,0.5
2095.0667,  1.00000000,1,0,0.0,0.5
2095.1000,  1.00000000,1,0,0.0,0.5
2095.1333,  1.00000000,1,0,0.0,0.5
2095.1667,  1.00000000,1,0,0.0,0.5
2095.2000,  1.00000000,1,0,0.0,0.5
2095.2333,  1.00000000,1,0,0.0,0.5
2095.2667,  1.00000000,1,0,0.025000000000000001,0.5
2095.3000,  1.00000000,1,0,0.0,0.5
2095.3333,  1.00000000,1,0,0.0,0.5
2095.3667,  1.00000000,1,0,0.0,0.5
2095.4000,  1.00000000,1,0,0.0,0.5
2095.4333,  1.00000000,1,0,0.0,0.5
2095.4667,  1.00000000,1,0,0.0,0.5
2095.5000,  1.00000000,1,0,0.0,0.5
2095.5333,  1.00000000,1,0,0.0,0.5
2095.5667,  1.00000000,1,0,0.0,0.5
2095.6000,  1.00000000,1,0,0.0,0.5
2095.6333,  1.00000000,1,0,0.0,0.5
2095.6667,  1.00000000,1,0,0.0,0.5
2095.7000,  1.00000000,1,0,0.025000000000000001,0.5
2095.7333,  1.00000000,1,0,0.0,0.5
2095.7667,  1.00000000,1,0,0.0,0.5
2095.8000,  1.00000000,1,0,0.0,0.5
2095.8333,  1.00000000,1,0,0.0,0.5
2095.8667,  1.00000000,1,0,0.0,0.5
2095.9000,  1.00000000,1,0,0.0,0.5
2095.9333,  1.00000000,1,0,0.0,0.5
2095.9667,  1.00000000,1,0,0.0,0.5
2096.0000,  1.00000000,1,0,0.0,0.5
2096.0333,  1.00000000,1,0,0.0,0.5
2096.0667,  1.00000000,1,0,0.0,0.5
2096.1000,  1.00000000,1,0,0.0,0.5
2096.1333,  1.00000000,1,0,0.0,0.5
2096.1667,  1.00000000,1,0,0.0,0.5
2096.2000,  1.00000000,1,0,0.0,0.5
2096.2333,  1.00000000,1,0,0.025000000000000001,0.5
2096.2667,  1.00000000,1,0,0.0,0.5
2096.3000,  1.00000000,1,0,0.0,0.5
2096.3333,  1.00000000,1,0,0.0,0.5
2096.3667,  1.00000000,1,0,0.0,0.5
2096.4000,  1.00000000,1,0,0.0,0.5
2096.4333,  1.00000000,1,0,0.0,0.5
2096.4667,  1.00000000,1,0,0.0,0.5
2096.5000,  1.00000000,1,0,0.0,0.5
2096.5333,  1.00000000,1,0,0.0,0.5
2096.5667,  1.00000000,1,0,0.0,0.5
2096.6000,  1.00000000,1,0,0.025000000000000001,0.5
2096.6333,  1.00000000,1,0,0.0,0.5
2096.6667,  1.00000000,1,0,0.0,0.5
2096.7000,  1.00000000,1,0,0.0,0.5
2096.7333,  1.00000000,1,0,0.0,0.5
2096.7667,  1.00000000,1,0,0.0,0.5
2096.8000,  1.00000000,1,0,0.0,0.5
2096.8333,  1.00000000,1,0,0.0,0.5
2096.8667,  1.00000000,1,0,0.0,0.5
2096.9000,  1.00000000,1,0,0.0,0.5
2096.9333,  1.00000000,1,0,0.0,0.5
2096.9667,  1.00000000,1,0,0.0,0.5
2097.0000,  1.00000000,1,0,0.0,0.5
2097.0333,  1.00000000,1,0,0.0,0.5
2097.0667,  1.00000000,1,0,0.0,0.5
2097.1000,  1.00000000,1,0,0.0,0.5
2097.1333,  1.00000000,1,0,0.0,0.5
2097.1667,  1.00000000,1,0,0.0,0.5
2097.2000,  1.00000000,1,0,0.0,0.5
2097.2333,  1.00000000,1,0,0.0,0.5
2097.2667,  1.00000000,1,0,0.0,0.5
2097.3000,  1.00000000,1,0,0.0,0.5
2097.3333,  1.00000000,1,0,0.0,0.5
2097.3667,  1.00000000,1,0,0.0,0.5
2097.4000,  1.00000000,1,0,0.0,0.5
2097.4333,  1.00000000,1,0,0.0,0.5
2097.4667,  1.00000000,1,0,0.025000000000000001,0.5
2097.5000,  1.00000000,1,0,0.0,0.5
2097.5333,  1.00000000,1,0,0.0,0.5
2097.5667,  1.00000000,1,0,0.0,0.5
2097.6000,  1.00000000,1,0,0.0,0.5
2097.6333,  1.00000000,1,0,0.0,0.5
2097.6667,  1.00000000,1,0,0.0,0.5
2097.7000,  1.00000000,1,0,0.0,0.5
2097.7333,  1.00000000,1,0,0.0,0.5
2097.7667,  1.00000000,1,0,0.0,0.5
2097.8000,  1.00000000,1,0,0.0,0.5
2097.8333,  1.00000000,1,0,0.0,0.5
2097.8667,  1.00000000,1,0,0.0,0.5
2097.9000,  1.00000000,1,0,0.0,0.5
2097.9333,  1.00000000,1,0,0.0,0.5
2097.9667,  1.00000000,1,0,0.0,0.5
2098.0000,  1.00000000,1,0,0.0,0.5
2098.0333,  1.00000000,1,0,0.0,0.5
2098.0667,  1.00000000,1,0,0.0,0.5
2098.1000,  1.00000000,1,0,0.0,0.5
2098.1333,  1.00000000,1,0,0.0,0.5
2098.1667,  1.00000000,1,0,0.0,0.5
2098.2000,  1.00000000,1,0,0.0,0.5
2098.2333,  1.00000000,1,0,0.0,0.5
2098.2667,  1.00000000,1,0,0.0,0.5
2098.3000,  1.00000000,1,0,0.0,0.5
2098.3333,  1.00000000,1,0,0.0,0.5
2098.3667,  1.00000000,1,0,0.0,0.5
2098.4000,  1.00000000,1,0,0.0,0.5
2098.4333,  1.00000000,1,0,0.0,0.5
2098.4667,  1.00000000,1,0,0.0,0.5
2098.5000,  1.00000000,1,0,0.0,0.5
2098.5333,  1.00000000,1,0,0.0,0.5
2098.5667,  1.00000000,1,0,0.0,0.5
2098.6000,  1.00000000,1,0,0.0,0.5
2098.6333,  1.00000000,1,0,0.0,0.5
2098.6667,  1.00000000,1,0,0.0,0.5
2098.7000,  1.00000000,1,0,0.025000000000000001,0.5
2098.7333,  1.00000000,1,0,0.0,0.5
2098.7667,  1.00000000,1,0,0.0,0.5
2098.8000,  1.00000000,1,0,0.0,0.5
2098.8333,  1.00000000,1,0,0.0,0.5
2098.8667,  1.00000000,1,0,0.0,0.5
2098.9000,  1.00000000,1,0,0.0,0.5
2098.9333,  1.00000000,1,0,0.0,0.5
2098.9667,  1.00000000,1,0,0.0,0.5
2099.0000,  1.00000000,1,0,0.0,0.5
2099.0333,  1.00000000,1,0,0.0,0.5
2099.0667,  1.00000000,1,0,0.0,0.5
2099.1000,  1.00000000,1,0,0.0,0.5
2099.1333,  1.00000000,1,0,0.025000000000000001,0.5
2099.1667,  1.00000000,1,0,0.0,0.5
2099.2000,  1.00000000,1,0,0.0,0.5
2099.2333,  1.00000000,1,0,0.0,0.5
2099.2667,  1.00000000,1,0,0.0,0.5
2099.3000,  1.00000000,1,0,0.0,0.5
2099.3333,  1.00000000,1,0,0.0,0.5
2099.3667,  1.00000000,1,0,0.0,0.5
2099.4000,  1.00000000,1,0,0.0,0.5
2099.4333,  1.00000000,1,0,0.0,0.5
2099.4667,  1.00000000,1,0,0.0,0.5
2099.5000,  1.00000000,1,0,0.025000000000000001,0.5
2099.5333,  1.00000000,1,0,0.0,0.5
2099.5667,  1.00000000,1,0,0.0,0.5
2099.6000,  1.00000000,1,0,0.0,0.5
2099.6333,  1.00000000,1,0,0.0,0.5
2099.6667,  1.00000000,1,0,0.0,0.5
2099.7000,  1.00000000,1,0,0.0,0.5
2099.7333,  1.00000000,1,0,0.025000000000000001,0.5
2099.7667,  1.00000000,1,0,0.0,0.5
2099.8000,  1.00000000,1,0,0.0,0.5
2099.8333,  1.00000000,1,0,0.0,0.5
2099.8667,  1.00000000,1,0,0.0,0.5
2099.9000,  1.00000000,1,0,0.0,0.5
2099.9333,  1.00000000,1,0,0.0,0.5
2099.9667,  1.00000000,1,0,0.0,0.5
2100.0000,  1.00000000,1,0,0.025000000000000001,0.5
2100.0333,  1.00000000,1,0,0.0,0.5
2100.0667,  1.00000000,1,0,0.0,0.5
2100.1000,  1.00000000,1,0,0.0,0.5
2100.1333,  1.00000000,1,0,0.0,0.5
2100.1667,  1.00000000,1,0,0.0,0.5
2100.2000,  1.00000000,1,0,0.0,0.5
2100.2333,  1.00000000,1,0,0.0,0.5
2100.2667,  1.00000000,1,0,0.0,0.5
2100.3000,  1.00000000,1,0,0.0,0.5
2100.3333,  1.00000000,1,0,0.0,0.5
2100.3667,  1.00000000,1,0,0.0,0.5
2100.4000,  1.00000000,1,0,0.0,0.5
2100.4333,  1.00000000,1,0,0.0,0.5
2100.4667,  1.00000000,1,0,0.0,0.5
2100.5000,  1.00000000,1,0,0.0,0.5
2100.5333,  1.00000000,1,0,0.0,0.5
2100.5667,  1.00000000,1,0,0.0,0.5
2100.6000,  1.00000000,1,0,0.0,0.5
2100.6333,  1.00000000,1,0,0.0,0.5
2100.6667,  1.00000000,1,0,0.0,0.5
2100.7000,  1.00000000,1,0,0.0,0.5
2100.7333,  1.00000000,1,0,0.025000000000000001,0.5
2100.7667,  1.00000000,1,0,0.0,0.5
2100.8000,  1.00000000,1,0,0.0,0.5
2100.8333,  1.00000000,1,0,0.0,0.5
2100.8667,  1.00000000,1,0,0.0,0.5
2100.9000,  1.00000000,1,0,0.0,0.5
2100.9333,  1.00000000,1,0,0.0,0.5
2100.9667,  1.00000000,1,0,0.0,0.5
2101.0000,  1.00000000,1,0,0.0,0.5
2101.0333,  1.00000000,1,0,0.0,0.5
2101.0667,  1.00000000,1,0,0.0,0.5
2101.1000,  1.00000000,1,0,0.0,0.5
2101.1333,  1.00000000,1,0,0.025000000000000001,0.5
2101.1667,  1.00000000,1,0,0.0,0.5
2101.2000,  1.00000000,1,0,0.0,0.5
2101.2333,  1.00000000,1,0,0.0,0.5
2101.2667,  1.00000000,1,0,0.0,0.5
2101.3000,  1.00000000,1,0,0.0,0.5
2101.3333,  1.00000000,1,0,0.0,0.5
2101.3667,  1.00000000,1,0,0.025000000000000001,0.5
2101.4000,  1.00000000,1,0,0.0,0.5
2101.4333,  1.00000000,1,0,0.0,0.5
2101.4667,  1.00000000,1,0,0.0,0.5
2101.5000,  1.00000000,1,0,0.0,0.5
2101.5333,  1.00000000,1,0,0.0,0.5
2101.5667,  1.00000000,1,0,0.0,0.5
2101.6000,  1.00000000,1,0,0.0,0.5
2101.6333,  1.00000000,1,0,0.0,0.5
2101.6667,  1.00000000,1,0,0.0,0.5
2101.7000,  1.00000000,1,0,0.0,0.5
2101.7333,  1.00000000,1,0,0.0,0.5
2101.7667,  1.00000000,1,0,0.0,0.5
2101.8000,  1.00000000,1,0,0.0,0.5
2101.8333,  1.00000000,1,0,0.0,0.5
2101.8667,  1.00000000,1,0,0.025000000000000001,0.5
2101.9000,  1.00000000,1,0,0.025000000000000001,0.5
2101.9333,  1.00000000,1,0,0.0,0.5
2101.9667,  1.00000000,1,0,0.0,0.5
2102.0000,  1.00000000,1,0,0.0,0.5
2102.0333,  1.00000000,1,0,0.025000000000000001,0.5
2102.0667,  1.00000000,1,0,0.0,0.5
2102.1000,  1.00000000,1,0,0.0,0.5
2102.1333,  1.00000000,1,0,0.0,0.5
2102.1667,  1.00000000,1,0,0.0,0.5
2102.2000,  1.00000000,1,0,0.0,0.5
2102.2333,  1.00000000,1,0,0.0,0.5
2102.2667,  1.00000000,1,0,0.0,0.5
2102.3000,  1.00000000,1,0,0.025000000000000001,0.5
2102.3333,  1.00000000,1,0,0.0,0.5
2102.3667,  1.00000000,1,0,0.025000000000000001,0.5
2102.4000,  1.00000000,1,0,0.0,0.5
2102.4333,  1.00000000,1,0,0.0,0.5
2102.4667,  1.00000000,1,0,0.0,0.5
2102.5000,  1.00000000,1,0,0.025000000000000001,0.5
2102.5333,  1.00000000,1,0,0.0,0.5
2102.5667,  1.00000000,1,0,0.0,0.5
2102.6000,  1.00000000,1,0,0.0,0.5
2102.6333,  1.00000000,1,0,0.0,0.5
2102.6667,  1.00000000,1,0,0.0,0.5
2102.7000,  1.00000000,1,0,0.0,0.5
2102.7333,  1.00000000,1,0,0.025000000000000001,0.5
2102.7667,  1.00000000,1,0,0.025000000000000001,0.5
2102.8000,  1.00000000,1,0,0.0,0.5
2102.8333,  1.00000000,1,0,0.0,0.5
2102.8667,  1.00000000,1,0,0.0,0.5
2102.9000,  1.00000000,1,0,0.0,0.5
2102.9333,  1.00000000,1,0,0.0,0.5
2102.9667,  1.00000000,1,0,0.025000000000000001,0.5
2103.0000,  1.00000000,1,0,0.0,0.5
2103.0333,  1.00000000,1,0,0.025000000000000001,0.5
2103.0667,  1.00000000,1,0,0.0,0.5
2103.1000,  1.00000000,1,0,0.0,0.5
2103.1333,  1.00000000,1,0,0.0,0.5
2103.1667,  1.00000000,1,0,0.0,0.5
2103.2000,  1.00000000,1,0,0.0,0.5
2103.2333,  1.00000000,1,0,0.0,0.5
2103.2667,  1.00000000,1,0,0.0,0.5
2103.3000,  1.00000000,1,0,0.0,0.5
2103.3333,  1.00000000,1,0,0.0,0.5
2103.3667,  1.00000000,1,0,0.0,0.5
2103.4000,  1.00000000,1,0,0.0,0.5
2103.4333,  1.00000000,1,0,0.0,0.5
2103.4667,  1.00000000,1,0,0.0,0.5
2103.5000,  1.00000000,1,0,0.025000000000000001,0.5
2103.5333,  1.00000000,1,0,0.025000000000000001,0.5
2103.5667,  1.00000000,1,0,0.025000000000000001,0.5
2103.6000,  1.00000000,1,0,0.0,0.5
2103.6333,  1.00000000,1,0,0.0,0.5
2103.6667,  1.00000000,1,0,0.050000000000000003,0.5
2103.7000,  1.00000000,1,0,0.025000000000000001,0.5
2103.7333,  1.00000000,1,0,0.0,0.5
2103.7667,  1.00000000,1,0,0.0,0.5
2103.8000,  1.00000000,1,0,0.0,0.5
2103.8333,  1.00000000,1,0,0.025000000000000001,0.5
2103.8667,  1.00000000,1,0,0.0,0.5
2103.9000,  1.00000000,1,0,0.0,0.5
2103.9333,  1.00000000,1,0,0.0,0.5
2103.9667,  1.00000000,1,0,0.0,0.5
2104.0000,  1.00000000,1,0,0.025000000000000001,0.5
2104.0333,  1.00000000,1,0,0.025000000000000001,0.5
2104.0667,  1.00000000,1,0,0.0,0.5
2104.1000,  1.00000000,1,0,0.0,0.5
2104.1333,  1.00000000,1,0,0.0,0.5
2104.1667,  1.00000000,1,0,0.0,0.5
2104.2000,  1.00000000,1,0,0.0,0.5
2104.2333,  1.00000000,1,0,0.0,0.5
2104.2667,  1.00000000,1,0,0.0,0.5
2104.3000,  1.00000000,1,0,0.0,0.5
2104.3333,  1.00000000,1,0,0.0,0.5
2104.3667,  1.00000000,1,0,0.0,0.5
2104.4000,  1.00000000,1,0,0.0,0.5
2104.4333,  1.00000000,1,0,0.0,0.5
2104.4667,  1.00000000,1,0,0.0,0.5
2104.5000,  1.00000000,1,0,0.0,0.5
2104.5333,  1.00000000,1,0,0.0,0.5
2104.5667,  1.00000000,1,0,0.025000000000000001,0.5
2104.6000,  1.00000000,1,0,0.0,0.5
2104.6333,  1.00000000,1,0,0.0,0.5
2104.6667,  1.00000000,1,0,0.0,0.5
2104.7000,  1.00000000,1,0,0.0,0.5
2104.7333,  1.00000000,1,0,0.0,0.5
2104.7667,  1.00000000,1,0,0.0,0.5
2104.8000,  1.00000000,1,0,0.0,0.5
2104.8333,  1.00000000,1,0,0.0,0.5
2104.8667,  1.00000000,1,0,0.0,0.5
2104.9000,  1.00000000,1,0,0.0,0.5
2104.9333,  1.00000000,1,0,0.0,0.5
2104.9667,  1.00000000,1,0,0.0,0.5
2105.0000,  1.00000000,1,0,0.0,0.5
2105.0333,  1.00000000,1,0,0.0,0.5
2105.0667,  1.00000000,1,0,0.0,0.5
2105.1000,  1.00000000,1,0,0.0,0.5
2105.1333,  1.00000000,1,0,0.0,0.5
2105.1667,  1.00000000,1,0,0.0,0.5
2105.2000,  1.00000000,1,0,0.025000000000000001,0.5
2105.2333,  1.00000000,1,0,0.0,0.5
2105.2667,  1.00000000,1,0,0.0,0.5
2105.3000,  1.00000000,1,0,0.0,0.5
2105.3333,  1.00000000,1,0,0.0,0.5
2105.3667,  1.00000000,1,0,0.0,0.5
2105.4000,  1.00000000,1,0,0.0,0.5
2105.4333,  1.00000000,1,0,0.0,0.5
2105.4667,  1.00000000,1,0,0.0,0.5
2105.5000,  1.00000000,1,0,0.0,0.5
2105.5333,  1.00000000,1,0,0.0,0.5
2105.5667,  1.00000000,1,0,0.0,0.5
2105.6000,  1.00000000,1,0,0.0,0.5
2105.6333,  1.00000000,1,0,0.025000000000000001,0.5
2105.6667,  1.00000000,1,0,0.0,0.5
2105.7000,  1.00000000,1,0,0.0,0.5
2105.7333,  1.00000000,1,0,0.0,0.5
2105.7667,  1.00000000,1,0,0.0,0.5
2105.8000,  1.00000000,1,0,0.0,0.5
2105.8333,  1.00000000,1,0,0.0,0.5
2105.8667,  1.00000000,1,0,0.025000000000000001,0.5
2105.9000,  1.00000000,1,0,0.0,0.5
2105.9333,  1.00000000,1,0,0.0,0.5
2105.9667,  1.00000000,1,0,0.0,0.5
2106.0000,  1.00000000,1,0,0.0,0.5
2106.0333,  1.00000000,1,0,0.0,0.5
2106.0667,  1.00000000,1,0,0.0,0.5
2106.1000,  1.00000000,1,0,0.0,0.5
2106.1333,  1.00000000,1,0,0.0,0.5
2106.1667,  1.00000000,1,0,0.0,0.5
2106.2000,  1.00000000,1,0,0.0,0.5
2106.2333,  1.00000000,1,0,0.0,0.5
2106.2667,  1.00000000,1,0,0.0,0.5
2106.3000,  1.00000000,1,0,0.0,0.5
2106.3333,  1.00000000,1,0,0.0,0.5
2106.3667,  1.00000000,1,0,0.0,0.5
2106.4000,  1.00000000,1,0,0.0,0.5
2106.4333,  1.00000000,1,0,0.0,0.5
2106.4667,  1.00000000,1,0,0.0,0.5
2106.5000,  1.00000000,1,0,0.0,0.5
2106.5333,  1.00000000,1,0,0.0,0.5
2106.5667,  1.00000000,1,0,0.0,0.5
2106.6000,  1.00000000,1,0,0.0,0.5
2106.6333,  1.00000000,1,0,0.0,0.5
2106.6667,  1.00000000,1,0,0.0,0.5
2106.7000,  1.00000000,1,0,0.0,0.5
2106.7333,  1.00000000,1,0,0.0,0.5
2106.7667,  1.00000000,1,0,0.0,0.5
2106.8000,  1.00000000,1,0,0.0,0.5
2106.8333,  1.00000000,1,0,0.0,0.5
2106.8667,  1.00000000,1,0,0.0,0.5
2106.9000,  1.00000000,1,0,0.0,0.5
2106.9333,  1.00000000,1,0,0.0,0.5
2106.9667,  1.00000000,1,0,0.0,0.5
2107.0000,  1.00000000,1,0,0.0,0.5
2107.0333,  1.00000000,1,0,0.0,0.5
2107.0667,  1.00000000,1,0,0.0,0.5
2107.1000,  1.00000000,1,0,0.0,0.5
2107.1333,  1.00000000,1,0,0.0,0.5
2107.1667,  1.00000000,1,0,0.0,0.5
2107.2000,  1.00000000,1,0,0.0,0.5
2107.2333,  1.00000000,1,0,0.0,0.5
2107.2667,  1.00000000,1,0,0.0,0.5
2107.3000,  1.00000000,1,0,0.0,0.5
2107.3333,  1.00000000,1,0,0.0,0.5
2107.3667,  1.00000000,1,0,0.0,0.5
2107.4000,  1.00000000,1,0,0.0,0.5
2107.4333,  1.00000000,1,0,0.0,0.5
2107.4667,  1.00000000,1,0,0.025000000000000001,0.5
2107.5000,  1.00000000,1,0,0.0,0.5
2107.5333,  1.00000000,1,0,0.0,0.5
2107.5667,  1.00000000,1,0,0.0,0.5
2107.6000,  1.00000000,1,0,0.0,0.5
2107.6333,  1.00000000,1,0,0.0,0.5
2107.6667,  1.00000000,1,0,0.0,0.5
2107.7000,  1.00000000,1,0,0.0,0.5
2107.7333,  1.00000000,1,0,0.0,0.5
2107.7667,  1.00000000,1,0,0.0,0.5
2107.8000,  1.00000000,1,0,0.0,0.5
2107.8333,  1.00000000,1,0,0.0,0.5
2107.8667,  1.00000000,1,0,0.0,0.5
2107.9000,  1.00000000,1,0,0.0,0.5
2107.9333,  1.00000000,1,0,0.0,0.5
2107.9667,  1.00000000,1,0,0.0,0.5
2108.0000,  1.00000000,1,0,0.0,0.5
2108.0333,  1.00000000,1,0,0.0,0.5
2108.0667,  1.00000000,1,0,0.0,0.5
2108.1000,  1.00000000,1,0,0.025000000000000001,0.5
2108.1333,  1.00000000,1,0,0.0,0.5
2108.1667,  1.00000000,1,0,0.0,0.5
2108.2000,  1.00000000,1,0,0.0,0.5
2108.2333,  1.00000000,1,0,0.0,0.5
2108.2667,  1.00000000,1,0,0.0,0.5
2108.3000,  1.00000000,1,0,0.025000000000000001,0.5
2108.3333,  1.00000000,1,0,0.0,0.5
2108.3667,  1.00000000,1,0,0.0,0.5
2108.4000,  1.00000000,1,0,0.0,0.5
2108.4333,  1.00000000,1,0,0.0,0.5
2108.4667,  1.00000000,1,0,0.0,0.5
2108.5000,  1.00000000,1,0,0.0,0.5
2108.5333,  1.00000000,1,0,0.0,0.5
2108.5667,  1.00000000,1,0,0.0,0.5
2108.6000,  1.00000000,1,0,0.0,0.5
2108.6333,  1.00000000,1,0,0.0,0.5
2108.6667,  1.00000000,1,0,0.0,0.5
2108.7000,  1.00000000,1,0,0.025000000000000001,0.5
2108.7333,  1.00000000,1,0,0.025000000000000001,0.5
2108.7667,  1.00000000,1,0,0.0,0.5
2108.8000,  1.00000000,1,0,0.0,0.5
2108.8333,  1.00000000,1,0,0.0,0.5
2108.8667,  1.00000000,1,0,0.0,0.5
2108.9000,  1.00000000,1,0,0.025000000000000001,0.5
2108.9333,  1.00000000,1,0,0.0,0.5
2108.9667,  1.00000000,1,0,0.0,0.5
2109.0000,  1.00000000,1,0,0.0,0.5
2109.0333,  1.00000000,1,0,0.0,0.5
2109.0667,  1.00000000,1,0,0.0,0.5
2109.1000,  1.00000000,1,0,0.0,0.5
2109.1333,  1.00000000,1,0,0.0,0.5
2109.1667,  1.00000000,1,0,0.0,0.5
2109.2000,  1.00000000,1,0,0.0,0.5
2109.2333,  1.00000000,1,0,0.0,0.5
2109.2667,  1.00000000,1,0,0.0,0.5
2109.3000,  1.00000000,1,0,0.0,0.5
2109.3333,  1.00000000,1,0,0.0,0.5
2109.3667,  1.00000000,1,0,0.0,0.5
2109.4000,  1.00000000,1,0,0.0,0.5
2109.4333,  1.00000000,1,0,0.0,0.5
2109.4667,  1.00000000,1,0,0.0,0.5
2109.5000,  1.00000000,1,0,0.025000000000000001,0.5
2109.5333,  1.00000000,1,0,0.0,0.5
2109.5667,  1.00000000,1,0,0.0,0.5
2109.6000,  1.00000000,1,0,0.0,0.5
2109.6333,  1.00000000,1,0,0.0,0.5
2109.6667,  1.00000000,1,0,0.025000000000000001,0.5
2109.7000,  1.00000000,1,0,0.0,0.5
2109.7333,  1.00000000,1,0,0.0,0.5
2109.7667,  1.00000000,1,0,0.0,0.5
2109.8000,  1.00000000,1,0,0.0,0.5
2109.8333,  1.00000000,1,0,0.0,0.5
2109.8667,  1.00000000,1,0,0.0,0.5
2109.9000,  1.00000000,1,0,0.0,0.5
2109.9333,  1.00000000,1,0,0.0,0.5
2109.9667,  1.00000000,1,0,0.0,0.5
2110.0000,  1.00000000,1,0,0.0,0.5
2110.0333,  1.00000000,1,0,0.0,0.5
2110.0667,  1.00000000,1,0,0.0,0.5
2110.1000,  1.00000000,1,0,0.0,0.5
2110.1333,  1.00000000,1,0,0.0,0.5
2110.1667,  1.00000000,1,0,0.025000000000000001,0.5
2110.2000,  1.00000000,1,0,0.0,0.5
2110.2333,  1.00000000,1,0,0.0,0.5
2110.2667,  1.00000000,1,0,0.0,0.5
2110.3000,  1.00000000,1,0,0.0,0.5
2110.3333,  1.00000000,1,0,0.0,0.5
2110.3667,  1.00000000,1,0,0.0,0.5
2110.4000,  1.00000000,1,0,0.0,0.5
2110.4333,  1.00000000,1,0,0.0,0.5
2110.4667,  1.00000000,1,0,0.0,0.5
2110.5000,  1.00000000,1,0,0.0,0.5
2110.5333,  1.00000000,1,0,0.0,0.5
2110.5667,  1.00000000,1,0,0.0,0.5
2110.6000,  1.00000000,1,0,0.0,0.5
2110.6333,  1.00000000,1,0,0.0,0.5
2110.6667,  1.00000000,1,0,0.0,0.5
2110.7000,  1.00000000,1,0,0.0,0.5
2110.7333,  1.00000000,1,0,0.0,0.5
2110.7667,  1.00000000,1,0,0.0,0.5
2110.8000,  1.00000000,1,0,0.0,0.5
2110.8333,  1.00000000,1,0,0.0,0.5
2110.8667,  1.00000000,1,0,0.025000000000000001,0.5
2110.9000,  1.00000000,1,0,0.0,0.5
2110.9333,  1.00000000,1,0,0.0,0.5
2110.9667,  1.00000000,1,0,0.0,0.5
2111.0000,  1.00000000,1,0,0.0,0.5
2111.0333,  1.00000000,1,0,0.0,0.5
2111.0667,  1.00000000,1,0,0.0,0.5
2111.1000,  1.00000000,1,0,0.0,0.5
2111.1333,  1.00000000,1,0,0.0,0.5
2111.1667,  1.00000000,1,0,0.0,0.5
2111.2000,  1.00000000,1,0,0.0,0.5
2111.2333,  1.00000000,1,0,0.0,0.5
2111.2667,  1.00000000,1,0,0.0,0.5
2111.3000,  1.00000000,1,0,0.0,0.5
2111.3333,  1.00000000,1,0,0.0,0.5
2111.3667,  1.00000000,1,0,0.0,0.5
2111.4000,  1.00000000,1,0,0.0,0.5
2111.4333,  1.00000000,1,0,0.0,0.5
2111.4667,  1.00000000,1,0,0.0,0.5
2111.5000,  1.00000000,1,0,0.0,0.5
2111.5333,  1.00000000,1,0,0.0,0.5
2111.5667,  1.00000000,1,0,0.0,0.5
2111.6000,  1.00000000,1,0,0.0,0.5
2111.6333,  1.00000000,1,0,0.025000000000000001,0.5
2111.6667,  1.00000000,1,0,0.0,0.5
2111.7000,  1.00000000,1,0,0.0,0.5
2111.7333,  1.00000000,1,0,0.0,0.5
2111.7667,  1.00000000,1,0,0.0,0.5
2111.8000,  1.00000000,1,0,0.0,0.5
2111.8333,  1.00000000,1,0,0.0,0.5
2111.8667,  1.00000000,1,0,0.0,0.5
2111.9000,  1.00000000,1,0,0.0,0.5
2111.9333,  1.00000000,1,0,0.0,0.5
2111.9667,  1.00000000,1,0,0.0,0.5
2112.0000,  1.00000000,1,0,0.0,0.5
2112.0333,  1.00000000,1,0,0.025000000000000001,0.5
2112.0667,  1.00000000,1,0,0.0,0.5
2112.1000,  1.00000000,1,0,0.0,0.5
2112.1333,  1.00000000,1,0,0.0,0.5
2112.1667,  1.00000000,1,0,0.0,0.5
2112.2000,  1.00000000,1,0,0.0,0.5
2112.2333,  1.00000000,1,0,0.0,0.5
2112.2667,  1.00000000,1,0,0.0,0.5
2112.3000,  1.00000000,1,0,0.0,0.5
2112.3333,  1.00000000,1,0,0.0,0.5
2112.3667,  1.00000000,1,0,0.0,0.5
2112.4000,  1.00000000,1,0,0.0,0.5
2112.4333,  1.00000000,1,0,0.0,0.5
2112.4667,  1.00000000,1,0,0.0,0.5
2112.5000,  1.00000000,1,0,0.0,0.5
2112.5333,  1.00000000,1,0,0.0,0.5
2112.5667,  1.00000000,1,0,0.0,0.5
2112.6000,  1.00000000,1,0,0.025000000000000001,0.5
2112.6333,  1.00000000,1,0,0.0,0.5
2112.6667,  1.00000000,1,0,0.0,0.5
2112.7000,  1.00000000,1,0,0.0,0.5
2112.7333,  1.00000000,1,0,0.0,0.5
2112.7667,  1.00000000,1,0,0.0,0.5
2112.8000,  1.00000000,1,0,0.0,0.5
2112.8333,  1.00000000,1,0,0.0,0.5
2112.8667,  1.00000000,1,0,0.0,0.5
2112.9000,  1.00000000,1,0,0.0,0.5
2112.9333,  1.00000000,1,0,0.0,0.5
2112.9667,  1.00000000,1,0,0.0,0.5
2113.0000,  1.00000000,1,0,0.0,0.5
2113.0333,  1.00000000,1,0,0.0,0.5
2113.0667,  1.00000000,1,0,0.0,0.5
2113.1000,  1.00000000,1,0,0.0,0.5
2113.1333,  1.00000000,1,0,0.0,0.5
2113.1667,  1.00000000,1,0,0.0,0.5
2113.2000,  1.00000000,1,0,0.0,0.5
2113.2333,  1.00000000,1,0,0.0,0.5
2113.2667,  1.00000000,1,0,0.0,0.5
2113.3000,  1.00000000,1,0,0.0,0.5
2113.3333,  1.00000000,1,0,0.0,0.5
2113.3667,  1.00000000,1,0,0.0,0.5
2113.4000,  1.00000000,1,0,0.0,0.5
2113.4333,  1.00000000,1,0,0.025000000000000001,0.5
2113.4667,  1.00000000,1,0,0.0,0.5
2113.5000,  1.00000000,1,0,0.0,0.5
2113.5333,  1.00000000,1,0,0.0,0.5
2113.5667,  1.00000000,1,0,0.0,0.5
2113.6000,  1.00000000,1,0,0.0,0.5
2113.6333,  1.00000000,1,0,0.0,0.5
2113.6667,  1.00000000,1,0,0.0,0.5
2113.7000,  1.00000000,1,0,0.0,0.5
2113.7333,  1.00000000,1,0,0.0,0.5
2113.7667,  1.00000000,1,0,0.0,0.5
2113.8000,  1.00000000,1,0,0.0,0.5
2113.8333,  1.00000000,1,0,0.0,0.5
2113.8667,  1.00000000,1,0,0.0,0.5
2113.9000,  1.00000000,1,0,0.0,0.5
2113.9333,  1.00000000,1,0,0.0,0.5
2113.9667,  1.00000000,1,0,0.0,0.5
2114.0000,  1.00000000,1,0,0.0,0.5
2114.0333,  1.00000000,1,0,0.0,0.5
2114.0667,  1.00000000,1,0,0.0,0.5
2114.1000,  1.00000000,1,0,0.025000000000000001,0.5
2114.1333,  1.00000000,1,0,0.0,0.5
2114.1667,  1.00000000,1,0,0.0,0.5
2114.2000,  1.00000000,1,0,0.0,0.5
2114.2333,  1.00000000,1,0,0.0,0.5
2114.2667,  1.00000000,1,0,0.0,0.5
2114.3000,  1.00000000,1,0,0.0,0.5
2114.3333,  1.00000000,1,0,0.0,0.5
2114.3667,  1.00000000,1,0,0.0,0.5
2114.4000,  1.00000000,1,0,0.0,0.5
2114.4333,  1.00000000,1,0,0.0,0.5
2114.4667,  1.00000000,1,0,0.0,0.5
2114.5000,  1.00000000,1,0,0.0,0.5
2114.5333,  1.00000000,1,0,0.0,0.5
2114.5667,  1.00000000,1,0,0.0,0.5
2114.6000,  1.00000000,1,0,0.0,0.5
2114.6333,  1.00000000,1,0,0.0,0.5
2114.6667,  1.00000000,1,0,0.0,0.5
2114.7000,  1.00000000,1,0,0.0,0.5
2114.7333,  1.00000000,1,0,0.0,0.5
2114.7667,  1.00000000,1,0,0.0,0.5
2114.8000,  1.00000000,1,0,0.0,0.5
2114.8333,  1.00000000,1,0,0.0,0.5
2114.8667,  1.00000000,1,0,0.0,0.5
2114.9000,  1.00000000,1,0,0.0,0.5
2114.9333,  1.00000000,1,0,0.0,0.5
2114.9667,  1.00000000,1,0,0.0,0.5
2115.0000,  1.00000000,1,0,0.0,0.5
2115.0333,  1.00000000,1,0,0.0,0.5
2115.0667,  1.00000000,1,0,0.0,0.5
2115.1000,  1.00000000,1,0,0.0,0.5
2115.1333,  1.00000000,1,0,0.0,0.5
2115.1667,  1.00000000,1,0,0.0,0.5
2115.2000,  1.00000000,1,0,0.0,0.5
2115.2333,  1.00000000,1,0,0.0,0.5
2115.2667,  1.00000000,1,0,0.0,0.5
2115.3000,  1.00000000,1,0,0.025000000000000001,0.5
2115.3333,  1.00000000,1,0,0.0,0.5
2115.3667,  1.00000000,1,0,0.0,0.5
2115.4000,  1.00000000,1,0,0.0,0.5
2115.4333,  1.00000000,1,0,0.0,0.5
2115.4667,  1.00000000,1,0,0.0,0.5
2115.5000,  1.00000000,1,0,0.0,0.5
2115.5333,  1.00000000,1,0,0.0,0.5
2115.5667,  1.00000000,1,0,0.0,0.5
2115.6000,  1.00000000,1,0,0.0,0.5
2115.6333,  1.00000000,1,0,0.0,0.5
2115.6667,  1.00000000,1,0,0.0,0.5
2115.7000,  1.00000000,1,0,0.0,0.5
2115.7333,  1.00000000,1,0,0.0,0.5
2115.7667,  1.00000000,1,0,0.0,0.5
2115.8000,  1.00000000,1,0,0.0,0.5
2115.8333,  1.00000000,1,0,0.0,0.5
2115.8667,  1.00000000,1,0,0.050000000000000003,0.5
2115.9000,  1.00000000,1,0,0.0,0.5
2115.9333,  1.00000000,1,0,0.0,0.5
2115.9667,  1.00000000,1,0,0.0,0.5
2116.0000,  1.00000000,1,0,0.0,0.5
2116.0333,  1.00000000,1,0,0.0,0.5
2116.0667,  1.00000000,1,0,0.0,0.5
2116.1000,  1.00000000,1,0,0.025000000000000001,0.5
2116.1333,  1.00000000,1,0,0.0,0.5
2116.1667,  1.00000000,1,0,0.025000000000000001,0.5
2116.2000,  1.00000000,1,0,0.0,0.5
2116.2333,  1.00000000,1,0,0.025000000000000001,0.5
2116.2667,  1.00000000,1,0,0.0,0.5
2116.3000,  1.00000000,1,0,0.0,0.5
2116.3333,  1.00000000,1,0,0.0,0.5
2116.3667,  1.00000000,1,0,0.0,0.5
2116.4000,  1.00000000,1,0,0.0,0.5
2116.4333,  1.00000000,1,0,0.0,0.5
2116.4667,  1.00000000,1,0,0.0,0.5
2116.5000,  1.00000000,1,0,0.0,0.5
2116.5333,  1.00000000,1,0,0.0,0.5
2116.5667,  1.00000000,1,0,0.0,0.5
2116.6000,  1.00000000,1,0,0.025000000000000001,0.5
2116.6333,  1.00000000,1,0,0.0,0.5
2116.6667,  1.00000000,1,0,0.025000000000000001,0.5
2116.7000,  1.00000000,1,0,0.0,0.5
2116.7333,  1.00000000,1,0,0.0,0.5
2116.7667,  1.00000000,1,0,0.0,0.5
2116.8000,  1.00000000,1,0,0.0,0.5
2116.8333,  1.00000000,1,0,0.0,0.5
2116.8667,  1.00000000,1,0,0.0,0.5
2116.9000,  1.00000000,1,0,0.0,0.5
2116.9333,  1.00000000,1,0,0.0,0.5
2116.9667,  1.00000000,1,0,0.0,0.5
2117.0000,  1.00000000,1,0,0.0,0.5
2117.0333,  1.00000000,1,0,0.0,0.5
2117.0667,  1.00000000,1,0,0.0,0.5
2117.1000,  1.00000000,1,0,0.0,0.5
2117.1333,  1.00000000,1,0,0.0,0.5
2117.1667,  1.00000000,1,0,0.0,0.5
2117.2000,  1.00000000,1,0,0.025000000000000001,0.5
2117.2333,  1.00000000,1,0,0.0,0.5
2117.2667,  1.00000000,1,0,0.0,0.5
2117.3000,  1.00000000,1,0,0.0,0.5
2117.3333,  1.00000000,1,0,0.0,0.5
2117.3667,  1.00000000,1,0,0.0,0.5
2117.4000,  1.00000000,1,0,0.0,0.5
2117.4333,  1.00000000,1,0,0.025000000000000001,0.5
2117.4667,  1.00000000,1,0,0.0,0.5
2117.5000,  1.00000000,1,0,0.0,0.5
2117.5333,  1.00000000,1,0,0.0,0.5
2117.5667,  1.00000000,1,0,0.0,0.5
2117.6000,  1.00000000,1,0,0.0,0.5
2117.6333,  1.00000000,1,0,0.0,0.5
2117.6667,  1.00000000,1,0,0.0,0.5
2117.7000,  1.00000000,1,0,0.0,0.5
2117.7333,  1.00000000,1,0,0.0,0.5
2117.7667,  1.00000000,1,0,0.0,0.5
2117.8000,  1.00000000,1,0,0.0,0.5
2117.8333,  1.00000000,1,0,0.0,0.5
2117.8667,  1.00000000,1,0,0.0,0.5
2117.9000,  1.00000000,1,0,0.0,0.5
2117.9333,  1.00000000,1,0,0.0,0.5
2117.9667,  1.00000000,1,0,0.0,0.5
2118.0000,  1.00000000,1,0,0.0,0.5
2118.0333,  1.00000000,1,0,0.0,0.5
2118.0667,  1.00000000,1,0,0.0,0.5
2118.1000,  1.00000000,1,0,0.0,0.5
2118.1333,  1.00000000,1,0,0.0,0.5
2118.1667,  1.00000000,1,0,0.0,0.5
2118.2000,  1.00000000,1,0,0.0,0.5
2118.2333,  1.00000000,1,0,0.025000000000000001,0.5
2118.2667,  1.00000000,1,0,0.0,0.5
2118.3000,  1.00000000,1,0,0.0,0.5
2118.3333,  1.00000000,1,0,0.0,0.5
2118.3667,  1.00000000,1,0,0.0,0.5
2118.4000,  1.00000000,1,0,0.0,0.5
2118.4333,  1.00000000,1,0,0.0,0.5
2118.4667,  1.00000000,1,0,0.0,0.5
2118.5000,  1.00000000,1,0,0.0,0.5
2118.5333,  1.00000000,1,0,0.0,0.5
2118.5667,  1.00000000,1,0,0.0,0.5
2118.6000,  1.00000000,1,0,0.0,0.5
2118.6333,  1.00000000,1,0,0.0,0.5
2118.6667,  1.00000000,1,0,0.0,0.5
2118.7000,  1.00000000,1,0,0.0,0.5
2118.7333,  1.00000000,1,0,0.0,0.5
2118.7667,  1.00000000,1,0,0.0,0.5
2118.8000,  1.00000000,1,0,0.0,0.5
2118.8333,  1.00000000,1,0,0.0,0.5
2118.8667,  1.00000000,1,0,0.0,0.5
2118.9000,  1.00000000,1,0,0.0,0.5
2118.9333,  1.00000000,1,0,0.0,0.5
2118.9667,  1.00000000,1,0,0.0,0.5
2119.0000,  1.00000000,1,0,0.0,0.5
2119.0333,  1.00000000,1,0,0.0,0.5
2119.0667,  1.00000000,1,0,0.0,0.5
2119.1000,  1.00000000,1,0,0.0,0.5
2119.1333,  1.00000000,1,0,0.0,0.5
2119.1667,  1.00000000,1,0,0.0,0.5
2119.2000,  1.00000000,1,0,0.0,0.5
2119.2333,  1.00000000,1,0,0.0,0.5
2119.2667,  1.00000000,1,0,0.0,0.5
2119.3000,  1.00000000,1,0,0.0,0.5
2119.3333,  1.00000000,1,0,0.0,0.5
2119.3667,  1.00000000,1,0,0.0,0.5
2119.4000,  1.00000000,1,0,0.025000000000000001,0.5
2119.4333,  1.00000000,1,0,0.0,0.5
2119.4667,  1.00000000,1,0,0.0,0.5
2119.5000,  1.00000000,1,0,0.025000000000000001,0.5
2119.5333,  1.00000000,1,0,0.025000000000000001,0.5
2119.5667,  1.00000000,1,0,0.0,0.5
2119.6000,  1.00000000,1,0,0.0,0.5
2119.6333,  1.00000000,1,0,0.0,0.5
2119.6667,  1.00000000,1,0,0.0,0.5
2119.7000,  1.00000000,1,0,0.0,0.5
2119.7333,  1.00000000,1,0,0.025000000000000001,0.5
2119.7667,  1.00000000,1,0,0.0,0.5
2119.8000,  1.00000000,1,0,0.0,0.5
2119.8333,  1.00000000,1,0,0.0,0.5
2119.8667,  1.00000000,1,0,0.0,0.5
2119.9000,  1.00000000,1,0,0.0,0.5
2119.9333,  1.00000000,1,0,0.0,0.5
2119.9667,  1.00000000,1,0,0.0,0.5
2120.0000,  1.00000000,1,0,0.025000000000000001,0.5
2120.0333,  1.00000000,1,0,0.0,0.5
2120.0667,  1.00000000,1,0,0.025000000000000001,0.5
2120.1000,  1.00000000,1,0,0.0,0.5
2120.1333,  1.00000000,1,0,0.0,0.5
2120.1667,  1.00000000,1,0,0.0,0.5
2120.2000,  1.00000000,1,0,0.0,0.5
2120.2333,  1.00000000,1,0,0.0,0.5
2120.2667,  1.00000000,1,0,0.0,0.5
2120.3000,  1.00000000,1,0,0.0,0.5
2120.3333,  1.00000000,1,0,0.0,0.5
2120.3667,  1.00000000,1,0,0.0,0.5
2120.4000,  1.00000000,1,0,0.0,0.5
2120.4333,  1.00000000,1,0,0.0,0.5
2120.4667,  1.00000000,1,0,0.0,0.5
2120.5000,  1.00000000,1,0,0.0,0.5
2120.5333,  1.00000000,1,0,0.0,0.5
2120.5667,  1.00000000,1,0,0.0,0.5
2120.6000,  1.00000000,1,0,0.0,0.5
2120.6333,  1.00000000,1,0,0.0,0.5
2120.6667,  1.00000000,1,0,0.0,0.5
2120.7000,  1.00000000,1,0,0.0,0.5
2120.7333,  1.00000000,1,0,0.0,0.5
2120.7667,  1.00000000,1,0,0.0,0.5
2120.8000,  1.00000000,1,0,0.0,0.5
2120.8333,  1.00000000,1,0,0.025000000000000001,0.5
2120.8667,  1.00000000,1,0,0.0,0.5
2120.9000,  1.00000000,1,0,0.0,0.5
2120.9333,  1.00000000,1,0,0.0,0.5
2120.9667,  1.00000000,1,0,0.0,0.5
2121.0000,  1.00000000,1,0,0.0,0.5
2121.0333,  1.00000000,1,0,0.0,0.5
2121.0667,  1.00000000,1,0,0.0,0.5
2121.1000,  1.00000000,1,0,0.0,0.5
2121.1333,  1.00000000,1,0,0.0,0.5
2121.1667,  1.00000000,1,0,0.025000000000000001,0.5
2121.2000,  1.00000000,1,0,0.0,0.5
2121.2333,  1.00000000,1,0,0.0,0.5
2121.2667,  1.00000000,1,0,0.0,0.5
2121.3000,  1.00000000,1,0,0.0,0.5
2121.3333,  1.00000000,1,0,0.0,0.5
2121.3667,  1.00000000,1,0,0.0,0.5
2121.4000,  1.00000000,1,0,0.0,0.5
2121.4333,  1.00000000,1,0,0.0,0.5
2121.4667,  1.00000000,1,0,0.0,0.5
2121.5000,  1.00000000,1,0,0.0,0.5
2121.5333,  1.00000000,1,0,0.0,0.5
2121.5667,  1.00000000,1,0,0.0,0.5
2121.6000,  1.00000000,1,0,0.0,0.5
2121.6333,  1.00000000,1,0,0.0,0.5
2121.6667,  1.00000000,1,0,0.0,0.5
2121.7000,  1.00000000,1,0,0.025000000000000001,0.5
2121.7333,  1.00000000,1,0,0.025000000000000001,0.5
2121.7667,  1.00000000,1,0,0.0,0.5
2121.8000,  1.00000000,1,0,0.0,0.5
2121.8333,  1.00000000,1,0,0.0,0.5
2121.8667,  1.00000000,1,0,0.0,0.5
2121.9000,  1.00000000,1,0,0.0,0.5
2121.9333,  1.00000000,1,0,0.0,0.5
2121.9667,  1.00000000,1,0,0.0,0.5
2122.0000,  1.00000000,1,0,0.0,0.5
2122.0333,  1.00000000,1,0,0.0,0.5
2122.0667,  1.00000000,1,0,0.0,0.5
2122.1000,  1.00000000,1,0,0.0,0.5
2122.1333,  1.00000000,1,0,0.0,0.5
2122.1667,  1.00000000,1,0,0.0,0.5
2122.2000,  1.00000000,1,0,0.0,0.5
2122.2333,  1.00000000,1,0,0.0,0.5
2122.2667,  1.00000000,1,0,0.0,0.5
2122.3000,  1.00000000,1,0,0.0,0.5
2122.3333,  1.00000000,1,0,0.0,0.5
2122.3667,  1.00000000,1,0,0.0,0.5
2122.4000,  1.00000000,1,0,0.0,0.5
2122.4333,  1.00000000,1,0,0.0,0.5
2122.4667,  1.00000000,1,0,0.0,0.5
2122.5000,  1.00000000,1,0,0.0,0.5
2122.5333,  1.00000000,1,0,0.0,0.5
2122.5667,  1.00000000,1,0,0.0,0.5
2122.6000,  1.00000000,1,0,0.0,0.5
2122.6333,  1.00000000,1,0,0.0,0.5
2122.6667,  1.00000000,1,0,0.0,0.5
2122.7000,  1.00000000,1,0,0.0,0.5
2122.7333,  1.00000000,1,0,0.0,0.5
2122.7667,  1.00000000,1,0,0.0,0.5
2122.8000,  1.00000000,1,0,0.0,0.5
2122.8333,  1.00000000,1,0,0.0,0.5
2122.8667,  1.00000000,1,0,0.0,0.5
2122.9000,  1.00000000,1,0,0.0,0.5
2122.9333,  1.00000000,1,0,0.0,0.5
2122.9667,  1.00000000,1,0,0.0,0.5
2123.0000,  1.00000000,1,0,0.0,0.5
2123.0333,  1.00000000,1,0,0.025000000000000001,0.5
2123.0667,  1.00000000,1,0,0.025000000000000001,0.5
2123.1000,  1.00000000,1,0,0.0,0.5
2123.1333,  1.00000000,1,0,0.0,0.5
2123.1667,  1.00000000,1,0,0.0,0.5
2123.2000,  1.00000000,1,0,0.0,0.5
2123.2333,  1.00000000,1,0,0.0,0.5
2123.2667,  1.00000000,1,0,0.0,0.5
2123.3000,  1.00000000,1,0,0.0,0.5
2123.3333,  1.00000000,1,0,0.0,0.5
2123.3667,  1.00000000,1,0,0.0,0.5
2123.4000,  1.00000000,1,0,0.0,0.5
2123.4333,  1.00000000,1,0,0.0,0.5
2123.4667,  1.00000000,1,0,0.0,0.5
2123.5000,  1.00000000,1,0,0.0,0.5
2123.5333,  1.00000000,1,0,0.0,0.5
2123.5667,  1.00000000,1,0,0.0,0.5
2123.6000,  1.00000000,1,0,0.0,0.5
2123.6333,  1.00000000,1,0,0.025000000000000001,0.5
2123.6667,  1.00000000,1,0,0.0,0.5
2123.7000,  1.00000000,1,0,0.0,0.5
2123.7333,  1.00000000,1,0,0.0,0.5
2123.7667,  1.00000000,1,0,0.0,0.5
2123.8000,  1.00000000,1,0,0.0,0.5
2123.8333,  1.00000000,1,0,0.0,0.5
2123.8667,  1.00000000,1,0,0.0,0.5
2123.9000,  1.00000000,1,0,0.050000000000000003,0.5
2123.9333,  1.00000000,1,0,0.0,0.5
2123.9667,  1.00000000,1,0,0.0,0.5
2124.0000,  1.00000000,1,0,0.0,0.5
2124.0333,  1.00000000,1,0,0.0,0.5
2124.0667,  1.00000000,1,0,0.0,0.5
2124.1000,  1.00000000,1,0,0.0,0.5
2124.1333,  1.00000000,1,0,0.025000000000000001,0.5
2124.1667,  1.00000000,1,0,0.0,0.5
2124.2000,  1.00000000,1,0,0.0,0.5
2124.2333,  1.00000000,1,0,0.0,0.5
2124.2667,  1.00000000,1,0,0.0,0.5
2124.3000,  1.00000000,1,0,0.025000000000000001,0.5
2124.3333,  1.00000000,1,0,0.0,0.5
2124.3667,  1.00000000,1,0,0.0,0.5
2124.4000,  1.00000000,1,0,0.0,0.5
2124.4333,  1.00000000,1,0,0.0,0.5
2124.4667,  1.00000000,1,0,0.025000000000000001,0.5
2124.5000,  1.00000000,1,0,0.0,0.5
2124.5333,  1.00000000,1,0,0.0,0.5
2124.5667,  1.00000000,1,0,0.0,0.5
2124.6000,  1.00000000,1,0,0.0,0.5
2124.6333,  1.00000000,1,0,0.0,0.5
2124.6667,  1.00000000,1,0,0.0,0.5
2124.7000,  1.00000000,1,0,0.0,0.5
2124.7333,  1.00000000,1,0,0.0,0.5
2124.7667,  1.00000000,1,0,0.0,0.5
2124.8000,  1.00000000,1,0,0.0,0.5
2124.8333,  1.00000000,1,0,0.0,0.5
2124.8667,  1.00000000,1,0,0.025000000000000001,0.5
2124.9000,  1.00000000,1,0,0.025000000000000001,0.5
2124.9333,  1.00000000,1,0,0.0,0.5
2124.9667,  1.00000000,1,0,0.0,0.5
2125.0000,  1.00000000,1,0,0.0,0.5
2125.0333,  1.00000000,1,0,0.0,0.5
2125.0667,  1.00000000,1,0,0.0,0.5
2125.1000,  1.00000000,1,0,0.0,0.5
2125.1333,  1.00000000,1,0,0.025000000000000001,0.5
2125.1667,  1.00000000,1,0,0.0,0.5
2125.2000,  1.00000000,1,0,0.0,0.5
2125.2333,  1.00000000,1,0,0.025000000000000001,0.5
2125.2667,  1.00000000,1,0,0.0,0.5
2125.3000,  1.00000000,1,0,0.025000000000000001,0.5
2125.3333,  1.00000000,1,0,0.0,0.5
2125.3667,  1.00000000,1,0,0.0,0.5
2125.4000,  1.00000000,1,0,0.025000000000000001,0.5
2125.4333,  1.00000000,1,0,0.0,0.5
2125.4667,  1.00000000,1,0,0.0,0.5
2125.5000,  1.00000000,1,0,0.0,0.5
2125.5333,  1.00000000,1,0,0.0,0.5
2125.5667,  1.00000000,1,0,0.0,0.5
2125.6000,  1.00000000,1,0,0.0,0.5
2125.6333,  1.00000000,1,0,0.0,0.5
2125.6667,  1.00000000,1,0,0.025000000000000001,0.5
2125.7000,  1.00000000,1,0,0.0,0.5
2125.7333,  1.00000000,1,0,0.0,0.5
2125.7667,  1.00000000,1,0,0.0,0.5
2125.8000,  1.00000000,1,0,0.0,0.5
2125.8333,  1.00000000,1,0,0.0,0.5
2125.8667,  1.00000000,1,0,0.0,0.5
2125.9000,  1.00000000,1,0,0.0,0.5
2125.9333,  1.00000000,1,0,0.0,0.5
2125.9667,  1.00000000,1,0,0.0,0.5
2126.0000,  1.00000000,1,0,0.0,0.5
2126.0333,  1.00000000,1,0,0.0,0.5
2126.0667,  1.00000000,1,0,0.0,0.5
2126.1000,  1.00000000,1,0,0.0,0.5
2126.1333,  1.00000000,1,0,0.0,0.5
2126.1667,  1.00000000,1,0,0.0,0.5
2126.2000,  1.00000000,1,0,0.0,0.5
2126.2333,  1.00000000,1,0,0.0,0.5
2126.2667,  1.00000000,1,0,0.0,0.5
2126.3000,  1.00000000,1,0,0.0,0.5
2126.3333,  1.00000000,1,0,0.0,0.5
2126.3667,  1.00000000,1,0,0.0,0.5
2126.4000,  1.00000000,1,0,0.0,0.5
2126.4333,  1.00000000,1,0,0.0,0.5
2126.4667,  1.00000000,1,0,0.0,0.5
2126.5000,  1.00000000,1,0,0.0,0.5
2126.5333,  1.00000000,1,0,0.0,0.5
2126.5667,  1.00000000,1,0,0.0,0.5
2126.6000,  1.00000000,1,0,0.0,0.5
2126.6333,  1.00000000,1,0,0.0,0.5
2126.6667,  1.00000000,1,0,0.0,0.5
2126.7000,  1.00000000,1,0,0.0,0.5
2126.7333,  1.00000000,1,0,0.0,0.5
2126.7667,  1.00000000,1,0,0.0,0.5
2126.8000,  1.00000000,1,0,0.0,0.5
2126.8333,  1.00000000,1,0,0.0,0.5
2126.8667,  1.00000000,1,0,0.0,0.5
2126.9000,  1.00000000,1,0,0.0,0.5
2126.9333,  1.00000000,1,0,0.0,0.5
2126.9667,  1.00000000,1,0,0.0,0.5
2127.0000,  1.00000000,1,0,0.025000000000000001,0.5
2127.0333,  1.00000000,1,0,0.0,0.5
2127.0667,  1.00000000,1,0,0.0,0.5
2127.1000,  1.00000000,1,0,0.0,0.5
2127.1333,  1.00000000,1,0,0.0,0.5
2127.1667,  1.00000000,1,0,0.0,0.5
2127.2000,  1.00000000,1,0,0.0,0.5
2127.2333,  1.00000000,1,0,0.0,0.5
2127.2667,  1.00000000,1,0,0.0,0.5
2127.3000,  1.00000000,1,0,0.0,0.5
2127.3333,  1.00000000,1,0,0.0,0.5
2127.3667,  1.00000000,1,0,0.0,0.5
2127.4000,  1.00000000,1,0,0.0,0.5
2127.4333,  1.00000000,1,0,0.0,0.5
2127.4667,  1.00000000,1,0,0.0,0.5
2127.5000,  1.00000000,1,0,0.0,0.5
2127.5333,  1.00000000,1,0,0.0,0.5
2127.5667,  1.00000000,1,0,0.0,0.5
2127.6000,  1.00000000,1,0,0.0,0.5
2127.6333,  1.00000000,1,0,0.0,0.5
2127.6667,  1.00000000,1,0,0.0,0.5
2127.7000,  1.00000000,1,0,0.0,0.5
2127.7333,  1.00000000,1,0,0.0,0.5
2127.7667,  1.00000000,1,0,0.0,0.5
2127.8000,  1.00000000,1,0,0.0,0.5
2127.8333,  1.00000000,1,0,0.0,0.5
2127.8667,  1.00000000,1,0,0.0,0.5
2127.9000,  1.00000000,1,0,0.025000000000000001,0.5
2127.9333,  1.00000000,1,0,0.0,0.5
2127.9667,  1.00000000,1,0,0.0,0.5
2128.0000,  1.00000000,1,0,0.0,0.5
2128.0333,  1.00000000,1,0,0.0,0.5
2128.0667,  1.00000000,1,0,0.0,0.5
2128.1000,  1.00000000,1,0,0.0,0.5
2128.1333,  1.00000000,1,0,0.0,0.5
2128.1667,  1.00000000,1,0,0.0,0.5
2128.2000,  1.00000000,1,0,0.0,0.5
2128.2333,  1.00000000,1,0,0.0,0.5
2128.2667,  1.00000000,1,0,0.0,0.5
2128.3000,  1.00000000,1,0,0.0,0.5
2128.3333,  1.00000000,1,0,0.0,0.5
2128.3667,  1.00000000,1,0,0.0,0.5
2128.4000,  1.00000000,1,0,0.0,0.5
2128.4333,  1.00000000,1,0,0.025000000000000001,0.5
2128.4667,  1.00000000,1,0,0.0,0.5
2128.5000,  1.00000000,1,0,0.0,0.5
2128.5333,  1.00000000,1,0,0.0,0.5
2128.5667,  1.00000000,1,0,0.0,0.5
2128.6000,  1.00000000,1,0,0.025000000000000001,0.5
2128.6333,  1.00000000,1,0,0.0,0.5
2128.6667,  1.00000000,1,0,0.0,0.5
2128.7000,  1.00000000,1,0,0.025000000000000001,0.5
2128.7333,  1.00000000,1,0,0.0,0.5
2128.7667,  1.00000000,1,0,0.0,0.5
2128.8000,  1.00000000,1,0,0.025000000000000001,0.5
2128.8333,  1.00000000,1,0,0.0,0.5
2128.8667,  1.00000000,1,0,0.0,0.5
2128.9000,  1.00000000,1,0,0.0,0.5
2128.9333,  1.00000000,1,0,0.0,0.5
2128.9667,  1.00000000,1,0,0.025000000000000001,0.5
2129.0000,  1.00000000,1,0,0.0,0.5
2129.0333,  1.00000000,1,0,0.0,0.5
2129.0667,  1.00000000,1,0,0.0,0.5
2129.1000,  1.00000000,1,0,0.0,0.5
2129.1333,  1.00000000,1,0,0.0,0.5
2129.1667,  1.00000000,1,0,0.0,0.5
2129.2000,  1.00000000,1,0,0.025000000000000001,0.5
2129.2333,  1.00000000,1,0,0.0,0.5
2129.2667,  1.00000000,1,0,0.0,0.5
2129.3000,  1.00000000,1,0,0.0,0.5
2129.3333,  1.00000000,1,0,0.0,0.5
2129.3667,  1.00000000,1,0,0.0,0.5
2129.4000,  1.00000000,1,0,0.0,0.5
2129.4333,  1.00000000,1,0,0.0,0.5
2129.4667,  1.00000000,1,0,0.0,0.5
2129.5000,  1.00000000,1,0,0.0,0.5
2129.5333,  1.00000000,1,0,0.025000000000000001,0.5
2129.5667,  1.00000000,1,0,0.0,0.5
2129.6000,  1.00000000,1,0,0.0,0.5
2129.6333,  1.00000000,1,0,0.0,0.5
2129.6667,  1.00000000,1,0,0.0,0.5
2129.7000,  1.00000000,1,0,0.0,0.5
2129.7333,  1.00000000,1,0,0.0,0.5
2129.7667,  1.00000000,1,0,0.0,0.5
2129.8000,  1.00000000,1,0,0.025000000000000001,0.5
2129.8333,  1.00000000,1,0,0.025000000000000001,0.5
2129.8667,  1.00000000,1,0,0.0,0.5
2129.9000,  1.00000000,1,0,0.0,0.5
2129.9333,  1.00000000,1,0,0.0,0.5
2129.9667,  1.00000000,1,0,0.0,0.5
2130.0000,  1.00000000,1,0,0.0,0.5
2130.0333,  1.00000000,1,0,0.0,0.5
2130.0667,  1.00000000,1,0,0.0,0.5
2130.1000,  1.00000000,1,0,0.0,0.5
2130.1333,  1.00000000,1,0,0.0,0.5
2130.1667,  1.00000000,1,0,0.0,0.5
2130.2000,  1.00000000,1,0,0.0,0.5
2130.2333,  1.00000000,1,0,0.0,0.5
2130.2667,  1.00000000,1,0,0.0,0.5
2130.3000,  1.00000000,1,0,0.0,0.5
2130.3333,  1.00000000,1,0,0.0,0.5
2130.3667,  1.00000000,1,0,0.0,0.5
2130.4000,  1.00000000,1,0,0.0,0.5
2130.4333,  1.00000000,1,0,0.0,0.5
2130.4667,  1.00000000,1,0,0.0,0.5
2130.5000,  1.00000000,1,0,0.0,0.5
2130.5333,  1.00000000,1,0,0.0,0.5
2130.5667,  1.00000000,1,0,0.0,0.5
2130.6000,  1.00000000,1,0,0.0,0.5
2130.6333,  1.00000000,1,0,0.0,0.5
2130.6667,  1.00000000,1,0,0.0,0.5
2130.7000,  1.00000000,1,0,0.0,0.5
2130.7333,  1.00000000,1,0,0.0,0.5
2130.7667,  1.00000000,1,0,0.0,0.5
2130.8000,  1.00000000,1,0,0.0,0.5
2130.8333,  1.00000000,1,0,0.0,0.5
2130.8667,  1.00000000,1,0,0.0,0.5
2130.9000,  1.00000000,1,0,0.0,0.5
2130.9333,  1.00000000,1,0,0.0,0.5
2130.9667,  1.00000000,1,0,0.0,0.5
2131.0000,  1.00000000,1,0,0.0,0.5
2131.0333,  1.00000000,1,0,0.0,0.5
2131.0667,  1.00000000,1,0,0.0,0.5
2131.1000,  1.00000000,1,0,0.0,0.5
2131.1333,  1.00000000,1,0,0.0,0.5
2131.1667,  1.00000000,1,0,0.0,0.5
2131.2000,  1.00000000,1,0,0.0,0.5
2131.2333,  1.00000000,1,0,0.0,0.5
2131.2667,  1.00000000,1,0,0.0,0.5
2131.3000,  1.00000000,1,0,0.0,0.5
2131.3333,  1.00000000,1,0,0.025000000000000001,0.5
2131.3667,  1.00000000,1,0,0.0,0.5
2131.4000,  1.00000000,1,0,0.0,0.5
2131.4333,  1.00000000,1,0,0.0,0.5
2131.4667,  1.00000000,1,0,0.0,0.5
2131.5000,  1.00000000,1,0,0.0,0.5
2131.5333,  1.00000000,1,0,0.0,0.5
2131.5667,  1.00000000,1,0,0.0,0.5
2131.6000,  1.00000000,1,0,0.0,0.5
2131.6333,  1.00000000,1,0,0.0,0.5
2131.6667,  1.00000000,1,0,0.0,0.5
2131.7000,  1.00000000,1,0,0.0,0.5
2131.7333,  1.00000000,1,0,0.025000000000000001,0.5
2131.7667,  1.00000000,1,0,0.0,0.5
2131.8000,  1.00000000,1,0,0.025000000000000001,0.5
2131.8333,  1.00000000,1,0,0.0,0.5
2131.8667,  1.00000000,1,0,0.0,0.5
2131.9000,  1.00000000,1,0,0.050000000000000003,0.5
2131.9333,  1.00000000,1,0,0.0,0.5
2131.9667,  1.00000000,1,0,0.0,0.5
2132.0000,  1.00000000,1,0,0.0,0.5
2132.0333,  1.00000000,1,0,0.0,0.5
2132.0667,  1.00000000,1,0,0.0,0.5
2132.1000,  1.00000000,1,0,0.0,0.5
2132.1333,  1.00000000,1,0,0.025000000000000001,0.5
2132.1667,  1.00000000,1,0,0.0,0.5
2132.2000,  1.00000000,1,0,0.0,0.5
2132.2333,  1.00000000,1,0,0.0,0.5
2132.2667,  1.00000000,1,0,0.0,0.5
2132.3000,  1.00000000,1,0,0.0,0.5
2132.3333,  1.00000000,1,0,0.0,0.5
2132.3667,  1.00000000,1,0,0.0,0.5
2132.4000,  1.00000000,1,0,0.0,0.5
2132.4333,  1.00000000,1,0,0.0,0.5
2132.4667,  1.00000000,1,0,0.0,0.5
2132.5000,  1.00000000,1,0,0.0,0.5
2132.5333,  1.00000000,1,0,0.0,0.5
2132.5667,  1.00000000,1,0,0.0,0.5
2132.6000,  1.00000000,1,0,0.0,0.5
2132.6333,  1.00000000,1,0,0.0,0.5
2132.6667,  1.00000000,1,0,0.0,0.5
2132.7000,  1.00000000,1,0,0.0,0.5
2132.7333,  1.00000000,1,0,0.0,0.5
2132.7667,  1.00000000,1,0,0.0,0.5
2132.8000,  1.00000000,1,0,0.0,0.5
2132.8333,  1.00000000,1,0,0.0,0.5
2132.8667,  1.00000000,1,0,0.0,0.5
2132.9000,  1.00000000,1,0,0.0,0.5
2132.9333,  1.00000000,1,0,0.0,0.5
2132.9667,  1.00000000,1,0,0.0,0.5
2133.0000,  1.00000000,1,0,0.0,0.5
2133.0333,  1.00000000,1,0,0.0,0.5
2133.0667,  1.00000000,1,0,0.0,0.5
2133.1000,  1.00000000,1,0,0.0,0.5
2133.1333,  1.00000000,1,0,0.0,0.5
2133.1667,  1.00000000,1,0,0.0,0.5
2133.2000,  1.00000000,1,0,0.0,0.5
2133.2333,  1.00000000,1,0,0.0,0.5
2133.2667,  1.00000000,1,0,0.0,0.5
2133.3000,  1.00000000,1,0,0.0,0.5
2133.3333,  1.00000000,1,0,0.0,0.5
2133.3667,  1.00000000,1,0,0.0,0.5
2133.4000,  1.00000000,1,0,0.0,0.5
2133.4333,  1.00000000,1,0,0.0,0.5
2133.4667,  1.00000000,1,0,0.0,0.5
2133.5000,  1.00000000,1,0,0.025000000000000001,0.5
2133.5333,  1.00000000,1,0,0.0,0.5
2133.5667,  1.00000000,1,0,0.0,0.5
2133.6000,  1.00000000,1,0,0.0,0.5
2133.6333,  1.00000000,1,0,0.0,0.5
2133.6667,  1.00000000,1,0,0.0,0.5
2133.7000,  1.00000000,1,0,0.0,0.5
2133.7333,  1.00000000,1,0,0.0,0.5
2133.7667,  1.00000000,1,0,0.0,0.5
2133.8000,  1.00000000,1,0,0.0,0.5
2133.8333,  1.00000000,1,0,0.0,0.5
2133.8667,  1.00000000,1,0,0.0,0.5
2133.9000,  1.00000000,1,0,0.0,0.5
2133.9333,  1.00000000,1,0,0.0,0.5
2133.9667,  1.00000000,1,0,0.0,0.5
2134.0000,  1.00000000,1,0,0.0,0.5
2134.0333,  1.00000000,1,0,0.0,0.5
2134.0667,  1.00000000,1,0,0.0,0.5
2134.1000,  1.00000000,1,0,0.0,0.5
2134.1333,  1.00000000,1,0,0.0,0.5
2134.1667,  1.00000000,1,0,0.0,0.5
2134.2000,  1.00000000,1,0,0.0,0.5
2134.2333,  1.00000000,1,0,0.0,0.5
2134.2667,  1.00000000,1,0,0.0,0.5
2134.3000,  1.00000000,1,0,0.0,0.5
2134.3333,  1.00000000,1,0,0.0,0.5
2134.3667,  1.00000000,1,0,0.025000000000000001,0.5
2134.4000,  1.00000000,1,0,0.0,0.5
2134.4333,  1.00000000,1,0,0.0,0.5
2134.4667,  1.00000000,1,0,0.0,0.5
2134.5000,  1.00000000,1,0,0.0,0.5
2134.5333,  1.00000000,1,0,0.0,0.5
2134.5667,  1.00000000,1,0,0.025000000000000001,0.5
2134.6000,  1.00000000,1,0,0.0,0.5
2134.6333,  1.00000000,1,0,0.0,0.5
2134.6667,  1.00000000,1,0,0.0,0.5
2134.7000,  1.00000000,1,0,0.0,0.5
2134.7333,  1.00000000,1,0,0.0,0.5
2134.7667,  1.00000000,1,0,0.0,0.5
2134.8000,  1.00000000,1,0,0.0,0.5
2134.8333,  1.00000000,1,0,0.0,0.5
2134.8667,  1.00000000,1,0,0.0,0.5
2134.9000,  1.00000000,1,0,0.0,0.5
2134.9333,  1.00000000,1,0,0.0,0.5
2134.9667,  1.00000000,1,0,0.0,0.5
2135.0000,  1.00000000,1,0,0.0,0.5
2135.0333,  1.00000000,1,0,0.0,0.5
2135.0667,  1.00000000,1,0,0.0,0.5
2135.1000,  1.00000000,1,0,0.0,0.5
2135.1333,  1.00000000,1,0,0.0,0.5
2135.1667,  1.00000000,1,0,0.0,0.5
2135.2000,  1.00000000,1,0,0.0,0.5
2135.2333,  1.00000000,1,0,0.0,0.5
2135.2667,  1.00000000,1,0,0.0,0.5
2135.3000,  1.00000000,1,0,0.0,0.5
2135.3333,  1.00000000,1,0,0.0,0.5
2135.3667,  1.00000000,1,0,0.0,0.5
2135.4000,  1.00000000,1,0,0.0,0.5
2135.4333,  1.00000000,1,0,0.0,0.5
2135.4667,  1.00000000,1,0,0.0,0.5
2135.5000,  1.00000000,1,0,0.0,0.5
2135.5333,  1.00000000,1,0,0.0,0.5
2135.5667,  1.00000000,1,0,0.025000000000000001,0.5
2135.6000,  1.00000000,1,0,0.0,0.5
2135.6333,  1.00000000,1,0,0.0,0.5
2135.6667,  1.00000000,1,0,0.0,0.5
2135.7000,  1.00000000,1,0,0.0,0.5
2135.7333,  1.00000000,1,0,0.0,0.5
2135.7667,  1.00000000,1,0,0.0,0.5
2135.8000,  1.00000000,1,0,0.0,0.5
2135.8333,  1.00000000,1,0,0.0,0.5
2135.8667,  1.00000000,1,0,0.0,0.5
2135.9000,  1.00000000,1,0,0.0,0.5
2135.9333,  1.00000000,1,0,0.0,0.5
2135.9667,  1.00000000,1,0,0.0,0.5
2136.0000,  1.00000000,1,0,0.0,0.5
2136.0333,  1.00000000,1,0,0.0,0.5
2136.0667,  1.00000000,1,0,0.0,0.5
2136.1000,  1.00000000,1,0,0.0,0.5
2136.1333,  1.00000000,1,0,0.0,0.5
2136.1667,  1.00000000,1,0,0.025000000000000001,0.5
2136.2000,  1.00000000,1,0,0.0,0.5
2136.2333,  1.00000000,1,0,0.0,0.5
2136.2667,  1.00000000,1,0,0.0,0.5
2136.3000,  1.00000000,1,0,0.0,0.5
2136.3333,  1.00000000,1,0,0.0,0.5
2136.3667,  1.00000000,1,0,0.0,0.5
2136.4000,  1.00000000,1,0,0.0,0.5
2136.4333,  1.00000000,1,0,0.0,0.5
2136.4667,  1.00000000,1,0,0.025000000000000001,0.5
2136.5000,  1.00000000,1,0,0.0,0.5
2136.5333,  1.00000000,1,0,0.0,0.5
2136.5667,  1.00000000,1,0,0.0,0.5
2136.6000,  1.00000000,1,0,0.0,0.5
2136.6333,  1.00000000,1,0,0.0,0.5
2136.6667,  1.00000000,1,0,0.0,0.5
2136.7000,  1.00000000,1,0,0.0,0.5
2136.7333,  1.00000000,1,0,0.0,0.5
2136.7667,  1.00000000,1,0,0.0,0.5
2136.8000,  1.00000000,1,0,0.0,0.5
2136.8333,  1.00000000,1,0,0.0,0.5
2136.8667,  1.00000000,1,0,0.0,0.5
2136.9000,  1.00000000,1,0,0.0,0.5
2136.9333,  1.00000000,1,0,0.0,0.5
2136.9667,  1.00000000,1,0,0.0,0.5
2137.0000,  1.00000000,1,0,0.0,0.5
2137.0333,  1.00000000,1,0,0.0,0.5
2137.0667,  1.00000000,1,0,0.0,0.5
2137.1000,  1.00000000,1,0,0.0,0.5
2137.1333,  1.00000000,1,0,0.0,0.5
2137.1667,  1.00000000,1,0,0.0,0.5
2137.2000,  1.00000000,1,0,0.0,0.5
2137.2333,  1.00000000,1,0,0.0,0.5
2137.2667,  1.00000000,1,0,0.0,0.5
2137.3000,  1.00000000,1,0,0.0,0.5
2137.3333,  1.00000000,1,0,0.0,0.5
2137.3667,  1.00000000,1,0,0.0,0.5
2137.4000,  1.00000000,1,0,0.025000000000000001,0.5
2137.4333,  1.00000000,1,0,0.0,0.5
2137.4667,  1.00000000,1,0,0.0,0.5
2137.5000,  1.00000000,1,0,0.0,0.5
2137.5333,  1.00000000,1,0,0.0,0.5
2137.5667,  1.00000000,1,0,0.0,0.5
2137.6000,  1.00000000,1,0,0.0,0.5
2137.6333,  1.00000000,1,0,0.025000000000000001,0.5
2137.6667,  1.00000000,1,0,0.0,0.5
2137.7000,  1.00000000,1,0,0.0,0.5
2137.7333,  1.00000000,1,0,0.0,0.5
2137.7667,  1.00000000,1,0,0.0,0.5
2137.8000,  1.00000000,1,0,0.0,0.5
2137.8333,  1.00000000,1,0,0.0,0.5
2137.8667,  1.00000000,1,0,0.0,0.5
2137.9000,  1.00000000,1,0,0.0,0.5
2137.9333,  1.00000000,1,0,0.0,0.5
2137.9667,  1.00000000,1,0,0.0,0.5
2138.0000,  1.00000000,1,0,0.0,0.5
2138.0333,  1.00000000,1,0,0.0,0.5
2138.0667,  1.00000000,1,0,0.0,0.5
2138.1000,  1.00000000,1,0,0.0,0.5
2138.1333,  1.00000000,1,0,0.025000000000000001,0.5
2138.1667,  1.00000000,1,0,0.0,0.5
2138.2000,  1.00000000,1,0,0.0,0.5
2138.2333,  1.00000000,1,0,0.0,0.5
2138.2667,  1.00000000,1,0,0.0,0.5
2138.3000,  1.00000000,1,0,0.0,0.5
2138.3333,  1.00000000,1,0,0.0,0.5
2138.3667,  1.00000000,1,0,0.0,0.5
2138.4000,  1.00000000,1,0,0.0,0.5
2138.4333,  1.00000000,1,0,0.0,0.5
2138.4667,  1.00000000,1,0,0.0,0.5
2138.5000,  1.00000000,1,0,0.0,0.5
2138.5333,  1.00000000,1,0,0.0,0.5
2138.5667,  1.00000000,1,0,0.0,0.5
2138.6000,  1.00000000,1,0,0.0,0.5
2138.6333,  1.00000000,1,0,0.025000000000000001,0.5
2138.6667,  1.00000000,1,0,0.0,0.5
2138.7000,  1.00000000,1,0,0.0,0.5
2138.7333,  1.00000000,1,0,0.025000000000000001,0.5
2138.7667,  1.00000000,1,0,0.0,0.5
2138.8000,  1.00000000,1,0,0.0,0.5
2138.8333,  1.00000000,1,0,0.0,0.5
2138.8667,  1.00000000,1,0,0.0,0.5
2138.9000,  1.00000000,1,0,0.0,0.5
2138.9333,  1.00000000,1,0,0.0,0.5
2138.9667,  1.00000000,1,0,0.0,0.5
2139.0000,  1.00000000,1,0,0.0,0.5
2139.0333,  1.00000000,1,0,0.0,0.5
2139.0667,  1.00000000,1,0,0.0,0.5
2139.1000,  1.00000000,1,0,0.0,0.5
2139.1333,  1.00000000,1,0,0.0,0.5
2139.1667,  1.00000000,1,0,0.0,0.5
2139.2000,  1.00000000,1,0,0.0,0.5
2139.2333,  1.00000000,1,0,0.0,0.5
2139.2667,  1.00000000,1,0,0.0,0.5
2139.3000,  1.00000000,1,0,0.0,0.5
2139.3333,  1.00000000,1,0,0.0,0.5
2139.3667,  1.00000000,1,0,0.0,0.5
2139.4000,  1.00000000,1,0,0.0,0.5
2139.4333,  1.00000000,1,0,0.0,0.5
2139.4667,  1.00000000,1,0,0.0,0.5
2139.5000,  1.00000000,1,0,0.0,0.5
2139.5333,  1.00000000,1,0,0.0,0.5
2139.5667,  1.00000000,1,0,0.0,0.5
2139.6000,  1.00000000,1,0,0.0,0.5
2139.6333,  1.00000000,1,0,0.0,0.5
2139.6667,  1.00000000,1,0,0.0,0.5
2139.7000,  1.00000000,1,0,0.0,0.5
2139.7333,  1.00000000,1,0,0.0,0.5
2139.7667,  1.00000000,1,0,0.0,0.5
2139.8000,  1.00000000,1,0,0.0,0.5
2139.8333,  1.00000000,1,0,0.0,0.5
2139.8667,  1.00000000,1,0,0.0,0.5
2139.9000,  1.00000000,1,0,0.0,0.5
2139.9333,  1.00000000,1,0,0.0,0.5
2139.9667,  1.00000000,1,0,0.0,0.5
2140.0000,  1.00000000,1,0,0.0,0.5
2140.0333,  1.00000000,1,0,0.0,0.5
2140.0667,  1.00000000,1,0,0.0,0.5
2140.1000,  1.00000000,1,0,0.0,0.5
2140.1333,  1.00000000,1,0,0.0,0.5
2140.1667,  1.00000000,1,0,0.0,0.5
2140.2000,  1.00000000,1,0,0.0,0.5
2140.2333,  1.00000000,1,0,0.0,0.5
2140.2667,  1.00000000,1,0,0.0,0.5
2140.3000,  1.00000000,1,0,0.025000000000000001,0.5
2140.3333,  1.00000000,1,0,0.0,0.5
2140.3667,  1.00000000,1,0,0.0,0.5
2140.4000,  1.00000000,1,0,0.0,0.5
2140.4333,  1.00000000,1,0,0.0,0.5
2140.4667,  1.00000000,1,0,0.0,0.5
2140.5000,  1.00000000,1,0,0.025000000000000001,0.5
2140.5333,  1.00000000,1,0,0.0,0.5
2140.5667,  1.00000000,1,0,0.0,0.5
2140.6000,  1.00000000,1,0,0.0,0.5
2140.6333,  1.00000000,1,0,0.0,0.5
2140.6667,  1.00000000,1,0,0.0,0.5
2140.7000,  1.00000000,1,0,0.0,0.5
2140.7333,  1.00000000,1,0,0.0,0.5
2140.7667,  1.00000000,1,0,0.025000000000000001,0.5
2140.8000,  1.00000000,1,0,0.0,0.5
2140.8333,  1.00000000,1,0,0.0,0.5
2140.8667,  1.00000000,1,0,0.0,0.5
2140.9000,  1.00000000,1,0,0.0,0.5
2140.9333,  1.00000000,1,0,0.0,0.5
2140.9667,  1.00000000,1,0,0.050000000000000003,0.5
2141.0000,  1.00000000,1,0,0.0,0.5
2141.0333,  1.00000000,1,0,0.0,0.5
2141.0667,  1.00000000,1,0,0.0,0.5
2141.1000,  1.00000000,1,0,0.0,0.5
2141.1333,  1.00000000,1,0,0.0,0.5
2141.1667,  1.00000000,1,0,0.0,0.5
2141.2000,  1.00000000,1,0,0.0,0.5
2141.2333,  1.00000000,1,0,0.0,0.5
2141.2667,  1.00000000,1,0,0.0,0.5
2141.3000,  1.00000000,1,0,0.0,0.5
2141.3333,  1.00000000,1,0,0.0,0.5
2141.3667,  1.00000000,1,0,0.0,0.5
2141.4000,  1.00000000,1,0,0.025000000000000001,0.5
2141.4333,  1.00000000,1,0,0.0,0.5
2141.4667,  1.00000000,1,0,0.0,0.5
2141.5000,  1.00000000,1,0,0.0,0.5
2141.5333,  1.00000000,1,0,0.0,0.5
2141.5667,  1.00000000,1,0,0.025000000000000001,0.5
2141.6000,  1.00000000,1,0,0.0,0.5
2141.6333,  1.00000000,1,0,0.0,0.5
2141.6667,  1.00000000,1,0,0.0,0.5
2141.7000,  1.00000000,1,0,0.025000000000000001,0.5
2141.7333,  1.00000000,1,0,0.025000000000000001,0.5
2141.7667,  1.00000000,1,0,0.0,0.5
2141.8000,  1.00000000,1,0,0.0,0.5
2141.8333,  1.00000000,1,0,0.0,0.5
2141.8667,  1.00000000,1,0,0.0,0.5
2141.9000,  1.00000000,1,0,0.0,0.5
2141.9333,  1.00000000,1,0,0.0,0.5
2141.9667,  1.00000000,1,0,0.0,0.5
2142.0000,  1.00000000,1,0,0.0,0.5
2142.0333,  1.00000000,1,0,0.025000000000000001,0.5
2142.0667,  1.00000000,1,0,0.0,0.5
2142.1000,  1.00000000,1,0,0.0,0.5
2142.1333,  1.00000000,1,0,0.0,0.5
2142.1667,  1.00000000,1,0,0.0,0.5
2142.2000,  1.00000000,1,0,0.0,0.5
2142.2333,  1.00000000,1,0,0.025000000000000001,0.5
2142.2667,  1.00000000,1,0,0.0,0.5
2142.3000,  1.00000000,1,0,0.0,0.5
2142.3333,  1.00000000,1,0,0.0,0.5
2142.3667,  1.00000000,1,0,0.0,0.5
2142.4000,  1.00000000,1,0,0.0,0.5
2142.4333,  1.00000000,1,0,0.0,0.5
2142.4667,  1.00000000,1,0,0.0,0.5
2142.5000,  1.00000000,1,0,0.0,0.5
2142.5333,  1.00000000,1,0,0.0,0.5
2142.5667,  1.00000000,1,0,0.0,0.5
2142.6000,  1.00000000,1,0,0.0,0.5
2142.6333,  1.00000000,1,0,0.0,0.5
2142.6667,  1.00000000,1,0,0.0,0.5
2142.7000,  1.00000000,1,0,0.0,0.5
2142.7333,  1.00000000,1,0,0.0,0.5
2142.7667,  1.00000000,1,0,0.0,0.5
2142.8000,  1.00000000,1,0,0.0,0.5
2142.8333,  1.00000000,1,0,0.025000000000000001,0.5
2142.8667,  1.00000000,1,0,0.0,0.5
2142.9000,  1.00000000,1,0,0.025000000000000001,0.5
2142.9333,  1.00000000,1,0,0.0,0.5
2142.9667,  1.00000000,1,0,0.0,0.5
2143.0000,  1.00000000,1,0,0.0,0.5
2143.0333,  1.00000000,1,0,0.025000000000000001,0.5
2143.0667,  1.00000000,1,0,0.0,0.5
2143.1000,  1.00000000,1,0,0.0,0.5
2143.1333,  1.00000000,1,0,0.0,0.5
2143.1667,  1.00000000,1,0,0.0,0.5
2143.2000,  1.00000000,1,0,0.0,0.5
2143.2333,  1.00000000,1,0,0.025000000000000001,0.5
2143.2667,  1.00000000,1,0,0.0,0.5
2143.3000,  1.00000000,1,0,0.0,0.5
2143.3333,  1.00000000,1,0,0.0,0.5
2143.3667,  1.00000000,1,0,0.0,0.5
2143.4000,  1.00000000,1,0,0.0,0.5
2143.4333,  1.00000000,1,0,0.0,0.5
2143.4667,  1.00000000,1,0,0.0,0.5
2143.5000,  1.00000000,1,0,0.0,0.5
2143.5333,  1.00000000,1,0,0.0,0.5
2143.5667,  1.00000000,1,0,0.0,0.5
2143.6000,  1.00000000,1,0,0.0,0.5
2143.6333,  1.00000000,1,0,0.0,0.5
2143.6667,  1.00000000,1,0,0.0,0.5
2143.7000,  1.00000000,1,0,0.0,0.5
2143.7333,  1.00000000,1,0,0.0,0.5
2143.7667,  1.00000000,1,0,0.0,0.5
2143.8000,  1.00000000,1,0,0.0,0.5
2143.8333,  1.00000000,1,0,0.0,0.5
2143.8667,  1.00000000,1,0,0.0,0.5
2143.9000,  1.00000000,1,0,0.0,0.5
2143.9333,  1.00000000,1,0,0.0,0.5
2143.9667,  1.00000000,1,0,0.0,0.5
2144.0000,  1.00000000,1,0,0.025000000000000001,0.5
2144.0333,  1.00000000,1,0,0.0,0.5
2144.0667,  1.00000000,1,0,0.0,0.5
2144.1000,  1.00000000,1,0,0.0,0.5
2144.1333,  1.00000000,1,0,0.0,0.5
2144.1667,  1.00000000,1,0,0.0,0.5
2144.2000,  1.00000000,1,0,0.0,0.5
2144.2333,  1.00000000,1,0,0.0,0.5
2144.2667,  1.00000000,1,0,0.0,0.5
2144.3000,  1.00000000,1,0,0.0,0.5
2144.3333,  1.00000000,1,0,0.0,0.5
2144.3667,  1.00000000,1,0,0.0,0.5
2144.4000,  1.00000000,1,0,0.0,0.5
2144.4333,  1.00000000,1,0,0.0,0.5
2144.4667,  1.00000000,1,0,0.0,0.5
2144.5000,  1.00000000,1,0,0.0,0.5
2144.5333,  1.00000000,1,0,0.025000000000000001,0.5
2144.5667,  1.00000000,1,0,0.0,0.5
2144.6000,  1.00000000,1,0,0.0,0.5
2144.6333,  1.00000000,1,0,0.0,0.5
2144.6667,  1.00000000,1,0,0.0,0.5
2144.7000,  1.00000000,1,0,0.0,0.5
2144.7333,  1.00000000,1,0,0.0,0.5
2144.7667,  1.00000000,1,0,0.0,0.5
2144.8000,  1.00000000,1,0,0.0,0.5
2144.8333,  1.00000000,1,0,0.0,0.5
2144.8667,  1.00000000,1,0,0.0,0.5
2144.9000,  1.00000000,1,0,0.0,0.5
2144.9333,  1.00000000,1,0,0.0,0.5
2144.9667,  1.00000000,1,0,0.0,0.5
2145.0000,  1.00000000,1,0,0.0,0.5
2145.0333,  1.00000000,1,0,0.0,0.5
2145.0667,  1.00000000,1,0,0.0,0.5
2145.1000,  1.00000000,1,0,0.0,0.5
2145.1333,  1.00000000,1,0,0.0,0.5
2145.1667,  1.00000000,1,0,0.025000000000000001,0.5
2145.2000,  1.00000000,1,0,0.025000000000000001,0.5
2145.2333,  1.00000000,1,0,0.0,0.5
2145.2667,  1.00000000,1,0,0.0,0.5
2145.3000,  1.00000000,1,0,0.0,0.5
2145.3333,  1.00000000,1,0,0.0,0.5
2145.3667,  1.00000000,1,0,0.0,0.5
2145.4000,  1.00000000,1,0,0.0,0.5
2145.4333,  1.00000000,1,0,0.0,0.5
2145.4667,  1.00000000,1,0,0.0,0.5
2145.5000,  1.00000000,1,0,0.0,0.5
2145.5333,  1.00000000,1,0,0.0,0.5
2145.5667,  1.00000000,1,0,0.0,0.5
2145.6000,  1.00000000,1,0,0.0,0.5
2145.6333,  1.00000000,1,0,0.0,0.5
2145.6667,  1.00000000,1,0,0.0,0.5
2145.7000,  1.00000000,1,0,0.0,0.5
2145.7333,  1.00000000,1,0,0.0,0.5
2145.7667,  1.00000000,1,0,0.0,0.5
2145.8000,  1.00000000,1,0,0.0,0.5
2145.8333,  1.00000000,1,0,0.0,0.5
2145.8667,  1.00000000,1,0,0.0,0.5
2145.9000,  1.00000000,1,0,0.0,0.5
2145.9333,  1.00000000,1,0,0.025000000000000001,0.5
2145.9667,  1.00000000,1,0,0.0,0.5
2146.0000,  1.00000000,1,0,0.0,0.5
2146.0333,  1.00000000,1,0,0.0,0.5
2146.0667,  1.00000000,1,0,0.0,0.5
2146.1000,  1.00000000,1,0,0.0,0.5
2146.1333,  1.00000000,1,0,0.0,0.5
2146.1667,  1.00000000,1,0,0.0,0.5
2146.2000,  1.00000000,1,0,0.025000000000000001,0.5
2146.2333,  1.00000000,1,0,0.0,0.5
2146.2667,  1.00000000,1,0,0.0,0.5
2146.3000,  1.00000000,1,0,0.0,0.5
2146.3333,  1.00000000,1,0,0.0,0.5
2146.3667,  1.00000000,1,0,0.0,0.5
2146.4000,  1.00000000,1,0,0.0,0.5
2146.4333,  1.00000000,1,0,0.0,0.5
2146.4667,  1.00000000,1,0,0.0,0.5
2146.5000,  1.00000000,1,0,0.0,0.5
2146.5333,  1.00000000,1,0,0.0,0.5
2146.5667,  1.00000000,1,0,0.0,0.5
2146.6000,  1.00000000,1,0,0.0,0.5
2146.6333,  1.00000000,1,0,0.0,0.5
2146.6667,  1.00000000,1,0,0.0,0.5
2146.7000,  1.00000000,1,0,0.0,0.5
2146.7333,  1.00000000,1,0,0.0,0.5
2146.7667,  1.00000000,1,0,0.025000000000000001,0.5
2146.8000,  1.00000000,1,0,0.0,0.5
2146.8333,  1.00000000,1,0,0.025000000000000001,0.5
2146.8667,  1.00000000,1,0,0.0,0.5
2146.9000,  1.00000000,1,0,0.0,0.5
2146.9333,  1.00000000,1,0,0.0,0.5
2146.9667,  1.00000000,1,0,0.0,0.5
2147.0000,  1.00000000,1,0,0.0,0.5
2147.0333,  1.00000000,1,0,0.025000000000000001,0.5
2147.0667,  1.00000000,1,0,0.0,0.5
2147.1000,  1.00000000,1,0,0.0,0.5
2147.1333,  1.00000000,1,0,0.0,0.5
2147.1667,  1.00000000,1,0,0.0,0.5
2147.2000,  1.00000000,1,0,0.0,0.5
2147.2333,  1.00000000,1,0,0.0,0.5
2147.2667,  1.00000000,1,0,0.0,0.5
2147.3000,  1.00000000,1,0,0.0,0.5
2147.3333,  1.00000000,1,0,0.025000000000000001,0.5
2147.3667,  1.00000000,1,0,0.0,0.5
2147.4000,  1.00000000,1,0,0.0,0.5
2147.4333,  1.00000000,1,0,0.0,0.5
2147.4667,  1.00000000,1,0,0.025000000000000001,0.5
2147.5000,  1.00000000,1,0,0.0,0.5
2147.5333,  1.00000000,1,0,0.0,0.5
2147.5667,  1.00000000,1,0,0.0,0.5
2147.6000,  1.00000000,1,0,0.0,0.5
2147.6333,  1.00000000,1,0,0.0,0.5
2147.6667,  1.00000000,1,0,0.0,0.5
2147.7000,  1.00000000,1,0,0.0,0.5
2147.7333,  1.00000000,1,0,0.0,0.5
2147.7667,  1.00000000,1,0,0.0,0.5
2147.8000,  1.00000000,1,0,0.0,0.5
2147.8333,  1.00000000,1,0,0.0,0.5
2147.8667,  1.00000000,1,0,0.0,0.5
2147.9000,  1.00000000,1,0,0.0,0.5
2147.9333,  1.00000000,1,0,0.0,0.5
2147.9667,  1.00000000,1,0,0.0,0.5
2148.0000,  1.00000000,1,0,0.0,0.5
2148.0333,  1.00000000,1,0,0.0,0.5
2148.0667,  1.00000000,1,0,0.0,0.5
2148.1000,  1.00000000,1,0,0.0,0.5
2148.1333,  1.00000000,1,0,0.0,0.5
2148.1667,  1.00000000,1,0,0.0,0.5
2148.2000,  1.00000000,1,0,0.0,0.5
2148.2333,  1.00000000,1,0,0.0,0.5
2148.2667,  1.00000000,1,0,0.0,0.5
2148.3000,  1.00000000,1,0,0.0,0.5
2148.3333,  1.00000000,1,0,0.0,0.5
2148.3667,  1.00000000,1,0,0.0,0.5
2148.4000,  1.00000000,1,0,0.0,0.5
2148.4333,  1.00000000,1,0,0.0,0.5
2148.4667,  1.00000000,1,0,0.0,0.5
2148.5000,  1.00000000,1,0,0.0,0.5
2148.5333,  1.00000000,1,0,0.0,0.5
2148.5667,  1.00000000,1,0,0.0,0.5
2148.6000,  1.00000000,1,0,0.0,0.5
2148.6333,  1.00000000,1,0,0.0,0.5
2148.6667,  1.00000000,1,0,0.0,0.5
2148.7000,  1.00000000,1,0,0.0,0.5
2148.7333,  1.00000000,1,0,0.0,0.5
2148.7667,  1.00000000,1,0,0.025000000000000001,0.5
2148.8000,  1.00000000,1,0,0.0,0.5
2148.8333,  1.00000000,1,0,0.0,0.5
2148.8667,  1.00000000,1,0,0.0,0.5
2148.9000,  1.00000000,1,0,0.0,0.5
2148.9333,  1.00000000,1,0,0.0,0.5
2148.9667,  1.00000000,1,0,0.0,0.5
2149.0000,  1.00000000,1,0,0.0,0.5
2149.0333,  1.00000000,1,0,0.025000000000000001,0.5
2149.0667,  1.00000000,1,0,0.0,0.5
2149.1000,  1.00000000,1,0,0.050000000000000003,0.5
2149.1333,  1.00000000,1,0,0.0,0.5
2149.1667,  1.00000000,1,0,0.0,0.5
2149.2000,  1.00000000,1,0,0.0,0.5
2149.2333,  1.00000000,1,0,0.0,0.5
2149.2667,  1.00000000,1,0,0.025000000000000001,0.5
2149.3000,  1.00000000,1,0,0.0,0.5
2149.3333,  1.00000000,1,0,0.0,0.5
2149.3667,  1.00000000,1,0,0.0,0.5
2149.4000,  1.00000000,1,0,0.0,0.5
2149.4333,  1.00000000,1,0,0.025000000000000001,0.5
2149.4667,  1.00000000,1,0,0.0,0.5
2149.5000,  1.00000000,1,0,0.0,0.5
2149.5333,  1.00000000,1,0,0.0,0.5
2149.5667,  1.00000000,1,0,0.0,0.5
2149.6000,  1.00000000,1,0,0.025000000000000001,0.5
2149.6333,  1.00000000,1,0,0.0,0.5
2149.6667,  1.00000000,1,0,0.0,0.5
2149.7000,  1.00000000,1,0,0.0,0.5
2149.7333,  1.00000000,1,0,0.0,0.5
2149.7667,  1.00000000,1,0,0.0,0.5
2149.8000,  1.00000000,1,0,0.0,0.5
2149.8333,  1.00000000,1,0,0.0,0.5
2149.8667,  1.00000000,1,0,0.0,0.5
2149.9000,  1.00000000,1,0,0.0,0.5
2149.9333,  1.00000000,1,0,0.0,0.5
2149.9667,  1.00000000,1,0,0.0,0.5
2150.0000,  1.00000000,1,0,0.0,0.5
2150.0333,  1.00000000,1,0,0.0,0.5
2150.0667,  1.00000000,1,0,0.0,0.5
2150.1000,  1.00000000,1,0,0.0,0.5
2150.1333,  1.00000000,1,0,0.0,0.5
2150.1667,  1.00000000,1,0,0.0,0.5
2150.2000,  1.00000000,1,0,0.0,0.5
2150.2333,  1.00000000,1,0,0.0,0.5
2150.2667,  1.00000000,1,0,0.0,0.5
2150.3000,  1.00000000,1,0,0.0,0.5
2150.3333,  1.00000000,1,0,0.0,0.5
2150.3667,  1.00000000,1,0,0.025000000000000001,0.5
2150.4000,  1.00000000,1,0,0.0,0.5
2150.4333,  1.00000000,1,0,0.0,0.5
2150.4667,  1.00000000,1,0,0.0,0.5
2150.5000,  1.00000000,1,0,0.0,0.5
2150.5333,  1.00000000,1,0,0.0,0.5
2150.5667,  1.00000000,1,0,0.0,0.5
2150.6000,  1.00000000,1,0,0.0,0.5
2150.6333,  1.00000000,1,0,0.0,0.5
2150.6667,  1.00000000,1,0,0.0,0.5
2150.7000,  1.00000000,1,0,0.0,0.5
2150.7333,  1.00000000,1,0,0.0,0.5
2150.7667,  1.00000000,1,0,0.0,0.5
2150.8000,  1.00000000,1,0,0.0,0.5
2150.8333,  1.00000000,1,0,0.0,0.5
2150.8667,  1.00000000,1,0,0.0,0.5
2150.9000,  1.00000000,1,0,0.0,0.5
2150.9333,  1.00000000,1,0,0.025000000000000001,0.5
2150.9667,  1.00000000,1,0,0.0,0.5
2151.0000,  1.00000000,1,0,0.0,0.5
2151.0333,  1.00000000,1,0,0.025000000000000001,0.5
2151.0667,  1.00000000,1,0,0.0,0.5
2151.1000,  1.00000000,1,0,0.0,0.5
2151.1333,  1.00000000,1,0,0.0,0.5
2151.1667,  1.00000000,1,0,0.025000000000000001,0.5
2151.2000,  1.00000000,1,0,0.0,0.5
2151.2333,  1.00000000,1,0,0.0,0.5
2151.2667,  1.00000000,1,0,0.0,0.5
2151.3000,  1.00000000,1,0,0.0,0.5
2151.3333,  1.00000000,1,0,0.0,0.5
2151.3667,  1.00000000,1,0,0.0,0.5
2151.4000,  1.00000000,1,0,0.0,0.5
2151.4333,  1.00000000,1,0,0.025000000000000001,0.5
2151.4667,  1.00000000,1,0,0.0,0.5
2151.5000,  1.00000000,1,0,0.0,0.5
2151.5333,  1.00000000,1,0,0.0,0.5
2151.5667,  1.00000000,1,0,0.025000000000000001,0.5
2151.6000,  1.00000000,1,0,0.0,0.5
2151.6333,  1.00000000,1,0,0.0,0.5
2151.6667,  1.00000000,1,0,0.0,0.5
2151.7000,  1.00000000,1,0,0.0,0.5
2151.7333,  1.00000000,1,0,0.0,0.5
2151.7667,  1.00000000,1,0,0.0,0.5
2151.8000,  1.00000000,1,0,0.0,0.5
2151.8333,  1.00000000,1,0,0.0,0.5
2151.8667,  1.00000000,1,0,0.0,0.5
2151.9000,  1.00000000,1,0,0.0,0.5
2151.9333,  1.00000000,1,0,0.0,0.5
2151.9667,  1.00000000,1,0,0.0,0.5
2152.0000,  1.00000000,1,0,0.0,0.5
2152.0333,  1.00000000,1,0,0.0,0.5
2152.0667,  1.00000000,1,0,0.0,0.5
2152.1000,  1.00000000,1,0,0.0,0.5
2152.1333,  1.00000000,1,0,0.0,0.5
2152.1667,  1.00000000,1,0,0.025000000000000001,0.5
2152.2000,  1.00000000,1,0,0.0,0.5
2152.2333,  1.00000000,1,0,0.0,0.5
2152.2667,  1.00000000,1,0,0.0,0.5
2152.3000,  1.00000000,1,0,0.050000000000000003,0.5
2152.3333,  1.00000000,1,0,0.0,0.5
2152.3667,  1.00000000,1,0,0.0,0.5
2152.4000,  1.00000000,1,0,0.025000000000000001,0.5
2152.4333,  1.00000000,1,0,0.025000000000000001,0.5
2152.4667,  1.00000000,1,0,0.0,0.5
2152.5000,  1.00000000,1,0,0.0,0.5
2152.5333,  1.00000000,1,0,0.0,0.5
2152.5667,  1.00000000,1,0,0.0,0.5
2152.6000,  1.00000000,1,0,0.025000000000000001,0.5
2152.6333,  1.00000000,1,0,0.0,0.5
2152.6667,  1.00000000,1,0,0.025000000000000001,0.5
2152.7000,  1.00000000,1,0,0.025000000000000001,0.5
2152.7333,  1.00000000,1,0,0.0,0.5
2152.7667,  1.00000000,1,0,0.0,0.5
2152.8000,  1.00000000,1,0,0.0,0.5
2152.8333,  1.00000000,1,0,0.0,0.5
2152.8667,  1.00000000,1,0,0.0,0.5
2152.9000,  1.00000000,1,0,0.0,0.5
2152.9333,  1.00000000,1,0,0.0,0.5
2152.9667,  1.00000000,1,0,0.0,0.5
2153.0000,  1.00000000,1,0,0.0,0.5
2153.0333,  1.00000000,1,0,0.0,0.5
2153.0667,  1.00000000,1,0,0.0,0.5
2153.1000,  1.00000000,1,0,0.0,0.5
2153.1333,  1.00000000,1,0,0.0,0.5
2153.1667,  1.00000000,1,0,0.025000000000000001,0.5
2153.2000,  1.00000000,1,0,0.0,0.5
2153.2333,  1.00000000,1,0,0.0,0.5
2153.2667,  1.00000000,1,0,0.0,0.5
2153.3000,  1.00000000,1,0,0.025000000000000001,0.5
2153.3333,  1.00000000,1,0,0.0,0.5
2153.3667,  1.00000000,1,0,0.0,0.5
2153.4000,  1.00000000,1,0,0.0,0.5
2153.4333,  1.00000000,1,0,0.0,0.5
2153.4667,  1.00000000,1,0,0.0,0.5
2153.5000,  1.00000000,1,0,0.0,0.5
2153.5333,  1.00000000,1,0,0.025000000000000001,0.5
2153.5667,  1.00000000,1,0,0.0,0.5
2153.6000,  1.00000000,1,0,0.0,0.5
2153.6333,  1.00000000,1,0,0.0,0.5
2153.6667,  1.00000000,1,0,0.0,0.5
2153.7000,  1.00000000,1,0,0.0,0.5
2153.7333,  1.00000000,1,0,0.0,0.5
2153.7667,  1.00000000,1,0,0.0,0.5
2153.8000,  1.00000000,1,0,0.0,0.5
2153.8333,  1.00000000,1,0,0.0,0.5
2153.8667,  1.00000000,1,0,0.0,0.5
2153.9000,  1.00000000,1,0,0.025000000000000001,0.5
2153.9333,  1.00000000,1,0,0.0,0.5
2153.9667,  1.00000000,1,0,0.0,0.5
2154.0000,  1.00000000,1,0,0.0,0.5
2154.0333,  1.00000000,1,0,0.0,0.5
2154.0667,  1.00000000,1,0,0.0,0.5
2154.1000,  1.00000000,1,0,0.0,0.5
2154.1333,  1.00000000,1,0,0.0,0.5
2154.1667,  1.00000000,1,0,0.025000000000000001,0.5
2154.2000,  1.00000000,1,0,0.0,0.5
2154.2333,  1.00000000,1,0,0.0,0.5
2154.2667,  1.00000000,1,0,0.0,0.5
2154.3000,  1.00000000,1,0,0.0,0.5
2154.3333,  1.00000000,1,0,0.0,0.5
2154.3667,  1.00000000,1,0,0.025000000000000001,0.5
2154.4000,  1.00000000,1,0,0.0,0.5
2154.4333,  1.00000000,1,0,0.0,0.5
2154.4667,  1.00000000,1,0,0.0,0.5
2154.5000,  1.00000000,1,0,0.0,0.5
2154.5333,  1.00000000,1,0,0.0,0.5
2154.5667,  1.00000000,1,0,0.0,0.5
2154.6000,  1.00000000,1,0,0.0,0.5
2154.6333,  1.00000000,1,0,0.0,0.5
2154.6667,  1.00000000,1,0,0.0,0.5
2154.7000,  1.00000000,1,0,0.0,0.5
2154.7333,  1.00000000,1,0,0.0,0.5
2154.7667,  1.00000000,1,0,0.0,0.5
2154.8000,  1.00000000,1,0,0.0,0.5
2154.8333,  1.00000000,1,0,0.0,0.5
2154.8667,  1.00000000,1,0,0.0,0.5
2154.9000,  1.00000000,1,0,0.0,0.5
2154.9333,  1.00000000,1,0,0.0,0.5
2154.9667,  1.00000000,1,0,0.0,0.5
2155.0000,  1.00000000,1,0,0.0,0.5
2155.0333,  1.00000000,1,0,0.0,0.5
2155.0667,  1.00000000,1,0,0.0,0.5
2155.1000,  1.00000000,1,0,0.0,0.5
2155.1333,  1.00000000,1,0,0.0,0.5
2155.1667,  1.00000000,1,0,0.0,0.5
2155.2000,  1.00000000,1,0,0.0,0.5
2155.2333,  1.00000000,1,0,0.0,0.5
2155.2667,  1.00000000,1,0,0.0,0.5
2155.3000,  1.00000000,1,0,0.0,0.5
2155.3333,  1.00000000,1,0,0.0,0.5
2155.3667,  1.00000000,1,0,0.0,0.5
2155.4000,  1.00000000,1,0,0.0,0.5
2155.4333,  1.00000000,1,0,0.0,0.5
2155.4667,  1.00000000,1,0,0.0,0.5
2155.5000,  1.00000000,1,0,0.0,0.5
2155.5333,  1.00000000,1,0,0.0,0.5
2155.5667,  1.00000000,1,0,0.0,0.5
2155.6000,  1.00000000,1,0,0.0,0.5
2155.6333,  1.00000000,1,0,0.0,0.5
2155.6667,  1.00000000,1,0,0.025000000000000001,0.5
2155.7000,  1.00000000,1,0,0.0,0.5
2155.7333,  1.00000000,1,0,0.0,0.5
2155.7667,  1.00000000,1,0,0.0,0.5
2155.8000,  1.00000000,1,0,0.0,0.5
2155.8333,  1.00000000,1,0,0.0,0.5
2155.8667,  1.00000000,1,0,0.0,0.5
2155.9000,  1.00000000,1,0,0.0,0.5
2155.9333,  1.00000000,1,0,0.0,0.5
2155.9667,  1.00000000,1,0,0.0,0.5
2156.0000,  1.00000000,1,0,0.0,0.5
2156.0333,  1.00000000,1,0,0.0,0.5
2156.0667,  1.00000000,1,0,0.0,0.5
2156.1000,  1.00000000,1,0,0.0,0.5
2156.1333,  1.00000000,1,0,0.0,0.5
2156.1667,  1.00000000,1,0,0.0,0.5
2156.2000,  1.00000000,1,0,0.0,0.5
2156.2333,  1.00000000,1,0,0.0,0.5
2156.2667,  1.00000000,1,0,0.0,0.5
2156.3000,  1.00000000,1,0,0.0,0.5
2156.3333,  1.00000000,1,0,0.0,0.5
2156.3667,  1.00000000,1,0,0.0,0.5
2156.4000,  1.00000000,1,0,0.0,0.5
2156.4333,  1.00000000,1,0,0.0,0.5
2156.4667,  1.00000000,1,0,0.0,0.5
2156.5000,  1.00000000,1,0,0.0,0.5
2156.5333,  1.00000000,1,0,0.0,0.5
2156.5667,  1.00000000,1,0,0.0,0.5
2156.6000,  1.00000000,1,0,0.0,0.5
2156.6333,  1.00000000,1,0,0.0,0.5
2156.6667,  1.00000000,1,0,0.025000000000000001,0.5
2156.7000,  1.00000000,1,0,0.0,0.5
2156.7333,  1.00000000,1,0,0.0,0.5
2156.7667,  1.00000000,1,0,0.0,0.5
2156.8000,  1.00000000,1,0,0.0,0.5
2156.8333,  1.00000000,1,0,0.0,0.5
2156.8667,  1.00000000,1,0,0.0,0.5
2156.9000,  1.00000000,1,0,0.0,0.5
2156.9333,  1.00000000,1,0,0.0,0.5
2156.9667,  1.00000000,1,0,0.025000000000000001,0.5
2157.0000,  1.00000000,1,0,0.0,0.5
2157.0333,  1.00000000,1,0,0.025000000000000001,0.5
2157.0667,  1.00000000,1,0,0.0,0.5
2157.1000,  1.00000000,1,0,0.0,0.5
2157.1333,  1.00000000,1,0,0.0,0.5
2157.1667,  1.00000000,1,0,0.0,0.5
2157.2000,  1.00000000,1,0,0.0,0.5
2157.2333,  1.00000000,1,0,0.0,0.5
2157.2667,  1.00000000,1,0,0.0,0.5
2157.3000,  1.00000000,1,0,0.0,0.5
2157.3333,  1.00000000,1,0,0.0,0.5
2157.3667,  1.00000000,1,0,0.0,0.5
2157.4000,  1.00000000,1,0,0.025000000000000001,0.5
2157.4333,  1.00000000,1,0,0.0,0.5
2157.4667,  1.00000000,1,0,0.0,0.5
2157.5000,  1.00000000,1,0,0.0,0.5
2157.5333,  1.00000000,1,0,0.0,0.5
2157.5667,  1.00000000,1,0,0.0,0.5
2157.6000,  1.00000000,1,0,0.0,0.5
2157.6333,  1.00000000,1,0,0.0,0.5
2157.6667,  1.00000000,1,0,0.0,0.5
2157.7000,  1.00000000,1,0,0.0,0.5
2157.7333,  1.00000000,1,0,0.0,0.5
2157.7667,  1.00000000,1,0,0.0,0.5
2157.8000,  1.00000000,1,0,0.0,0.5
2157.8333,  1.00000000,1,0,0.0,0.5
2157.8667,  1.00000000,1,0,0.0,0.5
2157.9000,  1.00000000,1,0,0.0,0.5
2157.9333,  1.00000000,1,0,0.0,0.5
2157.9667,  1.00000000,1,0,0.0,0.5
2158.0000,  1.00000000,1,0,0.0,0.5
2158.0333,  1.00000000,1,0,0.0,0.5
2158.0667,  1.00000000,1,0,0.0,0.5
2158.1000,  1.00000000,1,0,0.0,0.5
2158.1333,  1.00000000,1,0,0.0,0.5
2158.1667,  1.00000000,1,0,0.0,0.5
2158.2000,  1.00000000,1,0,0.0,0.5
2158.2333,  1.00000000,1,0,0.0,0.5
2158.2667,  1.00000000,1,0,0.025000000000000001,0.5
2158.3000,  1.00000000,1,0,0.0,0.5
2158.3333,  1.00000000,1,0,0.0,0.5
2158.3667,  1.00000000,1,0,0.0,0.5
2158.4000,  1.00000000,1,0,0.0,0.5
2158.4333,  1.00000000,1,0,0.0,0.5
2158.4667,  1.00000000,1,0,0.0,0.5
2158.5000,  1.00000000,1,0,0.0,0.5
2158.5333,  1.00000000,1,0,0.0,0.5
2158.5667,  1.00000000,1,0,0.0,0.5
2158.6000,  1.00000000,1,0,0.0,0.5
2158.6333,  1.00000000,1,0,0.0,0.5
2158.6667,  1.00000000,1,0,0.0,0.5
2158.7000,  1.00000000,1,0,0.025000000000000001,0.5
2158.7333,  1.00000000,1,0,0.0,0.5
2158.7667,  1.00000000,1,0,0.0,0.5
2158.8000,  1.00000000,1,0,0.0,0.5
2158.8333,  1.00000000,1,0,0.0,0.5
2158.8667,  1.00000000,1,0,0.0,0.5
2158.9000,  1.00000000,1,0,0.0,0.5
2158.9333,  1.00000000,1,0,0.0,0.5
2158.9667,  1.00000000,1,0,0.0,0.5
2159.0000,  1.00000000,1,0,0.025000000000000001,0.5
2159.0333,  1.00000000,1,0,0.0,0.5
2159.0667,  1.00000000,1,0,0.0,0.5
2159.1000,  1.00000000,1,0,0.0,0.5
2159.1333,  1.00000000,1,0,0.0,0.5
2159.1667,  1.00000000,1,0,0.0,0.5
2159.2000,  1.00000000,1,0,0.0,0.5
2159.2333,  1.00000000,1,0,0.0,0.5
2159.2667,  1.00000000,1,0,0.0,0.5
2159.3000,  1.00000000,1,0,0.0,0.5
2159.3333,  1.00000000,1,0,0.0,0.5
2159.3667,  1.00000000,1,0,0.0,0.5
2159.4000,  1.00000000,1,0,0.0,0.5
2159.4333,  1.00000000,1,0,0.0,0.5
2159.4667,  1.00000000,1,0,0.0,0.5
2159.5000,  1.00000000,1,0,0.0,0.5
2159.5333,  1.00000000,1,0,0.0,0.5
2159.5667,  1.00000000,1,0,0.0,0.5
2159.6000,  1.00000000,1,0,0.0,0.5
2159.6333,  1.00000000,1,0,0.0,0.5
2159.6667,  1.00000000,1,0,0.0,0.5
2159.7000,  1.00000000,1,0,0.0,0.5
2159.7333,  1.00000000,1,0,0.0,0.5
2159.7667,  1.00000000,1,0,0.0,0.5
2159.8000,  1.00000000,1,0,0.0,0.5
2159.8333,  1.00000000,1,0,0.0,0.5
2159.8667,  1.00000000,1,0,0.0,0.5
2159.9000,  1.00000000,1,0,0.0,0.5
2159.9333,  1.00000000,1,0,0.0,0.5
2159.9667,  1.00000000,1,0,0.0,0.5
2160.0000,  1.00000000,1,0,0.0,0.5
2160.0333,  1.00000000,1,0,0.0,0.5
2160.0667,  1.00000000,1,0,0.0,0.5
2160.1000,  1.00000000,1,0,0.0,0.5
2160.1333,  1.00000000,1,0,0.0,0.5
2160.1667,  1.00000000,1,0,0.0,0.5
2160.2000,  1.00000000,1,0,0.0,0.5
2160.2333,  1.00000000,1,0,0.0,0.5
2160.2667,  1.00000000,1,0,0.0,0.5
2160.3000,  1.00000000,1,0,0.0,0.5
2160.3333,  1.00000000,1,0,0.025000000000000001,0.5
2160.3667,  1.00000000,1,0,0.0,0.5
2160.4000,  1.00000000,1,0,0.025000000000000001,0.5
2160.4333,  1.00000000,1,0,0.0,0.5
2160.4667,  1.00000000,1,0,0.0,0.5
2160.5000,  1.00000000,1,0,0.0,0.5
2160.5333,  1.00000000,1,0,0.0,0.5
2160.5667,  1.00000000,1,0,0.0,0.5
2160.6000,  1.00000000,1,0,0.0,0.5
2160.6333,  1.00000000,1,0,0.025000000000000001,0.5
2160.6667,  1.00000000,1,0,0.025000000000000001,0.5
2160.7000,  1.00000000,1,0,0.0,0.5
2160.7333,  1.00000000,1,0,0.0,0.5
2160.7667,  1.00000000,1,0,0.0,0.5
2160.8000,  1.00000000,1,0,0.0,0.5
2160.8333,  1.00000000,1,0,0.0,0.5
2160.8667,  1.00000000,1,0,0.0,0.5
2160.9000,  1.00000000,1,0,0.0,0.5
2160.9333,  1.00000000,1,0,0.0,0.5
2160.9667,  1.00000000,1,0,0.0,0.5
2161.0000,  1.00000000,1,0,0.0,0.5
2161.0333,  1.00000000,1,0,0.0,0.5
2161.0667,  1.00000000,1,0,0.0,0.5
2161.1000,  1.00000000,1,0,0.025000000000000001,0.5
2161.1333,  1.00000000,1,0,0.0,0.5
2161.1667,  1.00000000,1,0,0.0,0.5
2161.2000,  1.00000000,1,0,0.0,0.5
2161.2333,  1.00000000,1,0,0.0,0.5
2161.2667,  1.00000000,1,0,0.0,0.5
2161.3000,  1.00000000,1,0,0.0,0.5
2161.3333,  1.00000000,1,0,0.0,0.5
2161.3667,  1.00000000,1,0,0.025000000000000001,0.5
2161.4000,  1.00000000,1,0,0.0,0.5
2161.4333,  1.00000000,1,0,0.0,0.5
2161.4667,  1.00000000,1,0,0.0,0.5
2161.5000,  1.00000000,1,0,0.0,0.5
2161.5333,  1.00000000,1,0,0.0,0.5
2161.5667,  1.00000000,1,0,0.0,0.5
2161.6000,  1.00000000,1,0,0.0,0.5
2161.6333,  1.00000000,1,0,0.0,0.5
2161.6667,  1.00000000,1,0,0.0,0.5
2161.7000,  1.00000000,1,0,0.0,0.5
2161.7333,  1.00000000,1,0,0.0,0.5
2161.7667,  1.00000000,1,0,0.0,0.5
2161.8000,  1.00000000,1,0,0.0,0.5
2161.8333,  1.00000000,1,0,0.0,0.5
2161.8667,  1.00000000,1,0,0.0,0.5
2161.9000,  1.00000000,1,0,0.0,0.5
2161.9333,  1.00000000,1,0,0.025000000000000001,0.5
2161.9667,  1.00000000,1,0,0.0,0.5
2162.0000,  1.00000000,1,0,0.0,0.5
2162.0333,  1.00000000,1,0,0.0,0.5
2162.0667,  1.00000000,1,0,0.0,0.5
2162.1000,  1.00000000,1,0,0.025000000000000001,0.5
2162.1333,  1.00000000,1,0,0.0,0.5
2162.1667,  1.00000000,1,0,0.025000000000000001,0.5
2162.2000,  1.00000000,1,0,0.0,0.5
2162.2333,  1.00000000,1,0,0.025000000000000001,0.5
2162.2667,  1.00000000,1,0,0.0,0.5
2162.3000,  1.00000000,1,0,0.0,0.5
2162.3333,  1.00000000,1,0,0.0,0.5
2162.3667,  1.00000000,1,0,0.0,0.5
2162.4000,  1.00000000,1,0,0.0,0.5
2162.4333,  1.00000000,1,0,0.0,0.5
2162.4667,  1.00000000,1,0,0.0,0.5
2162.5000,  1.00000000,1,0,0.0,0.5
2162.5333,  1.00000000,1,0,0.0,0.5
2162.5667,  1.00000000,1,0,0.0,0.5
2162.6000,  1.00000000,1,0,0.0,0.5
2162.6333,  1.00000000,1,0,0.0,0.5
2162.6667,  1.00000000,1,0,0.025000000000000001,0.5
2162.7000,  1.00000000,1,0,0.0,0.5
2162.7333,  1.00000000,1,0,0.0,0.5
2162.7667,  1.00000000,1,0,0.0,0.5
2162.8000,  1.00000000,1,0,0.0,0.5
2162.8333,  1.00000000,1,0,0.0,0.5
2162.8667,  1.00000000,1,0,0.0,0.5
2162.9000,  1.00000000,1,0,0.0,0.5
2162.9333,  1.00000000,1,0,0.0,0.5
2162.9667,  1.00000000,1,0,0.0,0.5
2163.0000,  1.00000000,1,0,0.0,0.5
2163.0333,  1.00000000,1,0,0.0,0.5
2163.0667,  1.00000000,1,0,0.0,0.5
2163.1000,  1.00000000,1,0,0.0,0.5
2163.1333,  1.00000000,1,0,0.0,0.5
2163.1667,  1.00000000,1,0,0.0,0.5
2163.2000,  1.00000000,1,0,0.0,0.5
2163.2333,  1.00000000,1,0,0.0,0.5
2163.2667,  1.00000000,1,0,0.025000000000000001,0.5
2163.3000,  1.00000000,1,0,0.025000000000000001,0.5
2163.3333,  1.00000000,1,0,0.0,0.5
2163.3667,  1.00000000,1,0,0.0,0.5
2163.4000,  1.00000000,1,0,0.0,0.5
2163.4333,  1.00000000,1,0,0.0,0.5
2163.4667,  1.00000000,1,0,0.0,0.5
2163.5000,  1.00000000,1,0,0.0,0.5
2163.5333,  1.00000000,1,0,0.0,0.5
2163.5667,  1.00000000,1,0,0.0,0.5
2163.6000,  1.00000000,1,0,0.0,0.5
2163.6333,  1.00000000,1,0,0.0,0.5
2163.6667,  1.00000000,1,0,0.0,0.5
2163.7000,  1.00000000,1,0,0.0,0.5
2163.7333,  1.00000000,1,0,0.0,0.5
2163.7667,  1.00000000,1,0,0.0,0.5
2163.8000,  1.00000000,1,0,0.0,0.5
2163.8333,  1.00000000,1,0,0.0,0.5
2163.8667,  1.00000000,1,0,0.025000000000000001,0.5
2163.9000,  1.00000000,1,0,0.0,0.5
2163.9333,  1.00000000,1,0,0.0,0.5
2163.9667,  1.00000000,1,0,0.0,0.5
2164.0000,  1.00000000,1,0,0.0,0.5
2164.0333,  1.00000000,1,0,0.025000000000000001,0.5
2164.0667,  1.00000000,1,0,0.0,0.5
2164.1000,  1.00000000,1,0,0.0,0.5
2164.1333,  1.00000000,1,0,0.0,0.5
2164.1667,  1.00000000,1,0,0.0,0.5
2164.2000,  1.00000000,1,0,0.0,0.5
2164.2333,  1.00000000,1,0,0.0,0.5
2164.2667,  1.00000000,1,0,0.0,0.5
2164.3000,  1.00000000,1,0,0.025000000000000001,0.5
2164.3333,  1.00000000,1,0,0.0,0.5
2164.3667,  1.00000000,1,0,0.0,0.5
2164.4000,  1.00000000,1,0,0.0,0.5
2164.4333,  1.00000000,1,0,0.0,0.5
2164.4667,  1.00000000,1,0,0.0,0.5
2164.5000,  1.00000000,1,0,0.0,0.5
2164.5333,  1.00000000,1,0,0.0,0.5
2164.5667,  1.00000000,1,0,0.0,0.5
2164.6000,  1.00000000,1,0,0.0,0.5
2164.6333,  1.00000000,1,0,0.0,0.5
2164.6667,  1.00000000,1,0,0.0,0.5
2164.7000,  1.00000000,1,0,0.0,0.5
2164.7333,  1.00000000,1,0,0.0,0.5
2164.7667,  1.00000000,1,0,0.0,0.5
2164.8000,  1.00000000,1,0,0.0,0.5
2164.8333,  1.00000000,1,0,0.0,0.5
2164.8667,  1.00000000,1,0,0.0,0.5
2164.9000,  1.00000000,1,0,0.0,0.5
2164.9333,  1.00000000,1,0,0.0,0.5
2164.9667,  1.00000000,1,0,0.0,0.5
2165.0000,  1.00000000,1,0,0.0,0.5
2165.0333,  1.00000000,1,0,0.0,0.5
2165.0667,  1.00000000,1,0,0.025000000000000001,0.5
2165.1000,  1.00000000,1,0,0.0,0.5
2165.1333,  1.00000000,1,0,0.0,0.5
2165.1667,  1.00000000,1,0,0.0,0.5
2165.2000,  1.00000000,1,0,0.0,0.5
2165.2333,  1.00000000,1,0,0.0,0.5
2165.2667,  1.00000000,1,0,0.0,0.5
2165.3000,  1.00000000,1,0,0.0,0.5
2165.3333,  1.00000000,1,0,0.0,0.5
2165.3667,  1.00000000,1,0,0.0,0.5
2165.4000,  1.00000000,1,0,0.0,0.5
2165.4333,  1.00000000,1,0,0.0,0.5
2165.4667,  1.00000000,1,0,0.0,0.5
2165.5000,  1.00000000,1,0,0.0,0.5
2165.5333,  1.00000000,1,0,0.0,0.5
2165.5667,  1.00000000,1,0,0.025000000000000001,0.5
2165.6000,  1.00000000,1,0,0.0,0.5
2165.6333,  1.00000000,1,0,0.025000000000000001,0.5
2165.6667,  1.00000000,1,0,0.0,0.5
2165.7000,  1.00000000,1,0,0.0,0.5
2165.7333,  1.00000000,1,0,0.0,0.5
2165.7667,  1.00000000,1,0,0.0,0.5
2165.8000,  1.00000000,1,0,0.025000000000000001,0.5
2165.8333,  1.00000000,1,0,0.0,0.5
2165.8667,  1.00000000,1,0,0.0,0.5
2165.9000,  1.00000000,1,0,0.0,0.5
2165.9333,  1.00000000,1,0,0.0,0.5
2165.9667,  1.00000000,1,0,0.0,0.5
2166.0000,  1.00000000,1,0,0.0,0.5
2166.0333,  1.00000000,1,0,0.0,0.5
2166.0667,  1.00000000,1,0,0.0,0.5
2166.1000,  1.00000000,1,0,0.0,0.5
2166.1333,  1.00000000,1,0,0.0,0.5
2166.1667,  1.00000000,1,0,0.0,0.5
2166.2000,  1.00000000,1,0,0.0,0.5
2166.2333,  1.00000000,1,0,0.0,0.5
2166.2667,  1.00000000,1,0,0.0,0.5
2166.3000,  1.00000000,1,0,0.0,0.5
2166.3333,  1.00000000,1,0,0.0,0.5
2166.3667,  1.00000000,1,0,0.0,0.5
2166.4000,  1.00000000,1,0,0.0,0.5
2166.4333,  1.00000000,1,0,0.0,0.5
2166.4667,  1.00000000,1,0,0.0,0.5
2166.5000,  1.00000000,1,0,0.0,0.5
2166.5333,  1.00000000,1,0,0.0,0.5
2166.5667,  1.00000000,1,0,0.0,0.5
2166.6000,  1.00000000,1,0,0.0,0.5
2166.6333,  1.00000000,1,0,0.0,0.5
2166.6667,  1.00000000,1,0,0.0,0.5
2166.7000,  1.00000000,1,0,0.0,0.5
2166.7333,  1.00000000,1,0,0.0,0.5
2166.7667,  1.00000000,1,0,0.0,0.5
2166.8000,  1.00000000,1,0,0.0,0.5
2166.8333,  1.00000000,1,0,0.0,0.5
2166.8667,  1.00000000,1,0,0.0,0.5
2166.9000,  1.00000000,1,0,0.0,0.5
2166.9333,  1.00000000,1,0,0.0,0.5
2166.9667,  1.00000000,1,0,0.0,0.5
2167.0000,  1.00000000,1,0,0.0,0.5
2167.0333,  1.00000000,1,0,0.0,0.5
2167.0667,  1.00000000,1,0,0.0,0.5
2167.1000,  1.00000000,1,0,0.0,0.5
2167.1333,  1.00000000,1,0,0.025000000000000001,0.5
2167.1667,  1.00000000,1,0,0.025000000000000001,0.5
2167.2000,  1.00000000,1,0,0.0,0.5
2167.2333,  1.00000000,1,0,0.0,0.5
2167.2667,  1.00000000,1,0,0.0,0.5
2167.3000,  1.00000000,1,0,0.025000000000000001,0.5
2167.3333,  1.00000000,1,0,0.0,0.5
2167.3667,  1.00000000,1,0,0.0,0.5
2167.4000,  1.00000000,1,0,0.0,0.5
2167.4333,  1.00000000,1,0,0.0,0.5
2167.4667,  1.00000000,1,0,0.0,0.5
2167.5000,  1.00000000,1,0,0.0,0.5
2167.5333,  1.00000000,1,0,0.0,0.5
2167.5667,  1.00000000,1,0,0.0,0.5
2167.6000,  1.00000000,1,0,0.0,0.5
2167.6333,  1.00000000,1,0,0.0,0.5
2167.6667,  1.00000000,1,0,0.0,0.5
2167.7000,  1.00000000,1,0,0.0,0.5
2167.7333,  1.00000000,1,0,0.0,0.5
2167.7667,  1.00000000,1,0,0.0,0.5
2167.8000,  1.00000000,1,0,0.0,0.5
2167.8333,  1.00000000,1,0,0.0,0.5
2167.8667,  1.00000000,1,0,0.0,0.5
2167.9000,  1.00000000,1,0,0.0,0.5
2167.9333,  1.00000000,1,0,0.0,0.5
2167.9667,  1.00000000,1,0,0.0,0.5
2168.0000,  1.00000000,1,0,0.0,0.5
2168.0333,  1.00000000,1,0,0.0,0.5
2168.0667,  1.00000000,1,0,0.0,0.5
2168.1000,  1.00000000,1,0,0.0,0.5
2168.1333,  1.00000000,1,0,0.0,0.5
2168.1667,  1.00000000,1,0,0.0,0.5
2168.2000,  1.00000000,1,0,0.0,0.5
2168.2333,  1.00000000,1,0,0.0,0.5
2168.2667,  1.00000000,1,0,0.0,0.5
2168.3000,  1.00000000,1,0,0.0,0.5
2168.3333,  1.00000000,1,0,0.0,0.5
2168.3667,  1.00000000,1,0,0.0,0.5
2168.4000,  1.00000000,1,0,0.025000000000000001,0.5
2168.4333,  1.00000000,1,0,0.0,0.5
2168.4667,  1.00000000,1,0,0.0,0.5
2168.5000,  1.00000000,1,0,0.0,0.5
2168.5333,  1.00000000,1,0,0.025000000000000001,0.5
2168.5667,  1.00000000,1,0,0.0,0.5
2168.6000,  1.00000000,1,0,0.025000000000000001,0.5
2168.6333,  1.00000000,1,0,0.0,0.5
2168.6667,  1.00000000,1,0,0.0,0.5
2168.7000,  1.00000000,1,0,0.0,0.5
2168.7333,  1.00000000,1,0,0.0,0.5
2168.7667,  1.00000000,1,0,0.0,0.5
2168.8000,  1.00000000,1,0,0.0,0.5
2168.8333,  1.00000000,1,0,0.0,0.5
2168.8667,  1.00000000,1,0,0.025000000000000001,0.5
2168.9000,  1.00000000,1,0,0.0,0.5
2168.9333,  1.00000000,1,0,0.0,0.5
2168.9667,  1.00000000,1,0,0.0,0.5
2169.0000,  1.00000000,1,0,0.025000000000000001,0.5
2169.0333,  1.00000000,1,0,0.0,0.5
2169.0667,  1.00000000,1,0,0.0,0.5
2169.1000,  1.00000000,1,0,0.0,0.5
2169.1333,  1.00000000,1,0,0.0,0.5
2169.1667,  1.00000000,1,0,0.0,0.5
2169.2000,  1.00000000,1,0,0.0,0.5
2169.2333,  1.00000000,1,0,0.0,0.5
2169.2667,  1.00000000,1,0,0.0,0.5
2169.3000,  1.00000000,1,0,0.0,0.5
2169.3333,  1.00000000,1,0,0.0,0.5
2169.3667,  1.00000000,1,0,0.025000000000000001,0.5
2169.4000,  1.00000000,1,0,0.0,0.5
2169.4333,  1.00000000,1,0,0.025000000000000001,0.5
2169.4667,  1.00000000,1,0,0.0,0.5
2169.5000,  1.00000000,1,0,0.0,0.5
2169.5333,  1.00000000,1,0,0.0,0.5
2169.5667,  1.00000000,1,0,0.0,0.5
2169.6000,  1.00000000,1,0,0.0,0.5
2169.6333,  1.00000000,1,0,0.0,0.5
2169.6667,  1.00000000,1,0,0.0,0.5
2169.7000,  1.00000000,1,0,0.0,0.5
2169.7333,  1.00000000,1,0,0.0,0.5
2169.7667,  1.00000000,1,0,0.0,0.5
2169.8000,  1.00000000,1,0,0.0,0.5
2169.8333,  1.00000000,1,0,0.025000000000000001,0.5
2169.8667,  1.00000000,1,0,0.0,0.5
2169.9000,  1.00000000,1,0,0.0,0.5
2169.9333,  1.00000000,1,0,0.0,0.5
2169.9667,  1.00000000,1,0,0.0,0.5
2170.0000,  1.00000000,1,0,0.0,0.5
2170.0333,  1.00000000,1,0,0.0,0.5
2170.0667,  1.00000000,1,0,0.0,0.5
2170.1000,  1.00000000,1,0,0.0,0.5
2170.1333,  1.00000000,1,0,0.0,0.5
2170.1667,  1.00000000,1,0,0.0,0.5
2170.2000,  1.00000000,1,0,0.0,0.5
2170.2333,  1.00000000,1,0,0.0,0.5
2170.2667,  1.00000000,1,0,0.0,0.5
2170.3000,  1.00000000,1,0,0.025000000000000001,0.5
2170.3333,  1.00000000,1,0,0.0,0.5
2170.3667,  1.00000000,1,0,0.0,0.5
2170.4000,  1.00000000,1,0,0.0,0.5
2170.4333,  1.00000000,1,0,0.0,0.5
2170.4667,  1.00000000,1,0,0.0,0.5
2170.5000,  1.00000000,1,0,0.0,0.5
2170.5333,  1.00000000,1,0,0.0,0.5
2170.5667,  1.00000000,1,0,0.0,0.5
2170.6000,  1.00000000,1,0,0.0,0.5
2170.6333,  1.00000000,1,0,0.0,0.5
2170.6667,  1.00000000,1,0,0.0,0.5
2170.7000,  1.00000000,1,0,0.025000000000000001,0.5
2170.7333,  1.00000000,1,0,0.0,0.5
2170.7667,  1.00000000,1,0,0.0,0.5
2170.8000,  1.00000000,1,0,0.0,0.5
2170.8333,  1.00000000,1,0,0.0,0.5
2170.8667,  1.00000000,1,0,0.0,0.5
2170.9000,  1.00000000,1,0,0.0,0.5
2170.9333,  1.00000000,1,0,0.025000000000000001,0.5
2170.9667,  1.00000000,1,0,0.0,0.5
2171.0000,  1.00000000,1,0,0.0,0.5
2171.0333,  1.00000000,1,0,0.025000000000000001,0.5
2171.0667,  1.00000000,1,0,0.0,0.5
2171.1000,  1.00000000,1,0,0.0,0.5
2171.1333,  1.00000000,1,0,0.0,0.5
2171.1667,  1.00000000,1,0,0.0,0.5
2171.2000,  1.00000000,1,0,0.0,0.5
2171.2333,  1.00000000,1,0,0.0,0.5
2171.2667,  1.00000000,1,0,0.0,0.5
2171.3000,  1.00000000,1,0,0.0,0.5
2171.3333,  1.00000000,1,0,0.025000000000000001,0.5
2171.3667,  1.00000000,1,0,0.0,0.5
2171.4000,  1.00000000,1,0,0.0,0.5
2171.4333,  1.00000000,1,0,0.0,0.5
2171.4667,  1.00000000,1,0,0.0,0.5
2171.5000,  1.00000000,1,0,0.0,0.5
2171.5333,  1.00000000,1,0,0.0,0.5
2171.5667,  1.00000000,1,0,0.0,0.5
2171.6000,  1.00000000,1,0,0.0,0.5
2171.6333,  1.00000000,1,0,0.0,0.5
2171.6667,  1.00000000,1,0,0.0,0.5
2171.7000,  1.00000000,1,0,0.0,0.5
2171.7333,  1.00000000,1,0,0.0,0.5
2171.7667,  1.00000000,1,0,0.0,0.5
2171.8000,  1.00000000,1,0,0.0,0.5
2171.8333,  1.00000000,1,0,0.0,0.5
2171.8667,  1.00000000,1,0,0.0,0.5
2171.9000,  1.00000000,1,0,0.0,0.5
2171.9333,  1.00000000,1,0,0.0,0.5
2171.9667,  1.00000000,1,0,0.0,0.5
2172.0000,  1.00000000,1,0,0.0,0.5
2172.0333,  1.00000000,1,0,0.0,0.5
2172.0667,  1.00000000,1,0,0.0,0.5
2172.1000,  1.00000000,1,0,0.0,0.5
2172.1333,  1.00000000,1,0,0.0,0.5
2172.1667,  1.00000000,1,0,0.0,0.5
2172.2000,  1.00000000,1,0,0.0,0.5
2172.2333,  1.00000000,1,0,0.0,0.5
2172.2667,  1.00000000,1,0,0.025000000000000001,0.5
2172.3000,  1.00000000,1,0,0.0,0.5
2172.3333,  1.00000000,1,0,0.0,0.5
2172.3667,  1.00000000,1,0,0.0,0.5
2172.4000,  1.00000000,1,0,0.0,0.5
2172.4333,  1.00000000,1,0,0.0,0.5
2172.4667,  1.00000000,1,0,0.0,0.5
2172.5000,  1.00000000,1,0,0.0,0.5
2172.5333,  1.00000000,1,0,0.0,0.5
2172.5667,  1.00000000,1,0,0.025000000000000001,0.5
2172.6000,  1.00000000,1,0,0.0,0.5
2172.6333,  1.00000000,1,0,0.0,0.5
2172.6667,  1.00000000,1,0,0.025000000000000001,0.5
2172.7000,  1.00000000,1,0,0.0,0.5
2172.7333,  1.00000000,1,0,0.0,0.5
2172.7667,  1.00000000,1,0,0.0,0.5
2172.8000,  1.00000000,1,0,0.0,0.5
2172.8333,  1.00000000,1,0,0.0,0.5
2172.8667,  1.00000000,1,0,0.0,0.5
2172.9000,  1.00000000,1,0,0.0,0.5
2172.9333,  1.00000000,1,0,0.0,0.5
2172.9667,  1.00000000,1,0,0.0,0.5
2173.0000,  1.00000000,1,0,0.0,0.5
2173.0333,  1.00000000,1,0,0.0,0.5
2173.0667,  1.00000000,1,0,0.0,0.5
2173.1000,  1.00000000,1,0,0.0,0.5
2173.1333,  1.00000000,1,0,0.0,0.5
2173.1667,  1.00000000,1,0,0.0,0.5
2173.2000,  1.00000000,1,0,0.0,0.5
2173.2333,  1.00000000,1,0,0.0,0.5
2173.2667,  1.00000000,1,0,0.0,0.5
2173.3000,  1.00000000,1,0,0.025000000000000001,0.5
2173.3333,  1.00000000,1,0,0.025000000000000001,0.5
2173.3667,  1.00000000,1,0,0.0,0.5
2173.4000,  1.00000000,1,0,0.0,0.5
2173.4333,  1.00000000,1,0,0.0,0.5
2173.4667,  1.00000000,1,0,0.0,0.5
2173.5000,  1.00000000,1,0,0.0,0.5
2173.5333,  1.00000000,1,0,0.025000000000000001,0.5
2173.5667,  1.00000000,1,0,0.0,0.5
2173.6000,  1.00000000,1,0,0.0,0.5
2173.6333,  1.00000000,1,0,0.0,0.5
2173.6667,  1.00000000,1,0,0.0,0.5
2173.7000,  1.00000000,1,0,0.0,0.5
2173.7333,  1.00000000,1,0,0.0,0.5
2173.7667,  1.00000000,1,0,0.0,0.5
2173.8000,  1.00000000,1,0,0.0,0.5
2173.8333,  1.00000000,1,0,0.025000000000000001,0.5
2173.8667,  1.00000000,1,0,0.0,0.5
2173.9000,  1.00000000,1,0,0.0,0.5
2173.9333,  1.00000000,1,0,0.0,0.5
2173.9667,  1.00000000,1,0,0.0,0.5
2174.0000,  1.00000000,1,0,0.0,0.5
2174.0333,  1.00000000,1,0,0.0,0.5
2174.0667,  1.00000000,1,0,0.0,0.5
2174.1000,  1.00000000,1,0,0.025000000000000001,0.5
2174.1333,  1.00000000,1,0,0.0,0.5
2174.1667,  1.00000000,1,0,0.0,0.5
2174.2000,  1.00000000,1,0,0.0,0.5
2174.2333,  1.00000000,1,0,0.025000000000000001,0.5
2174.2667,  1.00000000,1,0,0.0,0.5
2174.3000,  1.00000000,1,0,0.0,0.5
2174.3333,  1.00000000,1,0,0.0,0.5
2174.3667,  1.00000000,1,0,0.0,0.5
2174.4000,  1.00000000,1,0,0.0,0.5
2174.4333,  1.00000000,1,0,0.0,0.5
2174.4667,  1.00000000,1,0,0.025000000000000001,0.5
2174.5000,  1.00000000,1,0,0.0,0.5
2174.5333,  1.00000000,1,0,0.0,0.5
2174.5667,  1.00000000,1,0,0.0,0.5
2174.6000,  1.00000000,1,0,0.0,0.5
2174.6333,  1.00000000,1,0,0.0,0.5
2174.6667,  1.00000000,1,0,0.025000000000000001,0.5
2174.7000,  1.00000000,1,0,0.0,0.5
2174.7333,  1.00000000,1,0,0.025000000000000001,0.5
2174.7667,  1.00000000,1,0,0.0,0.5
2174.8000,  1.00000000,1,0,0.0,0.5
2174.8333,  1.00000000,1,0,0.0,0.5
2174.8667,  1.00000000,1,0,0.0,0.5
2174.9000,  1.00000000,1,0,0.0,0.5
2174.9333,  1.00000000,1,0,0.0,0.5
2174.9667,  1.00000000,1,0,0.0,0.5
2175.0000,  1.00000000,1,0,0.0,0.5
2175.0333,  1.00000000,1,0,0.025000000000000001,0.5
2175.0667,  1.00000000,1,0,0.0,0.5
2175.1000,  1.00000000,1,0,0.025000000000000001,0.5
2175.1333,  1.00000000,1,0,0.0,0.5
2175.1667,  1.00000000,1,0,0.0,0.5
2175.2000,  1.00000000,1,0,0.025000000000000001,0.5
2175.2333,  1.00000000,1,0,0.025000000000000001,0.5
2175.2667,  1.00000000,1,0,0.025000000000000001,0.5
2175.3000,  1.00000000,1,0,0.0,0.5
2175.3333,  1.00000000,1,0,0.0,0.5
2175.3667,  1.00000000,1,0,0.0,0.5
2175.4000,  1.00000000,1,0,0.0,0.5
2175.4333,  1.00000000,1,0,0.0,0.5
2175.4667,  1.00000000,1,0,0.0,0.5
2175.5000,  1.00000000,1,0,0.0,0.5
2175.5333,  1.00000000,1,0,0.0,0.5
2175.5667,  1.00000000,1,0,0.0,0.5
2175.6000,  1.00000000,1,0,0.0,0.5
2175.6333,  1.00000000,1,0,0.025000000000000001,0.5
2175.6667,  1.00000000,1,0,0.0,0.5
2175.7000,  1.00000000,1,0,0.0,0.5
2175.7333,  1.00000000,1,0,0.0,0.5
2175.7667,  1.00000000,1,0,0.0,0.5
2175.8000,  1.00000000,1,0,0.0,0.5
2175.8333,  1.00000000,1,0,0.0,0.5
2175.8667,  1.00000000,1,0,0.0,0.5
2175.9000,  1.00000000,1,0,0.0,0.5
2175.9333,  1.00000000,1,0,0.0,0.5
2175.9667,  1.00000000,1,0,0.0,0.5
2176.0000,  1.00000000,1,0,0.0,0.5
2176.0333,  1.00000000,1,0,0.0,0.5
2176.0667,  1.00000000,1,0,0.0,0.5
2176.1000,  1.00000000,1,0,0.025000000000000001,0.5
2176.1333,  1.00000000,1,0,0.0,0.5
2176.1667,  1.00000000,1,0,0.025000000000000001,0.5
2176.2000,  1.00000000,1,0,0.0,0.5
2176.2333,  1.00000000,1,0,0.0,0.5
2176.2667,  1.00000000,1,0,0.0,0.5
2176.3000,  1.00000000,1,0,0.025000000000000001,0.5
2176.3333,  1.00000000,1,0,0.0,0.5
2176.3667,  1.00000000,1,0,0.0,0.5
2176.4000,  1.00000000,1,0,0.0,0.5
2176.4333,  1.00000000,1,0,0.0,0.5
2176.4667,  1.00000000,1,0,0.0,0.5
2176.5000,  1.00000000,1,0,0.0,0.5
2176.5333,  1.00000000,1,0,0.0,0.5
2176.5667,  1.00000000,1,0,0.0,0.5
2176.6000,  1.00000000,1,0,0.0,0.5
2176.6333,  1.00000000,1,0,0.0,0.5
2176.6667,  1.00000000,1,0,0.0,0.5
2176.7000,  1.00000000,1,0,0.0,0.5
2176.7333,  1.00000000,1,0,0.0,0.5
2176.7667,  1.00000000,1,0,0.0,0.5
2176.8000,  1.00000000,1,0,0.0,0.5
2176.8333,  1.00000000,1,0,0.025000000000000001,0.5
2176.8667,  1.00000000,1,0,0.0,0.5
2176.9000,  1.00000000,1,0,0.0,0.5
2176.9333,  1.00000000,1,0,0.0,0.5
2176.9667,  1.00000000,1,0,0.0,0.5
2177.0000,  1.00000000,1,0,0.0,0.5
2177.0333,  1.00000000,1,0,0.0,0.5
2177.0667,  1.00000000,1,0,0.0,0.5
2177.1000,  1.00000000,1,0,0.0,0.5
2177.1333,  1.00000000,1,0,0.0,0.5
2177.1667,  1.00000000,1,0,0.0,0.5
2177.2000,  1.00000000,1,0,0.0,0.5
2177.2333,  1.00000000,1,0,0.0,0.5
2177.2667,  1.00000000,1,0,0.0,0.5
2177.3000,  1.00000000,1,0,0.0,0.5
2177.3333,  1.00000000,1,0,0.0,0.5
2177.3667,  1.00000000,1,0,0.0,0.5
2177.4000,  1.00000000,1,0,0.0,0.5
2177.4333,  1.00000000,1,0,0.0,0.5
2177.4667,  1.00000000,1,0,0.0,0.5
2177.5000,  1.00000000,1,0,0.0,0.5
2177.5333,  1.00000000,1,0,0.0,0.5
2177.5667,  1.00000000,1,0,0.0,0.5
2177.6000,  1.00000000,1,0,0.0,0.5
2177.6333,  1.00000000,1,0,0.0,0.5
2177.6667,  1.00000000,1,0,0.0,0.5
2177.7000,  1.00000000,1,0,0.0,0.5
2177.7333,  1.00000000,1,0,0.025000000000000001,0.5
2177.7667,  1.00000000,1,0,0.0,0.5
2177.8000,  1.00000000,1,0,0.0,0.5
2177.8333,  1.00000000,1,0,0.0,0.5
2177.8667,  1.00000000,1,0,0.0,0.5
2177.9000,  1.00000000,1,0,0.0,0.5
2177.9333,  1.00000000,1,0,0.0,0.5
2177.9667,  1.00000000,1,0,0.0,0.5
2178.0000,  1.00000000,1,0,0.0,0.5
2178.0333,  1.00000000,1,0,0.0,0.5
2178.0667,  1.00000000,1,0,0.0,0.5
2178.1000,  1.00000000,1,0,0.0,0.5
2178.1333,  1.00000000,1,0,0.0,0.5
2178.1667,  1.00000000,1,0,0.0,0.5
2178.2000,  1.00000000,1,0,0.0,0.5
2178.2333,  1.00000000,1,0,0.0,0.5
2178.2667,  1.00000000,1,0,0.0,0.5
2178.3000,  1.00000000,1,0,0.0,0.5
2178.3333,  1.00000000,1,0,0.0,0.5
2178.3667,  1.00000000,1,0,0.0,0.5
2178.4000,  1.00000000,1,0,0.0,0.5
2178.4333,  1.00000000,1,0,0.0,0.5
2178.4667,  1.00000000,1,0,0.0,0.5
2178.5000,  1.00000000,1,0,0.0,0.5
2178.5333,  1.00000000,1,0,0.0,0.5
2178.5667,  1.00000000,1,0,0.0,0.5
2178.6000,  1.00000000,1,0,0.0,0.5
2178.6333,  1.00000000,1,0,0.0,0.5
2178.6667,  1.00000000,1,0,0.0,0.5
2178.7000,  1.00000000,1,0,0.0,0.5
2178.7333,  1.00000000,1,0,0.0,0.5
2178.7667,  1.00000000,1,0,0.0,0.5
2178.8000,  1.00000000,1,0,0.0,0.5
2178.8333,  1.00000000,1,0,0.0,0.5
2178.8667,  1.00000000,1,0,0.0,0.5
2178.9000,  1.00000000,1,0,0.0,0.5
2178.9333,  1.00000000,1,0,0.0,0.5
2178.9667,  1.00000000,1,0,0.0,0.5
2179.0000,  1.00000000,1,0,0.0,0.5
2179.0333,  1.00000000,1,0,0.0,0.5
2179.0667,  1.00000000,1,0,0.0,0.5
2179.1000,  1.00000000,1,0,0.0,0.5
2179.1333,  1.00000000,1,0,0.0,0.5
2179.1667,  1.00000000,1,0,0.0,0.5
2179.2000,  1.00000000,1,0,0.0,0.5
2179.2333,  1.00000000,1,0,0.0,0.5
2179.2667,  1.00000000,1,0,0.0,0.5
2179.3000,  1.00000000,1,0,0.0,0.5
2179.3333,  1.00000000,1,0,0.0,0.5
2179.3667,  1.00000000,1,0,0.0,0.5
2179.4000,  1.00000000,1,0,0.0,0.5
2179.4333,  1.00000000,1,0,0.0,0.5
2179.4667,  1.00000000,1,0,0.0,0.5
2179.5000,  1.00000000,1,0,0.025000000000000001,0.5
2179.5333,  1.00000000,1,0,0.0,0.5
2179.5667,  1.00000000,1,0,0.0,0.5
2179.6000,  1.00000000,1,0,0.0,0.5
2179.6333,  1.00000000,1,0,0.0,0.5
2179.6667,  1.00000000,1,0,0.0,0.5
2179.7000,  1.00000000,1,0,0.0,0.5
2179.7333,  1.00000000,1,0,0.0,0.5
2179.7667,  1.00000000,1,0,0.0,0.5
2179.8000,  1.00000000,1,0,0.0,0.5
2179.8333,  1.00000000,1,0,0.0,0.5
2179.8667,  1.00000000,1,0,0.0,0.5
2179.9000,  1.00000000,1,0,0.0,0.5
2179.9333,  1.00000000,1,0,0.0,0.5
2179.9667,  1.00000000,1,0,0.0,0.5
2180.0000,  1.00000000,1,0,0.0,0.5
2180.0333,  1.00000000,1,0,0.0,0.5
2180.0667,  1.00000000,1,0,0.0,0.5
2180.1000,  1.00000000,1,0,0.0,0.5
2180.1333,  1.00000000,1,0,0.0,0.5
2180.1667,  1.00000000,1,0,0.0,0.5
2180.2000,  1.00000000,1,0,0.0,0.5
2180.2333,  1.00000000,1,0,0.0,0.5
2180.2667,  1.00000000,1,0,0.0,0.5
2180.3000,  1.00000000,1,0,0.0,0.5
2180.3333,  1.00000000,1,0,0.0,0.5
2180.3667,  1.00000000,1,0,0.025000000000000001,0.5
2180.4000,  1.00000000,1,0,0.0,0.5
2180.4333,  1.00000000,1,0,0.0,0.5
2180.4667,  1.00000000,1,0,0.0,0.5
2180.5000,  1.00000000,1,0,0.0,0.5
2180.5333,  1.00000000,1,0,0.0,0.5
2180.5667,  1.00000000,1,0,0.0,0.5
2180.6000,  1.00000000,1,0,0.0,0.5
2180.6333,  1.00000000,1,0,0.0,0.5
2180.6667,  1.00000000,1,0,0.0,0.5
2180.7000,  1.00000000,1,0,0.0,0.5
2180.7333,  1.00000000,1,0,0.0,0.5
2180.7667,  1.00000000,1,0,0.0,0.5
2180.8000,  1.00000000,1,0,0.0,0.5
2180.8333,  1.00000000,1,0,0.025000000000000001,0.5
2180.8667,  1.00000000,1,0,0.0,0.5
2180.9000,  1.00000000,1,0,0.0,0.5
2180.9333,  1.00000000,1,0,0.0,0.5
2180.9667,  1.00000000,1,0,0.0,0.5
2181.0000,  1.00000000,1,0,0.0,0.5
2181.0333,  1.00000000,1,0,0.0,0.5
2181.0667,  1.00000000,1,0,0.0,0.5
2181.1000,  1.00000000,1,0,0.0,0.5
2181.1333,  1.00000000,1,0,0.0,0.5
2181.1667,  1.00000000,1,0,0.0,0.5
2181.2000,  1.00000000,1,0,0.0,0.5
2181.2333,  1.00000000,1,0,0.0,0.5
2181.2667,  1.00000000,1,0,0.0,0.5
2181.3000,  1.00000000,1,0,0.0,0.5
2181.3333,  1.00000000,1,0,0.0,0.5
2181.3667,  1.00000000,1,0,0.0,0.5
2181.4000,  1.00000000,1,0,0.0,0.5
2181.4333,  1.00000000,1,0,0.0,0.5
2181.4667,  1.00000000,1,0,0.0,0.5
2181.5000,  1.00000000,1,0,0.0,0.5
2181.5333,  1.00000000,1,0,0.0,0.5
2181.5667,  1.00000000,1,0,0.0,0.5
2181.6000,  1.00000000,1,0,0.0,0.5
2181.6333,  1.00000000,1,0,0.0,0.5
2181.6667,  1.00000000,1,0,0.0,0.5
2181.7000,  1.00000000,1,0,0.0,0.5
2181.7333,  1.00000000,1,0,0.0,0.5
2181.7667,  1.00000000,1,0,0.0,0.5
2181.8000,  1.00000000,1,0,0.0,0.5
2181.8333,  1.00000000,1,0,0.0,0.5
2181.8667,  1.00000000,1,0,0.0,0.5
2181.9000,  1.00000000,1,0,0.0,0.5
2181.9333,  1.00000000,1,0,0.0,0.5
2181.9667,  1.00000000,1,0,0.0,0.5
2182.0000,  1.00000000,1,0,0.0,0.5
2182.0333,  1.00000000,1,0,0.0,0.5
2182.0667,  1.00000000,1,0,0.025000000000000001,0.5
2182.1000,  1.00000000,1,0,0.0,0.5
2182.1333,  1.00000000,1,0,0.0,0.5
2182.1667,  1.00000000,1,0,0.0,0.5
2182.2000,  1.00000000,1,0,0.0,0.5
2182.2333,  1.00000000,1,0,0.0,0.5
2182.2667,  1.00000000,1,0,0.0,0.5
2182.3000,  1.00000000,1,0,0.0,0.5
2182.3333,  1.00000000,1,0,0.0,0.5
2182.3667,  1.00000000,1,0,0.0,0.5
2182.4000,  1.00000000,1,0,0.0,0.5
2182.4333,  1.00000000,1,0,0.025000000000000001,0.5
2182.4667,  1.00000000,1,0,0.0,0.5
2182.5000,  1.00000000,1,0,0.0,0.5
2182.5333,  1.00000000,1,0,0.0,0.5
2182.5667,  1.00000000,1,0,0.0,0.5
2182.6000,  1.00000000,1,0,0.0,0.5
2182.6333,  1.00000000,1,0,0.0,0.5
2182.6667,  1.00000000,1,0,0.0,0.5
2182.7000,  1.00000000,1,0,0.0,0.5
2182.7333,  1.00000000,1,0,0.025000000000000001,0.5
2182.7667,  1.00000000,1,0,0.0,0.5
2182.8000,  1.00000000,1,0,0.0,0.5
2182.8333,  1.00000000,1,0,0.0,0.5
2182.8667,  1.00000000,1,0,0.0,0.5
2182.9000,  1.00000000,1,0,0.0,0.5
2182.9333,  1.00000000,1,0,0.0,0.5
2182.9667,  1.00000000,1,0,0.0,0.5
2183.0000,  1.00000000,1,0,0.0,0.5
2183.0333,  1.00000000,1,0,0.0,0.5
2183.0667,  1.00000000,1,0,0.0,0.5
2183.1000,  1.00000000,1,0,0.0,0.5
2183.1333,  1.00000000,1,0,0.0,0.5
2183.1667,  1.00000000,1,0,0.0,0.5
2183.2000,  1.00000000,1,0,0.074999999999999997,0.5
2183.2333,  1.00000000,1,0,0.0,0.5
2183.2667,  1.00000000,1,0,0.0,0.5
2183.3000,  1.00000000,1,0,0.0,0.5
2183.3333,  1.00000000,1,0,0.0,0.5
2183.3667,  1.00000000,1,0,0.0,0.5
2183.4000,  1.00000000,1,0,0.0,0.5
2183.4333,  1.00000000,1,0,0.025000000000000001,0.5
2183.4667,  1.00000000,1,0,0.0,0.5
2183.5000,  1.00000000,1,0,0.025000000000000001,0.5
2183.5333,  1.00000000,1,0,0.0,0.5
2183.5667,  1.00000000,1,0,0.0,0.5
2183.6000,  1.00000000,1,0,0.0,0.5
2183.6333,  1.00000000,1,0,0.0,0.5
2183.6667,  1.00000000,1,0,0.0,0.5
2183.7000,  1.00000000,1,0,0.0,0.5
2183.7333,  1.00000000,1,0,0.0,0.5
2183.7667,  1.00000000,1,0,0.0,0.5
2183.8000,  1.00000000,1,0,0.0,0.5
2183.8333,  1.00000000,1,0,0.0,0.5
2183.8667,  1.00000000,1,0,0.0,0.5
2183.9000,  1.00000000,1,0,0.0,0.5
2183.9333,  1.00000000,1,0,0.0,0.5
2183.9667,  1.00000000,1,0,0.0,0.5
2184.0000,  1.00000000,1,0,0.0,0.5
2184.0333,  1.00000000,1,0,0.0,0.5
2184.0667,  1.00000000,1,0,0.0,0.5
2184.1000,  1.00000000,1,0,0.0,0.5
2184.1333,  1.00000000,1,0,0.0,0.5
2184.1667,  1.00000000,1,0,0.0,0.5
2184.2000,  1.00000000,1,0,0.0,0.5
2184.2333,  1.00000000,1,0,0.0,0.5
2184.2667,  1.00000000,1,0,0.0,0.5
2184.3000,  1.00000000,1,0,0.0,0.5
2184.3333,  1.00000000,1,0,0.0,0.5
2184.3667,  1.00000000,1,0,0.0,0.5
2184.4000,  1.00000000,1,0,0.0,0.5
2184.4333,  1.00000000,1,0,0.0,0.5
2184.4667,  1.00000000,1,0,0.0,0.5
2184.5000,  1.00000000,1,0,0.0,0.5
2184.5333,  1.00000000,1,0,0.0,0.5
2184.5667,  1.00000000,1,0,0.0,0.5
2184.6000,  1.00000000,1,0,0.0,0.5
2184.6333,  1.00000000,1,0,0.0,0.5
2184.6667,  1.00000000,1,0,0.0,0.5
2184.7000,  1.00000000,1,0,0.0,0.5
2184.7333,  1.00000000,1,0,0.0,0.5
2184.7667,  1.00000000,1,0,0.025000000000000001,0.5
2184.8000,  1.00000000,1,0,0.0,0.5
2184.8333,  1.00000000,1,0,0.0,0.5
2184.8667,  1.00000000,1,0,0.0,0.5
2184.9000,  1.00000000,1,0,0.025000000000000001,0.5
2184.9333,  1.00000000,1,0,0.0,0.5
2184.9667,  1.00000000,1,0,0.0,0.5
2185.0000,  1.00000000,1,0,0.0,0.5
2185.0333,  1.00000000,1,0,0.0,0.5
2185.0667,  1.00000000,1,0,0.0,0.5
2185.1000,  1.00000000,1,0,0.0,0.5
2185.1333,  1.00000000,1,0,0.0,0.5
2185.1667,  1.00000000,1,0,0.0,0.5
2185.2000,  1.00000000,1,0,0.0,0.5
2185.2333,  1.00000000,1,0,0.0,0.5
2185.2667,  1.00000000,1,0,0.0,0.5
2185.3000,  1.00000000,1,0,0.025000000000000001,0.5
2185.3333,  1.00000000,1,0,0.0,0.5
2185.3667,  1.00000000,1,0,0.0,0.5
2185.4000,  1.00000000,1,0,0.0,0.5
2185.4333,  1.00000000,1,0,0.0,0.5
2185.4667,  1.00000000,1,0,0.0,0.5
2185.5000,  1.00000000,1,0,0.0,0.5
2185.5333,  1.00000000,1,0,0.0,0.5
2185.5667,  1.00000000,1,0,0.0,0.5
2185.6000,  1.00000000,1,0,0.0,0.5
2185.6333,  1.00000000,1,0,0.0,0.5
2185.6667,  1.00000000,1,0,0.0,0.5
2185.7000,  1.00000000,1,0,0.0,0.5
2185.7333,  1.00000000,1,0,0.0,0.5
2185.7667,  1.00000000,1,0,0.0,0.5
2185.8000,  1.00000000,1,0,0.0,0.5
2185.8333,  1.00000000,1,0,0.0,0.5
2185.8667,  1.00000000,1,0,0.0,0.5
2185.9000,  1.00000000,1,0,0.0,0.5
2185.9333,  1.00000000,1,0,0.0,0.5
2185.9667,  1.00000000,1,0,0.0,0.5
2186.0000,  1.00000000,1,0,0.0,0.5
2186.0333,  1.00000000,1,0,0.0,0.5
2186.0667,  1.00000000,1,0,0.0,0.5
2186.1000,  1.00000000,1,0,0.0,0.5
2186.1333,  1.00000000,1,0,0.0,0.5
2186.1667,  1.00000000,1,0,0.0,0.5
2186.2000,  1.00000000,1,0,0.0,0.5
2186.2333,  1.00000000,1,0,0.0,0.5
2186.2667,  1.00000000,1,0,0.0,0.5
2186.3000,  1.00000000,1,0,0.0,0.5
2186.3333,  1.00000000,1,0,0.0,0.5
2186.3667,  1.00000000,1,0,0.0,0.5
2186.4000,  1.00000000,1,0,0.0,0.5
2186.4333,  1.00000000,1,0,0.0,0.5
2186.4667,  1.00000000,1,0,0.0,0.5
2186.5000,  1.00000000,1,0,0.0,0.5
2186.5333,  1.00000000,1,0,0.0,0.5
2186.5667,  1.00000000,1,0,0.0,0.5
2186.6000,  1.00000000,1,0,0.0,0.5
2186.6333,  1.00000000,1,0,0.0,0.5
2186.6667,  1.00000000,1,0,0.025000000000000001,0.5
2186.7000,  1.00000000,1,0,0.0,0.5
2186.7333,  1.00000000,1,0,0.0,0.5
2186.7667,  1.00000000,1,0,0.0,0.5
2186.8000,  1.00000000,1,0,0.0,0.5
2186.8333,  1.00000000,1,0,0.025000000000000001,0.5
2186.8667,  1.00000000,1,0,0.0,0.5
2186.9000,  1.00000000,1,0,0.0,0.5
2186.9333,  1.00000000,1,0,0.0,0.5
2186.9667,  1.00000000,1,0,0.0,0.5
2187.0000,  1.00000000,1,0,0.0,0.5
2187.0333,  1.00000000,1,0,0.0,0.5
2187.0667,  1.00000000,1,0,0.0,0.5
2187.1000,  1.00000000,1,0,0.0,0.5
2187.1333,  1.00000000,1,0,0.0,0.5
2187.1667,  1.00000000,1,0,0.0,0.5
2187.2000,  1.00000000,1,0,0.0,0.5
2187.2333,  1.00000000,1,0,0.0,0.5
2187.2667,  1.00000000,1,0,0.0,0.5
2187.3000,  1.00000000,1,0,0.0,0.5
2187.3333,  1.00000000,1,0,0.0,0.5
2187.3667,  1.00000000,1,0,0.0,0.5
2187.4000,  1.00000000,1,0,0.0,0.5
2187.4333,  1.00000000,1,0,0.0,0.5
2187.4667,  1.00000000,1,0,0.0,0.5
2187.5000,  1.00000000,1,0,0.0,0.5
2187.5333,  1.00000000,1,0,0.0,0.5
2187.5667,  1.00000000,1,0,0.0,0.5
2187.6000,  1.00000000,1,0,0.0,0.5
2187.6333,  1.00000000,1,0,0.025000000000000001,0.5
2187.6667,  1.00000000,1,0,0.0,0.5
2187.7000,  1.00000000,1,0,0.0,0.5
2187.7333,  1.00000000,1,0,0.0,0.5
2187.7667,  1.00000000,1,0,0.0,0.5
2187.8000,  1.00000000,1,0,0.0,0.5
2187.8333,  1.00000000,1,0,0.0,0.5
2187.8667,  1.00000000,1,0,0.0,0.5
2187.9000,  1.00000000,1,0,0.0,0.5
2187.9333,  1.00000000,1,0,0.0,0.5
2187.9667,  1.00000000,1,0,0.0,0.5
2188.0000,  1.00000000,1,0,0.0,0.5
2188.0333,  1.00000000,1,0,0.0,0.5
2188.0667,  1.00000000,1,0,0.025000000000000001,0.5
2188.1000,  1.00000000,1,0,0.0,0.5
2188.1333,  1.00000000,1,0,0.0,0.5
2188.1667,  1.00000000,1,0,0.0,0.5
2188.2000,  1.00000000,1,0,0.0,0.5
2188.2333,  1.00000000,1,0,0.0,0.5
2188.2667,  1.00000000,1,0,0.0,0.5
2188.3000,  1.00000000,1,0,0.0,0.5
2188.3333,  1.00000000,1,0,0.0,0.5
2188.3667,  1.00000000,1,0,0.0,0.5
2188.4000,  1.00000000,1,0,0.0,0.5
2188.4333,  1.00000000,1,0,0.025000000000000001,0.5
2188.4667,  1.00000000,1,0,0.0,0.5
2188.5000,  1.00000000,1,0,0.0,0.5
2188.5333,  1.00000000,1,0,0.0,0.5
2188.5667,  1.00000000,1,0,0.0,0.5
2188.6000,  1.00000000,1,0,0.0,0.5
2188.6333,  1.00000000,1,0,0.0,0.5
2188.6667,  1.00000000,1,0,0.0,0.5
2188.7000,  1.00000000,1,0,0.0,0.5
2188.7333,  1.00000000,1,0,0.0,0.5
2188.7667,  1.00000000,1,0,0.0,0.5
2188.8000,  1.00000000,1,0,0.0,0.5
2188.8333,  1.00000000,1,0,0.0,0.5
2188.8667,  1.00000000,1,0,0.0,0.5
2188.9000,  1.00000000,1,0,0.0,0.5
2188.9333,  1.00000000,1,0,0.0,0.5
2188.9667,  1.00000000,1,0,0.0,0.5
2189.0000,  1.00000000,1,0,0.0,0.5
2189.0333,  1.00000000,1,0,0.0,0.5
2189.0667,  1.00000000,1,0,0.0,0.5
2189.1000,  1.00000000,1,0,0.0,0.5
2189.1333,  1.00000000,1,0,0.0,0.5
2189.1667,  1.00000000,1,0,0.0,0.5
2189.2000,  1.00000000,1,0,0.0,0.5
2189.2333,  1.00000000,1,0,0.0,0.5
2189.2667,  1.00000000,1,0,0.0,0.5
2189.3000,  1.00000000,1,0,0.0,0.5
2189.3333,  1.00000000,1,0,0.0,0.5
2189.3667,  1.00000000,1,0,0.0,0.5
2189.4000,  1.00000000,1,0,0.0,0.5
2189.4333,  1.00000000,1,0,0.0,0.5
2189.4667,  1.00000000,1,0,0.0,0.5
2189.5000,  1.00000000,1,0,0.0,0.5
2189.5333,  1.00000000,1,0,0.0,0.5
2189.5667,  1.00000000,1,0,0.0,0.5
2189.6000,  1.00000000,1,0,0.0,0.5
2189.6333,  1.00000000,1,0,0.0,0.5
2189.6667,  1.00000000,1,0,0.0,0.5
2189.7000,  1.00000000,1,0,0.0,0.5
2189.7333,  1.00000000,1,0,0.0,0.5
2189.7667,  1.00000000,1,0,0.0,0.5
2189.8000,  1.00000000,1,0,0.0,0.5
2189.8333,  1.00000000,1,0,0.0,0.5
2189.8667,  1.00000000,1,0,0.0,0.5
2189.9000,  1.00000000,1,0,0.0,0.5
2189.9333,  1.00000000,1,0,0.0,0.5
2189.9667,  1.00000000,1,0,0.0,0.5
2190.0000,  1.00000000,1,0,0.0,0.5
2190.0333,  1.00000000,1,0,0.0,0.5
2190.0667,  1.00000000,1,0,0.025000000000000001,0.5
2190.1000,  1.00000000,1,0,0.0,0.5
2190.1333,  1.00000000,1,0,0.0,0.5
2190.1667,  1.00000000,1,0,0.0,0.5
2190.2000,  1.00000000,1,0,0.0,0.5
2190.2333,  1.00000000,1,0,0.0,0.5
2190.2667,  1.00000000,1,0,0.0,0.5
2190.3000,  1.00000000,1,0,0.0,0.5
2190.3333,  1.00000000,1,0,0.0,0.5
2190.3667,  1.00000000,1,0,0.0,0.5
2190.4000,  1.00000000,1,0,0.0,0.5
2190.4333,  1.00000000,1,0,0.0,0.5
2190.4667,  1.00000000,1,0,0.0,0.5
2190.5000,  1.00000000,1,0,0.0,0.5
2190.5333,  1.00000000,1,0,0.0,0.5
2190.5667,  1.00000000,1,0,0.0,0.5
2190.6000,  1.00000000,1,0,0.0,0.5
2190.6333,  1.00000000,1,0,0.0,0.5
2190.6667,  1.00000000,1,0,0.0,0.5
2190.7000,  1.00000000,1,0,0.0,0.5
2190.7333,  1.00000000,1,0,0.0,0.5
2190.7667,  1.00000000,1,0,0.0,0.5
2190.8000,  1.00000000,1,0,0.025000000000000001,0.5
2190.8333,  1.00000000,1,0,0.0,0.5
2190.8667,  1.00000000,1,0,0.0,0.5
2190.9000,  1.00000000,1,0,0.0,0.5
2190.9333,  1.00000000,1,0,0.0,0.5
2190.9667,  1.00000000,1,0,0.0,0.5
2191.0000,  1.00000000,1,0,0.0,0.5
2191.0333,  1.00000000,1,0,0.0,0.5
2191.0667,  1.00000000,1,0,0.0,0.5
2191.1000,  1.00000000,1,0,0.0,0.5
2191.1333,  1.00000000,1,0,0.0,0.5
2191.1667,  1.00000000,1,0,0.0,0.5
2191.2000,  1.00000000,1,0,0.0,0.5
2191.2333,  1.00000000,1,0,0.0,0.5
2191.2667,  1.00000000,1,0,0.0,0.5
2191.3000,  1.00000000,1,0,0.0,0.5
2191.3333,  1.00000000,1,0,0.025000000000000001,0.5
2191.3667,  1.00000000,1,0,0.0,0.5
2191.4000,  1.00000000,1,0,0.0,0.5
2191.4333,  1.00000000,1,0,0.0,0.5
2191.4667,  1.00000000,1,0,0.0,0.5
2191.5000,  1.00000000,1,0,0.025000000000000001,0.5
2191.5333,  1.00000000,1,0,0.0,0.5
2191.5667,  1.00000000,1,0,0.0,0.5
2191.6000,  1.00000000,1,0,0.0,0.5
2191.6333,  1.00000000,1,0,0.0,0.5
2191.6667,  1.00000000,1,0,0.0,0.5
2191.7000,  1.00000000,1,0,0.0,0.5
2191.7333,  1.00000000,1,0,0.0,0.5
2191.7667,  1.00000000,1,0,0.0,0.5
2191.8000,  1.00000000,1,0,0.0,0.5
2191.8333,  1.00000000,1,0,0.0,0.5
2191.8667,  1.00000000,1,0,0.0,0.5
2191.9000,  1.00000000,1,0,0.0,0.5
2191.9333,  1.00000000,1,0,0.0,0.5
2191.9667,  1.00000000,1,0,0.0,0.5
2192.0000,  1.00000000,1,0,0.0,0.5
2192.0333,  1.00000000,1,0,0.0,0.5
2192.0667,  1.00000000,1,0,0.0,0.5
2192.1000,  1.00000000,1,0,0.0,0.5
2192.1333,  1.00000000,1,0,0.0,0.5
2192.1667,  1.00000000,1,0,0.0,0.5
2192.2000,  1.00000000,1,0,0.0,0.5
2192.2333,  1.00000000,1,0,0.0,0.5
2192.2667,  1.00000000,1,0,0.0,0.5
2192.3000,  1.00000000,1,0,0.0,0.5
2192.3333,  1.00000000,1,0,0.0,0.5
2192.3667,  1.00000000,1,0,0.0,0.5
2192.4000,  1.00000000,1,0,0.025000000000000001,0.5
2192.4333,  1.00000000,1,0,0.025000000000000001,0.5
2192.4667,  1.00000000,1,0,0.0,0.5
2192.5000,  1.00000000,1,0,0.025000000000000001,0.5
2192.5333,  1.00000000,1,0,0.0,0.5
2192.5667,  1.00000000,1,0,0.0,0.5
2192.6000,  1.00000000,1,0,0.0,0.5
2192.6333,  1.00000000,1,0,0.025000000000000001,0.5
2192.6667,  1.00000000,1,0,0.0,0.5
2192.7000,  1.00000000,1,0,0.0,0.5
2192.7333,  1.00000000,1,0,0.0,0.5
2192.7667,  1.00000000,1,0,0.0,0.5
2192.8000,  1.00000000,1,0,0.0,0.5
2192.8333,  1.00000000,1,0,0.0,0.5
2192.8667,  1.00000000,1,0,0.0,0.5
2192.9000,  1.00000000,1,0,0.0,0.5
2192.9333,  1.00000000,1,0,0.0,0.5
2192.9667,  1.00000000,1,0,0.0,0.5
2193.0000,  1.00000000,1,0,0.0,0.5
2193.0333,  1.00000000,1,0,0.0,0.5
2193.0667,  1.00000000,1,0,0.0,0.5
2193.1000,  1.00000000,1,0,0.0,0.5
2193.1333,  1.00000000,1,0,0.0,0.5
2193.1667,  1.00000000,1,0,0.0,0.5
2193.2000,  1.00000000,1,0,0.0,0.5
2193.2333,  1.00000000,1,0,0.0,0.5
2193.2667,  1.00000000,1,0,0.0,0.5
2193.3000,  1.00000000,1,0,0.0,0.5
2193.3333,  1.00000000,1,0,0.0,0.5
2193.3667,  1.00000000,1,0,0.0,0.5
2193.4000,  1.00000000,1,0,0.0,0.5
2193.4333,  1.00000000,1,0,0.0,0.5
2193.4667,  1.00000000,1,0,0.0,0.5
2193.5000,  1.00000000,1,0,0.0,0.5
2193.5333,  1.00000000,1,0,0.0,0.5
2193.5667,  1.00000000,1,0,0.0,0.5
2193.6000,  1.00000000,1,0,0.0,0.5
2193.6333,  1.00000000,1,0,0.0,0.5
2193.6667,  1.00000000,1,0,0.0,0.5
2193.7000,  1.00000000,1,0,0.0,0.5
2193.7333,  1.00000000,1,0,0.0,0.5
2193.7667,  1.00000000,1,0,0.025000000000000001,0.5
2193.8000,  1.00000000,1,0,0.0,0.5
2193.8333,  1.00000000,1,0,0.0,0.5
2193.8667,  1.00000000,1,0,0.0,0.5
2193.9000,  1.00000000,1,0,0.0,0.5
2193.9333,  1.00000000,1,0,0.0,0.5
2193.9667,  1.00000000,1,0,0.0,0.5
2194.0000,  1.00000000,1,0,0.0,0.5
2194.0333,  1.00000000,1,0,0.0,0.5
2194.0667,  1.00000000,1,0,0.0,0.5
2194.1000,  1.00000000,1,0,0.025000000000000001,0.5
2194.1333,  1.00000000,1,0,0.025000000000000001,0.5
2194.1667,  1.00000000,1,0,0.0,0.5
2194.2000,  1.00000000,1,0,0.025000000000000001,0.5
2194.2333,  1.00000000,1,0,0.025000000000000001,0.5
2194.2667,  1.00000000,1,0,0.0,0.5
2194.3000,  1.00000000,1,0,0.0,0.5
2194.3333,  1.00000000,1,0,0.025000000000000001,0.5
2194.3667,  1.00000000,1,0,0.0,0.5
2194.4000,  1.00000000,1,0,0.0,0.5
2194.4333,  1.00000000,1,0,0.0,0.5
2194.4667,  1.00000000,1,0,0.0,0.5
2194.5000,  1.00000000,1,0,0.0,0.5
2194.5333,  1.00000000,1,0,0.0,0.5
2194.5667,  1.00000000,1,0,0.0,0.5
2194.6000,  1.00000000,1,0,0.0,0.5
2194.6333,  1.00000000,1,0,0.0,0.5
2194.6667,  1.00000000,1,0,0.0,0.5
2194.7000,  1.00000000,1,0,0.0,0.5
2194.7333,  1.00000000,1,0,0.0,0.5
2194.7667,  1.00000000,1,0,0.0,0.5
2194.8000,  1.00000000,1,0,0.0,0.5
2194.8333,  1.00000000,1,0,0.025000000000000001,0.5
2194.8667,  1.00000000,1,0,0.0,0.5
2194.9000,  1.00000000,1,0,0.0,0.5
2194.9333,  1.00000000,1,0,0.0,0.5
2194.9667,  1.00000000,1,0,0.025000000000000001,0.5
2195.0000,  1.00000000,1,0,0.0,0.5
2195.0333,  1.00000000,1,0,0.0,0.5
2195.0667,  1.00000000,1,0,0.0,0.5
2195.1000,  1.00000000,1,0,0.0,0.5
2195.1333,  1.00000000,1,0,0.0,0.5
2195.1667,  1.00000000,1,0,0.0,0.5
2195.2000,  1.00000000,1,0,0.0,0.5
2195.2333,  1.00000000,1,0,0.0,0.5
2195.2667,  1.00000000,1,0,0.025000000000000001,0.5
2195.3000,  1.00000000,1,0,0.0,0.5
2195.3333,  1.00000000,1,0,0.0,0.5
2195.3667,  1.00000000,1,0,0.0,0.5
2195.4000,  1.00000000,1,0,0.0,0.5
2195.4333,  1.00000000,1,0,0.0,0.5
2195.4667,  1.00000000,1,0,0.0,0.5
2195.5000,  1.00000000,1,0,0.0,0.5
2195.5333,  1.00000000,1,0,0.0,0.5
2195.5667,  1.00000000,1,0,0.0,0.5
2195.6000,  1.00000000,1,0,0.0,0.5
2195.6333,  1.00000000,1,0,0.0,0.5
2195.6667,  1.00000000,1,0,0.025000000000000001,0.5
2195.7000,  1.00000000,1,0,0.0,0.5
2195.7333,  1.00000000,1,0,0.0,0.5
2195.7667,  1.00000000,1,0,0.0,0.5
2195.8000,  1.00000000,1,0,0.0,0.5
2195.8333,  1.00000000,1,0,0.0,0.5
2195.8667,  1.00000000,1,0,0.0,0.5
2195.9000,  1.00000000,1,0,0.0,0.5
2195.9333,  1.00000000,1,0,0.025000000000000001,0.5
2195.9667,  1.00000000,1,0,0.0,0.5
2196.0000,  1.00000000,1,0,0.0,0.5
2196.0333,  1.00000000,1,0,0.025000000000000001,0.5
2196.0667,  1.00000000,1,0,0.0,0.5
2196.1000,  1.00000000,1,0,0.0,0.5
2196.1333,  1.00000000,1,0,0.0,0.5
2196.1667,  1.00000000,1,0,0.025000000000000001,0.5
2196.2000,  1.00000000,1,0,0.025000000000000001,0.5
2196.2333,  1.00000000,1,0,0.0,0.5
2196.2667,  1.00000000,1,0,0.0,0.5
2196.3000,  1.00000000,1,0,0.0,0.5
2196.3333,  1.00000000,1,0,0.0,0.5
2196.3667,  1.00000000,1,0,0.0,0.5
2196.4000,  1.00000000,1,0,0.0,0.5
2196.4333,  1.00000000,1,0,0.0,0.5
2196.4667,  1.00000000,1,0,0.0,0.5
2196.5000,  1.00000000,1,0,0.0,0.5
2196.5333,  1.00000000,1,0,0.0,0.5
2196.5667,  1.00000000,1,0,0.0,0.5
2196.6000,  1.00000000,1,0,0.0,0.5
2196.6333,  1.00000000,1,0,0.0,0.5
2196.6667,  1.00000000,1,0,0.025000000000000001,0.5
2196.7000,  1.00000000,1,0,0.0,0.5
2196.7333,  1.00000000,1,0,0.0,0.5
2196.7667,  1.00000000,1,0,0.0,0.5
2196.8000,  1.00000000,1,0,0.0,0.5
2196.8333,  1.00000000,1,0,0.0,0.5
2196.8667,  1.00000000,1,0,0.0,0.5
2196.9000,  1.00000000,1,0,0.0,0.5
2196.9333,  1.00000000,1,0,0.0,0.5
2196.9667,  1.00000000,1,0,0.0,0.5
2197.0000,  1.00000000,1,0,0.0,0.5
2197.0333,  1.00000000,1,0,0.0,0.5
2197.0667,  1.00000000,1,0,0.0,0.5
2197.1000,  1.00000000,1,0,0.0,0.5
2197.1333,  1.00000000,1,0,0.0,0.5
2197.1667,  1.00000000,1,0,0.0,0.5
2197.2000,  1.00000000,1,0,0.0,0.5
2197.2333,  1.00000000,1,0,0.0,0.5
2197.2667,  1.00000000,1,0,0.0,0.5
2197.3000,  1.00000000,1,0,0.025000000000000001,0.5
2197.3333,  1.00000000,1,0,0.0,0.5
2197.3667,  1.00000000,1,0,0.0,0.5
2197.4000,  1.00000000,1,0,0.0,0.5
2197.4333,  1.00000000,1,0,0.0,0.5
2197.4667,  1.00000000,1,0,0.0,0.5
2197.5000,  1.00000000,1,0,0.0,0.5
2197.5333,  1.00000000,1,0,0.0,0.5
2197.5667,  1.00000000,1,0,0.0,0.5
2197.6000,  1.00000000,1,0,0.0,0.5
2197.6333,  1.00000000,1,0,0.0,0.5
2197.6667,  1.00000000,1,0,0.0,0.5
2197.7000,  1.00000000,1,0,0.025000000000000001,0.5
2197.7333,  1.00000000,1,0,0.0,0.5
2197.7667,  1.00000000,1,0,0.0,0.5
2197.8000,  1.00000000,1,0,0.0,0.5
2197.8333,  1.00000000,1,0,0.0,0.5
2197.8667,  1.00000000,1,0,0.0,0.5
2197.9000,  1.00000000,1,0,0.0,0.5
2197.9333,  1.00000000,1,0,0.0,0.5
2197.9667,  1.00000000,1,0,0.0,0.5
2198.0000,  1.00000000,1,0,0.0,0.5
2198.0333,  1.00000000,1,0,0.0,0.5
2198.0667,  1.00000000,1,0,0.0,0.5
2198.1000,  1.00000000,1,0,0.0,0.5
2198.1333,  1.00000000,1,0,0.0,0.5
2198.1667,  1.00000000,1,0,0.0,0.5
2198.2000,  1.00000000,1,0,0.0,0.5
2198.2333,  1.00000000,1,0,0.0,0.5
2198.2667,  1.00000000,1,0,0.0,0.5
2198.3000,  1.00000000,1,0,0.0,0.5
2198.3333,  1.00000000,1,0,0.0,0.5
2198.3667,  1.00000000,1,0,0.0,0.5
2198.4000,  1.00000000,1,0,0.0,0.5
2198.4333,  1.00000000,1,0,0.0,0.5
2198.4667,  1.00000000,1,0,0.0,0.5
2198.5000,  1.00000000,1,0,0.0,0.5
2198.5333,  1.00000000,1,0,0.025000000000000001,0.5
2198.5667,  1.00000000,1,0,0.0,0.5
2198.6000,  1.00000000,1,0,0.0,0.5
2198.6333,  1.00000000,1,0,0.0,0.5
2198.6667,  1.00000000,1,0,0.0,0.5
2198.7000,  1.00000000,1,0,0.0,0.5
2198.7333,  1.00000000,1,0,0.0,0.5
2198.7667,  1.00000000,1,0,0.0,0.5
2198.8000,  1.00000000,1,0,0.0,0.5
2198.8333,  1.00000000,1,0,0.0,0.5
2198.8667,  1.00000000,1,0,0.0,0.5
2198.9000,  1.00000000,1,0,0.0,0.5
2198.9333,  1.00000000,1,0,0.0,0.5
2198.9667,  1.00000000,1,0,0.0,0.5
2199.0000,  1.00000000,1,0,0.025000000000000001,0.5
2199.0333,  1.00000000,1,0,0.0,0.5
2199.0667,  1.00000000,1,0,0.0,0.5
2199.1000,  1.00000000,1,0,0.0,0.5
2199.1333,  1.00000000,1,0,0.0,0.5
2199.1667,  1.00000000,1,0,0.0,0.5
2199.2000,  1.00000000,1,0,0.0,0.5
2199.2333,  1.00000000,1,0,0.0,0.5
2199.2667,  1.00000000,1,0,0.0,0.5
2199.3000,  1.00000000,1,0,0.0,0.5
2199.3333,  1.00000000,1,0,0.0,0.5
2199.3667,  1.00000000,1,0,0.0,0.5
2199.4000,  1.00000000,1,0,0.0,0.5
2199.4333,  1.00000000,1,0,0.0,0.5
2199.4667,  1.00000000,1,0,0.0,0.5
2199.5000,  1.00000000,1,0,0.0,0.5
2199.5333,  1.00000000,1,0,0.0,0.5
2199.5667,  1.00000000,1,0,0.0,0.5
2199.6000,  1.00000000,1,0,0.050000000000000003,0.5
2199.6333,  1.00000000,1,0,0.0,0.5
2199.6667,  1.00000000,1,0,0.0,0.5
2199.7000,  1.00000000,1,0,0.0,0.5
2199.7333,  1.00000000,1,0,0.025000000000000001,0.5
2199.7667,  1.00000000,1,0,0.0,0.5
2199.8000,  1.00000000,1,0,0.0,0.5
2199.8333,  1.00000000,1,0,0.0,0.5
2199.8667,  1.00000000,1,0,0.0,0.5
2199.9000,  1.00000000,1,0,0.0,0.5
2199.9333,  1.00000000,1,0,0.0,0.5
2199.9667,  1.00000000,1,0,0.0,0.5
2200.0000,  1.00000000,1,0,0.0,0.5
2200.0333,  1.00000000,1,0,0.0,0.5
2200.0667,  1.00000000,1,0,0.0,0.5
2200.1000,  1.00000000,1,0,0.050000000000000003,0.5
2200.1333,  1.00000000,1,0,0.0,0.5
2200.1667,  1.00000000,1,0,0.0,0.5
2200.2000,  1.00000000,1,0,0.0,0.5
2200.2333,  1.00000000,1,0,0.0,0.5
2200.2667,  1.00000000,1,0,0.0,0.5
2200.3000,  1.00000000,1,0,0.0,0.5
2200.3333,  1.00000000,1,0,0.0,0.5
2200.3667,  1.00000000,1,0,0.0,0.5
2200.4000,  1.00000000,1,0,0.0,0.5
2200.4333,  1.00000000,1,0,0.025000000000000001,0.5
2200.4667,  1.00000000,1,0,0.0,0.5
2200.5000,  1.00000000,1,0,0.0,0.5
2200.5333,  1.00000000,1,0,0.0,0.5
2200.5667,  1.00000000,1,0,0.0,0.5
2200.6000,  1.00000000,1,0,0.0,0.5
2200.6333,  1.00000000,1,0,0.0,0.5
2200.6667,  1.00000000,1,0,0.0,0.5
2200.7000,  1.00000000,1,0,0.0,0.5
2200.7333,  1.00000000,1,0,0.0,0.5
2200.7667,  1.00000000,1,0,0.0,0.5
2200.8000,  1.00000000,1,0,0.0,0.5
2200.8333,  1.00000000,1,0,0.0,0.5
2200.8667,  1.00000000,1,0,0.0,0.5
2200.9000,  1.00000000,1,0,0.0,0.5
2200.9333,  1.00000000,1,0,0.0,0.5
2200.9667,  1.00000000,1,0,0.0,0.5
2201.0000,  1.00000000,1,0,0.0,0.5
2201.0333,  1.00000000,1,0,0.0,0.5
2201.0667,  1.00000000,1,0,0.0,0.5
2201.1000,  1.00000000,1,0,0.0,0.5
2201.1333,  1.00000000,1,0,0.0,0.5
2201.1667,  1.00000000,1,0,0.0,0.5
2201.2000,  1.00000000,1,0,0.0,0.5
2201.2333,  1.00000000,1,0,0.0,0.5
2201.2667,  1.00000000,1,0,0.0,0.5
2201.3000,  1.00000000,1,0,0.0,0.5
2201.3333,  1.00000000,1,0,0.0,0.5
2201.3667,  1.00000000,1,0,0.0,0.5
2201.4000,  1.00000000,1,0,0.0,0.5
2201.4333,  1.00000000,1,0,0.0,0.5
2201.4667,  1.00000000,1,0,0.025000000000000001,0.5
2201.5000,  1.00000000,1,0,0.0,0.5
2201.5333,  1.00000000,1,0,0.0,0.5
2201.5667,  1.00000000,1,0,0.0,0.5
2201.6000,  1.00000000,1,0,0.0,0.5
2201.6333,  1.00000000,1,0,0.0,0.5
2201.6667,  1.00000000,1,0,0.0,0.5
2201.7000,  1.00000000,1,0,0.0,0.5
2201.7333,  1.00000000,1,0,0.0,0.5
2201.7667,  1.00000000,1,0,0.0,0.5
2201.8000,  1.00000000,1,0,0.0,0.5
2201.8333,  1.00000000,1,0,0.0,0.5
2201.8667,  1.00000000,1,0,0.0,0.5
2201.9000,  1.00000000,1,0,0.0,0.5
2201.9333,  1.00000000,1,0,0.0,0.5
2201.9667,  1.00000000,1,0,0.0,0.5
2202.0000,  1.00000000,1,0,0.0,0.5
2202.0333,  1.00000000,1,0,0.0,0.5
2202.0667,  1.00000000,1,0,0.0,0.5
2202.1000,  1.00000000,1,0,0.0,0.5
2202.1333,  1.00000000,1,0,0.025000000000000001,0.5
2202.1667,  1.00000000,1,0,0.0,0.5
2202.2000,  1.00000000,1,0,0.0,0.5
2202.2333,  1.00000000,1,0,0.0,0.5
2202.2667,  1.00000000,1,0,0.0,0.5
2202.3000,  1.00000000,1,0,0.0,0.5
2202.3333,  1.00000000,1,0,0.0,0.5
2202.3667,  1.00000000,1,0,0.0,0.5
2202.4000,  1.00000000,1,0,0.0,0.5
2202.4333,  1.00000000,1,0,0.0,0.5
2202.4667,  1.00000000,1,0,0.0,0.5
2202.5000,  1.00000000,1,0,0.0,0.5
2202.5333,  1.00000000,1,0,0.0,0.5
2202.5667,  1.00000000,1,0,0.0,0.5
2202.6000,  1.00000000,1,0,0.0,0.5
2202.6333,  1.00000000,1,0,0.0,0.5
2202.6667,  1.00000000,1,0,0.0,0.5
2202.7000,  1.00000000,1,0,0.0,0.5
2202.7333,  1.00000000,1,0,0.0,0.5
2202.7667,  1.00000000,1,0,0.0,0.5
2202.8000,  1.00000000,1,0,0.0,0.5
2202.8333,  1.00000000,1,0,0.0,0.5
2202.8667,  1.00000000,1,0,0.0,0.5
2202.9000,  1.00000000,1,0,0.025000000000000001,0.5
2202.9333,  1.00000000,1,0,0.0,0.5
2202.9667,  1.00000000,1,0,0.025000000000000001,0.5
2203.0000,  1.00000000,1,0,0.0,0.5
2203.0333,  1.00000000,1,0,0.0,0.5
2203.0667,  1.00000000,1,0,0.025000000000000001,0.5
2203.1000,  1.00000000,1,0,0.0,0.5
2203.1333,  1.00000000,1,0,0.0,0.5
2203.1667,  1.00000000,1,0,0.0,0.5
2203.2000,  1.00000000,1,0,0.0,0.5
2203.2333,  1.00000000,1,0,0.025000000000000001,0.5
2203.2667,  1.00000000,1,0,0.0,0.5
2203.3000,  1.00000000,1,0,0.0,0.5
2203.3333,  1.00000000,1,0,0.0,0.5
2203.3667,  1.00000000,1,0,0.0,0.5
2203.4000,  1.00000000,1,0,0.0,0.5
2203.4333,  1.00000000,1,0,0.0,0.5
2203.4667,  1.00000000,1,0,0.0,0.5
2203.5000,  1.00000000,1,0,0.025000000000000001,0.5
2203.5333,  1.00000000,1,0,0.0,0.5
2203.5667,  1.00000000,1,0,0.0,0.5
2203.6000,  1.00000000,1,0,0.0,0.5
2203.6333,  1.00000000,1,0,0.0,0.5
2203.6667,  1.00000000,1,0,0.0,0.5
2203.7000,  1.00000000,1,0,0.0,0.5
2203.7333,  1.00000000,1,0,0.0,0.5
2203.7667,  1.00000000,1,0,0.0,0.5
2203.8000,  1.00000000,1,0,0.0,0.5
2203.8333,  1.00000000,1,0,0.0,0.5
2203.8667,  1.00000000,1,0,0.025000000000000001,0.5
2203.9000,  1.00000000,1,0,0.0,0.5
2203.9333,  1.00000000,1,0,0.0,0.5
2203.9667,  1.00000000,1,0,0.0,0.5
2204.0000,  1.00000000,1,0,0.0,0.5
2204.0333,  1.00000000,1,0,0.0,0.5
2204.0667,  1.00000000,1,0,0.0,0.5
2204.1000,  1.00000000,1,0,0.0,0.5
2204.1333,  1.00000000,1,0,0.0,0.5
2204.1667,  1.00000000,1,0,0.0,0.5
2204.2000,  1.00000000,1,0,0.0,0.5
2204.2333,  1.00000000,1,0,0.0,0.5
2204.2667,  1.00000000,1,0,0.0,0.5
2204.3000,  1.00000000,1,0,0.025000000000000001,0.5
2204.3333,  1.00000000,1,0,0.0,0.5
2204.3667,  1.00000000,1,0,0.0,0.5
2204.4000,  1.00000000,1,0,0.0,0.5
2204.4333,  1.00000000,1,0,0.0,0.5
2204.4667,  1.00000000,1,0,0.0,0.5
2204.5000,  1.00000000,1,0,0.0,0.5
2204.5333,  1.00000000,1,0,0.0,0.5
2204.5667,  1.00000000,1,0,0.0,0.5
2204.6000,  1.00000000,1,0,0.0,0.5
2204.6333,  1.00000000,1,0,0.0,0.5
2204.6667,  1.00000000,1,0,0.0,0.5
2204.7000,  1.00000000,1,0,0.0,0.5
2204.7333,  1.00000000,1,0,0.0,0.5
2204.7667,  1.00000000,1,0,0.0,0.5
2204.8000,  1.00000000,1,0,0.0,0.5
2204.8333,  1.00000000,1,0,0.0,0.5
2204.8667,  1.00000000,1,0,0.0,0.5
2204.9000,  1.00000000,1,0,0.0,0.5
2204.9333,  1.00000000,1,0,0.0,0.5
2204.9667,  1.00000000,1,0,0.0,0.5
2205.0000,  1.00000000,1,0,0.0,0.5
2205.0333,  1.00000000,1,0,0.0,0.5
2205.0667,  1.00000000,1,0,0.0,0.5
2205.1000,  1.00000000,1,0,0.025000000000000001,0.5
2205.1333,  1.00000000,1,0,0.0,0.5
2205.1667,  1.00000000,1,0,0.0,0.5
2205.2000,  1.00000000,1,0,0.0,0.5
2205.2333,  1.00000000,1,0,0.0,0.5
2205.2667,  1.00000000,1,0,0.0,0.5
2205.3000,  1.00000000,1,0,0.0,0.5
2205.3333,  1.00000000,1,0,0.0,0.5
2205.3667,  1.00000000,1,0,0.0,0.5
2205.4000,  1.00000000,1,0,0.025000000000000001,0.5
2205.4333,  1.00000000,1,0,0.025000000000000001,0.5
2205.4667,  1.00000000,1,0,0.0,0.5
2205.5000,  1.00000000,1,0,0.0,0.5
2205.5333,  1.00000000,1,0,0.0,0.5
2205.5667,  1.00000000,1,0,0.0,0.5
2205.6000,  1.00000000,1,0,0.0,0.5
2205.6333,  1.00000000,1,0,0.0,0.5
2205.6667,  1.00000000,1,0,0.0,0.5
2205.7000,  1.00000000,1,0,0.0,0.5
2205.7333,  1.00000000,1,0,0.0,0.5
2205.7667,  1.00000000,1,0,0.0,0.5
2205.8000,  1.00000000,1,0,0.0,0.5
2205.8333,  1.00000000,1,0,0.0,0.5
2205.8667,  1.00000000,1,0,0.0,0.5
2205.9000,  1.00000000,1,0,0.0,0.5
2205.9333,  1.00000000,1,0,0.0,0.5
2205.9667,  1.00000000,1,0,0.0,0.5
2206.0000,  1.00000000,1,0,0.0,0.5
2206.0333,  1.00000000,1,0,0.0,0.5
2206.0667,  1.00000000,1,0,0.0,0.5
2206.1000,  1.00000000,1,0,0.0,0.5
2206.1333,  1.00000000,1,0,0.0,0.5
2206.1667,  1.00000000,1,0,0.0,0.5
2206.2000,  1.00000000,1,0,0.0,0.5
2206.2333,  1.00000000,1,0,0.0,0.5
2206.2667,  1.00000000,1,0,0.0,0.5
2206.3000,  1.00000000,1,0,0.0,0.5
2206.3333,  1.00000000,1,0,0.0,0.5
2206.3667,  1.00000000,1,0,0.0,0.5
2206.4000,  1.00000000,1,0,0.0,0.5
2206.4333,  1.00000000,1,0,0.0,0.5
2206.4667,  1.00000000,1,0,0.0,0.5
2206.5000,  1.00000000,1,0,0.0,0.5
2206.5333,  1.00000000,1,0,0.0,0.5
2206.5667,  1.00000000,1,0,0.0,0.5
2206.6000,  1.00000000,1,0,0.0,0.5
2206.6333,  1.00000000,1,0,0.0,0.5
2206.6667,  1.00000000,1,0,0.025000000000000001,0.5
2206.7000,  1.00000000,1,0,0.0,0.5
2206.7333,  1.00000000,1,0,0.0,0.5
2206.7667,  1.00000000,1,0,0.0,0.5
2206.8000,  1.00000000,1,0,0.0,0.5
2206.8333,  1.00000000,1,0,0.0,0.5
2206.8667,  1.00000000,1,0,0.0,0.5
2206.9000,  1.00000000,1,0,0.0,0.5
2206.9333,  1.00000000,1,0,0.0,0.5
2206.9667,  1.00000000,1,0,0.0,0.5
2207.0000,  1.00000000,1,0,0.0,0.5
2207.0333,  1.00000000,1,0,0.0,0.5
2207.0667,  1.00000000,1,0,0.0,0.5
2207.1000,  1.00000000,1,0,0.0,0.5
2207.1333,  1.00000000,1,0,0.0,0.5
2207.1667,  1.00000000,1,0,0.0,0.5
2207.2000,  1.00000000,1,0,0.0,0.5
2207.2333,  1.00000000,1,0,0.0,0.5
2207.2667,  1.00000000,1,0,0.0,0.5
2207.3000,  1.00000000,1,0,0.0,0.5
2207.3333,  1.00000000,1,0,0.0,0.5
2207.3667,  1.00000000,1,0,0.0,0.5
2207.4000,  1.00000000,1,0,0.0,0.5
2207.4333,  1.00000000,1,0,0.0,0.5
2207.4667,  1.00000000,1,0,0.0,0.5
2207.5000,  1.00000000,1,0,0.0,0.5
2207.5333,  1.00000000,1,0,0.0,0.5
2207.5667,  1.00000000,1,0,0.0,0.5
2207.6000,  1.00000000,1,0,0.0,0.5
2207.6333,  1.00000000,1,0,0.0,0.5
2207.6667,  1.00000000,1,0,0.025000000000000001,0.5
2207.7000,  1.00000000,1,0,0.0,0.5
2207.7333,  1.00000000,1,0,0.0,0.5
2207.7667,  1.00000000,1,0,0.0,0.5
2207.8000,  1.00000000,1,0,0.0,0.5
2207.8333,  1.00000000,1,0,0.0,0.5
2207.8667,  1.00000000,1,0,0.0,0.5
2207.9000,  1.00000000,1,0,0.0,0.5
2207.9333,  1.00000000,1,0,0.0,0.5
2207.9667,  1.00000000,1,0,0.0,0.5
2208.0000,  1.00000000,1,0,0.0,0.5
2208.0333,  1.00000000,1,0,0.0,0.5
2208.0667,  1.00000000,1,0,0.0,0.5
2208.1000,  1.00000000,1,0,0.025000000000000001,0.5
2208.1333,  1.00000000,1,0,0.0,0.5
2208.1667,  1.00000000,1,0,0.0,0.5
2208.2000,  1.00000000,1,0,0.0,0.5
2208.2333,  1.00000000,1,0,0.0,0.5
2208.2667,  1.00000000,1,0,0.0,0.5
2208.3000,  1.00000000,1,0,0.025000000000000001,0.5
2208.3333,  1.00000000,1,0,0.0,0.5
2208.3667,  1.00000000,1,0,0.0,0.5
2208.4000,  1.00000000,1,0,0.0,0.5
2208.4333,  1.00000000,1,0,0.0,0.5
2208.4667,  1.00000000,1,0,0.0,0.5
2208.5000,  1.00000000,1,0,0.0,0.5
2208.5333,  1.00000000,1,0,0.0,0.5
2208.5667,  1.00000000,1,0,0.0,0.5
2208.6000,  1.00000000,1,0,0.0,0.5
2208.6333,  1.00000000,1,0,0.0,0.5
2208.6667,  1.00000000,1,0,0.0,0.5
2208.7000,  1.00000000,1,0,0.0,0.5
2208.7333,  1.00000000,1,0,0.0,0.5
2208.7667,  1.00000000,1,0,0.0,0.5
2208.8000,  1.00000000,1,0,0.0,0.5
2208.8333,  1.00000000,1,0,0.0,0.5
2208.8667,  1.00000000,1,0,0.0,0.5
2208.9000,  1.00000000,1,0,0.0,0.5
2208.9333,  1.00000000,1,0,0.0,0.5
2208.9667,  1.00000000,1,0,0.0,0.5
2209.0000,  1.00000000,1,0,0.0,0.5
2209.0333,  1.00000000,1,0,0.0,0.5
2209.0667,  1.00000000,1,0,0.0,0.5
2209.1000,  1.00000000,1,0,0.0,0.5
2209.1333,  1.00000000,1,0,0.0,0.5
2209.1667,  1.00000000,1,0,0.0,0.5
2209.2000,  1.00000000,1,0,0.025000000000000001,0.5
2209.2333,  1.00000000,1,0,0.0,0.5
2209.2667,  1.00000000,1,0,0.0,0.5
2209.3000,  1.00000000,1,0,0.0,0.5
2209.3333,  1.00000000,1,0,0.0,0.5
2209.3667,  1.00000000,1,0,0.0,0.5
2209.4000,  1.00000000,1,0,0.0,0.5
2209.4333,  1.00000000,1,0,0.0,0.5
2209.4667,  1.00000000,1,0,0.0,0.5
2209.5000,  1.00000000,1,0,0.0,0.5
2209.5333,  1.00000000,1,0,0.0,0.5
2209.5667,  1.00000000,1,0,0.0,0.5
2209.6000,  1.00000000,1,0,0.0,0.5
2209.6333,  1.00000000,1,0,0.0,0.5
2209.6667,  1.00000000,1,0,0.025000000000000001,0.5
2209.7000,  1.00000000,1,0,0.0,0.5
2209.7333,  1.00000000,1,0,0.0,0.5
2209.7667,  1.00000000,1,0,0.0,0.5
2209.8000,  1.00000000,1,0,0.0,0.5
2209.8333,  1.00000000,1,0,0.0,0.5
2209.8667,  1.00000000,1,0,0.0,0.5
2209.9000,  1.00000000,1,0,0.0,0.5
2209.9333,  1.00000000,1,0,0.0,0.5
2209.9667,  1.00000000,1,0,0.0,0.5
2210.0000,  1.00000000,1,0,0.0,0.5
2210.0333,  1.00000000,1,0,0.0,0.5
2210.0667,  1.00000000,1,0,0.0,0.5
2210.1000,  1.00000000,1,0,0.0,0.5
2210.1333,  1.00000000,1,0,0.0,0.5
2210.1667,  1.00000000,1,0,0.0,0.5
2210.2000,  1.00000000,1,0,0.0,0.5
2210.2333,  1.00000000,1,0,0.0,0.5
2210.2667,  1.00000000,1,0,0.025000000000000001,0.5
2210.3000,  1.00000000,1,0,0.0,0.5
2210.3333,  1.00000000,1,0,0.0,0.5
2210.3667,  1.00000000,1,0,0.0,0.5
2210.4000,  1.00000000,1,0,0.0,0.5
2210.4333,  1.00000000,1,0,0.0,0.5
2210.4667,  1.00000000,1,0,0.0,0.5
2210.5000,  1.00000000,1,0,0.0,0.5
2210.5333,  1.00000000,1,0,0.0,0.5
2210.5667,  1.00000000,1,0,0.0,0.5
2210.6000,  1.00000000,1,0,0.0,0.5
2210.6333,  1.00000000,1,0,0.050000000000000003,0.5
2210.6667,  1.00000000,1,0,0.0,0.5
2210.7000,  1.00000000,1,0,0.0,0.5
2210.7333,  1.00000000,1,0,0.0,0.5
2210.7667,  1.00000000,1,0,0.0,0.5
2210.8000,  1.00000000,1,0,0.0,0.5
2210.8333,  1.00000000,1,0,0.0,0.5
2210.8667,  1.00000000,1,0,0.0,0.5
2210.9000,  1.00000000,1,0,0.0,0.5
2210.9333,  1.00000000,1,0,0.0,0.5
2210.9667,  1.00000000,1,0,0.0,0.5
2211.0000,  1.00000000,1,0,0.0,0.5
2211.0333,  1.00000000,1,0,0.0,0.5
2211.0667,  1.00000000,1,0,0.0,0.5
2211.1000,  1.00000000,1,0,0.0,0.5
2211.1333,  1.00000000,1,0,0.0,0.5
2211.1667,  1.00000000,1,0,0.0,0.5
2211.2000,  1.00000000,1,0,0.0,0.5
2211.2333,  1.00000000,1,0,0.0,0.5
2211.2667,  1.00000000,1,0,0.0,0.5
2211.3000,  1.00000000,1,0,0.0,0.5
2211.3333,  1.00000000,1,0,0.0,0.5
2211.3667,  1.00000000,1,0,0.0,0.5
2211.4000,  1.00000000,1,0,0.0,0.5
2211.4333,  1.00000000,1,0,0.0,0.5
2211.4667,  1.00000000,1,0,0.0,0.5
2211.5000,  1.00000000,1,0,0.0,0.5
2211.5333,  1.00000000,1,0,0.0,0.5
2211.5667,  1.00000000,1,0,0.0,0.5
2211.6000,  1.00000000,1,0,0.025000000000000001,0.5
2211.6333,  1.00000000,1,0,0.0,0.5
2211.6667,  1.00000000,1,0,0.0,0.5
2211.7000,  1.00000000,1,0,0.0,0.5
2211.7333,  1.00000000,1,0,0.0,0.5
2211.7667,  1.00000000,1,0,0.0,0.5
2211.8000,  1.00000000,1,0,0.0,0.5
2211.8333,  1.00000000,1,0,0.025000000000000001,0.5
2211.8667,  1.00000000,1,0,0.0,0.5
2211.9000,  1.00000000,1,0,0.0,0.5
2211.9333,  1.00000000,1,0,0.0,0.5
2211.9667,  1.00000000,1,0,0.0,0.5
2212.0000,  1.00000000,1,0,0.025000000000000001,0.5
2212.0333,  1.00000000,1,0,0.0,0.5
2212.0667,  1.00000000,1,0,0.025000000000000001,0.5
2212.1000,  1.00000000,1,0,0.0,0.5
2212.1333,  1.00000000,1,0,0.0,0.5
2212.1667,  1.00000000,1,0,0.0,0.5
2212.2000,  1.00000000,1,0,0.0,0.5
2212.2333,  1.00000000,1,0,0.0,0.5
2212.2667,  1.00000000,1,0,0.0,0.5
2212.3000,  1.00000000,1,0,0.0,0.5
2212.3333,  1.00000000,1,0,0.0,0.5
2212.3667,  1.00000000,1,0,0.0,0.5
2212.4000,  1.00000000,1,0,0.0,0.5
2212.4333,  1.00000000,1,0,0.0,0.5
2212.4667,  1.00000000,1,0,0.0,0.5
2212.5000,  1.00000000,1,0,0.0,0.5
2212.5333,  1.00000000,1,0,0.0,0.5
2212.5667,  1.00000000,1,0,0.0,0.5
2212.6000,  1.00000000,1,0,0.0,0.5
2212.6333,  1.00000000,1,0,0.0,0.5
2212.6667,  1.00000000,1,0,0.0,0.5
2212.7000,  1.00000000,1,0,0.0,0.5
2212.7333,  1.00000000,1,0,0.0,0.5
2212.7667,  1.00000000,1,0,0.0,0.5
2212.8000,  1.00000000,1,0,0.0,0.5
2212.8333,  1.00000000,1,0,0.0,0.5
2212.8667,  1.00000000,1,0,0.0,0.5
2212.9000,  1.00000000,1,0,0.0,0.5
2212.9333,  1.00000000,1,0,0.0,0.5
2212.9667,  1.00000000,1,0,0.0,0.5
2213.0000,  1.00000000,1,0,0.0,0.5
2213.0333,  1.00000000,1,0,0.025000000000000001,0.5
2213.0667,  1.00000000,1,0,0.0,0.5
2213.1000,  1.00000000,1,0,0.0,0.5
2213.1333,  1.00000000,1,0,0.0,0.5
2213.1667,  1.00000000,1,0,0.0,0.5
2213.2000,  1.00000000,1,0,0.0,0.5
2213.2333,  1.00000000,1,0,0.0,0.5
2213.2667,  1.00000000,1,0,0.0,0.5
2213.3000,  1.00000000,1,0,0.0,0.5
2213.3333,  1.00000000,1,0,0.0,0.5
2213.3667,  1.00000000,1,0,0.0,0.5
2213.4000,  1.00000000,1,0,0.0,0.5
2213.4333,  1.00000000,1,0,0.0,0.5
2213.4667,  1.00000000,1,0,0.0,0.5
2213.5000,  1.00000000,1,0,0.0,0.5
2213.5333,  1.00000000,1,0,0.0,0.5
2213.5667,  1.00000000,1,0,0.0,0.5
2213.6000,  1.00000000,1,0,0.0,0.5
2213.6333,  1.00000000,1,0,0.025000000000000001,0.5
2213.6667,  1.00000000,1,0,0.0,0.5
2213.7000,  1.00000000,1,0,0.0,0.5
2213.7333,  1.00000000,1,0,0.0,0.5
2213.7667,  1.00000000,1,0,0.0,0.5
2213.8000,  1.00000000,1,0,0.0,0.5
2213.8333,  1.00000000,1,0,0.0,0.5
2213.8667,  1.00000000,1,0,0.0,0.5
2213.9000,  1.00000000,1,0,0.0,0.5
2213.9333,  1.00000000,1,0,0.0,0.5
2213.9667,  1.00000000,1,0,0.0,0.5
2214.0000,  1.00000000,1,0,0.0,0.5
2214.0333,  1.00000000,1,0,0.0,0.5
2214.0667,  1.00000000,1,0,0.0,0.5
2214.1000,  1.00000000,1,0,0.0,0.5
2214.1333,  1.00000000,1,0,0.0,0.5
2214.1667,  1.00000000,1,0,0.0,0.5
2214.2000,  1.00000000,1,0,0.0,0.5
2214.2333,  1.00000000,1,0,0.0,0.5
2214.2667,  1.00000000,1,0,0.0,0.5
2214.3000,  1.00000000,1,0,0.0,0.5
2214.3333,  1.00000000,1,0,0.0,0.5
2214.3667,  1.00000000,1,0,0.0,0.5
2214.4000,  1.00000000,1,0,0.0,0.5
2214.4333,  1.00000000,1,0,0.0,0.5
2214.4667,  1.00000000,1,0,0.0,0.5
2214.5000,  1.00000000,1,0,0.0,0.5
2214.5333,  1.00000000,1,0,0.0,0.5
2214.5667,  1.00000000,1,0,0.0,0.5
2214.6000,  1.00000000,1,0,0.0,0.5
2214.6333,  1.00000000,1,0,0.0,0.5
2214.6667,  1.00000000,1,0,0.0,0.5
2214.7000,  1.00000000,1,0,0.0,0.5
2214.7333,  1.00000000,1,0,0.0,0.5
2214.7667,  1.00000000,1,0,0.0,0.5
2214.8000,  1.00000000,1,0,0.0,0.5
2214.8333,  1.00000000,1,0,0.0,0.5
2214.8667,  1.00000000,1,0,0.0,0.5
2214.9000,  1.00000000,1,0,0.025000000000000001,0.5
2214.9333,  1.00000000,1,0,0.0,0.5
2214.9667,  1.00000000,1,0,0.0,0.5
2215.0000,  1.00000000,1,0,0.0,0.5
2215.0333,  1.00000000,1,0,0.0,0.5
2215.0667,  1.00000000,1,0,0.0,0.5
2215.1000,  1.00000000,1,0,0.0,0.5
2215.1333,  1.00000000,1,0,0.0,0.5
2215.1667,  1.00000000,1,0,0.0,0.5
2215.2000,  1.00000000,1,0,0.025000000000000001,0.5
2215.2333,  1.00000000,1,0,0.0,0.5
2215.2667,  1.00000000,1,0,0.0,0.5
2215.3000,  1.00000000,1,0,0.025000000000000001,0.5
2215.3333,  1.00000000,1,0,0.0,0.5
2215.3667,  1.00000000,1,0,0.0,0.5
2215.4000,  1.00000000,1,0,0.0,0.5
2215.4333,  1.00000000,1,0,0.0,0.5
2215.4667,  1.00000000,1,0,0.0,0.5
2215.5000,  1.00000000,1,0,0.0,0.5
2215.5333,  1.00000000,1,0,0.0,0.5
2215.5667,  1.00000000,1,0,0.0,0.5
2215.6000,  1.00000000,1,0,0.0,0.5
2215.6333,  1.00000000,1,0,0.0,0.5
2215.6667,  1.00000000,1,0,0.0,0.5
2215.7000,  1.00000000,1,0,0.025000000000000001,0.5
2215.7333,  1.00000000,1,0,0.0,0.5
2215.7667,  1.00000000,1,0,0.0,0.5
2215.8000,  1.00000000,1,0,0.0,0.5
2215.8333,  1.00000000,1,0,0.0,0.5
2215.8667,  1.00000000,1,0,0.0,0.5
2215.9000,  1.00000000,1,0,0.025000000000000001,0.5
2215.9333,  1.00000000,1,0,0.0,0.5
2215.9667,  1.00000000,1,0,0.025000000000000001,0.5
2216.0000,  1.00000000,1,0,0.0,0.5
2216.0333,  1.00000000,1,0,0.0,0.5
2216.0667,  1.00000000,1,0,0.0,0.5
2216.1000,  1.00000000,1,0,0.0,0.5
2216.1333,  1.00000000,1,0,0.0,0.5
2216.1667,  1.00000000,1,0,0.0,0.5
2216.2000,  1.00000000,1,0,0.0,0.5
2216.2333,  1.00000000,1,0,0.0,0.5
2216.2667,  1.00000000,1,0,0.0,0.5
2216.3000,  1.00000000,1,0,0.0,0.5
2216.3333,  1.00000000,1,0,0.0,0.5
2216.3667,  1.00000000,1,0,0.0,0.5
2216.4000,  1.00000000,1,0,0.0,0.5
2216.4333,  1.00000000,1,0,0.025000000000000001,0.5
2216.4667,  1.00000000,1,0,0.0,0.5
2216.5000,  1.00000000,1,0,0.0,0.5
2216.5333,  1.00000000,1,0,0.0,0.5
2216.5667,  1.00000000,1,0,0.0,0.5
2216.6000,  1.00000000,1,0,0.0,0.5
2216.6333,  1.00000000,1,0,0.0,0.5
2216.6667,  1.00000000,1,0,0.0,0.5
2216.7000,  1.00000000,1,0,0.0,0.5
2216.7333,  1.00000000,1,0,0.0,0.5
2216.7667,  1.00000000,1,0,0.0,0.5
2216.8000,  1.00000000,1,0,0.0,0.5
2216.8333,  1.00000000,1,0,0.0,0.5
2216.8667,  1.00000000,1,0,0.025000000000000001,0.5
2216.9000,  1.00000000,1,0,0.0,0.5
2216.9333,  1.00000000,1,0,0.0,0.5
2216.9667,  1.00000000,1,0,0.0,0.5
2217.0000,  1.00000000,1,0,0.0,0.5
2217.0333,  1.00000000,1,0,0.0,0.5
2217.0667,  1.00000000,1,0,0.0,0.5
2217.1000,  1.00000000,1,0,0.0,0.5
2217.1333,  1.00000000,1,0,0.0,0.5
2217.1667,  1.00000000,1,0,0.0,0.5
2217.2000,  1.00000000,1,0,0.0,0.5
2217.2333,  1.00000000,1,0,0.0,0.5
2217.2667,  1.00000000,1,0,0.0,0.5
2217.3000,  1.00000000,1,0,0.0,0.5
2217.3333,  1.00000000,1,0,0.0,0.5
2217.3667,  1.00000000,1,0,0.0,0.5
2217.4000,  1.00000000,1,0,0.0,0.5
2217.4333,  1.00000000,1,0,0.0,0.5
2217.4667,  1.00000000,1,0,0.0,0.5
2217.5000,  1.00000000,1,0,0.0,0.5
2217.5333,  1.00000000,1,0,0.0,0.5
2217.5667,  1.00000000,1,0,0.0,0.5
2217.6000,  1.00000000,1,0,0.025000000000000001,0.5
2217.6333,  1.00000000,1,0,0.0,0.5
2217.6667,  1.00000000,1,0,0.0,0.5
2217.7000,  1.00000000,1,0,0.0,0.5
2217.7333,  1.00000000,1,0,0.0,0.5
2217.7667,  1.00000000,1,0,0.0,0.5
2217.8000,  1.00000000,1,0,0.0,0.5
2217.8333,  1.00000000,1,0,0.0,0.5
2217.8667,  1.00000000,1,0,0.0,0.5
2217.9000,  1.00000000,1,0,0.0,0.5
2217.9333,  1.00000000,1,0,0.0,0.5
2217.9667,  1.00000000,1,0,0.0,0.5
2218.0000,  1.00000000,1,0,0.0,0.5
2218.0333,  1.00000000,1,0,0.0,0.5
2218.0667,  1.00000000,1,0,0.0,0.5
2218.1000,  1.00000000,1,0,0.0,0.5
2218.1333,  1.00000000,1,0,0.0,0.5
2218.1667,  1.00000000,1,0,0.0,0.5
2218.2000,  1.00000000,1,0,0.025000000000000001,0.5
2218.2333,  1.00000000,1,0,0.0,0.5
2218.2667,  1.00000000,1,0,0.025000000000000001,0.5
2218.3000,  1.00000000,1,0,0.0,0.5
2218.3333,  1.00000000,1,0,0.025000000000000001,0.5
2218.3667,  1.00000000,1,0,0.0,0.5
2218.4000,  1.00000000,1,0,0.0,0.5
2218.4333,  1.00000000,1,0,0.025000000000000001,0.5
2218.4667,  1.00000000,1,0,0.025000000000000001,0.5
2218.5000,  1.00000000,1,0,0.0,0.5
2218.5333,  1.00000000,1,0,0.0,0.5
2218.5667,  1.00000000,1,0,0.0,0.5
2218.6000,  1.00000000,1,0,0.0,0.5
2218.6333,  1.00000000,1,0,0.0,0.5
2218.6667,  1.00000000,1,0,0.025000000000000001,0.5
2218.7000,  1.00000000,1,0,0.0,0.5
2218.7333,  1.00000000,1,0,0.0,0.5
2218.7667,  1.00000000,1,0,0.0,0.5
2218.8000,  1.00000000,1,0,0.0,0.5
2218.8333,  1.00000000,1,0,0.0,0.5
2218.8667,  1.00000000,1,0,0.0,0.5
2218.9000,  1.00000000,1,0,0.0,0.5
2218.9333,  1.00000000,1,0,0.0,0.5
2218.9667,  1.00000000,1,0,0.025000000000000001,0.5
2219.0000,  1.00000000,1,0,0.025000000000000001,0.5
2219.0333,  1.00000000,1,0,0.0,0.5
2219.0667,  1.00000000,1,0,0.0,0.5
2219.1000,  1.00000000,1,0,0.0,0.5
2219.1333,  1.00000000,1,0,0.0,0.5
2219.1667,  1.00000000,1,0,0.0,0.5
2219.2000,  1.00000000,1,0,0.025000000000000001,0.5
2219.2333,  1.00000000,1,0,0.0,0.5
2219.2667,  1.00000000,1,0,0.0,0.5
2219.3000,  1.00000000,1,0,0.0,0.5
2219.3333,  1.00000000,1,0,0.0,0.5
2219.3667,  1.00000000,1,0,0.0,0.5
2219.4000,  1.00000000,1,0,0.025000000000000001,0.5
2219.4333,  1.00000000,1,0,0.0,0.5
2219.4667,  1.00000000,1,0,0.0,0.5
2219.5000,  1.00000000,1,0,0.0,0.5
2219.5333,  1.00000000,1,0,0.025000000000000001,0.5
2219.5667,  1.00000000,1,0,0.0,0.5
2219.6000,  1.00000000,1,0,0.0,0.5
2219.6333,  1.00000000,1,0,0.0,0.5
2219.6667,  1.00000000,1,0,0.0,0.5
2219.7000,  1.00000000,1,0,0.0,0.5
2219.7333,  1.00000000,1,0,0.0,0.5
2219.7667,  1.00000000,1,0,0.0,0.5
2219.8000,  1.00000000,1,0,0.0,0.5
2219.8333,  1.00000000,1,0,0.025000000000000001,0.5
2219.8667,  1.00000000,1,0,0.025000000000000001,0.5
2219.9000,  1.00000000,1,0,0.0,0.5
2219.9333,  1.00000000,1,0,0.0,0.5
2219.9667,  1.00000000,1,0,0.0,0.5
2220.0000,  1.00000000,1,0,0.025000000000000001,0.5
2220.0333,  1.00000000,1,0,0.0,0.5
2220.0667,  1.00000000,1,0,0.0,0.5
2220.1000,  1.00000000,1,0,0.025000000000000001,0.5
2220.1333,  1.00000000,1,0,0.025000000000000001,0.5
2220.1667,  1.00000000,1,0,0.0,0.5
2220.2000,  1.00000000,1,0,0.025000000000000001,0.5
2220.2333,  1.00000000,1,0,0.0,0.5
2220.2667,  1.00000000,1,0,0.0,0.5
2220.3000,  1.00000000,1,0,0.0,0.5
2220.3333,  1.00000000,1,0,0.0,0.5
2220.3667,  1.00000000,1,0,0.0,0.5
2220.4000,  1.00000000,1,0,0.0,0.5
2220.4333,  1.00000000,1,0,0.0,0.5
2220.4667,  1.00000000,1,0,0.0,0.5
2220.5000,  1.00000000,1,0,0.025000000000000001,0.5
2220.5333,  1.00000000,1,0,0.0,0.5
2220.5667,  1.00000000,1,0,0.0,0.5
2220.6000,  1.00000000,1,0,0.0,0.5
2220.6333,  1.00000000,1,0,0.025000000000000001,0.5
2220.6667,  1.00000000,1,0,0.0,0.5
2220.7000,  1.00000000,1,0,0.0,0.5
2220.7333,  1.00000000,1,0,0.0,0.5
2220.7667,  1.00000000,1,0,0.0,0.5
2220.8000,  1.00000000,1,0,0.0,0.5
2220.8333,  1.00000000,1,0,0.0,0.5
2220.8667,  1.00000000,1,0,0.0,0.5
2220.9000,  1.00000000,1,0,0.0,0.5
2220.9333,  1.00000000,1,0,0.025000000000000001,0.5
2220.9667,  1.00000000,1,0,0.0,0.5
2221.0000,  1.00000000,1,0,0.025000000000000001,0.5
2221.0333,  1.00000000,1,0,0.0,0.5
2221.0667,  1.00000000,1,0,0.0,0.5
2221.1000,  1.00000000,1,0,0.0,0.5
2221.1333,  1.00000000,1,0,0.0,0.5
2221.1667,  1.00000000,1,0,0.0,0.5
2221.2000,  1.00000000,1,0,0.0,0.5
2221.2333,  1.00000000,1,0,0.0,0.5
2221.2667,  1.00000000,1,0,0.0,0.5
2221.3000,  1.00000000,1,0,0.0,0.5
2221.3333,  1.00000000,1,0,0.0,0.5
2221.3667,  1.00000000,1,0,0.0,0.5
2221.4000,  1.00000000,1,0,0.025000000000000001,0.5
2221.4333,  1.00000000,1,0,0.0,0.5
2221.4667,  1.00000000,1,0,0.0,0.5
2221.5000,  1.00000000,1,0,0.0,0.5
2221.5333,  1.00000000,1,0,0.0,0.5
2221.5667,  1.00000000,1,0,0.0,0.5
2221.6000,  1.00000000,1,0,0.0,0.5
2221.6333,  1.00000000,1,0,0.0,0.5
2221.6667,  1.00000000,1,0,0.0,0.5
2221.7000,  1.00000000,1,0,0.0,0.5
2221.7333,  1.00000000,1,0,0.0,0.5
2221.7667,  1.00000000,1,0,0.0,0.5
2221.8000,  1.00000000,1,0,0.025000000000000001,0.5
2221.8333,  1.00000000,1,0,0.0,0.5
2221.8667,  1.00000000,1,0,0.0,0.5
2221.9000,  1.00000000,1,0,0.0,0.5
2221.9333,  1.00000000,1,0,0.0,0.5
2221.9667,  1.00000000,1,0,0.0,0.5
2222.0000,  1.00000000,1,0,0.0,0.5
2222.0333,  1.00000000,1,0,0.0,0.5
2222.0667,  1.00000000,1,0,0.025000000000000001,0.5
2222.1000,  1.00000000,1,0,0.0,0.5
2222.1333,  1.00000000,1,0,0.0,0.5
2222.1667,  1.00000000,1,0,0.0,0.5
2222.2000,  1.00000000,1,0,0.0,0.5
2222.2333,  1.00000000,1,0,0.0,0.5
2222.2667,  1.00000000,1,0,0.0,0.5
2222.3000,  1.00000000,1,0,0.0,0.5
2222.3333,  1.00000000,1,0,0.0,0.5
2222.3667,  1.00000000,1,0,0.0,0.5
2222.4000,  1.00000000,1,0,0.0,0.5
2222.4333,  1.00000000,1,0,0.0,0.5
2222.4667,  1.00000000,1,0,0.025000000000000001,0.5
2222.5000,  1.00000000,1,0,0.0,0.5
2222.5333,  1.00000000,1,0,0.0,0.5
2222.5667,  1.00000000,1,0,0.0,0.5
2222.6000,  1.00000000,1,0,0.0,0.5
2222.6333,  1.00000000,1,0,0.0,0.5
2222.6667,  1.00000000,1,0,0.0,0.5
2222.7000,  1.00000000,1,0,0.0,0.5
2222.7333,  1.00000000,1,0,0.0,0.5
2222.7667,  1.00000000,1,0,0.0,0.5
2222.8000,  1.00000000,1,0,0.0,0.5
2222.8333,  1.00000000,1,0,0.0,0.5
2222.8667,  1.00000000,1,0,0.0,0.5
2222.9000,  1.00000000,1,0,0.0,0.5
2222.9333,  1.00000000,1,0,0.0,0.5
2222.9667,  1.00000000,1,0,0.0,0.5
2223.0000,  1.00000000,1,0,0.025000000000000001,0.5
2223.0333,  1.00000000,1,0,0.025000000000000001,0.5
2223.0667,  1.00000000,1,0,0.0,0.5
2223.1000,  1.00000000,1,0,0.0,0.5
2223.1333,  1.00000000,1,0,0.0,0.5
2223.1667,  1.00000000,1,0,0.025000000000000001,0.5
2223.2000,  1.00000000,1,0,0.0,0.5
2223.2333,  1.00000000,1,0,0.0,0.5
2223.2667,  1.00000000,1,0,0.0,0.5
2223.3000,  1.00000000,1,0,0.0,0.5
2223.3333,  1.00000000,1,0,0.0,0.5
2223.3667,  1.00000000,1,0,0.025000000000000001,0.5
2223.4000,  1.00000000,1,0,0.0,0.5
2223.4333,  1.00000000,1,0,0.0,0.5
2223.4667,  1.00000000,1,0,0.0,0.5
2223.5000,  1.00000000,1,0,0.0,0.5
2223.5333,  1.00000000,1,0,0.025000000000000001,0.5
2223.5667,  1.00000000,1,0,0.0,0.5
2223.6000,  1.00000000,1,0,0.0,0.5
2223.6333,  1.00000000,1,0,0.0,0.5
2223.6667,  1.00000000,1,0,0.0,0.5
2223.7000,  1.00000000,1,0,0.025000000000000001,0.5
2223.7333,  1.00000000,1,0,0.0,0.5
2223.7667,  1.00000000,1,0,0.0,0.5
2223.8000,  1.00000000,1,0,0.0,0.5
2223.8333,  1.00000000,1,0,0.025000000000000001,0.5
2223.8667,  1.00000000,1,0,0.0,0.5
2223.9000,  1.00000000,1,0,0.0,0.5
2223.9333,  1.00000000,1,0,0.0,0.5
2223.9667,  1.00000000,1,0,0.0,0.5
2224.0000,  1.00000000,1,0,0.025000000000000001,0.5
2224.0333,  1.00000000,1,0,0.025000000000000001,0.5
2224.0667,  1.00000000,1,0,0.0,0.5
2224.1000,  1.00000000,1,0,0.0,0.5
2224.1333,  1.00000000,1,0,0.0,0.5
2224.1667,  1.00000000,1,0,0.0,0.5
2224.2000,  1.00000000,1,0,0.0,0.5
2224.2333,  1.00000000,1,0,0.0,0.5
2224.2667,  1.00000000,1,0,0.0,0.5
2224.3000,  1.00000000,1,0,0.0,0.5
2224.3333,  1.00000000,1,0,0.0,0.5
2224.3667,  1.00000000,1,0,0.0,0.5
2224.4000,  1.00000000,1,0,0.0,0.5
2224.4333,  1.00000000,1,0,0.0,0.5
2224.4667,  1.00000000,1,0,0.0,0.5
2224.5000,  1.00000000,1,0,0.0,0.5
2224.5333,  1.00000000,1,0,0.0,0.5
2224.5667,  1.00000000,1,0,0.0,0.5
2224.6000,  1.00000000,1,0,0.0,0.5
2224.6333,  1.00000000,1,0,0.0,0.5
2224.6667,  1.00000000,1,0,0.0,0.5
2224.7000,  1.00000000,1,0,0.0,0.5
2224.7333,  1.00000000,1,0,0.0,0.5
2224.7667,  1.00000000,1,0,0.0,0.5
2224.8000,  1.00000000,1,0,0.0,0.5
2224.8333,  1.00000000,1,0,0.0,0.5
2224.8667,  1.00000000,1,0,0.0,0.5
2224.9000,  1.00000000,1,0,0.0,0.5
2224.9333,  1.00000000,1,0,0.0,0.5
2224.9667,  1.00000000,1,0,0.0,0.5
2225.0000,  1.00000000,1,0,0.025000000000000001,0.5
2225.0333,  1.00000000,1,0,0.0,0.5
2225.0667,  1.00000000,1,0,0.0,0.5
2225.1000,  1.00000000,1,0,0.0,0.5
2225.1333,  1.00000000,1,0,0.0,0.5
2225.1667,  1.00000000,1,0,0.0,0.5
2225.2000,  1.00000000,1,0,0.0,0.5
2225.2333,  1.00000000,1,0,0.0,0.5
2225.2667,  1.00000000,1,0,0.0,0.5
2225.3000,  1.00000000,1,0,0.025000000000000001,0.5
2225.3333,  1.00000000,1,0,0.0,0.5
2225.3667,  1.00000000,1,0,0.0,0.5
2225.4000,  1.00000000,1,0,0.0,0.5
2225.4333,  1.00000000,1,0,0.0,0.5
2225.4667,  1.00000000,1,0,0.0,0.5
2225.5000,  1.00000000,1,0,0.0,0.5
2225.5333,  1.00000000,1,0,0.0,0.5
2225.5667,  1.00000000,1,0,0.0,0.5
2225.6000,  1.00000000,1,0,0.0,0.5
2225.6333,  1.00000000,1,0,0.0,0.5
2225.6667,  1.00000000,1,0,0.0,0.5
2225.7000,  1.00000000,1,0,0.0,0.5
2225.7333,  1.00000000,1,0,0.0,0.5
2225.7667,  1.00000000,1,0,0.0,0.5
2225.8000,  1.00000000,1,0,0.050000000000000003,0.5
2225.8333,  1.00000000,1,0,0.0,0.5
2225.8667,  1.00000000,1,0,0.0,0.5
2225.9000,  1.00000000,1,0,0.0,0.5
2225.9333,  1.00000000,1,0,0.0,0.5
2225.9667,  1.00000000,1,0,0.0,0.5
2226.0000,  1.00000000,1,0,0.0,0.5
2226.0333,  1.00000000,1,0,0.0,0.5
2226.0667,  1.00000000,1,0,0.0,0.5
2226.1000,  1.00000000,1,0,0.0,0.5
2226.1333,  1.00000000,1,0,0.0,0.5
2226.1667,  1.00000000,1,0,0.0,0.5
2226.2000,  1.00000000,1,0,0.0,0.5
2226.2333,  1.00000000,1,0,0.0,0.5
2226.2667,  1.00000000,1,0,0.0,0.5
2226.3000,  1.00000000,1,0,0.0,0.5
2226.3333,  1.00000000,1,0,0.0,0.5
2226.3667,  1.00000000,1,0,0.0,0.5
2226.4000,  1.00000000,1,0,0.0,0.5
2226.4333,  1.00000000,1,0,0.0,0.5
2226.4667,  1.00000000,1,0,0.0,0.5
2226.5000,  1.00000000,1,0,0.0,0.5
2226.5333,  1.00000000,1,0,0.0,0.5
2226.5667,  1.00000000,1,0,0.0,0.5
2226.6000,  1.00000000,1,0,0.0,0.5
2226.6333,  1.00000000,1,0,0.0,0.5
2226.6667,  1.00000000,1,0,0.0,0.5
2226.7000,  1.00000000,1,0,0.0,0.5
2226.7333,  1.00000000,1,0,0.0,0.5
2226.7667,  1.00000000,1,0,0.0,0.5
2226.8000,  1.00000000,1,0,0.0,0.5
2226.8333,  1.00000000,1,0,0.0,0.5
2226.8667,  1.00000000,1,0,0.0,0.5
2226.9000,  1.00000000,1,0,0.0,0.5
2226.9333,  1.00000000,1,0,0.0,0.5
2226.9667,  1.00000000,1,0,0.0,0.5
2227.0000,  1.00000000,1,0,0.0,0.5
2227.0333,  1.00000000,1,0,0.0,0.5
2227.0667,  1.00000000,1,0,0.0,0.5
2227.1000,  1.00000000,1,0,0.0,0.5
2227.1333,  1.00000000,1,0,0.0,0.5
2227.1667,  1.00000000,1,0,0.025000000000000001,0.5
2227.2000,  1.00000000,1,0,0.0,0.5
2227.2333,  1.00000000,1,0,0.0,0.5
2227.2667,  1.00000000,1,0,0.0,0.5
2227.3000,  1.00000000,1,0,0.025000000000000001,0.5
2227.3333,  1.00000000,1,0,0.0,0.5
2227.3667,  1.00000000,1,0,0.0,0.5
2227.4000,  1.00000000,1,0,0.0,0.5
2227.4333,  1.00000000,1,0,0.0,0.5
2227.4667,  1.00000000,1,0,0.0,0.5
2227.5000,  1.00000000,1,0,0.0,0.5
2227.5333,  1.00000000,1,0,0.0,0.5
2227.5667,  1.00000000,1,0,0.0,0.5
2227.6000,  1.00000000,1,0,0.0,0.5
2227.6333,  1.00000000,1,0,0.0,0.5
2227.6667,  1.00000000,1,0,0.0,0.5
2227.7000,  1.00000000,1,0,0.0,0.5
2227.7333,  1.00000000,1,0,0.0,0.5
2227.7667,  1.00000000,1,0,0.0,0.5
2227.8000,  1.00000000,1,0,0.0,0.5
2227.8333,  1.00000000,1,0,0.0,0.5
2227.8667,  1.00000000,1,0,0.0,0.5
2227.9000,  1.00000000,1,0,0.0,0.5
2227.9333,  1.00000000,1,0,0.0,0.5
2227.9667,  1.00000000,1,0,0.0,0.5
2228.0000,  1.00000000,1,0,0.0,0.5
2228.0333,  1.00000000,1,0,0.0,0.5
2228.0667,  1.00000000,1,0,0.0,0.5
2228.1000,  1.00000000,1,0,0.0,0.5
2228.1333,  1.00000000,1,0,0.0,0.5
2228.1667,  1.00000000,1,0,0.0,0.5
2228.2000,  1.00000000,1,0,0.0,0.5
2228.2333,  1.00000000,1,0,0.0,0.5
2228.2667,  1.00000000,1,0,0.0,0.5
2228.3000,  1.00000000,1,0,0.0,0.5
2228.3333,  1.00000000,1,0,0.0,0.5
2228.3667,  1.00000000,1,0,0.0,0.5
2228.4000,  1.00000000,1,0,0.0,0.5
2228.4333,  1.00000000,1,0,0.0,0.5
2228.4667,  1.00000000,1,0,0.0,0.5
2228.5000,  1.00000000,1,0,0.0,0.5
2228.5333,  1.00000000,1,0,0.025000000000000001,0.5
2228.5667,  1.00000000,1,0,0.0,0.5
2228.6000,  1.00000000,1,0,0.0,0.5
2228.6333,  1.00000000,1,0,0.0,0.5
2228.6667,  1.00000000,1,0,0.025000000000000001,0.5
2228.7000,  1.00000000,1,0,0.0,0.5
2228.7333,  1.00000000,1,0,0.0,0.5
2228.7667,  1.00000000,1,0,0.0,0.5
2228.8000,  1.00000000,1,0,0.0,0.5
2228.8333,  1.00000000,1,0,0.0,0.5
2228.8667,  1.00000000,1,0,0.0,0.5
2228.9000,  1.00000000,1,0,0.0,0.5
2228.9333,  1.00000000,1,0,0.0,0.5
2228.9667,  1.00000000,1,0,0.0,0.5
2229.0000,  1.00000000,1,0,0.025000000000000001,0.5
2229.0333,  1.00000000,1,0,0.0,0.5
2229.0667,  1.00000000,1,0,0.0,0.5
2229.1000,  1.00000000,1,0,0.025000000000000001,0.5
2229.1333,  1.00000000,1,0,0.0,0.5
2229.1667,  1.00000000,1,0,0.0,0.5
2229.2000,  1.00000000,1,0,0.0,0.5
2229.2333,  1.00000000,1,0,0.0,0.5
2229.2667,  1.00000000,1,0,0.0,0.5
2229.3000,  1.00000000,1,0,0.0,0.5
2229.3333,  1.00000000,1,0,0.0,0.5
2229.3667,  1.00000000,1,0,0.0,0.5
2229.4000,  1.00000000,1,0,0.0,0.5
2229.4333,  1.00000000,1,0,0.0,0.5
2229.4667,  1.00000000,1,0,0.0,0.5
2229.5000,  1.00000000,1,0,0.0,0.5
2229.5333,  1.00000000,1,0,0.0,0.5
2229.5667,  1.00000000,1,0,0.0,0.5
2229.6000,  1.00000000,1,0,0.0,0.5
2229.6333,  1.00000000,1,0,0.0,0.5
2229.6667,  1.00000000,1,0,0.0,0.5
2229.7000,  1.00000000,1,0,0.0,0.5
2229.7333,  1.00000000,1,0,0.0,0.5
2229.7667,  1.00000000,1,0,0.0,0.5
2229.8000,  1.00000000,1,0,0.0,0.5
2229.8333,  1.00000000,1,0,0.0,0.5
2229.8667,  1.00000000,1,0,0.0,0.5
2229.9000,  1.00000000,1,0,0.0,0.5
2229.9333,  1.00000000,1,0,0.0,0.5
2229.9667,  1.00000000,1,0,0.0,0.5
2230.0000,  1.00000000,1,0,0.0,0.5
2230.0333,  1.00000000,1,0,0.0,0.5
2230.0667,  1.00000000,1,0,0.0,0.5
2230.1000,  1.00000000,1,0,0.0,0.5
2230.1333,  1.00000000,1,0,0.0,0.5
2230.1667,  1.00000000,1,0,0.0,0.5
2230.2000,  1.00000000,1,0,0.0,0.5
2230.2333,  1.00000000,1,0,0.0,0.5
2230.2667,  1.00000000,1,0,0.025000000000000001,0.5
2230.3000,  1.00000000,1,0,0.0,0.5
2230.3333,  1.00000000,1,0,0.0,0.5
2230.3667,  1.00000000,1,0,0.0,0.5
2230.4000,  1.00000000,1,0,0.0,0.5
2230.4333,  1.00000000,1,0,0.0,0.5
2230.4667,  1.00000000,1,0,0.0,0.5
2230.5000,  1.00000000,1,0,0.0,0.5
2230.5333,  1.00000000,1,0,0.0,0.5
2230.5667,  1.00000000,1,0,0.0,0.5
2230.6000,  1.00000000,1,0,0.0,0.5
2230.6333,  1.00000000,1,0,0.0,0.5
2230.6667,  1.00000000,1,0,0.0,0.5
2230.7000,  1.00000000,1,0,0.0,0.5
2230.7333,  1.00000000,1,0,0.0,0.5
2230.7667,  1.00000000,1,0,0.0,0.5
2230.8000,  1.00000000,1,0,0.0,0.5
2230.8333,  1.00000000,1,0,0.0,0.5
2230.8667,  1.00000000,1,0,0.025000000000000001,0.5
2230.9000,  1.00000000,1,0,0.0,0.5
2230.9333,  1.00000000,1,0,0.0,0.5
2230.9667,  1.00000000,1,0,0.0,0.5
2231.0000,  1.00000000,1,0,0.0,0.5
2231.0333,  1.00000000,1,0,0.0,0.5
2231.0667,  1.00000000,1,0,0.0,0.5
2231.1000,  1.00000000,1,0,0.0,0.5
2231.1333,  1.00000000,1,0,0.0,0.5
2231.1667,  1.00000000,1,0,0.0,0.5
2231.2000,  1.00000000,1,0,0.0,0.5
2231.2333,  1.00000000,1,0,0.0,0.5
2231.2667,  1.00000000,1,0,0.0,0.5
2231.3000,  1.00000000,1,0,0.0,0.5
2231.3333,  1.00000000,1,0,0.0,0.5
2231.3667,  1.00000000,1,0,0.0,0.5
2231.4000,  1.00000000,1,0,0.025000000000000001,0.5
2231.4333,  1.00000000,1,0,0.0,0.5
2231.4667,  1.00000000,1,0,0.0,0.5
2231.5000,  1.00000000,1,0,0.0,0.5
2231.5333,  1.00000000,1,0,0.0,0.5
2231.5667,  1.00000000,1,0,0.0,0.5
2231.6000,  1.00000000,1,0,0.025000000000000001,0.5
2231.6333,  1.00000000,1,0,0.0,0.5
2231.6667,  1.00000000,1,0,0.0,0.5
2231.7000,  1.00000000,1,0,0.0,0.5
2231.7333,  1.00000000,1,0,0.0,0.5
2231.7667,  1.00000000,1,0,0.0,0.5
2231.8000,  1.00000000,1,0,0.0,0.5
2231.8333,  1.00000000,1,0,0.0,0.5
2231.8667,  1.00000000,1,0,0.0,0.5
2231.9000,  1.00000000,1,0,0.0,0.5
2231.9333,  1.00000000,1,0,0.0,0.5
2231.9667,  1.00000000,1,0,0.0,0.5
2232.0000,  1.00000000,1,0,0.0,0.5
2232.0333,  1.00000000,1,0,0.0,0.5
2232.0667,  1.00000000,1,0,0.0,0.5
2232.1000,  1.00000000,1,0,0.0,0.5
2232.1333,  1.00000000,1,0,0.0,0.5
2232.1667,  1.00000000,1,0,0.0,0.5
2232.2000,  1.00000000,1,0,0.0,0.5
2232.2333,  1.00000000,1,0,0.025000000000000001,0.5
2232.2667,  1.00000000,1,0,0.0,0.5
2232.3000,  1.00000000,1,0,0.0,0.5
2232.3333,  1.00000000,1,0,0.0,0.5
2232.3667,  1.00000000,1,0,0.0,0.5
2232.4000,  1.00000000,1,0,0.0,0.5
2232.4333,  1.00000000,1,0,0.0,0.5
2232.4667,  1.00000000,1,0,0.0,0.5
2232.5000,  1.00000000,1,0,0.0,0.5
2232.5333,  1.00000000,1,0,0.0,0.5
2232.5667,  1.00000000,1,0,0.025000000000000001,0.5
2232.6000,  1.00000000,1,0,0.0,0.5
2232.6333,  1.00000000,1,0,0.0,0.5
2232.6667,  1.00000000,1,0,0.0,0.5
2232.7000,  1.00000000,1,0,0.0,0.5
2232.7333,  1.00000000,1,0,0.0,0.5
2232.7667,  1.00000000,1,0,0.0,0.5
2232.8000,  1.00000000,1,0,0.0,0.5
2232.8333,  1.00000000,1,0,0.0,0.5
2232.8667,  1.00000000,1,0,0.0,0.5
2232.9000,  1.00000000,1,0,0.0,0.5
2232.9333,  1.00000000,1,0,0.0,0.5
2232.9667,  1.00000000,1,0,0.0,0.5
2233.0000,  1.00000000,1,0,0.0,0.5
2233.0333,  1.00000000,1,0,0.0,0.5
2233.0667,  1.00000000,1,0,0.0,0.5
2233.1000,  1.00000000,1,0,0.0,0.5
2233.1333,  1.00000000,1,0,0.0,0.5
2233.1667,  1.00000000,1,0,0.0,0.5
2233.2000,  1.00000000,1,0,0.0,0.5
2233.2333,  1.00000000,1,0,0.0,0.5
2233.2667,  1.00000000,1,0,0.0,0.5
2233.3000,  1.00000000,1,0,0.0,0.5
2233.3333,  1.00000000,1,0,0.0,0.5
2233.3667,  1.00000000,1,0,0.0,0.5
2233.4000,  1.00000000,1,0,0.0,0.5
2233.4333,  1.00000000,1,0,0.0,0.5
2233.4667,  1.00000000,1,0,0.0,0.5
2233.5000,  1.00000000,1,0,0.0,0.5
2233.5333,  1.00000000,1,0,0.0,0.5
2233.5667,  1.00000000,1,0,0.0,0.5
2233.6000,  1.00000000,1,0,0.0,0.5
2233.6333,  1.00000000,1,0,0.0,0.5
2233.6667,  1.00000000,1,0,0.0,0.5
2233.7000,  1.00000000,1,0,0.0,0.5
2233.7333,  1.00000000,1,0,0.0,0.5
2233.7667,  1.00000000,1,0,0.0,0.5
2233.8000,  1.00000000,1,0,0.0,0.5
2233.8333,  1.00000000,1,0,0.0,0.5
2233.8667,  1.00000000,1,0,0.0,0.5
2233.9000,  1.00000000,1,0,0.0,0.5
2233.9333,  1.00000000,1,0,0.0,0.5
2233.9667,  1.00000000,1,0,0.0,0.5
2234.0000,  1.00000000,1,0,0.0,0.5
2234.0333,  1.00000000,1,0,0.0,0.5
2234.0667,  1.00000000,1,0,0.0,0.5
2234.1000,  1.00000000,1,0,0.0,0.5
2234.1333,  1.00000000,1,0,0.0,0.5
2234.1667,  1.00000000,1,0,0.0,0.5
2234.2000,  1.00000000,1,0,0.0,0.5
2234.2333,  1.00000000,1,0,0.0,0.5
2234.2667,  1.00000000,1,0,0.0,0.5
2234.3000,  1.00000000,1,0,0.0,0.5
2234.3333,  1.00000000,1,0,0.0,0.5
2234.3667,  1.00000000,1,0,0.0,0.5
2234.4000,  1.00000000,1,0,0.0,0.5
2234.4333,  1.00000000,1,0,0.0,0.5
2234.4667,  1.00000000,1,0,0.0,0.5
2234.5000,  1.00000000,1,0,0.0,0.5
2234.5333,  1.00000000,1,0,0.0,0.5
2234.5667,  1.00000000,1,0,0.025000000000000001,0.5
2234.6000,  1.00000000,1,0,0.0,0.5
2234.6333,  1.00000000,1,0,0.0,0.5
2234.6667,  1.00000000,1,0,0.0,0.5
2234.7000,  1.00000000,1,0,0.025000000000000001,0.5
2234.7333,  1.00000000,1,0,0.0,0.5
2234.7667,  1.00000000,1,0,0.0,0.5
2234.8000,  1.00000000,1,0,0.025000000000000001,0.5
2234.8333,  1.00000000,1,0,0.0,0.5
2234.8667,  1.00000000,1,0,0.0,0.5
2234.9000,  1.00000000,1,0,0.0,0.5
2234.9333,  1.00000000,1,0,0.0,0.5
2234.9667,  1.00000000,1,0,0.0,0.5
2235.0000,  1.00000000,1,0,0.0,0.5
2235.0333,  1.00000000,1,0,0.0,0.5
2235.0667,  1.00000000,1,0,0.0,0.5
2235.1000,  1.00000000,1,0,0.0,0.5
2235.1333,  1.00000000,1,0,0.0,0.5
2235.1667,  1.00000000,1,0,0.0,0.5
2235.2000,  1.00000000,1,0,0.0,0.5
2235.2333,  1.00000000,1,0,0.0,0.5
2235.2667,  1.00000000,1,0,0.0,0.5
2235.3000,  1.00000000,1,0,0.0,0.5
2235.3333,  1.00000000,1,0,0.0,0.5
2235.3667,  1.00000000,1,0,0.0,0.5
2235.4000,  1.00000000,1,0,0.0,0.5
2235.4333,  1.00000000,1,0,0.0,0.5
2235.4667,  1.00000000,1,0,0.0,0.5
2235.5000,  1.00000000,1,0,0.0,0.5
2235.5333,  1.00000000,1,0,0.0,0.5
2235.5667,  1.00000000,1,0,0.0,0.5
2235.6000,  1.00000000,1,0,0.0,0.5
2235.6333,  1.00000000,1,0,0.0,0.5
2235.6667,  1.00000000,1,0,0.0,0.5
2235.7000,  1.00000000,1,0,0.0,0.5
2235.7333,  1.00000000,1,0,0.0,0.5
2235.7667,  1.00000000,1,0,0.0,0.5
2235.8000,  1.00000000,1,0,0.0,0.5
2235.8333,  1.00000000,1,0,0.0,0.5
2235.8667,  1.00000000,1,0,0.0,0.5
2235.9000,  1.00000000,1,0,0.0,0.5
2235.9333,  1.00000000,1,0,0.0,0.5
2235.9667,  1.00000000,1,0,0.0,0.5
2236.0000,  1.00000000,1,0,0.0,0.5
2236.0333,  1.00000000,1,0,0.0,0.5
2236.0667,  1.00000000,1,0,0.0,0.5
2236.1000,  1.00000000,1,0,0.025000000000000001,0.5
2236.1333,  1.00000000,1,0,0.025000000000000001,0.5
2236.1667,  1.00000000,1,0,0.0,0.5
2236.2000,  1.00000000,1,0,0.0,0.5
2236.2333,  1.00000000,1,0,0.0,0.5
2236.2667,  1.00000000,1,0,0.025000000000000001,0.5
2236.3000,  1.00000000,1,0,0.0,0.5
2236.3333,  1.00000000,1,0,0.0,0.5
2236.3667,  1.00000000,1,0,0.0,0.5
2236.4000,  1.00000000,1,0,0.0,0.5
2236.4333,  1.00000000,1,0,0.0,0.5
2236.4667,  1.00000000,1,0,0.0,0.5
2236.5000,  1.00000000,1,0,0.0,0.5
2236.5333,  1.00000000,1,0,0.0,0.5
2236.5667,  1.00000000,1,0,0.0,0.5
2236.6000,  1.00000000,1,0,0.0,0.5
2236.6333,  1.00000000,1,0,0.0,0.5
2236.6667,  1.00000000,1,0,0.0,0.5
2236.7000,  1.00000000,1,0,0.0,0.5
2236.7333,  1.00000000,1,0,0.0,0.5
2236.7667,  1.00000000,1,0,0.0,0.5
2236.8000,  1.00000000,1,0,0.0,0.5
2236.8333,  1.00000000,1,0,0.0,0.5
2236.8667,  1.00000000,1,0,0.0,0.5
2236.9000,  1.00000000,1,0,0.025000000000000001,0.5
2236.9333,  1.00000000,1,0,0.0,0.5
2236.9667,  1.00000000,1,0,0.0,0.5
2237.0000,  1.00000000,1,0,0.0,0.5
2237.0333,  1.00000000,1,0,0.0,0.5
2237.0667,  1.00000000,1,0,0.0,0.5
2237.1000,  1.00000000,1,0,0.0,0.5
2237.1333,  1.00000000,1,0,0.0,0.5
2237.1667,  1.00000000,1,0,0.0,0.5
2237.2000,  1.00000000,1,0,0.0,0.5
2237.2333,  1.00000000,1,0,0.0,0.5
2237.2667,  1.00000000,1,0,0.0,0.5
2237.3000,  1.00000000,1,0,0.0,0.5
2237.3333,  1.00000000,1,0,0.0,0.5
2237.3667,  1.00000000,1,0,0.0,0.5
2237.4000,  1.00000000,1,0,0.0,0.5
2237.4333,  1.00000000,1,0,0.0,0.5
2237.4667,  1.00000000,1,0,0.0,0.5
2237.5000,  1.00000000,1,0,0.0,0.5
2237.5333,  1.00000000,1,0,0.0,0.5
2237.5667,  1.00000000,1,0,0.0,0.5
2237.6000,  1.00000000,1,0,0.0,0.5
2237.6333,  1.00000000,1,0,0.0,0.5
2237.6667,  1.00000000,1,0,0.0,0.5
2237.7000,  1.00000000,1,0,0.0,0.5
2237.7333,  1.00000000,1,0,0.0,0.5
2237.7667,  1.00000000,1,0,0.0,0.5
2237.8000,  1.00000000,1,0,0.0,0.5
2237.8333,  1.00000000,1,0,0.0,0.5
2237.8667,  1.00000000,1,0,0.0,0.5
2237.9000,  1.00000000,1,0,0.0,0.5
2237.9333,  1.00000000,1,0,0.0,0.5
2237.9667,  1.00000000,1,0,0.025000000000000001,0.5
2238.0000,  1.00000000,1,0,0.0,0.5
2238.0333,  1.00000000,1,0,0.0,0.5
2238.0667,  1.00000000,1,0,0.0,0.5
2238.1000,  1.00000000,1,0,0.0,0.5
2238.1333,  1.00000000,1,0,0.0,0.5
2238.1667,  1.00000000,1,0,0.0,0.5
2238.2000,  1.00000000,1,0,0.0,0.5
2238.2333,  1.00000000,1,0,0.0,0.5
2238.2667,  1.00000000,1,0,0.0,0.5
2238.3000,  1.00000000,1,0,0.0,0.5
2238.3333,  1.00000000,1,0,0.0,0.5
2238.3667,  1.00000000,1,0,0.0,0.5
2238.4000,  1.00000000,1,0,0.0,0.5
2238.4333,  1.00000000,1,0,0.0,0.5
2238.4667,  1.00000000,1,0,0.0,0.5
2238.5000,  1.00000000,1,0,0.0,0.5
2238.5333,  1.00000000,1,0,0.0,0.5
2238.5667,  1.00000000,1,0,0.0,0.5
2238.6000,  1.00000000,1,0,0.0,0.5
2238.6333,  1.00000000,1,0,0.0,0.5
2238.6667,  1.00000000,1,0,0.0,0.5
2238.7000,  1.00000000,1,0,0.0,0.5
2238.7333,  1.00000000,1,0,0.0,0.5
2238.7667,  1.00000000,1,0,0.0,0.5
2238.8000,  1.00000000,1,0,0.025000000000000001,0.5
2238.8333,  1.00000000,1,0,0.025000000000000001,0.5
2238.8667,  1.00000000,1,0,0.0,0.5
2238.9000,  1.00000000,1,0,0.0,0.5
2238.9333,  1.00000000,1,0,0.0,0.5
2238.9667,  1.00000000,1,0,0.0,0.5
2239.0000,  1.00000000,1,0,0.0,0.5
2239.0333,  1.00000000,1,0,0.0,0.5
2239.0667,  1.00000000,1,0,0.0,0.5
2239.1000,  1.00000000,1,0,0.0,0.5
2239.1333,  1.00000000,1,0,0.0,0.5
2239.1667,  1.00000000,1,0,0.0,0.5
2239.2000,  1.00000000,1,0,0.0,0.5
2239.2333,  1.00000000,1,0,0.0,0.5
2239.2667,  1.00000000,1,0,0.0,0.5
2239.3000,  1.00000000,1,0,0.0,0.5
2239.3333,  1.00000000,1,0,0.0,0.5
2239.3667,  1.00000000,1,0,0.0,0.5
2239.4000,  1.00000000,1,0,0.0,0.5
2239.4333,  1.00000000,1,0,0.0,0.5
2239.4667,  1.00000000,1,0,0.0,0.5
2239.5000,  1.00000000,1,0,0.0,0.5
2239.5333,  1.00000000,1,0,0.0,0.5
2239.5667,  1.00000000,1,0,0.0,0.5
2239.6000,  1.00000000,1,0,0.0,0.5
2239.6333,  1.00000000,1,0,0.0,0.5
2239.6667,  1.00000000,1,0,0.0,0.5
2239.7000,  1.00000000,1,0,0.0,0.5
2239.7333,  1.00000000,1,0,0.0,0.5
2239.7667,  1.00000000,1,0,0.050000000000000003,0.5
2239.8000,  1.00000000,1,0,0.0,0.5
2239.8333,  1.00000000,1,0,0.0,0.5
2239.8667,  1.00000000,1,0,0.0,0.5
2239.9000,  1.00000000,1,0,0.0,0.5
2239.9333,  1.00000000,1,0,0.0,0.5
2239.9667,  1.00000000,1,0,0.0,0.5
2240.0000,  1.00000000,1,0,0.0,0.5
2240.0333,  1.00000000,1,0,0.025000000000000001,0.5
2240.0667,  1.00000000,1,0,0.0,0.5
2240.1000,  1.00000000,1,0,0.0,0.5
2240.1333,  1.00000000,1,0,0.025000000000000001,0.5
2240.1667,  1.00000000,1,0,0.025000000000000001,0.5
2240.2000,  1.00000000,1,0,0.0,0.5
2240.2333,  1.00000000,1,0,0.0,0.5
2240.2667,  1.00000000,1,0,0.0,0.5
2240.3000,  1.00000000,1,0,0.0,0.5
2240.3333,  1.00000000,1,0,0.0,0.5
2240.3667,  1.00000000,1,0,0.025000000000000001,0.5
2240.4000,  1.00000000,1,0,0.0,0.5
2240.4333,  1.00000000,1,0,0.0,0.5
2240.4667,  1.00000000,1,0,0.0,0.5
2240.5000,  1.00000000,1,0,0.0,0.5
2240.5333,  1.00000000,1,0,0.0,0.5
2240.5667,  1.00000000,1,0,0.0,0.5
2240.6000,  1.00000000,1,0,0.0,0.5
2240.6333,  1.00000000,1,0,0.0,0.5
2240.6667,  1.00000000,1,0,0.0,0.5
2240.7000,  1.00000000,1,0,0.0,0.5
2240.7333,  1.00000000,1,0,0.025000000000000001,0.5
2240.7667,  1.00000000,1,0,0.0,0.5
2240.8000,  1.00000000,1,0,0.0,0.5
2240.8333,  1.00000000,1,0,0.025000000000000001,0.5
2240.8667,  1.00000000,1,0,0.0,0.5
2240.9000,  1.00000000,1,0,0.0,0.5
2240.9333,  1.00000000,1,0,0.0,0.5
2240.9667,  1.00000000,1,0,0.0,0.5
2241.0000,  1.00000000,1,0,0.0,0.5
2241.0333,  1.00000000,1,0,0.0,0.5
2241.0667,  1.00000000,1,0,0.0,0.5
2241.1000,  1.00000000,1,0,0.0,0.5
2241.1333,  1.00000000,1,0,0.0,0.5
2241.1667,  1.00000000,1,0,0.0,0.5
2241.2000,  1.00000000,1,0,0.0,0.5
2241.2333,  1.00000000,1,0,0.0,0.5
2241.2667,  1.00000000,1,0,0.0,0.5
2241.3000,  1.00000000,1,0,0.0,0.5
2241.3333,  1.00000000,1,0,0.0,0.5
2241.3667,  1.00000000,1,0,0.0,0.5
2241.4000,  1.00000000,1,0,0.0,0.5
2241.4333,  1.00000000,1,0,0.0,0.5
2241.4667,  1.00000000,1,0,0.0,0.5
2241.5000,  1.00000000,1,0,0.0,0.5
2241.5333,  1.00000000,1,0,0.0,0.5
2241.5667,  1.00000000,1,0,0.0,0.5
2241.6000,  1.00000000,1,0,0.0,0.5
2241.6333,  1.00000000,1,0,0.0,0.5
2241.6667,  1.00000000,1,0,0.0,0.5
2241.7000,  1.00000000,1,0,0.0,0.5
2241.7333,  1.00000000,1,0,0.0,0.5
2241.7667,  1.00000000,1,0,0.0,0.5
2241.8000,  1.00000000,1,0,0.0,0.5
2241.8333,  1.00000000,1,0,0.025000000000000001,0.5
2241.8667,  1.00000000,1,0,0.0,0.5
2241.9000,  1.00000000,1,0,0.0,0.5
2241.9333,  1.00000000,1,0,0.0,0.5
2241.9667,  1.00000000,1,0,0.025000000000000001,0.5
2242.0000,  1.00000000,1,0,0.0,0.5
2242.0333,  1.00000000,1,0,0.0,0.5
2242.0667,  1.00000000,1,0,0.0,0.5
2242.1000,  1.00000000,1,0,0.025000000000000001,0.5
2242.1333,  1.00000000,1,0,0.0,0.5
2242.1667,  1.00000000,1,0,0.0,0.5
2242.2000,  1.00000000,1,0,0.0,0.5
2242.2333,  1.00000000,1,0,0.0,0.5
2242.2667,  1.00000000,1,0,0.0,0.5
2242.3000,  1.00000000,1,0,0.0,0.5
2242.3333,  1.00000000,1,0,0.0,0.5
2242.3667,  1.00000000,1,0,0.0,0.5
2242.4000,  1.00000000,1,0,0.0,0.5
2242.4333,  1.00000000,1,0,0.025000000000000001,0.5
2242.4667,  1.00000000,1,0,0.0,0.5
2242.5000,  1.00000000,1,0,0.0,0.5
2242.5333,  1.00000000,1,0,0.0,0.5
2242.5667,  1.00000000,1,0,0.0,0.5
2242.6000,  1.00000000,1,0,0.0,0.5
2242.6333,  1.00000000,1,0,0.0,0.5
2242.6667,  1.00000000,1,0,0.025000000000000001,0.5
2242.7000,  1.00000000,1,0,0.0,0.5
2242.7333,  1.00000000,1,0,0.0,0.5
2242.7667,  1.00000000,1,0,0.0,0.5
2242.8000,  1.00000000,1,0,0.0,0.5
2242.8333,  1.00000000,1,0,0.0,0.5
2242.8667,  1.00000000,1,0,0.0,0.5
2242.9000,  1.00000000,1,0,0.0,0.5
2242.9333,  1.00000000,1,0,0.0,0.5
2242.9667,  1.00000000,1,0,0.0,0.5
2243.0000,  1.00000000,1,0,0.0,0.5
2243.0333,  1.00000000,1,0,0.0,0.5
2243.0667,  1.00000000,1,0,0.025000000000000001,0.5
2243.1000,  1.00000000,1,0,0.0,0.5
2243.1333,  1.00000000,1,0,0.0,0.5
2243.1667,  1.00000000,1,0,0.0,0.5
2243.2000,  1.00000000,1,0,0.0,0.5
2243.2333,  1.00000000,1,0,0.0,0.5
2243.2667,  1.00000000,1,0,0.0,0.5
2243.3000,  1.00000000,1,0,0.025000000000000001,0.5
2243.3333,  1.00000000,1,0,0.0,0.5
2243.3667,  1.00000000,1,0,0.0,0.5
2243.4000,  1.00000000,1,0,0.0,0.5
2243.4333,  1.00000000,1,0,0.0,0.5
2243.4667,  1.00000000,1,0,0.0,0.5
2243.5000,  1.00000000,1,0,0.0,0.5
2243.5333,  1.00000000,1,0,0.0,0.5
2243.5667,  1.00000000,1,0,0.025000000000000001,0.5
2243.6000,  1.00000000,1,0,0.0,0.5
2243.6333,  1.00000000,1,0,0.0,0.5
2243.6667,  1.00000000,1,0,0.0,0.5
2243.7000,  1.00000000,1,0,0.0,0.5
2243.7333,  1.00000000,1,0,0.0,0.5
2243.7667,  1.00000000,1,0,0.0,0.5
2243.8000,  1.00000000,1,0,0.0,0.5
2243.8333,  1.00000000,1,0,0.0,0.5
2243.8667,  1.00000000,1,0,0.0,0.5
2243.9000,  1.00000000,1,0,0.0,0.5
2243.9333,  1.00000000,1,0,0.0,0.5
2243.9667,  1.00000000,1,0,0.0,0.5
2244.0000,  1.00000000,1,0,0.0,0.5
2244.0333,  1.00000000,1,0,0.0,0.5
2244.0667,  1.00000000,1,0,0.0,0.5
2244.1000,  1.00000000,1,0,0.0,0.5
2244.1333,  1.00000000,1,0,0.0,0.5
2244.1667,  1.00000000,1,0,0.0,0.5
2244.2000,  1.00000000,1,0,0.0,0.5
2244.2333,  1.00000000,1,0,0.025000000000000001,0.5
2244.2667,  1.00000000,1,0,0.0,0.5
2244.3000,  1.00000000,1,0,0.0,0.5
2244.3333,  1.00000000,1,0,0.0,0.5
2244.3667,  1.00000000,1,0,0.025000000000000001,0.5
2244.4000,  1.00000000,1,0,0.0,0.5
2244.4333,  1.00000000,1,0,0.0,0.5
2244.4667,  1.00000000,1,0,0.0,0.5
2244.5000,  1.00000000,1,0,0.025000000000000001,0.5
2244.5333,  1.00000000,1,0,0.0,0.5
2244.5667,  1.00000000,1,0,0.0,0.5
2244.6000,  1.00000000,1,0,0.0,0.5
2244.6333,  1.00000000,1,0,0.0,0.5
2244.6667,  1.00000000,1,0,0.0,0.5
2244.7000,  1.00000000,1,0,0.0,0.5
2244.7333,  1.00000000,1,0,0.0,0.5
2244.7667,  1.00000000,1,0,0.0,0.5
2244.8000,  1.00000000,1,0,0.0,0.5
2244.8333,  1.00000000,1,0,0.0,0.5
2244.8667,  1.00000000,1,0,0.0,0.5
2244.9000,  1.00000000,1,0,0.0,0.5
2244.9333,  1.00000000,1,0,0.0,0.5
2244.9667,  1.00000000,1,0,0.0,0.5
2245.0000,  1.00000000,1,0,0.0,0.5
2245.0333,  1.00000000,1,0,0.0,0.5
2245.0667,  1.00000000,1,0,0.0,0.5
2245.1000,  1.00000000,1,0,0.0,0.5
2245.1333,  1.00000000,1,0,0.0,0.5
2245.1667,  1.00000000,1,0,0.0,0.5
2245.2000,  1.00000000,1,0,0.0,0.5
2245.2333,  1.00000000,1,0,0.0,0.5
2245.2667,  1.00000000,1,0,0.0,0.5
2245.3000,  1.00000000,1,0,0.025000000000000001,0.5
2245.3333,  1.00000000,1,0,0.0,0.5
2245.3667,  1.00000000,1,0,0.0,0.5
2245.4000,  1.00000000,1,0,0.0,0.5
2245.4333,  1.00000000,1,0,0.0,0.5
2245.4667,  1.00000000,1,0,0.0,0.5
2245.5000,  1.00000000,1,0,0.0,0.5
2245.5333,  1.00000000,1,0,0.0,0.5
2245.5667,  1.00000000,1,0,0.0,0.5
2245.6000,  1.00000000,1,0,0.0,0.5
2245.6333,  1.00000000,1,0,0.0,0.5
2245.6667,  1.00000000,1,0,0.0,0.5
2245.7000,  1.00000000,1,0,0.0,0.5
2245.7333,  1.00000000,1,0,0.0,0.5
2245.7667,  1.00000000,1,0,0.0,0.5
2245.8000,  1.00000000,1,0,0.0,0.5
2245.8333,  1.00000000,1,0,0.0,0.5
2245.8667,  1.00000000,1,0,0.0,0.5
2245.9000,  1.00000000,1,0,0.0,0.5
2245.9333,  1.00000000,1,0,0.0,0.5
2245.9667,  1.00000000,1,0,0.0,0.5
2246.0000,  1.00000000,1,0,0.025000000000000001,0.5
2246.0333,  1.00000000,1,0,0.0,0.5
2246.0667,  1.00000000,1,0,0.0,0.5
2246.1000,  1.00000000,1,0,0.025000000000000001,0.5
2246.1333,  1.00000000,1,0,0.0,0.5
2246.1667,  1.00000000,1,0,0.0,0.5
2246.2000,  1.00000000,1,0,0.025000000000000001,0.5
2246.2333,  1.00000000,1,0,0.0,0.5
2246.2667,  1.00000000,1,0,0.0,0.5
2246.3000,  1.00000000,1,0,0.025000000000000001,0.5
2246.3333,  1.00000000,1,0,0.025000000000000001,0.5
2246.3667,  1.00000000,1,0,0.025000000000000001,0.5
2246.4000,  1.00000000,1,0,0.0,0.5
2246.4333,  1.00000000,1,0,0.0,0.5
2246.4667,  1.00000000,1,0,0.0,0.5
2246.5000,  1.00000000,1,0,0.0,0.5
2246.5333,  1.00000000,1,0,0.0,0.5
2246.5667,  1.00000000,1,0,0.0,0.5
2246.6000,  1.00000000,1,0,0.0,0.5
2246.6333,  1.00000000,1,0,0.0,0.5
2246.6667,  1.00000000,1,0,0.0,0.5
2246.7000,  1.00000000,1,0,0.025000000000000001,0.5
2246.7333,  1.00000000,1,0,0.0,0.5
2246.7667,  1.00000000,1,0,0.0,0.5
2246.8000,  1.00000000,1,0,0.0,0.5
2246.8333,  1.00000000,1,0,0.0,0.5
2246.8667,  1.00000000,1,0,0.0,0.5
2246.9000,  1.00000000,1,0,0.0,0.5
2246.9333,  1.00000000,1,0,0.0,0.5
2246.9667,  1.00000000,1,0,0.0,0.5
2247.0000,  1.00000000,1,0,0.0,0.5
2247.0333,  1.00000000,1,0,0.0,0.5
2247.0667,  1.00000000,1,0,0.0,0.5
2247.1000,  1.00000000,1,0,0.0,0.5
2247.1333,  1.00000000,1,0,0.0,0.5
2247.1667,  1.00000000,1,0,0.0,0.5
2247.2000,  1.00000000,1,0,0.0,0.5
2247.2333,  1.00000000,1,0,0.0,0.5
2247.2667,  1.00000000,1,0,0.0,0.5
2247.3000,  1.00000000,1,0,0.0,0.5
2247.3333,  1.00000000,1,0,0.0,0.5
2247.3667,  1.00000000,1,0,0.0,0.5
2247.4000,  1.00000000,1,0,0.050000000000000003,0.5
2247.4333,  1.00000000,1,0,0.0,0.5
2247.4667,  1.00000000,1,0,0.0,0.5
2247.5000,  1.00000000,1,0,0.0,0.5
2247.5333,  1.00000000,1,0,0.0,0.5
2247.5667,  1.00000000,1,0,0.0,0.5
2247.6000,  1.00000000,1,0,0.0,0.5
2247.6333,  1.00000000,1,0,0.0,0.5
2247.6667,  1.00000000,1,0,0.0,0.5
2247.7000,  1.00000000,1,0,0.0,0.5
2247.7333,  1.00000000,1,0,0.0,0.5
2247.7667,  1.00000000,1,0,0.0,0.5
2247.8000,  1.00000000,1,0,0.0,0.5
2247.8333,  1.00000000,1,0,0.0,0.5
2247.8667,  1.00000000,1,0,0.0,0.5
2247.9000,  1.00000000,1,0,0.0,0.5
2247.9333,  1.00000000,1,0,0.0,0.5
2247.9667,  1.00000000,1,0,0.0,0.5
2248.0000,  1.00000000,1,0,0.0,0.5
2248.0333,  1.00000000,1,0,0.0,0.5
2248.0667,  1.00000000,1,0,0.0,0.5
2248.1000,  1.00000000,1,0,0.0,0.5
2248.1333,  1.00000000,1,0,0.0,0.5
2248.1667,  1.00000000,1,0,0.0,0.5
2248.2000,  1.00000000,1,0,0.0,0.5
2248.2333,  1.00000000,1,0,0.0,0.5
2248.2667,  1.00000000,1,0,0.0,0.5
2248.3000,  1.00000000,1,0,0.0,0.5
2248.3333,  1.00000000,1,0,0.0,0.5
2248.3667,  1.00000000,1,0,0.0,0.5
2248.4000,  1.00000000,1,0,0.0,0.5
2248.4333,  1.00000000,1,0,0.0,0.5
2248.4667,  1.00000000,1,0,0.025000000000000001,0.5
2248.5000,  1.00000000,1,0,0.0,0.5
2248.5333,  1.00000000,1,0,0.0,0.5
2248.5667,  1.00000000,1,0,0.0,0.5
2248.6000,  1.00000000,1,0,0.0,0.5
2248.6333,  1.00000000,1,0,0.0,0.5
2248.6667,  1.00000000,1,0,0.0,0.5
2248.7000,  1.00000000,1,0,0.0,0.5
2248.7333,  1.00000000,1,0,0.0,0.5
2248.7667,  1.00000000,1,0,0.0,0.5
2248.8000,  1.00000000,1,0,0.0,0.5
2248.8333,  1.00000000,1,0,0.0,0.5
2248.8667,  1.00000000,1,0,0.0,0.5
2248.9000,  1.00000000,1,0,0.025000000000000001,0.5
2248.9333,  1.00000000,1,0,0.0,0.5
2248.9667,  1.00000000,1,0,0.0,0.5
2249.0000,  1.00000000,1,0,0.0,0.5
2249.0333,  1.00000000,1,0,0.0,0.5
2249.0667,  1.00000000,1,0,0.0,0.5
2249.1000,  1.00000000,1,0,0.0,0.5
2249.1333,  1.00000000,1,0,0.0,0.5
2249.1667,  1.00000000,1,0,0.025000000000000001,0.5
2249.2000,  1.00000000,1,0,0.0,0.5
2249.2333,  1.00000000,1,0,0.0,0.5
2249.2667,  1.00000000,1,0,0.0,0.5
2249.3000,  1.00000000,1,0,0.0,0.5
2249.3333,  1.00000000,1,0,0.0,0.5
2249.3667,  1.00000000,1,0,0.0,0.5
2249.4000,  1.00000000,1,0,0.0,0.5
2249.4333,  1.00000000,1,0,0.0,0.5
2249.4667,  1.00000000,1,0,0.0,0.5
2249.5000,  1.00000000,1,0,0.0,0.5
2249.5333,  1.00000000,1,0,0.0,0.5
2249.5667,  1.00000000,1,0,0.0,0.5
2249.6000,  1.00000000,1,0,0.0,0.5
2249.6333,  1.00000000,1,0,0.0,0.5
2249.6667,  1.00000000,1,0,0.0,0.5
2249.7000,  1.00000000,1,0,0.025000000000000001,0.5
2249.7333,  1.00000000,1,0,0.0,0.5
2249.7667,  1.00000000,1,0,0.0,0.5
2249.8000,  1.00000000,1,0,0.0,0.5
2249.8333,  1.00000000,1,0,0.0,0.5
2249.8667,  1.00000000,1,0,0.0,0.5
2249.9000,  1.00000000,1,0,0.0,0.5
2249.9333,  1.00000000,1,0,0.0,0.5
2249.9667,  1.00000000,1,0,0.0,0.5
2250.0000,  1.00000000,1,0,0.0,0.5
2250.0333,  1.00000000,1,0,0.0,0.5
2250.0667,  1.00000000,1,0,0.0,0.5
2250.1000,  1.00000000,1,0,0.0,0.5
2250.1333,  1.00000000,1,0,0.0,0.5
2250.1667,  1.00000000,1,0,0.0,0.5
2250.2000,  1.00000000,1,0,0.0,0.5
2250.2333,  1.00000000,1,0,0.0,0.5
2250.2667,  1.00000000,1,0,0.0,0.5
2250.3000,  1.00000000,1,0,0.0,0.5
2250.3333,  1.00000000,1,0,0.0,0.5
2250.3667,  1.00000000,1,0,0.025000000000000001,0.5
2250.4000,  1.00000000,1,0,0.025000000000000001,0.5
2250.4333,  1.00000000,1,0,0.0,0.5
2250.4667,  1.00000000,1,0,0.0,0.5
2250.5000,  1.00000000,1,0,0.0,0.5
2250.5333,  1.00000000,1,0,0.0,0.5
2250.5667,  1.00000000,1,0,0.0,0.5
2250.6000,  1.00000000,1,0,0.0,0.5
2250.6333,  1.00000000,1,0,0.0,0.5
2250.6667,  1.00000000,1,0,0.0,0.5
2250.7000,  1.00000000,1,0,0.0,0.5
2250.7333,  1.00000000,1,0,0.0,0.5
2250.7667,  1.00000000,1,0,0.0,0.5
2250.8000,  1.00000000,1,0,0.0,0.5
2250.8333,  1.00000000,1,0,0.0,0.5
2250.8667,  1.00000000,1,0,0.0,0.5
2250.9000,  1.00000000,1,0,0.0,0.5
2250.9333,  1.00000000,1,0,0.0,0.5
2250.9667,  1.00000000,1,0,0.0,0.5
2251.0000,  1.00000000,1,0,0.0,0.5
2251.0333,  1.00000000,1,0,0.0,0.5
2251.0667,  1.00000000,1,0,0.0,0.5
2251.1000,  1.00000000,1,0,0.0,0.5
2251.1333,  1.00000000,1,0,0.0,0.5
2251.1667,  1.00000000,1,0,0.0,0.5
2251.2000,  1.00000000,1,0,0.0,0.5
2251.2333,  1.00000000,1,0,0.0,0.5
2251.2667,  1.00000000,1,0,0.0,0.5
2251.3000,  1.00000000,1,0,0.0,0.5
2251.3333,  1.00000000,1,0,0.0,0.5
2251.3667,  1.00000000,1,0,0.0,0.5
2251.4000,  1.00000000,1,0,0.0,0.5
2251.4333,  1.00000000,1,0,0.0,0.5
2251.4667,  1.00000000,1,0,0.0,0.5
2251.5000,  1.00000000,1,0,0.0,0.5
2251.5333,  1.00000000,1,0,0.0,0.5
2251.5667,  1.00000000,1,0,0.0,0.5
2251.6000,  1.00000000,1,0,0.0,0.5
2251.6333,  1.00000000,1,0,0.0,0.5
2251.6667,  1.00000000,1,0,0.0,0.5
2251.7000,  1.00000000,1,0,0.0,0.5
2251.7333,  1.00000000,1,0,0.0,0.5
2251.7667,  1.00000000,1,0,0.025000000000000001,0.5
2251.8000,  1.00000000,1,0,0.0,0.5
2251.8333,  1.00000000,1,0,0.0,0.5
2251.8667,  1.00000000,1,0,0.0,0.5
2251.9000,  1.00000000,1,0,0.0,0.5
2251.9333,  1.00000000,1,0,0.0,0.5
2251.9667,  1.00000000,1,0,0.0,0.5
2252.0000,  1.00000000,1,0,0.0,0.5
2252.0333,  1.00000000,1,0,0.0,0.5
2252.0667,  1.00000000,1,0,0.0,0.5
2252.1000,  1.00000000,1,0,0.0,0.5
2252.1333,  1.00000000,1,0,0.0,0.5
2252.1667,  1.00000000,1,0,0.0,0.5
2252.2000,  1.00000000,1,0,0.0,0.5
2252.2333,  1.00000000,1,0,0.0,0.5
2252.2667,  1.00000000,1,0,0.0,0.5
2252.3000,  1.00000000,1,0,0.0,0.5
2252.3333,  1.00000000,1,0,0.0,0.5
2252.3667,  1.00000000,1,0,0.0,0.5
2252.4000,  1.00000000,1,0,0.0,0.5
2252.4333,  1.00000000,1,0,0.0,0.5
2252.4667,  1.00000000,1,0,0.0,0.5
2252.5000,  1.00000000,1,0,0.0,0.5
2252.5333,  1.00000000,1,0,0.0,0.5
2252.5667,  1.00000000,1,0,0.0,0.5
2252.6000,  1.00000000,1,0,0.0,0.5
2252.6333,  1.00000000,1,0,0.0,0.5
2252.6667,  1.00000000,1,0,0.0,0.5
2252.7000,  1.00000000,1,0,0.0,0.5
2252.7333,  1.00000000,1,0,0.0,0.5
2252.7667,  1.00000000,1,0,0.0,0.5
2252.8000,  1.00000000,1,0,0.0,0.5
2252.8333,  1.00000000,1,0,0.0,0.5
2252.8667,  1.00000000,1,0,0.0,0.5
2252.9000,  1.00000000,1,0,0.0,0.5
2252.9333,  1.00000000,1,0,0.0,0.5
2252.9667,  1.00000000,1,0,0.0,0.5
2253.0000,  1.00000000,1,0,0.0,0.5
2253.0333,  1.00000000,1,0,0.0,0.5
2253.0667,  1.00000000,1,0,0.0,0.5
2253.1000,  1.00000000,1,0,0.025000000000000001,0.5
2253.1333,  1.00000000,1,0,0.0,0.5
2253.1667,  1.00000000,1,0,0.0,0.5
2253.2000,  1.00000000,1,0,0.0,0.5
2253.2333,  1.00000000,1,0,0.0,0.5
2253.2667,  1.00000000,1,0,0.0,0.5
2253.3000,  1.00000000,1,0,0.0,0.5
2253.3333,  1.00000000,1,0,0.0,0.5
2253.3667,  1.00000000,1,0,0.0,0.5
2253.4000,  1.00000000,1,0,0.0,0.5
2253.4333,  1.00000000,1,0,0.025000000000000001,0.5
2253.4667,  1.00000000,1,0,0.0,0.5
2253.5000,  1.00000000,1,0,0.0,0.5
2253.5333,  1.00000000,1,0,0.0,0.5
2253.5667,  1.00000000,1,0,0.0,0.5
2253.6000,  1.00000000,1,0,0.0,0.5
2253.6333,  1.00000000,1,0,0.0,0.5
2253.6667,  1.00000000,1,0,0.0,0.5
2253.7000,  1.00000000,1,0,0.0,0.5
2253.7333,  1.00000000,1,0,0.0,0.5
2253.7667,  1.00000000,1,0,0.0,0.5
2253.8000,  1.00000000,1,0,0.0,0.5
2253.8333,  1.00000000,1,0,0.0,0.5
2253.8667,  1.00000000,1,0,0.0,0.5
2253.9000,  1.00000000,1,0,0.0,0.5
2253.9333,  1.00000000,1,0,0.0,0.5
2253.9667,  1.00000000,1,0,0.0,0.5
2254.0000,  1.00000000,1,0,0.0,0.5
2254.0333,  1.00000000,1,0,0.0,0.5
2254.0667,  1.00000000,1,0,0.0,0.5
2254.1000,  1.00000000,1,0,0.0,0.5
2254.1333,  1.00000000,1,0,0.0,0.5
2254.1667,  1.00000000,1,0,0.0,0.5
2254.2000,  1.00000000,1,0,0.0,0.5
2254.2333,  1.00000000,1,0,0.0,0.5
2254.2667,  1.00000000,1,0,0.0,0.5
2254.3000,  1.00000000,1,0,0.0,0.5
2254.3333,  1.00000000,1,0,0.0,0.5
2254.3667,  1.00000000,1,0,0.0,0.5
2254.4000,  1.00000000,1,0,0.0,0.5
2254.4333,  1.00000000,1,0,0.0,0.5
2254.4667,  1.00000000,1,0,0.025000000000000001,0.5
2254.5000,  1.00000000,1,0,0.0,0.5
2254.5333,  1.00000000,1,0,0.0,0.5
2254.5667,  1.00000000,1,0,0.0,0.5
2254.6000,  1.00000000,1,0,0.0,0.5
2254.6333,  1.00000000,1,0,0.0,0.5
2254.6667,  1.00000000,1,0,0.0,0.5
2254.7000,  1.00000000,1,0,0.0,0.5
2254.7333,  1.00000000,1,0,0.0,0.5
2254.7667,  1.00000000,1,0,0.0,0.5
2254.8000,  1.00000000,1,0,0.0,0.5
2254.8333,  1.00000000,1,0,0.0,0.5
2254.8667,  1.00000000,1,0,0.0,0.5
2254.9000,  1.00000000,1,0,0.0,0.5
2254.9333,  1.00000000,1,0,0.0,0.5
2254.9667,  1.00000000,1,0,0.0,0.5
2255.0000,  1.00000000,1,0,0.0,0.5
2255.0333,  1.00000000,1,0,0.0,0.5
2255.0667,  1.00000000,1,0,0.0,0.5
2255.1000,  1.00000000,1,0,0.0,0.5
2255.1333,  1.00000000,1,0,0.0,0.5
2255.1667,  1.00000000,1,0,0.0,0.5
2255.2000,  1.00000000,1,0,0.0,0.5
2255.2333,  1.00000000,1,0,0.0,0.5
2255.2667,  1.00000000,1,0,0.0,0.5
2255.3000,  1.00000000,1,0,0.0,0.5
2255.3333,  1.00000000,1,0,0.0,0.5
2255.3667,  1.00000000,1,0,0.0,0.5
2255.4000,  1.00000000,1,0,0.0,0.5
2255.4333,  1.00000000,1,0,0.0,0.5
2255.4667,  1.00000000,1,0,0.0,0.5
2255.5000,  1.00000000,1,0,0.0,0.5
2255.5333,  1.00000000,1,0,0.0,0.5
2255.5667,  1.00000000,1,0,0.0,0.5
2255.6000,  1.00000000,1,0,0.0,0.5
2255.6333,  1.00000000,1,0,0.0,0.5
2255.6667,  1.00000000,1,0,0.0,0.5
2255.7000,  1.00000000,1,0,0.0,0.5
2255.7333,  1.00000000,1,0,0.0,0.5
2255.7667,  1.00000000,1,0,0.0,0.5
2255.8000,  1.00000000,1,0,0.0,0.5
2255.8333,  1.00000000,1,0,0.0,0.5
2255.8667,  1.00000000,1,0,0.0,0.5
2255.9000,  1.00000000,1,0,0.0,0.5
2255.9333,  1.00000000,1,0,0.0,0.5
2255.9667,  1.00000000,1,0,0.0,0.5
2256.0000,  1.00000000,1,0,0.0,0.5
2256.0333,  1.00000000,1,0,0.0,0.5
2256.0667,  1.00000000,1,0,0.0,0.5
2256.1000,  1.00000000,1,0,0.0,0.5
2256.1333,  1.00000000,1,0,0.0,0.5
2256.1667,  1.00000000,1,0,0.0,0.5
2256.2000,  1.00000000,1,0,0.0,0.5
2256.2333,  1.00000000,1,0,0.0,0.5
2256.2667,  1.00000000,1,0,0.0,0.5
2256.3000,  1.00000000,1,0,0.0,0.5
2256.3333,  1.00000000,1,0,0.0,0.5
2256.3667,  1.00000000,1,0,0.0,0.5
2256.4000,  1.00000000,1,0,0.0,0.5
2256.4333,  1.00000000,1,0,0.0,0.5
2256.4667,  1.00000000,1,0,0.0,0.5
2256.5000,  1.00000000,1,0,0.0,0.5
2256.5333,  1.00000000,1,0,0.0,0.5
2256.5667,  1.00000000,1,0,0.0,0.5
2256.6000,  1.00000000,1,0,0.0,0.5
2256.6333,  1.00000000,1,0,0.0,0.5
2256.6667,  1.00000000,1,0,0.0,0.5
2256.7000,  1.00000000,1,0,0.0,0.5
2256.7333,  1.00000000,1,0,0.0,0.5
2256.7667,  1.00000000,1,0,0.0,0.5
2256.8000,  1.00000000,1,0,0.0,0.5
2256.8333,  1.00000000,1,0,0.0,0.5
2256.8667,  1.00000000,1,0,0.0,0.5
2256.9000,  1.00000000,1,0,0.0,0.5
2256.9333,  1.00000000,1,0,0.0,0.5
2256.9667,  1.00000000,1,0,0.0,0.5
2257.0000,  1.00000000,1,0,0.0,0.5
2257.0333,  1.00000000,1,0,0.0,0.5
2257.0667,  1.00000000,1,0,0.0,0.5
2257.1000,  1.00000000,1,0,0.0,0.5
2257.1333,  1.00000000,1,0,0.0,0.5
2257.1667,  1.00000000,1,0,0.0,0.5
2257.2000,  1.00000000,1,0,0.0,0.5
2257.2333,  1.00000000,1,0,0.0,0.5
2257.2667,  1.00000000,1,0,0.0,0.5
2257.3000,  1.00000000,1,0,0.0,0.5
2257.3333,  1.00000000,1,0,0.0,0.5
2257.3667,  1.00000000,1,0,0.0,0.5
2257.4000,  1.00000000,1,0,0.0,0.5
2257.4333,  1.00000000,1,0,0.0,0.5
2257.4667,  1.00000000,1,0,0.0,0.5
2257.5000,  1.00000000,1,0,0.0,0.5
2257.5333,  1.00000000,1,0,0.0,0.5
2257.5667,  1.00000000,1,0,0.0,0.5
2257.6000,  1.00000000,1,0,0.0,0.5
2257.6333,  1.00000000,1,0,0.0,0.5
2257.6667,  1.00000000,1,0,0.0,0.5
2257.7000,  1.00000000,1,0,0.0,0.5
2257.7333,  1.00000000,1,0,0.0,0.5
2257.7667,  1.00000000,1,0,0.0,0.5
2257.8000,  1.00000000,1,0,0.0,0.5
2257.8333,  1.00000000,1,0,0.0,0.5
2257.8667,  1.00000000,1,0,0.0,0.5
2257.9000,  1.00000000,1,0,0.0,0.5
2257.9333,  1.00000000,1,0,0.0,0.5
2257.9667,  1.00000000,1,0,0.0,0.5
2258.0000,  1.00000000,1,0,0.0,0.5
2258.0333,  1.00000000,1,0,0.0,0.5
2258.0667,  1.00000000,1,0,0.0,0.5
2258.1000,  1.00000000,1,0,0.0,0.5
2258.1333,  1.00000000,1,0,0.0,0.5
2258.1667,  1.00000000,1,0,0.0,0.5
2258.2000,  1.00000000,1,0,0.0,0.5
2258.2333,  1.00000000,1,0,0.0,0.5
2258.2667,  1.00000000,1,0,0.0,0.5
2258.3000,  1.00000000,1,0,0.0,0.5
2258.3333,  1.00000000,1,0,0.0,0.5
2258.3667,  1.00000000,1,0,0.0,0.5
2258.4000,  1.00000000,1,0,0.0,0.5
2258.4333,  1.00000000,1,0,0.0,0.5
2258.4667,  1.00000000,1,0,0.0,0.5
2258.5000,  1.00000000,1,0,0.0,0.5
2258.5333,  1.00000000,1,0,0.0,0.5
2258.5667,  1.00000000,1,0,0.0,0.5
2258.6000,  1.00000000,1,0,0.0,0.5
2258.6333,  1.00000000,1,0,0.0,0.5
2258.6667,  1.00000000,1,0,0.0,0.5
2258.7000,  1.00000000,1,0,0.0,0.5
2258.7333,  1.00000000,1,0,0.0,0.5
2258.7667,  1.00000000,1,0,0.0,0.5
2258.8000,  1.00000000,1,0,0.0,0.5
2258.8333,  1.00000000,1,0,0.0,0.5
2258.8667,  1.00000000,1,0,0.0,0.5
2258.9000,  1.00000000,1,0,0.0,0.5
2258.9333,  1.00000000,1,0,0.0,0.5
2258.9667,  1.00000000,1,0,0.0,0.5
2259.0000,  1.00000000,1,0,0.0,0.5
2259.0333,  1.00000000,1,0,0.0,0.5
2259.0667,  1.00000000,1,0,0.0,0.5
2259.1000,  1.00000000,1,0,0.0,0.5
2259.1333,  1.00000000,1,0,0.0,0.5
2259.1667,  1.00000000,1,0,0.0,0.5
2259.2000,  1.00000000,1,0,0.0,0.5
2259.2333,  1.00000000,1,0,0.0,0.5
2259.2667,  1.00000000,1,0,0.0,0.5
2259.3000,  1.00000000,1,0,0.025000000000000001,0.5
2259.3333,  1.00000000,1,0,0.0,0.5
2259.3667,  1.00000000,1,0,0.0,0.5
2259.4000,  1.00000000,1,0,0.0,0.5
2259.4333,  1.00000000,1,0,0.0,0.5
2259.4667,  1.00000000,1,0,0.0,0.5
2259.5000,  1.00000000,1,0,0.0,0.5
2259.5333,  1.00000000,1,0,0.0,0.5
2259.5667,  1.00000000,1,0,0.025000000000000001,0.5
2259.6000,  1.00000000,1,0,0.025000000000000001,0.5
2259.6333,  1.00000000,1,0,0.0,0.5
2259.6667,  1.00000000,1,0,0.0,0.5
2259.7000,  1.00000000,1,0,0.0,0.5
2259.7333,  1.00000000,1,0,0.0,0.5
2259.7667,  1.00000000,1,0,0.0,0.5
2259.8000,  1.00000000,1,0,0.0,0.5
2259.8333,  1.00000000,1,0,0.025000000000000001,0.5
2259.8667,  1.00000000,1,0,0.0,0.5
2259.9000,  1.00000000,1,0,0.0,0.5
2259.9333,  1.00000000,1,0,0.0,0.5
2259.9667,  1.00000000,1,0,0.0,0.5
2260.0000,  1.00000000,1,0,0.0,0.5
2260.0333,  1.00000000,1,0,0.0,0.5
2260.0667,  1.00000000,1,0,0.0,0.5
2260.1000,  1.00000000,1,0,0.025000000000000001,0.5
2260.1333,  1.00000000,1,0,0.0,0.5
2260.1667,  1.00000000,1,0,0.0,0.5
2260.2000,  1.00000000,1,0,0.0,0.5
2260.2333,  1.00000000,1,0,0.0,0.5
2260.2667,  1.00000000,1,0,0.025000000000000001,0.5
2260.3000,  1.00000000,1,0,0.0,0.5
2260.3333,  1.00000000,1,0,0.0,0.5
2260.3667,  1.00000000,1,0,0.0,0.5
2260.4000,  1.00000000,1,0,0.0,0.5
2260.4333,  1.00000000,1,0,0.0,0.5
2260.4667,  1.00000000,1,0,0.0,0.5
2260.5000,  1.00000000,1,0,0.0,0.5
2260.5333,  1.00000000,1,0,0.0,0.5
2260.5667,  1.00000000,1,0,0.0,0.5
2260.6000,  1.00000000,1,0,0.0,0.5
2260.6333,  1.00000000,1,0,0.0,0.5
2260.6667,  1.00000000,1,0,0.0,0.5
2260.7000,  1.00000000,1,0,0.0,0.5
2260.7333,  1.00000000,1,0,0.0,0.5
2260.7667,  1.00000000,1,0,0.0,0.5
2260.8000,  1.00000000,1,0,0.0,0.5
2260.8333,  1.00000000,1,0,0.0,0.5
2260.8667,  1.00000000,1,0,0.0,0.5
2260.9000,  1.00000000,1,0,0.0,0.5
2260.9333,  1.00000000,1,0,0.0,0.5
2260.9667,  1.00000000,1,0,0.0,0.5
2261.0000,  1.00000000,1,0,0.0,0.5
2261.0333,  1.00000000,1,0,0.025000000000000001,0.5
2261.0667,  1.00000000,1,0,0.0,0.5
2261.1000,  1.00000000,1,0,0.0,0.5
2261.1333,  1.00000000,1,0,0.0,0.5
2261.1667,  1.00000000,1,0,0.0,0.5
2261.2000,  1.00000000,1,0,0.0,0.5
2261.2333,  1.00000000,1,0,0.0,0.5
2261.2667,  1.00000000,1,0,0.0,0.5
2261.3000,  1.00000000,1,0,0.0,0.5
2261.3333,  1.00000000,1,0,0.0,0.5
2261.3667,  1.00000000,1,0,0.0,0.5
2261.4000,  1.00000000,1,0,0.0,0.5
2261.4333,  1.00000000,1,0,0.0,0.5
2261.4667,  1.00000000,1,0,0.0,0.5
2261.5000,  1.00000000,1,0,0.0,0.5
2261.5333,  1.00000000,1,0,0.0,0.5
2261.5667,  1.00000000,1,0,0.0,0.5
2261.6000,  1.00000000,1,0,0.0,0.5
2261.6333,  1.00000000,1,0,0.0,0.5
2261.6667,  1.00000000,1,0,0.0,0.5
2261.7000,  1.00000000,1,0,0.0,0.5
2261.7333,  1.00000000,1,0,0.0,0.5
2261.7667,  1.00000000,1,0,0.0,0.5
2261.8000,  1.00000000,1,0,0.0,0.5
2261.8333,  1.00000000,1,0,0.0,0.5
2261.8667,  1.00000000,1,0,0.0,0.5
2261.9000,  1.00000000,1,0,0.0,0.5
2261.9333,  1.00000000,1,0,0.0,0.5
2261.9667,  1.00000000,1,0,0.0,0.5
2262.0000,  1.00000000,1,0,0.0,0.5
2262.0333,  1.00000000,1,0,0.0,0.5
2262.0667,  1.00000000,1,0,0.0,0.5
2262.1000,  1.00000000,1,0,0.025000000000000001,0.5
2262.1333,  1.00000000,1,0,0.0,0.5
2262.1667,  1.00000000,1,0,0.0,0.5
2262.2000,  1.00000000,1,0,0.0,0.5
2262.2333,  1.00000000,1,0,0.0,0.5
2262.2667,  1.00000000,1,0,0.0,0.5
2262.3000,  1.00000000,1,0,0.0,0.5
2262.3333,  1.00000000,1,0,0.0,0.5
2262.3667,  1.00000000,1,0,0.0,0.5
2262.4000,  1.00000000,1,0,0.0,0.5
2262.4333,  1.00000000,1,0,0.0,0.5
2262.4667,  1.00000000,1,0,0.0,0.5
2262.5000,  1.00000000,1,0,0.0,0.5
2262.5333,  1.00000000,1,0,0.0,0.5
2262.5667,  1.00000000,1,0,0.0,0.5
2262.6000,  1.00000000,1,0,0.0,0.5
2262.6333,  1.00000000,1,0,0.0,0.5
2262.6667,  1.00000000,1,0,0.0,0.5
2262.7000,  1.00000000,1,0,0.0,0.5
2262.7333,  1.00000000,1,0,0.0,0.5
2262.7667,  1.00000000,1,0,0.0,0.5
2262.8000,  1.00000000,1,0,0.0,0.5
2262.8333,  1.00000000,1,0,0.0,0.5
2262.8667,  1.00000000,1,0,0.0,0.5
2262.9000,  1.00000000,1,0,0.025000000000000001,0.5
2262.9333,  1.00000000,1,0,0.0,0.5
2262.9667,  1.00000000,1,0,0.0,0.5
2263.0000,  1.00000000,1,0,0.0,0.5
2263.0333,  1.00000000,1,0,0.0,0.5
2263.0667,  1.00000000,1,0,0.0,0.5
2263.1000,  1.00000000,1,0,0.0,0.5
2263.1333,  1.00000000,1,0,0.0,0.5
2263.1667,  1.00000000,1,0,0.0,0.5
2263.2000,  1.00000000,1,0,0.0,0.5
2263.2333,  1.00000000,1,0,0.0,0.5
2263.2667,  1.00000000,1,0,0.0,0.5
2263.3000,  1.00000000,1,0,0.0,0.5
2263.3333,  1.00000000,1,0,0.0,0.5
2263.3667,  1.00000000,1,0,0.0,0.5
2263.4000,  1.00000000,1,0,0.0,0.5
2263.4333,  1.00000000,1,0,0.0,0.5
2263.4667,  1.00000000,1,0,0.0,0.5
2263.5000,  1.00000000,1,0,0.0,0.5
2263.5333,  1.00000000,1,0,0.0,0.5
2263.5667,  1.00000000,1,0,0.0,0.5
2263.6000,  1.00000000,1,0,0.0,0.5
2263.6333,  1.00000000,1,0,0.0,0.5
2263.6667,  1.00000000,1,0,0.0,0.5
2263.7000,  1.00000000,1,0,0.0,0.5
2263.7333,  1.00000000,1,0,0.0,0.5
2263.7667,  1.00000000,1,0,0.0,0.5
2263.8000,  1.00000000,1,0,0.0,0.5
2263.8333,  1.00000000,1,0,0.0,0.5
2263.8667,  1.00000000,1,0,0.0,0.5
2263.9000,  1.00000000,1,0,0.0,0.5
2263.9333,  1.00000000,1,0,0.0,0.5
2263.9667,  1.00000000,1,0,0.0,0.5
2264.0000,  1.00000000,1,0,0.0,0.5
2264.0333,  1.00000000,1,0,0.0,0.5
2264.0667,  1.00000000,1,0,0.0,0.5
2264.1000,  1.00000000,1,0,0.0,0.5
2264.1333,  1.00000000,1,0,0.0,0.5
2264.1667,  1.00000000,1,0,0.025000000000000001,0.5
2264.2000,  1.00000000,1,0,0.0,0.5
2264.2333,  1.00000000,1,0,0.0,0.5
2264.2667,  1.00000000,1,0,0.0,0.5
2264.3000,  1.00000000,1,0,0.0,0.5
2264.3333,  1.00000000,1,0,0.0,0.5
2264.3667,  1.00000000,1,0,0.0,0.5
2264.4000,  1.00000000,1,0,0.0,0.5
2264.4333,  1.00000000,1,0,0.0,0.5
2264.4667,  1.00000000,1,0,0.0,0.5
2264.5000,  1.00000000,1,0,0.0,0.5
2264.5333,  1.00000000,1,0,0.0,0.5
2264.5667,  1.00000000,1,0,0.0,0.5
2264.6000,  1.00000000,1,0,0.0,0.5
2264.6333,  1.00000000,1,0,0.025000000000000001,0.5
2264.6667,  1.00000000,1,0,0.0,0.5
2264.7000,  1.00000000,1,0,0.0,0.5
2264.7333,  1.00000000,1,0,0.0,0.5
2264.7667,  1.00000000,1,0,0.025000000000000001,0.5
2264.8000,  1.00000000,1,0,0.0,0.5
2264.8333,  1.00000000,1,0,0.0,0.5
2264.8667,  1.00000000,1,0,0.0,0.5
2264.9000,  1.00000000,1,0,0.0,0.5
2264.9333,  1.00000000,1,0,0.0,0.5
2264.9667,  1.00000000,1,0,0.0,0.5
2265.0000,  1.00000000,1,0,0.0,0.5
2265.0333,  1.00000000,1,0,0.0,0.5
2265.0667,  1.00000000,1,0,0.0,0.5
2265.1000,  1.00000000,1,0,0.0,0.5
2265.1333,  1.00000000,1,0,0.0,0.5
2265.1667,  1.00000000,1,0,0.0,0.5
2265.2000,  1.00000000,1,0,0.0,0.5
2265.2333,  1.00000000,1,0,0.0,0.5
2265.2667,  1.00000000,1,0,0.025000000000000001,0.5
2265.3000,  1.00000000,1,0,0.0,0.5
2265.3333,  1.00000000,1,0,0.0,0.5
2265.3667,  1.00000000,1,0,0.025000000000000001,0.5
2265.4000,  1.00000000,1,0,0.025000000000000001,0.5
2265.4333,  1.00000000,1,0,0.0,0.5
2265.4667,  1.00000000,1,0,0.0,0.5
2265.5000,  1.00000000,1,0,0.025000000000000001,0.5
2265.5333,  1.00000000,1,0,0.0,0.5
2265.5667,  1.00000000,1,0,0.0,0.5
2265.6000,  1.00000000,1,0,0.025000000000000001,0.5
2265.6333,  1.00000000,1,0,0.0,0.5
2265.6667,  1.00000000,1,0,0.0,0.5
2265.7000,  1.00000000,1,0,0.0,0.5
2265.7333,  1.00000000,1,0,0.0,0.5
2265.7667,  1.00000000,1,0,0.025000000000000001,0.5
2265.8000,  1.00000000,1,0,0.0,0.5
2265.8333,  1.00000000,1,0,0.0,0.5
2265.8667,  1.00000000,1,0,0.0,0.5
2265.9000,  1.00000000,1,0,0.0,0.5
2265.9333,  1.00000000,1,0,0.025000000000000001,0.5
2265.9667,  1.00000000,1,0,0.0,0.5
2266.0000,  1.00000000,1,0,0.0,0.5
2266.0333,  1.00000000,1,0,0.0,0.5
2266.0667,  1.00000000,1,0,0.0,0.5
2266.1000,  1.00000000,1,0,0.0,0.5
2266.1333,  1.00000000,1,0,0.0,0.5
2266.1667,  1.00000000,1,0,0.0,0.5
2266.2000,  1.00000000,1,0,0.0,0.5
2266.2333,  1.00000000,1,0,0.025000000000000001,0.5
2266.2667,  1.00000000,1,0,0.0,0.5
2266.3000,  1.00000000,1,0,0.0,0.5
2266.3333,  1.00000000,1,0,0.0,0.5
2266.3667,  1.00000000,1,0,0.0,0.5
2266.4000,  1.00000000,1,0,0.025000000000000001,0.5
2266.4333,  1.00000000,1,0,0.0,0.5
2266.4667,  1.00000000,1,0,0.0,0.5
2266.5000,  1.00000000,1,0,0.0,0.5
2266.5333,  1.00000000,1,0,0.0,0.5
2266.5667,  1.00000000,1,0,0.0,0.5
2266.6000,  1.00000000,1,0,0.0,0.5
2266.6333,  1.00000000,1,0,0.0,0.5
2266.6667,  1.00000000,1,0,0.0,0.5
2266.7000,  1.00000000,1,0,0.025000000000000001,0.5
2266.7333,  1.00000000,1,0,0.0,0.5
2266.7667,  1.00000000,1,0,0.0,0.5
2266.8000,  1.00000000,1,0,0.0,0.5
2266.8333,  1.00000000,1,0,0.0,0.5
2266.8667,  1.00000000,1,0,0.0,0.5
2266.9000,  1.00000000,1,0,0.0,0.5
2266.9333,  1.00000000,1,0,0.0,0.5
2266.9667,  1.00000000,1,0,0.0,0.5
2267.0000,  1.00000000,1,0,0.0,0.5
2267.0333,  1.00000000,1,0,0.0,0.5
2267.0667,  1.00000000,1,0,0.0,0.5
2267.1000,  1.00000000,1,0,0.0,0.5
2267.1333,  1.00000000,1,0,0.0,0.5
2267.1667,  1.00000000,1,0,0.0,0.5
2267.2000,  1.00000000,1,0,0.0,0.5
2267.2333,  1.00000000,1,0,0.0,0.5
2267.2667,  1.00000000,1,0,0.0,0.5
2267.3000,  1.00000000,1,0,0.0,0.5
2267.3333,  1.00000000,1,0,0.0,0.5
2267.3667,  1.00000000,1,0,0.0,0.5
2267.4000,  1.00000000,1,0,0.0,0.5
2267.4333,  1.00000000,1,0,0.0,0.5
2267.4667,  1.00000000,1,0,0.0,0.5
2267.5000,  1.00000000,1,0,0.0,0.5
2267.5333,  1.00000000,1,0,0.0,0.5
2267.5667,  1.00000000,1,0,0.0,0.5
2267.6000,  1.00000000,1,0,0.025000000000000001,0.5
2267.6333,  1.00000000,1,0,0.0,0.5
2267.6667,  1.00000000,1,0,0.0,0.5
2267.7000,  1.00000000,1,0,0.0,0.5
2267.7333,  1.00000000,1,0,0.0,0.5
2267.7667,  1.00000000,1,0,0.0,0.5
2267.8000,  1.00000000,1,0,0.0,0.5
2267.8333,  1.00000000,1,0,0.0,0.5
2267.8667,  1.00000000,1,0,0.0,0.5
2267.9000,  1.00000000,1,0,0.0,0.5
2267.9333,  1.00000000,1,0,0.0,0.5
2267.9667,  1.00000000,1,0,0.0,0.5
2268.0000,  1.00000000,1,0,0.025000000000000001,0.5
2268.0333,  1.00000000,1,0,0.0,0.5
2268.0667,  1.00000000,1,0,0.0,0.5
2268.1000,  1.00000000,1,0,0.0,0.5
2268.1333,  1.00000000,1,0,0.0,0.5
2268.1667,  1.00000000,1,0,0.0,0.5
2268.2000,  1.00000000,1,0,0.0,0.5
2268.2333,  1.00000000,1,0,0.025000000000000001,0.5
2268.2667,  1.00000000,1,0,0.0,0.5
2268.3000,  1.00000000,1,0,0.0,0.5
2268.3333,  1.00000000,1,0,0.0,0.5
2268.3667,  1.00000000,1,0,0.0,0.5
2268.4000,  1.00000000,1,0,0.0,0.5
2268.4333,  1.00000000,1,0,0.025000000000000001,0.5
2268.4667,  1.00000000,1,0,0.0,0.5
2268.5000,  1.00000000,1,0,0.0,0.5
2268.5333,  1.00000000,1,0,0.0,0.5
2268.5667,  1.00000000,1,0,0.0,0.5
2268.6000,  1.00000000,1,0,0.0,0.5
2268.6333,  1.00000000,1,0,0.0,0.5
2268.6667,  1.00000000,1,0,0.0,0.5
2268.7000,  1.00000000,1,0,0.0,0.5
2268.7333,  1.00000000,1,0,0.0,0.5
2268.7667,  1.00000000,1,0,0.0,0.5
2268.8000,  1.00000000,1,0,0.0,0.5
2268.8333,  1.00000000,1,0,0.0,0.5
2268.8667,  1.00000000,1,0,0.0,0.5
2268.9000,  1.00000000,1,0,0.0,0.5
2268.9333,  1.00000000,1,0,0.0,0.5
2268.9667,  1.00000000,1,0,0.0,0.5
2269.0000,  1.00000000,1,0,0.0,0.5
2269.0333,  1.00000000,1,0,0.0,0.5
2269.0667,  1.00000000,1,0,0.0,0.5
2269.1000,  1.00000000,1,0,0.0,0.5
2269.1333,  1.00000000,1,0,0.0,0.5
2269.1667,  1.00000000,1,0,0.0,0.5
2269.2000,  1.00000000,1,0,0.0,0.5
2269.2333,  1.00000000,1,0,0.0,0.5
2269.2667,  1.00000000,1,0,0.025000000000000001,0.5
2269.3000,  1.00000000,1,0,0.025000000000000001,0.5
2269.3333,  1.00000000,1,0,0.0,0.5
2269.3667,  1.00000000,1,0,0.0,0.5
2269.4000,  1.00000000,1,0,0.0,0.5
2269.4333,  1.00000000,1,0,0.0,0.5
2269.4667,  1.00000000,1,0,0.0,0.5
2269.5000,  1.00000000,1,0,0.0,0.5
2269.5333,  1.00000000,1,0,0.0,0.5
2269.5667,  1.00000000,1,0,0.0,0.5
2269.6000,  1.00000000,1,0,0.025000000000000001,0.5
2269.6333,  1.00000000,1,0,0.0,0.5
2269.6667,  1.00000000,1,0,0.0,0.5
2269.7000,  1.00000000,1,0,0.0,0.5
2269.7333,  1.00000000,1,0,0.0,0.5
2269.7667,  1.00000000,1,0,0.0,0.5
2269.8000,  1.00000000,1,0,0.0,0.5
2269.8333,  1.00000000,1,0,0.0,0.5
2269.8667,  1.00000000,1,0,0.0,0.5
2269.9000,  1.00000000,1,0,0.0,0.5
2269.9333,  1.00000000,1,0,0.0,0.5
2269.9667,  1.00000000,1,0,0.0,0.5
2270.0000,  1.00000000,1,0,0.0,0.5
2270.0333,  1.00000000,1,0,0.0,0.5
2270.0667,  1.00000000,1,0,0.0,0.5
2270.1000,  1.00000000,1,0,0.0,0.5
2270.1333,  1.00000000,1,0,0.0,0.5
2270.1667,  1.00000000,1,0,0.0,0.5
2270.2000,  1.00000000,1,0,0.0,0.5
2270.2333,  1.00000000,1,0,0.0,0.5
2270.2667,  1.00000000,1,0,0.0,0.5
2270.3000,  1.00000000,1,0,0.0,0.5
2270.3333,  1.00000000,1,0,0.0,0.5
2270.3667,  1.00000000,1,0,0.0,0.5
2270.4000,  1.00000000,1,0,0.0,0.5
2270.4333,  1.00000000,1,0,0.0,0.5
2270.4667,  1.00000000,1,0,0.0,0.5
2270.5000,  1.00000000,1,0,0.0,0.5
2270.5333,  1.00000000,1,0,0.0,0.5
2270.5667,  1.00000000,1,0,0.0,0.5
2270.6000,  1.00000000,1,0,0.0,0.5
2270.6333,  1.00000000,1,0,0.025000000000000001,0.5
2270.6667,  1.00000000,1,0,0.025000000000000001,0.5
2270.7000,  1.00000000,1,0,0.0,0.5
2270.7333,  1.00000000,1,0,0.0,0.5
2270.7667,  1.00000000,1,0,0.0,0.5
2270.8000,  1.00000000,1,0,0.0,0.5
2270.8333,  1.00000000,1,0,0.0,0.5
2270.8667,  1.00000000,1,0,0.0,0.5
2270.9000,  1.00000000,1,0,0.0,0.5
2270.9333,  1.00000000,1,0,0.0,0.5
2270.9667,  1.00000000,1,0,0.0,0.5
2271.0000,  1.00000000,1,0,0.0,0.5
2271.0333,  1.00000000,1,0,0.0,0.5
2271.0667,  1.00000000,1,0,0.0,0.5
2271.1000,  1.00000000,1,0,0.0,0.5
2271.1333,  1.00000000,1,0,0.0,0.5
2271.1667,  1.00000000,1,0,0.0,0.5
2271.2000,  1.00000000,1,0,0.0,0.5
2271.2333,  1.00000000,1,0,0.0,0.5
2271.2667,  1.00000000,1,0,0.0,0.5
2271.3000,  1.00000000,1,0,0.0,0.5
2271.3333,  1.00000000,1,0,0.0,0.5
2271.3667,  1.00000000,1,0,0.0,0.5
2271.4000,  1.00000000,1,0,0.0,0.5
2271.4333,  1.00000000,1,0,0.025000000000000001,0.5
2271.4667,  1.00000000,1,0,0.025000000000000001,0.5
2271.5000,  1.00000000,1,0,0.0,0.5
2271.5333,  1.00000000,1,0,0.0,0.5
2271.5667,  1.00000000,1,0,0.0,0.5
2271.6000,  1.00000000,1,0,0.025000000000000001,0.5
2271.6333,  1.00000000,1,0,0.0,0.5
2271.6667,  1.00000000,1,0,0.0,0.5
2271.7000,  1.00000000,1,0,0.0,0.5
2271.7333,  1.00000000,1,0,0.0,0.5
2271.7667,  1.00000000,1,0,0.0,0.5
2271.8000,  1.00000000,1,0,0.0,0.5
2271.8333,  1.00000000,1,0,0.0,0.5
2271.8667,  1.00000000,1,0,0.0,0.5
2271.9000,  1.00000000,1,0,0.0,0.5
2271.9333,  1.00000000,1,0,0.0,0.5
2271.9667,  1.00000000,1,0,0.0,0.5
2272.0000,  1.00000000,1,0,0.0,0.5
2272.0333,  1.00000000,1,0,0.0,0.5
2272.0667,  1.00000000,1,0,0.025000000000000001,0.5
2272.1000,  1.00000000,1,0,0.0,0.5
2272.1333,  1.00000000,1,0,0.0,0.5
2272.1667,  1.00000000,1,0,0.0,0.5
2272.2000,  1.00000000,1,0,0.0,0.5
2272.2333,  1.00000000,1,0,0.0,0.5
2272.2667,  1.00000000,1,0,0.0,0.5
2272.3000,  1.00000000,1,0,0.0,0.5
2272.3333,  1.00000000,1,0,0.0,0.5
2272.3667,  1.00000000,1,0,0.0,0.5
2272.4000,  1.00000000,1,0,0.0,0.5
2272.4333,  1.00000000,1,0,0.0,0.5
2272.4667,  1.00000000,1,0,0.0,0.5
2272.5000,  1.00000000,1,0,0.0,0.5
2272.5333,  1.00000000,1,0,0.0,0.5
2272.5667,  1.00000000,1,0,0.0,0.5
2272.6000,  1.00000000,1,0,0.0,0.5
2272.6333,  1.00000000,1,0,0.025000000000000001,0.5
2272.6667,  1.00000000,1,0,0.0,0.5
2272.7000,  1.00000000,1,0,0.0,0.5
2272.7333,  1.00000000,1,0,0.0,0.5
2272.7667,  1.00000000,1,0,0.0,0.5
2272.8000,  1.00000000,1,0,0.0,0.5
2272.8333,  1.00000000,1,0,0.0,0.5
2272.8667,  1.00000000,1,0,0.0,0.5
2272.9000,  1.00000000,1,0,0.0,0.5
2272.9333,  1.00000000,1,0,0.0,0.5
2272.9667,  1.00000000,1,0,0.0,0.5
2273.0000,  1.00000000,1,0,0.0,0.5
2273.0333,  1.00000000,1,0,0.0,0.5
2273.0667,  1.00000000,1,0,0.0,0.5
2273.1000,  1.00000000,1,0,0.0,0.5
2273.1333,  1.00000000,1,0,0.0,0.5
2273.1667,  1.00000000,1,0,0.0,0.5
2273.2000,  1.00000000,1,0,0.0,0.5
2273.2333,  1.00000000,1,0,0.0,0.5
2273.2667,  1.00000000,1,0,0.0,0.5
2273.3000,  1.00000000,1,0,0.0,0.5
2273.3333,  1.00000000,1,0,0.0,0.5
2273.3667,  1.00000000,1,0,0.0,0.5
2273.4000,  1.00000000,1,0,0.0,0.5
2273.4333,  1.00000000,1,0,0.0,0.5
2273.4667,  1.00000000,1,0,0.0,0.5
2273.5000,  1.00000000,1,0,0.0,0.5
2273.5333,  1.00000000,1,0,0.0,0.5
2273.5667,  1.00000000,1,0,0.0,0.5
2273.6000,  1.00000000,1,0,0.0,0.5
2273.6333,  1.00000000,1,0,0.0,0.5
2273.6667,  1.00000000,1,0,0.0,0.5
2273.7000,  1.00000000,1,0,0.0,0.5
2273.7333,  1.00000000,1,0,0.0,0.5
2273.7667,  1.00000000,1,0,0.0,0.5
2273.8000,  1.00000000,1,0,0.0,0.5
2273.8333,  1.00000000,1,0,0.0,0.5
2273.8667,  1.00000000,1,0,0.0,0.5
2273.9000,  1.00000000,1,0,0.0,0.5
2273.9333,  1.00000000,1,0,0.0,0.5
2273.9667,  1.00000000,1,0,0.0,0.5
2274.0000,  1.00000000,1,0,0.0,0.5
2274.0333,  1.00000000,1,0,0.0,0.5
2274.0667,  1.00000000,1,0,0.025000000000000001,0.5
2274.1000,  1.00000000,1,0,0.025000000000000001,0.5
2274.1333,  1.00000000,1,0,0.0,0.5
2274.1667,  1.00000000,1,0,0.0,0.5
2274.2000,  1.00000000,1,0,0.0,0.5
2274.2333,  1.00000000,1,0,0.0,0.5
2274.2667,  1.00000000,1,0,0.0,0.5
2274.3000,  1.00000000,1,0,0.0,0.5
2274.3333,  1.00000000,1,0,0.0,0.5
2274.3667,  1.00000000,1,0,0.0,0.5
2274.4000,  1.00000000,1,0,0.0,0.5
2274.4333,  1.00000000,1,0,0.0,0.5
2274.4667,  1.00000000,1,0,0.0,0.5
2274.5000,  1.00000000,1,0,0.0,0.5
2274.5333,  1.00000000,1,0,0.0,0.5
2274.5667,  1.00000000,1,0,0.0,0.5
2274.6000,  1.00000000,1,0,0.0,0.5
2274.6333,  1.00000000,1,0,0.0,0.5
2274.6667,  1.00000000,1,0,0.0,0.5
2274.7000,  1.00000000,1,0,0.0,0.5
2274.7333,  1.00000000,1,0,0.0,0.5
2274.7667,  1.00000000,1,0,0.0,0.5
2274.8000,  1.00000000,1,0,0.0,0.5
2274.8333,  1.00000000,1,0,0.0,0.5
2274.8667,  1.00000000,1,0,0.0,0.5
2274.9000,  1.00000000,1,0,0.0,0.5
2274.9333,  1.00000000,1,0,0.0,0.5
2274.9667,  1.00000000,1,0,0.0,0.5
2275.0000,  1.00000000,1,0,0.0,0.5
2275.0333,  1.00000000,1,0,0.0,0.5
2275.0667,  1.00000000,1,0,0.0,0.5
2275.1000,  1.00000000,1,0,0.0,0.5
2275.1333,  1.00000000,1,0,0.0,0.5
2275.1667,  1.00000000,1,0,0.0,0.5
2275.2000,  1.00000000,1,0,0.0,0.5
2275.2333,  1.00000000,1,0,0.0,0.5
2275.2667,  1.00000000,1,0,0.0,0.5
2275.3000,  1.00000000,1,0,0.0,0.5
2275.3333,  1.00000000,1,0,0.0,0.5
2275.3667,  1.00000000,1,0,0.0,0.5
2275.4000,  1.00000000,1,0,0.0,0.5
2275.4333,  1.00000000,1,0,0.0,0.5
2275.4667,  1.00000000,1,0,0.0,0.5
2275.5000,  1.00000000,1,0,0.0,0.5
2275.5333,  1.00000000,1,0,0.0,0.5
2275.5667,  1.00000000,1,0,0.0,0.5
2275.6000,  1.00000000,1,0,0.0,0.5
2275.6333,  1.00000000,1,0,0.0,0.5
2275.6667,  1.00000000,1,0,0.0,0.5
2275.7000,  1.00000000,1,0,0.0,0.5
2275.7333,  1.00000000,1,0,0.0,0.5
2275.7667,  1.00000000,1,0,0.0,0.5
2275.8000,  1.00000000,1,0,0.0,0.5
2275.8333,  1.00000000,1,0,0.0,0.5
2275.8667,  1.00000000,1,0,0.0,0.5
2275.9000,  1.00000000,1,0,0.0,0.5
2275.9333,  1.00000000,1,0,0.0,0.5
2275.9667,  1.00000000,1,0,0.0,0.5
2276.0000,  1.00000000,1,0,0.0,0.5
2276.0333,  1.00000000,1,0,0.0,0.5
2276.0667,  1.00000000,1,0,0.0,0.5
2276.1000,  1.00000000,1,0,0.0,0.5
2276.1333,  1.00000000,1,0,0.0,0.5
2276.1667,  1.00000000,1,0,0.0,0.5
2276.2000,  1.00000000,1,0,0.0,0.5
2276.2333,  1.00000000,1,0,0.0,0.5
2276.2667,  1.00000000,1,0,0.0,0.5
2276.3000,  1.00000000,1,0,0.0,0.5
2276.3333,  1.00000000,1,0,0.0,0.5
2276.3667,  1.00000000,1,0,0.0,0.5
2276.4000,  1.00000000,1,0,0.0,0.5
2276.4333,  1.00000000,1,0,0.0,0.5
2276.4667,  1.00000000,1,0,0.0,0.5
2276.5000,  1.00000000,1,0,0.0,0.5
2276.5333,  1.00000000,1,0,0.0,0.5
2276.5667,  1.00000000,1,0,0.0,0.5
2276.6000,  1.00000000,1,0,0.0,0.5
2276.6333,  1.00000000,1,0,0.0,0.5
2276.6667,  1.00000000,1,0,0.0,0.5
2276.7000,  1.00000000,1,0,0.0,0.5
2276.7333,  1.00000000,1,0,0.0,0.5
2276.7667,  1.00000000,1,0,0.0,0.5
2276.8000,  1.00000000,1,0,0.0,0.5
2276.8333,  1.00000000,1,0,0.0,0.5
2276.8667,  1.00000000,1,0,0.0,0.5
2276.9000,  1.00000000,1,0,0.0,0.5
2276.9333,  1.00000000,1,0,0.0,0.5
2276.9667,  1.00000000,1,0,0.025000000000000001,0.5
2277.0000,  1.00000000,1,0,0.0,0.5
2277.0333,  1.00000000,1,0,0.0,0.5
2277.0667,  1.00000000,1,0,0.0,0.5
2277.1000,  1.00000000,1,0,0.0,0.5
2277.1333,  1.00000000,1,0,0.0,0.5
2277.1667,  1.00000000,1,0,0.0,0.5
2277.2000,  1.00000000,1,0,0.0,0.5
2277.2333,  1.00000000,1,0,0.0,0.5
2277.2667,  1.00000000,1,0,0.0,0.5
2277.3000,  1.00000000,1,0,0.0,0.5
2277.3333,  1.00000000,1,0,0.0,0.5
2277.3667,  1.00000000,1,0,0.0,0.5
2277.4000,  1.00000000,1,0,0.0,0.5
2277.4333,  1.00000000,1,0,0.0,0.5
2277.4667,  1.00000000,1,0,0.0,0.5
2277.5000,  1.00000000,1,0,0.0,0.5
2277.5333,  1.00000000,1,0,0.0,0.5
2277.5667,  1.00000000,1,0,0.025000000000000001,0.5
2277.6000,  1.00000000,1,0,0.0,0.5
2277.6333,  1.00000000,1,0,0.0,0.5
2277.6667,  1.00000000,1,0,0.0,0.5
2277.7000,  1.00000000,1,0,0.0,0.5
2277.7333,  1.00000000,1,0,0.0,0.5
2277.7667,  1.00000000,1,0,0.0,0.5
2277.8000,  1.00000000,1,0,0.0,0.5
2277.8333,  1.00000000,1,0,0.025000000000000001,0.5
2277.8667,  1.00000000,1,0,0.0,0.5
2277.9000,  1.00000000,1,0,0.0,0.5
2277.9333,  1.00000000,1,0,0.0,0.5
2277.9667,  1.00000000,1,0,0.0,0.5
2278.0000,  1.00000000,1,0,0.0,0.5
2278.0333,  1.00000000,1,0,0.025000000000000001,0.5
2278.0667,  1.00000000,1,0,0.0,0.5
2278.1000,  1.00000000,1,0,0.0,0.5
2278.1333,  1.00000000,1,0,0.0,0.5
2278.1667,  1.00000000,1,0,0.0,0.5
2278.2000,  1.00000000,1,0,0.0,0.5
2278.2333,  1.00000000,1,0,0.0,0.5
2278.2667,  1.00000000,1,0,0.0,0.5
2278.3000,  1.00000000,1,0,0.0,0.5
2278.3333,  1.00000000,1,0,0.0,0.5
2278.3667,  1.00000000,1,0,0.0,0.5
2278.4000,  1.00000000,1,0,0.0,0.5
2278.4333,  1.00000000,1,0,0.0,0.5
2278.4667,  1.00000000,1,0,0.0,0.5
2278.5000,  1.00000000,1,0,0.0,0.5
2278.5333,  1.00000000,1,0,0.0,0.5
2278.5667,  1.00000000,1,0,0.0,0.5
2278.6000,  1.00000000,1,0,0.0,0.5
2278.6333,  1.00000000,1,0,0.025000000000000001,0.5
2278.6667,  1.00000000,1,0,0.0,0.5
2278.7000,  1.00000000,1,0,0.0,0.5
2278.7333,  1.00000000,1,0,0.0,0.5
2278.7667,  1.00000000,1,0,0.0,0.5
2278.8000,  1.00000000,1,0,0.0,0.5
2278.8333,  1.00000000,1,0,0.0,0.5
2278.8667,  1.00000000,1,0,0.0,0.5
2278.9000,  1.00000000,1,0,0.0,0.5
2278.9333,  1.00000000,1,0,0.0,0.5
2278.9667,  1.00000000,1,0,0.0,0.5
2279.0000,  1.00000000,1,0,0.0,0.5
2279.0333,  1.00000000,1,0,0.0,0.5
2279.0667,  1.00000000,1,0,0.0,0.5
2279.1000,  1.00000000,1,0,0.0,0.5
2279.1333,  1.00000000,1,0,0.0,0.5
2279.1667,  1.00000000,1,0,0.0,0.5
2279.2000,  1.00000000,1,0,0.0,0.5
2279.2333,  1.00000000,1,0,0.0,0.5
2279.2667,  1.00000000,1,0,0.0,0.5
2279.3000,  1.00000000,1,0,0.0,0.5
2279.3333,  1.00000000,1,0,0.0,0.5
2279.3667,  1.00000000,1,0,0.0,0.5
2279.4000,  1.00000000,1,0,0.0,0.5
2279.4333,  1.00000000,1,0,0.0,0.5
2279.4667,  1.00000000,1,0,0.0,0.5
2279.5000,  1.00000000,1,0,0.0,0.5
2279.5333,  1.00000000,1,0,0.0,0.5
2279.5667,  1.00000000,1,0,0.0,0.5
2279.6000,  1.00000000,1,0,0.0,0.5
2279.6333,  1.00000000,1,0,0.0,0.5
2279.6667,  1.00000000,1,0,0.025000000000000001,0.5
2279.7000,  1.00000000,1,0,0.0,0.5
2279.7333,  1.00000000,1,0,0.0,0.5
2279.7667,  1.00000000,1,0,0.0,0.5
2279.8000,  1.00000000,1,0,0.0,0.5
2279.8333,  1.00000000,1,0,0.0,0.5
2279.8667,  1.00000000,1,0,0.0,0.5
2279.9000,  1.00000000,1,0,0.0,0.5
2279.9333,  1.00000000,1,0,0.0,0.5
2279.9667,  1.00000000,1,0,0.0,0.5
2280.0000,  1.00000000,1,0,0.025000000000000001,0.5
2280.0333,  1.00000000,1,0,0.0,0.5
2280.0667,  1.00000000,1,0,0.0,0.5
2280.1000,  1.00000000,1,0,0.0,0.5
2280.1333,  1.00000000,1,0,0.0,0.5
2280.1667,  1.00000000,1,0,0.0,0.5
2280.2000,  1.00000000,1,0,0.0,0.5
2280.2333,  1.00000000,1,0,0.0,0.5
2280.2667,  1.00000000,1,0,0.0,0.5
2280.3000,  1.00000000,1,0,0.0,0.5
2280.3333,  1.00000000,1,0,0.0,0.5
2280.3667,  1.00000000,1,0,0.0,0.5
2280.4000,  1.00000000,1,0,0.0,0.5
2280.4333,  1.00000000,1,0,0.0,0.5
2280.4667,  1.00000000,1,0,0.0,0.5
2280.5000,  1.00000000,1,0,0.0,0.5
2280.5333,  1.00000000,1,0,0.0,0.5
2280.5667,  1.00000000,1,0,0.0,0.5
2280.6000,  1.00000000,1,0,0.0,0.5
2280.6333,  1.00000000,1,0,0.0,0.5
2280.6667,  1.00000000,1,0,0.0,0.5
2280.7000,  1.00000000,1,0,0.0,0.5
2280.7333,  1.00000000,1,0,0.0,0.5
2280.7667,  1.00000000,1,0,0.0,0.5
2280.8000,  1.00000000,1,0,0.0,0.5
2280.8333,  1.00000000,1,0,0.0,0.5
2280.8667,  1.00000000,1,0,0.0,0.5
2280.9000,  1.00000000,1,0,0.0,0.5
2280.9333,  1.00000000,1,0,0.0,0.5
2280.9667,  1.00000000,1,0,0.0,0.5
2281.0000,  1.00000000,1,0,0.0,0.5
2281.0333,  1.00000000,1,0,0.0,0.5
2281.0667,  1.00000000,1,0,0.0,0.5
2281.1000,  1.00000000,1,0,0.0,0.5
2281.1333,  1.00000000,1,0,0.0,0.5
2281.1667,  1.00000000,1,0,0.0,0.5
2281.2000,  1.00000000,1,0,0.0,0.5
2281.2333,  1.00000000,1,0,0.0,0.5
2281.2667,  1.00000000,1,0,0.0,0.5
2281.3000,  1.00000000,1,0,0.0,0.5
2281.3333,  1.00000000,1,0,0.0,0.5
2281.3667,  1.00000000,1,0,0.0,0.5
2281.4000,  1.00000000,1,0,0.0,0.5
2281.4333,  1.00000000,1,0,0.0,0.5
2281.4667,  1.00000000,1,0,0.0,0.5
2281.5000,  1.00000000,1,0,0.0,0.5
2281.5333,  1.00000000,1,0,0.0,0.5
2281.5667,  1.00000000,1,0,0.0,0.5
2281.6000,  1.00000000,1,0,0.0,0.5
2281.6333,  1.00000000,1,0,0.0,0.5
2281.6667,  1.00000000,1,0,0.0,0.5
2281.7000,  1.00000000,1,0,0.0,0.5
2281.7333,  1.00000000,1,0,0.0,0.5
2281.7667,  1.00000000,1,0,0.0,0.5
2281.8000,  1.00000000,1,0,0.0,0.5
2281.8333,  1.00000000,1,0,0.0,0.5
2281.8667,  1.00000000,1,0,0.0,0.5
2281.9000,  1.00000000,1,0,0.0,0.5
2281.9333,  1.00000000,1,0,0.0,0.5
2281.9667,  1.00000000,1,0,0.0,0.5
2282.0000,  1.00000000,1,0,0.0,0.5
2282.0333,  1.00000000,1,0,0.0,0.5
2282.0667,  1.00000000,1,0,0.0,0.5
2282.1000,  1.00000000,1,0,0.0,0.5
2282.1333,  1.00000000,1,0,0.0,0.5
2282.1667,  1.00000000,1,0,0.0,0.5
2282.2000,  1.00000000,1,0,0.0,0.5
2282.2333,  1.00000000,1,0,0.0,0.5
2282.2667,  1.00000000,1,0,0.0,0.5
2282.3000,  1.00000000,1,0,0.0,0.5
2282.3333,  1.00000000,1,0,0.0,0.5
2282.3667,  1.00000000,1,0,0.0,0.5
2282.4000,  1.00000000,1,0,0.0,0.5
2282.4333,  1.00000000,1,0,0.0,0.5
2282.4667,  1.00000000,1,0,0.0,0.5
2282.5000,  1.00000000,1,0,0.0,0.5
2282.5333,  1.00000000,1,0,0.0,0.5
2282.5667,  1.00000000,1,0,0.0,0.5
2282.6000,  1.00000000,1,0,0.0,0.5
2282.6333,  1.00000000,1,0,0.0,0.5
2282.6667,  1.00000000,1,0,0.0,0.5
2282.7000,  1.00000000,1,0,0.0,0.5
2282.7333,  1.00000000,1,0,0.0,0.5
2282.7667,  1.00000000,1,0,0.0,0.5
2282.8000,  1.00000000,1,0,0.0,0.5
2282.8333,  1.00000000,1,0,0.0,0.5
2282.8667,  1.00000000,1,0,0.0,0.5
2282.9000,  1.00000000,1,0,0.0,0.5
2282.9333,  1.00000000,1,0,0.0,0.5
2282.9667,  1.00000000,1,0,0.0,0.5
2283.0000,  1.00000000,1,0,0.0,0.5
2283.0333,  1.00000000,1,0,0.0,0.5
2283.0667,  1.00000000,1,0,0.0,0.5
2283.1000,  1.00000000,1,0,0.0,0.5
2283.1333,  1.00000000,1,0,0.0,0.5
2283.1667,  1.00000000,1,0,0.0,0.5
2283.2000,  1.00000000,1,0,0.0,0.5
2283.2333,  1.00000000,1,0,0.0,0.5
2283.2667,  1.00000000,1,0,0.0,0.5
2283.3000,  1.00000000,1,0,0.0,0.5
2283.3333,  1.00000000,1,0,0.025000000000000001,0.5
2283.3667,  1.00000000,1,0,0.0,0.5
2283.4000,  1.00000000,1,0,0.0,0.5
2283.4333,  1.00000000,1,0,0.0,0.5
2283.4667,  1.00000000,1,0,0.025000000000000001,0.5
2283.5000,  1.00000000,1,0,0.0,0.5
2283.5333,  1.00000000,1,0,0.025000000000000001,0.5
2283.5667,  1.00000000,1,0,0.0,0.5
2283.6000,  1.00000000,1,0,0.0,0.5
2283.6333,  1.00000000,1,0,0.0,0.5
2283.6667,  1.00000000,1,0,0.0,0.5
2283.7000,  1.00000000,1,0,0.025000000000000001,0.5
2283.7333,  1.00000000,1,0,0.0,0.5
2283.7667,  1.00000000,1,0,0.0,0.5
2283.8000,  1.00000000,1,0,0.0,0.5
2283.8333,  1.00000000,1,0,0.0,0.5
2283.8667,  1.00000000,1,0,0.0,0.5
2283.9000,  1.00000000,1,0,0.0,0.5
2283.9333,  1.00000000,1,0,0.0,0.5
2283.9667,  1.00000000,1,0,0.0,0.5
2284.0000,  1.00000000,1,0,0.0,0.5
2284.0333,  1.00000000,1,0,0.0,0.5
2284.0667,  1.00000000,1,0,0.0,0.5
2284.1000,  1.00000000,1,0,0.0,0.5
2284.1333,  1.00000000,1,0,0.0,0.5
2284.1667,  1.00000000,1,0,0.0,0.5
2284.2000,  1.00000000,1,0,0.0,0.5
2284.2333,  1.00000000,1,0,0.0,0.5
2284.2667,  1.00000000,1,0,0.0,0.5
2284.3000,  1.00000000,1,0,0.0,0.5
2284.3333,  1.00000000,1,0,0.0,0.5
2284.3667,  1.00000000,1,0,0.0,0.5
2284.4000,  1.00000000,1,0,0.0,0.5
2284.4333,  1.00000000,1,0,0.0,0.5
2284.4667,  1.00000000,1,0,0.0,0.5
2284.5000,  1.00000000,1,0,0.0,0.5
2284.5333,  1.00000000,1,0,0.0,0.5
2284.5667,  1.00000000,1,0,0.0,0.5
2284.6000,  1.00000000,1,0,0.0,0.5
2284.6333,  1.00000000,1,0,0.0,0.5
2284.6667,  1.00000000,1,0,0.0,0.5
2284.7000,  1.00000000,1,0,0.0,0.5
2284.7333,  1.00000000,1,0,0.0,0.5
2284.7667,  1.00000000,1,0,0.0,0.5
2284.8000,  1.00000000,1,0,0.0,0.5
2284.8333,  1.00000000,1,0,0.0,0.5
2284.8667,  1.00000000,1,0,0.0,0.5
2284.9000,  1.00000000,1,0,0.0,0.5
2284.9333,  1.00000000,1,0,0.0,0.5
2284.9667,  1.00000000,1,0,0.0,0.5
2285.0000,  1.00000000,1,0,0.0,0.5
2285.0333,  1.00000000,1,0,0.0,0.5
2285.0667,  1.00000000,1,0,0.0,0.5
2285.1000,  1.00000000,1,0,0.0,0.5
2285.1333,  1.00000000,1,0,0.0,0.5
2285.1667,  1.00000000,1,0,0.0,0.5
2285.2000,  1.00000000,1,0,0.0,0.5
2285.2333,  1.00000000,1,0,0.0,0.5
2285.2667,  1.00000000,1,0,0.0,0.5
2285.3000,  1.00000000,1,0,0.0,0.5
2285.3333,  1.00000000,1,0,0.0,0.5
2285.3667,  1.00000000,1,0,0.0,0.5
2285.4000,  1.00000000,1,0,0.0,0.5
2285.4333,  1.00000000,1,0,0.025000000000000001,0.5
2285.4667,  1.00000000,1,0,0.0,0.5
2285.5000,  1.00000000,1,0,0.0,0.5
2285.5333,  1.00000000,1,0,0.0,0.5
2285.5667,  1.00000000,1,0,0.0,0.5
2285.6000,  1.00000000,1,0,0.0,0.5
2285.6333,  1.00000000,1,0,0.0,0.5
2285.6667,  1.00000000,1,0,0.0,0.5
2285.7000,  1.00000000,1,0,0.0,0.5
2285.7333,  1.00000000,1,0,0.0,0.5
2285.7667,  1.00000000,1,0,0.0,0.5
2285.8000,  1.00000000,1,0,0.0,0.5
2285.8333,  1.00000000,1,0,0.0,0.5
2285.8667,  1.00000000,1,0,0.0,0.5
2285.9000,  1.00000000,1,0,0.0,0.5
2285.9333,  1.00000000,1,0,0.0,0.5
2285.9667,  1.00000000,1,0,0.0,0.5
2286.0000,  1.00000000,1,0,0.025000000000000001,0.5
2286.0333,  1.00000000,1,0,0.0,0.5
2286.0667,  1.00000000,1,0,0.0,0.5
2286.1000,  1.00000000,1,0,0.0,0.5
2286.1333,  1.00000000,1,0,0.0,0.5
2286.1667,  1.00000000,1,0,0.0,0.5
2286.2000,  1.00000000,1,0,0.0,0.5
2286.2333,  1.00000000,1,0,0.0,0.5
2286.2667,  1.00000000,1,0,0.0,0.5
2286.3000,  1.00000000,1,0,0.0,0.5
2286.3333,  1.00000000,1,0,0.0,0.5
2286.3667,  1.00000000,1,0,0.025000000000000001,0.5
2286.4000,  1.00000000,1,0,0.025000000000000001,0.5
2286.4333,  1.00000000,1,0,0.0,0.5
2286.4667,  1.00000000,1,0,0.0,0.5
2286.5000,  1.00000000,1,0,0.0,0.5
2286.5333,  1.00000000,1,0,0.0,0.5
2286.5667,  1.00000000,1,0,0.0,0.5
2286.6000,  1.00000000,1,0,0.0,0.5
2286.6333,  1.00000000,1,0,0.0,0.5
2286.6667,  1.00000000,1,0,0.0,0.5
2286.7000,  1.00000000,1,0,0.0,0.5
2286.7333,  1.00000000,1,0,0.0,0.5
2286.7667,  1.00000000,1,0,0.0,0.5
2286.8000,  1.00000000,1,0,0.0,0.5
2286.8333,  1.00000000,1,0,0.0,0.5
2286.8667,  1.00000000,1,0,0.0,0.5
2286.9000,  1.00000000,1,0,0.0,0.5
2286.9333,  1.00000000,1,0,0.0,0.5
2286.9667,  1.00000000,1,0,0.0,0.5
2287.0000,  1.00000000,1,0,0.0,0.5
2287.0333,  1.00000000,1,0,0.0,0.5
2287.0667,  1.00000000,1,0,0.0,0.5
2287.1000,  1.00000000,1,0,0.025000000000000001,0.5
2287.1333,  1.00000000,1,0,0.0,0.5
2287.1667,  1.00000000,1,0,0.0,0.5
2287.2000,  1.00000000,1,0,0.0,0.5
2287.2333,  1.00000000,1,0,0.025000000000000001,0.5
2287.2667,  1.00000000,1,0,0.0,0.5
2287.3000,  1.00000000,1,0,0.0,0.5
2287.3333,  1.00000000,1,0,0.0,0.5
2287.3667,  1.00000000,1,0,0.0,0.5
2287.4000,  1.00000000,1,0,0.0,0.5
2287.4333,  1.00000000,1,0,0.0,0.5
2287.4667,  1.00000000,1,0,0.0,0.5
2287.5000,  1.00000000,1,0,0.0,0.5
2287.5333,  1.00000000,1,0,0.0,0.5
2287.5667,  1.00000000,1,0,0.0,0.5
2287.6000,  1.00000000,1,0,0.0,0.5
2287.6333,  1.00000000,1,0,0.0,0.5
2287.6667,  1.00000000,1,0,0.0,0.5
2287.7000,  1.00000000,1,0,0.0,0.5
2287.7333,  1.00000000,1,0,0.025000000000000001,0.5
2287.7667,  1.00000000,1,0,0.0,0.5
2287.8000,  1.00000000,1,0,0.0,0.5
2287.8333,  1.00000000,1,0,0.0,0.5
2287.8667,  1.00000000,1,0,0.0,0.5
2287.9000,  1.00000000,1,0,0.0,0.5
2287.9333,  1.00000000,1,0,0.0,0.5
2287.9667,  1.00000000,1,0,0.0,0.5
2288.0000,  1.00000000,1,0,0.0,0.5
2288.0333,  1.00000000,1,0,0.0,0.5
2288.0667,  1.00000000,1,0,0.0,0.5
2288.1000,  1.00000000,1,0,0.0,0.5
2288.1333,  1.00000000,1,0,0.0,0.5
2288.1667,  1.00000000,1,0,0.0,0.5
2288.2000,  1.00000000,1,0,0.025000000000000001,0.5
2288.2333,  1.00000000,1,0,0.0,0.5
2288.2667,  1.00000000,1,0,0.0,0.5
2288.3000,  1.00000000,1,0,0.0,0.5
2288.3333,  1.00000000,1,0,0.0,0.5
2288.3667,  1.00000000,1,0,0.0,0.5
2288.4000,  1.00000000,1,0,0.0,0.5
2288.4333,  1.00000000,1,0,0.0,0.5
2288.4667,  1.00000000,1,0,0.0,0.5
2288.5000,  1.00000000,1,0,0.0,0.5
2288.5333,  1.00000000,1,0,0.0,0.5
2288.5667,  1.00000000,1,0,0.0,0.5
2288.6000,  1.00000000,1,0,0.0,0.5
2288.6333,  1.00000000,1,0,0.0,0.5
2288.6667,  1.00000000,1,0,0.0,0.5
2288.7000,  1.00000000,1,0,0.0,0.5
2288.7333,  1.00000000,1,0,0.0,0.5
2288.7667,  1.00000000,1,0,0.0,0.5
2288.8000,  1.00000000,1,0,0.0,0.5
2288.8333,  1.00000000,1,0,0.025000000000000001,0.5
2288.8667,  1.00000000,1,0,0.025000000000000001,0.5
2288.9000,  1.00000000,1,0,0.0,0.5
2288.9333,  1.00000000,1,0,0.0,0.5
2288.9667,  1.00000000,1,0,0.050000000000000003,0.5
2289.0000,  1.00000000,1,0,0.0,0.5
2289.0333,  1.00000000,1,0,0.0,0.5
2289.0667,  1.00000000,1,0,0.025000000000000001,0.5
2289.1000,  1.00000000,1,0,0.0,0.5
2289.1333,  1.00000000,1,0,0.0,0.5
2289.1667,  1.00000000,1,0,0.0,0.5
2289.2000,  1.00000000,1,0,0.0,0.5
2289.2333,  1.00000000,1,0,0.025000000000000001,0.5
2289.2667,  1.00000000,1,0,0.0,0.5
2289.3000,  1.00000000,1,0,0.0,0.5
2289.3333,  1.00000000,1,0,0.0,0.5
2289.3667,  1.00000000,1,0,0.0,0.5
2289.4000,  1.00000000,1,0,0.0,0.5
2289.4333,  1.00000000,1,0,0.0,0.5
2289.4667,  1.00000000,1,0,0.0,0.5
2289.5000,  1.00000000,1,0,0.0,0.5
2289.5333,  1.00000000,1,0,0.0,0.5
2289.5667,  1.00000000,1,0,0.0,0.5
2289.6000,  1.00000000,1,0,0.0,0.5
2289.6333,  1.00000000,1,0,0.025000000000000001,0.5
2289.6667,  1.00000000,1,0,0.0,0.5
2289.7000,  1.00000000,1,0,0.0,0.5
2289.7333,  1.00000000,1,0,0.0,0.5
2289.7667,  1.00000000,1,0,0.0,0.5
2289.8000,  1.00000000,1,0,0.0,0.5
2289.8333,  1.00000000,1,0,0.0,0.5
2289.8667,  1.00000000,1,0,0.0,0.5
2289.9000,  1.00000000,1,0,0.0,0.5
2289.9333,  1.00000000,1,0,0.0,0.5
2289.9667,  1.00000000,1,0,0.0,0.5
2290.0000,  1.00000000,1,0,0.0,0.5
2290.0333,  1.00000000,1,0,0.0,0.5
2290.0667,  1.00000000,1,0,0.0,0.5
2290.1000,  1.00000000,1,0,0.0,0.5
2290.1333,  1.00000000,1,0,0.0,0.5
2290.1667,  1.00000000,1,0,0.0,0.5
2290.2000,  1.00000000,1,0,0.0,0.5
2290.2333,  1.00000000,1,0,0.025000000000000001,0.5
2290.2667,  1.00000000,1,0,0.0,0.5
2290.3000,  1.00000000,1,0,0.0,0.5
2290.3333,  1.00000000,1,0,0.0,0.5
2290.3667,  1.00000000,1,0,0.0,0.5
2290.4000,  1.00000000,1,0,0.0,0.5
2290.4333,  1.00000000,1,0,0.0,0.5
2290.4667,  1.00000000,1,0,0.0,0.5
2290.5000,  1.00000000,1,0,0.0,0.5
2290.5333,  1.00000000,1,0,0.0,0.5
2290.5667,  1.00000000,1,0,0.0,0.5
2290.6000,  1.00000000,1,0,0.0,0.5
2290.6333,  1.00000000,1,0,0.0,0.5
2290.6667,  1.00000000,1,0,0.0,0.5
2290.7000,  1.00000000,1,0,0.0,0.5
2290.7333,  1.00000000,1,0,0.0,0.5
2290.7667,  1.00000000,1,0,0.0,0.5
2290.8000,  1.00000000,1,0,0.0,0.5
2290.8333,  1.00000000,1,0,0.0,0.5
2290.8667,  1.00000000,1,0,0.0,0.5
2290.9000,  1.00000000,1,0,0.0,0.5
2290.9333,  1.00000000,1,0,0.025000000000000001,0.5
2290.9667,  1.00000000,1,0,0.0,0.5
2291.0000,  1.00000000,1,0,0.0,0.5
2291.0333,  1.00000000,1,0,0.0,0.5
2291.0667,  1.00000000,1,0,0.0,0.5
2291.1000,  1.00000000,1,0,0.0,0.5
2291.1333,  1.00000000,1,0,0.0,0.5
2291.1667,  1.00000000,1,0,0.025000000000000001,0.5
2291.2000,  1.00000000,1,0,0.025000000000000001,0.5
2291.2333,  1.00000000,1,0,0.0,0.5
2291.2667,  1.00000000,1,0,0.0,0.5
2291.3000,  1.00000000,1,0,0.0,0.5
2291.3333,  1.00000000,1,0,0.0,0.5
2291.3667,  1.00000000,1,0,0.050000000000000003,0.5
2291.4000,  1.00000000,1,0,0.0,0.5
2291.4333,  1.00000000,1,0,0.025000000000000001,0.5
2291.4667,  1.00000000,1,0,0.0,0.5
2291.5000,  1.00000000,1,0,0.0,0.5
2291.5333,  1.00000000,1,0,0.025000000000000001,0.5
2291.5667,  1.00000000,1,0,0.0,0.5
2291.6000,  1.00000000,1,0,0.0,0.5
2291.6333,  1.00000000,1,0,0.0,0.5
2291.6667,  1.00000000,1,0,0.0,0.5
2291.7000,  1.00000000,1,0,0.0,0.5
2291.7333,  1.00000000,1,0,0.0,0.5
2291.7667,  1.00000000,1,0,0.0,0.5
2291.8000,  1.00000000,1,0,0.0,0.5
2291.8333,  1.00000000,1,0,0.025000000000000001,0.5
2291.8667,  1.00000000,1,0,0.0,0.5
2291.9000,  1.00000000,1,0,0.0,0.5
2291.9333,  1.00000000,1,0,0.0,0.5
2291.9667,  1.00000000,1,0,0.0,0.5
2292.0000,  1.00000000,1,0,0.0,0.5
2292.0333,  1.00000000,1,0,0.0,0.5
2292.0667,  1.00000000,1,0,0.0,0.5
2292.1000,  1.00000000,1,0,0.0,0.5
2292.1333,  1.00000000,1,0,0.0,0.5
2292.1667,  1.00000000,1,0,0.0,0.5
2292.2000,  1.00000000,1,0,0.025000000000000001,0.5
2292.2333,  1.00000000,1,0,0.0,0.5
2292.2667,  1.00000000,1,0,0.025000000000000001,0.5
2292.3000,  1.00000000,1,0,0.0,0.5
2292.3333,  1.00000000,1,0,0.0,0.5
2292.3667,  1.00000000,1,0,0.0,0.5
2292.4000,  1.00000000,1,0,0.0,0.5
2292.4333,  1.00000000,1,0,0.0,0.5
2292.4667,  1.00000000,1,0,0.025000000000000001,0.5
2292.5000,  1.00000000,1,0,0.0,0.5
2292.5333,  1.00000000,1,0,0.025000000000000001,0.5
2292.5667,  1.00000000,1,0,0.0,0.5
2292.6000,  1.00000000,1,0,0.025000000000000001,0.5
2292.6333,  1.00000000,1,0,0.0,0.5
2292.6667,  1.00000000,1,0,0.0,0.5
2292.7000,  1.00000000,1,0,0.0,0.5
2292.7333,  1.00000000,1,0,0.0,0.5
2292.7667,  1.00000000,1,0,0.0,0.5
2292.8000,  1.00000000,1,0,0.0,0.5
2292.8333,  1.00000000,1,0,0.0,0.5
2292.8667,  1.00000000,1,0,0.0,0.5
2292.9000,  1.00000000,1,0,0.0,0.5
2292.9333,  1.00000000,1,0,0.0,0.5
2292.9667,  1.00000000,1,0,0.0,0.5
2293.0000,  1.00000000,1,0,0.0,0.5
2293.0333,  1.00000000,1,0,0.0,0.5
2293.0667,  1.00000000,1,0,0.0,0.5
2293.1000,  1.00000000,1,0,0.0,0.5
2293.1333,  1.00000000,1,0,0.0,0.5
2293.1667,  1.00000000,1,0,0.0,0.5
2293.2000,  1.00000000,1,0,0.0,0.5
2293.2333,  1.00000000,1,0,0.0,0.5
2293.2667,  1.00000000,1,0,0.0,0.5
2293.3000,  1.00000000,1,0,0.0,0.5
2293.3333,  1.00000000,1,0,0.0,0.5
2293.3667,  1.00000000,1,0,0.0,0.5
2293.4000,  1.00000000,1,0,0.0,0.5
2293.4333,  1.00000000,1,0,0.0,0.5
2293.4667,  1.00000000,1,0,0.0,0.5
2293.5000,  1.00000000,1,0,0.0,0.5
2293.5333,  1.00000000,1,0,0.0,0.5
2293.5667,  1.00000000,1,0,0.0,0.5
2293.6000,  1.00000000,1,0,0.0,0.5
2293.6333,  1.00000000,1,0,0.0,0.5
2293.6667,  1.00000000,1,0,0.0,0.5
2293.7000,  1.00000000,1,0,0.0,0.5
2293.7333,  1.00000000,1,0,0.0,0.5
2293.7667,  1.00000000,1,0,0.0,0.5
2293.8000,  1.00000000,1,0,0.0,0.5
2293.8333,  1.00000000,1,0,0.0,0.5
2293.8667,  1.00000000,1,0,0.0,0.5
2293.9000,  1.00000000,1,0,0.0,0.5
2293.9333,  1.00000000,1,0,0.0,0.5
2293.9667,  1.00000000,1,0,0.0,0.5
2294.0000,  1.00000000,1,0,0.0,0.5
2294.0333,  1.00000000,1,0,0.0,0.5
2294.0667,  1.00000000,1,0,0.0,0.5
2294.1000,  1.00000000,1,0,0.0,0.5
2294.1333,  1.00000000,1,0,0.0,0.5
2294.1667,  1.00000000,1,0,0.0,0.5
2294.2000,  1.00000000,1,0,0.0,0.5
2294.2333,  1.00000000,1,0,0.0,0.5
2294.2667,  1.00000000,1,0,0.0,0.5
2294.3000,  1.00000000,1,0,0.0,0.5
2294.3333,  1.00000000,1,0,0.0,0.5
2294.3667,  1.00000000,1,0,0.0,0.5
2294.4000,  1.00000000,1,0,0.0,0.5
2294.4333,  1.00000000,1,0,0.0,0.5
2294.4667,  1.00000000,1,0,0.0,0.5
2294.5000,  1.00000000,1,0,0.0,0.5
2294.5333,  1.00000000,1,0,0.0,0.5
2294.5667,  1.00000000,1,0,0.0,0.5
2294.6000,  1.00000000,1,0,0.0,0.5
2294.6333,  1.00000000,1,0,0.0,0.5
2294.6667,  1.00000000,1,0,0.0,0.5
2294.7000,  1.00000000,1,0,0.0,0.5
2294.7333,  1.00000000,1,0,0.0,0.5
2294.7667,  1.00000000,1,0,0.0,0.5
2294.8000,  1.00000000,1,0,0.0,0.5
2294.8333,  1.00000000,1,0,0.0,0.5
2294.8667,  1.00000000,1,0,0.0,0.5
2294.9000,  1.00000000,1,0,0.0,0.5
2294.9333,  1.00000000,1,0,0.0,0.5
2294.9667,  1.00000000,1,0,0.0,0.5
2295.0000,  1.00000000,1,0,0.0,0.5
2295.0333,  1.00000000,1,0,0.0,0.5
2295.0667,  1.00000000,1,0,0.0,0.5
2295.1000,  1.00000000,1,0,0.0,0.5
2295.1333,  1.00000000,1,0,0.0,0.5
2295.1667,  1.00000000,1,0,0.0,0.5
2295.2000,  1.00000000,1,0,0.0,0.5
2295.2333,  1.00000000,1,0,0.0,0.5
2295.2667,  1.00000000,1,0,0.025000000000000001,0.5
2295.3000,  1.00000000,1,0,0.0,0.5
2295.3333,  1.00000000,1,0,0.0,0.5
2295.3667,  1.00000000,1,0,0.0,0.5
2295.4000,  1.00000000,1,0,0.0,0.5
2295.4333,  1.00000000,1,0,0.0,0.5
2295.4667,  1.00000000,1,0,0.0,0.5
2295.5000,  1.00000000,1,0,0.0,0.5
2295.5333,  1.00000000,1,0,0.0,0.5
2295.5667,  1.00000000,1,0,0.0,0.5
2295.6000,  1.00000000,1,0,0.0,0.5
2295.6333,  1.00000000,1,0,0.0,0.5
2295.6667,  1.00000000,1,0,0.0,0.5
2295.7000,  1.00000000,1,0,0.0,0.5
2295.7333,  1.00000000,1,0,0.0,0.5
2295.7667,  1.00000000,1,0,0.0,0.5
2295.8000,  1.00000000,1,0,0.0,0.5
2295.8333,  1.00000000,1,0,0.0,0.5
2295.8667,  1.00000000,1,0,0.0,0.5
2295.9000,  1.00000000,1,0,0.0,0.5
2295.9333,  1.00000000,1,0,0.0,0.5
2295.9667,  1.00000000,1,0,0.0,0.5
2296.0000,  1.00000000,1,0,0.0,0.5
2296.0333,  1.00000000,1,0,0.0,0.5
2296.0667,  1.00000000,1,0,0.0,0.5
2296.1000,  1.00000000,1,0,0.0,0.5
2296.1333,  1.00000000,1,0,0.0,0.5
2296.1667,  1.00000000,1,0,0.0,0.5
2296.2000,  1.00000000,1,0,0.050000000000000003,0.5
2296.2333,  1.00000000,1,0,0.0,0.5
2296.2667,  1.00000000,1,0,0.0,0.5
2296.3000,  1.00000000,1,0,0.0,0.5
2296.3333,  1.00000000,1,0,0.0,0.5
2296.3667,  1.00000000,1,0,0.0,0.5
2296.4000,  1.00000000,1,0,0.0,0.5
2296.4333,  1.00000000,1,0,0.025000000000000001,0.5
2296.4667,  1.00000000,1,0,0.0,0.5
2296.5000,  1.00000000,1,0,0.0,0.5
2296.5333,  1.00000000,1,0,0.0,0.5
2296.5667,  1.00000000,1,0,0.0,0.5
2296.6000,  1.00000000,1,0,0.0,0.5
2296.6333,  1.00000000,1,0,0.0,0.5
2296.6667,  1.00000000,1,0,0.0,0.5
2296.7000,  1.00000000,1,0,0.0,0.5
2296.7333,  1.00000000,1,0,0.0,0.5
2296.7667,  1.00000000,1,0,0.0,0.5
2296.8000,  1.00000000,1,0,0.0,0.5
2296.8333,  1.00000000,1,0,0.0,0.5
2296.8667,  1.00000000,1,0,0.0,0.5
2296.9000,  1.00000000,1,0,0.0,0.5
2296.9333,  1.00000000,1,0,0.025000000000000001,0.5
2296.9667,  1.00000000,1,0,0.0,0.5
2297.0000,  1.00000000,1,0,0.0,0.5
2297.0333,  1.00000000,1,0,0.0,0.5
2297.0667,  1.00000000,1,0,0.0,0.5
2297.1000,  1.00000000,1,0,0.0,0.5
2297.1333,  1.00000000,1,0,0.0,0.5
2297.1667,  1.00000000,1,0,0.0,0.5
2297.2000,  1.00000000,1,0,0.0,0.5
2297.2333,  1.00000000,1,0,0.0,0.5
2297.2667,  1.00000000,1,0,0.0,0.5
2297.3000,  1.00000000,1,0,0.0,0.5
2297.3333,  1.00000000,1,0,0.0,0.5
2297.3667,  1.00000000,1,0,0.0,0.5
2297.4000,  1.00000000,1,0,0.0,0.5
2297.4333,  1.00000000,1,0,0.0,0.5
2297.4667,  1.00000000,1,0,0.0,0.5
2297.5000,  1.00000000,1,0,0.0,0.5
2297.5333,  1.00000000,1,0,0.0,0.5
2297.5667,  1.00000000,1,0,0.0,0.5
2297.6000,  1.00000000,1,0,0.0,0.5
2297.6333,  1.00000000,1,0,0.0,0.5
2297.6667,  1.00000000,1,0,0.025000000000000001,0.5
2297.7000,  1.00000000,1,0,0.0,0.5
2297.7333,  1.00000000,1,0,0.0,0.5
2297.7667,  1.00000000,1,0,0.0,0.5
2297.8000,  1.00000000,1,0,0.0,0.5
2297.8333,  1.00000000,1,0,0.0,0.5
2297.8667,  1.00000000,1,0,0.0,0.5
2297.9000,  1.00000000,1,0,0.025000000000000001,0.5
2297.9333,  1.00000000,1,0,0.0,0.5
2297.9667,  1.00000000,1,0,0.0,0.5
2298.0000,  1.00000000,1,0,0.0,0.5
2298.0333,  1.00000000,1,0,0.0,0.5
2298.0667,  1.00000000,1,0,0.0,0.5
2298.1000,  1.00000000,1,0,0.0,0.5
2298.1333,  1.00000000,1,0,0.0,0.5
2298.1667,  1.00000000,1,0,0.0,0.5
2298.2000,  1.00000000,1,0,0.0,0.5
2298.2333,  1.00000000,1,0,0.0,0.5
2298.2667,  1.00000000,1,0,0.0,0.5
2298.3000,  1.00000000,1,0,0.0,0.5
2298.3333,  1.00000000,1,0,0.0,0.5
2298.3667,  1.00000000,1,0,0.0,0.5
2298.4000,  1.00000000,1,0,0.0,0.5
2298.4333,  1.00000000,1,0,0.0,0.5
2298.4667,  1.00000000,1,0,0.0,0.5
2298.5000,  1.00000000,1,0,0.0,0.5
2298.5333,  1.00000000,1,0,0.0,0.5
2298.5667,  1.00000000,1,0,0.0,0.5
2298.6000,  1.00000000,1,0,0.0,0.5
2298.6333,  1.00000000,1,0,0.0,0.5
2298.6667,  1.00000000,1,0,0.0,0.5
2298.7000,  1.00000000,1,0,0.0,0.5
2298.7333,  1.00000000,1,0,0.0,0.5
2298.7667,  1.00000000,1,0,0.0,0.5
2298.8000,  1.00000000,1,0,0.0,0.5
2298.8333,  1.00000000,1,0,0.0,0.5
2298.8667,  1.00000000,1,0,0.0,0.5
2298.9000,  1.00000000,1,0,0.0,0.5
2298.9333,  1.00000000,1,0,0.0,0.5
2298.9667,  1.00000000,1,0,0.0,0.5
2299.0000,  1.00000000,1,0,0.0,0.5
2299.0333,  1.00000000,1,0,0.025000000000000001,0.5
2299.0667,  1.00000000,1,0,0.0,0.5
2299.1000,  1.00000000,1,0,0.0,0.5
2299.1333,  1.00000000,1,0,0.0,0.5
2299.1667,  1.00000000,1,0,0.0,0.5
2299.2000,  1.00000000,1,0,0.0,0.5
2299.2333,  1.00000000,1,0,0.0,0.5
2299.2667,  1.00000000,1,0,0.0,0.5
2299.3000,  1.00000000,1,0,0.0,0.5
2299.3333,  1.00000000,1,0,0.0,0.5
2299.3667,  1.00000000,1,0,0.0,0.5
2299.4000,  1.00000000,1,0,0.0,0.5
2299.4333,  1.00000000,1,0,0.0,0.5
2299.4667,  1.00000000,1,0,0.0,0.5
2299.5000,  1.00000000,1,0,0.0,0.5
2299.5333,  1.00000000,1,0,0.0,0.5
2299.5667,  1.00000000,1,0,0.0,0.5
2299.6000,  1.00000000,1,0,0.0,0.5
2299.6333,  1.00000000,1,0,0.0,0.5
2299.6667,  1.00000000,1,0,0.0,0.5
2299.7000,  1.00000000,1,0,0.0,0.5
2299.7333,  1.00000000,1,0,0.0,0.5
2299.7667,  1.00000000,1,0,0.0,0.5
2299.8000,  1.00000000,1,0,0.0,0.5
2299.8333,  1.00000000,1,0,0.0,0.5
2299.8667,  1.00000000,1,0,0.0,0.5
2299.9000,  1.00000000,1,0,0.0,0.5
2299.9333,  1.00000000,1,0,0.0,0.5
2299.9667,  1.00000000,1,0,0.0,0.5
2300.0000,  1.00000000,1,0,0.0,0.5
2300.0333,  1.00000000,1,0,0.0,0.5
2300.0667,  1.00000000,1,0,0.0,0.5
2300.1000,  1.00000000,1,0,0.0,0.5
2300.1333,  1.00000000,1,0,0.0,0.5
2300.1667,  1.00000000,1,0,0.0,0.5
2300.2000,  1.00000000,1,0,0.0,0.5
2300.2333,  1.00000000,1,0,0.0,0.5
2300.2667,  1.00000000,1,0,0.0,0.5
2300.3000,  1.00000000,1,0,0.0,0.5
2300.3333,  1.00000000,1,0,0.0,0.5
2300.3667,  1.00000000,1,0,0.0,0.5
2300.4000,  1.00000000,1,0,0.0,0.5
2300.4333,  1.00000000,1,0,0.0,0.5
2300.4667,  1.00000000,1,0,0.0,0.5
2300.5000,  1.00000000,1,0,0.025000000000000001,0.5
2300.5333,  1.00000000,1,0,0.0,0.5
2300.5667,  1.00000000,1,0,0.0,0.5
2300.6000,  1.00000000,1,0,0.0,0.5
2300.6333,  1.00000000,1,0,0.0,0.5
2300.6667,  1.00000000,1,0,0.0,0.5
2300.7000,  1.00000000,1,0,0.0,0.5
2300.7333,  1.00000000,1,0,0.0,0.5
2300.7667,  1.00000000,1,0,0.0,0.5
2300.8000,  1.00000000,1,0,0.0,0.5
2300.8333,  1.00000000,1,0,0.0,0.5
2300.8667,  1.00000000,1,0,0.0,0.5
2300.9000,  1.00000000,1,0,0.0,0.5
2300.9333,  1.00000000,1,0,0.0,0.5
2300.9667,  1.00000000,1,0,0.0,0.5
2301.0000,  1.00000000,1,0,0.0,0.5
2301.0333,  1.00000000,1,0,0.0,0.5
2301.0667,  1.00000000,1,0,0.0,0.5
2301.1000,  1.00000000,1,0,0.0,0.5
2301.1333,  1.00000000,1,0,0.0,0.5
2301.1667,  1.00000000,1,0,0.0,0.5
2301.2000,  1.00000000,1,0,0.0,0.5
2301.2333,  1.00000000,1,0,0.0,0.5
2301.2667,  1.00000000,1,0,0.0,0.5
2301.3000,  1.00000000,1,0,0.0,0.5
2301.3333,  1.00000000,1,0,0.0,0.5
2301.3667,  1.00000000,1,0,0.0,0.5
2301.4000,  1.00000000,1,0,0.0,0.5
2301.4333,  1.00000000,1,0,0.0,0.5
2301.4667,  1.00000000,1,0,0.0,0.5
2301.5000,  1.00000000,1,0,0.0,0.5
2301.5333,  1.00000000,1,0,0.0,0.5
2301.5667,  1.00000000,1,0,0.0,0.5
2301.6000,  1.00000000,1,0,0.0,0.5
2301.6333,  1.00000000,1,0,0.0,0.5
2301.6667,  1.00000000,1,0,0.0,0.5
2301.7000,  1.00000000,1,0,0.0,0.5
2301.7333,  1.00000000,1,0,0.0,0.5
2301.7667,  1.00000000,1,0,0.0,0.5
2301.8000,  1.00000000,1,0,0.0,0.5
2301.8333,  1.00000000,1,0,0.0,0.5
2301.8667,  1.00000000,1,0,0.0,0.5
2301.9000,  1.00000000,1,0,0.0,0.5
2301.9333,  1.00000000,1,0,0.0,0.5
2301.9667,  1.00000000,1,0,0.0,0.5
2302.0000,  1.00000000,1,0,0.0,0.5
2302.0333,  1.00000000,1,0,0.0,0.5
2302.0667,  1.00000000,1,0,0.0,0.5
2302.1000,  1.00000000,1,0,0.0,0.5
2302.1333,  1.00000000,1,0,0.0,0.5
2302.1667,  1.00000000,1,0,0.0,0.5
2302.2000,  1.00000000,1,0,0.0,0.5
2302.2333,  1.00000000,1,0,0.0,0.5
2302.2667,  1.00000000,1,0,0.0,0.5
2302.3000,  1.00000000,1,0,0.0,0.5
2302.3333,  1.00000000,1,0,0.0,0.5
2302.3667,  1.00000000,1,0,0.0,0.5
2302.4000,  1.00000000,1,0,0.0,0.5
2302.4333,  1.00000000,1,0,0.025000000000000001,0.5
2302.4667,  1.00000000,1,0,0.0,0.5
2302.5000,  1.00000000,1,0,0.0,0.5
2302.5333,  1.00000000,1,0,0.0,0.5
2302.5667,  1.00000000,1,0,0.0,0.5
2302.6000,  1.00000000,1,0,0.0,0.5
2302.6333,  1.00000000,1,0,0.0,0.5
2302.6667,  1.00000000,1,0,0.0,0.5
2302.7000,  1.00000000,1,0,0.0,0.5
2302.7333,  1.00000000,1,0,0.025000000000000001,0.5
2302.7667,  1.00000000,1,0,0.0,0.5
2302.8000,  1.00000000,1,0,0.0,0.5
2302.8333,  1.00000000,1,0,0.0,0.5
2302.8667,  1.00000000,1,0,0.0,0.5
2302.9000,  1.00000000,1,0,0.0,0.5
2302.9333,  1.00000000,1,0,0.0,0.5
2302.9667,  1.00000000,1,0,0.0,0.5
2303.0000,  1.00000000,1,0,0.0,0.5
2303.0333,  1.00000000,1,0,0.0,0.5
2303.0667,  1.00000000,1,0,0.0,0.5
2303.1000,  1.00000000,1,0,0.0,0.5
2303.1333,  1.00000000,1,0,0.0,0.5
2303.1667,  1.00000000,1,0,0.0,0.5
2303.2000,  1.00000000,1,0,0.0,0.5
2303.2333,  1.00000000,1,0,0.0,0.5
2303.2667,  1.00000000,1,0,0.0,0.5
2303.3000,  1.00000000,1,0,0.0,0.5
2303.3333,  1.00000000,1,0,0.0,0.5
2303.3667,  1.00000000,1,0,0.0,0.5
2303.4000,  1.00000000,1,0,0.0,0.5
2303.4333,  1.00000000,1,0,0.0,0.5
2303.4667,  1.00000000,1,0,0.0,0.5
2303.5000,  1.00000000,1,0,0.0,0.5
2303.5333,  1.00000000,1,0,0.0,0.5
2303.5667,  1.00000000,1,0,0.0,0.5
2303.6000,  1.00000000,1,0,0.0,0.5
2303.6333,  1.00000000,1,0,0.0,0.5
2303.6667,  1.00000000,1,0,0.0,0.5
2303.7000,  1.00000000,1,0,0.0,0.5
2303.7333,  1.00000000,1,0,0.0,0.5
2303.7667,  1.00000000,1,0,0.0,0.5
2303.8000,  1.00000000,1,0,0.0,0.5
2303.8333,  1.00000000,1,0,0.0,0.5
2303.8667,  1.00000000,1,0,0.0,0.5
2303.9000,  1.00000000,1,0,0.0,0.5
2303.9333,  1.00000000,1,0,0.0,0.5
2303.9667,  1.00000000,1,0,0.0,0.5
2304.0000,  1.00000000,1,0,0.0,0.5
2304.0333,  1.00000000,1,0,0.0,0.5
2304.0667,  1.00000000,1,0,0.0,0.5
2304.1000,  1.00000000,1,0,0.0,0.5
2304.1333,  1.00000000,1,0,0.0,0.5
2304.1667,  1.00000000,1,0,0.0,0.5
2304.2000,  1.00000000,1,0,0.0,0.5
2304.2333,  1.00000000,1,0,0.0,0.5
2304.2667,  1.00000000,1,0,0.0,0.5
2304.3000,  1.00000000,1,0,0.025000000000000001,0.5
2304.3333,  1.00000000,1,0,0.0,0.5
2304.3667,  1.00000000,1,0,0.025000000000000001,0.5
2304.4000,  1.00000000,1,0,0.0,0.5
2304.4333,  1.00000000,1,0,0.0,0.5
2304.4667,  1.00000000,1,0,0.0,0.5
2304.5000,  1.00000000,1,0,0.0,0.5
2304.5333,  1.00000000,1,0,0.0,0.5
2304.5667,  1.00000000,1,0,0.0,0.5
2304.6000,  1.00000000,1,0,0.0,0.5
2304.6333,  1.00000000,1,0,0.0,0.5
2304.6667,  1.00000000,1,0,0.0,0.5
2304.7000,  1.00000000,1,0,0.0,0.5
2304.7333,  1.00000000,1,0,0.0,0.5
2304.7667,  1.00000000,1,0,0.0,0.5
2304.8000,  1.00000000,1,0,0.0,0.5
2304.8333,  1.00000000,1,0,0.0,0.5
2304.8667,  1.00000000,1,0,0.0,0.5
2304.9000,  1.00000000,1,0,0.0,0.5
2304.9333,  1.00000000,1,0,0.0,0.5
2304.9667,  1.00000000,1,0,0.0,0.5
2305.0000,  1.00000000,1,0,0.0,0.5
2305.0333,  1.00000000,1,0,0.0,0.5
2305.0667,  1.00000000,1,0,0.0,0.5
2305.1000,  1.00000000,1,0,0.0,0.5
2305.1333,  1.00000000,1,0,0.0,0.5
2305.1667,  1.00000000,1,0,0.0,0.5
2305.2000,  1.00000000,1,0,0.0,0.5
2305.2333,  1.00000000,1,0,0.0,0.5
2305.2667,  1.00000000,1,0,0.0,0.5
2305.3000,  1.00000000,1,0,0.0,0.5
2305.3333,  1.00000000,1,0,0.0,0.5
2305.3667,  1.00000000,1,0,0.0,0.5
2305.4000,  1.00000000,1,0,0.0,0.5
2305.4333,  1.00000000,1,0,0.0,0.5
2305.4667,  1.00000000,1,0,0.0,0.5
2305.5000,  1.00000000,1,0,0.0,0.5
2305.5333,  1.00000000,1,0,0.0,0.5
2305.5667,  1.00000000,1,0,0.0,0.5
2305.6000,  1.00000000,1,0,0.0,0.5
2305.6333,  1.00000000,1,0,0.0,0.5
2305.6667,  1.00000000,1,0,0.0,0.5
2305.7000,  1.00000000,1,0,0.0,0.5
2305.7333,  1.00000000,1,0,0.0,0.5
2305.7667,  1.00000000,1,0,0.0,0.5
2305.8000,  1.00000000,1,0,0.0,0.5
2305.8333,  1.00000000,1,0,0.0,0.5
2305.8667,  1.00000000,1,0,0.0,0.5
2305.9000,  1.00000000,1,0,0.0,0.5
2305.9333,  1.00000000,1,0,0.0,0.5
2305.9667,  1.00000000,1,0,0.0,0.5
2306.0000,  1.00000000,1,0,0.0,0.5
2306.0333,  1.00000000,1,0,0.0,0.5
2306.0667,  1.00000000,1,0,0.0,0.5
2306.1000,  1.00000000,1,0,0.0,0.5
2306.1333,  1.00000000,1,0,0.0,0.5
2306.1667,  1.00000000,1,0,0.0,0.5
2306.2000,  1.00000000,1,0,0.0,0.5
2306.2333,  1.00000000,1,0,0.0,0.5
2306.2667,  1.00000000,1,0,0.0,0.5
2306.3000,  1.00000000,1,0,0.025000000000000001,0.5
2306.3333,  1.00000000,1,0,0.0,0.5
2306.3667,  1.00000000,1,0,0.0,0.5
2306.4000,  1.00000000,1,0,0.0,0.5
2306.4333,  1.00000000,1,0,0.0,0.5
2306.4667,  1.00000000,1,0,0.0,0.5
2306.5000,  1.00000000,1,0,0.0,0.5
2306.5333,  1.00000000,1,0,0.0,0.5
2306.5667,  1.00000000,1,0,0.0,0.5
2306.6000,  1.00000000,1,0,0.0,0.5
2306.6333,  1.00000000,1,0,0.0,0.5
2306.6667,  1.00000000,1,0,0.0,0.5
2306.7000,  1.00000000,1,0,0.0,0.5
2306.7333,  1.00000000,1,0,0.0,0.5
2306.7667,  1.00000000,1,0,0.0,0.5
2306.8000,  1.00000000,1,0,0.0,0.5
2306.8333,  1.00000000,1,0,0.0,0.5
2306.8667,  1.00000000,1,0,0.0,0.5
2306.9000,  1.00000000,1,0,0.0,0.5
2306.9333,  1.00000000,1,0,0.0,0.5
2306.9667,  1.00000000,1,0,0.0,0.5
2307.0000,  1.00000000,1,0,0.0,0.5
2307.0333,  1.00000000,1,0,0.0,0.5
2307.0667,  1.00000000,1,0,0.0,0.5
2307.1000,  1.00000000,1,0,0.0,0.5
2307.1333,  1.00000000,1,0,0.0,0.5
2307.1667,  1.00000000,1,0,0.0,0.5
2307.2000,  1.00000000,1,0,0.0,0.5
2307.2333,  1.00000000,1,0,0.0,0.5
2307.2667,  1.00000000,1,0,0.0,0.5
2307.3000,  1.00000000,1,0,0.025000000000000001,0.5
2307.3333,  1.00000000,1,0,0.0,0.5
2307.3667,  1.00000000,1,0,0.0,0.5
2307.4000,  1.00000000,1,0,0.0,0.5
2307.4333,  1.00000000,1,0,0.0,0.5
2307.4667,  1.00000000,1,0,0.0,0.5
2307.5000,  1.00000000,1,0,0.0,0.5
2307.5333,  1.00000000,1,0,0.0,0.5
2307.5667,  1.00000000,1,0,0.0,0.5
2307.6000,  1.00000000,1,0,0.0,0.5
2307.6333,  1.00000000,1,0,0.0,0.5
2307.6667,  1.00000000,1,0,0.0,0.5
2307.7000,  1.00000000,1,0,0.0,0.5
2307.7333,  1.00000000,1,0,0.0,0.5
2307.7667,  1.00000000,1,0,0.0,0.5
2307.8000,  1.00000000,1,0,0.0,0.5
2307.8333,  1.00000000,1,0,0.0,0.5
2307.8667,  1.00000000,1,0,0.0,0.5
2307.9000,  1.00000000,1,0,0.0,0.5
2307.9333,  1.00000000,1,0,0.0,0.5
2307.9667,  1.00000000,1,0,0.0,0.5
2308.0000,  1.00000000,1,0,0.0,0.5
2308.0333,  1.00000000,1,0,0.0,0.5
2308.0667,  1.00000000,1,0,0.0,0.5
2308.1000,  1.00000000,1,0,0.0,0.5
2308.1333,  1.00000000,1,0,0.0,0.5
2308.1667,  1.00000000,1,0,0.0,0.5
2308.2000,  1.00000000,1,0,0.0,0.5
2308.2333,  1.00000000,1,0,0.0,0.5
2308.2667,  1.00000000,1,0,0.0,0.5
2308.3000,  1.00000000,1,0,0.0,0.5
2308.3333,  1.00000000,1,0,0.0,0.5
2308.3667,  1.00000000,1,0,0.0,0.5
2308.4000,  1.00000000,1,0,0.0,0.5
2308.4333,  1.00000000,1,0,0.0,0.5
2308.4667,  1.00000000,1,0,0.0,0.5
2308.5000,  1.00000000,1,0,0.0,0.5
2308.5333,  1.00000000,1,0,0.0,0.5
2308.5667,  1.00000000,1,0,0.0,0.5
2308.6000,  1.00000000,1,0,0.0,0.5
2308.6333,  1.00000000,1,0,0.0,0.5
2308.6667,  1.00000000,1,0,0.0,0.5
2308.7000,  1.00000000,1,0,0.0,0.5
2308.7333,  1.00000000,1,0,0.0,0.5
2308.7667,  1.00000000,1,0,0.0,0.5
2308.8000,  1.00000000,1,0,0.0,0.5
2308.8333,  1.00000000,1,0,0.0,0.5
2308.8667,  1.00000000,1,0,0.0,0.5
2308.9000,  1.00000000,1,0,0.0,0.5
2308.9333,  1.00000000,1,0,0.0,0.5
2308.9667,  1.00000000,1,0,0.0,0.5
2309.0000,  1.00000000,1,0,0.0,0.5
2309.0333,  1.00000000,1,0,0.0,0.5
2309.0667,  1.00000000,1,0,0.0,0.5
2309.1000,  1.00000000,1,0,0.0,0.5
2309.1333,  1.00000000,1,0,0.0,0.5
2309.1667,  1.00000000,1,0,0.0,0.5
2309.2000,  1.00000000,1,0,0.0,0.5
2309.2333,  1.00000000,1,0,0.0,0.5
2309.2667,  1.00000000,1,0,0.025000000000000001,0.5
2309.3000,  1.00000000,1,0,0.0,0.5
2309.3333,  1.00000000,1,0,0.0,0.5
2309.3667,  1.00000000,1,0,0.0,0.5
2309.4000,  1.00000000,1,0,0.0,0.5
2309.4333,  1.00000000,1,0,0.0,0.5
2309.4667,  1.00000000,1,0,0.0,0.5
2309.5000,  1.00000000,1,0,0.0,0.5
2309.5333,  1.00000000,1,0,0.0,0.5
2309.5667,  1.00000000,1,0,0.0,0.5
2309.6000,  1.00000000,1,0,0.0,0.5
2309.6333,  1.00000000,1,0,0.0,0.5
2309.6667,  1.00000000,1,0,0.0,0.5
2309.7000,  1.00000000,1,0,0.0,0.5
2309.7333,  1.00000000,1,0,0.0,0.5
2309.7667,  1.00000000,1,0,0.0,0.5
2309.8000,  1.00000000,1,0,0.0,0.5
2309.8333,  1.00000000,1,0,0.0,0.5
2309.8667,  1.00000000,1,0,0.0,0.5
2309.9000,  1.00000000,1,0,0.0,0.5
2309.9333,  1.00000000,1,0,0.0,0.5
2309.9667,  1.00000000,1,0,0.0,0.5
2310.0000,  1.00000000,1,0,0.0,0.5
2310.0333,  1.00000000,1,0,0.0,0.5
2310.0667,  1.00000000,1,0,0.0,0.5
2310.1000,  1.00000000,1,0,0.025000000000000001,0.5
2310.1333,  1.00000000,1,0,0.0,0.5
2310.1667,  1.00000000,1,0,0.0,0.5
2310.2000,  1.00000000,1,0,0.0,0.5
2310.2333,  1.00000000,1,0,0.0,0.5
2310.2667,  1.00000000,1,0,0.0,0.5
2310.3000,  1.00000000,1,0,0.0,0.5
2310.3333,  1.00000000,1,0,0.0,0.5
2310.3667,  1.00000000,1,0,0.0,0.5
2310.4000,  1.00000000,1,0,0.0,0.5
2310.4333,  1.00000000,1,0,0.0,0.5
2310.4667,  1.00000000,1,0,0.0,0.5
2310.5000,  1.00000000,1,0,0.0,0.5
2310.5333,  1.00000000,1,0,0.0,0.5
2310.5667,  1.00000000,1,0,0.0,0.5
2310.6000,  1.00000000,1,0,0.0,0.5
2310.6333,  1.00000000,1,0,0.0,0.5
2310.6667,  1.00000000,1,0,0.0,0.5
2310.7000,  1.00000000,1,0,0.0,0.5
2310.7333,  1.00000000,1,0,0.0,0.5
2310.7667,  1.00000000,1,0,0.0,0.5
2310.8000,  1.00000000,1,0,0.0,0.5
2310.8333,  1.00000000,1,0,0.0,0.5
2310.8667,  1.00000000,1,0,0.0,0.5
2310.9000,  1.00000000,1,0,0.0,0.5
2310.9333,  1.00000000,1,0,0.0,0.5
2310.9667,  1.00000000,1,0,0.0,0.5
2311.0000,  1.00000000,1,0,0.0,0.5
2311.0333,  1.00000000,1,0,0.0,0.5
2311.0667,  1.00000000,1,0,0.0,0.5
2311.1000,  1.00000000,1,0,0.0,0.5
2311.1333,  1.00000000,1,0,0.0,0.5
2311.1667,  1.00000000,1,0,0.0,0.5
2311.2000,  1.00000000,1,0,0.0,0.5
2311.2333,  1.00000000,1,0,0.0,0.5
2311.2667,  1.00000000,1,0,0.0,0.5
2311.3000,  1.00000000,1,0,0.0,0.5
2311.3333,  1.00000000,1,0,0.0,0.5
2311.3667,  1.00000000,1,0,0.0,0.5
2311.4000,  1.00000000,1,0,0.0,0.5
2311.4333,  1.00000000,1,0,0.0,0.5
2311.4667,  1.00000000,1,0,0.025000000000000001,0.5
2311.5000,  1.00000000,1,0,0.0,0.5
2311.5333,  1.00000000,1,0,0.0,0.5
2311.5667,  1.00000000,1,0,0.0,0.5
2311.6000,  1.00000000,1,0,0.0,0.5
2311.6333,  1.00000000,1,0,0.0,0.5
2311.6667,  1.00000000,1,0,0.0,0.5
2311.7000,  1.00000000,1,0,0.0,0.5
2311.7333,  1.00000000,1,0,0.0,0.5
2311.7667,  1.00000000,1,0,0.0,0.5
2311.8000,  1.00000000,1,0,0.0,0.5
2311.8333,  1.00000000,1,0,0.0,0.5
2311.8667,  1.00000000,1,0,0.0,0.5
2311.9000,  1.00000000,1,0,0.0,0.5
2311.9333,  1.00000000,1,0,0.0,0.5
2311.9667,  1.00000000,1,0,0.0,0.5
2312.0000,  1.00000000,1,0,0.0,0.5
2312.0333,  1.00000000,1,0,0.0,0.5
2312.0667,  1.00000000,1,0,0.0,0.5
2312.1000,  1.00000000,1,0,0.0,0.5
2312.1333,  1.00000000,1,0,0.0,0.5
2312.1667,  1.00000000,1,0,0.0,0.5
2312.2000,  1.00000000,1,0,0.0,0.5
2312.2333,  1.00000000,1,0,0.0,0.5
2312.2667,  1.00000000,1,0,0.0,0.5
2312.3000,  1.00000000,1,0,0.0,0.5
2312.3333,  1.00000000,1,0,0.025000000000000001,0.5
2312.3667,  1.00000000,1,0,0.0,0.5
2312.4000,  1.00000000,1,0,0.0,0.5
2312.4333,  1.00000000,1,0,0.0,0.5
2312.4667,  1.00000000,1,0,0.0,0.5
2312.5000,  1.00000000,1,0,0.0,0.5
2312.5333,  1.00000000,1,0,0.025000000000000001,0.5
2312.5667,  1.00000000,1,0,0.0,0.5
2312.6000,  1.00000000,1,0,0.0,0.5
2312.6333,  1.00000000,1,0,0.0,0.5
2312.6667,  1.00000000,1,0,0.0,0.5
2312.7000,  1.00000000,1,0,0.025000000000000001,0.5
2312.7333,  1.00000000,1,0,0.0,0.5
2312.7667,  1.00000000,1,0,0.0,0.5
2312.8000,  1.00000000,1,0,0.0,0.5
2312.8333,  1.00000000,1,0,0.0,0.5
2312.8667,  1.00000000,1,0,0.0,0.5
2312.9000,  1.00000000,1,0,0.0,0.5
2312.9333,  1.00000000,1,0,0.0,0.5
2312.9667,  1.00000000,1,0,0.0,0.5
2313.0000,  1.00000000,1,0,0.0,0.5
2313.0333,  1.00000000,1,0,0.0,0.5
2313.0667,  1.00000000,1,0,0.0,0.5
2313.1000,  1.00000000,1,0,0.0,0.5
2313.1333,  1.00000000,1,0,0.0,0.5
2313.1667,  1.00000000,1,0,0.025000000000000001,0.5
2313.2000,  1.00000000,1,0,0.0,0.5
2313.2333,  1.00000000,1,0,0.0,0.5
2313.2667,  1.00000000,1,0,0.025000000000000001,0.5
2313.3000,  1.00000000,1,0,0.025000000000000001,0.5
2313.3333,  1.00000000,1,0,0.0,0.5
2313.3667,  1.00000000,1,0,0.0,0.5
2313.4000,  1.00000000,1,0,0.0,0.5
2313.4333,  1.00000000,1,0,0.0,0.5
2313.4667,  1.00000000,1,0,0.0,0.5
2313.5000,  1.00000000,1,0,0.0,0.5
2313.5333,  1.00000000,1,0,0.0,0.5
2313.5667,  1.00000000,1,0,0.025000000000000001,0.5
2313.6000,  1.00000000,1,0,0.0,0.5
2313.6333,  1.00000000,1,0,0.0,0.5
2313.6667,  1.00000000,1,0,0.0,0.5
2313.7000,  1.00000000,1,0,0.025000000000000001,0.5
2313.7333,  1.00000000,1,0,0.0,0.5
2313.7667,  1.00000000,1,0,0.0,0.5
2313.8000,  1.00000000,1,0,0.0,0.5
2313.8333,  1.00000000,1,0,0.025000000000000001,0.5
2313.8667,  1.00000000,1,0,0.0,0.5
2313.9000,  1.00000000,1,0,0.0,0.5
2313.9333,  1.00000000,1,0,0.0,0.5
2313.9667,  1.00000000,1,0,0.0,0.5
2314.0000,  1.00000000,1,0,0.0,0.5
2314.0333,  1.00000000,1,0,0.0,0.5
2314.0667,  1.00000000,1,0,0.0,0.5
2314.1000,  1.00000000,1,0,0.0,0.5
2314.1333,  1.00000000,1,0,0.0,0.5
2314.1667,  1.00000000,1,0,0.0,0.5
2314.2000,  1.00000000,1,0,0.0,0.5
2314.2333,  1.00000000,1,0,0.0,0.5
2314.2667,  1.00000000,1,0,0.0,0.5
2314.3000,  1.00000000,1,0,0.025000000000000001,0.5
2314.3333,  1.00000000,1,0,0.0,0.5
2314.3667,  1.00000000,1,0,0.0,0.5
2314.4000,  1.00000000,1,0,0.0,0.5
2314.4333,  1.00000000,1,0,0.0,0.5
2314.4667,  1.00000000,1,0,0.0,0.5
2314.5000,  1.00000000,1,0,0.0,0.5
2314.5333,  1.00000000,1,0,0.0,0.5
2314.5667,  1.00000000,1,0,0.025000000000000001,0.5
2314.6000,  1.00000000,1,0,0.0,0.5
2314.6333,  1.00000000,1,0,0.0,0.5
2314.6667,  1.00000000,1,0,0.0,0.5
2314.7000,  1.00000000,1,0,0.0,0.5
2314.7333,  1.00000000,1,0,0.0,0.5
2314.7667,  1.00000000,1,0,0.025000000000000001,0.5
2314.8000,  1.00000000,1,0,0.0,0.5
2314.8333,  1.00000000,1,0,0.0,0.5
2314.8667,  1.00000000,1,0,0.0,0.5
2314.9000,  1.00000000,1,0,0.0,0.5
2314.9333,  1.00000000,1,0,0.0,0.5
2314.9667,  1.00000000,1,0,0.0,0.5
2315.0000,  1.00000000,1,0,0.0,0.5
2315.0333,  1.00000000,1,0,0.050000000000000003,0.5
2315.0667,  1.00000000,1,0,0.0,0.5
2315.1000,  1.00000000,1,0,0.0,0.5
2315.1333,  1.00000000,1,0,0.0,0.5
2315.1667,  1.00000000,1,0,0.025000000000000001,0.5
2315.2000,  1.00000000,1,0,0.0,0.5
2315.2333,  1.00000000,1,0,0.0,0.5
2315.2667,  1.00000000,1,0,0.0,0.5
2315.3000,  1.00000000,1,0,0.0,0.5
2315.3333,  1.00000000,1,0,0.0,0.5
2315.3667,  1.00000000,1,0,0.0,0.5
2315.4000,  1.00000000,1,0,0.0,0.5
2315.4333,  1.00000000,1,0,0.0,0.5
2315.4667,  1.00000000,1,0,0.0,0.5
2315.5000,  1.00000000,1,0,0.025000000000000001,0.5
2315.5333,  1.00000000,1,0,0.025000000000000001,0.5
2315.5667,  1.00000000,1,0,0.0,0.5
2315.6000,  1.00000000,1,0,0.0,0.5
2315.6333,  1.00000000,1,0,0.0,0.5
2315.6667,  1.00000000,1,0,0.025000000000000001,0.5
2315.7000,  1.00000000,1,0,0.0,0.5
2315.7333,  1.00000000,1,0,0.0,0.5
2315.7667,  1.00000000,1,0,0.0,0.5
2315.8000,  1.00000000,1,0,0.0,0.5
2315.8333,  1.00000000,1,0,0.0,0.5
2315.8667,  1.00000000,1,0,0.0,0.5
2315.9000,  1.00000000,1,0,0.0,0.5
2315.9333,  1.00000000,1,0,0.0,0.5
2315.9667,  1.00000000,1,0,0.0,0.5
2316.0000,  1.00000000,1,0,0.0,0.5
2316.0333,  1.00000000,1,0,0.0,0.5
2316.0667,  1.00000000,1,0,0.0,0.5
2316.1000,  1.00000000,1,0,0.0,0.5
2316.1333,  1.00000000,1,0,0.0,0.5
2316.1667,  1.00000000,1,0,0.0,0.5
2316.2000,  1.00000000,1,0,0.025000000000000001,0.5
2316.2333,  1.00000000,1,0,0.0,0.5
2316.2667,  1.00000000,1,0,0.0,0.5
2316.3000,  1.00000000,1,0,0.0,0.5
2316.3333,  1.00000000,1,0,0.0,0.5
2316.3667,  1.00000000,1,0,0.0,0.5
2316.4000,  1.00000000,1,0,0.0,0.5
2316.4333,  1.00000000,1,0,0.0,0.5
2316.4667,  1.00000000,1,0,0.0,0.5
2316.5000,  1.00000000,1,0,0.0,0.5
2316.5333,  1.00000000,1,0,0.0,0.5
2316.5667,  1.00000000,1,0,0.0,0.5
2316.6000,  1.00000000,1,0,0.0,0.5
2316.6333,  1.00000000,1,0,0.0,0.5
2316.6667,  1.00000000,1,0,0.0,0.5
2316.7000,  1.00000000,1,0,0.0,0.5
2316.7333,  1.00000000,1,0,0.0,0.5
2316.7667,  1.00000000,1,0,0.0,0.5
2316.8000,  1.00000000,1,0,0.0,0.5
2316.8333,  1.00000000,1,0,0.0,0.5
2316.8667,  1.00000000,1,0,0.0,0.5
2316.9000,  1.00000000,1,0,0.0,0.5
2316.9333,  1.00000000,1,0,0.0,0.5
2316.9667,  1.00000000,1,0,0.0,0.5
2317.0000,  1.00000000,1,0,0.025000000000000001,0.5
2317.0333,  1.00000000,1,0,0.0,0.5
2317.0667,  1.00000000,1,0,0.0,0.5
2317.1000,  1.00000000,1,0,0.0,0.5
2317.1333,  1.00000000,1,0,0.0,0.5
2317.1667,  1.00000000,1,0,0.0,0.5
2317.2000,  1.00000000,1,0,0.0,0.5
2317.2333,  1.00000000,1,0,0.0,0.5
2317.2667,  1.00000000,1,0,0.025000000000000001,0.5
2317.3000,  1.00000000,1,0,0.0,0.5
2317.3333,  1.00000000,1,0,0.0,0.5
2317.3667,  1.00000000,1,0,0.0,0.5
2317.4000,  1.00000000,1,0,0.0,0.5
2317.4333,  1.00000000,1,0,0.025000000000000001,0.5
2317.4667,  1.00000000,1,0,0.0,0.5
2317.5000,  1.00000000,1,0,0.0,0.5
2317.5333,  1.00000000,1,0,0.0,0.5
2317.5667,  1.00000000,1,0,0.0,0.5
2317.6000,  1.00000000,1,0,0.0,0.5
2317.6333,  1.00000000,1,0,0.025000000000000001,0.5
2317.6667,  1.00000000,1,0,0.0,0.5
2317.7000,  1.00000000,1,0,0.0,0.5
2317.7333,  1.00000000,1,0,0.0,0.5
2317.7667,  1.00000000,1,0,0.0,0.5
2317.8000,  1.00000000,1,0,0.0,0.5
2317.8333,  1.00000000,1,0,0.0,0.5
2317.8667,  1.00000000,1,0,0.0,0.5
2317.9000,  1.00000000,1,0,0.025000000000000001,0.5
2317.9333,  1.00000000,1,0,0.0,0.5
2317.9667,  1.00000000,1,0,0.0,0.5
2318.0000,  1.00000000,1,0,0.0,0.5
2318.0333,  1.00000000,1,0,0.0,0.5
2318.0667,  1.00000000,1,0,0.0,0.5
2318.1000,  1.00000000,1,0,0.0,0.5
2318.1333,  1.00000000,1,0,0.0,0.5
2318.1667,  1.00000000,1,0,0.0,0.5
2318.2000,  1.00000000,1,0,0.0,0.5
2318.2333,  1.00000000,1,0,0.0,0.5
2318.2667,  1.00000000,1,0,0.0,0.5
2318.3000,  1.00000000,1,0,0.0,0.5
2318.3333,  1.00000000,1,0,0.0,0.5
2318.3667,  1.00000000,1,0,0.0,0.5
2318.4000,  1.00000000,1,0,0.0,0.5
2318.4333,  1.00000000,1,0,0.0,0.5
2318.4667,  1.00000000,1,0,0.0,0.5
2318.5000,  1.00000000,1,0,0.0,0.5
2318.5333,  1.00000000,1,0,0.0,0.5
2318.5667,  1.00000000,1,0,0.0,0.5
2318.6000,  1.00000000,1,0,0.0,0.5
2318.6333,  1.00000000,1,0,0.0,0.5
2318.6667,  1.00000000,1,0,0.025000000000000001,0.5
2318.7000,  1.00000000,1,0,0.0,0.5
2318.7333,  1.00000000,1,0,0.0,0.5
2318.7667,  1.00000000,1,0,0.0,0.5
2318.8000,  1.00000000,1,0,0.0,0.5
2318.8333,  1.00000000,1,0,0.0,0.5
2318.8667,  1.00000000,1,0,0.0,0.5
2318.9000,  1.00000000,1,0,0.0,0.5
2318.9333,  1.00000000,1,0,0.0,0.5
2318.9667,  1.00000000,1,0,0.0,0.5
2319.0000,  1.00000000,1,0,0.0,0.5
2319.0333,  1.00000000,1,0,0.0,0.5
2319.0667,  1.00000000,1,0,0.0,0.5
2319.1000,  1.00000000,1,0,0.025000000000000001,0.5
2319.1333,  1.00000000,1,0,0.0,0.5
2319.1667,  1.00000000,1,0,0.0,0.5
2319.2000,  1.00000000,1,0,0.0,0.5
2319.2333,  1.00000000,1,0,0.0,0.5
2319.2667,  1.00000000,1,0,0.0,0.5
2319.3000,  1.00000000,1,0,0.0,0.5
2319.3333,  1.00000000,1,0,0.0,0.5
2319.3667,  1.00000000,1,0,0.0,0.5
2319.4000,  1.00000000,1,0,0.0,0.5
2319.4333,  1.00000000,1,0,0.0,0.5
2319.4667,  1.00000000,1,0,0.0,0.5
2319.5000,  1.00000000,1,0,0.0,0.5
2319.5333,  1.00000000,1,0,0.0,0.5
2319.5667,  1.00000000,1,0,0.0,0.5
2319.6000,  1.00000000,1,0,0.0,0.5
2319.6333,  1.00000000,1,0,0.0,0.5
2319.6667,  1.00000000,1,0,0.0,0.5
2319.7000,  1.00000000,1,0,0.0,0.5
2319.7333,  1.00000000,1,0,0.0,0.5
2319.7667,  1.00000000,1,0,0.025000000000000001,0.5
2319.8000,  1.00000000,1,0,0.0,0.5
2319.8333,  1.00000000,1,0,0.0,0.5
2319.8667,  1.00000000,1,0,0.0,0.5
2319.9000,  1.00000000,1,0,0.0,0.5
2319.9333,  1.00000000,1,0,0.0,0.5
2319.9667,  1.00000000,1,0,0.0,0.5
2320.0000,  1.00000000,1,0,0.0,0.5
2320.0333,  1.00000000,1,0,0.025000000000000001,0.5
2320.0667,  1.00000000,1,0,0.025000000000000001,0.5
2320.1000,  1.00000000,1,0,0.0,0.5
2320.1333,  1.00000000,1,0,0.050000000000000003,0.5
2320.1667,  1.00000000,1,0,0.0,0.5
2320.2000,  1.00000000,1,0,0.0,0.5
2320.2333,  1.00000000,1,0,0.0,0.5
2320.2667,  1.00000000,1,0,0.0,0.5
2320.3000,  1.00000000,1,0,0.0,0.5
2320.3333,  1.00000000,1,0,0.0,0.5
2320.3667,  1.00000000,1,0,0.0,0.5
2320.4000,  1.00000000,1,0,0.0,0.5
2320.4333,  1.00000000,1,0,0.0,0.5
2320.4667,  1.00000000,1,0,0.0,0.5
2320.5000,  1.00000000,1,0,0.0,0.5
2320.5333,  1.00000000,1,0,0.0,0.5
2320.5667,  1.00000000,1,0,0.0,0.5
2320.6000,  1.00000000,1,0,0.0,0.5
2320.6333,  1.00000000,1,0,0.0,0.5
2320.6667,  1.00000000,1,0,0.0,0.5
2320.7000,  1.00000000,1,0,0.0,0.5
2320.7333,  1.00000000,1,0,0.0,0.5
2320.7667,  1.00000000,1,0,0.0,0.5
2320.8000,  1.00000000,1,0,0.0,0.5
2320.8333,  1.00000000,1,0,0.0,0.5
2320.8667,  1.00000000,1,0,0.0,0.5
2320.9000,  1.00000000,1,0,0.0,0.5
2320.9333,  1.00000000,1,0,0.0,0.5
2320.9667,  1.00000000,1,0,0.0,0.5
2321.0000,  1.00000000,1,0,0.0,0.5
2321.0333,  1.00000000,1,0,0.0,0.5
2321.0667,  1.00000000,1,0,0.0,0.5
2321.1000,  1.00000000,1,0,0.0,0.5
2321.1333,  1.00000000,1,0,0.0,0.5
2321.1667,  1.00000000,1,0,0.0,0.5
2321.2000,  1.00000000,1,0,0.0,0.5
2321.2333,  1.00000000,1,0,0.0,0.5
2321.2667,  1.00000000,1,0,0.0,0.5
2321.3000,  1.00000000,1,0,0.0,0.5
2321.3333,  1.00000000,1,0,0.025000000000000001,0.5
2321.3667,  1.00000000,1,0,0.0,0.5
2321.4000,  1.00000000,1,0,0.0,0.5
2321.4333,  1.00000000,1,0,0.0,0.5
2321.4667,  1.00000000,1,0,0.0,0.5
2321.5000,  1.00000000,1,0,0.0,0.5
2321.5333,  1.00000000,1,0,0.0,0.5
2321.5667,  1.00000000,1,0,0.0,0.5
2321.6000,  1.00000000,1,0,0.0,0.5
2321.6333,  1.00000000,1,0,0.0,0.5
2321.6667,  1.00000000,1,0,0.0,0.5
2321.7000,  1.00000000,1,0,0.0,0.5
2321.7333,  1.00000000,1,0,0.0,0.5
2321.7667,  1.00000000,1,0,0.0,0.5
2321.8000,  1.00000000,1,0,0.0,0.5
2321.8333,  1.00000000,1,0,0.0,0.5
2321.8667,  1.00000000,1,0,0.0,0.5
2321.9000,  1.00000000,1,0,0.0,0.5
2321.9333,  1.00000000,1,0,0.0,0.5
2321.9667,  1.00000000,1,0,0.0,0.5
2322.0000,  1.00000000,1,0,0.0,0.5
2322.0333,  1.00000000,1,0,0.0,0.5
2322.0667,  1.00000000,1,0,0.0,0.5
2322.1000,  1.00000000,1,0,0.025000000000000001,0.5
2322.1333,  1.00000000,1,0,0.0,0.5
2322.1667,  1.00000000,1,0,0.0,0.5
2322.2000,  1.00000000,1,0,0.0,0.5
2322.2333,  1.00000000,1,0,0.0,0.5
2322.2667,  1.00000000,1,0,0.0,0.5
2322.3000,  1.00000000,1,0,0.0,0.5
2322.3333,  1.00000000,1,0,0.025000000000000001,0.5
2322.3667,  1.00000000,1,0,0.0,0.5
2322.4000,  1.00000000,1,0,0.0,0.5
2322.4333,  1.00000000,1,0,0.0,0.5
2322.4667,  1.00000000,1,0,0.025000000000000001,0.5
2322.5000,  1.00000000,1,0,0.0,0.5
2322.5333,  1.00000000,1,0,0.0,0.5
2322.5667,  1.00000000,1,0,0.0,0.5
2322.6000,  1.00000000,1,0,0.0,0.5
2322.6333,  1.00000000,1,0,0.0,0.5
2322.6667,  1.00000000,1,0,0.0,0.5
2322.7000,  1.00000000,1,0,0.0,0.5
2322.7333,  1.00000000,1,0,0.0,0.5
2322.7667,  1.00000000,1,0,0.0,0.5
2322.8000,  1.00000000,1,0,0.0,0.5
2322.8333,  1.00000000,1,0,0.0,0.5
2322.8667,  1.00000000,1,0,0.025000000000000001,0.5
2322.9000,  1.00000000,1,0,0.0,0.5
2322.9333,  1.00000000,1,0,0.0,0.5
2322.9667,  1.00000000,1,0,0.0,0.5
2323.0000,  1.00000000,1,0,0.0,0.5
2323.0333,  1.00000000,1,0,0.0,0.5
2323.0667,  1.00000000,1,0,0.0,0.5
2323.1000,  1.00000000,1,0,0.0,0.5
2323.1333,  1.00000000,1,0,0.0,0.5
2323.1667,  1.00000000,1,0,0.0,0.5
2323.2000,  1.00000000,1,0,0.025000000000000001,0.5
2323.2333,  1.00000000,1,0,0.0,0.5
2323.2667,  1.00000000,1,0,0.0,0.5
2323.3000,  1.00000000,1,0,0.0,0.5
2323.3333,  1.00000000,1,0,0.0,0.5
2323.3667,  1.00000000,1,0,0.0,0.5
2323.4000,  1.00000000,1,0,0.0,0.5
2323.4333,  1.00000000,1,0,0.0,0.5
2323.4667,  1.00000000,1,0,0.0,0.5
2323.5000,  1.00000000,1,0,0.0,0.5
2323.5333,  1.00000000,1,0,0.0,0.5
2323.5667,  1.00000000,1,0,0.0,0.5
2323.6000,  1.00000000,1,0,0.0,0.5
2323.6333,  1.00000000,1,0,0.0,0.5
2323.6667,  1.00000000,1,0,0.0,0.5
2323.7000,  1.00000000,1,0,0.0,0.5
2323.7333,  1.00000000,1,0,0.0,0.5
2323.7667,  1.00000000,1,0,0.0,0.5
2323.8000,  1.00000000,1,0,0.0,0.5
2323.8333,  1.00000000,1,0,0.0,0.5
2323.8667,  1.00000000,1,0,0.0,0.5
2323.9000,  1.00000000,1,0,0.0,0.5
2323.9333,  1.00000000,1,0,0.0,0.5
2323.9667,  1.00000000,1,0,0.0,0.5
2324.0000,  1.00000000,1,0,0.0,0.5
2324.0333,  1.00000000,1,0,0.025000000000000001,0.5
2324.0667,  1.00000000,1,0,0.0,0.5
2324.1000,  1.00000000,1,0,0.0,0.5
2324.1333,  1.00000000,1,0,0.0,0.5
2324.1667,  1.00000000,1,0,0.0,0.5
2324.2000,  1.00000000,1,0,0.0,0.5
2324.2333,  1.00000000,1,0,0.0,0.5
2324.2667,  1.00000000,1,0,0.0,0.5
2324.3000,  1.00000000,1,0,0.0,0.5
2324.3333,  1.00000000,1,0,0.0,0.5
2324.3667,  1.00000000,1,0,0.0,0.5
2324.4000,  1.00000000,1,0,0.0,0.5
2324.4333,  1.00000000,1,0,0.0,0.5
2324.4667,  1.00000000,1,0,0.0,0.5
2324.5000,  1.00000000,1,0,0.0,0.5
2324.5333,  1.00000000,1,0,0.0,0.5
2324.5667,  1.00000000,1,0,0.0,0.5
2324.6000,  1.00000000,1,0,0.0,0.5
2324.6333,  1.00000000,1,0,0.0,0.5
2324.6667,  1.00000000,1,0,0.0,0.5
2324.7000,  1.00000000,1,0,0.0,0.5
2324.7333,  1.00000000,1,0,0.0,0.5
2324.7667,  1.00000000,1,0,0.0,0.5
2324.8000,  1.00000000,1,0,0.0,0.5
2324.8333,  1.00000000,1,0,0.0,0.5
2324.8667,  1.00000000,1,0,0.0,0.5
2324.9000,  1.00000000,1,0,0.025000000000000001,0.5
2324.9333,  1.00000000,1,0,0.0,0.5
2324.9667,  1.00000000,1,0,0.0,0.5
2325.0000,  1.00000000,1,0,0.0,0.5
2325.0333,  1.00000000,1,0,0.0,0.5
2325.0667,  1.00000000,1,0,0.0,0.5
2325.1000,  1.00000000,1,0,0.0,0.5
2325.1333,  1.00000000,1,0,0.0,0.5
2325.1667,  1.00000000,1,0,0.0,0.5
2325.2000,  1.00000000,1,0,0.0,0.5
2325.2333,  1.00000000,1,0,0.0,0.5
2325.2667,  1.00000000,1,0,0.0,0.5
2325.3000,  1.00000000,1,0,0.0,0.5
2325.3333,  1.00000000,1,0,0.0,0.5
2325.3667,  1.00000000,1,0,0.0,0.5
2325.4000,  1.00000000,1,0,0.0,0.5
2325.4333,  1.00000000,1,0,0.0,0.5
2325.4667,  1.00000000,1,0,0.0,0.5
2325.5000,  1.00000000,1,0,0.0,0.5
2325.5333,  1.00000000,1,0,0.0,0.5
2325.5667,  1.00000000,1,0,0.0,0.5
2325.6000,  1.00000000,1,0,0.0,0.5
2325.6333,  1.00000000,1,0,0.0,0.5
2325.6667,  1.00000000,1,0,0.0,0.5
2325.7000,  1.00000000,1,0,0.0,0.5
2325.7333,  1.00000000,1,0,0.0,0.5
2325.7667,  1.00000000,1,0,0.0,0.5
2325.8000,  1.00000000,1,0,0.0,0.5
2325.8333,  1.00000000,1,0,0.0,0.5
2325.8667,  1.00000000,1,0,0.0,0.5
2325.9000,  1.00000000,1,0,0.0,0.5
2325.9333,  1.00000000,1,0,0.0,0.5
2325.9667,  1.00000000,1,0,0.0,0.5
2326.0000,  1.00000000,1,0,0.0,0.5
2326.0333,  1.00000000,1,0,0.0,0.5
2326.0667,  1.00000000,1,0,0.0,0.5
2326.1000,  1.00000000,1,0,0.0,0.5
2326.1333,  1.00000000,1,0,0.0,0.5
2326.1667,  1.00000000,1,0,0.0,0.5
2326.2000,  1.00000000,1,0,0.0,0.5
2326.2333,  1.00000000,1,0,0.0,0.5
2326.2667,  1.00000000,1,0,0.0,0.5
2326.3000,  1.00000000,1,0,0.025000000000000001,0.5
2326.3333,  1.00000000,1,0,0.0,0.5
2326.3667,  1.00000000,1,0,0.0,0.5
2326.4000,  1.00000000,1,0,0.0,0.5
2326.4333,  1.00000000,1,0,0.0,0.5
2326.4667,  1.00000000,1,0,0.0,0.5
2326.5000,  1.00000000,1,0,0.0,0.5
2326.5333,  1.00000000,1,0,0.0,0.5
2326.5667,  1.00000000,1,0,0.0,0.5
2326.6000,  1.00000000,1,0,0.0,0.5
2326.6333,  1.00000000,1,0,0.0,0.5
2326.6667,  1.00000000,1,0,0.0,0.5
2326.7000,  1.00000000,1,0,0.0,0.5
2326.7333,  1.00000000,1,0,0.0,0.5
2326.7667,  1.00000000,1,0,0.0,0.5
2326.8000,  1.00000000,1,0,0.0,0.5
2326.8333,  1.00000000,1,0,0.0,0.5
2326.8667,  1.00000000,1,0,0.0,0.5
2326.9000,  1.00000000,1,0,0.0,0.5
2326.9333,  1.00000000,1,0,0.0,0.5
2326.9667,  1.00000000,1,0,0.0,0.5
2327.0000,  1.00000000,1,0,0.0,0.5
2327.0333,  1.00000000,1,0,0.0,0.5
2327.0667,  1.00000000,1,0,0.0,0.5
2327.1000,  1.00000000,1,0,0.0,0.5
2327.1333,  1.00000000,1,0,0.0,0.5
2327.1667,  1.00000000,1,0,0.025000000000000001,0.5
2327.2000,  1.00000000,1,0,0.0,0.5
2327.2333,  1.00000000,1,0,0.0,0.5
2327.2667,  1.00000000,1,0,0.0,0.5
2327.3000,  1.00000000,1,0,0.0,0.5
2327.3333,  1.00000000,1,0,0.0,0.5
2327.3667,  1.00000000,1,0,0.0,0.5
2327.4000,  1.00000000,1,0,0.0,0.5
2327.4333,  1.00000000,1,0,0.0,0.5
2327.4667,  1.00000000,1,0,0.0,0.5
2327.5000,  1.00000000,1,0,0.0,0.5
2327.5333,  1.00000000,1,0,0.0,0.5
2327.5667,  1.00000000,1,0,0.0,0.5
2327.6000,  1.00000000,1,0,0.0,0.5
2327.6333,  1.00000000,1,0,0.0,0.5
2327.6667,  1.00000000,1,0,0.0,0.5
2327.7000,  1.00000000,1,0,0.0,0.5
2327.7333,  1.00000000,1,0,0.0,0.5
2327.7667,  1.00000000,1,0,0.025000000000000001,0.5
2327.8000,  1.00000000,1,0,0.025000000000000001,0.5
2327.8333,  1.00000000,1,0,0.0,0.5
2327.8667,  1.00000000,1,0,0.0,0.5
2327.9000,  1.00000000,1,0,0.0,0.5
2327.9333,  1.00000000,1,0,0.0,0.5
2327.9667,  1.00000000,1,0,0.0,0.5
2328.0000,  1.00000000,1,0,0.0,0.5
2328.0333,  1.00000000,1,0,0.0,0.5
2328.0667,  1.00000000,1,0,0.0,0.5
2328.1000,  1.00000000,1,0,0.0,0.5
2328.1333,  1.00000000,1,0,0.0,0.5
2328.1667,  1.00000000,1,0,0.0,0.5
2328.2000,  1.00000000,1,0,0.0,0.5
2328.2333,  1.00000000,1,0,0.0,0.5
2328.2667,  1.00000000,1,0,0.0,0.5
2328.3000,  1.00000000,1,0,0.0,0.5
2328.3333,  1.00000000,1,0,0.0,0.5
2328.3667,  1.00000000,1,0,0.0,0.5
2328.4000,  1.00000000,1,0,0.0,0.5
2328.4333,  1.00000000,1,0,0.0,0.5
2328.4667,  1.00000000,1,0,0.025000000000000001,0.5
2328.5000,  1.00000000,1,0,0.0,0.5
2328.5333,  1.00000000,1,0,0.0,0.5
2328.5667,  1.00000000,1,0,0.0,0.5
2328.6000,  1.00000000,1,0,0.0,0.5
2328.6333,  1.00000000,1,0,0.0,0.5
2328.6667,  1.00000000,1,0,0.0,0.5
2328.7000,  1.00000000,1,0,0.0,0.5
2328.7333,  1.00000000,1,0,0.0,0.5
2328.7667,  1.00000000,1,0,0.0,0.5
2328.8000,  1.00000000,1,0,0.0,0.5
2328.8333,  1.00000000,1,0,0.0,0.5
2328.8667,  1.00000000,1,0,0.0,0.5
2328.9000,  1.00000000,1,0,0.0,0.5
2328.9333,  1.00000000,1,0,0.0,0.5
2328.9667,  1.00000000,1,0,0.0,0.5
2329.0000,  1.00000000,1,0,0.0,0.5
2329.0333,  1.00000000,1,0,0.025000000000000001,0.5
2329.0667,  1.00000000,1,0,0.0,0.5
2329.1000,  1.00000000,1,0,0.0,0.5
2329.1333,  1.00000000,1,0,0.0,0.5
2329.1667,  1.00000000,1,0,0.0,0.5
2329.2000,  1.00000000,1,0,0.0,0.5
2329.2333,  1.00000000,1,0,0.0,0.5
2329.2667,  1.00000000,1,0,0.0,0.5
2329.3000,  1.00000000,1,0,0.025000000000000001,0.5
2329.3333,  1.00000000,1,0,0.0,0.5
2329.3667,  1.00000000,1,0,0.0,0.5
2329.4000,  1.00000000,1,0,0.0,0.5
2329.4333,  1.00000000,1,0,0.0,0.5
2329.4667,  1.00000000,1,0,0.0,0.5
2329.5000,  1.00000000,1,0,0.0,0.5
2329.5333,  1.00000000,1,0,0.0,0.5
2329.5667,  1.00000000,1,0,0.0,0.5
2329.6000,  1.00000000,1,0,0.0,0.5
2329.6333,  1.00000000,1,0,0.0,0.5
2329.6667,  1.00000000,1,0,0.0,0.5
2329.7000,  1.00000000,1,0,0.0,0.5
2329.7333,  1.00000000,1,0,0.0,0.5
2329.7667,  1.00000000,1,0,0.0,0.5
2329.8000,  1.00000000,1,0,0.0,0.5
2329.8333,  1.00000000,1,0,0.0,0.5
2329.8667,  1.00000000,1,0,0.0,0.5
2329.9000,  1.00000000,1,0,0.0,0.5
2329.9333,  1.00000000,1,0,0.0,0.5
2329.9667,  1.00000000,1,0,0.0,0.5
2330.0000,  1.00000000,1,0,0.0,0.5
2330.0333,  1.00000000,1,0,0.0,0.5
2330.0667,  1.00000000,1,0,0.0,0.5
2330.1000,  1.00000000,1,0,0.0,0.5
2330.1333,  1.00000000,1,0,0.0,0.5
2330.1667,  1.00000000,1,0,0.0,0.5
2330.2000,  1.00000000,1,0,0.0,0.5
2330.2333,  1.00000000,1,0,0.0,0.5
2330.2667,  1.00000000,1,0,0.0,0.5
2330.3000,  1.00000000,1,0,0.0,0.5
2330.3333,  1.00000000,1,0,0.0,0.5
2330.3667,  1.00000000,1,0,0.0,0.5
2330.4000,  1.00000000,1,0,0.0,0.5
2330.4333,  1.00000000,1,0,0.0,0.5
2330.4667,  1.00000000,1,0,0.025000000000000001,0.5
2330.5000,  1.00000000,1,0,0.0,0.5
2330.5333,  1.00000000,1,0,0.0,0.5
2330.5667,  1.00000000,1,0,0.0,0.5
2330.6000,  1.00000000,1,0,0.0,0.5
2330.6333,  1.00000000,1,0,0.0,0.5
2330.6667,  1.00000000,1,0,0.0,0.5
2330.7000,  1.00000000,1,0,0.0,0.5
2330.7333,  1.00000000,1,0,0.0,0.5
2330.7667,  1.00000000,1,0,0.0,0.5
2330.8000,  1.00000000,1,0,0.0,0.5
2330.8333,  1.00000000,1,0,0.0,0.5
2330.8667,  1.00000000,1,0,0.0,0.5
2330.9000,  1.00000000,1,0,0.0,0.5
2330.9333,  1.00000000,1,0,0.0,0.5
2330.9667,  1.00000000,1,0,0.0,0.5
2331.0000,  1.00000000,1,0,0.0,0.5
2331.0333,  1.00000000,1,0,0.0,0.5
2331.0667,  1.00000000,1,0,0.0,0.5
2331.1000,  1.00000000,1,0,0.0,0.5
2331.1333,  1.00000000,1,0,0.025000000000000001,0.5
2331.1667,  1.00000000,1,0,0.0,0.5
2331.2000,  1.00000000,1,0,0.0,0.5
2331.2333,  1.00000000,1,0,0.0,0.5
2331.2667,  1.00000000,1,0,0.0,0.5
2331.3000,  1.00000000,1,0,0.0,0.5
2331.3333,  1.00000000,1,0,0.0,0.5
2331.3667,  1.00000000,1,0,0.0,0.5
2331.4000,  1.00000000,1,0,0.0,0.5
2331.4333,  1.00000000,1,0,0.0,0.5
2331.4667,  1.00000000,1,0,0.0,0.5
2331.5000,  1.00000000,1,0,0.0,0.5
2331.5333,  1.00000000,1,0,0.0,0.5
2331.5667,  1.00000000,1,0,0.0,0.5
2331.6000,  1.00000000,1,0,0.0,0.5
2331.6333,  1.00000000,1,0,0.0,0.5
2331.6667,  1.00000000,1,0,0.0,0.5
2331.7000,  1.00000000,1,0,0.0,0.5
2331.7333,  1.00000000,1,0,0.0,0.5
2331.7667,  1.00000000,1,0,0.0,0.5
2331.8000,  1.00000000,1,0,0.0,0.5
2331.8333,  1.00000000,1,0,0.0,0.5
2331.8667,  1.00000000,1,0,0.0,0.5
2331.9000,  1.00000000,1,0,0.0,0.5
2331.9333,  1.00000000,1,0,0.0,0.5
2331.9667,  1.00000000,1,0,0.0,0.5
2332.0000,  1.00000000,1,0,0.025000000000000001,0.5
2332.0333,  1.00000000,1,0,0.0,0.5
2332.0667,  1.00000000,1,0,0.0,0.5
2332.1000,  1.00000000,1,0,0.0,0.5
2332.1333,  1.00000000,1,0,0.0,0.5
2332.1667,  1.00000000,1,0,0.0,0.5
2332.2000,  1.00000000,1,0,0.0,0.5
2332.2333,  1.00000000,1,0,0.0,0.5
2332.2667,  1.00000000,1,0,0.0,0.5
2332.3000,  1.00000000,1,0,0.0,0.5
2332.3333,  1.00000000,1,0,0.0,0.5
2332.3667,  1.00000000,1,0,0.0,0.5
2332.4000,  1.00000000,1,0,0.0,0.5
2332.4333,  1.00000000,1,0,0.0,0.5
2332.4667,  1.00000000,1,0,0.025000000000000001,0.5
2332.5000,  1.00000000,1,0,0.0,0.5
2332.5333,  1.00000000,1,0,0.0,0.5
2332.5667,  1.00000000,1,0,0.0,0.5
2332.6000,  1.00000000,1,0,0.0,0.5
2332.6333,  1.00000000,1,0,0.0,0.5
2332.6667,  1.00000000,1,0,0.0,0.5
2332.7000,  1.00000000,1,0,0.0,0.5
2332.7333,  1.00000000,1,0,0.0,0.5
2332.7667,  1.00000000,1,0,0.0,0.5
2332.8000,  1.00000000,1,0,0.0,0.5
2332.8333,  1.00000000,1,0,0.0,0.5
2332.8667,  1.00000000,1,0,0.0,0.5
2332.9000,  1.00000000,1,0,0.0,0.5
2332.9333,  1.00000000,1,0,0.0,0.5
2332.9667,  1.00000000,1,0,0.0,0.5
2333.0000,  1.00000000,1,0,0.0,0.5
2333.0333,  1.00000000,1,0,0.0,0.5
2333.0667,  1.00000000,1,0,0.0,0.5
2333.1000,  1.00000000,1,0,0.0,0.5
2333.1333,  1.00000000,1,0,0.0,0.5
2333.1667,  1.00000000,1,0,0.0,0.5
2333.2000,  1.00000000,1,0,0.0,0.5
2333.2333,  1.00000000,1,0,0.0,0.5
2333.2667,  1.00000000,1,0,0.0,0.5
2333.3000,  1.00000000,1,0,0.0,0.5
2333.3333,  1.00000000,1,0,0.0,0.5
2333.3667,  1.00000000,1,0,0.0,0.5
2333.4000,  1.00000000,1,0,0.0,0.5
2333.4333,  1.00000000,1,0,0.0,0.5
2333.4667,  1.00000000,1,0,0.0,0.5
2333.5000,  1.00000000,1,0,0.0,0.5
2333.5333,  1.00000000,1,0,0.0,0.5
2333.5667,  1.00000000,1,0,0.0,0.5
2333.6000,  1.00000000,1,0,0.0,0.5
2333.6333,  1.00000000,1,0,0.0,0.5
2333.6667,  1.00000000,1,0,0.0,0.5
2333.7000,  1.00000000,1,0,0.0,0.5
2333.7333,  1.00000000,1,0,0.0,0.5
2333.7667,  1.00000000,1,0,0.0,0.5
2333.8000,  1.00000000,1,0,0.0,0.5
2333.8333,  1.00000000,1,0,0.0,0.5
2333.8667,  1.00000000,1,0,0.0,0.5
2333.9000,  1.00000000,1,0,0.0,0.5
2333.9333,  1.00000000,1,0,0.0,0.5
2333.9667,  1.00000000,1,0,0.0,0.5
2334.0000,  1.00000000,1,0,0.0,0.5
2334.0333,  1.00000000,1,0,0.0,0.5
2334.0667,  1.00000000,1,0,0.0,0.5
2334.1000,  1.00000000,1,0,0.0,0.5
2334.1333,  1.00000000,1,0,0.0,0.5
2334.1667,  1.00000000,1,0,0.0,0.5
2334.2000,  1.00000000,1,0,0.0,0.5
2334.2333,  1.00000000,1,0,0.0,0.5
2334.2667,  1.00000000,1,0,0.0,0.5
2334.3000,  1.00000000,1,0,0.0,0.5
2334.3333,  1.00000000,1,0,0.0,0.5
2334.3667,  1.00000000,1,0,0.0,0.5
2334.4000,  1.00000000,1,0,0.0,0.5
2334.4333,  1.00000000,1,0,0.0,0.5
2334.4667,  1.00000000,1,0,0.0,0.5
2334.5000,  1.00000000,1,0,0.0,0.5
2334.5333,  1.00000000,1,0,0.0,0.5
2334.5667,  1.00000000,1,0,0.0,0.5
2334.6000,  1.00000000,1,0,0.0,0.5
2334.6333,  1.00000000,1,0,0.0,0.5
2334.6667,  1.00000000,1,0,0.0,0.5
2334.7000,  1.00000000,1,0,0.0,0.5
2334.7333,  1.00000000,1,0,0.0,0.5
2334.7667,  1.00000000,1,0,0.0,0.5
2334.8000,  1.00000000,1,0,0.0,0.5
2334.8333,  1.00000000,1,0,0.0,0.5
2334.8667,  1.00000000,1,0,0.0,0.5
2334.9000,  1.00000000,1,0,0.0,0.5
2334.9333,  1.00000000,1,0,0.0,0.5
2334.9667,  1.00000000,1,0,0.0,0.5
2335.0000,  1.00000000,1,0,0.0,0.5
2335.0333,  1.00000000,1,0,0.0,0.5
2335.0667,  1.00000000,1,0,0.0,0.5
2335.1000,  1.00000000,1,0,0.025000000000000001,0.5
2335.1333,  1.00000000,1,0,0.025000000000000001,0.5
2335.1667,  1.00000000,1,0,0.0,0.5
2335.2000,  1.00000000,1,0,0.0,0.5
2335.2333,  1.00000000,1,0,0.0,0.5
2335.2667,  1.00000000,1,0,0.0,0.5
2335.3000,  1.00000000,1,0,0.025000000000000001,0.5
2335.3333,  1.00000000,1,0,0.0,0.5
2335.3667,  1.00000000,1,0,0.0,0.5
2335.4000,  1.00000000,1,0,0.0,0.5
2335.4333,  1.00000000,1,0,0.0,0.5
2335.4667,  1.00000000,1,0,0.0,0.5
2335.5000,  1.00000000,1,0,0.0,0.5
2335.5333,  1.00000000,1,0,0.0,0.5
2335.5667,  1.00000000,1,0,0.0,0.5
2335.6000,  1.00000000,1,0,0.0,0.5
2335.6333,  1.00000000,1,0,0.0,0.5
2335.6667,  1.00000000,1,0,0.0,0.5
2335.7000,  1.00000000,1,0,0.0,0.5
2335.7333,  1.00000000,1,0,0.0,0.5
2335.7667,  1.00000000,1,0,0.0,0.5
2335.8000,  1.00000000,1,0,0.0,0.5
2335.8333,  1.00000000,1,0,0.0,0.5
2335.8667,  1.00000000,1,0,0.0,0.5
2335.9000,  1.00000000,1,0,0.0,0.5
2335.9333,  1.00000000,1,0,0.0,0.5
2335.9667,  1.00000000,1,0,0.0,0.5
2336.0000,  1.00000000,1,0,0.0,0.5
2336.0333,  1.00000000,1,0,0.0,0.5
2336.0667,  1.00000000,1,0,0.0,0.5
2336.1000,  1.00000000,1,0,0.0,0.5
2336.1333,  1.00000000,1,0,0.025000000000000001,0.5
2336.1667,  1.00000000,1,0,0.0,0.5
2336.2000,  1.00000000,1,0,0.0,0.5
2336.2333,  1.00000000,1,0,0.0,0.5
2336.2667,  1.00000000,1,0,0.0,0.5
2336.3000,  1.00000000,1,0,0.0,0.5
2336.3333,  1.00000000,1,0,0.0,0.5
2336.3667,  1.00000000,1,0,0.025000000000000001,0.5
2336.4000,  1.00000000,1,0,0.0,0.5
2336.4333,  1.00000000,1,0,0.0,0.5
2336.4667,  1.00000000,1,0,0.0,0.5
2336.5000,  1.00000000,1,0,0.0,0.5
2336.5333,  1.00000000,1,0,0.0,0.5
2336.5667,  1.00000000,1,0,0.0,0.5
2336.6000,  1.00000000,1,0,0.0,0.5
2336.6333,  1.00000000,1,0,0.0,0.5
2336.6667,  1.00000000,1,0,0.0,0.5
2336.7000,  1.00000000,1,0,0.0,0.5
2336.7333,  1.00000000,1,0,0.0,0.5
2336.7667,  1.00000000,1,0,0.0,0.5
2336.8000,  1.00000000,1,0,0.0,0.5
2336.8333,  1.00000000,1,0,0.0,0.5
2336.8667,  1.00000000,1,0,0.0,0.5
2336.9000,  1.00000000,1,0,0.0,0.5
2336.9333,  1.00000000,1,0,0.0,0.5
2336.9667,  1.00000000,1,0,0.0,0.5
2337.0000,  1.00000000,1,0,0.0,0.5
2337.0333,  1.00000000,1,0,0.025000000000000001,0.5
2337.0667,  1.00000000,1,0,0.0,0.5
2337.1000,  1.00000000,1,0,0.0,0.5
2337.1333,  1.00000000,1,0,0.0,0.5
2337.1667,  1.00000000,1,0,0.0,0.5
2337.2000,  1.00000000,1,0,0.0,0.5
2337.2333,  1.00000000,1,0,0.0,0.5
2337.2667,  1.00000000,1,0,0.0,0.5
2337.3000,  1.00000000,1,0,0.0,0.5
2337.3333,  1.00000000,1,0,0.025000000000000001,0.5
2337.3667,  1.00000000,1,0,0.0,0.5
2337.4000,  1.00000000,1,0,0.0,0.5
2337.4333,  1.00000000,1,0,0.0,0.5
2337.4667,  1.00000000,1,0,0.0,0.5
2337.5000,  1.00000000,1,0,0.0,0.5
2337.5333,  1.00000000,1,0,0.0,0.5
2337.5667,  1.00000000,1,0,0.0,0.5
2337.6000,  1.00000000,1,0,0.0,0.5
2337.6333,  1.00000000,1,0,0.0,0.5
2337.6667,  1.00000000,1,0,0.0,0.5
2337.7000,  1.00000000,1,0,0.0,0.5
2337.7333,  1.00000000,1,0,0.0,0.5
2337.7667,  1.00000000,1,0,0.050000000000000003,0.5
2337.8000,  1.00000000,1,0,0.0,0.5
2337.8333,  1.00000000,1,0,0.0,0.5
2337.8667,  1.00000000,1,0,0.0,0.5
2337.9000,  1.00000000,1,0,0.0,0.5
2337.9333,  1.00000000,1,0,0.0,0.5
2337.9667,  1.00000000,1,0,0.0,0.5
2338.0000,  1.00000000,1,0,0.0,0.5
2338.0333,  1.00000000,1,0,0.0,0.5
2338.0667,  1.00000000,1,0,0.025000000000000001,0.5
2338.1000,  1.00000000,1,0,0.025000000000000001,0.5
2338.1333,  1.00000000,1,0,0.025000000000000001,0.5
2338.1667,  1.00000000,1,0,0.025000000000000001,0.5
2338.2000,  1.00000000,1,0,0.0,0.5
2338.2333,  1.00000000,1,0,0.0,0.5
2338.2667,  1.00000000,1,0,0.0,0.5
2338.3000,  1.00000000,1,0,0.0,0.5
2338.3333,  1.00000000,1,0,0.0,0.5
2338.3667,  1.00000000,1,0,0.0,0.5
2338.4000,  1.00000000,1,0,0.0,0.5
2338.4333,  1.00000000,1,0,0.0,0.5
2338.4667,  1.00000000,1,0,0.0,0.5
2338.5000,  1.00000000,1,0,0.0,0.5
2338.5333,  1.00000000,1,0,0.0,0.5
2338.5667,  1.00000000,1,0,0.0,0.5
2338.6000,  1.00000000,1,0,0.0,0.5
2338.6333,  1.00000000,1,0,0.0,0.5
2338.6667,  1.00000000,1,0,0.0,0.5
2338.7000,  1.00000000,1,0,0.0,0.5
2338.7333,  1.00000000,1,0,0.0,0.5
2338.7667,  1.00000000,1,0,0.025000000000000001,0.5
2338.8000,  1.00000000,1,0,0.0,0.5
2338.8333,  1.00000000,1,0,0.0,0.5
2338.8667,  1.00000000,1,0,0.0,0.5
2338.9000,  1.00000000,1,0,0.0,0.5
2338.9333,  1.00000000,1,0,0.0,0.5
2338.9667,  1.00000000,1,0,0.0,0.5
2339.0000,  1.00000000,1,0,0.0,0.5
2339.0333,  1.00000000,1,0,0.0,0.5
2339.0667,  1.00000000,1,0,0.0,0.5
2339.1000,  1.00000000,1,0,0.0,0.5
2339.1333,  1.00000000,1,0,0.0,0.5
2339.1667,  1.00000000,1,0,0.0,0.5
2339.2000,  1.00000000,1,0,0.0,0.5
2339.2333,  1.00000000,1,0,0.0,0.5
2339.2667,  1.00000000,1,0,0.0,0.5
2339.3000,  1.00000000,1,0,0.0,0.5
2339.3333,  1.00000000,1,0,0.0,0.5
2339.3667,  1.00000000,1,0,0.0,0.5
2339.4000,  1.00000000,1,0,0.0,0.5
2339.4333,  1.00000000,1,0,0.0,0.5
2339.4667,  1.00000000,1,0,0.0,0.5
2339.5000,  1.00000000,1,0,0.0,0.5
2339.5333,  1.00000000,1,0,0.0,0.5
2339.5667,  1.00000000,1,0,0.0,0.5
2339.6000,  1.00000000,1,0,0.0,0.5
2339.6333,  1.00000000,1,0,0.0,0.5
2339.6667,  1.00000000,1,0,0.0,0.5
2339.7000,  1.00000000,1,0,0.0,0.5
2339.7333,  1.00000000,1,0,0.025000000000000001,0.5
2339.7667,  1.00000000,1,0,0.0,0.5
2339.8000,  1.00000000,1,0,0.0,0.5
2339.8333,  1.00000000,1,0,0.0,0.5
2339.8667,  1.00000000,1,0,0.0,0.5
2339.9000,  1.00000000,1,0,0.0,0.5
2339.9333,  1.00000000,1,0,0.0,0.5
2339.9667,  1.00000000,1,0,0.0,0.5
2340.0000,  1.00000000,1,0,0.0,0.5
2340.0333,  1.00000000,1,0,0.0,0.5
2340.0667,  1.00000000,1,0,0.0,0.5
2340.1000,  1.00000000,1,0,0.0,0.5
2340.1333,  1.00000000,1,0,0.0,0.5
2340.1667,  1.00000000,1,0,0.0,0.5
2340.2000,  1.00000000,1,0,0.0,0.5
2340.2333,  1.00000000,1,0,0.0,0.5
2340.2667,  1.00000000,1,0,0.0,0.5
2340.3000,  1.00000000,1,0,0.0,0.5
2340.3333,  1.00000000,1,0,0.0,0.5
2340.3667,  1.00000000,1,0,0.0,0.5
2340.4000,  1.00000000,1,0,0.0,0.5
2340.4333,  1.00000000,1,0,0.0,0.5
2340.4667,  1.00000000,1,0,0.0,0.5
2340.5000,  1.00000000,1,0,0.0,0.5
2340.5333,  1.00000000,1,0,0.0,0.5
2340.5667,  1.00000000,1,0,0.0,0.5
2340.6000,  1.00000000,1,0,0.0,0.5
2340.6333,  1.00000000,1,0,0.0,0.5
2340.6667,  1.00000000,1,0,0.0,0.5
2340.7000,  1.00000000,1,0,0.0,0.5
2340.7333,  1.00000000,1,0,0.0,0.5
2340.7667,  1.00000000,1,0,0.0,0.5
2340.8000,  1.00000000,1,0,0.0,0.5
2340.8333,  1.00000000,1,0,0.0,0.5
2340.8667,  1.00000000,1,0,0.0,0.5
2340.9000,  1.00000000,1,0,0.0,0.5
2340.9333,  1.00000000,1,0,0.025000000000000001,0.5
2340.9667,  1.00000000,1,0,0.0,0.5
2341.0000,  1.00000000,1,0,0.0,0.5
2341.0333,  1.00000000,1,0,0.0,0.5
2341.0667,  1.00000000,1,0,0.025000000000000001,0.5
2341.1000,  1.00000000,1,0,0.0,0.5
2341.1333,  1.00000000,1,0,0.0,0.5
2341.1667,  1.00000000,1,0,0.0,0.5
2341.2000,  1.00000000,1,0,0.0,0.5
2341.2333,  1.00000000,1,0,0.025000000000000001,0.5
2341.2667,  1.00000000,1,0,0.0,0.5
2341.3000,  1.00000000,1,0,0.0,0.5
2341.3333,  1.00000000,1,0,0.0,0.5
2341.3667,  1.00000000,1,0,0.025000000000000001,0.5
2341.4000,  1.00000000,1,0,0.0,0.5
2341.4333,  1.00000000,1,0,0.0,0.5
2341.4667,  1.00000000,1,0,0.0,0.5
2341.5000,  1.00000000,1,0,0.0,0.5
2341.5333,  1.00000000,1,0,0.025000000000000001,0.5
2341.5667,  1.00000000,1,0,0.0,0.5
2341.6000,  1.00000000,1,0,0.0,0.5
2341.6333,  1.00000000,1,0,0.0,0.5
2341.6667,  1.00000000,1,0,0.0,0.5
2341.7000,  1.00000000,1,0,0.0,0.5
2341.7333,  1.00000000,1,0,0.0,0.5
2341.7667,  1.00000000,1,0,0.0,0.5
2341.8000,  1.00000000,1,0,0.0,0.5
2341.8333,  1.00000000,1,0,0.0,0.5
2341.8667,  1.00000000,1,0,0.0,0.5
2341.9000,  1.00000000,1,0,0.0,0.5
2341.9333,  1.00000000,1,0,0.0,0.5
2341.9667,  1.00000000,1,0,0.0,0.5
2342.0000,  1.00000000,1,0,0.0,0.5
2342.0333,  1.00000000,1,0,0.0,0.5
2342.0667,  1.00000000,1,0,0.025000000000000001,0.5
2342.1000,  1.00000000,1,0,0.0,0.5
2342.1333,  1.00000000,1,0,0.0,0.5
2342.1667,  1.00000000,1,0,0.0,0.5
2342.2000,  1.00000000,1,0,0.0,0.5
2342.2333,  1.00000000,1,0,0.0,0.5
2342.2667,  1.00000000,1,0,0.0,0.5
2342.3000,  1.00000000,1,0,0.0,0.5
2342.3333,  1.00000000,1,0,0.0,0.5
2342.3667,  1.00000000,1,0,0.0,0.5
2342.4000,  1.00000000,1,0,0.0,0.5
2342.4333,  1.00000000,1,0,0.0,0.5
2342.4667,  1.00000000,1,0,0.0,0.5
2342.5000,  1.00000000,1,0,0.0,0.5
2342.5333,  1.00000000,1,0,0.0,0.5
2342.5667,  1.00000000,1,0,0.0,0.5
2342.6000,  1.00000000,1,0,0.0,0.5
2342.6333,  1.00000000,1,0,0.025000000000000001,0.5
2342.6667,  1.00000000,1,0,0.0,0.5
2342.7000,  1.00000000,1,0,0.0,0.5
2342.7333,  1.00000000,1,0,0.0,0.5
2342.7667,  1.00000000,1,0,0.0,0.5
2342.8000,  1.00000000,1,0,0.0,0.5
2342.8333,  1.00000000,1,0,0.0,0.5
2342.8667,  1.00000000,1,0,0.0,0.5
2342.9000,  1.00000000,1,0,0.0,0.5
2342.9333,  1.00000000,1,0,0.0,0.5
2342.9667,  1.00000000,1,0,0.0,0.5
2343.0000,  1.00000000,1,0,0.0,0.5
2343.0333,  1.00000000,1,0,0.025000000000000001,0.5
2343.0667,  1.00000000,1,0,0.0,0.5
2343.1000,  1.00000000,1,0,0.0,0.5
2343.1333,  1.00000000,1,0,0.0,0.5
2343.1667,  1.00000000,1,0,0.0,0.5
2343.2000,  1.00000000,1,0,0.0,0.5
2343.2333,  1.00000000,1,0,0.0,0.5
2343.2667,  1.00000000,1,0,0.0,0.5
2343.3000,  1.00000000,1,0,0.0,0.5
2343.3333,  1.00000000,1,0,0.0,0.5
2343.3667,  1.00000000,1,0,0.0,0.5
2343.4000,  1.00000000,1,0,0.0,0.5
2343.4333,  1.00000000,1,0,0.0,0.5
2343.4667,  1.00000000,1,0,0.0,0.5
2343.5000,  1.00000000,1,0,0.0,0.5
2343.5333,  1.00000000,1,0,0.025000000000000001,0.5
2343.5667,  1.00000000,1,0,0.0,0.5
2343.6000,  1.00000000,1,0,0.0,0.5
2343.6333,  1.00000000,1,0,0.0,0.5
2343.6667,  1.00000000,1,0,0.0,0.5
2343.7000,  1.00000000,1,0,0.0,0.5
2343.7333,  1.00000000,1,0,0.0,0.5
2343.7667,  1.00000000,1,0,0.0,0.5
2343.8000,  1.00000000,1,0,0.0,0.5
2343.8333,  1.00000000,1,0,0.0,0.5
2343.8667,  1.00000000,1,0,0.0,0.5
2343.9000,  1.00000000,1,0,0.0,0.5
2343.9333,  1.00000000,1,0,0.0,0.5
2343.9667,  1.00000000,1,0,0.0,0.5
2344.0000,  1.00000000,1,0,0.0,0.5
2344.0333,  1.00000000,1,0,0.0,0.5
2344.0667,  1.00000000,1,0,0.025000000000000001,0.5
2344.1000,  1.00000000,1,0,0.0,0.5
2344.1333,  1.00000000,1,0,0.0,0.5
2344.1667,  1.00000000,1,0,0.0,0.5
2344.2000,  1.00000000,1,0,0.0,0.5
2344.2333,  1.00000000,1,0,0.0,0.5
2344.2667,  1.00000000,1,0,0.0,0.5
2344.3000,  1.00000000,1,0,0.0,0.5
2344.3333,  1.00000000,1,0,0.0,0.5
2344.3667,  1.00000000,1,0,0.0,0.5
2344.4000,  1.00000000,1,0,0.0,0.5
2344.4333,  1.00000000,1,0,0.0,0.5
2344.4667,  1.00000000,1,0,0.0,0.5
2344.5000,  1.00000000,1,0,0.0,0.5
2344.5333,  1.00000000,1,0,0.025000000000000001,0.5
2344.5667,  1.00000000,1,0,0.0,0.5
2344.6000,  1.00000000,1,0,0.0,0.5
2344.6333,  1.00000000,1,0,0.0,0.5
2344.6667,  1.00000000,1,0,0.0,0.5
2344.7000,  1.00000000,1,0,0.0,0.5
2344.7333,  1.00000000,1,0,0.0,0.5
2344.7667,  1.00000000,1,0,0.0,0.5
2344.8000,  1.00000000,1,0,0.0,0.5
2344.8333,  1.00000000,1,0,0.0,0.5
2344.8667,  1.00000000,1,0,0.0,0.5
2344.9000,  1.00000000,1,0,0.0,0.5
2344.9333,  1.00000000,1,0,0.0,0.5
2344.9667,  1.00000000,1,0,0.0,0.5
2345.0000,  1.00000000,1,0,0.0,0.5
2345.0333,  1.00000000,1,0,0.0,0.5
2345.0667,  1.00000000,1,0,0.0,0.5
2345.1000,  1.00000000,1,0,0.0,0.5
2345.1333,  1.00000000,1,0,0.0,0.5
2345.1667,  1.00000000,1,0,0.0,0.5
2345.2000,  1.00000000,1,0,0.025000000000000001,0.5
2345.2333,  1.00000000,1,0,0.0,0.5
2345.2667,  1.00000000,1,0,0.0,0.5
2345.3000,  1.00000000,1,0,0.025000000000000001,0.5
2345.3333,  1.00000000,1,0,0.0,0.5
2345.3667,  1.00000000,1,0,0.0,0.5
2345.4000,  1.00000000,1,0,0.0,0.5
2345.4333,  1.00000000,1,0,0.0,0.5
2345.4667,  1.00000000,1,0,0.0,0.5
2345.5000,  1.00000000,1,0,0.0,0.5
2345.5333,  1.00000000,1,0,0.0,0.5
2345.5667,  1.00000000,1,0,0.025000000000000001,0.5
2345.6000,  1.00000000,1,0,0.0,0.5
2345.6333,  1.00000000,1,0,0.0,0.5
2345.6667,  1.00000000,1,0,0.0,0.5
2345.7000,  1.00000000,1,0,0.0,0.5
2345.7333,  1.00000000,1,0,0.0,0.5
2345.7667,  1.00000000,1,0,0.025000000000000001,0.5
2345.8000,  1.00000000,1,0,0.0,0.5
2345.8333,  1.00000000,1,0,0.0,0.5
2345.8667,  1.00000000,1,0,0.0,0.5
2345.9000,  1.00000000,1,0,0.0,0.5
2345.9333,  1.00000000,1,0,0.0,0.5
2345.9667,  1.00000000,1,0,0.0,0.5
2346.0000,  1.00000000,1,0,0.0,0.5
2346.0333,  1.00000000,1,0,0.0,0.5
2346.0667,  1.00000000,1,0,0.0,0.5
2346.1000,  1.00000000,1,0,0.0,0.5
2346.1333,  1.00000000,1,0,0.0,0.5
2346.1667,  1.00000000,1,0,0.0,0.5
2346.2000,  1.00000000,1,0,0.0,0.5
2346.2333,  1.00000000,1,0,0.0,0.5
2346.2667,  1.00000000,1,0,0.0,0.5
2346.3000,  1.00000000,1,0,0.0,0.5
2346.3333,  1.00000000,1,0,0.0,0.5
2346.3667,  1.00000000,1,0,0.0,0.5
2346.4000,  1.00000000,1,0,0.0,0.5
2346.4333,  1.00000000,1,0,0.0,0.5
2346.4667,  1.00000000,1,0,0.0,0.5
2346.5000,  1.00000000,1,0,0.0,0.5
2346.5333,  1.00000000,1,0,0.0,0.5
2346.5667,  1.00000000,1,0,0.0,0.5
2346.6000,  1.00000000,1,0,0.0,0.5
2346.6333,  1.00000000,1,0,0.0,0.5
2346.6667,  1.00000000,1,0,0.0,0.5
2346.7000,  1.00000000,1,0,0.0,0.5
2346.7333,  1.00000000,1,0,0.0,0.5
2346.7667,  1.00000000,1,0,0.0,0.5
2346.8000,  1.00000000,1,0,0.0,0.5
2346.8333,  1.00000000,1,0,0.0,0.5
2346.8667,  1.00000000,1,0,0.0,0.5
2346.9000,  1.00000000,1,0,0.0,0.5
2346.9333,  1.00000000,1,0,0.0,0.5
2346.9667,  1.00000000,1,0,0.0,0.5
2347.0000,  1.00000000,1,0,0.0,0.5
2347.0333,  1.00000000,1,0,0.0,0.5
2347.0667,  1.00000000,1,0,0.0,0.5
2347.1000,  1.00000000,1,0,0.0,0.5
2347.1333,  1.00000000,1,0,0.025000000000000001,0.5
2347.1667,  1.00000000,1,0,0.0,0.5
2347.2000,  1.00000000,1,0,0.0,0.5
2347.2333,  1.00000000,1,0,0.0,0.5
2347.2667,  1.00000000,1,0,0.0,0.5
2347.3000,  1.00000000,1,0,0.0,0.5
2347.3333,  1.00000000,1,0,0.0,0.5
2347.3667,  1.00000000,1,0,0.0,0.5
2347.4000,  1.00000000,1,0,0.0,0.5
2347.4333,  1.00000000,1,0,0.0,0.5
2347.4667,  1.00000000,1,0,0.025000000000000001,0.5
2347.5000,  1.00000000,1,0,0.0,0.5
2347.5333,  1.00000000,1,0,0.0,0.5
2347.5667,  1.00000000,1,0,0.0,0.5
2347.6000,  1.00000000,1,0,0.0,0.5
2347.6333,  1.00000000,1,0,0.0,0.5
2347.6667,  1.00000000,1,0,0.0,0.5
2347.7000,  1.00000000,1,0,0.0,0.5
2347.7333,  1.00000000,1,0,0.0,0.5
2347.7667,  1.00000000,1,0,0.025000000000000001,0.5
2347.8000,  1.00000000,1,0,0.0,0.5
2347.8333,  1.00000000,1,0,0.0,0.5
2347.8667,  1.00000000,1,0,0.0,0.5
2347.9000,  1.00000000,1,0,0.0,0.5
2347.9333,  1.00000000,1,0,0.0,0.5
2347.9667,  1.00000000,1,0,0.0,0.5
2348.0000,  1.00000000,1,0,0.0,0.5
2348.0333,  1.00000000,1,0,0.0,0.5
2348.0667,  1.00000000,1,0,0.0,0.5
2348.1000,  1.00000000,1,0,0.0,0.5
2348.1333,  1.00000000,1,0,0.0,0.5
2348.1667,  1.00000000,1,0,0.0,0.5
2348.2000,  1.00000000,1,0,0.0,0.5
2348.2333,  1.00000000,1,0,0.0,0.5
2348.2667,  1.00000000,1,0,0.0,0.5
2348.3000,  1.00000000,1,0,0.0,0.5
2348.3333,  1.00000000,1,0,0.0,0.5
2348.3667,  1.00000000,1,0,0.0,0.5
2348.4000,  1.00000000,1,0,0.0,0.5
2348.4333,  1.00000000,1,0,0.0,0.5
2348.4667,  1.00000000,1,0,0.0,0.5
2348.5000,  1.00000000,1,0,0.0,0.5
2348.5333,  1.00000000,1,0,0.0,0.5
2348.5667,  1.00000000,1,0,0.0,0.5
2348.6000,  1.00000000,1,0,0.0,0.5
2348.6333,  1.00000000,1,0,0.0,0.5
2348.6667,  1.00000000,1,0,0.0,0.5
2348.7000,  1.00000000,1,0,0.0,0.5
2348.7333,  1.00000000,1,0,0.0,0.5
2348.7667,  1.00000000,1,0,0.0,0.5
2348.8000,  1.00000000,1,0,0.0,0.5
2348.8333,  1.00000000,1,0,0.0,0.5
2348.8667,  1.00000000,1,0,0.0,0.5
2348.9000,  1.00000000,1,0,0.0,0.5
2348.9333,  1.00000000,1,0,0.0,0.5
2348.9667,  1.00000000,1,0,0.0,0.5
2349.0000,  1.00000000,1,0,0.0,0.5
2349.0333,  1.00000000,1,0,0.0,0.5
2349.0667,  1.00000000,1,0,0.0,0.5
2349.1000,  1.00000000,1,0,0.0,0.5
2349.1333,  1.00000000,1,0,0.0,0.5
2349.1667,  1.00000000,1,0,0.0,0.5
2349.2000,  1.00000000,1,0,0.0,0.5
2349.2333,  1.00000000,1,0,0.0,0.5
2349.2667,  1.00000000,1,0,0.0,0.5
2349.3000,  1.00000000,1,0,0.0,0.5
2349.3333,  1.00000000,1,0,0.0,0.5
2349.3667,  1.00000000,1,0,0.0,0.5
2349.4000,  1.00000000,1,0,0.0,0.5
2349.4333,  1.00000000,1,0,0.0,0.5
2349.4667,  1.00000000,1,0,0.0,0.5
2349.5000,  1.00000000,1,0,0.0,0.5
2349.5333,  1.00000000,1,0,0.0,0.5
2349.5667,  1.00000000,1,0,0.0,0.5
2349.6000,  1.00000000,1,0,0.0,0.5
2349.6333,  1.00000000,1,0,0.0,0.5
2349.6667,  1.00000000,1,0,0.0,0.5
2349.7000,  1.00000000,1,0,0.0,0.5
2349.7333,  1.00000000,1,0,0.0,0.5
2349.7667,  1.00000000,1,0,0.0,0.5
2349.8000,  1.00000000,1,0,0.0,0.5
2349.8333,  1.00000000,1,0,0.0,0.5
2349.8667,  1.00000000,1,0,0.0,0.5
2349.9000,  1.00000000,1,0,0.0,0.5
2349.9333,  1.00000000,1,0,0.0,0.5
2349.9667,  1.00000000,1,0,0.0,0.5
2350.0000,  1.00000000,1,0,0.025000000000000001,0.5
2350.0333,  1.00000000,1,0,0.025000000000000001,0.5
2350.0667,  1.00000000,1,0,0.0,0.5
2350.1000,  1.00000000,1,0,0.0,0.5
2350.1333,  1.00000000,1,0,0.0,0.5
2350.1667,  1.00000000,1,0,0.0,0.5
2350.2000,  1.00000000,1,0,0.0,0.5
2350.2333,  1.00000000,1,0,0.0,0.5
2350.2667,  1.00000000,1,0,0.0,0.5
2350.3000,  1.00000000,1,0,0.0,0.5
2350.3333,  1.00000000,1,0,0.0,0.5
2350.3667,  1.00000000,1,0,0.0,0.5
2350.4000,  1.00000000,1,0,0.025000000000000001,0.5
2350.4333,  1.00000000,1,0,0.0,0.5
2350.4667,  1.00000000,1,0,0.0,0.5
2350.5000,  1.00000000,1,0,0.0,0.5
2350.5333,  1.00000000,1,0,0.0,0.5
2350.5667,  1.00000000,1,0,0.0,0.5
2350.6000,  1.00000000,1,0,0.0,0.5
2350.6333,  1.00000000,1,0,0.025000000000000001,0.5
2350.6667,  1.00000000,1,0,0.0,0.5
2350.7000,  1.00000000,1,0,0.0,0.5
2350.7333,  1.00000000,1,0,0.0,0.5
2350.7667,  1.00000000,1,0,0.0,0.5
2350.8000,  1.00000000,1,0,0.0,0.5
2350.8333,  1.00000000,1,0,0.0,0.5
2350.8667,  1.00000000,1,0,0.0,0.5
2350.9000,  1.00000000,1,0,0.0,0.5
2350.9333,  1.00000000,1,0,0.0,0.5
2350.9667,  1.00000000,1,0,0.0,0.5
2351.0000,  1.00000000,1,0,0.0,0.5
2351.0333,  1.00000000,1,0,0.0,0.5
2351.0667,  1.00000000,1,0,0.0,0.5
2351.1000,  1.00000000,1,0,0.0,0.5
2351.1333,  1.00000000,1,0,0.0,0.5
2351.1667,  1.00000000,1,0,0.0,0.5
2351.2000,  1.00000000,1,0,0.0,0.5
2351.2333,  1.00000000,1,0,0.0,0.5
2351.2667,  1.00000000,1,0,0.0,0.5
2351.3000,  1.00000000,1,0,0.0,0.5
2351.3333,  1.00000000,1,0,0.0,0.5
2351.3667,  1.00000000,1,0,0.0,0.5
2351.4000,  1.00000000,1,0,0.0,0.5
2351.4333,  1.00000000,1,0,0.0,0.5
2351.4667,  1.00000000,1,0,0.0,0.5
2351.5000,  1.00000000,1,0,0.0,0.5
2351.5333,  1.00000000,1,0,0.0,0.5
2351.5667,  1.00000000,1,0,0.0,0.5
2351.6000,  1.00000000,1,0,0.0,0.5
2351.6333,  1.00000000,1,0,0.025000000000000001,0.5
2351.6667,  1.00000000,1,0,0.0,0.5
2351.7000,  1.00000000,1,0,0.0,0.5
2351.7333,  1.00000000,1,0,0.0,0.5
2351.7667,  1.00000000,1,0,0.0,0.5
2351.8000,  1.00000000,1,0,0.0,0.5
2351.8333,  1.00000000,1,0,0.025000000000000001,0.5
2351.8667,  1.00000000,1,0,0.0,0.5
2351.9000,  1.00000000,1,0,0.0,0.5
2351.9333,  1.00000000,1,0,0.0,0.5
2351.9667,  1.00000000,1,0,0.0,0.5
2352.0000,  1.00000000,1,0,0.0,0.5
2352.0333,  1.00000000,1,0,0.0,0.5
2352.0667,  1.00000000,1,0,0.0,0.5
2352.1000,  1.00000000,1,0,0.0,0.5
2352.1333,  1.00000000,1,0,0.0,0.5
2352.1667,  1.00000000,1,0,0.0,0.5
2352.2000,  1.00000000,1,0,0.0,0.5
2352.2333,  1.00000000,1,0,0.0,0.5
2352.2667,  1.00000000,1,0,0.0,0.5
2352.3000,  1.00000000,1,0,0.0,0.5
2352.3333,  1.00000000,1,0,0.025000000000000001,0.5
2352.3667,  1.00000000,1,0,0.0,0.5
2352.4000,  1.00000000,1,0,0.0,0.5
2352.4333,  1.00000000,1,0,0.0,0.5
2352.4667,  1.00000000,1,0,0.0,0.5
2352.5000,  1.00000000,1,0,0.0,0.5
2352.5333,  1.00000000,1,0,0.0,0.5
2352.5667,  1.00000000,1,0,0.0,0.5
2352.6000,  1.00000000,1,0,0.0,0.5
2352.6333,  1.00000000,1,0,0.0,0.5
2352.6667,  1.00000000,1,0,0.0,0.5
2352.7000,  1.00000000,1,0,0.0,0.5
2352.7333,  1.00000000,1,0,0.0,0.5
2352.7667,  1.00000000,1,0,0.0,0.5
2352.8000,  1.00000000,1,0,0.0,0.5
2352.8333,  1.00000000,1,0,0.0,0.5
2352.8667,  1.00000000,1,0,0.0,0.5
2352.9000,  1.00000000,1,0,0.0,0.5
2352.9333,  1.00000000,1,0,0.025000000000000001,0.5
2352.9667,  1.00000000,1,0,0.0,0.5
2353.0000,  1.00000000,1,0,0.0,0.5
2353.0333,  1.00000000,1,0,0.0,0.5
2353.0667,  1.00000000,1,0,0.0,0.5
2353.1000,  1.00000000,1,0,0.0,0.5
2353.1333,  1.00000000,1,0,0.0,0.5
2353.1667,  1.00000000,1,0,0.0,0.5
2353.2000,  1.00000000,1,0,0.0,0.5
2353.2333,  1.00000000,1,0,0.0,0.5
2353.2667,  1.00000000,1,0,0.0,0.5
2353.3000,  1.00000000,1,0,0.0,0.5
2353.3333,  1.00000000,1,0,0.0,0.5
2353.3667,  1.00000000,1,0,0.0,0.5
2353.4000,  1.00000000,1,0,0.0,0.5
2353.4333,  1.00000000,1,0,0.0,0.5
2353.4667,  1.00000000,1,0,0.0,0.5
2353.5000,  1.00000000,1,0,0.0,0.5
2353.5333,  1.00000000,1,0,0.0,0.5
2353.5667,  1.00000000,1,0,0.0,0.5
2353.6000,  1.00000000,1,0,0.0,0.5
2353.6333,  1.00000000,1,0,0.0,0.5
2353.6667,  1.00000000,1,0,0.0,0.5
2353.7000,  1.00000000,1,0,0.0,0.5
2353.7333,  1.00000000,1,0,0.0,0.5
2353.7667,  1.00000000,1,0,0.0,0.5
2353.8000,  1.00000000,1,0,0.0,0.5
2353.8333,  1.00000000,1,0,0.0,0.5
2353.8667,  1.00000000,1,0,0.0,0.5
2353.9000,  1.00000000,1,0,0.0,0.5
2353.9333,  1.00000000,1,0,0.0,0.5
2353.9667,  1.00000000,1,0,0.0,0.5
2354.0000,  1.00000000,1,0,0.0,0.5
2354.0333,  1.00000000,1,0,0.0,0.5
2354.0667,  1.00000000,1,0,0.0,0.5
2354.1000,  1.00000000,1,0,0.0,0.5
2354.1333,  1.00000000,1,0,0.0,0.5
2354.1667,  1.00000000,1,0,0.0,0.5
2354.2000,  1.00000000,1,0,0.0,0.5
2354.2333,  1.00000000,1,0,0.0,0.5
2354.2667,  1.00000000,1,0,0.0,0.5
2354.3000,  1.00000000,1,0,0.0,0.5
2354.3333,  1.00000000,1,0,0.0,0.5
2354.3667,  1.00000000,1,0,0.0,0.5
2354.4000,  1.00000000,1,0,0.0,0.5
2354.4333,  1.00000000,1,0,0.0,0.5
2354.4667,  1.00000000,1,0,0.0,0.5
2354.5000,  1.00000000,1,0,0.025000000000000001,0.5
2354.5333,  1.00000000,1,0,0.0,0.5
2354.5667,  1.00000000,1,0,0.0,0.5
2354.6000,  1.00000000,1,0,0.025000000000000001,0.5
2354.6333,  1.00000000,1,0,0.0,0.5
2354.6667,  1.00000000,1,0,0.0,0.5
2354.7000,  1.00000000,1,0,0.0,0.5
2354.7333,  1.00000000,1,0,0.0,0.5
2354.7667,  1.00000000,1,0,0.0,0.5
2354.8000,  1.00000000,1,0,0.0,0.5
2354.8333,  1.00000000,1,0,0.0,0.5
2354.8667,  1.00000000,1,0,0.0,0.5
2354.9000,  1.00000000,1,0,0.0,0.5
2354.9333,  1.00000000,1,0,0.0,0.5
2354.9667,  1.00000000,1,0,0.0,0.5
2355.0000,  1.00000000,1,0,0.0,0.5
2355.0333,  1.00000000,1,0,0.0,0.5
2355.0667,  1.00000000,1,0,0.0,0.5
2355.1000,  1.00000000,1,0,0.0,0.5
2355.1333,  1.00000000,1,0,0.0,0.5
2355.1667,  1.00000000,1,0,0.0,0.5
2355.2000,  1.00000000,1,0,0.0,0.5
2355.2333,  1.00000000,1,0,0.0,0.5
2355.2667,  1.00000000,1,0,0.0,0.5
2355.3000,  1.00000000,1,0,0.0,0.5
2355.3333,  1.00000000,1,0,0.0,0.5
2355.3667,  1.00000000,1,0,0.0,0.5
2355.4000,  1.00000000,1,0,0.0,0.5
2355.4333,  1.00000000,1,0,0.0,0.5
2355.4667,  1.00000000,1,0,0.0,0.5
2355.5000,  1.00000000,1,0,0.0,0.5
2355.5333,  1.00000000,1,0,0.0,0.5
2355.5667,  1.00000000,1,0,0.0,0.5
2355.6000,  1.00000000,1,0,0.025000000000000001,0.5
2355.6333,  1.00000000,1,0,0.0,0.5
2355.6667,  1.00000000,1,0,0.0,0.5
2355.7000,  1.00000000,1,0,0.0,0.5
2355.7333,  1.00000000,1,0,0.0,0.5
2355.7667,  1.00000000,1,0,0.0,0.5
2355.8000,  1.00000000,1,0,0.0,0.5
2355.8333,  1.00000000,1,0,0.0,0.5
2355.8667,  1.00000000,1,0,0.0,0.5
2355.9000,  1.00000000,1,0,0.0,0.5
2355.9333,  1.00000000,1,0,0.0,0.5
2355.9667,  1.00000000,1,0,0.0,0.5
2356.0000,  1.00000000,1,0,0.0,0.5
2356.0333,  1.00000000,1,0,0.0,0.5
2356.0667,  1.00000000,1,0,0.0,0.5
2356.1000,  1.00000000,1,0,0.025000000000000001,0.5
2356.1333,  1.00000000,1,0,0.025000000000000001,0.5
2356.1667,  1.00000000,1,0,0.0,0.5
2356.2000,  1.00000000,1,0,0.0,0.5
2356.2333,  1.00000000,1,0,0.0,0.5
2356.2667,  1.00000000,1,0,0.0,0.5
2356.3000,  1.00000000,1,0,0.0,0.5
2356.3333,  1.00000000,1,0,0.0,0.5
2356.3667,  1.00000000,1,0,0.0,0.5
2356.4000,  1.00000000,1,0,0.0,0.5
2356.4333,  1.00000000,1,0,0.0,0.5
2356.4667,  1.00000000,1,0,0.0,0.5
2356.5000,  1.00000000,1,0,0.0,0.5
2356.5333,  1.00000000,1,0,0.0,0.5
2356.5667,  1.00000000,1,0,0.0,0.5
2356.6000,  1.00000000,1,0,0.0,0.5
2356.6333,  1.00000000,1,0,0.0,0.5
2356.6667,  1.00000000,1,0,0.0,0.5
2356.7000,  1.00000000,1,0,0.0,0.5
2356.7333,  1.00000000,1,0,0.0,0.5
2356.7667,  1.00000000,1,0,0.0,0.5
2356.8000,  1.00000000,1,0,0.0,0.5
2356.8333,  1.00000000,1,0,0.0,0.5
2356.8667,  1.00000000,1,0,0.0,0.5
2356.9000,  1.00000000,1,0,0.0,0.5
2356.9333,  1.00000000,1,0,0.0,0.5
2356.9667,  1.00000000,1,0,0.0,0.5
2357.0000,  1.00000000,1,0,0.025000000000000001,0.5
2357.0333,  1.00000000,1,0,0.0,0.5
2357.0667,  1.00000000,1,0,0.0,0.5
2357.1000,  1.00000000,1,0,0.0,0.5
2357.1333,  1.00000000,1,0,0.0,0.5
2357.1667,  1.00000000,1,0,0.0,0.5
2357.2000,  1.00000000,1,0,0.025000000000000001,0.5
2357.2333,  1.00000000,1,0,0.0,0.5
2357.2667,  1.00000000,1,0,0.0,0.5
2357.3000,  1.00000000,1,0,0.0,0.5
2357.3333,  1.00000000,1,0,0.0,0.5
2357.3667,  1.00000000,1,0,0.0,0.5
2357.4000,  1.00000000,1,0,0.0,0.5
2357.4333,  1.00000000,1,0,0.0,0.5
2357.4667,  1.00000000,1,0,0.0,0.5
2357.5000,  1.00000000,1,0,0.0,0.5
2357.5333,  1.00000000,1,0,0.0,0.5
2357.5667,  1.00000000,1,0,0.025000000000000001,0.5
2357.6000,  1.00000000,1,0,0.0,0.5
2357.6333,  1.00000000,1,0,0.0,0.5
2357.6667,  1.00000000,1,0,0.0,0.5
2357.7000,  1.00000000,1,0,0.0,0.5
2357.7333,  1.00000000,1,0,0.025000000000000001,0.5
2357.7667,  1.00000000,1,0,0.0,0.5
2357.8000,  1.00000000,1,0,0.0,0.5
2357.8333,  1.00000000,1,0,0.0,0.5
2357.8667,  1.00000000,1,0,0.0,0.5
2357.9000,  1.00000000,1,0,0.0,0.5
2357.9333,  1.00000000,1,0,0.0,0.5
2357.9667,  1.00000000,1,0,0.0,0.5
2358.0000,  1.00000000,1,0,0.0,0.5
2358.0333,  1.00000000,1,0,0.0,0.5
2358.0667,  1.00000000,1,0,0.0,0.5
2358.1000,  1.00000000,1,0,0.0,0.5
2358.1333,  1.00000000,1,0,0.0,0.5
2358.1667,  1.00000000,1,0,0.0,0.5
2358.2000,  1.00000000,1,0,0.0,0.5
2358.2333,  1.00000000,1,0,0.0,0.5
2358.2667,  1.00000000,1,0,0.0,0.5
2358.3000,  1.00000000,1,0,0.0,0.5
2358.3333,  1.00000000,1,0,0.0,0.5
2358.3667,  1.00000000,1,0,0.0,0.5
2358.4000,  1.00000000,1,0,0.0,0.5
2358.4333,  1.00000000,1,0,0.0,0.5
2358.4667,  1.00000000,1,0,0.0,0.5
2358.5000,  1.00000000,1,0,0.0,0.5
2358.5333,  1.00000000,1,0,0.0,0.5
2358.5667,  1.00000000,1,0,0.0,0.5
2358.6000,  1.00000000,1,0,0.0,0.5
2358.6333,  1.00000000,1,0,0.0,0.5
2358.6667,  1.00000000,1,0,0.0,0.5
2358.7000,  1.00000000,1,0,0.0,0.5
2358.7333,  1.00000000,1,0,0.0,0.5
2358.7667,  1.00000000,1,0,0.0,0.5
2358.8000,  1.00000000,1,0,0.0,0.5
2358.8333,  1.00000000,1,0,0.0,0.5
2358.8667,  1.00000000,1,0,0.0,0.5
2358.9000,  1.00000000,1,0,0.0,0.5
2358.9333,  1.00000000,1,0,0.0,0.5
2358.9667,  1.00000000,1,0,0.0,0.5
2359.0000,  1.00000000,1,0,0.0,0.5
2359.0333,  1.00000000,1,0,0.0,0.5
2359.0667,  1.00000000,1,0,0.0,0.5
2359.1000,  1.00000000,1,0,0.0,0.5
2359.1333,  1.00000000,1,0,0.0,0.5
2359.1667,  1.00000000,1,0,0.0,0.5
2359.2000,  1.00000000,1,0,0.0,0.5
2359.2333,  1.00000000,1,0,0.0,0.5
2359.2667,  1.00000000,1,0,0.0,0.5
2359.3000,  1.00000000,1,0,0.0,0.5
2359.3333,  1.00000000,1,0,0.0,0.5
2359.3667,  1.00000000,1,0,0.0,0.5
2359.4000,  1.00000000,1,0,0.0,0.5
2359.4333,  1.00000000,1,0,0.0,0.5
2359.4667,  1.00000000,1,0,0.0,0.5
2359.5000,  1.00000000,1,0,0.0,0.5
2359.5333,  1.00000000,1,0,0.0,0.5
2359.5667,  1.00000000,1,0,0.0,0.5
2359.6000,  1.00000000,1,0,0.025000000000000001,0.5
2359.6333,  1.00000000,1,0,0.0,0.5
2359.6667,  1.00000000,1,0,0.0,0.5
2359.7000,  1.00000000,1,0,0.0,0.5
2359.7333,  1.00000000,1,0,0.0,0.5
2359.7667,  1.00000000,1,0,0.0,0.5
2359.8000,  1.00000000,1,0,0.0,0.5
2359.8333,  1.00000000,1,0,0.0,0.5
2359.8667,  1.00000000,1,0,0.0,0.5
2359.9000,  1.00000000,1,0,0.0,0.5
2359.9333,  1.00000000,1,0,0.0,0.5
2359.9667,  1.00000000,1,0,0.0,0.5
2360.0000,  1.00000000,1,0,0.0,0.5
2360.0333,  1.00000000,1,0,0.0,0.5
2360.0667,  1.00000000,1,0,0.0,0.5
2360.1000,  1.00000000,1,0,0.0,0.5
2360.1333,  1.00000000,1,0,0.0,0.5
2360.1667,  1.00000000,1,0,0.0,0.5
2360.2000,  1.00000000,1,0,0.0,0.5
2360.2333,  1.00000000,1,0,0.0,0.5
2360.2667,  1.00000000,1,0,0.025000000000000001,0.5
2360.3000,  1.00000000,1,0,0.0,0.5
2360.3333,  1.00000000,1,0,0.0,0.5
2360.3667,  1.00000000,1,0,0.0,0.5
2360.4000,  1.00000000,1,0,0.0,0.5
2360.4333,  1.00000000,1,0,0.0,0.5
2360.4667,  1.00000000,1,0,0.0,0.5
2360.5000,  1.00000000,1,0,0.0,0.5
2360.5333,  1.00000000,1,0,0.025000000000000001,0.5
2360.5667,  1.00000000,1,0,0.0,0.5
2360.6000,  1.00000000,1,0,0.025000000000000001,0.5
2360.6333,  1.00000000,1,0,0.0,0.5
2360.6667,  1.00000000,1,0,0.0,0.5
2360.7000,  1.00000000,1,0,0.0,0.5
2360.7333,  1.00000000,1,0,0.0,0.5
2360.7667,  1.00000000,1,0,0.0,0.5
2360.8000,  1.00000000,1,0,0.025000000000000001,0.5
2360.8333,  1.00000000,1,0,0.0,0.5
2360.8667,  1.00000000,1,0,0.0,0.5
2360.9000,  1.00000000,1,0,0.0,0.5
2360.9333,  1.00000000,1,0,0.0,0.5
2360.9667,  1.00000000,1,0,0.0,0.5
2361.0000,  1.00000000,1,0,0.0,0.5
2361.0333,  1.00000000,1,0,0.0,0.5
2361.0667,  1.00000000,1,0,0.0,0.5
2361.1000,  1.00000000,1,0,0.0,0.5
2361.1333,  1.00000000,1,0,0.0,0.5
2361.1667,  1.00000000,1,0,0.0,0.5
2361.2000,  1.00000000,1,0,0.0,0.5
2361.2333,  1.00000000,1,0,0.025000000000000001,0.5
2361.2667,  1.00000000,1,0,0.0,0.5
2361.3000,  1.00000000,1,0,0.0,0.5
2361.3333,  1.00000000,1,0,0.0,0.5
2361.3667,  1.00000000,1,0,0.0,0.5
2361.4000,  1.00000000,1,0,0.0,0.5
2361.4333,  1.00000000,1,0,0.0,0.5
2361.4667,  1.00000000,1,0,0.025000000000000001,0.5
2361.5000,  1.00000000,1,0,0.0,0.5
2361.5333,  1.00000000,1,0,0.025000000000000001,0.5
2361.5667,  1.00000000,1,0,0.0,0.5
2361.6000,  1.00000000,1,0,0.025000000000000001,0.5
2361.6333,  1.00000000,1,0,0.025000000000000001,0.5
2361.6667,  1.00000000,1,0,0.0,0.5
2361.7000,  1.00000000,1,0,0.0,0.5
2361.7333,  1.00000000,1,0,0.0,0.5
2361.7667,  1.00000000,1,0,0.0,0.5
2361.8000,  1.00000000,1,0,0.025000000000000001,0.5
2361.8333,  1.00000000,1,0,0.0,0.5
2361.8667,  1.00000000,1,0,0.0,0.5
2361.9000,  1.00000000,1,0,0.0,0.5
2361.9333,  1.00000000,1,0,0.0,0.5
2361.9667,  1.00000000,1,0,0.0,0.5
2362.0000,  1.00000000,1,0,0.0,0.5
2362.0333,  1.00000000,1,0,0.0,0.5
2362.0667,  1.00000000,1,0,0.0,0.5
2362.1000,  1.00000000,1,0,0.0,0.5
2362.1333,  1.00000000,1,0,0.0,0.5
2362.1667,  1.00000000,1,0,0.0,0.5
2362.2000,  1.00000000,1,0,0.0,0.5
2362.2333,  1.00000000,1,0,0.025000000000000001,0.5
2362.2667,  1.00000000,1,0,0.0,0.5
2362.3000,  1.00000000,1,0,0.0,0.5
2362.3333,  1.00000000,1,0,0.0,0.5
2362.3667,  1.00000000,1,0,0.0,0.5
2362.4000,  1.00000000,1,0,0.0,0.5
2362.4333,  1.00000000,1,0,0.025000000000000001,0.5
2362.4667,  1.00000000,1,0,0.0,0.5
2362.5000,  1.00000000,1,0,0.0,0.5
2362.5333,  1.00000000,1,0,0.0,0.5
2362.5667,  1.00000000,1,0,0.0,0.5
2362.6000,  1.00000000,1,0,0.0,0.5
2362.6333,  1.00000000,1,0,0.0,0.5
2362.6667,  1.00000000,1,0,0.025000000000000001,0.5
2362.7000,  1.00000000,1,0,0.0,0.5
2362.7333,  1.00000000,1,0,0.0,0.5
2362.7667,  1.00000000,1,0,0.0,0.5
2362.8000,  1.00000000,1,0,0.0,0.5
2362.8333,  1.00000000,1,0,0.0,0.5
2362.8667,  1.00000000,1,0,0.0,0.5
2362.9000,  1.00000000,1,0,0.0,0.5
2362.9333,  1.00000000,1,0,0.0,0.5
2362.9667,  1.00000000,1,0,0.025000000000000001,0.5
2363.0000,  1.00000000,1,0,0.0,0.5
2363.0333,  1.00000000,1,0,0.0,0.5
2363.0667,  1.00000000,1,0,0.0,0.5
2363.1000,  1.00000000,1,0,0.0,0.5
2363.1333,  1.00000000,1,0,0.0,0.5
2363.1667,  1.00000000,1,0,0.0,0.5
2363.2000,  1.00000000,1,0,0.0,0.5
2363.2333,  1.00000000,1,0,0.0,0.5
2363.2667,  1.00000000,1,0,0.0,0.5
2363.3000,  1.00000000,1,0,0.0,0.5
2363.3333,  1.00000000,1,0,0.0,0.5
2363.3667,  1.00000000,1,0,0.025000000000000001,0.5
2363.4000,  1.00000000,1,0,0.0,0.5
2363.4333,  1.00000000,1,0,0.0,0.5
2363.4667,  1.00000000,1,0,0.0,0.5
2363.5000,  1.00000000,1,0,0.0,0.5
2363.5333,  1.00000000,1,0,0.0,0.5
2363.5667,  1.00000000,1,0,0.0,0.5
2363.6000,  1.00000000,1,0,0.0,0.5
2363.6333,  1.00000000,1,0,0.0,0.5
2363.6667,  1.00000000,1,0,0.0,0.5
2363.7000,  1.00000000,1,0,0.0,0.5
2363.7333,  1.00000000,1,0,0.0,0.5
2363.7667,  1.00000000,1,0,0.0,0.5
2363.8000,  1.00000000,1,0,0.0,0.5
2363.8333,  1.00000000,1,0,0.0,0.5
2363.8667,  1.00000000,1,0,0.0,0.5
2363.9000,  1.00000000,1,0,0.0,0.5
2363.9333,  1.00000000,1,0,0.0,0.5
2363.9667,  1.00000000,1,0,0.0,0.5
2364.0000,  1.00000000,1,0,0.025000000000000001,0.5
2364.0333,  1.00000000,1,0,0.0,0.5
2364.0667,  1.00000000,1,0,0.0,0.5
2364.1000,  1.00000000,1,0,0.0,0.5
2364.1333,  1.00000000,1,0,0.0,0.5
2364.1667,  1.00000000,1,0,0.0,0.5
2364.2000,  1.00000000,1,0,0.0,0.5
2364.2333,  1.00000000,1,0,0.0,0.5
2364.2667,  1.00000000,1,0,0.0,0.5
2364.3000,  1.00000000,1,0,0.0,0.5
2364.3333,  1.00000000,1,0,0.0,0.5
2364.3667,  1.00000000,1,0,0.0,0.5
2364.4000,  1.00000000,1,0,0.0,0.5
2364.4333,  1.00000000,1,0,0.0,0.5
2364.4667,  1.00000000,1,0,0.025000000000000001,0.5
2364.5000,  1.00000000,1,0,0.0,0.5
2364.5333,  1.00000000,1,0,0.0,0.5
2364.5667,  1.00000000,1,0,0.0,0.5
2364.6000,  1.00000000,1,0,0.0,0.5
2364.6333,  1.00000000,1,0,0.0,0.5
2364.6667,  1.00000000,1,0,0.0,0.5
2364.7000,  1.00000000,1,0,0.0,0.5
2364.7333,  1.00000000,1,0,0.0,0.5
2364.7667,  1.00000000,1,0,0.0,0.5
2364.8000,  1.00000000,1,0,0.0,0.5
2364.8333,  1.00000000,1,0,0.0,0.5
2364.8667,  1.00000000,1,0,0.0,0.5
2364.9000,  1.00000000,1,0,0.0,0.5
2364.9333,  1.00000000,1,0,0.0,0.5
2364.9667,  1.00000000,1,0,0.025000000000000001,0.5
2365.0000,  1.00000000,1,0,0.0,0.5
2365.0333,  1.00000000,1,0,0.0,0.5
2365.0667,  1.00000000,1,0,0.0,0.5
2365.1000,  1.00000000,1,0,0.0,0.5
2365.1333,  1.00000000,1,0,0.0,0.5
2365.1667,  1.00000000,1,0,0.0,0.5
2365.2000,  1.00000000,1,0,0.0,0.5
2365.2333,  1.00000000,1,0,0.0,0.5
2365.2667,  1.00000000,1,0,0.0,0.5
2365.3000,  1.00000000,1,0,0.0,0.5
2365.3333,  1.00000000,1,0,0.0,0.5
2365.3667,  1.00000000,1,0,0.0,0.5
2365.4000,  1.00000000,1,0,0.0,0.5
2365.4333,  1.00000000,1,0,0.0,0.5
2365.4667,  1.00000000,1,0,0.0,0.5
2365.5000,  1.00000000,1,0,0.0,0.5
2365.5333,  1.00000000,1,0,0.0,0.5
2365.5667,  1.00000000,1,0,0.025000000000000001,0.5
2365.6000,  1.00000000,1,0,0.0,0.5
2365.6333,  1.00000000,1,0,0.0,0.5
2365.6667,  1.00000000,1,0,0.0,0.5
2365.7000,  1.00000000,1,0,0.0,0.5
2365.7333,  1.00000000,1,0,0.0,0.5
2365.7667,  1.00000000,1,0,0.025000000000000001,0.5
2365.8000,  1.00000000,1,0,0.0,0.5
2365.8333,  1.00000000,1,0,0.0,0.5
2365.8667,  1.00000000,1,0,0.0,0.5
2365.9000,  1.00000000,1,0,0.0,0.5
2365.9333,  1.00000000,1,0,0.0,0.5
2365.9667,  1.00000000,1,0,0.0,0.5
2366.0000,  1.00000000,1,0,0.0,0.5
2366.0333,  1.00000000,1,0,0.025000000000000001,0.5
2366.0667,  1.00000000,1,0,0.0,0.5
2366.1000,  1.00000000,1,0,0.0,0.5
2366.1333,  1.00000000,1,0,0.0,0.5
2366.1667,  1.00000000,1,0,0.0,0.5
2366.2000,  1.00000000,1,0,0.0,0.5
2366.2333,  1.00000000,1,0,0.0,0.5
2366.2667,  1.00000000,1,0,0.0,0.5
2366.3000,  1.00000000,1,0,0.0,0.5
2366.3333,  1.00000000,1,0,0.0,0.5
2366.3667,  1.00000000,1,0,0.0,0.5
2366.4000,  1.00000000,1,0,0.0,0.5
2366.4333,  1.00000000,1,0,0.0,0.5
2366.4667,  1.00000000,1,0,0.0,0.5
2366.5000,  1.00000000,1,0,0.0,0.5
2366.5333,  1.00000000,1,0,0.0,0.5
2366.5667,  1.00000000,1,0,0.0,0.5
2366.6000,  1.00000000,1,0,0.0,0.5
2366.6333,  1.00000000,1,0,0.0,0.5
2366.6667,  1.00000000,1,0,0.0,0.5
2366.7000,  1.00000000,1,0,0.0,0.5
2366.7333,  1.00000000,1,0,0.0,0.5
2366.7667,  1.00000000,1,0,0.0,0.5
2366.8000,  1.00000000,1,0,0.0,0.5
2366.8333,  1.00000000,1,0,0.0,0.5
2366.8667,  1.00000000,1,0,0.025000000000000001,0.5
2366.9000,  1.00000000,1,0,0.0,0.5
2366.9333,  1.00000000,1,0,0.0,0.5
2366.9667,  1.00000000,1,0,0.0,0.5
2367.0000,  1.00000000,1,0,0.0,0.5
2367.0333,  1.00000000,1,0,0.0,0.5
2367.0667,  1.00000000,1,0,0.0,0.5
2367.1000,  1.00000000,1,0,0.0,0.5
2367.1333,  1.00000000,1,0,0.0,0.5
2367.1667,  1.00000000,1,0,0.0,0.5
2367.2000,  1.00000000,1,0,0.0,0.5
2367.2333,  1.00000000,1,0,0.0,0.5
2367.2667,  1.00000000,1,0,0.0,0.5
2367.3000,  1.00000000,1,0,0.0,0.5
2367.3333,  1.00000000,1,0,0.0,0.5
2367.3667,  1.00000000,1,0,0.0,0.5
2367.4000,  1.00000000,1,0,0.0,0.5
2367.4333,  1.00000000,1,0,0.0,0.5
2367.4667,  1.00000000,1,0,0.0,0.5
2367.5000,  1.00000000,1,0,0.0,0.5
2367.5333,  1.00000000,1,0,0.0,0.5
2367.5667,  1.00000000,1,0,0.0,0.5
2367.6000,  1.00000000,1,0,0.0,0.5
2367.6333,  1.00000000,1,0,0.0,0.5
2367.6667,  1.00000000,1,0,0.0,0.5
2367.7000,  1.00000000,1,0,0.0,0.5
2367.7333,  1.00000000,1,0,0.0,0.5
2367.7667,  1.00000000,1,0,0.0,0.5
2367.8000,  1.00000000,1,0,0.0,0.5
2367.8333,  1.00000000,1,0,0.0,0.5
2367.8667,  1.00000000,1,0,0.0,0.5
2367.9000,  1.00000000,1,0,0.0,0.5
2367.9333,  1.00000000,1,0,0.0,0.5
2367.9667,  1.00000000,1,0,0.0,0.5
2368.0000,  1.00000000,1,0,0.0,0.5
2368.0333,  1.00000000,1,0,0.0,0.5
2368.0667,  1.00000000,1,0,0.0,0.5
2368.1000,  1.00000000,1,0,0.025000000000000001,0.5
2368.1333,  1.00000000,1,0,0.0,0.5
2368.1667,  1.00000000,1,0,0.0,0.5
2368.2000,  1.00000000,1,0,0.0,0.5
2368.2333,  1.00000000,1,0,0.0,0.5
2368.2667,  1.00000000,1,0,0.0,0.5
2368.3000,  1.00000000,1,0,0.0,0.5
2368.3333,  1.00000000,1,0,0.0,0.5
2368.3667,  1.00000000,1,0,0.0,0.5
2368.4000,  1.00000000,1,0,0.0,0.5
2368.4333,  1.00000000,1,0,0.0,0.5
2368.4667,  1.00000000,1,0,0.0,0.5
2368.5000,  1.00000000,1,0,0.0,0.5
2368.5333,  1.00000000,1,0,0.0,0.5
2368.5667,  1.00000000,1,0,0.0,0.5
2368.6000,  1.00000000,1,0,0.0,0.5
2368.6333,  1.00000000,1,0,0.0,0.5
2368.6667,  1.00000000,1,0,0.0,0.5
2368.7000,  1.00000000,1,0,0.0,0.5
2368.7333,  1.00000000,1,0,0.025000000000000001,0.5
2368.7667,  1.00000000,1,0,0.0,0.5
2368.8000,  1.00000000,1,0,0.0,0.5
2368.8333,  1.00000000,1,0,0.0,0.5
2368.8667,  1.00000000,1,0,0.0,0.5
2368.9000,  1.00000000,1,0,0.0,0.5
2368.9333,  1.00000000,1,0,0.025000000000000001,0.5
2368.9667,  1.00000000,1,0,0.0,0.5
2369.0000,  1.00000000,1,0,0.0,0.5
2369.0333,  1.00000000,1,0,0.0,0.5
2369.0667,  1.00000000,1,0,0.0,0.5
2369.1000,  1.00000000,1,0,0.0,0.5
2369.1333,  1.00000000,1,0,0.0,0.5
2369.1667,  1.00000000,1,0,0.0,0.5
2369.2000,  1.00000000,1,0,0.0,0.5
2369.2333,  1.00000000,1,0,0.0,0.5
2369.2667,  1.00000000,1,0,0.0,0.5
2369.3000,  1.00000000,1,0,0.0,0.5
2369.3333,  1.00000000,1,0,0.0,0.5
2369.3667,  1.00000000,1,0,0.0,0.5
2369.4000,  1.00000000,1,0,0.025000000000000001,0.5
2369.4333,  1.00000000,1,0,0.0,0.5
2369.4667,  1.00000000,1,0,0.0,0.5
2369.5000,  1.00000000,1,0,0.0,0.5
2369.5333,  1.00000000,1,0,0.0,0.5
2369.5667,  1.00000000,1,0,0.025000000000000001,0.5
2369.6000,  1.00000000,1,0,0.0,0.5
2369.6333,  1.00000000,1,0,0.0,0.5
2369.6667,  1.00000000,1,0,0.0,0.5
2369.7000,  1.00000000,1,0,0.0,0.5
2369.7333,  1.00000000,1,0,0.0,0.5
2369.7667,  1.00000000,1,0,0.0,0.5
2369.8000,  1.00000000,1,0,0.0,0.5
2369.8333,  1.00000000,1,0,0.0,0.5
2369.8667,  1.00000000,1,0,0.0,0.5
2369.9000,  1.00000000,1,0,0.0,0.5
2369.9333,  1.00000000,1,0,0.0,0.5
2369.9667,  1.00000000,1,0,0.0,0.5
2370.0000,  1.00000000,1,0,0.0,0.5
2370.0333,  1.00000000,1,0,0.0,0.5
2370.0667,  1.00000000,1,0,0.0,0.5
2370.1000,  1.00000000,1,0,0.0,0.5
2370.1333,  1.00000000,1,0,0.0,0.5
2370.1667,  1.00000000,1,0,0.0,0.5
2370.2000,  1.00000000,1,0,0.0,0.5
2370.2333,  1.00000000,1,0,0.0,0.5
2370.2667,  1.00000000,1,0,0.025000000000000001,0.5
2370.3000,  1.00000000,1,0,0.0,0.5
2370.3333,  1.00000000,1,0,0.0,0.5
2370.3667,  1.00000000,1,0,0.0,0.5
2370.4000,  1.00000000,1,0,0.0,0.5
2370.4333,  1.00000000,1,0,0.0,0.5
2370.4667,  1.00000000,1,0,0.0,0.5
2370.5000,  1.00000000,1,0,0.0,0.5
2370.5333,  1.00000000,1,0,0.0,0.5
2370.5667,  1.00000000,1,0,0.0,0.5
2370.6000,  1.00000000,1,0,0.0,0.5
2370.6333,  1.00000000,1,0,0.0,0.5
2370.6667,  1.00000000,1,0,0.0,0.5
2370.7000,  1.00000000,1,0,0.0,0.5
2370.7333,  1.00000000,1,0,0.0,0.5
2370.7667,  1.00000000,1,0,0.0,0.5
2370.8000,  1.00000000,1,0,0.0,0.5
2370.8333,  1.00000000,1,0,0.0,0.5
2370.8667,  1.00000000,1,0,0.0,0.5
2370.9000,  1.00000000,1,0,0.0,0.5
2370.9333,  1.00000000,1,0,0.0,0.5
2370.9667,  1.00000000,1,0,0.0,0.5
2371.0000,  1.00000000,1,0,0.0,0.5
2371.0333,  1.00000000,1,0,0.025000000000000001,0.5
2371.0667,  1.00000000,1,0,0.025000000000000001,0.5
2371.1000,  1.00000000,1,0,0.0,0.5
2371.1333,  1.00000000,1,0,0.0,0.5
2371.1667,  1.00000000,1,0,0.0,0.5
2371.2000,  1.00000000,1,0,0.0,0.5
2371.2333,  1.00000000,1,0,0.025000000000000001,0.5
2371.2667,  1.00000000,1,0,0.0,0.5
2371.3000,  1.00000000,1,0,0.0,0.5
2371.3333,  1.00000000,1,0,0.025000000000000001,0.5
2371.3667,  1.00000000,1,0,0.0,0.5
2371.4000,  1.00000000,1,0,0.0,0.5
2371.4333,  1.00000000,1,0,0.0,0.5
2371.4667,  1.00000000,1,0,0.0,0.5
2371.5000,  1.00000000,1,0,0.0,0.5
2371.5333,  1.00000000,1,0,0.025000000000000001,0.5
2371.5667,  1.00000000,1,0,0.0,0.5
2371.6000,  1.00000000,1,0,0.0,0.5
2371.6333,  1.00000000,1,0,0.0,0.5
2371.6667,  1.00000000,1,0,0.0,0.5
2371.7000,  1.00000000,1,0,0.0,0.5
2371.7333,  1.00000000,1,0,0.025000000000000001,0.5
2371.7667,  1.00000000,1,0,0.0,0.5
2371.8000,  1.00000000,1,0,0.0,0.5
2371.8333,  1.00000000,1,0,0.0,0.5
2371.8667,  1.00000000,1,0,0.0,0.5
2371.9000,  1.00000000,1,0,0.0,0.5
2371.9333,  1.00000000,1,0,0.025000000000000001,0.5
2371.9667,  1.00000000,1,0,0.0,0.5
2372.0000,  1.00000000,1,0,0.0,0.5
2372.0333,  1.00000000,1,0,0.0,0.5
2372.0667,  1.00000000,1,0,0.0,0.5
2372.1000,  1.00000000,1,0,0.0,0.5
2372.1333,  1.00000000,1,0,0.0,0.5
2372.1667,  1.00000000,1,0,0.0,0.5
2372.2000,  1.00000000,1,0,0.0,0.5
2372.2333,  1.00000000,1,0,0.0,0.5
2372.2667,  1.00000000,1,0,0.0,0.5
2372.3000,  1.00000000,1,0,0.0,0.5
2372.3333,  1.00000000,1,0,0.025000000000000001,0.5
2372.3667,  1.00000000,1,0,0.0,0.5
2372.4000,  1.00000000,1,0,0.0,0.5
2372.4333,  1.00000000,1,0,0.0,0.5
2372.4667,  1.00000000,1,0,0.0,0.5
2372.5000,  1.00000000,1,0,0.0,0.5
2372.5333,  1.00000000,1,0,0.0,0.5
2372.5667,  1.00000000,1,0,0.0,0.5
2372.6000,  1.00000000,1,0,0.0,0.5
2372.6333,  1.00000000,1,0,0.0,0.5
2372.6667,  1.00000000,1,0,0.0,0.5
2372.7000,  1.00000000,1,0,0.0,0.5
2372.7333,  1.00000000,1,0,0.0,0.5
2372.7667,  1.00000000,1,0,0.0,0.5
2372.8000,  1.00000000,1,0,0.0,0.5
2372.8333,  1.00000000,1,0,0.0,0.5
2372.8667,  1.00000000,1,0,0.0,0.5
2372.9000,  1.00000000,1,0,0.0,0.5
2372.9333,  1.00000000,1,0,0.0,0.5
2372.9667,  1.00000000,1,0,0.0,0.5
2373.0000,  1.00000000,1,0,0.0,0.5
2373.0333,  1.00000000,1,0,0.0,0.5
2373.0667,  1.00000000,1,0,0.0,0.5
2373.1000,  1.00000000,1,0,0.0,0.5
2373.1333,  1.00000000,1,0,0.0,0.5
2373.1667,  1.00000000,1,0,0.0,0.5
2373.2000,  1.00000000,1,0,0.0,0.5
2373.2333,  1.00000000,1,0,0.0,0.5
2373.2667,  1.00000000,1,0,0.0,0.5
2373.3000,  1.00000000,1,0,0.0,0.5
2373.3333,  1.00000000,1,0,0.0,0.5
2373.3667,  1.00000000,1,0,0.0,0.5
2373.4000,  1.00000000,1,0,0.0,0.5
2373.4333,  1.00000000,1,0,0.0,0.5
2373.4667,  1.00000000,1,0,0.0,0.5
2373.5000,  1.00000000,1,0,0.025000000000000001,0.5
2373.5333,  1.00000000,1,0,0.0,0.5
2373.5667,  1.00000000,1,0,0.0,0.5
2373.6000,  1.00000000,1,0,0.0,0.5
2373.6333,  1.00000000,1,0,0.0,0.5
2373.6667,  1.00000000,1,0,0.0,0.5
2373.7000,  1.00000000,1,0,0.0,0.5
2373.7333,  1.00000000,1,0,0.0,0.5
2373.7667,  1.00000000,1,0,0.0,0.5
2373.8000,  1.00000000,1,0,0.0,0.5
2373.8333,  1.00000000,1,0,0.0,0.5
2373.8667,  1.00000000,1,0,0.0,0.5
2373.9000,  1.00000000,1,0,0.0,0.5
2373.9333,  1.00000000,1,0,0.0,0.5
2373.9667,  1.00000000,1,0,0.0,0.5
2374.0000,  1.00000000,1,0,0.0,0.5
2374.0333,  1.00000000,1,0,0.0,0.5
2374.0667,  1.00000000,1,0,0.0,0.5
2374.1000,  1.00000000,1,0,0.0,0.5
2374.1333,  1.00000000,1,0,0.0,0.5
2374.1667,  1.00000000,1,0,0.0,0.5
2374.2000,  1.00000000,1,0,0.0,0.5
2374.2333,  1.00000000,1,0,0.0,0.5
2374.2667,  1.00000000,1,0,0.0,0.5
2374.3000,  1.00000000,1,0,0.0,0.5
2374.3333,  1.00000000,1,0,0.0,0.5
2374.3667,  1.00000000,1,0,0.0,0.5
2374.4000,  1.00000000,1,0,0.0,0.5
2374.4333,  1.00000000,1,0,0.0,0.5
2374.4667,  1.00000000,1,0,0.0,0.5
2374.5000,  1.00000000,1,0,0.0,0.5
2374.5333,  1.00000000,1,0,0.0,0.5
2374.5667,  1.00000000,1,0,0.0,0.5
2374.6000,  1.00000000,1,0,0.0,0.5
2374.6333,  1.00000000,1,0,0.0,0.5
2374.6667,  1.00000000,1,0,0.0,0.5
2374.7000,  1.00000000,1,0,0.0,0.5
2374.7333,  1.00000000,1,0,0.0,0.5
2374.7667,  1.00000000,1,0,0.0,0.5
2374.8000,  1.00000000,1,0,0.0,0.5
2374.8333,  1.00000000,1,0,0.0,0.5
2374.8667,  1.00000000,1,0,0.0,0.5
2374.9000,  1.00000000,1,0,0.025000000000000001,0.5
2374.9333,  1.00000000,1,0,0.0,0.5
2374.9667,  1.00000000,1,0,0.0,0.5
2375.0000,  1.00000000,1,0,0.0,0.5
2375.0333,  1.00000000,1,0,0.0,0.5
2375.0667,  1.00000000,1,0,0.0,0.5
2375.1000,  1.00000000,1,0,0.0,0.5
2375.1333,  1.00000000,1,0,0.0,0.5
2375.1667,  1.00000000,1,0,0.0,0.5
2375.2000,  1.00000000,1,0,0.0,0.5
2375.2333,  1.00000000,1,0,0.0,0.5
2375.2667,  1.00000000,1,0,0.0,0.5
2375.3000,  1.00000000,1,0,0.0,0.5
2375.3333,  1.00000000,1,0,0.0,0.5
2375.3667,  1.00000000,1,0,0.0,0.5
2375.4000,  1.00000000,1,0,0.0,0.5
2375.4333,  1.00000000,1,0,0.0,0.5
2375.4667,  1.00000000,1,0,0.0,0.5
2375.5000,  1.00000000,1,0,0.0,0.5
2375.5333,  1.00000000,1,0,0.0,0.5
2375.5667,  1.00000000,1,0,0.0,0.5
2375.6000,  1.00000000,1,0,0.0,0.5
2375.6333,  1.00000000,1,0,0.0,0.5
2375.6667,  1.00000000,1,0,0.0,0.5
2375.7000,  1.00000000,1,0,0.0,0.5
2375.7333,  1.00000000,1,0,0.0,0.5
2375.7667,  1.00000000,1,0,0.0,0.5
2375.8000,  1.00000000,1,0,0.0,0.5
2375.8333,  1.00000000,1,0,0.025000000000000001,0.5
2375.8667,  1.00000000,1,0,0.0,0.5
2375.9000,  1.00000000,1,0,0.0,0.5
2375.9333,  1.00000000,1,0,0.0,0.5
2375.9667,  1.00000000,1,0,0.0,0.5
2376.0000,  1.00000000,1,0,0.0,0.5
2376.0333,  1.00000000,1,0,0.0,0.5
2376.0667,  1.00000000,1,0,0.0,0.5
2376.1000,  1.00000000,1,0,0.0,0.5
2376.1333,  1.00000000,1,0,0.0,0.5
2376.1667,  1.00000000,1,0,0.0,0.5
2376.2000,  1.00000000,1,0,0.025000000000000001,0.5
2376.2333,  1.00000000,1,0,0.0,0.5
2376.2667,  1.00000000,1,0,0.0,0.5
2376.3000,  1.00000000,1,0,0.0,0.5
2376.3333,  1.00000000,1,0,0.0,0.5
2376.3667,  1.00000000,1,0,0.0,0.5
2376.4000,  1.00000000,1,0,0.0,0.5
2376.4333,  1.00000000,1,0,0.0,0.5
2376.4667,  1.00000000,1,0,0.0,0.5
2376.5000,  1.00000000,1,0,0.025000000000000001,0.5
2376.5333,  1.00000000,1,0,0.0,0.5
2376.5667,  1.00000000,1,0,0.0,0.5
2376.6000,  1.00000000,1,0,0.0,0.5
2376.6333,  1.00000000,1,0,0.0,0.5
2376.6667,  1.00000000,1,0,0.0,0.5
2376.7000,  1.00000000,1,0,0.0,0.5
2376.7333,  1.00000000,1,0,0.0,0.5
2376.7667,  1.00000000,1,0,0.0,0.5
2376.8000,  1.00000000,1,0,0.0,0.5
2376.8333,  1.00000000,1,0,0.0,0.5
2376.8667,  1.00000000,1,0,0.0,0.5
2376.9000,  1.00000000,1,0,0.0,0.5
2376.9333,  1.00000000,1,0,0.0,0.5
2376.9667,  1.00000000,1,0,0.0,0.5
2377.0000,  1.00000000,1,0,0.0,0.5
2377.0333,  1.00000000,1,0,0.0,0.5
2377.0667,  1.00000000,1,0,0.0,0.5
2377.1000,  1.00000000,1,0,0.0,0.5
2377.1333,  1.00000000,1,0,0.0,0.5
2377.1667,  1.00000000,1,0,0.0,0.5
2377.2000,  1.00000000,1,0,0.0,0.5
2377.2333,  1.00000000,1,0,0.0,0.5
2377.2667,  1.00000000,1,0,0.0,0.5
2377.3000,  1.00000000,1,0,0.0,0.5
2377.3333,  1.00000000,1,0,0.0,0.5
2377.3667,  1.00000000,1,0,0.025000000000000001,0.5
2377.4000,  1.00000000,1,0,0.0,0.5
2377.4333,  1.00000000,1,0,0.0,0.5
2377.4667,  1.00000000,1,0,0.0,0.5
2377.5000,  1.00000000,1,0,0.0,0.5
2377.5333,  1.00000000,1,0,0.0,0.5
2377.5667,  1.00000000,1,0,0.0,0.5
2377.6000,  1.00000000,1,0,0.0,0.5
2377.6333,  1.00000000,1,0,0.0,0.5
2377.6667,  1.00000000,1,0,0.0,0.5
2377.7000,  1.00000000,1,0,0.0,0.5
2377.7333,  1.00000000,1,0,0.0,0.5
2377.7667,  1.00000000,1,0,0.0,0.5
2377.8000,  1.00000000,1,0,0.025000000000000001,0.5
2377.8333,  1.00000000,1,0,0.0,0.5
2377.8667,  1.00000000,1,0,0.0,0.5
2377.9000,  1.00000000,1,0,0.0,0.5
2377.9333,  1.00000000,1,0,0.0,0.5
2377.9667,  1.00000000,1,0,0.0,0.5
2378.0000,  1.00000000,1,0,0.0,0.5
2378.0333,  1.00000000,1,0,0.0,0.5
2378.0667,  1.00000000,1,0,0.0,0.5
2378.1000,  1.00000000,1,0,0.0,0.5
2378.1333,  1.00000000,1,0,0.0,0.5
2378.1667,  1.00000000,1,0,0.0,0.5
2378.2000,  1.00000000,1,0,0.0,0.5
2378.2333,  1.00000000,1,0,0.0,0.5
2378.2667,  1.00000000,1,0,0.0,0.5
2378.3000,  1.00000000,1,0,0.0,0.5
2378.3333,  1.00000000,1,0,0.0,0.5
2378.3667,  1.00000000,1,0,0.0,0.5
2378.4000,  1.00000000,1,0,0.0,0.5
2378.4333,  1.00000000,1,0,0.0,0.5
2378.4667,  1.00000000,1,0,0.0,0.5
2378.5000,  1.00000000,1,0,0.0,0.5
2378.5333,  1.00000000,1,0,0.0,0.5
2378.5667,  1.00000000,1,0,0.0,0.5
2378.6000,  1.00000000,1,0,0.0,0.5
2378.6333,  1.00000000,1,0,0.0,0.5
2378.6667,  1.00000000,1,0,0.0,0.5
2378.7000,  1.00000000,1,0,0.0,0.5
2378.7333,  1.00000000,1,0,0.0,0.5
2378.7667,  1.00000000,1,0,0.025000000000000001,0.5
2378.8000,  1.00000000,1,0,0.0,0.5
2378.8333,  1.00000000,1,0,0.0,0.5
2378.8667,  1.00000000,1,0,0.0,0.5
2378.9000,  1.00000000,1,0,0.025000000000000001,0.5
2378.9333,  1.00000000,1,0,0.0,0.5
2378.9667,  1.00000000,1,0,0.0,0.5
2379.0000,  1.00000000,1,0,0.0,0.5
2379.0333,  1.00000000,1,0,0.0,0.5
2379.0667,  1.00000000,1,0,0.0,0.5
2379.1000,  1.00000000,1,0,0.025000000000000001,0.5
2379.1333,  1.00000000,1,0,0.0,0.5
2379.1667,  1.00000000,1,0,0.0,0.5
2379.2000,  1.00000000,1,0,0.0,0.5
2379.2333,  1.00000000,1,0,0.0,0.5
2379.2667,  1.00000000,1,0,0.0,0.5
2379.3000,  1.00000000,1,0,0.0,0.5
2379.3333,  1.00000000,1,0,0.025000000000000001,0.5
2379.3667,  1.00000000,1,0,0.0,0.5
2379.4000,  1.00000000,1,0,0.0,0.5
2379.4333,  1.00000000,1,0,0.0,0.5
2379.4667,  1.00000000,1,0,0.0,0.5
2379.5000,  1.00000000,1,0,0.0,0.5
2379.5333,  1.00000000,1,0,0.0,0.5
2379.5667,  1.00000000,1,0,0.0,0.5
2379.6000,  1.00000000,1,0,0.0,0.5
2379.6333,  1.00000000,1,0,0.0,0.5
2379.6667,  1.00000000,1,0,0.0,0.5
2379.7000,  1.00000000,1,0,0.0,0.5
2379.7333,  1.00000000,1,0,0.0,0.5
2379.7667,  1.00000000,1,0,0.0,0.5
2379.8000,  1.00000000,1,0,0.0,0.5
2379.8333,  1.00000000,1,0,0.0,0.5
2379.8667,  1.00000000,1,0,0.0,0.5
2379.9000,  1.00000000,1,0,0.0,0.5
2379.9333,  1.00000000,1,0,0.0,0.5
2379.9667,  1.00000000,1,0,0.025000000000000001,0.5
2380.0000,  1.00000000,1,0,0.0,0.5
2380.0333,  1.00000000,1,0,0.0,0.5
2380.0667,  1.00000000,1,0,0.0,0.5
2380.1000,  1.00000000,1,0,0.0,0.5
2380.1333,  1.00000000,1,0,0.0,0.5
2380.1667,  1.00000000,1,0,0.0,0.5
2380.2000,  1.00000000,1,0,0.0,0.5
2380.2333,  1.00000000,1,0,0.0,0.5
2380.2667,  1.00000000,1,0,0.0,0.5
2380.3000,  1.00000000,1,0,0.0,0.5
2380.3333,  1.00000000,1,0,0.0,0.5
2380.3667,  1.00000000,1,0,0.0,0.5
2380.4000,  1.00000000,1,0,0.0,0.5
2380.4333,  1.00000000,1,0,0.0,0.5
2380.4667,  1.00000000,1,0,0.0,0.5
2380.5000,  1.00000000,1,0,0.0,0.5
2380.5333,  1.00000000,1,0,0.025000000000000001,0.5
2380.5667,  1.00000000,1,0,0.0,0.5
2380.6000,  1.00000000,1,0,0.0,0.5
2380.6333,  1.00000000,1,0,0.0,0.5
2380.6667,  1.00000000,1,0,0.0,0.5
2380.7000,  1.00000000,1,0,0.0,0.5
2380.7333,  1.00000000,1,0,0.0,0.5
2380.7667,  1.00000000,1,0,0.025000000000000001,0.5
2380.8000,  1.00000000,1,0,0.0,0.5
2380.8333,  1.00000000,1,0,0.0,0.5
2380.8667,  1.00000000,1,0,0.0,0.5
2380.9000,  1.00000000,1,0,0.0,0.5
2380.9333,  1.00000000,1,0,0.0,0.5
2380.9667,  1.00000000,1,0,0.0,0.5
2381.0000,  1.00000000,1,0,0.0,0.5
2381.0333,  1.00000000,1,0,0.0,0.5
2381.0667,  1.00000000,1,0,0.0,0.5
2381.1000,  1.00000000,1,0,0.0,0.5
2381.1333,  1.00000000,1,0,0.0,0.5
2381.1667,  1.00000000,1,0,0.0,0.5
2381.2000,  1.00000000,1,0,0.0,0.5
2381.2333,  1.00000000,1,0,0.0,0.5
2381.2667,  1.00000000,1,0,0.0,0.5
2381.3000,  1.00000000,1,0,0.0,0.5
2381.3333,  1.00000000,1,0,0.0,0.5
2381.3667,  1.00000000,1,0,0.0,0.5
2381.4000,  1.00000000,1,0,0.0,0.5
2381.4333,  1.00000000,1,0,0.0,0.5
2381.4667,  1.00000000,1,0,0.0,0.5
2381.5000,  1.00000000,1,0,0.0,0.5
2381.5333,  1.00000000,1,0,0.0,0.5
2381.5667,  1.00000000,1,0,0.0,0.5
2381.6000,  1.00000000,1,0,0.0,0.5
2381.6333,  1.00000000,1,0,0.0,0.5
2381.6667,  1.00000000,1,0,0.0,0.5
2381.7000,  1.00000000,1,0,0.0,0.5
2381.7333,  1.00000000,1,0,0.0,0.5
2381.7667,  1.00000000,1,0,0.0,0.5
2381.8000,  1.00000000,1,0,0.0,0.5
2381.8333,  1.00000000,1,0,0.0,0.5
2381.8667,  1.00000000,1,0,0.0,0.5
2381.9000,  1.00000000,1,0,0.0,0.5
2381.9333,  1.00000000,1,0,0.0,0.5
2381.9667,  1.00000000,1,0,0.0,0.5
2382.0000,  1.00000000,1,0,0.0,0.5
2382.0333,  1.00000000,1,0,0.0,0.5
2382.0667,  1.00000000,1,0,0.0,0.5
2382.1000,  1.00000000,1,0,0.0,0.5
2382.1333,  1.00000000,1,0,0.0,0.5
2382.1667,  1.00000000,1,0,0.0,0.5
2382.2000,  1.00000000,1,0,0.0,0.5
2382.2333,  1.00000000,1,0,0.0,0.5
2382.2667,  1.00000000,1,0,0.0,0.5
2382.3000,  1.00000000,1,0,0.0,0.5
2382.3333,  1.00000000,1,0,0.0,0.5
2382.3667,  1.00000000,1,0,0.0,0.5
2382.4000,  1.00000000,1,0,0.0,0.5
2382.4333,  1.00000000,1,0,0.0,0.5
2382.4667,  1.00000000,1,0,0.0,0.5
2382.5000,  1.00000000,1,0,0.0,0.5
2382.5333,  1.00000000,1,0,0.025000000000000001,0.5
2382.5667,  1.00000000,1,0,0.0,0.5
2382.6000,  1.00000000,1,0,0.0,0.5
2382.6333,  1.00000000,1,0,0.025000000000000001,0.5
2382.6667,  1.00000000,1,0,0.0,0.5
2382.7000,  1.00000000,1,0,0.0,0.5
2382.7333,  1.00000000,1,0,0.025000000000000001,0.5
2382.7667,  1.00000000,1,0,0.0,0.5
2382.8000,  1.00000000,1,0,0.0,0.5
2382.8333,  1.00000000,1,0,0.0,0.5
2382.8667,  1.00000000,1,0,0.0,0.5
2382.9000,  1.00000000,1,0,0.0,0.5
2382.9333,  1.00000000,1,0,0.0,0.5
2382.9667,  1.00000000,1,0,0.0,0.5
2383.0000,  1.00000000,1,0,0.0,0.5
2383.0333,  1.00000000,1,0,0.0,0.5
2383.0667,  1.00000000,1,0,0.0,0.5
2383.1000,  1.00000000,1,0,0.0,0.5
2383.1333,  1.00000000,1,0,0.025000000000000001,0.5
2383.1667,  1.00000000,1,0,0.0,0.5
2383.2000,  1.00000000,1,0,0.0,0.5
2383.2333,  1.00000000,1,0,0.0,0.5
2383.2667,  1.00000000,1,0,0.0,0.5
2383.3000,  1.00000000,1,0,0.0,0.5
2383.3333,  1.00000000,1,0,0.0,0.5
2383.3667,  1.00000000,1,0,0.0,0.5
2383.4000,  1.00000000,1,0,0.0,0.5
2383.4333,  1.00000000,1,0,0.0,0.5
2383.4667,  1.00000000,1,0,0.0,0.5
2383.5000,  1.00000000,1,0,0.0,0.5
2383.5333,  1.00000000,1,0,0.0,0.5
2383.5667,  1.00000000,1,0,0.0,0.5
2383.6000,  1.00000000,1,0,0.0,0.5
2383.6333,  1.00000000,1,0,0.0,0.5
2383.6667,  1.00000000,1,0,0.0,0.5
2383.7000,  1.00000000,1,0,0.0,0.5
2383.7333,  1.00000000,1,0,0.0,0.5
2383.7667,  1.00000000,1,0,0.0,0.5
2383.8000,  1.00000000,1,0,0.0,0.5
2383.8333,  1.00000000,1,0,0.0,0.5
2383.8667,  1.00000000,1,0,0.0,0.5
2383.9000,  1.00000000,1,0,0.0,0.5
2383.9333,  1.00000000,1,0,0.0,0.5
2383.9667,  1.00000000,1,0,0.0,0.5
2384.0000,  1.00000000,1,0,0.0,0.5
2384.0333,  1.00000000,1,0,0.0,0.5
2384.0667,  1.00000000,1,0,0.0,0.5
2384.1000,  1.00000000,1,0,0.0,0.5
2384.1333,  1.00000000,1,0,0.0,0.5
2384.1667,  1.00000000,1,0,0.0,0.5
2384.2000,  1.00000000,1,0,0.0,0.5
2384.2333,  1.00000000,1,0,0.0,0.5
2384.2667,  1.00000000,1,0,0.025000000000000001,0.5
2384.3000,  1.00000000,1,0,0.0,0.5
2384.3333,  1.00000000,1,0,0.0,0.5
2384.3667,  1.00000000,1,0,0.0,0.5
2384.4000,  1.00000000,1,0,0.0,0.5
2384.4333,  1.00000000,1,0,0.0,0.5
2384.4667,  1.00000000,1,0,0.0,0.5
2384.5000,  1.00000000,1,0,0.0,0.5
2384.5333,  1.00000000,1,0,0.0,0.5
2384.5667,  1.00000000,1,0,0.0,0.5
2384.6000,  1.00000000,1,0,0.0,0.5
2384.6333,  1.00000000,1,0,0.0,0.5
2384.6667,  1.00000000,1,0,0.0,0.5
2384.7000,  1.00000000,1,0,0.0,0.5
2384.7333,  1.00000000,1,0,0.0,0.5
2384.7667,  1.00000000,1,0,0.0,0.5
2384.8000,  1.00000000,1,0,0.0,0.5
2384.8333,  1.00000000,1,0,0.0,0.5
2384.8667,  1.00000000,1,0,0.0,0.5
2384.9000,  1.00000000,1,0,0.0,0.5
2384.9333,  1.00000000,1,0,0.0,0.5
2384.9667,  1.00000000,1,0,0.0,0.5
2385.0000,  1.00000000,1,0,0.025000000000000001,0.5
2385.0333,  1.00000000,1,0,0.0,0.5
2385.0667,  1.00000000,1,0,0.0,0.5
2385.1000,  1.00000000,1,0,0.0,0.5
2385.1333,  1.00000000,1,0,0.0,0.5
2385.1667,  1.00000000,1,0,0.0,0.5
2385.2000,  1.00000000,1,0,0.0,0.5
2385.2333,  1.00000000,1,0,0.0,0.5
2385.2667,  1.00000000,1,0,0.0,0.5
2385.3000,  1.00000000,1,0,0.0,0.5
2385.3333,  1.00000000,1,0,0.0,0.5
2385.3667,  1.00000000,1,0,0.0,0.5
2385.4000,  1.00000000,1,0,0.0,0.5
2385.4333,  1.00000000,1,0,0.0,0.5
2385.4667,  1.00000000,1,0,0.0,0.5
2385.5000,  1.00000000,1,0,0.0,0.5
2385.5333,  1.00000000,1,0,0.0,0.5
2385.5667,  1.00000000,1,0,0.0,0.5
2385.6000,  1.00000000,1,0,0.0,0.5
2385.6333,  1.00000000,1,0,0.0,0.5
2385.6667,  1.00000000,1,0,0.0,0.5
2385.7000,  1.00000000,1,0,0.0,0.5
2385.7333,  1.00000000,1,0,0.0,0.5
2385.7667,  1.00000000,1,0,0.0,0.5
2385.8000,  1.00000000,1,0,0.0,0.5
2385.8333,  1.00000000,1,0,0.0,0.5
2385.8667,  1.00000000,1,0,0.0,0.5
2385.9000,  1.00000000,1,0,0.0,0.5
2385.9333,  1.00000000,1,0,0.0,0.5
2385.9667,  1.00000000,1,0,0.0,0.5
2386.0000,  1.00000000,1,0,0.0,0.5
2386.0333,  1.00000000,1,0,0.0,0.5
2386.0667,  1.00000000,1,0,0.0,0.5
2386.1000,  1.00000000,1,0,0.0,0.5
2386.1333,  1.00000000,1,0,0.0,0.5
2386.1667,  1.00000000,1,0,0.0,0.5
2386.2000,  1.00000000,1,0,0.0,0.5
2386.2333,  1.00000000,1,0,0.0,0.5
2386.2667,  1.00000000,1,0,0.0,0.5
2386.3000,  1.00000000,1,0,0.0,0.5
2386.3333,  1.00000000,1,0,0.0,0.5
2386.3667,  1.00000000,1,0,0.0,0.5
2386.4000,  1.00000000,1,0,0.0,0.5
2386.4333,  1.00000000,1,0,0.0,0.5
2386.4667,  1.00000000,1,0,0.0,0.5
2386.5000,  1.00000000,1,0,0.0,0.5
2386.5333,  1.00000000,1,0,0.0,0.5
2386.5667,  1.00000000,1,0,0.0,0.5
2386.6000,  1.00000000,1,0,0.0,0.5
2386.6333,  1.00000000,1,0,0.0,0.5
2386.6667,  1.00000000,1,0,0.0,0.5
2386.7000,  1.00000000,1,0,0.0,0.5
2386.7333,  1.00000000,1,0,0.0,0.5
2386.7667,  1.00000000,1,0,0.0,0.5
2386.8000,  1.00000000,1,0,0.0,0.5
2386.8333,  1.00000000,1,0,0.025000000000000001,0.5
2386.8667,  1.00000000,1,0,0.0,0.5
2386.9000,  1.00000000,1,0,0.0,0.5
2386.9333,  1.00000000,1,0,0.0,0.5
2386.9667,  1.00000000,1,0,0.0,0.5
2387.0000,  1.00000000,1,0,0.025000000000000001,0.5
2387.0333,  1.00000000,1,0,0.0,0.5
2387.0667,  1.00000000,1,0,0.0,0.5
2387.1000,  1.00000000,1,0,0.0,0.5
2387.1333,  1.00000000,1,0,0.0,0.5
2387.1667,  1.00000000,1,0,0.025000000000000001,0.5
2387.2000,  1.00000000,1,0,0.0,0.5
2387.2333,  1.00000000,1,0,0.025000000000000001,0.5
2387.2667,  1.00000000,1,0,0.0,0.5
2387.3000,  1.00000000,1,0,0.0,0.5
2387.3333,  1.00000000,1,0,0.0,0.5
2387.3667,  1.00000000,1,0,0.0,0.5
2387.4000,  1.00000000,1,0,0.0,0.5
2387.4333,  1.00000000,1,0,0.0,0.5
2387.4667,  1.00000000,1,0,0.0,0.5
2387.5000,  1.00000000,1,0,0.0,0.5
2387.5333,  1.00000000,1,0,0.0,0.5
2387.5667,  1.00000000,1,0,0.0,0.5
2387.6000,  1.00000000,1,0,0.0,0.5
2387.6333,  1.00000000,1,0,0.0,0.5
2387.6667,  1.00000000,1,0,0.0,0.5
2387.7000,  1.00000000,1,0,0.0,0.5
2387.7333,  1.00000000,1,0,0.0,0.5
2387.7667,  1.00000000,1,0,0.0,0.5
2387.8000,  1.00000000,1,0,0.0,0.5
2387.8333,  1.00000000,1,0,0.0,0.5
2387.8667,  1.00000000,1,0,0.0,0.5
2387.9000,  1.00000000,1,0,0.0,0.5
2387.9333,  1.00000000,1,0,0.0,0.5
2387.9667,  1.00000000,1,0,0.0,0.5
2388.0000,  1.00000000,1,0,0.0,0.5
2388.0333,  1.00000000,1,0,0.0,0.5
2388.0667,  1.00000000,1,0,0.0,0.5
2388.1000,  1.00000000,1,0,0.0,0.5
2388.1333,  1.00000000,1,0,0.0,0.5
2388.1667,  1.00000000,1,0,0.0,0.5
2388.2000,  1.00000000,1,0,0.0,0.5
2388.2333,  1.00000000,1,0,0.0,0.5
2388.2667,  1.00000000,1,0,0.0,0.5
2388.3000,  1.00000000,1,0,0.0,0.5
2388.3333,  1.00000000,1,0,0.0,0.5
2388.3667,  1.00000000,1,0,0.0,0.5
2388.4000,  1.00000000,1,0,0.0,0.5
2388.4333,  1.00000000,1,0,0.025000000000000001,0.5
2388.4667,  1.00000000,1,0,0.0,0.5
2388.5000,  1.00000000,1,0,0.0,0.5
2388.5333,  1.00000000,1,0,0.0,0.5
2388.5667,  1.00000000,1,0,0.025000000000000001,0.5
2388.6000,  1.00000000,1,0,0.0,0.5
2388.6333,  1.00000000,1,0,0.0,0.5
2388.6667,  1.00000000,1,0,0.0,0.5
2388.7000,  1.00000000,1,0,0.0,0.5
2388.7333,  1.00000000,1,0,0.0,0.5
2388.7667,  1.00000000,1,0,0.0,0.5
2388.8000,  1.00000000,1,0,0.0,0.5
2388.8333,  1.00000000,1,0,0.0,0.5
2388.8667,  1.00000000,1,0,0.0,0.5
2388.9000,  1.00000000,1,0,0.0,0.5
2388.9333,  1.00000000,1,0,0.0,0.5
2388.9667,  1.00000000,1,0,0.0,0.5
2389.0000,  1.00000000,1,0,0.0,0.5
2389.0333,  1.00000000,1,0,0.0,0.5
2389.0667,  1.00000000,1,0,0.0,0.5
2389.1000,  1.00000000,1,0,0.0,0.5
2389.1333,  1.00000000,1,0,0.0,0.5
2389.1667,  1.00000000,1,0,0.0,0.5
2389.2000,  1.00000000,1,0,0.0,0.5
2389.2333,  1.00000000,1,0,0.025000000000000001,0.5
2389.2667,  1.00000000,1,0,0.0,0.5
2389.3000,  1.00000000,1,0,0.0,0.5
2389.3333,  1.00000000,1,0,0.0,0.5
2389.3667,  1.00000000,1,0,0.025000000000000001,0.5
2389.4000,  1.00000000,1,0,0.0,0.5
2389.4333,  1.00000000,1,0,0.0,0.5
2389.4667,  1.00000000,1,0,0.0,0.5
2389.5000,  1.00000000,1,0,0.0,0.5
2389.5333,  1.00000000,1,0,0.0,0.5
2389.5667,  1.00000000,1,0,0.0,0.5
2389.6000,  1.00000000,1,0,0.0,0.5
2389.6333,  1.00000000,1,0,0.0,0.5
2389.6667,  1.00000000,1,0,0.0,0.5
2389.7000,  1.00000000,1,0,0.0,0.5
2389.7333,  1.00000000,1,0,0.0,0.5
2389.7667,  1.00000000,1,0,0.0,0.5
2389.8000,  1.00000000,1,0,0.0,0.5
2389.8333,  1.00000000,1,0,0.0,0.5
2389.8667,  1.00000000,1,0,0.0,0.5
2389.9000,  1.00000000,1,0,0.0,0.5
2389.9333,  1.00000000,1,0,0.0,0.5
2389.9667,  1.00000000,1,0,0.0,0.5
2390.0000,  1.00000000,1,0,0.0,0.5
2390.0333,  1.00000000,1,0,0.025000000000000001,0.5
2390.0667,  1.00000000,1,0,0.0,0.5
2390.1000,  1.00000000,1,0,0.025000000000000001,0.5
2390.1333,  1.00000000,1,0,0.0,0.5
2390.1667,  1.00000000,1,0,0.0,0.5
2390.2000,  1.00000000,1,0,0.0,0.5
2390.2333,  1.00000000,1,0,0.0,0.5
2390.2667,  1.00000000,1,0,0.0,0.5
2390.3000,  1.00000000,1,0,0.0,0.5
2390.3333,  1.00000000,1,0,0.025000000000000001,0.5
2390.3667,  1.00000000,1,0,0.0,0.5
2390.4000,  1.00000000,1,0,0.0,0.5
2390.4333,  1.00000000,1,0,0.0,0.5
2390.4667,  1.00000000,1,0,0.025000000000000001,0.5
2390.5000,  1.00000000,1,0,0.0,0.5
2390.5333,  1.00000000,1,0,0.0,0.5
2390.5667,  1.00000000,1,0,0.0,0.5
2390.6000,  1.00000000,1,0,0.0,0.5
2390.6333,  1.00000000,1,0,0.0,0.5
2390.6667,  1.00000000,1,0,0.025000000000000001,0.5
2390.7000,  1.00000000,1,0,0.0,0.5
2390.7333,  1.00000000,1,0,0.0,0.5
2390.7667,  1.00000000,1,0,0.0,0.5
2390.8000,  1.00000000,1,0,0.0,0.5
2390.8333,  1.00000000,1,0,0.0,0.5
2390.8667,  1.00000000,1,0,0.0,0.5
2390.9000,  1.00000000,1,0,0.0,0.5
2390.9333,  1.00000000,1,0,0.0,0.5
2390.9667,  1.00000000,1,0,0.0,0.5
2391.0000,  1.00000000,1,0,0.0,0.5
2391.0333,  1.00000000,1,0,0.0,0.5
2391.0667,  1.00000000,1,0,0.0,0.5
2391.1000,  1.00000000,1,0,0.0,0.5
2391.1333,  1.00000000,1,0,0.0,0.5
2391.1667,  1.00000000,1,0,0.0,0.5
2391.2000,  1.00000000,1,0,0.0,0.5
2391.2333,  1.00000000,1,0,0.0,0.5
2391.2667,  1.00000000,1,0,0.0,0.5
2391.3000,  1.00000000,1,0,0.0,0.5
2391.3333,  1.00000000,1,0,0.0,0.5
2391.3667,  1.00000000,1,0,0.0,0.5
2391.4000,  1.00000000,1,0,0.0,0.5
2391.4333,  1.00000000,1,0,0.0,0.5
2391.4667,  1.00000000,1,0,0.0,0.5
2391.5000,  1.00000000,1,0,0.0,0.5
2391.5333,  1.00000000,1,0,0.0,0.5
2391.5667,  1.00000000,1,0,0.025000000000000001,0.5
2391.6000,  1.00000000,1,0,0.0,0.5
2391.6333,  1.00000000,1,0,0.0,0.5
2391.6667,  1.00000000,1,0,0.0,0.5
2391.7000,  1.00000000,1,0,0.0,0.5
2391.7333,  1.00000000,1,0,0.0,0.5
2391.7667,  1.00000000,1,0,0.0,0.5
2391.8000,  1.00000000,1,0,0.0,0.5
2391.8333,  1.00000000,1,0,0.0,0.5
2391.8667,  1.00000000,1,0,0.0,0.5
2391.9000,  1.00000000,1,0,0.0,0.5
2391.9333,  1.00000000,1,0,0.0,0.5
2391.9667,  1.00000000,1,0,0.0,0.5
2392.0000,  1.00000000,1,0,0.0,0.5
2392.0333,  1.00000000,1,0,0.0,0.5
2392.0667,  1.00000000,1,0,0.0,0.5
2392.1000,  1.00000000,1,0,0.0,0.5
2392.1333,  1.00000000,1,0,0.0,0.5
2392.1667,  1.00000000,1,0,0.025000000000000001,0.5
2392.2000,  1.00000000,1,0,0.0,0.5
2392.2333,  1.00000000,1,0,0.0,0.5
2392.2667,  1.00000000,1,0,0.0,0.5
2392.3000,  1.00000000,1,0,0.0,0.5
2392.3333,  1.00000000,1,0,0.0,0.5
2392.3667,  1.00000000,1,0,0.0,0.5
2392.4000,  1.00000000,1,0,0.0,0.5
2392.4333,  1.00000000,1,0,0.0,0.5
2392.4667,  1.00000000,1,0,0.0,0.5
2392.5000,  1.00000000,1,0,0.025000000000000001,0.5
2392.5333,  1.00000000,1,0,0.0,0.5
2392.5667,  1.00000000,1,0,0.0,0.5
2392.6000,  1.00000000,1,0,0.0,0.5
2392.6333,  1.00000000,1,0,0.0,0.5
2392.6667,  1.00000000,1,0,0.0,0.5
2392.7000,  1.00000000,1,0,0.0,0.5
2392.7333,  1.00000000,1,0,0.0,0.5
2392.7667,  1.00000000,1,0,0.0,0.5
2392.8000,  1.00000000,1,0,0.0,0.5
2392.8333,  1.00000000,1,0,0.0,0.5
2392.8667,  1.00000000,1,0,0.0,0.5
2392.9000,  1.00000000,1,0,0.0,0.5
2392.9333,  1.00000000,1,0,0.0,0.5
2392.9667,  1.00000000,1,0,0.0,0.5
2393.0000,  1.00000000,1,0,0.0,0.5
2393.0333,  1.00000000,1,0,0.0,0.5
2393.0667,  1.00000000,1,0,0.0,0.5
2393.1000,  1.00000000,1,0,0.0,0.5
2393.1333,  1.00000000,1,0,0.0,0.5
2393.1667,  1.00000000,1,0,0.0,0.5
2393.2000,  1.00000000,1,0,0.0,0.5
2393.2333,  1.00000000,1,0,0.0,0.5
2393.2667,  1.00000000,1,0,0.0,0.5
2393.3000,  1.00000000,1,0,0.0,0.5
2393.3333,  1.00000000,1,0,0.0,0.5
2393.3667,  1.00000000,1,0,0.0,0.5
2393.4000,  1.00000000,1,0,0.0,0.5
2393.4333,  1.00000000,1,0,0.025000000000000001,0.5
2393.4667,  1.00000000,1,0,0.0,0.5
2393.5000,  1.00000000,1,0,0.0,0.5
2393.5333,  1.00000000,1,0,0.0,0.5
2393.5667,  1.00000000,1,0,0.0,0.5
2393.6000,  1.00000000,1,0,0.0,0.5
2393.6333,  1.00000000,1,0,0.025000000000000001,0.5
2393.6667,  1.00000000,1,0,0.025000000000000001,0.5
2393.7000,  1.00000000,1,0,0.0,0.5
2393.7333,  1.00000000,1,0,0.0,0.5
2393.7667,  1.00000000,1,0,0.0,0.5
2393.8000,  1.00000000,1,0,0.0,0.5
2393.8333,  1.00000000,1,0,0.0,0.5
2393.8667,  1.00000000,1,0,0.0,0.5
2393.9000,  1.00000000,1,0,0.0,0.5
2393.9333,  1.00000000,1,0,0.0,0.5
2393.9667,  1.00000000,1,0,0.025000000000000001,0.5
2394.0000,  1.00000000,1,0,0.0,0.5
2394.0333,  1.00000000,1,0,0.0,0.5
2394.0667,  1.00000000,1,0,0.0,0.5
2394.1000,  1.00000000,1,0,0.0,0.5
2394.1333,  1.00000000,1,0,0.0,0.5
2394.1667,  1.00000000,1,0,0.0,0.5
2394.2000,  1.00000000,1,0,0.0,0.5
2394.2333,  1.00000000,1,0,0.0,0.5
2394.2667,  1.00000000,1,0,0.0,0.5
2394.3000,  1.00000000,1,0,0.0,0.5
2394.3333,  1.00000000,1,0,0.0,0.5
2394.3667,  1.00000000,1,0,0.0,0.5
2394.4000,  1.00000000,1,0,0.025000000000000001,0.5
2394.4333,  1.00000000,1,0,0.0,0.5
2394.4667,  1.00000000,1,0,0.0,0.5
2394.5000,  1.00000000,1,0,0.0,0.5
2394.5333,  1.00000000,1,0,0.0,0.5
2394.5667,  1.00000000,1,0,0.0,0.5
2394.6000,  1.00000000,1,0,0.0,0.5
2394.6333,  1.00000000,1,0,0.0,0.5
2394.6667,  1.00000000,1,0,0.0,0.5
2394.7000,  1.00000000,1,0,0.0,0.5
2394.7333,  1.00000000,1,0,0.0,0.5
2394.7667,  1.00000000,1,0,0.0,0.5
2394.8000,  1.00000000,1,0,0.0,0.5
2394.8333,  1.00000000,1,0,0.0,0.5
2394.8667,  1.00000000,1,0,0.0,0.5
2394.9000,  1.00000000,1,0,0.0,0.5
2394.9333,  1.00000000,1,0,0.0,0.5
2394.9667,  1.00000000,1,0,0.0,0.5
2395.0000,  1.00000000,1,0,0.0,0.5
2395.0333,  1.00000000,1,0,0.0,0.5
2395.0667,  1.00000000,1,0,0.0,0.5
2395.1000,  1.00000000,1,0,0.0,0.5
2395.1333,  1.00000000,1,0,0.0,0.5
2395.1667,  1.00000000,1,0,0.0,0.5
2395.2000,  1.00000000,1,0,0.0,0.5
2395.2333,  1.00000000,1,0,0.0,0.5
2395.2667,  1.00000000,1,0,0.0,0.5
2395.3000,  1.00000000,1,0,0.0,0.5
2395.3333,  1.00000000,1,0,0.025000000000000001,0.5
2395.3667,  1.00000000,1,0,0.025000000000000001,0.5
2395.4000,  1.00000000,1,0,0.0,0.5
2395.4333,  1.00000000,1,0,0.0,0.5
2395.4667,  1.00000000,1,0,0.0,0.5
2395.5000,  1.00000000,1,0,0.0,0.5
2395.5333,  1.00000000,1,0,0.0,0.5
2395.5667,  1.00000000,1,0,0.0,0.5
2395.6000,  1.00000000,1,0,0.0,0.5
2395.6333,  1.00000000,1,0,0.0,0.5
2395.6667,  1.00000000,1,0,0.0,0.5
2395.7000,  1.00000000,1,0,0.0,0.5
2395.7333,  1.00000000,1,0,0.0,0.5
2395.7667,  1.00000000,1,0,0.0,0.5
2395.8000,  1.00000000,1,0,0.0,0.5
2395.8333,  1.00000000,1,0,0.0,0.5
2395.8667,  1.00000000,1,0,0.0,0.5
2395.9000,  1.00000000,1,0,0.0,0.5
2395.9333,  1.00000000,1,0,0.0,0.5
2395.9667,  1.00000000,1,0,0.0,0.5
2396.0000,  1.00000000,1,0,0.0,0.5
2396.0333,  1.00000000,1,0,0.0,0.5
2396.0667,  1.00000000,1,0,0.025000000000000001,0.5
2396.1000,  1.00000000,1,0,0.0,0.5
2396.1333,  1.00000000,1,0,0.0,0.5
2396.1667,  1.00000000,1,0,0.0,0.5
2396.2000,  1.00000000,1,0,0.0,0.5
2396.2333,  1.00000000,1,0,0.0,0.5
2396.2667,  1.00000000,1,0,0.0,0.5
2396.3000,  1.00000000,1,0,0.0,0.5
2396.3333,  1.00000000,1,0,0.0,0.5
2396.3667,  1.00000000,1,0,0.0,0.5
2396.4000,  1.00000000,1,0,0.0,0.5
2396.4333,  1.00000000,1,0,0.0,0.5
2396.4667,  1.00000000,1,0,0.0,0.5
2396.5000,  1.00000000,1,0,0.0,0.5
2396.5333,  1.00000000,1,0,0.0,0.5
2396.5667,  1.00000000,1,0,0.0,0.5
2396.6000,  1.00000000,1,0,0.0,0.5
2396.6333,  1.00000000,1,0,0.0,0.5
2396.6667,  1.00000000,1,0,0.0,0.5
2396.7000,  1.00000000,1,0,0.0,0.5
2396.7333,  1.00000000,1,0,0.0,0.5
2396.7667,  1.00000000,1,0,0.0,0.5
2396.8000,  1.00000000,1,0,0.0,0.5
2396.8333,  1.00000000,1,0,0.0,0.5
2396.8667,  1.00000000,1,0,0.0,0.5
2396.9000,  1.00000000,1,0,0.0,0.5
2396.9333,  1.00000000,1,0,0.0,0.5
2396.9667,  1.00000000,1,0,0.0,0.5
2397.0000,  1.00000000,1,0,0.0,0.5
2397.0333,  1.00000000,1,0,0.0,0.5
2397.0667,  1.00000000,1,0,0.0,0.5
2397.1000,  1.00000000,1,0,0.0,0.5
2397.1333,  1.00000000,1,0,0.0,0.5
2397.1667,  1.00000000,1,0,0.0,0.5
2397.2000,  1.00000000,1,0,0.0,0.5
2397.2333,  1.00000000,1,0,0.0,0.5
2397.2667,  1.00000000,1,0,0.0,0.5
2397.3000,  1.00000000,1,0,0.0,0.5
2397.3333,  1.00000000,1,0,0.0,0.5
2397.3667,  1.00000000,1,0,0.0,0.5
2397.4000,  1.00000000,1,0,0.0,0.5
2397.4333,  1.00000000,1,0,0.0,0.5
2397.4667,  1.00000000,1,0,0.025000000000000001,0.5
2397.5000,  1.00000000,1,0,0.0,0.5
2397.5333,  1.00000000,1,0,0.0,0.5
2397.5667,  1.00000000,1,0,0.0,0.5
2397.6000,  1.00000000,1,0,0.0,0.5
2397.6333,  1.00000000,1,0,0.0,0.5
2397.6667,  1.00000000,1,0,0.0,0.5
2397.7000,  1.00000000,1,0,0.0,0.5
2397.7333,  1.00000000,1,0,0.0,0.5
2397.7667,  1.00000000,1,0,0.0,0.5
2397.8000,  1.00000000,1,0,0.0,0.5
2397.8333,  1.00000000,1,0,0.0,0.5
2397.8667,  1.00000000,1,0,0.0,0.5
2397.9000,  1.00000000,1,0,0.0,0.5
2397.9333,  1.00000000,1,0,0.0,0.5
2397.9667,  1.00000000,1,0,0.0,0.5
2398.0000,  1.00000000,1,0,0.025000000000000001,0.5
2398.0333,  1.00000000,1,0,0.0,0.5
2398.0667,  1.00000000,1,0,0.0,0.5
2398.1000,  1.00000000,1,0,0.0,0.5
2398.1333,  1.00000000,1,0,0.0,0.5
2398.1667,  1.00000000,1,0,0.0,0.5
2398.2000,  1.00000000,1,0,0.0,0.5
2398.2333,  1.00000000,1,0,0.0,0.5
2398.2667,  1.00000000,1,0,0.0,0.5
2398.3000,  1.00000000,1,0,0.0,0.5
2398.3333,  1.00000000,1,0,0.0,0.5
2398.3667,  1.00000000,1,0,0.0,0.5
2398.4000,  1.00000000,1,0,0.0,0.5
2398.4333,  1.00000000,1,0,0.0,0.5
2398.4667,  1.00000000,1,0,0.0,0.5
2398.5000,  1.00000000,1,0,0.0,0.5
2398.5333,  1.00000000,1,0,0.0,0.5
2398.5667,  1.00000000,1,0,0.0,0.5
2398.6000,  1.00000000,1,0,0.0,0.5
2398.6333,  1.00000000,1,0,0.0,0.5
2398.6667,  1.00000000,1,0,0.0,0.5
2398.7000,  1.00000000,1,0,0.0,0.5
2398.7333,  1.00000000,1,0,0.0,0.5
2398.7667,  1.00000000,1,0,0.0,0.5
2398.8000,  1.00000000,1,0,0.0,0.5
2398.8333,  1.00000000,1,0,0.0,0.5
2398.8667,  1.00000000,1,0,0.0,0.5
2398.9000,  1.00000000,1,0,0.0,0.5
2398.9333,  1.00000000,1,0,0.0,0.5
2398.9667,  1.00000000,1,0,0.0,0.5
2399.0000,  1.00000000,1,0,0.0,0.5
2399.0333,  1.00000000,1,0,0.0,0.5
2399.0667,  1.00000000,1,0,0.0,0.5
2399.1000,  1.00000000,1,0,0.0,0.5
2399.1333,  1.00000000,1,0,0.0,0.5
2399.1667,  1.00000000,1,0,0.0,0.5
2399.2000,  1.00000000,1,0,0.0,0.5
2399.2333,  1.00000000,1,0,0.0,0.5
2399.2667,  1.00000000,1,0,0.0,0.5
2399.3000,  1.00000000,1,0,0.0,0.5
2399.3333,  1.00000000,1,0,0.0,0.5
2399.3667,  1.00000000,1,0,0.0,0.5
2399.4000,  1.00000000,1,0,0.0,0.5
2399.4333,  1.00000000,1,0,0.0,0.5
2399.4667,  1.00000000,1,0,0.0,0.5
2399.5000,  1.00000000,1,0,0.0,0.5
2399.5333,  1.00000000,1,0,0.0,0.5
2399.5667,  1.00000000,1,0,0.0,0.5
2399.6000,  1.00000000,1,0,0.0,0.5
2399.6333,  1.00000000,1,0,0.0,0.5
2399.6667,  1.00000000,1,0,0.0,0.5
2399.7000,  1.00000000,1,0,0.0,0.5
2399.7333,  1.00000000,1,0,0.0,0.5
2399.7667,  1.00000000,1,0,0.025000000000000001,0.5
2399.8000,  1.00000000,1,0,0.0,0.5
2399.8333,  1.00000000,1,0,0.0,0.5
2399.8667,  1.00000000,1,0,0.0,0.5
2399.9000,  1.00000000,1,0,0.0,0.5
2399.9333,  1.00000000,1,0,0.0,0.5
2399.9667,  1.00000000,1,0,0.0,0.5
2400.0000,  1.00000000,1,0,0.0,0.5
2400.0333,  1.00000000,1,0,0.0,0.5
2400.0667,  1.00000000,1,0,0.0,0.5
2400.1000,  1.00000000,1,0,0.0,0.5
2400.1333,  1.00000000,1,0,0.0,0.5
2400.1667,  1.00000000,1,0,0.0,0.5
2400.2000,  1.00000000,1,0,0.0,0.5
2400.2333,  1.00000000,1,0,0.0,0.5
2400.2667,  1.00000000,1,0,0.025000000000000001,0.5
2400.3000,  1.00000000,1,0,0.0,0.5
2400.3333,  1.00000000,1,0,0.0,0.5
2400.3667,  1.00000000,1,0,0.0,0.5
2400.4000,  1.00000000,1,0,0.0,0.5
2400.4333,  1.00000000,1,0,0.025000000000000001,0.5
2400.4667,  1.00000000,1,0,0.0,0.5
2400.5000,  1.00000000,1,0,0.0,0.5
2400.5333,  1.00000000,1,0,0.0,0.5
2400.5667,  1.00000000,1,0,0.0,0.5
2400.6000,  1.00000000,1,0,0.0,0.5
2400.6333,  1.00000000,1,0,0.0,0.5
2400.6667,  1.00000000,1,0,0.0,0.5
2400.7000,  1.00000000,1,0,0.0,0.5
2400.7333,  1.00000000,1,0,0.0,0.5
2400.7667,  1.00000000,1,0,0.0,0.5
2400.8000,  1.00000000,1,0,0.0,0.5
2400.8333,  1.00000000,1,0,0.0,0.5
2400.8667,  1.00000000,1,0,0.0,0.5
2400.9000,  1.00000000,1,0,0.0,0.5
2400.9333,  1.00000000,1,0,0.0,0.5
2400.9667,  1.00000000,1,0,0.0,0.5
2401.0000,  1.00000000,1,0,0.0,0.5
2401.0333,  1.00000000,1,0,0.0,0.5
2401.0667,  1.00000000,1,0,0.0,0.5
2401.1000,  1.00000000,1,0,0.0,0.5
2401.1333,  1.00000000,1,0,0.0,0.5
2401.1667,  1.00000000,1,0,0.0,0.5
2401.2000,  1.00000000,1,0,0.0,0.5
2401.2333,  1.00000000,1,0,0.0,0.5
2401.2667,  1.00000000,1,0,0.0,0.5
2401.3000,  1.00000000,1,0,0.0,0.5
2401.3333,  1.00000000,1,0,0.0,0.5
2401.3667,  1.00000000,1,0,0.0,0.5
2401.4000,  1.00000000,1,0,0.0,0.5
2401.4333,  1.00000000,1,0,0.0,0.5
2401.4667,  1.00000000,1,0,0.0,0.5
2401.5000,  1.00000000,1,0,0.0,0.5
2401.5333,  1.00000000,1,0,0.0,0.5
2401.5667,  1.00000000,1,0,0.0,0.5
2401.6000,  1.00000000,1,0,0.0,0.5
2401.6333,  1.00000000,1,0,0.0,0.5
2401.6667,  1.00000000,1,0,0.0,0.5
2401.7000,  1.00000000,1,0,0.025000000000000001,0.5
2401.7333,  1.00000000,1,0,0.0,0.5
2401.7667,  1.00000000,1,0,0.0,0.5
2401.8000,  1.00000000,1,0,0.0,0.5
2401.8333,  1.00000000,1,0,0.0,0.5
2401.8667,  1.00000000,1,0,0.0,0.5
2401.9000,  1.00000000,1,0,0.0,0.5
2401.9333,  1.00000000,1,0,0.0,0.5
2401.9667,  1.00000000,1,0,0.0,0.5
2402.0000,  1.00000000,1,0,0.0,0.5
2402.0333,  1.00000000,1,0,0.0,0.5
2402.0667,  1.00000000,1,0,0.0,0.5
2402.1000,  1.00000000,1,0,0.025000000000000001,0.5
2402.1333,  1.00000000,1,0,0.0,0.5
2402.1667,  1.00000000,1,0,0.0,0.5
2402.2000,  1.00000000,1,0,0.0,0.5
2402.2333,  1.00000000,1,0,0.0,0.5
2402.2667,  1.00000000,1,0,0.0,0.5
2402.3000,  1.00000000,1,0,0.0,0.5
2402.3333,  1.00000000,1,0,0.0,0.5
2402.3667,  1.00000000,1,0,0.0,0.5
2402.4000,  1.00000000,1,0,0.0,0.5
2402.4333,  1.00000000,1,0,0.025000000000000001,0.5
2402.4667,  1.00000000,1,0,0.0,0.5
2402.5000,  1.00000000,1,0,0.0,0.5
2402.5333,  1.00000000,1,0,0.0,0.5
2402.5667,  1.00000000,1,0,0.0,0.5
2402.6000,  1.00000000,1,0,0.0,0.5
2402.6333,  1.00000000,1,0,0.0,0.5
2402.6667,  1.00000000,1,0,0.0,0.5
2402.7000,  1.00000000,1,0,0.0,0.5
2402.7333,  1.00000000,1,0,0.0,0.5
2402.7667,  1.00000000,1,0,0.0,0.5
2402.8000,  1.00000000,1,0,0.0,0.5
2402.8333,  1.00000000,1,0,0.0,0.5
2402.8667,  1.00000000,1,0,0.0,0.5
2402.9000,  1.00000000,1,0,0.0,0.5
2402.9333,  1.00000000,1,0,0.0,0.5
2402.9667,  1.00000000,1,0,0.0,0.5
2403.0000,  1.00000000,1,0,0.0,0.5
2403.0333,  1.00000000,1,0,0.0,0.5
2403.0667,  1.00000000,1,0,0.0,0.5
2403.1000,  1.00000000,1,0,0.0,0.5
2403.1333,  1.00000000,1,0,0.0,0.5
2403.1667,  1.00000000,1,0,0.0,0.5
2403.2000,  1.00000000,1,0,0.0,0.5
2403.2333,  1.00000000,1,0,0.0,0.5
2403.2667,  1.00000000,1,0,0.0,0.5
2403.3000,  1.00000000,1,0,0.0,0.5
2403.3333,  1.00000000,1,0,0.0,0.5
2403.3667,  1.00000000,1,0,0.0,0.5
2403.4000,  1.00000000,1,0,0.0,0.5
2403.4333,  1.00000000,1,0,0.0,0.5
2403.4667,  1.00000000,1,0,0.0,0.5
2403.5000,  1.00000000,1,0,0.0,0.5
2403.5333,  1.00000000,1,0,0.0,0.5
2403.5667,  1.00000000,1,0,0.0,0.5
2403.6000,  1.00000000,1,0,0.0,0.5
2403.6333,  1.00000000,1,0,0.0,0.5
2403.6667,  1.00000000,1,0,0.0,0.5
2403.7000,  1.00000000,1,0,0.0,0.5
2403.7333,  1.00000000,1,0,0.0,0.5
2403.7667,  1.00000000,1,0,0.0,0.5
2403.8000,  1.00000000,1,0,0.0,0.5
2403.8333,  1.00000000,1,0,0.0,0.5
2403.8667,  1.00000000,1,0,0.0,0.5
2403.9000,  1.00000000,1,0,0.0,0.5
2403.9333,  1.00000000,1,0,0.0,0.5
2403.9667,  1.00000000,1,0,0.0,0.5
2404.0000,  1.00000000,1,0,0.0,0.5
2404.0333,  1.00000000,1,0,0.0,0.5
2404.0667,  1.00000000,1,0,0.0,0.5
2404.1000,  1.00000000,1,0,0.0,0.5
2404.1333,  1.00000000,1,0,0.0,0.5
2404.1667,  1.00000000,1,0,0.0,0.5
2404.2000,  1.00000000,1,0,0.0,0.5
2404.2333,  1.00000000,1,0,0.0,0.5
2404.2667,  1.00000000,1,0,0.0,0.5
2404.3000,  1.00000000,1,0,0.0,0.5
2404.3333,  1.00000000,1,0,0.0,0.5
2404.3667,  1.00000000,1,0,0.0,0.5
2404.4000,  1.00000000,1,0,0.025000000000000001,0.5
2404.4333,  1.00000000,1,0,0.0,0.5
2404.4667,  1.00000000,1,0,0.0,0.5
2404.5000,  1.00000000,1,0,0.0,0.5
2404.5333,  1.00000000,1,0,0.0,0.5
2404.5667,  1.00000000,1,0,0.0,0.5
2404.6000,  1.00000000,1,0,0.0,0.5
2404.6333,  1.00000000,1,0,0.025000000000000001,0.5
2404.6667,  1.00000000,1,0,0.0,0.5
2404.7000,  1.00000000,1,0,0.0,0.5
2404.7333,  1.00000000,1,0,0.0,0.5
2404.7667,  1.00000000,1,0,0.0,0.5
2404.8000,  1.00000000,1,0,0.0,0.5
2404.8333,  1.00000000,1,0,0.0,0.5
2404.8667,  1.00000000,1,0,0.0,0.5
2404.9000,  1.00000000,1,0,0.0,0.5
2404.9333,  1.00000000,1,0,0.0,0.5
2404.9667,  1.00000000,1,0,0.0,0.5
2405.0000,  1.00000000,1,0,0.0,0.5
2405.0333,  1.00000000,1,0,0.0,0.5
2405.0667,  1.00000000,1,0,0.0,0.5
2405.1000,  1.00000000,1,0,0.0,0.5
2405.1333,  1.00000000,1,0,0.0,0.5
2405.1667,  1.00000000,1,0,0.0,0.5
2405.2000,  1.00000000,1,0,0.0,0.5
2405.2333,  1.00000000,1,0,0.0,0.5
2405.2667,  1.00000000,1,0,0.0,0.5
2405.3000,  1.00000000,1,0,0.0,0.5
2405.3333,  1.00000000,1,0,0.0,0.5
2405.3667,  1.00000000,1,0,0.0,0.5
2405.4000,  1.00000000,1,0,0.0,0.5
2405.4333,  1.00000000,1,0,0.0,0.5
2405.4667,  1.00000000,1,0,0.0,0.5
2405.5000,  1.00000000,1,0,0.0,0.5
2405.5333,  1.00000000,1,0,0.0,0.5
2405.5667,  1.00000000,1,0,0.0,0.5
2405.6000,  1.00000000,1,0,0.0,0.5
2405.6333,  1.00000000,1,0,0.025000000000000001,0.5
2405.6667,  1.00000000,1,0,0.0,0.5
2405.7000,  1.00000000,1,0,0.0,0.5
2405.7333,  1.00000000,1,0,0.0,0.5
2405.7667,  1.00000000,1,0,0.0,0.5
2405.8000,  1.00000000,1,0,0.0,0.5
2405.8333,  1.00000000,1,0,0.0,0.5
2405.8667,  1.00000000,1,0,0.0,0.5
2405.9000,  1.00000000,1,0,0.0,0.5
2405.9333,  1.00000000,1,0,0.0,0.5
2405.9667,  1.00000000,1,0,0.0,0.5
2406.0000,  1.00000000,1,0,0.0,0.5
2406.0333,  1.00000000,1,0,0.025000000000000001,0.5
2406.0667,  1.00000000,1,0,0.0,0.5
2406.1000,  1.00000000,1,0,0.0,0.5
2406.1333,  1.00000000,1,0,0.0,0.5
2406.1667,  1.00000000,1,0,0.0,0.5
2406.2000,  1.00000000,1,0,0.025000000000000001,0.5
2406.2333,  1.00000000,1,0,0.025000000000000001,0.5
2406.2667,  1.00000000,1,0,0.0,0.5
2406.3000,  1.00000000,1,0,0.025000000000000001,0.5
2406.3333,  1.00000000,1,0,0.0,0.5
2406.3667,  1.00000000,1,0,0.0,0.5
2406.4000,  1.00000000,1,0,0.025000000000000001,0.5
2406.4333,  1.00000000,1,0,0.025000000000000001,0.5
2406.4667,  1.00000000,1,0,0.0,0.5
2406.5000,  1.00000000,1,0,0.0,0.5
2406.5333,  1.00000000,1,0,0.0,0.5
2406.5667,  1.00000000,1,0,0.0,0.5
2406.6000,  1.00000000,1,0,0.0,0.5
2406.6333,  1.00000000,1,0,0.0,0.5
2406.6667,  1.00000000,1,0,0.0,0.5
2406.7000,  1.00000000,1,0,0.0,0.5
2406.7333,  1.00000000,1,0,0.0,0.5
2406.7667,  1.00000000,1,0,0.0,0.5
2406.8000,  1.00000000,1,0,0.0,0.5
2406.8333,  1.00000000,1,0,0.025000000000000001,0.5
2406.8667,  1.00000000,1,0,0.0,0.5
2406.9000,  1.00000000,1,0,0.0,0.5
2406.9333,  1.00000000,1,0,0.0,0.5
2406.9667,  1.00000000,1,0,0.0,0.5
2407.0000,  1.00000000,1,0,0.0,0.5
2407.0333,  1.00000000,1,0,0.0,0.5
2407.0667,  1.00000000,1,0,0.0,0.5
2407.1000,  1.00000000,1,0,0.0,0.5
2407.1333,  1.00000000,1,0,0.0,0.5
2407.1667,  1.00000000,1,0,0.0,0.5
2407.2000,  1.00000000,1,0,0.0,0.5
2407.2333,  1.00000000,1,0,0.0,0.5
2407.2667,  1.00000000,1,0,0.0,0.5
2407.3000,  1.00000000,1,0,0.0,0.5
2407.3333,  1.00000000,1,0,0.0,0.5
2407.3667,  1.00000000,1,0,0.0,0.5
2407.4000,  1.00000000,1,0,0.0,0.5
2407.4333,  1.00000000,1,0,0.0,0.5
2407.4667,  1.00000000,1,0,0.0,0.5
2407.5000,  1.00000000,1,0,0.0,0.5
2407.5333,  1.00000000,1,0,0.0,0.5
2407.5667,  1.00000000,1,0,0.0,0.5
2407.6000,  1.00000000,1,0,0.0,0.5
2407.6333,  1.00000000,1,0,0.0,0.5
2407.6667,  1.00000000,1,0,0.0,0.5
2407.7000,  1.00000000,1,0,0.0,0.5
2407.7333,  1.00000000,1,0,0.0,0.5
2407.7667,  1.00000000,1,0,0.025000000000000001,0.5
2407.8000,  1.00000000,1,0,0.0,0.5
2407.8333,  1.00000000,1,0,0.0,0.5
2407.8667,  1.00000000,1,0,0.0,0.5
2407.9000,  1.00000000,1,0,0.0,0.5
2407.9333,  1.00000000,1,0,0.0,0.5
2407.9667,  1.00000000,1,0,0.0,0.5
2408.0000,  1.00000000,1,0,0.0,0.5
2408.0333,  1.00000000,1,0,0.0,0.5
2408.0667,  1.00000000,1,0,0.0,0.5
2408.1000,  1.00000000,1,0,0.0,0.5
2408.1333,  1.00000000,1,0,0.0,0.5
2408.1667,  1.00000000,1,0,0.0,0.5
2408.2000,  1.00000000,1,0,0.0,0.5
2408.2333,  1.00000000,1,0,0.0,0.5
2408.2667,  1.00000000,1,0,0.0,0.5
2408.3000,  1.00000000,1,0,0.0,0.5
2408.3333,  1.00000000,1,0,0.0,0.5
2408.3667,  1.00000000,1,0,0.0,0.5
2408.4000,  1.00000000,1,0,0.0,0.5
2408.4333,  1.00000000,1,0,0.0,0.5
2408.4667,  1.00000000,1,0,0.0,0.5
2408.5000,  1.00000000,1,0,0.0,0.5
2408.5333,  1.00000000,1,0,0.0,0.5
2408.5667,  1.00000000,1,0,0.0,0.5
2408.6000,  1.00000000,1,0,0.0,0.5
2408.6333,  1.00000000,1,0,0.0,0.5
2408.6667,  1.00000000,1,0,0.0,0.5
2408.7000,  1.00000000,1,0,0.0,0.5
2408.7333,  1.00000000,1,0,0.0,0.5
2408.7667,  1.00000000,1,0,0.025000000000000001,0.5
2408.8000,  1.00000000,1,0,0.0,0.5
2408.8333,  1.00000000,1,0,0.0,0.5
2408.8667,  1.00000000,1,0,0.0,0.5
2408.9000,  1.00000000,1,0,0.0,0.5
2408.9333,  1.00000000,1,0,0.0,0.5
2408.9667,  1.00000000,1,0,0.0,0.5
2409.0000,  1.00000000,1,0,0.0,0.5
2409.0333,  1.00000000,1,0,0.0,0.5
2409.0667,  1.00000000,1,0,0.0,0.5
2409.1000,  1.00000000,1,0,0.0,0.5
2409.1333,  1.00000000,1,0,0.0,0.5
2409.1667,  1.00000000,1,0,0.0,0.5
2409.2000,  1.00000000,1,0,0.025000000000000001,0.5
2409.2333,  1.00000000,1,0,0.0,0.5
2409.2667,  1.00000000,1,0,0.0,0.5
2409.3000,  1.00000000,1,0,0.0,0.5
2409.3333,  1.00000000,1,0,0.0,0.5
2409.3667,  1.00000000,1,0,0.0,0.5
2409.4000,  1.00000000,1,0,0.0,0.5
2409.4333,  1.00000000,1,0,0.0,0.5
2409.4667,  1.00000000,1,0,0.0,0.5
2409.5000,  1.00000000,1,0,0.0,0.5
2409.5333,  1.00000000,1,0,0.0,0.5
2409.5667,  1.00000000,1,0,0.0,0.5
2409.6000,  1.00000000,1,0,0.025000000000000001,0.5
2409.6333,  1.00000000,1,0,0.0,0.5
2409.6667,  1.00000000,1,0,0.0,0.5
2409.7000,  1.00000000,1,0,0.0,0.5
2409.7333,  1.00000000,1,0,0.0,0.5
2409.7667,  1.00000000,1,0,0.0,0.5
2409.8000,  1.00000000,1,0,0.025000000000000001,0.5
2409.8333,  1.00000000,1,0,0.0,0.5
2409.8667,  1.00000000,1,0,0.0,0.5
2409.9000,  1.00000000,1,0,0.0,0.5
2409.9333,  1.00000000,1,0,0.0,0.5
2409.9667,  1.00000000,1,0,0.025000000000000001,0.5
2410.0000,  1.00000000,1,0,0.0,0.5
2410.0333,  1.00000000,1,0,0.025000000000000001,0.5
2410.0667,  1.00000000,1,0,0.0,0.5
2410.1000,  1.00000000,1,0,0.0,0.5
2410.1333,  1.00000000,1,0,0.0,0.5
2410.1667,  1.00000000,1,0,0.025000000000000001,0.5
2410.2000,  1.00000000,1,0,0.025000000000000001,0.5
2410.2333,  1.00000000,1,0,0.0,0.5
2410.2667,  1.00000000,1,0,0.0,0.5
2410.3000,  1.00000000,1,0,0.025000000000000001,0.5
2410.3333,  1.00000000,1,0,0.025000000000000001,0.5
2410.3667,  1.00000000,1,0,0.025000000000000001,0.5
2410.4000,  1.00000000,1,0,0.0,0.5
2410.4333,  1.00000000,1,0,0.025000000000000001,0.5
2410.4667,  1.00000000,1,0,0.0,0.5
2410.5000,  1.00000000,1,0,0.0,0.5
2410.5333,  1.00000000,1,0,0.0,0.5
2410.5667,  1.00000000,1,0,0.0,0.5
2410.6000,  1.00000000,1,0,0.0,0.5
2410.6333,  1.00000000,1,0,0.0,0.5
2410.6667,  1.00000000,1,0,0.025000000000000001,0.5
2410.7000,  1.00000000,1,0,0.025000000000000001,0.5
2410.7333,  1.00000000,1,0,0.0,0.5
2410.7667,  1.00000000,1,0,0.0,0.5
2410.8000,  1.00000000,1,0,0.0,0.5
2410.8333,  1.00000000,1,0,0.0,0.5
2410.8667,  1.00000000,1,0,0.0,0.5
2410.9000,  1.00000000,1,0,0.0,0.5
2410.9333,  1.00000000,1,0,0.0,0.5
2410.9667,  1.00000000,1,0,0.0,0.5
2411.0000,  1.00000000,1,0,0.0,0.5
2411.0333,  1.00000000,1,0,0.025000000000000001,0.5
2411.0667,  1.00000000,1,0,0.0,0.5
2411.1000,  1.00000000,1,0,0.0,0.5
2411.1333,  1.00000000,1,0,0.025000000000000001,0.5
2411.1667,  1.00000000,1,0,0.0,0.5
2411.2000,  1.00000000,1,0,0.0,0.5
2411.2333,  1.00000000,1,0,0.0,0.5
2411.2667,  1.00000000,1,0,0.025000000000000001,0.5
2411.3000,  1.00000000,1,0,0.0,0.5
2411.3333,  1.00000000,1,0,0.025000000000000001,0.5
2411.3667,  1.00000000,1,0,0.0,0.5
2411.4000,  1.00000000,1,0,0.0,0.5
2411.4333,  1.00000000,1,0,0.0,0.5
2411.4667,  1.00000000,1,0,0.0,0.5
2411.5000,  1.00000000,1,0,0.0,0.5
2411.5333,  1.00000000,1,0,0.0,0.5
2411.5667,  1.00000000,1,0,0.0,0.5
2411.6000,  1.00000000,1,0,0.0,0.5
2411.6333,  1.00000000,1,0,0.0,0.5
2411.6667,  1.00000000,1,0,0.0,0.5
2411.7000,  1.00000000,1,0,0.0,0.5
2411.7333,  1.00000000,1,0,0.0,0.5
2411.7667,  1.00000000,1,0,0.0,0.5
2411.8000,  1.00000000,1,0,0.0,0.5
2411.8333,  1.00000000,1,0,0.025000000000000001,0.5
2411.8667,  1.00000000,1,0,0.0,0.5
2411.9000,  1.00000000,1,0,0.0,0.5
2411.9333,  1.00000000,1,0,0.0,0.5
2411.9667,  1.00000000,1,0,0.0,0.5
2412.0000,  1.00000000,1,0,0.0,0.5
2412.0333,  1.00000000,1,0,0.0,0.5
2412.0667,  1.00000000,1,0,0.0,0.5
2412.1000,  1.00000000,1,0,0.0,0.5
2412.1333,  1.00000000,1,0,0.0,0.5
2412.1667,  1.00000000,1,0,0.0,0.5
2412.2000,  1.00000000,1,0,0.0,0.5
2412.2333,  1.00000000,1,0,0.0,0.5
2412.2667,  1.00000000,1,0,0.0,0.5
2412.3000,  1.00000000,1,0,0.0,0.5
2412.3333,  1.00000000,1,0,0.0,0.5
2412.3667,  1.00000000,1,0,0.0,0.5
2412.4000,  1.00000000,1,0,0.0,0.5
2412.4333,  1.00000000,1,0,0.0,0.5
2412.4667,  1.00000000,1,0,0.0,0.5
2412.5000,  1.00000000,1,0,0.025000000000000001,0.5
2412.5333,  1.00000000,1,0,0.0,0.5
2412.5667,  1.00000000,1,0,0.0,0.5
2412.6000,  1.00000000,1,0,0.0,0.5
2412.6333,  1.00000000,1,0,0.0,0.5
2412.6667,  1.00000000,1,0,0.0,0.5
2412.7000,  1.00000000,1,0,0.0,0.5
2412.7333,  1.00000000,1,0,0.0,0.5
2412.7667,  1.00000000,1,0,0.0,0.5
2412.8000,  1.00000000,1,0,0.0,0.5
2412.8333,  1.00000000,1,0,0.0,0.5
2412.8667,  1.00000000,1,0,0.0,0.5
2412.9000,  1.00000000,1,0,0.0,0.5
2412.9333,  1.00000000,1,0,0.0,0.5
2412.9667,  1.00000000,1,0,0.0,0.5
2413.0000,  1.00000000,1,0,0.0,0.5
2413.0333,  1.00000000,1,0,0.0,0.5
2413.0667,  1.00000000,1,0,0.0,0.5
2413.1000,  1.00000000,1,0,0.025000000000000001,0.5
2413.1333,  1.00000000,1,0,0.025000000000000001,0.5
2413.1667,  1.00000000,1,0,0.0,0.5
2413.2000,  1.00000000,1,0,0.0,0.5
2413.2333,  1.00000000,1,0,0.0,0.5
2413.2667,  1.00000000,1,0,0.0,0.5
2413.3000,  1.00000000,1,0,0.0,0.5
2413.3333,  1.00000000,1,0,0.0,0.5
2413.3667,  1.00000000,1,0,0.0,0.5
2413.4000,  1.00000000,1,0,0.0,0.5
2413.4333,  1.00000000,1,0,0.0,0.5
2413.4667,  1.00000000,1,0,0.025000000000000001,0.5
2413.5000,  1.00000000,1,0,0.0,0.5
2413.5333,  1.00000000,1,0,0.0,0.5
2413.5667,  1.00000000,1,0,0.0,0.5
2413.6000,  1.00000000,1,0,0.0,0.5
2413.6333,  1.00000000,1,0,0.0,0.5
2413.6667,  1.00000000,1,0,0.0,0.5
2413.7000,  1.00000000,1,0,0.0,0.5
2413.7333,  1.00000000,1,0,0.0,0.5
2413.7667,  1.00000000,1,0,0.0,0.5
2413.8000,  1.00000000,1,0,0.0,0.5
2413.8333,  1.00000000,1,0,0.0,0.5
2413.8667,  1.00000000,1,0,0.0,0.5
2413.9000,  1.00000000,1,0,0.025000000000000001,0.5
2413.9333,  1.00000000,1,0,0.025000000000000001,0.5
2413.9667,  1.00000000,1,0,0.0,0.5
2414.0000,  1.00000000,1,0,0.0,0.5
2414.0333,  1.00000000,1,0,0.0,0.5
2414.0667,  1.00000000,1,0,0.0,0.5
2414.1000,  1.00000000,1,0,0.0,0.5
2414.1333,  1.00000000,1,0,0.0,0.5
2414.1667,  1.00000000,1,0,0.0,0.5
2414.2000,  1.00000000,1,0,0.025000000000000001,0.5
2414.2333,  1.00000000,1,0,0.025000000000000001,0.5
2414.2667,  1.00000000,1,0,0.0,0.5
2414.3000,  1.00000000,1,0,0.0,0.5
2414.3333,  1.00000000,1,0,0.0,0.5
2414.3667,  1.00000000,1,0,0.0,0.5
2414.4000,  1.00000000,1,0,0.0,0.5
2414.4333,  1.00000000,1,0,0.0,0.5
2414.4667,  1.00000000,1,0,0.0,0.5
2414.5000,  1.00000000,1,0,0.0,0.5
2414.5333,  1.00000000,1,0,0.0,0.5
2414.5667,  1.00000000,1,0,0.025000000000000001,0.5
2414.6000,  1.00000000,1,0,0.0,0.5
2414.6333,  1.00000000,1,0,0.0,0.5
2414.6667,  1.00000000,1,0,0.0,0.5
2414.7000,  1.00000000,1,0,0.0,0.5
2414.7333,  1.00000000,1,0,0.0,0.5
2414.7667,  1.00000000,1,0,0.0,0.5
2414.8000,  1.00000000,1,0,0.0,0.5
2414.8333,  1.00000000,1,0,0.0,0.5
2414.8667,  1.00000000,1,0,0.0,0.5
2414.9000,  1.00000000,1,0,0.025000000000000001,0.5
2414.9333,  1.00000000,1,0,0.0,0.5
2414.9667,  1.00000000,1,0,0.0,0.5
2415.0000,  1.00000000,1,0,0.025000000000000001,0.5
2415.0333,  1.00000000,1,0,0.0,0.5
2415.0667,  1.00000000,1,0,0.0,0.5
2415.1000,  1.00000000,1,0,0.0,0.5
2415.1333,  1.00000000,1,0,0.0,0.5
2415.1667,  1.00000000,1,0,0.0,0.5
2415.2000,  1.00000000,1,0,0.0,0.5
2415.2333,  1.00000000,1,0,0.0,0.5
2415.2667,  1.00000000,1,0,0.0,0.5
2415.3000,  1.00000000,1,0,0.0,0.5
2415.3333,  1.00000000,1,0,0.0,0.5
2415.3667,  1.00000000,1,0,0.0,0.5
2415.4000,  1.00000000,1,0,0.0,0.5
2415.4333,  1.00000000,1,0,0.0,0.5
2415.4667,  1.00000000,1,0,0.0,0.5
2415.5000,  1.00000000,1,0,0.0,0.5
2415.5333,  1.00000000,1,0,0.0,0.5
2415.5667,  1.00000000,1,0,0.0,0.5
2415.6000,  1.00000000,1,0,0.0,0.5
2415.6333,  1.00000000,1,0,0.0,0.5
2415.6667,  1.00000000,1,0,0.0,0.5
2415.7000,  1.00000000,1,0,0.0,0.5
2415.7333,  1.00000000,1,0,0.0,0.5
2415.7667,  1.00000000,1,0,0.0,0.5
2415.8000,  1.00000000,1,0,0.0,0.5
2415.8333,  1.00000000,1,0,0.0,0.5
2415.8667,  1.00000000,1,0,0.0,0.5
2415.9000,  1.00000000,1,0,0.0,0.5
2415.9333,  1.00000000,1,0,0.0,0.5
2415.9667,  1.00000000,1,0,0.025000000000000001,0.5
2416.0000,  1.00000000,1,0,0.0,0.5
2416.0333,  1.00000000,1,0,0.0,0.5
2416.0667,  1.00000000,1,0,0.0,0.5
2416.1000,  1.00000000,1,0,0.0,0.5
2416.1333,  1.00000000,1,0,0.0,0.5
2416.1667,  1.00000000,1,0,0.0,0.5
2416.2000,  1.00000000,1,0,0.0,0.5
2416.2333,  1.00000000,1,0,0.0,0.5
2416.2667,  1.00000000,1,0,0.0,0.5
2416.3000,  1.00000000,1,0,0.0,0.5
2416.3333,  1.00000000,1,0,0.0,0.5
2416.3667,  1.00000000,1,0,0.025000000000000001,0.5
2416.4000,  1.00000000,1,0,0.025000000000000001,0.5
2416.4333,  1.00000000,1,0,0.0,0.5
2416.4667,  1.00000000,1,0,0.0,0.5
2416.5000,  1.00000000,1,0,0.0,0.5
2416.5333,  1.00000000,1,0,0.0,0.5
2416.5667,  1.00000000,1,0,0.0,0.5
2416.6000,  1.00000000,1,0,0.0,0.5
2416.6333,  1.00000000,1,0,0.0,0.5
2416.6667,  1.00000000,1,0,0.0,0.5
2416.7000,  1.00000000,1,0,0.0,0.5
2416.7333,  1.00000000,1,0,0.0,0.5
2416.7667,  1.00000000,1,0,0.0,0.5
2416.8000,  1.00000000,1,0,0.0,0.5
2416.8333,  1.00000000,1,0,0.0,0.5
2416.8667,  1.00000000,1,0,0.0,0.5
2416.9000,  1.00000000,1,0,0.0,0.5
2416.9333,  1.00000000,1,0,0.0,0.5
2416.9667,  1.00000000,1,0,0.0,0.5
2417.0000,  1.00000000,1,0,0.0,0.5
2417.0333,  1.00000000,1,0,0.0,0.5
2417.0667,  1.00000000,1,0,0.0,0.5
2417.1000,  1.00000000,1,0,0.0,0.5
2417.1333,  1.00000000,1,0,0.0,0.5
2417.1667,  1.00000000,1,0,0.0,0.5
2417.2000,  1.00000000,1,0,0.0,0.5
2417.2333,  1.00000000,1,0,0.0,0.5
2417.2667,  1.00000000,1,0,0.0,0.5
2417.3000,  1.00000000,1,0,0.0,0.5
2417.3333,  1.00000000,1,0,0.0,0.5
2417.3667,  1.00000000,1,0,0.0,0.5
2417.4000,  1.00000000,1,0,0.0,0.5
2417.4333,  1.00000000,1,0,0.0,0.5
2417.4667,  1.00000000,1,0,0.0,0.5
2417.5000,  1.00000000,1,0,0.0,0.5
2417.5333,  1.00000000,1,0,0.0,0.5
2417.5667,  1.00000000,1,0,0.0,0.5
2417.6000,  1.00000000,1,0,0.0,0.5
2417.6333,  1.00000000,1,0,0.0,0.5
2417.6667,  1.00000000,1,0,0.0,0.5
2417.7000,  1.00000000,1,0,0.0,0.5
2417.7333,  1.00000000,1,0,0.0,0.5
2417.7667,  1.00000000,1,0,0.0,0.5
2417.8000,  1.00000000,1,0,0.0,0.5
2417.8333,  1.00000000,1,0,0.0,0.5
2417.8667,  1.00000000,1,0,0.0,0.5
2417.9000,  1.00000000,1,0,0.025000000000000001,0.5
2417.9333,  1.00000000,1,0,0.0,0.5
2417.9667,  1.00000000,1,0,0.0,0.5
2418.0000,  1.00000000,1,0,0.0,0.5
2418.0333,  1.00000000,1,0,0.0,0.5
2418.0667,  1.00000000,1,0,0.0,0.5
2418.1000,  1.00000000,1,0,0.0,0.5
2418.1333,  1.00000000,1,0,0.0,0.5
2418.1667,  1.00000000,1,0,0.0,0.5
2418.2000,  1.00000000,1,0,0.0,0.5
2418.2333,  1.00000000,1,0,0.0,0.5
2418.2667,  1.00000000,1,0,0.0,0.5
2418.3000,  1.00000000,1,0,0.0,0.5
2418.3333,  1.00000000,1,0,0.0,0.5
2418.3667,  1.00000000,1,0,0.0,0.5
2418.4000,  1.00000000,1,0,0.0,0.5
2418.4333,  1.00000000,1,0,0.025000000000000001,0.5
2418.4667,  1.00000000,1,0,0.0,0.5
2418.5000,  1.00000000,1,0,0.0,0.5
2418.5333,  1.00000000,1,0,0.0,0.5
2418.5667,  1.00000000,1,0,0.0,0.5
2418.6000,  1.00000000,1,0,0.0,0.5
2418.6333,  1.00000000,1,0,0.0,0.5
2418.6667,  1.00000000,1,0,0.0,0.5
2418.7000,  1.00000000,1,0,0.0,0.5
2418.7333,  1.00000000,1,0,0.0,0.5
2418.7667,  1.00000000,1,0,0.0,0.5
2418.8000,  1.00000000,1,0,0.0,0.5
2418.8333,  1.00000000,1,0,0.0,0.5
2418.8667,  1.00000000,1,0,0.0,0.5
2418.9000,  1.00000000,1,0,0.025000000000000001,0.5
2418.9333,  1.00000000,1,0,0.0,0.5
2418.9667,  1.00000000,1,0,0.0,0.5
2419.0000,  1.00000000,1,0,0.0,0.5
2419.0333,  1.00000000,1,0,0.0,0.5
2419.0667,  1.00000000,1,0,0.0,0.5
2419.1000,  1.00000000,1,0,0.0,0.5
2419.1333,  1.00000000,1,0,0.0,0.5
2419.1667,  1.00000000,1,0,0.0,0.5
2419.2000,  1.00000000,1,0,0.0,0.5
2419.2333,  1.00000000,1,0,0.0,0.5
2419.2667,  1.00000000,1,0,0.0,0.5
2419.3000,  1.00000000,1,0,0.0,0.5
2419.3333,  1.00000000,1,0,0.0,0.5
2419.3667,  1.00000000,1,0,0.0,0.5
2419.4000,  1.00000000,1,0,0.0,0.5
2419.4333,  1.00000000,1,0,0.0,0.5
2419.4667,  1.00000000,1,0,0.0,0.5
2419.5000,  1.00000000,1,0,0.0,0.5
2419.5333,  1.00000000,1,0,0.0,0.5
2419.5667,  1.00000000,1,0,0.0,0.5
2419.6000,  1.00000000,1,0,0.0,0.5
2419.6333,  1.00000000,1,0,0.0,0.5
2419.6667,  1.00000000,1,0,0.0,0.5
2419.7000,  1.00000000,1,0,0.0,0.5
2419.7333,  1.00000000,1,0,0.0,0.5
2419.7667,  1.00000000,1,0,0.0,0.5
2419.8000,  1.00000000,1,0,0.0,0.5
2419.8333,  1.00000000,1,0,0.0,0.5
2419.8667,  1.00000000,1,0,0.0,0.5
2419.9000,  1.00000000,1,0,0.0,0.5
2419.9333,  1.00000000,1,0,0.0,0.5
2419.9667,  1.00000000,1,0,0.0,0.5
2420.0000,  1.00000000,1,0,0.0,0.5
2420.0333,  1.00000000,1,0,0.0,0.5
2420.0667,  1.00000000,1,0,0.0,0.5
2420.1000,  1.00000000,1,0,0.0,0.5
2420.1333,  1.00000000,1,0,0.025000000000000001,0.5
2420.1667,  1.00000000,1,0,0.0,0.5
2420.2000,  1.00000000,1,0,0.0,0.5
2420.2333,  1.00000000,1,0,0.0,0.5
2420.2667,  1.00000000,1,0,0.0,0.5
2420.3000,  1.00000000,1,0,0.0,0.5
2420.3333,  1.00000000,1,0,0.0,0.5
2420.3667,  1.00000000,1,0,0.0,0.5
2420.4000,  1.00000000,1,0,0.0,0.5
2420.4333,  1.00000000,1,0,0.0,0.5
2420.4667,  1.00000000,1,0,0.0,0.5
2420.5000,  1.00000000,1,0,0.0,0.5
2420.5333,  1.00000000,1,0,0.0,0.5
2420.5667,  1.00000000,1,0,0.0,0.5
2420.6000,  1.00000000,1,0,0.0,0.5
2420.6333,  1.00000000,1,0,0.0,0.5
2420.6667,  1.00000000,1,0,0.0,0.5
2420.7000,  1.00000000,1,0,0.0,0.5
2420.7333,  1.00000000,1,0,0.0,0.5
2420.7667,  1.00000000,1,0,0.0,0.5
2420.8000,  1.00000000,1,0,0.0,0.5
2420.8333,  1.00000000,1,0,0.0,0.5
2420.8667,  1.00000000,1,0,0.0,0.5
2420.9000,  1.00000000,1,0,0.0,0.5
2420.9333,  1.00000000,1,0,0.0,0.5
2420.9667,  1.00000000,1,0,0.0,0.5
2421.0000,  1.00000000,1,0,0.0,0.5
2421.0333,  1.00000000,1,0,0.0,0.5
2421.0667,  1.00000000,1,0,0.0,0.5
2421.1000,  1.00000000,1,0,0.0,0.5
2421.1333,  1.00000000,1,0,0.0,0.5
2421.1667,  1.00000000,1,0,0.0,0.5
2421.2000,  1.00000000,1,0,0.0,0.5
2421.2333,  1.00000000,1,0,0.0,0.5
2421.2667,  1.00000000,1,0,0.0,0.5
2421.3000,  1.00000000,1,0,0.0,0.5
2421.3333,  1.00000000,1,0,0.0,0.5
2421.3667,  1.00000000,1,0,0.0,0.5
2421.4000,  1.00000000,1,0,0.0,0.5
2421.4333,  1.00000000,1,0,0.0,0.5
2421.4667,  1.00000000,1,0,0.0,0.5
2421.5000,  1.00000000,1,0,0.0,0.5
2421.5333,  1.00000000,1,0,0.0,0.5
2421.5667,  1.00000000,1,0,0.0,0.5
2421.6000,  1.00000000,1,0,0.0,0.5
2421.6333,  1.00000000,1,0,0.0,0.5
2421.6667,  1.00000000,1,0,0.0,0.5
2421.7000,  1.00000000,1,0,0.0,0.5
2421.7333,  1.00000000,1,0,0.0,0.5
2421.7667,  1.00000000,1,0,0.025000000000000001,0.5
2421.8000,  1.00000000,1,0,0.0,0.5
2421.8333,  1.00000000,1,0,0.0,0.5
2421.8667,  1.00000000,1,0,0.0,0.5
2421.9000,  1.00000000,1,0,0.0,0.5
2421.9333,  1.00000000,1,0,0.0,0.5
2421.9667,  1.00000000,1,0,0.0,0.5
2422.0000,  1.00000000,1,0,0.0,0.5
2422.0333,  1.00000000,1,0,0.0,0.5
2422.0667,  1.00000000,1,0,0.0,0.5
2422.1000,  1.00000000,1,0,0.0,0.5
2422.1333,  1.00000000,1,0,0.0,0.5
2422.1667,  1.00000000,1,0,0.0,0.5
2422.2000,  1.00000000,1,0,0.0,0.5
2422.2333,  1.00000000,1,0,0.0,0.5
2422.2667,  1.00000000,1,0,0.0,0.5
2422.3000,  1.00000000,1,0,0.0,0.5
2422.3333,  1.00000000,1,0,0.0,0.5
2422.3667,  1.00000000,1,0,0.0,0.5
2422.4000,  1.00000000,1,0,0.0,0.5
2422.4333,  1.00000000,1,0,0.0,0.5
2422.4667,  1.00000000,1,0,0.0,0.5
2422.5000,  1.00000000,1,0,0.0,0.5
2422.5333,  1.00000000,1,0,0.0,0.5
2422.5667,  1.00000000,1,0,0.0,0.5
2422.6000,  1.00000000,1,0,0.025000000000000001,0.5
2422.6333,  1.00000000,1,0,0.0,0.5
2422.6667,  1.00000000,1,0,0.0,0.5
2422.7000,  1.00000000,1,0,0.0,0.5
2422.7333,  1.00000000,1,0,0.0,0.5
2422.7667,  1.00000000,1,0,0.0,0.5
2422.8000,  1.00000000,1,0,0.0,0.5
2422.8333,  1.00000000,1,0,0.0,0.5
2422.8667,  1.00000000,1,0,0.025000000000000001,0.5
2422.9000,  1.00000000,1,0,0.025000000000000001,0.5
2422.9333,  1.00000000,1,0,0.0,0.5
2422.9667,  1.00000000,1,0,0.0,0.5
2423.0000,  1.00000000,1,0,0.0,0.5
2423.0333,  1.00000000,1,0,0.0,0.5
2423.0667,  1.00000000,1,0,0.0,0.5
2423.1000,  1.00000000,1,0,0.0,0.5
2423.1333,  1.00000000,1,0,0.0,0.5
2423.1667,  1.00000000,1,0,0.0,0.5
2423.2000,  1.00000000,1,0,0.0,0.5
2423.2333,  1.00000000,1,0,0.0,0.5
2423.2667,  1.00000000,1,0,0.0,0.5
2423.3000,  1.00000000,1,0,0.0,0.5
2423.3333,  1.00000000,1,0,0.0,0.5
2423.3667,  1.00000000,1,0,0.0,0.5
2423.4000,  1.00000000,1,0,0.0,0.5
2423.4333,  1.00000000,1,0,0.0,0.5
2423.4667,  1.00000000,1,0,0.0,0.5
2423.5000,  1.00000000,1,0,0.0,0.5
2423.5333,  1.00000000,1,0,0.0,0.5
2423.5667,  1.00000000,1,0,0.0,0.5
2423.6000,  1.00000000,1,0,0.0,0.5
2423.6333,  1.00000000,1,0,0.0,0.5
2423.6667,  1.00000000,1,0,0.0,0.5
2423.7000,  1.00000000,1,0,0.0,0.5
2423.7333,  1.00000000,1,0,0.0,0.5
2423.7667,  1.00000000,1,0,0.0,0.5
2423.8000,  1.00000000,1,0,0.0,0.5
2423.8333,  1.00000000,1,0,0.0,0.5
2423.8667,  1.00000000,1,0,0.0,0.5
2423.9000,  1.00000000,1,0,0.025000000000000001,0.5
2423.9333,  1.00000000,1,0,0.0,0.5
2423.9667,  1.00000000,1,0,0.0,0.5
2424.0000,  1.00000000,1,0,0.0,0.5
2424.0333,  1.00000000,1,0,0.0,0.5
2424.0667,  1.00000000,1,0,0.0,0.5
2424.1000,  1.00000000,1,0,0.0,0.5
2424.1333,  1.00000000,1,0,0.0,0.5
2424.1667,  1.00000000,1,0,0.0,0.5
2424.2000,  1.00000000,1,0,0.0,0.5
2424.2333,  1.00000000,1,0,0.0,0.5
2424.2667,  1.00000000,1,0,0.0,0.5
2424.3000,  1.00000000,1,0,0.0,0.5
2424.3333,  1.00000000,1,0,0.0,0.5
2424.3667,  1.00000000,1,0,0.0,0.5
2424.4000,  1.00000000,1,0,0.0,0.5
2424.4333,  1.00000000,1,0,0.0,0.5
2424.4667,  1.00000000,1,0,0.0,0.5
2424.5000,  1.00000000,1,0,0.0,0.5
2424.5333,  1.00000000,1,0,0.0,0.5
2424.5667,  1.00000000,1,0,0.0,0.5
2424.6000,  1.00000000,1,0,0.0,0.5
2424.6333,  1.00000000,1,0,0.0,0.5
2424.6667,  1.00000000,1,0,0.0,0.5
2424.7000,  1.00000000,1,0,0.0,0.5
2424.7333,  1.00000000,1,0,0.0,0.5
2424.7667,  1.00000000,1,0,0.0,0.5
2424.8000,  1.00000000,1,0,0.0,0.5
2424.8333,  1.00000000,1,0,0.0,0.5
2424.8667,  1.00000000,1,0,0.0,0.5
2424.9000,  1.00000000,1,0,0.0,0.5
2424.9333,  1.00000000,1,0,0.0,0.5
2424.9667,  1.00000000,1,0,0.0,0.5
2425.0000,  1.00000000,1,0,0.025000000000000001,0.5
2425.0333,  1.00000000,1,0,0.0,0.5
2425.0667,  1.00000000,1,0,0.0,0.5
2425.1000,  1.00000000,1,0,0.0,0.5
2425.1333,  1.00000000,1,0,0.0,0.5
2425.1667,  1.00000000,1,0,0.0,0.5
2425.2000,  1.00000000,1,0,0.0,0.5
2425.2333,  1.00000000,1,0,0.0,0.5
2425.2667,  1.00000000,1,0,0.0,0.5
2425.3000,  1.00000000,1,0,0.0,0.5
2425.3333,  1.00000000,1,0,0.0,0.5
2425.3667,  1.00000000,1,0,0.0,0.5
2425.4000,  1.00000000,1,0,0.0,0.5
2425.4333,  1.00000000,1,0,0.0,0.5
2425.4667,  1.00000000,1,0,0.0,0.5
2425.5000,  1.00000000,1,0,0.0,0.5
2425.5333,  1.00000000,1,0,0.0,0.5
2425.5667,  1.00000000,1,0,0.0,0.5
2425.6000,  1.00000000,1,0,0.0,0.5
2425.6333,  1.00000000,1,0,0.0,0.5
2425.6667,  1.00000000,1,0,0.0,0.5
2425.7000,  1.00000000,1,0,0.0,0.5
2425.7333,  1.00000000,1,0,0.0,0.5
2425.7667,  1.00000000,1,0,0.0,0.5
2425.8000,  1.00000000,1,0,0.0,0.5
2425.8333,  1.00000000,1,0,0.0,0.5
2425.8667,  1.00000000,1,0,0.0,0.5
2425.9000,  1.00000000,1,0,0.0,0.5
2425.9333,  1.00000000,1,0,0.0,0.5
2425.9667,  1.00000000,1,0,0.0,0.5
2426.0000,  1.00000000,1,0,0.0,0.5
2426.0333,  1.00000000,1,0,0.0,0.5
2426.0667,  1.00000000,1,0,0.0,0.5
2426.1000,  1.00000000,1,0,0.025000000000000001,0.5
2426.1333,  1.00000000,1,0,0.0,0.5
2426.1667,  1.00000000,1,0,0.0,0.5
2426.2000,  1.00000000,1,0,0.0,0.5
2426.2333,  1.00000000,1,0,0.0,0.5
2426.2667,  1.00000000,1,0,0.0,0.5
2426.3000,  1.00000000,1,0,0.0,0.5
2426.3333,  1.00000000,1,0,0.0,0.5
2426.3667,  1.00000000,1,0,0.0,0.5
2426.4000,  1.00000000,1,0,0.0,0.5
2426.4333,  1.00000000,1,0,0.0,0.5
2426.4667,  1.00000000,1,0,0.0,0.5
2426.5000,  1.00000000,1,0,0.0,0.5
2426.5333,  1.00000000,1,0,0.0,0.5
2426.5667,  1.00000000,1,0,0.0,0.5
2426.6000,  1.00000000,1,0,0.0,0.5
2426.6333,  1.00000000,1,0,0.0,0.5
2426.6667,  1.00000000,1,0,0.0,0.5
2426.7000,  1.00000000,1,0,0.0,0.5
2426.7333,  1.00000000,1,0,0.0,0.5
2426.7667,  1.00000000,1,0,0.025000000000000001,0.5
2426.8000,  1.00000000,1,0,0.0,0.5
2426.8333,  1.00000000,1,0,0.0,0.5
2426.8667,  1.00000000,1,0,0.0,0.5
2426.9000,  1.00000000,1,0,0.0,0.5
2426.9333,  1.00000000,1,0,0.0,0.5
2426.9667,  1.00000000,1,0,0.0,0.5
2427.0000,  1.00000000,1,0,0.0,0.5
2427.0333,  1.00000000,1,0,0.0,0.5
2427.0667,  1.00000000,1,0,0.0,0.5
2427.1000,  1.00000000,1,0,0.0,0.5
2427.1333,  1.00000000,1,0,0.0,0.5
2427.1667,  1.00000000,1,0,0.0,0.5
2427.2000,  1.00000000,1,0,0.0,0.5
2427.2333,  1.00000000,1,0,0.0,0.5
2427.2667,  1.00000000,1,0,0.0,0.5
2427.3000,  1.00000000,1,0,0.0,0.5
2427.3333,  1.00000000,1,0,0.0,0.5
2427.3667,  1.00000000,1,0,0.0,0.5
2427.4000,  1.00000000,1,0,0.0,0.5
2427.4333,  1.00000000,1,0,0.0,0.5
2427.4667,  1.00000000,1,0,0.0,0.5
2427.5000,  1.00000000,1,0,0.0,0.5
2427.5333,  1.00000000,1,0,0.0,0.5
2427.5667,  1.00000000,1,0,0.0,0.5
2427.6000,  1.00000000,1,0,0.0,0.5
2427.6333,  1.00000000,1,0,0.0,0.5
2427.6667,  1.00000000,1,0,0.0,0.5
2427.7000,  1.00000000,1,0,0.025000000000000001,0.5
2427.7333,  1.00000000,1,0,0.0,0.5
2427.7667,  1.00000000,1,0,0.0,0.5
2427.8000,  1.00000000,1,0,0.0,0.5
2427.8333,  1.00000000,1,0,0.0,0.5
2427.8667,  1.00000000,1,0,0.0,0.5
2427.9000,  1.00000000,1,0,0.025000000000000001,0.5
2427.9333,  1.00000000,1,0,0.0,0.5
2427.9667,  1.00000000,1,0,0.0,0.5
2428.0000,  1.00000000,1,0,0.0,0.5
2428.0333,  1.00000000,1,0,0.0,0.5
2428.0667,  1.00000000,1,0,0.0,0.5
2428.1000,  1.00000000,1,0,0.0,0.5
2428.1333,  1.00000000,1,0,0.0,0.5
2428.1667,  1.00000000,1,0,0.0,0.5
2428.2000,  1.00000000,1,0,0.0,0.5
2428.2333,  1.00000000,1,0,0.0,0.5
2428.2667,  1.00000000,1,0,0.0,0.5
2428.3000,  1.00000000,1,0,0.0,0.5
2428.3333,  1.00000000,1,0,0.0,0.5
2428.3667,  1.00000000,1,0,0.025000000000000001,0.5
2428.4000,  1.00000000,1,0,0.0,0.5
2428.4333,  1.00000000,1,0,0.0,0.5
2428.4667,  1.00000000,1,0,0.0,0.5
2428.5000,  1.00000000,1,0,0.0,0.5
2428.5333,  1.00000000,1,0,0.0,0.5
2428.5667,  1.00000000,1,0,0.0,0.5
2428.6000,  1.00000000,1,0,0.0,0.5
2428.6333,  1.00000000,1,0,0.0,0.5
2428.6667,  1.00000000,1,0,0.0,0.5
2428.7000,  1.00000000,1,0,0.0,0.5
2428.7333,  1.00000000,1,0,0.0,0.5
2428.7667,  1.00000000,1,0,0.0,0.5
2428.8000,  1.00000000,1,0,0.0,0.5
2428.8333,  1.00000000,1,0,0.0,0.5
2428.8667,  1.00000000,1,0,0.0,0.5
2428.9000,  1.00000000,1,0,0.0,0.5
2428.9333,  1.00000000,1,0,0.0,0.5
2428.9667,  1.00000000,1,0,0.0,0.5
2429.0000,  1.00000000,1,0,0.0,0.5
2429.0333,  1.00000000,1,0,0.0,0.5
2429.0667,  1.00000000,1,0,0.0,0.5
2429.1000,  1.00000000,1,0,0.0,0.5
2429.1333,  1.00000000,1,0,0.0,0.5
2429.1667,  1.00000000,1,0,0.0,0.5
2429.2000,  1.00000000,1,0,0.0,0.5
2429.2333,  1.00000000,1,0,0.0,0.5
2429.2667,  1.00000000,1,0,0.0,0.5
2429.3000,  1.00000000,1,0,0.0,0.5
2429.3333,  1.00000000,1,0,0.0,0.5
2429.3667,  1.00000000,1,0,0.0,0.5
2429.4000,  1.00000000,1,0,0.0,0.5
2429.4333,  1.00000000,1,0,0.0,0.5
2429.4667,  1.00000000,1,0,0.0,0.5
2429.5000,  1.00000000,1,0,0.0,0.5
2429.5333,  1.00000000,1,0,0.025000000000000001,0.5
2429.5667,  1.00000000,1,0,0.0,0.5
2429.6000,  1.00000000,1,0,0.0,0.5
2429.6333,  1.00000000,1,0,0.0,0.5
2429.6667,  1.00000000,1,0,0.025000000000000001,0.5
2429.7000,  1.00000000,1,0,0.0,0.5
2429.7333,  1.00000000,1,0,0.0,0.5
2429.7667,  1.00000000,1,0,0.0,0.5
2429.8000,  1.00000000,1,0,0.0,0.5
2429.8333,  1.00000000,1,0,0.0,0.5
2429.8667,  1.00000000,1,0,0.0,0.5
2429.9000,  1.00000000,1,0,0.025000000000000001,0.5
2429.9333,  1.00000000,1,0,0.0,0.5
2429.9667,  1.00000000,1,0,0.025000000000000001,0.5
2430.0000,  1.00000000,1,0,0.0,0.5
2430.0333,  1.00000000,1,0,0.0,0.5
2430.0667,  1.00000000,1,0,0.0,0.5
2430.1000,  1.00000000,1,0,0.0,0.5
2430.1333,  1.00000000,1,0,0.0,0.5
2430.1667,  1.00000000,1,0,0.0,0.5
2430.2000,  1.00000000,1,0,0.0,0.5
2430.2333,  1.00000000,1,0,0.0,0.5
2430.2667,  1.00000000,1,0,0.0,0.5
2430.3000,  1.00000000,1,0,0.0,0.5
2430.3333,  1.00000000,1,0,0.0,0.5
2430.3667,  1.00000000,1,0,0.0,0.5
2430.4000,  1.00000000,1,0,0.0,0.5
2430.4333,  1.00000000,1,0,0.0,0.5
2430.4667,  1.00000000,1,0,0.0,0.5
2430.5000,  1.00000000,1,0,0.0,0.5
2430.5333,  1.00000000,1,0,0.025000000000000001,0.5
2430.5667,  1.00000000,1,0,0.0,0.5
2430.6000,  1.00000000,1,0,0.0,0.5
2430.6333,  1.00000000,1,0,0.0,0.5
2430.6667,  1.00000000,1,0,0.0,0.5
2430.7000,  1.00000000,1,0,0.0,0.5
2430.7333,  1.00000000,1,0,0.0,0.5
2430.7667,  1.00000000,1,0,0.0,0.5
2430.8000,  1.00000000,1,0,0.0,0.5
2430.8333,  1.00000000,1,0,0.0,0.5
2430.8667,  1.00000000,1,0,0.0,0.5
2430.9000,  1.00000000,1,0,0.0,0.5
2430.9333,  1.00000000,1,0,0.025000000000000001,0.5
2430.9667,  1.00000000,1,0,0.0,0.5
2431.0000,  1.00000000,1,0,0.0,0.5
2431.0333,  1.00000000,1,0,0.0,0.5
2431.0667,  1.00000000,1,0,0.025000000000000001,0.5
2431.1000,  1.00000000,1,0,0.0,0.5
2431.1333,  1.00000000,1,0,0.0,0.5
2431.1667,  1.00000000,1,0,0.0,0.5
2431.2000,  1.00000000,1,0,0.025000000000000001,0.5
2431.2333,  1.00000000,1,0,0.0,0.5
2431.2667,  1.00000000,1,0,0.0,0.5
2431.3000,  1.00000000,1,0,0.0,0.5
2431.3333,  1.00000000,1,0,0.0,0.5
2431.3667,  1.00000000,1,0,0.0,0.5
2431.4000,  1.00000000,1,0,0.0,0.5
2431.4333,  1.00000000,1,0,0.0,0.5
2431.4667,  1.00000000,1,0,0.0,0.5
2431.5000,  1.00000000,1,0,0.0,0.5
2431.5333,  1.00000000,1,0,0.0,0.5
2431.5667,  1.00000000,1,0,0.0,0.5
2431.6000,  1.00000000,1,0,0.0,0.5
2431.6333,  1.00000000,1,0,0.0,0.5
2431.6667,  1.00000000,1,0,0.0,0.5
2431.7000,  1.00000000,1,0,0.0,0.5
2431.7333,  1.00000000,1,0,0.0,0.5
2431.7667,  1.00000000,1,0,0.0,0.5
2431.8000,  1.00000000,1,0,0.0,0.5
2431.8333,  1.00000000,1,0,0.0,0.5
2431.8667,  1.00000000,1,0,0.0,0.5
2431.9000,  1.00000000,1,0,0.0,0.5
2431.9333,  1.00000000,1,0,0.0,0.5
2431.9667,  1.00000000,1,0,0.0,0.5
2432.0000,  1.00000000,1,0,0.0,0.5
2432.0333,  1.00000000,1,0,0.0,0.5
2432.0667,  1.00000000,1,0,0.0,0.5
2432.1000,  1.00000000,1,0,0.025000000000000001,0.5
2432.1333,  1.00000000,1,0,0.0,0.5
2432.1667,  1.00000000,1,0,0.0,0.5
2432.2000,  1.00000000,1,0,0.0,0.5
2432.2333,  1.00000000,1,0,0.0,0.5
2432.2667,  1.00000000,1,0,0.0,0.5
2432.3000,  1.00000000,1,0,0.0,0.5
2432.3333,  1.00000000,1,0,0.0,0.5
2432.3667,  1.00000000,1,0,0.0,0.5
2432.4000,  1.00000000,1,0,0.0,0.5
2432.4333,  1.00000000,1,0,0.0,0.5
2432.4667,  1.00000000,1,0,0.0,0.5
2432.5000,  1.00000000,1,0,0.0,0.5
2432.5333,  1.00000000,1,0,0.0,0.5
2432.5667,  1.00000000,1,0,0.0,0.5
2432.6000,  1.00000000,1,0,0.0,0.5
2432.6333,  1.00000000,1,0,0.0,0.5
2432.6667,  1.00000000,1,0,0.0,0.5
2432.7000,  1.00000000,1,0,0.0,0.5
2432.7333,  1.00000000,1,0,0.0,0.5
2432.7667,  1.00000000,1,0,0.0,0.5
2432.8000,  1.00000000,1,0,0.0,0.5
2432.8333,  1.00000000,1,0,0.0,0.5
2432.8667,  1.00000000,1,0,0.0,0.5
2432.9000,  1.00000000,1,0,0.0,0.5
2432.9333,  1.00000000,1,0,0.0,0.5
2432.9667,  1.00000000,1,0,0.0,0.5
2433.0000,  1.00000000,1,0,0.0,0.5
2433.0333,  1.00000000,1,0,0.0,0.5
2433.0667,  1.00000000,1,0,0.0,0.5
2433.1000,  1.00000000,1,0,0.0,0.5
2433.1333,  1.00000000,1,0,0.0,0.5
2433.1667,  1.00000000,1,0,0.0,0.5
2433.2000,  1.00000000,1,0,0.0,0.5
2433.2333,  1.00000000,1,0,0.0,0.5
2433.2667,  1.00000000,1,0,0.025000000000000001,0.5
2433.3000,  1.00000000,1,0,0.0,0.5
2433.3333,  1.00000000,1,0,0.0,0.5
2433.3667,  1.00000000,1,0,0.025000000000000001,0.5
2433.4000,  1.00000000,1,0,0.025000000000000001,0.5
2433.4333,  1.00000000,1,0,0.025000000000000001,0.5
2433.4667,  1.00000000,1,0,0.0,0.5
2433.5000,  1.00000000,1,0,0.025000000000000001,0.5
2433.5333,  1.00000000,1,0,0.0,0.5
2433.5667,  1.00000000,1,0,0.0,0.5
2433.6000,  1.00000000,1,0,0.0,0.5
2433.6333,  1.00000000,1,0,0.0,0.5
2433.6667,  1.00000000,1,0,0.0,0.5
2433.7000,  1.00000000,1,0,0.0,0.5
2433.7333,  1.00000000,1,0,0.0,0.5
2433.7667,  1.00000000,1,0,0.0,0.5
2433.8000,  1.00000000,1,0,0.0,0.5
2433.8333,  1.00000000,1,0,0.025000000000000001,0.5
2433.8667,  1.00000000,1,0,0.0,0.5
2433.9000,  1.00000000,1,0,0.0,0.5
2433.9333,  1.00000000,1,0,0.0,0.5
2433.9667,  1.00000000,1,0,0.0,0.5
2434.0000,  1.00000000,1,0,0.025000000000000001,0.5
2434.0333,  1.00000000,1,0,0.0,0.5
2434.0667,  1.00000000,1,0,0.0,0.5
2434.1000,  1.00000000,1,0,0.0,0.5
2434.1333,  1.00000000,1,0,0.025000000000000001,0.5
2434.1667,  1.00000000,1,0,0.025000000000000001,0.5
2434.2000,  1.00000000,1,0,0.0,0.5
2434.2333,  1.00000000,1,0,0.0,0.5
2434.2667,  1.00000000,1,0,0.0,0.5
2434.3000,  1.00000000,1,0,0.050000000000000003,0.5
2434.3333,  1.00000000,1,0,0.0,0.5
2434.3667,  1.00000000,1,0,0.0,0.5
2434.4000,  1.00000000,1,0,0.0,0.5
2434.4333,  1.00000000,1,0,0.0,0.5
2434.4667,  1.00000000,1,0,0.0,0.5
2434.5000,  1.00000000,1,0,0.0,0.5
2434.5333,  1.00000000,1,0,0.0,0.5
2434.5667,  1.00000000,1,0,0.0,0.5
2434.6000,  1.00000000,1,0,0.0,0.5
2434.6333,  1.00000000,1,0,0.0,0.5
2434.6667,  1.00000000,1,0,0.0,0.5
2434.7000,  1.00000000,1,0,0.0,0.5
2434.7333,  1.00000000,1,0,0.0,0.5
2434.7667,  1.00000000,1,0,0.025000000000000001,0.5
2434.8000,  1.00000000,1,0,0.0,0.5
2434.8333,  1.00000000,1,0,0.0,0.5
2434.8667,  1.00000000,1,0,0.025000000000000001,0.5
2434.9000,  1.00000000,1,0,0.0,0.5
2434.9333,  1.00000000,1,0,0.0,0.5
2434.9667,  1.00000000,1,0,0.0,0.5
2435.0000,  1.00000000,1,0,0.0,0.5
2435.0333,  1.00000000,1,0,0.0,0.5
2435.0667,  1.00000000,1,0,0.0,0.5
2435.1000,  1.00000000,1,0,0.0,0.5
2435.1333,  1.00000000,1,0,0.0,0.5
2435.1667,  1.00000000,1,0,0.0,0.5
2435.2000,  1.00000000,1,0,0.0,0.5
2435.2333,  1.00000000,1,0,0.0,0.5
2435.2667,  1.00000000,1,0,0.0,0.5
2435.3000,  1.00000000,1,0,0.0,0.5
2435.3333,  1.00000000,1,0,0.0,0.5
2435.3667,  1.00000000,1,0,0.0,0.5
2435.4000,  1.00000000,1,0,0.0,0.5
2435.4333,  1.00000000,1,0,0.0,0.5
2435.4667,  1.00000000,1,0,0.0,0.5
2435.5000,  1.00000000,1,0,0.0,0.5
2435.5333,  1.00000000,1,0,0.0,0.5
2435.5667,  1.00000000,1,0,0.0,0.5
2435.6000,  1.00000000,1,0,0.0,0.5
2435.6333,  1.00000000,1,0,0.0,0.5
2435.6667,  1.00000000,1,0,0.0,0.5
2435.7000,  1.00000000,1,0,0.0,0.5
2435.7333,  1.00000000,1,0,0.0,0.5
2435.7667,  1.00000000,1,0,0.0,0.5
2435.8000,  1.00000000,1,0,0.0,0.5
2435.8333,  1.00000000,1,0,0.0,0.5
2435.8667,  1.00000000,1,0,0.0,0.5
2435.9000,  1.00000000,1,0,0.0,0.5
2435.9333,  1.00000000,1,0,0.0,0.5
2435.9667,  1.00000000,1,0,0.0,0.5
2436.0000,  1.00000000,1,0,0.0,0.5
2436.0333,  1.00000000,1,0,0.025000000000000001,0.5
2436.0667,  1.00000000,1,0,0.0,0.5
2436.1000,  1.00000000,1,0,0.0,0.5
2436.1333,  1.00000000,1,0,0.0,0.5
2436.1667,  1.00000000,1,0,0.0,0.5
2436.2000,  1.00000000,1,0,0.0,0.5
2436.2333,  1.00000000,1,0,0.0,0.5
2436.2667,  1.00000000,1,0,0.0,0.5
2436.3000,  1.00000000,1,0,0.0,0.5
2436.3333,  1.00000000,1,0,0.0,0.5
2436.3667,  1.00000000,1,0,0.0,0.5
2436.4000,  1.00000000,1,0,0.0,0.5
2436.4333,  1.00000000,1,0,0.0,0.5
2436.4667,  1.00000000,1,0,0.0,0.5
2436.5000,  1.00000000,1,0,0.0,0.5
2436.5333,  1.00000000,1,0,0.0,0.5
2436.5667,  1.00000000,1,0,0.0,0.5
2436.6000,  1.00000000,1,0,0.0,0.5
2436.6333,  1.00000000,1,0,0.0,0.5
2436.6667,  1.00000000,1,0,0.0,0.5
2436.7000,  1.00000000,1,0,0.025000000000000001,0.5
2436.7333,  1.00000000,1,0,0.0,0.5
2436.7667,  1.00000000,1,0,0.0,0.5
2436.8000,  1.00000000,1,0,0.0,0.5
2436.8333,  1.00000000,1,0,0.0,0.5
2436.8667,  1.00000000,1,0,0.0,0.5
2436.9000,  1.00000000,1,0,0.0,0.5
2436.9333,  1.00000000,1,0,0.0,0.5
2436.9667,  1.00000000,1,0,0.0,0.5
2437.0000,  1.00000000,1,0,0.0,0.5
2437.0333,  1.00000000,1,0,0.0,0.5
2437.0667,  1.00000000,1,0,0.0,0.5
2437.1000,  1.00000000,1,0,0.0,0.5
2437.1333,  1.00000000,1,0,0.0,0.5
2437.1667,  1.00000000,1,0,0.0,0.5
2437.2000,  1.00000000,1,0,0.0,0.5
2437.2333,  1.00000000,1,0,0.025000000000000001,0.5
2437.2667,  1.00000000,1,0,0.0,0.5
2437.3000,  1.00000000,1,0,0.0,0.5
2437.3333,  1.00000000,1,0,0.0,0.5
2437.3667,  1.00000000,1,0,0.025000000000000001,0.5
2437.4000,  1.00000000,1,0,0.0,0.5
2437.4333,  1.00000000,1,0,0.0,0.5
2437.4667,  1.00000000,1,0,0.0,0.5
2437.5000,  1.00000000,1,0,0.0,0.5
2437.5333,  1.00000000,1,0,0.0,0.5
2437.5667,  1.00000000,1,0,0.0,0.5
2437.6000,  1.00000000,1,0,0.0,0.5
2437.6333,  1.00000000,1,0,0.0,0.5
2437.6667,  1.00000000,1,0,0.0,0.5
2437.7000,  1.00000000,1,0,0.0,0.5
2437.7333,  1.00000000,1,0,0.0,0.5
2437.7667,  1.00000000,1,0,0.0,0.5
2437.8000,  1.00000000,1,0,0.0,0.5
2437.8333,  1.00000000,1,0,0.0,0.5
2437.8667,  1.00000000,1,0,0.0,0.5
2437.9000,  1.00000000,1,0,0.0,0.5
2437.9333,  1.00000000,1,0,0.025000000000000001,0.5
2437.9667,  1.00000000,1,0,0.0,0.5
2438.0000,  1.00000000,1,0,0.0,0.5
2438.0333,  1.00000000,1,0,0.0,0.5
2438.0667,  1.00000000,1,0,0.0,0.5
2438.1000,  1.00000000,1,0,0.0,0.5
2438.1333,  1.00000000,1,0,0.0,0.5
2438.1667,  1.00000000,1,0,0.0,0.5
2438.2000,  1.00000000,1,0,0.0,0.5
2438.2333,  1.00000000,1,0,0.0,0.5
2438.2667,  1.00000000,1,0,0.0,0.5
2438.3000,  1.00000000,1,0,0.0,0.5
2438.3333,  1.00000000,1,0,0.0,0.5
2438.3667,  1.00000000,1,0,0.0,0.5
2438.4000,  1.00000000,1,0,0.0,0.5
2438.4333,  1.00000000,1,0,0.0,0.5
2438.4667,  1.00000000,1,0,0.0,0.5
2438.5000,  1.00000000,1,0,0.0,0.5
2438.5333,  1.00000000,1,0,0.0,0.5
2438.5667,  1.00000000,1,0,0.0,0.5
2438.6000,  1.00000000,1,0,0.0,0.5
2438.6333,  1.00000000,1,0,0.025000000000000001,0.5
2438.6667,  1.00000000,1,0,0.0,0.5
2438.7000,  1.00000000,1,0,0.0,0.5
2438.7333,  1.00000000,1,0,0.0,0.5
2438.7667,  1.00000000,1,0,0.0,0.5
2438.8000,  1.00000000,1,0,0.0,0.5
2438.8333,  1.00000000,1,0,0.0,0.5
2438.8667,  1.00000000,1,0,0.0,0.5
2438.9000,  1.00000000,1,0,0.0,0.5
2438.9333,  1.00000000,1,0,0.0,0.5
2438.9667,  1.00000000,1,0,0.0,0.5
2439.0000,  1.00000000,1,0,0.0,0.5
2439.0333,  1.00000000,1,0,0.0,0.5
2439.0667,  1.00000000,1,0,0.0,0.5
2439.1000,  1.00000000,1,0,0.0,0.5
2439.1333,  1.00000000,1,0,0.0,0.5
2439.1667,  1.00000000,1,0,0.0,0.5
2439.2000,  1.00000000,1,0,0.0,0.5
2439.2333,  1.00000000,1,0,0.0,0.5
2439.2667,  1.00000000,1,0,0.0,0.5
2439.3000,  1.00000000,1,0,0.0,0.5
2439.3333,  1.00000000,1,0,0.0,0.5
2439.3667,  1.00000000,1,0,0.0,0.5
2439.4000,  1.00000000,1,0,0.0,0.5
2439.4333,  1.00000000,1,0,0.0,0.5
2439.4667,  1.00000000,1,0,0.0,0.5
2439.5000,  1.00000000,1,0,0.0,0.5
2439.5333,  1.00000000,1,0,0.0,0.5
2439.5667,  1.00000000,1,0,0.0,0.5
2439.6000,  1.00000000,1,0,0.0,0.5
2439.6333,  1.00000000,1,0,0.0,0.5
2439.6667,  1.00000000,1,0,0.0,0.5
2439.7000,  1.00000000,1,0,0.0,0.5
2439.7333,  1.00000000,1,0,0.025000000000000001,0.5
2439.7667,  1.00000000,1,0,0.0,0.5
2439.8000,  1.00000000,1,0,0.0,0.5
2439.8333,  1.00000000,1,0,0.0,0.5
2439.8667,  1.00000000,1,0,0.0,0.5
2439.9000,  1.00000000,1,0,0.0,0.5
2439.9333,  1.00000000,1,0,0.0,0.5
2439.9667,  1.00000000,1,0,0.0,0.5
2440.0000,  1.00000000,1,0,0.0,0.5
2440.0333,  1.00000000,1,0,0.050000000000000003,0.5
2440.0667,  1.00000000,1,0,0.0,0.5
2440.1000,  1.00000000,1,0,0.0,0.5
2440.1333,  1.00000000,1,0,0.0,0.5
2440.1667,  1.00000000,1,0,0.0,0.5
2440.2000,  1.00000000,1,0,0.0,0.5
2440.2333,  1.00000000,1,0,0.0,0.5
2440.2667,  1.00000000,1,0,0.0,0.5
2440.3000,  1.00000000,1,0,0.0,0.5
2440.3333,  1.00000000,1,0,0.0,0.5
2440.3667,  1.00000000,1,0,0.0,0.5
2440.4000,  1.00000000,1,0,0.0,0.5
2440.4333,  1.00000000,1,0,0.0,0.5
2440.4667,  1.00000000,1,0,0.0,0.5
2440.5000,  1.00000000,1,0,0.0,0.5
2440.5333,  1.00000000,1,0,0.0,0.5
2440.5667,  1.00000000,1,0,0.0,0.5
2440.6000,  1.00000000,1,0,0.0,0.5
2440.6333,  1.00000000,1,0,0.0,0.5
2440.6667,  1.00000000,1,0,0.0,0.5
2440.7000,  1.00000000,1,0,0.0,0.5
2440.7333,  1.00000000,1,0,0.0,0.5
2440.7667,  1.00000000,1,0,0.0,0.5
2440.8000,  1.00000000,1,0,0.0,0.5
2440.8333,  1.00000000,1,0,0.0,0.5
2440.8667,  1.00000000,1,0,0.025000000000000001,0.5
2440.9000,  1.00000000,1,0,0.0,0.5
2440.9333,  1.00000000,1,0,0.0,0.5
2440.9667,  1.00000000,1,0,0.0,0.5
2441.0000,  1.00000000,1,0,0.0,0.5
2441.0333,  1.00000000,1,0,0.0,0.5
2441.0667,  1.00000000,1,0,0.0,0.5
2441.1000,  1.00000000,1,0,0.0,0.5
2441.1333,  1.00000000,1,0,0.0,0.5
2441.1667,  1.00000000,1,0,0.0,0.5
2441.2000,  1.00000000,1,0,0.0,0.5
2441.2333,  1.00000000,1,0,0.0,0.5
2441.2667,  1.00000000,1,0,0.0,0.5
2441.3000,  1.00000000,1,0,0.0,0.5
2441.3333,  1.00000000,1,0,0.0,0.5
2441.3667,  1.00000000,1,0,0.0,0.5
2441.4000,  1.00000000,1,0,0.0,0.5
2441.4333,  1.00000000,1,0,0.0,0.5
2441.4667,  1.00000000,1,0,0.0,0.5
2441.5000,  1.00000000,1,0,0.0,0.5
2441.5333,  1.00000000,1,0,0.0,0.5
2441.5667,  1.00000000,1,0,0.0,0.5
2441.6000,  1.00000000,1,0,0.0,0.5
2441.6333,  1.00000000,1,0,0.0,0.5
2441.6667,  1.00000000,1,0,0.0,0.5
2441.7000,  1.00000000,1,0,0.0,0.5
2441.7333,  1.00000000,1,0,0.0,0.5
2441.7667,  1.00000000,1,0,0.0,0.5
2441.8000,  1.00000000,1,0,0.0,0.5
2441.8333,  1.00000000,1,0,0.0,0.5
2441.8667,  1.00000000,1,0,0.0,0.5
2441.9000,  1.00000000,1,0,0.0,0.5
2441.9333,  1.00000000,1,0,0.0,0.5
2441.9667,  1.00000000,1,0,0.0,0.5
2442.0000,  1.00000000,1,0,0.025000000000000001,0.5
2442.0333,  1.00000000,1,0,0.0,0.5
2442.0667,  1.00000000,1,0,0.0,0.5
2442.1000,  1.00000000,1,0,0.0,0.5
2442.1333,  1.00000000,1,0,0.0,0.5
2442.1667,  1.00000000,1,0,0.0,0.5
2442.2000,  1.00000000,1,0,0.0,0.5
2442.2333,  1.00000000,1,0,0.025000000000000001,0.5
2442.2667,  1.00000000,1,0,0.0,0.5
2442.3000,  1.00000000,1,0,0.0,0.5
2442.3333,  1.00000000,1,0,0.0,0.5
2442.3667,  1.00000000,1,0,0.0,0.5
2442.4000,  1.00000000,1,0,0.0,0.5
2442.4333,  1.00000000,1,0,0.0,0.5
2442.4667,  1.00000000,1,0,0.0,0.5
2442.5000,  1.00000000,1,0,0.0,0.5
2442.5333,  1.00000000,1,0,0.0,0.5
2442.5667,  1.00000000,1,0,0.0,0.5
2442.6000,  1.00000000,1,0,0.0,0.5
2442.6333,  1.00000000,1,0,0.0,0.5
2442.6667,  1.00000000,1,0,0.0,0.5
2442.7000,  1.00000000,1,0,0.0,0.5
2442.7333,  1.00000000,1,0,0.0,0.5
2442.7667,  1.00000000,1,0,0.0,0.5
2442.8000,  1.00000000,1,0,0.0,0.5
2442.8333,  1.00000000,1,0,0.0,0.5
2442.8667,  1.00000000,1,0,0.0,0.5
2442.9000,  1.00000000,1,0,0.0,0.5
2442.9333,  1.00000000,1,0,0.0,0.5
2442.9667,  1.00000000,1,0,0.0,0.5
2443.0000,  1.00000000,1,0,0.0,0.5
2443.0333,  1.00000000,1,0,0.0,0.5
2443.0667,  1.00000000,1,0,0.0,0.5
2443.1000,  1.00000000,1,0,0.0,0.5
2443.1333,  1.00000000,1,0,0.0,0.5
2443.1667,  1.00000000,1,0,0.0,0.5
2443.2000,  1.00000000,1,0,0.0,0.5
2443.2333,  1.00000000,1,0,0.0,0.5
2443.2667,  1.00000000,1,0,0.0,0.5
2443.3000,  1.00000000,1,0,0.0,0.5
2443.3333,  1.00000000,1,0,0.0,0.5
2443.3667,  1.00000000,1,0,0.0,0.5
2443.4000,  1.00000000,1,0,0.0,0.5
2443.4333,  1.00000000,1,0,0.0,0.5
2443.4667,  1.00000000,1,0,0.0,0.5
2443.5000,  1.00000000,1,0,0.0,0.5
2443.5333,  1.00000000,1,0,0.0,0.5
2443.5667,  1.00000000,1,0,0.0,0.5
2443.6000,  1.00000000,1,0,0.0,0.5
2443.6333,  1.00000000,1,0,0.0,0.5
2443.6667,  1.00000000,1,0,0.0,0.5
2443.7000,  1.00000000,1,0,0.0,0.5
2443.7333,  1.00000000,1,0,0.0,0.5
2443.7667,  1.00000000,1,0,0.0,0.5
2443.8000,  1.00000000,1,0,0.0,0.5
2443.8333,  1.00000000,1,0,0.0,0.5
2443.8667,  1.00000000,1,0,0.0,0.5
2443.9000,  1.00000000,1,0,0.0,0.5
2443.9333,  1.00000000,1,0,0.0,0.5
2443.9667,  1.00000000,1,0,0.0,0.5
2444.0000,  1.00000000,1,0,0.0,0.5
2444.0333,  1.00000000,1,0,0.0,0.5
2444.0667,  1.00000000,1,0,0.0,0.5
2444.1000,  1.00000000,1,0,0.0,0.5
2444.1333,  1.00000000,1,0,0.0,0.5
2444.1667,  1.00000000,1,0,0.0,0.5
2444.2000,  1.00000000,1,0,0.0,0.5
2444.2333,  1.00000000,1,0,0.0,0.5
2444.2667,  1.00000000,1,0,0.0,0.5
2444.3000,  1.00000000,1,0,0.0,0.5
2444.3333,  1.00000000,1,0,0.0,0.5
2444.3667,  1.00000000,1,0,0.0,0.5
2444.4000,  1.00000000,1,0,0.0,0.5
2444.4333,  1.00000000,1,0,0.0,0.5
2444.4667,  1.00000000,1,0,0.0,0.5
2444.5000,  1.00000000,1,0,0.0,0.5
2444.5333,  1.00000000,1,0,0.0,0.5
2444.5667,  1.00000000,1,0,0.0,0.5
2444.6000,  1.00000000,1,0,0.0,0.5
2444.6333,  1.00000000,1,0,0.0,0.5
2444.6667,  1.00000000,1,0,0.0,0.5
2444.7000,  1.00000000,1,0,0.0,0.5
2444.7333,  1.00000000,1,0,0.0,0.5
2444.7667,  1.00000000,1,0,0.0,0.5
2444.8000,  1.00000000,1,0,0.0,0.5
2444.8333,  1.00000000,1,0,0.0,0.5
2444.8667,  1.00000000,1,0,0.0,0.5
2444.9000,  1.00000000,1,0,0.0,0.5
2444.9333,  1.00000000,1,0,0.0,0.5
2444.9667,  1.00000000,1,0,0.0,0.5
2445.0000,  1.00000000,1,0,0.0,0.5
2445.0333,  1.00000000,1,0,0.0,0.5
2445.0667,  1.00000000,1,0,0.0,0.5
2445.1000,  1.00000000,1,0,0.0,0.5
2445.1333,  1.00000000,1,0,0.0,0.5
2445.1667,  1.00000000,1,0,0.0,0.5
2445.2000,  1.00000000,1,0,0.0,0.5
2445.2333,  1.00000000,1,0,0.0,0.5
2445.2667,  1.00000000,1,0,0.0,0.5
2445.3000,  1.00000000,1,0,0.0,0.5
2445.3333,  1.00000000,1,0,0.0,0.5
2445.3667,  1.00000000,1,0,0.025000000000000001,0.5
2445.4000,  1.00000000,1,0,0.0,0.5
2445.4333,  1.00000000,1,0,0.0,0.5
2445.4667,  1.00000000,1,0,0.0,0.5
2445.5000,  1.00000000,1,0,0.0,0.5
2445.5333,  1.00000000,1,0,0.0,0.5
2445.5667,  1.00000000,1,0,0.0,0.5
2445.6000,  1.00000000,1,0,0.0,0.5
2445.6333,  1.00000000,1,0,0.0,0.5
2445.6667,  1.00000000,1,0,0.0,0.5
2445.7000,  1.00000000,1,0,0.0,0.5
2445.7333,  1.00000000,1,0,0.0,0.5
2445.7667,  1.00000000,1,0,0.0,0.5
2445.8000,  1.00000000,1,0,0.0,0.5
2445.8333,  1.00000000,1,0,0.0,0.5
2445.8667,  1.00000000,1,0,0.0,0.5
2445.9000,  1.00000000,1,0,0.0,0.5
2445.9333,  1.00000000,1,0,0.0,0.5
2445.9667,  1.00000000,1,0,0.025000000000000001,0.5
2446.0000,  1.00000000,1,0,0.0,0.5
2446.0333,  1.00000000,1,0,0.0,0.5
2446.0667,  1.00000000,1,0,0.0,0.5
2446.1000,  1.00000000,1,0,0.025000000000000001,0.5
2446.1333,  1.00000000,1,0,0.0,0.5
2446.1667,  1.00000000,1,0,0.0,0.5
2446.2000,  1.00000000,1,0,0.0,0.5
2446.2333,  1.00000000,1,0,0.0,0.5
2446.2667,  1.00000000,1,0,0.0,0.5
2446.3000,  1.00000000,1,0,0.0,0.5
2446.3333,  1.00000000,1,0,0.0,0.5
2446.3667,  1.00000000,1,0,0.0,0.5
2446.4000,  1.00000000,1,0,0.0,0.5
2446.4333,  1.00000000,1,0,0.0,0.5
2446.4667,  1.00000000,1,0,0.0,0.5
2446.5000,  1.00000000,1,0,0.0,0.5
2446.5333,  1.00000000,1,0,0.0,0.5
2446.5667,  1.00000000,1,0,0.0,0.5
2446.6000,  1.00000000,1,0,0.0,0.5
2446.6333,  1.00000000,1,0,0.0,0.5
2446.6667,  1.00000000,1,0,0.0,0.5
2446.7000,  1.00000000,1,0,0.0,0.5
2446.7333,  1.00000000,1,0,0.0,0.5
2446.7667,  1.00000000,1,0,0.0,0.5
2446.8000,  1.00000000,1,0,0.0,0.5
2446.8333,  1.00000000,1,0,0.0,0.5
2446.8667,  1.00000000,1,0,0.0,0.5
2446.9000,  1.00000000,1,0,0.0,0.5
2446.9333,  1.00000000,1,0,0.0,0.5
2446.9667,  1.00000000,1,0,0.0,0.5
2447.0000,  1.00000000,1,0,0.0,0.5
2447.0333,  1.00000000,1,0,0.0,0.5
2447.0667,  1.00000000,1,0,0.0,0.5
2447.1000,  1.00000000,1,0,0.0,0.5
2447.1333,  1.00000000,1,0,0.0,0.5
2447.1667,  1.00000000,1,0,0.0,0.5
2447.2000,  1.00000000,1,0,0.0,0.5
2447.2333,  1.00000000,1,0,0.0,0.5
2447.2667,  1.00000000,1,0,0.0,0.5
2447.3000,  1.00000000,1,0,0.0,0.5
2447.3333,  1.00000000,1,0,0.0,0.5
2447.3667,  1.00000000,1,0,0.0,0.5
2447.4000,  1.00000000,1,0,0.0,0.5
2447.4333,  1.00000000,1,0,0.0,0.5
2447.4667,  1.00000000,1,0,0.0,0.5
2447.5000,  1.00000000,1,0,0.0,0.5
2447.5333,  1.00000000,1,0,0.0,0.5
2447.5667,  1.00000000,1,0,0.0,0.5
2447.6000,  1.00000000,1,0,0.0,0.5
2447.6333,  1.00000000,1,0,0.0,0.5
2447.6667,  1.00000000,1,0,0.0,0.5
2447.7000,  1.00000000,1,0,0.0,0.5
2447.7333,  1.00000000,1,0,0.0,0.5
2447.7667,  1.00000000,1,0,0.0,0.5
2447.8000,  1.00000000,1,0,0.0,0.5
2447.8333,  1.00000000,1,0,0.0,0.5
2447.8667,  1.00000000,1,0,0.0,0.5
2447.9000,  1.00000000,1,0,0.0,0.5
2447.9333,  1.00000000,1,0,0.0,0.5
2447.9667,  1.00000000,1,0,0.0,0.5
2448.0000,  1.00000000,1,0,0.0,0.5
2448.0333,  1.00000000,1,0,0.0,0.5
2448.0667,  1.00000000,1,0,0.0,0.5
2448.1000,  1.00000000,1,0,0.0,0.5
2448.1333,  1.00000000,1,0,0.0,0.5
2448.1667,  1.00000000,1,0,0.0,0.5
2448.2000,  1.00000000,1,0,0.0,0.5
2448.2333,  1.00000000,1,0,0.0,0.5
2448.2667,  1.00000000,1,0,0.0,0.5
2448.3000,  1.00000000,1,0,0.0,0.5
2448.3333,  1.00000000,1,0,0.0,0.5
2448.3667,  1.00000000,1,0,0.0,0.5
2448.4000,  1.00000000,1,0,0.0,0.5
2448.4333,  1.00000000,1,0,0.0,0.5
2448.4667,  1.00000000,1,0,0.0,0.5
2448.5000,  1.00000000,1,0,0.0,0.5
2448.5333,  1.00000000,1,0,0.0,0.5
2448.5667,  1.00000000,1,0,0.0,0.5
2448.6000,  1.00000000,1,0,0.0,0.5
2448.6333,  1.00000000,1,0,0.0,0.5
2448.6667,  1.00000000,1,0,0.0,0.5
2448.7000,  1.00000000,1,0,0.0,0.5
2448.7333,  1.00000000,1,0,0.0,0.5
2448.7667,  1.00000000,1,0,0.0,0.5
2448.8000,  1.00000000,1,0,0.0,0.5
2448.8333,  1.00000000,1,0,0.0,0.5
2448.8667,  1.00000000,1,0,0.0,0.5
2448.9000,  1.00000000,1,0,0.0,0.5
2448.9333,  1.00000000,1,0,0.0,0.5
2448.9667,  1.00000000,1,0,0.0,0.5
2449.0000,  1.00000000,1,0,0.0,0.5
2449.0333,  1.00000000,1,0,0.0,0.5
2449.0667,  1.00000000,1,0,0.0,0.5
2449.1000,  1.00000000,1,0,0.0,0.5
2449.1333,  1.00000000,1,0,0.0,0.5
2449.1667,  1.00000000,1,0,0.0,0.5
2449.2000,  1.00000000,1,0,0.0,0.5
2449.2333,  1.00000000,1,0,0.0,0.5
2449.2667,  1.00000000,1,0,0.0,0.5
2449.3000,  1.00000000,1,0,0.0,0.5
2449.3333,  1.00000000,1,0,0.0,0.5
2449.3667,  1.00000000,1,0,0.0,0.5
2449.4000,  1.00000000,1,0,0.0,0.5
2449.4333,  1.00000000,1,0,0.0,0.5
2449.4667,  1.00000000,1,0,0.0,0.5
2449.5000,  1.00000000,1,0,0.0,0.5
2449.5333,  1.00000000,1,0,0.0,0.5
2449.5667,  1.00000000,1,0,0.025000000000000001,0.5
2449.6000,  1.00000000,1,0,0.0,0.5
2449.6333,  1.00000000,1,0,0.0,0.5
2449.6667,  1.00000000,1,0,0.0,0.5
2449.7000,  1.00000000,1,0,0.0,0.5
2449.7333,  1.00000000,1,0,0.0,0.5
2449.7667,  1.00000000,1,0,0.0,0.5
2449.8000,  1.00000000,1,0,0.0,0.5
2449.8333,  1.00000000,1,0,0.0,0.5
2449.8667,  1.00000000,1,0,0.0,0.5
2449.9000,  1.00000000,1,0,0.0,0.5
2449.9333,  1.00000000,1,0,0.0,0.5
2449.9667,  1.00000000,1,0,0.0,0.5
2450.0000,  1.00000000,1,0,0.0,0.5
2450.0333,  1.00000000,1,0,0.0,0.5
2450.0667,  1.00000000,1,0,0.0,0.5
2450.1000,  1.00000000,1,0,0.0,0.5
2450.1333,  1.00000000,1,0,0.0,0.5
2450.1667,  1.00000000,1,0,0.0,0.5
2450.2000,  1.00000000,1,0,0.0,0.5
2450.2333,  1.00000000,1,0,0.0,0.5
2450.2667,  1.00000000,1,0,0.0,0.5
2450.3000,  1.00000000,1,0,0.0,0.5
2450.3333,  1.00000000,1,0,0.0,0.5
2450.3667,  1.00000000,1,0,0.0,0.5
2450.4000,  1.00000000,1,0,0.0,0.5
2450.4333,  1.00000000,1,0,0.0,0.5
2450.4667,  1.00000000,1,0,0.0,0.5
2450.5000,  1.00000000,1,0,0.0,0.5
2450.5333,  1.00000000,1,0,0.0,0.5
2450.5667,  1.00000000,1,0,0.0,0.5
2450.6000,  1.00000000,1,0,0.0,0.5
2450.6333,  1.00000000,1,0,0.0,0.5
2450.6667,  1.00000000,1,0,0.0,0.5
2450.7000,  1.00000000,1,0,0.0,0.5
2450.7333,  1.00000000,1,0,0.025000000000000001,0.5
2450.7667,  1.00000000,1,0,0.0,0.5
2450.8000,  1.00000000,1,0,0.0,0.5
2450.8333,  1.00000000,1,0,0.0,0.5
2450.8667,  1.00000000,1,0,0.0,0.5
2450.9000,  1.00000000,1,0,0.0,0.5
2450.9333,  1.00000000,1,0,0.0,0.5
2450.9667,  1.00000000,1,0,0.0,0.5
2451.0000,  1.00000000,1,0,0.0,0.5
2451.0333,  1.00000000,1,0,0.0,0.5
2451.0667,  1.00000000,1,0,0.0,0.5
2451.1000,  1.00000000,1,0,0.0,0.5
2451.1333,  1.00000000,1,0,0.025000000000000001,0.5
2451.1667,  1.00000000,1,0,0.0,0.5
2451.2000,  1.00000000,1,0,0.0,0.5
2451.2333,  1.00000000,1,0,0.0,0.5
2451.2667,  1.00000000,1,0,0.0,0.5
2451.3000,  1.00000000,1,0,0.0,0.5
2451.3333,  1.00000000,1,0,0.0,0.5
2451.3667,  1.00000000,1,0,0.0,0.5
2451.4000,  1.00000000,1,0,0.0,0.5
2451.4333,  1.00000000,1,0,0.0,0.5
2451.4667,  1.00000000,1,0,0.0,0.5
2451.5000,  1.00000000,1,0,0.0,0.5
2451.5333,  1.00000000,1,0,0.0,0.5
2451.5667,  1.00000000,1,0,0.0,0.5
2451.6000,  1.00000000,1,0,0.0,0.5
2451.6333,  1.00000000,1,0,0.0,0.5
2451.6667,  1.00000000,1,0,0.0,0.5
2451.7000,  1.00000000,1,0,0.0,0.5
2451.7333,  1.00000000,1,0,0.0,0.5
2451.7667,  1.00000000,1,0,0.0,0.5
2451.8000,  1.00000000,1,0,0.0,0.5
2451.8333,  1.00000000,1,0,0.0,0.5
2451.8667,  1.00000000,1,0,0.0,0.5
2451.9000,  1.00000000,1,0,0.0,0.5
2451.9333,  1.00000000,1,0,0.0,0.5
2451.9667,  1.00000000,1,0,0.0,0.5
2452.0000,  1.00000000,1,0,0.0,0.5
2452.0333,  1.00000000,1,0,0.0,0.5
2452.0667,  1.00000000,1,0,0.025000000000000001,0.5
2452.1000,  1.00000000,1,0,0.0,0.5
2452.1333,  1.00000000,1,0,0.0,0.5
2452.1667,  1.00000000,1,0,0.0,0.5
2452.2000,  1.00000000,1,0,0.0,0.5
2452.2333,  1.00000000,1,0,0.0,0.5
2452.2667,  1.00000000,1,0,0.0,0.5
2452.3000,  1.00000000,1,0,0.0,0.5
2452.3333,  1.00000000,1,0,0.0,0.5
2452.3667,  1.00000000,1,0,0.0,0.5
2452.4000,  1.00000000,1,0,0.0,0.5
2452.4333,  1.00000000,1,0,0.0,0.5
2452.4667,  1.00000000,1,0,0.0,0.5
2452.5000,  1.00000000,1,0,0.0,0.5
2452.5333,  1.00000000,1,0,0.0,0.5
2452.5667,  1.00000000,1,0,0.0,0.5
2452.6000,  1.00000000,1,0,0.0,0.5
2452.6333,  1.00000000,1,0,0.0,0.5
2452.6667,  1.00000000,1,0,0.0,0.5
2452.7000,  1.00000000,1,0,0.0,0.5
2452.7333,  1.00000000,1,0,0.0,0.5
2452.7667,  1.00000000,1,0,0.0,0.5
2452.8000,  1.00000000,1,0,0.0,0.5
2452.8333,  1.00000000,1,0,0.025000000000000001,0.5
2452.8667,  1.00000000,1,0,0.0,0.5
2452.9000,  1.00000000,1,0,0.0,0.5
2452.9333,  1.00000000,1,0,0.0,0.5
2452.9667,  1.00000000,1,0,0.0,0.5
2453.0000,  1.00000000,1,0,0.0,0.5
2453.0333,  1.00000000,1,0,0.0,0.5
2453.0667,  1.00000000,1,0,0.0,0.5
2453.1000,  1.00000000,1,0,0.0,0.5
2453.1333,  1.00000000,1,0,0.0,0.5
2453.1667,  1.00000000,1,0,0.0,0.5
2453.2000,  1.00000000,1,0,0.0,0.5
2453.2333,  1.00000000,1,0,0.0,0.5
2453.2667,  1.00000000,1,0,0.0,0.5
2453.3000,  1.00000000,1,0,0.0,0.5
2453.3333,  1.00000000,1,0,0.0,0.5
2453.3667,  1.00000000,1,0,0.025000000000000001,0.5
2453.4000,  1.00000000,1,0,0.0,0.5
2453.4333,  1.00000000,1,0,0.0,0.5
2453.4667,  1.00000000,1,0,0.0,0.5
2453.5000,  1.00000000,1,0,0.025000000000000001,0.5
2453.5333,  1.00000000,1,0,0.0,0.5
2453.5667,  1.00000000,1,0,0.0,0.5
2453.6000,  1.00000000,1,0,0.0,0.5
2453.6333,  1.00000000,1,0,0.0,0.5
2453.6667,  1.00000000,1,0,0.0,0.5
2453.7000,  1.00000000,1,0,0.0,0.5
2453.7333,  1.00000000,1,0,0.0,0.5
2453.7667,  1.00000000,1,0,0.0,0.5
2453.8000,  1.00000000,1,0,0.0,0.5
2453.8333,  1.00000000,1,0,0.0,0.5
2453.8667,  1.00000000,1,0,0.0,0.5
2453.9000,  1.00000000,1,0,0.0,0.5
2453.9333,  1.00000000,1,0,0.0,0.5
2453.9667,  1.00000000,1,0,0.0,0.5
2454.0000,  1.00000000,1,0,0.025000000000000001,0.5
2454.0333,  1.00000000,1,0,0.0,0.5
2454.0667,  1.00000000,1,0,0.0,0.5
2454.1000,  1.00000000,1,0,0.0,0.5
2454.1333,  1.00000000,1,0,0.0,0.5
2454.1667,  1.00000000,1,0,0.0,0.5
2454.2000,  1.00000000,1,0,0.0,0.5
2454.2333,  1.00000000,1,0,0.0,0.5
2454.2667,  1.00000000,1,0,0.0,0.5
2454.3000,  1.00000000,1,0,0.0,0.5
2454.3333,  1.00000000,1,0,0.0,0.5
2454.3667,  1.00000000,1,0,0.0,0.5
2454.4000,  1.00000000,1,0,0.0,0.5
2454.4333,  1.00000000,1,0,0.0,0.5
2454.4667,  1.00000000,1,0,0.0,0.5
2454.5000,  1.00000000,1,0,0.0,0.5
2454.5333,  1.00000000,1,0,0.0,0.5
2454.5667,  1.00000000,1,0,0.025000000000000001,0.5
2454.6000,  1.00000000,1,0,0.0,0.5
2454.6333,  1.00000000,1,0,0.0,0.5
2454.6667,  1.00000000,1,0,0.0,0.5
2454.7000,  1.00000000,1,0,0.0,0.5
2454.7333,  1.00000000,1,0,0.0,0.5
2454.7667,  1.00000000,1,0,0.0,0.5
2454.8000,  1.00000000,1,0,0.0,0.5
2454.8333,  1.00000000,1,0,0.0,0.5
2454.8667,  1.00000000,1,0,0.0,0.5
2454.9000,  1.00000000,1,0,0.0,0.5
2454.9333,  1.00000000,1,0,0.0,0.5
2454.9667,  1.00000000,1,0,0.0,0.5
2455.0000,  1.00000000,1,0,0.0,0.5
2455.0333,  1.00000000,1,0,0.0,0.5
2455.0667,  1.00000000,1,0,0.0,0.5
2455.1000,  1.00000000,1,0,0.0,0.5
2455.1333,  1.00000000,1,0,0.0,0.5
2455.1667,  1.00000000,1,0,0.0,0.5
2455.2000,  1.00000000,1,0,0.0,0.5
2455.2333,  1.00000000,1,0,0.0,0.5
2455.2667,  1.00000000,1,0,0.0,0.5
2455.3000,  1.00000000,1,0,0.0,0.5
2455.3333,  1.00000000,1,0,0.0,0.5
2455.3667,  1.00000000,1,0,0.0,0.5
2455.4000,  1.00000000,1,0,0.0,0.5
2455.4333,  1.00000000,1,0,0.0,0.5
2455.4667,  1.00000000,1,0,0.0,0.5
2455.5000,  1.00000000,1,0,0.0,0.5
2455.5333,  1.00000000,1,0,0.0,0.5
2455.5667,  1.00000000,1,0,0.0,0.5
2455.6000,  1.00000000,1,0,0.0,0.5
2455.6333,  1.00000000,1,0,0.0,0.5
2455.6667,  1.00000000,1,0,0.0,0.5
2455.7000,  1.00000000,1,0,0.0,0.5
2455.7333,  1.00000000,1,0,0.0,0.5
2455.7667,  1.00000000,1,0,0.0,0.5
2455.8000,  1.00000000,1,0,0.0,0.5
2455.8333,  1.00000000,1,0,0.0,0.5
2455.8667,  1.00000000,1,0,0.0,0.5
2455.9000,  1.00000000,1,0,0.0,0.5
2455.9333,  1.00000000,1,0,0.0,0.5
2455.9667,  1.00000000,1,0,0.0,0.5
2456.0000,  1.00000000,1,0,0.025000000000000001,0.5
2456.0333,  1.00000000,1,0,0.0,0.5
2456.0667,  1.00000000,1,0,0.0,0.5
2456.1000,  1.00000000,1,0,0.0,0.5
2456.1333,  1.00000000,1,0,0.0,0.5
2456.1667,  1.00000000,1,0,0.0,0.5
2456.2000,  1.00000000,1,0,0.0,0.5
2456.2333,  1.00000000,1,0,0.0,0.5
2456.2667,  1.00000000,1,0,0.0,0.5
2456.3000,  1.00000000,1,0,0.0,0.5
2456.3333,  1.00000000,1,0,0.0,0.5
2456.3667,  1.00000000,1,0,0.0,0.5
2456.4000,  1.00000000,1,0,0.0,0.5
2456.4333,  1.00000000,1,0,0.0,0.5
2456.4667,  1.00000000,1,0,0.0,0.5
2456.5000,  1.00000000,1,0,0.0,0.5
2456.5333,  1.00000000,1,0,0.0,0.5
2456.5667,  1.00000000,1,0,0.0,0.5
2456.6000,  1.00000000,1,0,0.0,0.5
2456.6333,  1.00000000,1,0,0.0,0.5
2456.6667,  1.00000000,1,0,0.0,0.5
2456.7000,  1.00000000,1,0,0.0,0.5
2456.7333,  1.00000000,1,0,0.0,0.5
2456.7667,  1.00000000,1,0,0.0,0.5
2456.8000,  1.00000000,1,0,0.0,0.5
2456.8333,  1.00000000,1,0,0.0,0.5
2456.8667,  1.00000000,1,0,0.025000000000000001,0.5
2456.9000,  1.00000000,1,0,0.0,0.5
2456.9333,  1.00000000,1,0,0.0,0.5
2456.9667,  1.00000000,1,0,0.0,0.5
2457.0000,  1.00000000,1,0,0.0,0.5
2457.0333,  1.00000000,1,0,0.0,0.5
2457.0667,  1.00000000,1,0,0.0,0.5
2457.1000,  1.00000000,1,0,0.0,0.5
2457.1333,  1.00000000,1,0,0.0,0.5
2457.1667,  1.00000000,1,0,0.0,0.5
2457.2000,  1.00000000,1,0,0.0,0.5
2457.2333,  1.00000000,1,0,0.025000000000000001,0.5
2457.2667,  1.00000000,1,0,0.0,0.5
2457.3000,  1.00000000,1,0,0.0,0.5
2457.3333,  1.00000000,1,0,0.0,0.5
2457.3667,  1.00000000,1,0,0.0,0.5
2457.4000,  1.00000000,1,0,0.0,0.5
2457.4333,  1.00000000,1,0,0.0,0.5
2457.4667,  1.00000000,1,0,0.0,0.5
2457.5000,  1.00000000,1,0,0.0,0.5
2457.5333,  1.00000000,1,0,0.0,0.5
2457.5667,  1.00000000,1,0,0.0,0.5
2457.6000,  1.00000000,1,0,0.0,0.5
2457.6333,  1.00000000,1,0,0.0,0.5
2457.6667,  1.00000000,1,0,0.0,0.5
2457.7000,  1.00000000,1,0,0.0,0.5
2457.7333,  1.00000000,1,0,0.0,0.5
2457.7667,  1.00000000,1,0,0.0,0.5
2457.8000,  1.00000000,1,0,0.0,0.5
2457.8333,  1.00000000,1,0,0.0,0.5
2457.8667,  1.00000000,1,0,0.0,0.5
2457.9000,  1.00000000,1,0,0.0,0.5
2457.9333,  1.00000000,1,0,0.0,0.5
2457.9667,  1.00000000,1,0,0.0,0.5
2458.0000,  1.00000000,1,0,0.0,0.5
2458.0333,  1.00000000,1,0,0.0,0.5
2458.0667,  1.00000000,1,0,0.0,0.5
2458.1000,  1.00000000,1,0,0.0,0.5
2458.1333,  1.00000000,1,0,0.0,0.5
2458.1667,  1.00000000,1,0,0.0,0.5
2458.2000,  1.00000000,1,0,0.0,0.5
2458.2333,  1.00000000,1,0,0.0,0.5
2458.2667,  1.00000000,1,0,0.0,0.5
2458.3000,  1.00000000,1,0,0.0,0.5
2458.3333,  1.00000000,1,0,0.0,0.5
2458.3667,  1.00000000,1,0,0.0,0.5
2458.4000,  1.00000000,1,0,0.0,0.5
2458.4333,  1.00000000,1,0,0.025000000000000001,0.5
2458.4667,  1.00000000,1,0,0.0,0.5
2458.5000,  1.00000000,1,0,0.0,0.5
2458.5333,  1.00000000,1,0,0.0,0.5
2458.5667,  1.00000000,1,0,0.0,0.5
2458.6000,  1.00000000,1,0,0.0,0.5
2458.6333,  1.00000000,1,0,0.025000000000000001,0.5
2458.6667,  1.00000000,1,0,0.025000000000000001,0.5
2458.7000,  1.00000000,1,0,0.0,0.5
2458.7333,  1.00000000,1,0,0.0,0.5
2458.7667,  1.00000000,1,0,0.0,0.5
2458.8000,  1.00000000,1,0,0.025000000000000001,0.5
2458.8333,  1.00000000,1,0,0.0,0.5
2458.8667,  1.00000000,1,0,0.0,0.5
2458.9000,  1.00000000,1,0,0.0,0.5
2458.9333,  1.00000000,1,0,0.0,0.5
2458.9667,  1.00000000,1,0,0.0,0.5
2459.0000,  1.00000000,1,0,0.0,0.5
2459.0333,  1.00000000,1,0,0.0,0.5
2459.0667,  1.00000000,1,0,0.0,0.5
2459.1000,  1.00000000,1,0,0.0,0.5
2459.1333,  1.00000000,1,0,0.0,0.5
2459.1667,  1.00000000,1,0,0.0,0.5
2459.2000,  1.00000000,1,0,0.025000000000000001,0.5
2459.2333,  1.00000000,1,0,0.0,0.5
2459.2667,  1.00000000,1,0,0.0,0.5
2459.3000,  1.00000000,1,0,0.025000000000000001,0.5
2459.3333,  1.00000000,1,0,0.0,0.5
2459.3667,  1.00000000,1,0,0.0,0.5
2459.4000,  1.00000000,1,0,0.0,0.5
2459.4333,  1.00000000,1,0,0.0,0.5
2459.4667,  1.00000000,1,0,0.0,0.5
2459.5000,  1.00000000,1,0,0.0,0.5
2459.5333,  1.00000000,1,0,0.0,0.5
2459.5667,  1.00000000,1,0,0.0,0.5
2459.6000,  1.00000000,1,0,0.0,0.5
2459.6333,  1.00000000,1,0,0.0,0.5
2459.6667,  1.00000000,1,0,0.0,0.5
2459.7000,  1.00000000,1,0,0.0,0.5
2459.7333,  1.00000000,1,0,0.0,0.5
2459.7667,  1.00000000,1,0,0.0,0.5
2459.8000,  1.00000000,1,0,0.0,0.5
2459.8333,  1.00000000,1,0,0.0,0.5
2459.8667,  1.00000000,1,0,0.0,0.5
2459.9000,  1.00000000,1,0,0.0,0.5
2459.9333,  1.00000000,1,0,0.0,0.5
2459.9667,  1.00000000,1,0,0.0,0.5
2460.0000,  1.00000000,1,0,0.0,0.5
2460.0333,  1.00000000,1,0,0.0,0.5
2460.0667,  1.00000000,1,0,0.0,0.5
2460.1000,  1.00000000,1,0,0.0,0.5
2460.1333,  1.00000000,1,0,0.0,0.5
2460.1667,  1.00000000,1,0,0.0,0.5
2460.2000,  1.00000000,1,0,0.0,0.5
2460.2333,  1.00000000,1,0,0.0,0.5
2460.2667,  1.00000000,1,0,0.0,0.5
2460.3000,  1.00000000,1,0,0.0,0.5
2460.3333,  1.00000000,1,0,0.0,0.5
2460.3667,  1.00000000,1,0,0.0,0.5
2460.4000,  1.00000000,1,0,0.0,0.5
2460.4333,  1.00000000,1,0,0.0,0.5
2460.4667,  1.00000000,1,0,0.0,0.5
2460.5000,  1.00000000,1,0,0.0,0.5
2460.5333,  1.00000000,1,0,0.0,0.5
2460.5667,  1.00000000,1,0,0.0,0.5
2460.6000,  1.00000000,1,0,0.0,0.5
2460.6333,  1.00000000,1,0,0.0,0.5
2460.6667,  1.00000000,1,0,0.0,0.5
2460.7000,  1.00000000,1,0,0.0,0.5
2460.7333,  1.00000000,1,0,0.0,0.5
2460.7667,  1.00000000,1,0,0.0,0.5
2460.8000,  1.00000000,1,0,0.0,0.5
2460.8333,  1.00000000,1,0,0.0,0.5
2460.8667,  1.00000000,1,0,0.0,0.5
2460.9000,  1.00000000,1,0,0.0,0.5
2460.9333,  1.00000000,1,0,0.0,0.5
2460.9667,  1.00000000,1,0,0.025000000000000001,0.5
2461.0000,  1.00000000,1,0,0.0,0.5
2461.0333,  1.00000000,1,0,0.025000000000000001,0.5
2461.0667,  1.00000000,1,0,0.0,0.5
2461.1000,  1.00000000,1,0,0.0,0.5
2461.1333,  1.00000000,1,0,0.0,0.5
2461.1667,  1.00000000,1,0,0.0,0.5
2461.2000,  1.00000000,1,0,0.0,0.5
2461.2333,  1.00000000,1,0,0.0,0.5
2461.2667,  1.00000000,1,0,0.0,0.5
2461.3000,  1.00000000,1,0,0.0,0.5
2461.3333,  1.00000000,1,0,0.0,0.5
2461.3667,  1.00000000,1,0,0.0,0.5
2461.4000,  1.00000000,1,0,0.0,0.5
2461.4333,  1.00000000,1,0,0.0,0.5
2461.4667,  1.00000000,1,0,0.0,0.5
2461.5000,  1.00000000,1,0,0.025000000000000001,0.5
2461.5333,  1.00000000,1,0,0.0,0.5
2461.5667,  1.00000000,1,0,0.0,0.5
2461.6000,  1.00000000,1,0,0.0,0.5
2461.6333,  1.00000000,1,0,0.0,0.5
2461.6667,  1.00000000,1,0,0.0,0.5
2461.7000,  1.00000000,1,0,0.0,0.5
2461.7333,  1.00000000,1,0,0.0,0.5
2461.7667,  1.00000000,1,0,0.0,0.5
2461.8000,  1.00000000,1,0,0.0,0.5
2461.8333,  1.00000000,1,0,0.0,0.5
2461.8667,  1.00000000,1,0,0.0,0.5
2461.9000,  1.00000000,1,0,0.0,0.5
2461.9333,  1.00000000,1,0,0.025000000000000001,0.5
2461.9667,  1.00000000,1,0,0.0,0.5
2462.0000,  1.00000000,1,0,0.025000000000000001,0.5
2462.0333,  1.00000000,1,0,0.0,0.5
2462.0667,  1.00000000,1,0,0.0,0.5
2462.1000,  1.00000000,1,0,0.0,0.5
2462.1333,  1.00000000,1,0,0.0,0.5
2462.1667,  1.00000000,1,0,0.0,0.5
2462.2000,  1.00000000,1,0,0.0,0.5
2462.2333,  1.00000000,1,0,0.0,0.5
2462.2667,  1.00000000,1,0,0.0,0.5
2462.3000,  1.00000000,1,0,0.025000000000000001,0.5
2462.3333,  1.00000000,1,0,0.0,0.5
2462.3667,  1.00000000,1,0,0.0,0.5
2462.4000,  1.00000000,1,0,0.0,0.5
2462.4333,  1.00000000,1,0,0.0,0.5
2462.4667,  1.00000000,1,0,0.0,0.5
2462.5000,  1.00000000,1,0,0.0,0.5
2462.5333,  1.00000000,1,0,0.0,0.5
2462.5667,  1.00000000,1,0,0.0,0.5
2462.6000,  1.00000000,1,0,0.0,0.5
2462.6333,  1.00000000,1,0,0.0,0.5
2462.6667,  1.00000000,1,0,0.0,0.5
2462.7000,  1.00000000,1,0,0.0,0.5
2462.7333,  1.00000000,1,0,0.0,0.5
2462.7667,  1.00000000,1,0,0.0,0.5
2462.8000,  1.00000000,1,0,0.0,0.5
2462.8333,  1.00000000,1,0,0.0,0.5
2462.8667,  1.00000000,1,0,0.0,0.5
2462.9000,  1.00000000,1,0,0.0,0.5
2462.9333,  1.00000000,1,0,0.0,0.5
2462.9667,  1.00000000,1,0,0.0,0.5
2463.0000,  1.00000000,1,0,0.0,0.5
2463.0333,  1.00000000,1,0,0.0,0.5
2463.0667,  1.00000000,1,0,0.0,0.5
2463.1000,  1.00000000,1,0,0.0,0.5
2463.1333,  1.00000000,1,0,0.0,0.5
2463.1667,  1.00000000,1,0,0.0,0.5
2463.2000,  1.00000000,1,0,0.0,0.5
2463.2333,  1.00000000,1,0,0.0,0.5
2463.2667,  1.00000000,1,0,0.0,0.5
2463.3000,  1.00000000,1,0,0.0,0.5
2463.3333,  1.00000000,1,0,0.0,0.5
2463.3667,  1.00000000,1,0,0.0,0.5
2463.4000,  1.00000000,1,0,0.0,0.5
2463.4333,  1.00000000,1,0,0.0,0.5
2463.4667,  1.00000000,1,0,0.0,0.5
2463.5000,  1.00000000,1,0,0.0,0.5
2463.5333,  1.00000000,1,0,0.0,0.5
2463.5667,  1.00000000,1,0,0.0,0.5
2463.6000,  1.00000000,1,0,0.0,0.5
2463.6333,  1.00000000,1,0,0.0,0.5
2463.6667,  1.00000000,1,0,0.0,0.5
2463.7000,  1.00000000,1,0,0.0,0.5
2463.7333,  1.00000000,1,0,0.0,0.5
2463.7667,  1.00000000,1,0,0.0,0.5
2463.8000,  1.00000000,1,0,0.0,0.5
2463.8333,  1.00000000,1,0,0.0,0.5
2463.8667,  1.00000000,1,0,0.0,0.5
2463.9000,  1.00000000,1,0,0.0,0.5
2463.9333,  1.00000000,1,0,0.0,0.5
2463.9667,  1.00000000,1,0,0.0,0.5
2464.0000,  1.00000000,1,0,0.0,0.5
2464.0333,  1.00000000,1,0,0.0,0.5
2464.0667,  1.00000000,1,0,0.0,0.5
2464.1000,  1.00000000,1,0,0.0,0.5
2464.1333,  1.00000000,1,0,0.0,0.5
2464.1667,  1.00000000,1,0,0.0,0.5
2464.2000,  1.00000000,1,0,0.025000000000000001,0.5
2464.2333,  1.00000000,1,0,0.0,0.5
2464.2667,  1.00000000,1,0,0.0,0.5
2464.3000,  1.00000000,1,0,0.0,0.5
2464.3333,  1.00000000,1,0,0.0,0.5
2464.3667,  1.00000000,1,0,0.0,0.5
2464.4000,  1.00000000,1,0,0.0,0.5
2464.4333,  1.00000000,1,0,0.0,0.5
2464.4667,  1.00000000,1,0,0.0,0.5
2464.5000,  1.00000000,1,0,0.0,0.5
2464.5333,  1.00000000,1,0,0.0,0.5
2464.5667,  1.00000000,1,0,0.0,0.5
2464.6000,  1.00000000,1,0,0.0,0.5
2464.6333,  1.00000000,1,0,0.0,0.5
2464.6667,  1.00000000,1,0,0.0,0.5
2464.7000,  1.00000000,1,0,0.0,0.5
2464.7333,  1.00000000,1,0,0.0,0.5
2464.7667,  1.00000000,1,0,0.0,0.5
2464.8000,  1.00000000,1,0,0.0,0.5
2464.8333,  1.00000000,1,0,0.0,0.5
2464.8667,  1.00000000,1,0,0.0,0.5
2464.9000,  1.00000000,1,0,0.0,0.5
2464.9333,  1.00000000,1,0,0.0,0.5
2464.9667,  1.00000000,1,0,0.0,0.5
2465.0000,  1.00000000,1,0,0.0,0.5
2465.0333,  1.00000000,1,0,0.0,0.5
2465.0667,  1.00000000,1,0,0.0,0.5
2465.1000,  1.00000000,1,0,0.0,0.5
2465.1333,  1.00000000,1,0,0.0,0.5
2465.1667,  1.00000000,1,0,0.0,0.5
2465.2000,  1.00000000,1,0,0.0,0.5
2465.2333,  1.00000000,1,0,0.0,0.5
2465.2667,  1.00000000,1,0,0.0,0.5
2465.3000,  1.00000000,1,0,0.0,0.5
2465.3333,  1.00000000,1,0,0.0,0.5
2465.3667,  1.00000000,1,0,0.0,0.5
2465.4000,  1.00000000,1,0,0.0,0.5
2465.4333,  1.00000000,1,0,0.0,0.5
2465.4667,  1.00000000,1,0,0.0,0.5
2465.5000,  1.00000000,1,0,0.025000000000000001,0.5
2465.5333,  1.00000000,1,0,0.0,0.5
2465.5667,  1.00000000,1,0,0.0,0.5
2465.6000,  1.00000000,1,0,0.0,0.5
2465.6333,  1.00000000,1,0,0.0,0.5
2465.6667,  1.00000000,1,0,0.0,0.5
2465.7000,  1.00000000,1,0,0.0,0.5
2465.7333,  1.00000000,1,0,0.0,0.5
2465.7667,  1.00000000,1,0,0.0,0.5
2465.8000,  1.00000000,1,0,0.0,0.5
2465.8333,  1.00000000,1,0,0.0,0.5
2465.8667,  1.00000000,1,0,0.0,0.5
2465.9000,  1.00000000,1,0,0.0,0.5
2465.9333,  1.00000000,1,0,0.0,0.5
2465.9667,  1.00000000,1,0,0.0,0.5
2466.0000,  1.00000000,1,0,0.0,0.5
2466.0333,  1.00000000,1,0,0.0,0.5
2466.0667,  1.00000000,1,0,0.0,0.5
2466.1000,  1.00000000,1,0,0.0,0.5
2466.1333,  1.00000000,1,0,0.0,0.5
2466.1667,  1.00000000,1,0,0.0,0.5
2466.2000,  1.00000000,1,0,0.0,0.5
2466.2333,  1.00000000,1,0,0.0,0.5
2466.2667,  1.00000000,1,0,0.0,0.5
2466.3000,  1.00000000,1,0,0.0,0.5
2466.3333,  1.00000000,1,0,0.025000000000000001,0.5
2466.3667,  1.00000000,1,0,0.025000000000000001,0.5
2466.4000,  1.00000000,1,0,0.0,0.5
2466.4333,  1.00000000,1,0,0.0,0.5
2466.4667,  1.00000000,1,0,0.0,0.5
2466.5000,  1.00000000,1,0,0.0,0.5
2466.5333,  1.00000000,1,0,0.0,0.5
2466.5667,  1.00000000,1,0,0.0,0.5
2466.6000,  1.00000000,1,0,0.0,0.5
2466.6333,  1.00000000,1,0,0.0,0.5
2466.6667,  1.00000000,1,0,0.0,0.5
2466.7000,  1.00000000,1,0,0.0,0.5
2466.7333,  1.00000000,1,0,0.0,0.5
2466.7667,  1.00000000,1,0,0.0,0.5
2466.8000,  1.00000000,1,0,0.0,0.5
2466.8333,  1.00000000,1,0,0.0,0.5
2466.8667,  1.00000000,1,0,0.0,0.5
2466.9000,  1.00000000,1,0,0.0,0.5
2466.9333,  1.00000000,1,0,0.0,0.5
2466.9667,  1.00000000,1,0,0.0,0.5
2467.0000,  1.00000000,1,0,0.0,0.5
2467.0333,  1.00000000,1,0,0.0,0.5
2467.0667,  1.00000000,1,0,0.0,0.5
2467.1000,  1.00000000,1,0,0.0,0.5
2467.1333,  1.00000000,1,0,0.025000000000000001,0.5
2467.1667,  1.00000000,1,0,0.0,0.5
2467.2000,  1.00000000,1,0,0.0,0.5
2467.2333,  1.00000000,1,0,0.0,0.5
2467.2667,  1.00000000,1,0,0.0,0.5
2467.3000,  1.00000000,1,0,0.0,0.5
2467.3333,  1.00000000,1,0,0.0,0.5
2467.3667,  1.00000000,1,0,0.0,0.5
2467.4000,  1.00000000,1,0,0.0,0.5
2467.4333,  1.00000000,1,0,0.0,0.5
2467.4667,  1.00000000,1,0,0.0,0.5
2467.5000,  1.00000000,1,0,0.0,0.5
2467.5333,  1.00000000,1,0,0.0,0.5
2467.5667,  1.00000000,1,0,0.0,0.5
2467.6000,  1.00000000,1,0,0.0,0.5
2467.6333,  1.00000000,1,0,0.025000000000000001,0.5
2467.6667,  1.00000000,1,0,0.0,0.5
2467.7000,  1.00000000,1,0,0.0,0.5
2467.7333,  1.00000000,1,0,0.0,0.5
2467.7667,  1.00000000,1,0,0.0,0.5
2467.8000,  1.00000000,1,0,0.0,0.5
2467.8333,  1.00000000,1,0,0.0,0.5
2467.8667,  1.00000000,1,0,0.0,0.5
2467.9000,  1.00000000,1,0,0.0,0.5
2467.9333,  1.00000000,1,0,0.0,0.5
2467.9667,  1.00000000,1,0,0.0,0.5
2468.0000,  1.00000000,1,0,0.0,0.5
2468.0333,  1.00000000,1,0,0.0,0.5
2468.0667,  1.00000000,1,0,0.0,0.5
2468.1000,  1.00000000,1,0,0.0,0.5
2468.1333,  1.00000000,1,0,0.0,0.5
2468.1667,  1.00000000,1,0,0.0,0.5
2468.2000,  1.00000000,1,0,0.0,0.5
2468.2333,  1.00000000,1,0,0.0,0.5
2468.2667,  1.00000000,1,0,0.0,0.5
2468.3000,  1.00000000,1,0,0.0,0.5
2468.3333,  1.00000000,1,0,0.0,0.5
2468.3667,  1.00000000,1,0,0.0,0.5
2468.4000,  1.00000000,1,0,0.0,0.5
2468.4333,  1.00000000,1,0,0.0,0.5
2468.4667,  1.00000000,1,0,0.0,0.5
2468.5000,  1.00000000,1,0,0.0,0.5
2468.5333,  1.00000000,1,0,0.0,0.5
2468.5667,  1.00000000,1,0,0.0,0.5
2468.6000,  1.00000000,1,0,0.0,0.5
2468.6333,  1.00000000,1,0,0.0,0.5
2468.6667,  1.00000000,1,0,0.0,0.5
2468.7000,  1.00000000,1,0,0.0,0.5
2468.7333,  1.00000000,1,0,0.0,0.5
2468.7667,  1.00000000,1,0,0.025000000000000001,0.5
2468.8000,  1.00000000,1,0,0.0,0.5
2468.8333,  1.00000000,1,0,0.0,0.5
2468.8667,  1.00000000,1,0,0.0,0.5
2468.9000,  1.00000000,1,0,0.0,0.5
2468.9333,  1.00000000,1,0,0.0,0.5
2468.9667,  1.00000000,1,0,0.0,0.5
2469.0000,  1.00000000,1,0,0.0,0.5
2469.0333,  1.00000000,1,0,0.0,0.5
2469.0667,  1.00000000,1,0,0.0,0.5
2469.1000,  1.00000000,1,0,0.0,0.5
2469.1333,  1.00000000,1,0,0.0,0.5
2469.1667,  1.00000000,1,0,0.0,0.5
2469.2000,  1.00000000,1,0,0.0,0.5
2469.2333,  1.00000000,1,0,0.0,0.5
2469.2667,  1.00000000,1,0,0.0,0.5
2469.3000,  1.00000000,1,0,0.0,0.5
2469.3333,  1.00000000,1,0,0.0,0.5
2469.3667,  1.00000000,1,0,0.0,0.5
2469.4000,  1.00000000,1,0,0.0,0.5
2469.4333,  1.00000000,1,0,0.0,0.5
2469.4667,  1.00000000,1,0,0.0,0.5
2469.5000,  1.00000000,1,0,0.0,0.5
2469.5333,  1.00000000,1,0,0.0,0.5
2469.5667,  1.00000000,1,0,0.0,0.5
2469.6000,  1.00000000,1,0,0.0,0.5
2469.6333,  1.00000000,1,0,0.0,0.5
2469.6667,  1.00000000,1,0,0.0,0.5
2469.7000,  1.00000000,1,0,0.0,0.5
2469.7333,  1.00000000,1,0,0.0,0.5
2469.7667,  1.00000000,1,0,0.0,0.5
2469.8000,  1.00000000,1,0,0.0,0.5
2469.8333,  1.00000000,1,0,0.0,0.5
2469.8667,  1.00000000,1,0,0.0,0.5
2469.9000,  1.00000000,1,0,0.0,0.5
2469.9333,  1.00000000,1,0,0.0,0.5
2469.9667,  1.00000000,1,0,0.0,0.5
2470.0000,  1.00000000,1,0,0.0,0.5
2470.0333,  1.00000000,1,0,0.0,0.5
2470.0667,  1.00000000,1,0,0.0,0.5
2470.1000,  1.00000000,1,0,0.0,0.5
2470.1333,  1.00000000,1,0,0.0,0.5
2470.1667,  1.00000000,1,0,0.0,0.5
2470.2000,  1.00000000,1,0,0.0,0.5
2470.2333,  1.00000000,1,0,0.0,0.5
2470.2667,  1.00000000,1,0,0.0,0.5
2470.3000,  1.00000000,1,0,0.0,0.5
2470.3333,  1.00000000,1,0,0.0,0.5
2470.3667,  1.00000000,1,0,0.0,0.5
2470.4000,  1.00000000,1,0,0.0,0.5
2470.4333,  1.00000000,1,0,0.0,0.5
2470.4667,  1.00000000,1,0,0.0,0.5
2470.5000,  1.00000000,1,0,0.0,0.5
2470.5333,  1.00000000,1,0,0.0,0.5
2470.5667,  1.00000000,1,0,0.0,0.5
2470.6000,  1.00000000,1,0,0.0,0.5
2470.6333,  1.00000000,1,0,0.0,0.5
2470.6667,  1.00000000,1,0,0.0,0.5
2470.7000,  1.00000000,1,0,0.0,0.5
2470.7333,  1.00000000,1,0,0.0,0.5
2470.7667,  1.00000000,1,0,0.0,0.5
2470.8000,  1.00000000,1,0,0.0,0.5
2470.8333,  1.00000000,1,0,0.0,0.5
2470.8667,  1.00000000,1,0,0.0,0.5
2470.9000,  1.00000000,1,0,0.0,0.5
2470.9333,  1.00000000,1,0,0.0,0.5
2470.9667,  1.00000000,1,0,0.0,0.5
2471.0000,  1.00000000,1,0,0.0,0.5
2471.0333,  1.00000000,1,0,0.0,0.5
2471.0667,  1.00000000,1,0,0.0,0.5
2471.1000,  1.00000000,1,0,0.0,0.5
2471.1333,  1.00000000,1,0,0.025000000000000001,0.5
2471.1667,  1.00000000,1,0,0.0,0.5
2471.2000,  1.00000000,1,0,0.0,0.5
2471.2333,  1.00000000,1,0,0.0,0.5
2471.2667,  1.00000000,1,0,0.0,0.5
2471.3000,  1.00000000,1,0,0.0,0.5
2471.3333,  1.00000000,1,0,0.0,0.5
2471.3667,  1.00000000,1,0,0.0,0.5
2471.4000,  1.00000000,1,0,0.0,0.5
2471.4333,  1.00000000,1,0,0.0,0.5
2471.4667,  1.00000000,1,0,0.0,0.5
2471.5000,  1.00000000,1,0,0.0,0.5
2471.5333,  1.00000000,1,0,0.0,0.5
2471.5667,  1.00000000,1,0,0.0,0.5
2471.6000,  1.00000000,1,0,0.0,0.5
2471.6333,  1.00000000,1,0,0.0,0.5
2471.6667,  1.00000000,1,0,0.0,0.5
2471.7000,  1.00000000,1,0,0.0,0.5
2471.7333,  1.00000000,1,0,0.0,0.5
2471.7667,  1.00000000,1,0,0.0,0.5
2471.8000,  1.00000000,1,0,0.0,0.5
2471.8333,  1.00000000,1,0,0.0,0.5
2471.8667,  1.00000000,1,0,0.0,0.5
2471.9000,  1.00000000,1,0,0.0,0.5
2471.9333,  1.00000000,1,0,0.0,0.5
2471.9667,  1.00000000,1,0,0.0,0.5
2472.0000,  1.00000000,1,0,0.0,0.5
2472.0333,  1.00000000,1,0,0.0,0.5
2472.0667,  1.00000000,1,0,0.0,0.5
2472.1000,  1.00000000,1,0,0.0,0.5
2472.1333,  1.00000000,1,0,0.0,0.5
2472.1667,  1.00000000,1,0,0.0,0.5
2472.2000,  1.00000000,1,0,0.0,0.5
2472.2333,  1.00000000,1,0,0.0,0.5
2472.2667,  1.00000000,1,0,0.0,0.5
2472.3000,  1.00000000,1,0,0.0,0.5
2472.3333,  1.00000000,1,0,0.025000000000000001,0.5
2472.3667,  1.00000000,1,0,0.0,0.5
2472.4000,  1.00000000,1,0,0.0,0.5
2472.4333,  1.00000000,1,0,0.0,0.5
2472.4667,  1.00000000,1,0,0.0,0.5
2472.5000,  1.00000000,1,0,0.0,0.5
2472.5333,  1.00000000,1,0,0.0,0.5
2472.5667,  1.00000000,1,0,0.0,0.5
2472.6000,  1.00000000,1,0,0.0,0.5
2472.6333,  1.00000000,1,0,0.0,0.5
2472.6667,  1.00000000,1,0,0.0,0.5
2472.7000,  1.00000000,1,0,0.0,0.5
2472.7333,  1.00000000,1,0,0.0,0.5
2472.7667,  1.00000000,1,0,0.0,0.5
2472.8000,  1.00000000,1,0,0.0,0.5
2472.8333,  1.00000000,1,0,0.0,0.5
2472.8667,  1.00000000,1,0,0.0,0.5
2472.9000,  1.00000000,1,0,0.0,0.5
2472.9333,  1.00000000,1,0,0.0,0.5
2472.9667,  1.00000000,1,0,0.0,0.5
2473.0000,  1.00000000,1,0,0.0,0.5
2473.0333,  1.00000000,1,0,0.0,0.5
2473.0667,  1.00000000,1,0,0.0,0.5
2473.1000,  1.00000000,1,0,0.0,0.5
2473.1333,  1.00000000,1,0,0.0,0.5
2473.1667,  1.00000000,1,0,0.0,0.5
2473.2000,  1.00000000,1,0,0.0,0.5
2473.2333,  1.00000000,1,0,0.0,0.5
2473.2667,  1.00000000,1,0,0.0,0.5
2473.3000,  1.00000000,1,0,0.0,0.5
2473.3333,  1.00000000,1,0,0.0,0.5
2473.3667,  1.00000000,1,0,0.0,0.5
2473.4000,  1.00000000,1,0,0.0,0.5
2473.4333,  1.00000000,1,0,0.0,0.5
2473.4667,  1.00000000,1,0,0.0,0.5
2473.5000,  1.00000000,1,0,0.0,0.5
2473.5333,  1.00000000,1,0,0.0,0.5
2473.5667,  1.00000000,1,0,0.0,0.5
2473.6000,  1.00000000,1,0,0.0,0.5
2473.6333,  1.00000000,1,0,0.0,0.5
2473.6667,  1.00000000,1,0,0.0,0.5
2473.7000,  1.00000000,1,0,0.0,0.5
2473.7333,  1.00000000,1,0,0.0,0.5
2473.7667,  1.00000000,1,0,0.0,0.5
2473.8000,  1.00000000,1,0,0.0,0.5
2473.8333,  1.00000000,1,0,0.0,0.5
2473.8667,  1.00000000,1,0,0.0,0.5
2473.9000,  1.00000000,1,0,0.0,0.5
2473.9333,  1.00000000,1,0,0.0,0.5
2473.9667,  1.00000000,1,0,0.0,0.5
2474.0000,  1.00000000,1,0,0.0,0.5
2474.0333,  1.00000000,1,0,0.0,0.5
2474.0667,  1.00000000,1,0,0.0,0.5
2474.1000,  1.00000000,1,0,0.0,0.5
2474.1333,  1.00000000,1,0,0.0,0.5
2474.1667,  1.00000000,1,0,0.0,0.5
2474.2000,  1.00000000,1,0,0.0,0.5
2474.2333,  1.00000000,1,0,0.0,0.5
2474.2667,  1.00000000,1,0,0.0,0.5
2474.3000,  1.00000000,1,0,0.0,0.5
2474.3333,  1.00000000,1,0,0.0,0.5
2474.3667,  1.00000000,1,0,0.0,0.5
2474.4000,  1.00000000,1,0,0.0,0.5
2474.4333,  1.00000000,1,0,0.0,0.5
2474.4667,  1.00000000,1,0,0.0,0.5
2474.5000,  1.00000000,1,0,0.0,0.5
2474.5333,  1.00000000,1,0,0.0,0.5
2474.5667,  1.00000000,1,0,0.0,0.5
2474.6000,  1.00000000,1,0,0.0,0.5
2474.6333,  1.00000000,1,0,0.0,0.5
2474.6667,  1.00000000,1,0,0.0,0.5
2474.7000,  1.00000000,1,0,0.0,0.5
2474.7333,  1.00000000,1,0,0.025000000000000001,0.5
2474.7667,  1.00000000,1,0,0.0,0.5
2474.8000,  1.00000000,1,0,0.0,0.5
2474.8333,  1.00000000,1,0,0.0,0.5
2474.8667,  1.00000000,1,0,0.0,0.5
2474.9000,  1.00000000,1,0,0.0,0.5
2474.9333,  1.00000000,1,0,0.0,0.5
2474.9667,  1.00000000,1,0,0.0,0.5
2475.0000,  1.00000000,1,0,0.0,0.5
2475.0333,  1.00000000,1,0,0.0,0.5
2475.0667,  1.00000000,1,0,0.0,0.5
2475.1000,  1.00000000,1,0,0.0,0.5
2475.1333,  1.00000000,1,0,0.0,0.5
2475.1667,  1.00000000,1,0,0.0,0.5
2475.2000,  1.00000000,1,0,0.0,0.5
2475.2333,  1.00000000,1,0,0.0,0.5
2475.2667,  1.00000000,1,0,0.0,0.5
2475.3000,  1.00000000,1,0,0.0,0.5
2475.3333,  1.00000000,1,0,0.0,0.5
2475.3667,  1.00000000,1,0,0.0,0.5
2475.4000,  1.00000000,1,0,0.0,0.5
2475.4333,  1.00000000,1,0,0.0,0.5
2475.4667,  1.00000000,1,0,0.0,0.5
2475.5000,  1.00000000,1,0,0.0,0.5
2475.5333,  1.00000000,1,0,0.0,0.5
2475.5667,  1.00000000,1,0,0.0,0.5
2475.6000,  1.00000000,1,0,0.0,0.5
2475.6333,  1.00000000,1,0,0.0,0.5
2475.6667,  1.00000000,1,0,0.0,0.5
2475.7000,  1.00000000,1,0,0.0,0.5
2475.7333,  1.00000000,1,0,0.0,0.5
2475.7667,  1.00000000,1,0,0.0,0.5
2475.8000,  1.00000000,1,0,0.0,0.5
2475.8333,  1.00000000,1,0,0.0,0.5
2475.8667,  1.00000000,1,0,0.0,0.5
2475.9000,  1.00000000,1,0,0.0,0.5
2475.9333,  1.00000000,1,0,0.0,0.5
2475.9667,  1.00000000,1,0,0.0,0.5
2476.0000,  1.00000000,1,0,0.0,0.5
2476.0333,  1.00000000,1,0,0.0,0.5
2476.0667,  1.00000000,1,0,0.0,0.5
2476.1000,  1.00000000,1,0,0.0,0.5
2476.1333,  1.00000000,1,0,0.0,0.5
2476.1667,  1.00000000,1,0,0.0,0.5
2476.2000,  1.00000000,1,0,0.0,0.5
2476.2333,  1.00000000,1,0,0.0,0.5
2476.2667,  1.00000000,1,0,0.0,0.5
2476.3000,  1.00000000,1,0,0.0,0.5
2476.3333,  1.00000000,1,0,0.0,0.5
2476.3667,  1.00000000,1,0,0.0,0.5
2476.4000,  1.00000000,1,0,0.025000000000000001,0.5
2476.4333,  1.00000000,1,0,0.0,0.5
2476.4667,  1.00000000,1,0,0.0,0.5
2476.5000,  1.00000000,1,0,0.0,0.5
2476.5333,  1.00000000,1,0,0.0,0.5
2476.5667,  1.00000000,1,0,0.0,0.5
2476.6000,  1.00000000,1,0,0.0,0.5
2476.6333,  1.00000000,1,0,0.0,0.5
2476.6667,  1.00000000,1,0,0.0,0.5
2476.7000,  1.00000000,1,0,0.0,0.5
2476.7333,  1.00000000,1,0,0.0,0.5
2476.7667,  1.00000000,1,0,0.0,0.5
2476.8000,  1.00000000,1,0,0.0,0.5
2476.8333,  1.00000000,1,0,0.0,0.5
2476.8667,  1.00000000,1,0,0.0,0.5
2476.9000,  1.00000000,1,0,0.025000000000000001,0.5
2476.9333,  1.00000000,1,0,0.0,0.5
2476.9667,  1.00000000,1,0,0.0,0.5
2477.0000,  1.00000000,1,0,0.0,0.5
2477.0333,  1.00000000,1,0,0.0,0.5
2477.0667,  1.00000000,1,0,0.0,0.5
2477.1000,  1.00000000,1,0,0.0,0.5
2477.1333,  1.00000000,1,0,0.0,0.5
2477.1667,  1.00000000,1,0,0.0,0.5
2477.2000,  1.00000000,1,0,0.0,0.5
2477.2333,  1.00000000,1,0,0.025000000000000001,0.5
2477.2667,  1.00000000,1,0,0.0,0.5
2477.3000,  1.00000000,1,0,0.0,0.5
2477.3333,  1.00000000,1,0,0.0,0.5
2477.3667,  1.00000000,1,0,0.0,0.5
2477.4000,  1.00000000,1,0,0.0,0.5
2477.4333,  1.00000000,1,0,0.0,0.5
2477.4667,  1.00000000,1,0,0.0,0.5
2477.5000,  1.00000000,1,0,0.0,0.5
2477.5333,  1.00000000,1,0,0.0,0.5
2477.5667,  1.00000000,1,0,0.0,0.5
2477.6000,  1.00000000,1,0,0.025000000000000001,0.5
2477.6333,  1.00000000,1,0,0.0,0.5
2477.6667,  1.00000000,1,0,0.0,0.5
2477.7000,  1.00000000,1,0,0.0,0.5
2477.7333,  1.00000000,1,0,0.0,0.5
2477.7667,  1.00000000,1,0,0.0,0.5
2477.8000,  1.00000000,1,0,0.0,0.5
2477.8333,  1.00000000,1,0,0.0,0.5
2477.8667,  1.00000000,1,0,0.0,0.5
2477.9000,  1.00000000,1,0,0.0,0.5
2477.9333,  1.00000000,1,0,0.0,0.5
2477.9667,  1.00000000,1,0,0.0,0.5
2478.0000,  1.00000000,1,0,0.0,0.5
2478.0333,  1.00000000,1,0,0.0,0.5
2478.0667,  1.00000000,1,0,0.0,0.5
2478.1000,  1.00000000,1,0,0.0,0.5
2478.1333,  1.00000000,1,0,0.0,0.5
2478.1667,  1.00000000,1,0,0.0,0.5
2478.2000,  1.00000000,1,0,0.025000000000000001,0.5
2478.2333,  1.00000000,1,0,0.0,0.5
2478.2667,  1.00000000,1,0,0.0,0.5
2478.3000,  1.00000000,1,0,0.0,0.5
2478.3333,  1.00000000,1,0,0.0,0.5
2478.3667,  1.00000000,1,0,0.0,0.5
2478.4000,  1.00000000,1,0,0.0,0.5
2478.4333,  1.00000000,1,0,0.0,0.5
2478.4667,  1.00000000,1,0,0.0,0.5
2478.5000,  1.00000000,1,0,0.0,0.5
2478.5333,  1.00000000,1,0,0.0,0.5
2478.5667,  1.00000000,1,0,0.0,0.5
2478.6000,  1.00000000,1,0,0.0,0.5
2478.6333,  1.00000000,1,0,0.0,0.5
2478.6667,  1.00000000,1,0,0.0,0.5
2478.7000,  1.00000000,1,0,0.0,0.5
2478.7333,  1.00000000,1,0,0.0,0.5
2478.7667,  1.00000000,1,0,0.0,0.5
2478.8000,  1.00000000,1,0,0.0,0.5
2478.8333,  1.00000000,1,0,0.025000000000000001,0.5
2478.8667,  1.00000000,1,0,0.0,0.5
2478.9000,  1.00000000,1,0,0.0,0.5
2478.9333,  1.00000000,1,0,0.0,0.5
2478.9667,  1.00000000,1,0,0.0,0.5
2479.0000,  1.00000000,1,0,0.0,0.5
2479.0333,  1.00000000,1,0,0.0,0.5
2479.0667,  1.00000000,1,0,0.0,0.5
2479.1000,  1.00000000,1,0,0.0,0.5
2479.1333,  1.00000000,1,0,0.0,0.5
2479.1667,  1.00000000,1,0,0.0,0.5
2479.2000,  1.00000000,1,0,0.0,0.5
2479.2333,  1.00000000,1,0,0.0,0.5
2479.2667,  1.00000000,1,0,0.0,0.5
2479.3000,  1.00000000,1,0,0.0,0.5
2479.3333,  1.00000000,1,0,0.0,0.5
2479.3667,  1.00000000,1,0,0.0,0.5
2479.4000,  1.00000000,1,0,0.0,0.5
2479.4333,  1.00000000,1,0,0.0,0.5
2479.4667,  1.00000000,1,0,0.0,0.5
2479.5000,  1.00000000,1,0,0.0,0.5
2479.5333,  1.00000000,1,0,0.0,0.5
2479.5667,  1.00000000,1,0,0.0,0.5
2479.6000,  1.00000000,1,0,0.0,0.5
2479.6333,  1.00000000,1,0,0.0,0.5
2479.6667,  1.00000000,1,0,0.0,0.5
2479.7000,  1.00000000,1,0,0.0,0.5
2479.7333,  1.00000000,1,0,0.0,0.5
2479.7667,  1.00000000,1,0,0.0,0.5
2479.8000,  1.00000000,1,0,0.050000000000000003,0.5
2479.8333,  1.00000000,1,0,0.0,0.5
2479.8667,  1.00000000,1,0,0.0,0.5
2479.9000,  1.00000000,1,0,0.0,0.5
2479.9333,  1.00000000,1,0,0.0,0.5
2479.9667,  1.00000000,1,0,0.0,0.5
2480.0000,  1.00000000,1,0,0.0,0.5
2480.0333,  1.00000000,1,0,0.0,0.5
2480.0667,  1.00000000,1,0,0.0,0.5
2480.1000,  1.00000000,1,0,0.0,0.5
2480.1333,  1.00000000,1,0,0.0,0.5
2480.1667,  1.00000000,1,0,0.0,0.5
2480.2000,  1.00000000,1,0,0.0,0.5
2480.2333,  1.00000000,1,0,0.0,0.5
2480.2667,  1.00000000,1,0,0.0,0.5
2480.3000,  1.00000000,1,0,0.0,0.5
2480.3333,  1.00000000,1,0,0.0,0.5
2480.3667,  1.00000000,1,0,0.0,0.5
2480.4000,  1.00000000,1,0,0.0,0.5
2480.4333,  1.00000000,1,0,0.0,0.5
2480.4667,  1.00000000,1,0,0.025000000000000001,0.5
2480.5000,  1.00000000,1,0,0.0,0.5
2480.5333,  1.00000000,1,0,0.0,0.5
2480.5667,  1.00000000,1,0,0.0,0.5
2480.6000,  1.00000000,1,0,0.0,0.5
2480.6333,  1.00000000,1,0,0.0,0.5
2480.6667,  1.00000000,1,0,0.0,0.5
2480.7000,  1.00000000,1,0,0.0,0.5
2480.7333,  1.00000000,1,0,0.025000000000000001,0.5
2480.7667,  1.00000000,1,0,0.0,0.5
2480.8000,  1.00000000,1,0,0.0,0.5
2480.8333,  1.00000000,1,0,0.0,0.5
2480.8667,  1.00000000,1,0,0.0,0.5
2480.9000,  1.00000000,1,0,0.0,0.5
2480.9333,  1.00000000,1,0,0.0,0.5
2480.9667,  1.00000000,1,0,0.0,0.5
2481.0000,  1.00000000,1,0,0.0,0.5
2481.0333,  1.00000000,1,0,0.0,0.5
2481.0667,  1.00000000,1,0,0.0,0.5
2481.1000,  1.00000000,1,0,0.0,0.5
2481.1333,  1.00000000,1,0,0.0,0.5
2481.1667,  1.00000000,1,0,0.0,0.5
2481.2000,  1.00000000,1,0,0.025000000000000001,0.5
2481.2333,  1.00000000,1,0,0.0,0.5
2481.2667,  1.00000000,1,0,0.025000000000000001,0.5
2481.3000,  1.00000000,1,0,0.0,0.5
2481.3333,  1.00000000,1,0,0.025000000000000001,0.5
2481.3667,  1.00000000,1,0,0.0,0.5
2481.4000,  1.00000000,1,0,0.0,0.5
2481.4333,  1.00000000,1,0,0.0,0.5
2481.4667,  1.00000000,1,0,0.025000000000000001,0.5
2481.5000,  1.00000000,1,0,0.0,0.5
2481.5333,  1.00000000,1,0,0.0,0.5
2481.5667,  1.00000000,1,0,0.0,0.5
2481.6000,  1.00000000,1,0,0.0,0.5
2481.6333,  1.00000000,1,0,0.0,0.5
2481.6667,  1.00000000,1,0,0.0,0.5
2481.7000,  1.00000000,1,0,0.0,0.5
2481.7333,  1.00000000,1,0,0.0,0.5
2481.7667,  1.00000000,1,0,0.0,0.5
2481.8000,  1.00000000,1,0,0.0,0.5
2481.8333,  1.00000000,1,0,0.025000000000000001,0.5
2481.8667,  1.00000000,1,0,0.0,0.5
2481.9000,  1.00000000,1,0,0.0,0.5
2481.9333,  1.00000000,1,0,0.0,0.5
2481.9667,  1.00000000,1,0,0.0,0.5
2482.0000,  1.00000000,1,0,0.0,0.5
2482.0333,  1.00000000,1,0,0.0,0.5
2482.0667,  1.00000000,1,0,0.0,0.5
2482.1000,  1.00000000,1,0,0.0,0.5
2482.1333,  1.00000000,1,0,0.0,0.5
2482.1667,  1.00000000,1,0,0.0,0.5
2482.2000,  1.00000000,1,0,0.0,0.5
2482.2333,  1.00000000,1,0,0.0,0.5
2482.2667,  1.00000000,1,0,0.0,0.5
2482.3000,  1.00000000,1,0,0.0,0.5
2482.3333,  1.00000000,1,0,0.0,0.5
2482.3667,  1.00000000,1,0,0.0,0.5
2482.4000,  1.00000000,1,0,0.0,0.5
2482.4333,  1.00000000,1,0,0.0,0.5
2482.4667,  1.00000000,1,0,0.0,0.5
2482.5000,  1.00000000,1,0,0.0,0.5
2482.5333,  1.00000000,1,0,0.0,0.5
2482.5667,  1.00000000,1,0,0.0,0.5
2482.6000,  1.00000000,1,0,0.0,0.5
2482.6333,  1.00000000,1,0,0.0,0.5
2482.6667,  1.00000000,1,0,0.0,0.5
2482.7000,  1.00000000,1,0,0.0,0.5
2482.7333,  1.00000000,1,0,0.0,0.5
2482.7667,  1.00000000,1,0,0.0,0.5
2482.8000,  1.00000000,1,0,0.025000000000000001,0.5
2482.8333,  1.00000000,1,0,0.0,0.5
2482.8667,  1.00000000,1,0,0.0,0.5
2482.9000,  1.00000000,1,0,0.0,0.5
2482.9333,  1.00000000,1,0,0.0,0.5
2482.9667,  1.00000000,1,0,0.0,0.5
2483.0000,  1.00000000,1,0,0.0,0.5
2483.0333,  1.00000000,1,0,0.0,0.5
2483.0667,  1.00000000,1,0,0.0,0.5
2483.1000,  1.00000000,1,0,0.0,0.5
2483.1333,  1.00000000,1,0,0.0,0.5
2483.1667,  1.00000000,1,0,0.0,0.5
2483.2000,  1.00000000,1,0,0.0,0.5
2483.2333,  1.00000000,1,0,0.0,0.5
2483.2667,  1.00000000,1,0,0.0,0.5
2483.3000,  1.00000000,1,0,0.0,0.5
2483.3333,  1.00000000,1,0,0.0,0.5
2483.3667,  1.00000000,1,0,0.0,0.5
2483.4000,  1.00000000,1,0,0.0,0.5
2483.4333,  1.00000000,1,0,0.0,0.5
2483.4667,  1.00000000,1,0,0.0,0.5
2483.5000,  1.00000000,1,0,0.0,0.5
2483.5333,  1.00000000,1,0,0.0,0.5
2483.5667,  1.00000000,1,0,0.0,0.5
2483.6000,  1.00000000,1,0,0.0,0.5
2483.6333,  1.00000000,1,0,0.0,0.5
2483.6667,  1.00000000,1,0,0.0,0.5
2483.7000,  1.00000000,1,0,0.0,0.5
2483.7333,  1.00000000,1,0,0.0,0.5
2483.7667,  1.00000000,1,0,0.0,0.5
2483.8000,  1.00000000,1,0,0.0,0.5
2483.8333,  1.00000000,1,0,0.0,0.5
2483.8667,  1.00000000,1,0,0.025000000000000001,0.5
2483.9000,  1.00000000,1,0,0.0,0.5
2483.9333,  1.00000000,1,0,0.0,0.5
2483.9667,  1.00000000,1,0,0.0,0.5
2484.0000,  1.00000000,1,0,0.0,0.5
2484.0333,  1.00000000,1,0,0.0,0.5
2484.0667,  1.00000000,1,0,0.025000000000000001,0.5
2484.1000,  1.00000000,1,0,0.0,0.5
2484.1333,  1.00000000,1,0,0.0,0.5
2484.1667,  1.00000000,1,0,0.0,0.5
2484.2000,  1.00000000,1,0,0.0,0.5
2484.2333,  1.00000000,1,0,0.0,0.5
2484.2667,  1.00000000,1,0,0.0,0.5
2484.3000,  1.00000000,1,0,0.0,0.5
2484.3333,  1.00000000,1,0,0.0,0.5
2484.3667,  1.00000000,1,0,0.0,0.5
2484.4000,  1.00000000,1,0,0.0,0.5
2484.4333,  1.00000000,1,0,0.0,0.5
2484.4667,  1.00000000,1,0,0.0,0.5
2484.5000,  1.00000000,1,0,0.0,0.5
2484.5333,  1.00000000,1,0,0.0,0.5
2484.5667,  1.00000000,1,0,0.0,0.5
2484.6000,  1.00000000,1,0,0.0,0.5
2484.6333,  1.00000000,1,0,0.0,0.5
2484.6667,  1.00000000,1,0,0.0,0.5
2484.7000,  1.00000000,1,0,0.0,0.5
2484.7333,  1.00000000,1,0,0.0,0.5
2484.7667,  1.00000000,1,0,0.0,0.5
2484.8000,  1.00000000,1,0,0.0,0.5
2484.8333,  1.00000000,1,0,0.0,0.5
2484.8667,  1.00000000,1,0,0.0,0.5
2484.9000,  1.00000000,1,0,0.0,0.5
2484.9333,  1.00000000,1,0,0.0,0.5
2484.9667,  1.00000000,1,0,0.025000000000000001,0.5
2485.0000,  1.00000000,1,0,0.0,0.5
2485.0333,  1.00000000,1,0,0.0,0.5
2485.0667,  1.00000000,1,0,0.0,0.5
2485.1000,  1.00000000,1,0,0.0,0.5
2485.1333,  1.00000000,1,0,0.0,0.5
2485.1667,  1.00000000,1,0,0.0,0.5
2485.2000,  1.00000000,1,0,0.0,0.5
2485.2333,  1.00000000,1,0,0.0,0.5
2485.2667,  1.00000000,1,0,0.0,0.5
2485.3000,  1.00000000,1,0,0.0,0.5
2485.3333,  1.00000000,1,0,0.0,0.5
2485.3667,  1.00000000,1,0,0.0,0.5
2485.4000,  1.00000000,1,0,0.025000000000000001,0.5
2485.4333,  1.00000000,1,0,0.0,0.5
2485.4667,  1.00000000,1,0,0.025000000000000001,0.5
2485.5000,  1.00000000,1,0,0.0,0.5
2485.5333,  1.00000000,1,0,0.0,0.5
2485.5667,  1.00000000,1,0,0.0,0.5
2485.6000,  1.00000000,1,0,0.0,0.5
2485.6333,  1.00000000,1,0,0.0,0.5
2485.6667,  1.00000000,1,0,0.0,0.5
2485.7000,  1.00000000,1,0,0.0,0.5
2485.7333,  1.00000000,1,0,0.0,0.5
2485.7667,  1.00000000,1,0,0.0,0.5
2485.8000,  1.00000000,1,0,0.0,0.5
2485.8333,  1.00000000,1,0,0.0,0.5
2485.8667,  1.00000000,1,0,0.025000000000000001,0.5
2485.9000,  1.00000000,1,0,0.0,0.5
2485.9333,  1.00000000,1,0,0.0,0.5
2485.9667,  1.00000000,1,0,0.0,0.5
2486.0000,  1.00000000,1,0,0.0,0.5
2486.0333,  1.00000000,1,0,0.0,0.5
2486.0667,  1.00000000,1,0,0.0,0.5
2486.1000,  1.00000000,1,0,0.0,0.5
2486.1333,  1.00000000,1,0,0.0,0.5
2486.1667,  1.00000000,1,0,0.0,0.5
2486.2000,  1.00000000,1,0,0.0,0.5
2486.2333,  1.00000000,1,0,0.0,0.5
2486.2667,  1.00000000,1,0,0.025000000000000001,0.5
2486.3000,  1.00000000,1,0,0.0,0.5
2486.3333,  1.00000000,1,0,0.0,0.5
2486.3667,  1.00000000,1,0,0.0,0.5
2486.4000,  1.00000000,1,0,0.0,0.5
2486.4333,  1.00000000,1,0,0.0,0.5
2486.4667,  1.00000000,1,0,0.0,0.5
2486.5000,  1.00000000,1,0,0.0,0.5
2486.5333,  1.00000000,1,0,0.0,0.5
2486.5667,  1.00000000,1,0,0.0,0.5
2486.6000,  1.00000000,1,0,0.0,0.5
2486.6333,  1.00000000,1,0,0.0,0.5
2486.6667,  1.00000000,1,0,0.0,0.5
2486.7000,  1.00000000,1,0,0.0,0.5
2486.7333,  1.00000000,1,0,0.0,0.5
2486.7667,  1.00000000,1,0,0.0,0.5
2486.8000,  1.00000000,1,0,0.0,0.5
2486.8333,  1.00000000,1,0,0.0,0.5
2486.8667,  1.00000000,1,0,0.0,0.5
2486.9000,  1.00000000,1,0,0.0,0.5
2486.9333,  1.00000000,1,0,0.0,0.5
2486.9667,  1.00000000,1,0,0.0,0.5
2487.0000,  1.00000000,1,0,0.0,0.5
2487.0333,  1.00000000,1,0,0.0,0.5
2487.0667,  1.00000000,1,0,0.0,0.5
2487.1000,  1.00000000,1,0,0.0,0.5
2487.1333,  1.00000000,1,0,0.0,0.5
2487.1667,  1.00000000,1,0,0.0,0.5
2487.2000,  1.00000000,1,0,0.0,0.5
2487.2333,  1.00000000,1,0,0.0,0.5
2487.2667,  1.00000000,1,0,0.0,0.5
2487.3000,  1.00000000,1,0,0.0,0.5
2487.3333,  1.00000000,1,0,0.0,0.5
2487.3667,  1.00000000,1,0,0.0,0.5
2487.4000,  1.00000000,1,0,0.0,0.5
2487.4333,  1.00000000,1,0,0.0,0.5
2487.4667,  1.00000000,1,0,0.0,0.5
2487.5000,  1.00000000,1,0,0.0,0.5
2487.5333,  1.00000000,1,0,0.0,0.5
2487.5667,  1.00000000,1,0,0.0,0.5
2487.6000,  1.00000000,1,0,0.0,0.5
2487.6333,  1.00000000,1,0,0.0,0.5
2487.6667,  1.00000000,1,0,0.0,0.5
2487.7000,  1.00000000,1,0,0.0,0.5
2487.7333,  1.00000000,1,0,0.0,0.5
2487.7667,  1.00000000,1,0,0.0,0.5
2487.8000,  1.00000000,1,0,0.0,0.5
2487.8333,  1.00000000,1,0,0.0,0.5
2487.8667,  1.00000000,1,0,0.0,0.5
2487.9000,  1.00000000,1,0,0.0,0.5
2487.9333,  1.00000000,1,0,0.0,0.5
2487.9667,  1.00000000,1,0,0.0,0.5
2488.0000,  1.00000000,1,0,0.0,0.5
2488.0333,  1.00000000,1,0,0.0,0.5
2488.0667,  1.00000000,1,0,0.0,0.5
2488.1000,  1.00000000,1,0,0.0,0.5
2488.1333,  1.00000000,1,0,0.0,0.5
2488.1667,  1.00000000,1,0,0.0,0.5
2488.2000,  1.00000000,1,0,0.0,0.5
2488.2333,  1.00000000,1,0,0.0,0.5
2488.2667,  1.00000000,1,0,0.0,0.5
2488.3000,  1.00000000,1,0,0.0,0.5
2488.3333,  1.00000000,1,0,0.0,0.5
2488.3667,  1.00000000,1,0,0.0,0.5
2488.4000,  1.00000000,1,0,0.0,0.5
2488.4333,  1.00000000,1,0,0.025000000000000001,0.5
2488.4667,  1.00000000,1,0,0.0,0.5
2488.5000,  1.00000000,1,0,0.0,0.5
2488.5333,  1.00000000,1,0,0.0,0.5
2488.5667,  1.00000000,1,0,0.0,0.5
2488.6000,  1.00000000,1,0,0.0,0.5
2488.6333,  1.00000000,1,0,0.0,0.5
2488.6667,  1.00000000,1,0,0.0,0.5
2488.7000,  1.00000000,1,0,0.0,0.5
2488.7333,  1.00000000,1,0,0.0,0.5
2488.7667,  1.00000000,1,0,0.0,0.5
2488.8000,  1.00000000,1,0,0.0,0.5
2488.8333,  1.00000000,1,0,0.0,0.5
2488.8667,  1.00000000,1,0,0.0,0.5
2488.9000,  1.00000000,1,0,0.0,0.5
2488.9333,  1.00000000,1,0,0.0,0.5
2488.9667,  1.00000000,1,0,0.0,0.5
2489.0000,  1.00000000,1,0,0.0,0.5
2489.0333,  1.00000000,1,0,0.0,0.5
2489.0667,  1.00000000,1,0,0.0,0.5
2489.1000,  1.00000000,1,0,0.025000000000000001,0.5
2489.1333,  1.00000000,1,0,0.0,0.5
2489.1667,  1.00000000,1,0,0.0,0.5
2489.2000,  1.00000000,1,0,0.0,0.5
2489.2333,  1.00000000,1,0,0.0,0.5
2489.2667,  1.00000000,1,0,0.0,0.5
2489.3000,  1.00000000,1,0,0.0,0.5
2489.3333,  1.00000000,1,0,0.0,0.5
2489.3667,  1.00000000,1,0,0.025000000000000001,0.5
2489.4000,  1.00000000,1,0,0.0,0.5
2489.4333,  1.00000000,1,0,0.0,0.5
2489.4667,  1.00000000,1,0,0.0,0.5
2489.5000,  1.00000000,1,0,0.0,0.5
2489.5333,  1.00000000,1,0,0.0,0.5
2489.5667,  1.00000000,1,0,0.0,0.5
2489.6000,  1.00000000,1,0,0.0,0.5
2489.6333,  1.00000000,1,0,0.0,0.5
2489.6667,  1.00000000,1,0,0.0,0.5
2489.7000,  1.00000000,1,0,0.0,0.5
2489.7333,  1.00000000,1,0,0.025000000000000001,0.5
2489.7667,  1.00000000,1,0,0.0,0.5
2489.8000,  1.00000000,1,0,0.0,0.5
2489.8333,  1.00000000,1,0,0.0,0.5
2489.8667,  1.00000000,1,0,0.0,0.5
2489.9000,  1.00000000,1,0,0.0,0.5
2489.9333,  1.00000000,1,0,0.0,0.5
2489.9667,  1.00000000,1,0,0.0,0.5
2490.0000,  1.00000000,1,0,0.0,0.5
2490.0333,  1.00000000,1,0,0.0,0.5
2490.0667,  1.00000000,1,0,0.0,0.5
2490.1000,  1.00000000,1,0,0.0,0.5
2490.1333,  1.00000000,1,0,0.0,0.5
2490.1667,  1.00000000,1,0,0.0,0.5
2490.2000,  1.00000000,1,0,0.0,0.5
2490.2333,  1.00000000,1,0,0.0,0.5
2490.2667,  1.00000000,1,0,0.0,0.5
2490.3000,  1.00000000,1,0,0.0,0.5
2490.3333,  1.00000000,1,0,0.0,0.5
2490.3667,  1.00000000,1,0,0.0,0.5
2490.4000,  1.00000000,1,0,0.0,0.5
2490.4333,  1.00000000,1,0,0.0,0.5
2490.4667,  1.00000000,1,0,0.025000000000000001,0.5
2490.5000,  1.00000000,1,0,0.0,0.5
2490.5333,  1.00000000,1,0,0.0,0.5
2490.5667,  1.00000000,1,0,0.0,0.5
2490.6000,  1.00000000,1,0,0.0,0.5
2490.6333,  1.00000000,1,0,0.0,0.5
2490.6667,  1.00000000,1,0,0.0,0.5
2490.7000,  1.00000000,1,0,0.0,0.5
2490.7333,  1.00000000,1,0,0.0,0.5
2490.7667,  1.00000000,1,0,0.0,0.5
2490.8000,  1.00000000,1,0,0.0,0.5
2490.8333,  1.00000000,1,0,0.0,0.5
2490.8667,  1.00000000,1,0,0.0,0.5
2490.9000,  1.00000000,1,0,0.0,0.5
2490.9333,  1.00000000,1,0,0.0,0.5
2490.9667,  1.00000000,1,0,0.0,0.5
2491.0000,  1.00000000,1,0,0.0,0.5
2491.0333,  1.00000000,1,0,0.0,0.5
2491.0667,  1.00000000,1,0,0.0,0.5
2491.1000,  1.00000000,1,0,0.0,0.5
2491.1333,  1.00000000,1,0,0.0,0.5
2491.1667,  1.00000000,1,0,0.0,0.5
2491.2000,  1.00000000,1,0,0.0,0.5
2491.2333,  1.00000000,1,0,0.0,0.5
2491.2667,  1.00000000,1,0,0.0,0.5
2491.3000,  1.00000000,1,0,0.0,0.5
2491.3333,  1.00000000,1,0,0.0,0.5
2491.3667,  1.00000000,1,0,0.0,0.5
2491.4000,  1.00000000,1,0,0.0,0.5
2491.4333,  1.00000000,1,0,0.0,0.5
2491.4667,  1.00000000,1,0,0.0,0.5
2491.5000,  1.00000000,1,0,0.0,0.5
2491.5333,  1.00000000,1,0,0.0,0.5
2491.5667,  1.00000000,1,0,0.0,0.5
2491.6000,  1.00000000,1,0,0.0,0.5
2491.6333,  1.00000000,1,0,0.0,0.5
2491.6667,  1.00000000,1,0,0.0,0.5
2491.7000,  1.00000000,1,0,0.0,0.5
2491.7333,  1.00000000,1,0,0.0,0.5
2491.7667,  1.00000000,1,0,0.0,0.5
2491.8000,  1.00000000,1,0,0.0,0.5
2491.8333,  1.00000000,1,0,0.0,0.5
2491.8667,  1.00000000,1,0,0.0,0.5
2491.9000,  1.00000000,1,0,0.0,0.5
2491.9333,  1.00000000,1,0,0.0,0.5
2491.9667,  1.00000000,1,0,0.0,0.5
2492.0000,  1.00000000,1,0,0.0,0.5
2492.0333,  1.00000000,1,0,0.0,0.5
2492.0667,  1.00000000,1,0,0.0,0.5
2492.1000,  1.00000000,1,0,0.0,0.5
2492.1333,  1.00000000,1,0,0.0,0.5
2492.1667,  1.00000000,1,0,0.0,0.5
2492.2000,  1.00000000,1,0,0.0,0.5
2492.2333,  1.00000000,1,0,0.0,0.5
2492.2667,  1.00000000,1,0,0.0,0.5
2492.3000,  1.00000000,1,0,0.0,0.5
2492.3333,  1.00000000,1,0,0.0,0.5
2492.3667,  1.00000000,1,0,0.0,0.5
2492.4000,  1.00000000,1,0,0.0,0.5
2492.4333,  1.00000000,1,0,0.0,0.5
2492.4667,  1.00000000,1,0,0.0,0.5
2492.5000,  1.00000000,1,0,0.0,0.5
2492.5333,  1.00000000,1,0,0.0,0.5
2492.5667,  1.00000000,1,0,0.0,0.5
2492.6000,  1.00000000,1,0,0.0,0.5
2492.6333,  1.00000000,1,0,0.0,0.5
2492.6667,  1.00000000,1,0,0.0,0.5
2492.7000,  1.00000000,1,0,0.0,0.5
2492.7333,  1.00000000,1,0,0.0,0.5
2492.7667,  1.00000000,1,0,0.0,0.5
2492.8000,  1.00000000,1,0,0.0,0.5
2492.8333,  1.00000000,1,0,0.0,0.5
2492.8667,  1.00000000,1,0,0.0,0.5
2492.9000,  1.00000000,1,0,0.0,0.5
2492.9333,  1.00000000,1,0,0.0,0.5
2492.9667,  1.00000000,1,0,0.0,0.5
2493.0000,  1.00000000,1,0,0.0,0.5
2493.0333,  1.00000000,1,0,0.0,0.5
2493.0667,  1.00000000,1,0,0.0,0.5
2493.1000,  1.00000000,1,0,0.0,0.5
2493.1333,  1.00000000,1,0,0.0,0.5
2493.1667,  1.00000000,1,0,0.0,0.5
2493.2000,  1.00000000,1,0,0.0,0.5
2493.2333,  1.00000000,1,0,0.0,0.5
2493.2667,  1.00000000,1,0,0.0,0.5
2493.3000,  1.00000000,1,0,0.0,0.5
2493.3333,  1.00000000,1,0,0.0,0.5
2493.3667,  1.00000000,1,0,0.0,0.5
2493.4000,  1.00000000,1,0,0.0,0.5
2493.4333,  1.00000000,1,0,0.0,0.5
2493.4667,  1.00000000,1,0,0.0,0.5
2493.5000,  1.00000000,1,0,0.0,0.5
2493.5333,  1.00000000,1,0,0.0,0.5
2493.5667,  1.00000000,1,0,0.0,0.5
2493.6000,  1.00000000,1,0,0.0,0.5
2493.6333,  1.00000000,1,0,0.0,0.5
2493.6667,  1.00000000,1,0,0.0,0.5
2493.7000,  1.00000000,1,0,0.0,0.5
2493.7333,  1.00000000,1,0,0.0,0.5
2493.7667,  1.00000000,1,0,0.0,0.5
2493.8000,  1.00000000,1,0,0.0,0.5
2493.8333,  1.00000000,1,0,0.0,0.5
2493.8667,  1.00000000,1,0,0.0,0.5
2493.9000,  1.00000000,1,0,0.0,0.5
2493.9333,  1.00000000,1,0,0.0,0.5
2493.9667,  1.00000000,1,0,0.0,0.5
2494.0000,  1.00000000,1,0,0.0,0.5
2494.0333,  1.00000000,1,0,0.0,0.5
2494.0667,  1.00000000,1,0,0.0,0.5
2494.1000,  1.00000000,1,0,0.0,0.5
2494.1333,  1.00000000,1,0,0.0,0.5
2494.1667,  1.00000000,1,0,0.0,0.5
2494.2000,  1.00000000,1,0,0.0,0.5
2494.2333,  1.00000000,1,0,0.0,0.5
2494.2667,  1.00000000,1,0,0.0,0.5
2494.3000,  1.00000000,1,0,0.0,0.5
2494.3333,  1.00000000,1,0,0.0,0.5
2494.3667,  1.00000000,1,0,0.0,0.5
2494.4000,  1.00000000,1,0,0.0,0.5
2494.4333,  1.00000000,1,0,0.0,0.5
2494.4667,  1.00000000,1,0,0.0,0.5
2494.5000,  1.00000000,1,0,0.0,0.5
2494.5333,  1.00000000,1,0,0.0,0.5
2494.5667,  1.00000000,1,0,0.0,0.5
2494.6000,  1.00000000,1,0,0.0,0.5
2494.6333,  1.00000000,1,0,0.0,0.5
2494.6667,  1.00000000,1,0,0.0,0.5
2494.7000,  1.00000000,1,0,0.0,0.5
2494.7333,  1.00000000,1,0,0.0,0.5
2494.7667,  1.00000000,1,0,0.0,0.5
2494.8000,  1.00000000,1,0,0.0,0.5
2494.8333,  1.00000000,1,0,0.0,0.5
2494.8667,  1.00000000,1,0,0.0,0.5
2494.9000,  1.00000000,1,0,0.0,0.5
2494.9333,  1.00000000,1,0,0.0,0.5
2494.9667,  1.00000000,1,0,0.0,0.5
2495.0000,  1.00000000,1,0,0.0,0.5
2495.0333,  1.00000000,1,0,0.0,0.5
2495.0667,  1.00000000,1,0,0.0,0.5
2495.1000,  1.00000000,1,0,0.0,0.5
2495.1333,  1.00000000,1,0,0.0,0.5
2495.1667,  1.00000000,1,0,0.0,0.5
2495.2000,  1.00000000,1,0,0.0,0.5
2495.2333,  1.00000000,1,0,0.0,0.5
2495.2667,  1.00000000,1,0,0.0,0.5
2495.3000,  1.00000000,1,0,0.0,0.5
2495.3333,  1.00000000,1,0,0.0,0.5
2495.3667,  1.00000000,1,0,0.0,0.5
2495.4000,  1.00000000,1,0,0.0,0.5
2495.4333,  1.00000000,1,0,0.0,0.5
2495.4667,  1.00000000,1,0,0.0,0.5
2495.5000,  1.00000000,1,0,0.0,0.5
2495.5333,  1.00000000,1,0,0.0,0.5
2495.5667,  1.00000000,1,0,0.0,0.5
2495.6000,  1.00000000,1,0,0.0,0.5
2495.6333,  1.00000000,1,0,0.0,0.5
2495.6667,  1.00000000,1,0,0.0,0.5
2495.7000,  1.00000000,1,0,0.0,0.5
2495.7333,  1.00000000,1,0,0.0,0.5
2495.7667,  1.00000000,1,0,0.0,0.5
2495.8000,  1.00000000,1,0,0.0,0.5
2495.8333,  1.00000000,1,0,0.0,0.5
2495.8667,  1.00000000,1,0,0.0,0.5
2495.9000,  1.00000000,1,0,0.0,0.5
2495.9333,  1.00000000,1,0,0.0,0.5
2495.9667,  1.00000000,1,0,0.0,0.5
2496.0000,  1.00000000,1,0,0.0,0.5
2496.0333,  1.00000000,1,0,0.0,0.5
2496.0667,  1.00000000,1,0,0.025000000000000001,0.5
2496.1000,  1.00000000,1,0,0.0,0.5
2496.1333,  1.00000000,1,0,0.0,0.5
2496.1667,  1.00000000,1,0,0.0,0.5
2496.2000,  1.00000000,1,0,0.0,0.5
2496.2333,  1.00000000,1,0,0.0,0.5
2496.2667,  1.00000000,1,0,0.0,0.5
2496.3000,  1.00000000,1,0,0.0,0.5
2496.3333,  1.00000000,1,0,0.0,0.5
2496.3667,  1.00000000,1,0,0.025000000000000001,0.5
2496.4000,  1.00000000,1,0,0.0,0.5
2496.4333,  1.00000000,1,0,0.0,0.5
2496.4667,  1.00000000,1,0,0.0,0.5
2496.5000,  1.00000000,1,0,0.0,0.5
2496.5333,  1.00000000,1,0,0.0,0.5
2496.5667,  1.00000000,1,0,0.0,0.5
2496.6000,  1.00000000,1,0,0.0,0.5
2496.6333,  1.00000000,1,0,0.0,0.5
2496.6667,  1.00000000,1,0,0.025000000000000001,0.5
2496.7000,  1.00000000,1,0,0.0,0.5
2496.7333,  1.00000000,1,0,0.0,0.5
2496.7667,  1.00000000,1,0,0.0,0.5
2496.8000,  1.00000000,1,0,0.0,0.5
2496.8333,  1.00000000,1,0,0.0,0.5
2496.8667,  1.00000000,1,0,0.0,0.5
2496.9000,  1.00000000,1,0,0.0,0.5
2496.9333,  1.00000000,1,0,0.0,0.5
2496.9667,  1.00000000,1,0,0.0,0.5
2497.0000,  1.00000000,1,0,0.0,0.5
2497.0333,  1.00000000,1,0,0.0,0.5
2497.0667,  1.00000000,1,0,0.0,0.5
2497.1000,  1.00000000,1,0,0.0,0.5
2497.1333,  1.00000000,1,0,0.0,0.5
2497.1667,  1.00000000,1,0,0.0,0.5
2497.2000,  1.00000000,1,0,0.0,0.5
2497.2333,  1.00000000,1,0,0.0,0.5
2497.2667,  1.00000000,1,0,0.0,0.5
2497.3000,  1.00000000,1,0,0.0,0.5
2497.3333,  1.00000000,1,0,0.0,0.5
2497.3667,  1.00000000,1,0,0.0,0.5
2497.4000,  1.00000000,1,0,0.0,0.5
2497.4333,  1.00000000,1,0,0.0,0.5
2497.4667,  1.00000000,1,0,0.0,0.5
2497.5000,  1.00000000,1,0,0.0,0.5
2497.5333,  1.00000000,1,0,0.0,0.5
2497.5667,  1.00000000,1,0,0.0,0.5
2497.6000,  1.00000000,1,0,0.0,0.5
2497.6333,  1.00000000,1,0,0.0,0.5
2497.6667,  1.00000000,1,0,0.0,0.5
2497.7000,  1.00000000,1,0,0.0,0.5
2497.7333,  1.00000000,1,0,0.0,0.5
2497.7667,  1.00000000,1,0,0.0,0.5
2497.8000,  1.00000000,1,0,0.0,0.5
2497.8333,  1.00000000,1,0,0.025000000000000001,0.5
2497.8667,  1.00000000,1,0,0.025000000000000001,0.5
2497.9000,  1.00000000,1,0,0.0,0.5
2497.9333,  1.00000000,1,0,0.0,0.5
2497.9667,  1.00000000,1,0,0.0,0.5
2498.0000,  1.00000000,1,0,0.0,0.5
2498.0333,  1.00000000,1,0,0.0,0.5
2498.0667,  1.00000000,1,0,0.0,0.5
2498.1000,  1.00000000,1,0,0.0,0.5
2498.1333,  1.00000000,1,0,0.0,0.5
2498.1667,  1.00000000,1,0,0.0,0.5
2498.2000,  1.00000000,1,0,0.0,0.5
2498.2333,  1.00000000,1,0,0.0,0.5
2498.2667,  1.00000000,1,0,0.0,0.5
2498.3000,  1.00000000,1,0,0.0,0.5
2498.3333,  1.00000000,1,0,0.025000000000000001,0.5
2498.3667,  1.00000000,1,0,0.0,0.5
2498.4000,  1.00000000,1,0,0.0,0.5
2498.4333,  1.00000000,1,0,0.0,0.5
2498.4667,  1.00000000,1,0,0.0,0.5
2498.5000,  1.00000000,1,0,0.0,0.5
2498.5333,  1.00000000,1,0,0.0,0.5
2498.5667,  1.00000000,1,0,0.0,0.5
2498.6000,  1.00000000,1,0,0.0,0.5
2498.6333,  1.00000000,1,0,0.0,0.5
2498.6667,  1.00000000,1,0,0.0,0.5
2498.7000,  1.00000000,1,0,0.0,0.5
2498.7333,  1.00000000,1,0,0.0,0.5
2498.7667,  1.00000000,1,0,0.0,0.5
2498.8000,  1.00000000,1,0,0.0,0.5
2498.8333,  1.00000000,1,0,0.0,0.5
2498.8667,  1.00000000,1,0,0.0,0.5
2498.9000,  1.00000000,1,0,0.0,0.5
2498.9333,  1.00000000,1,0,0.0,0.5
2498.9667,  1.00000000,1,0,0.0,0.5
2499.0000,  1.00000000,1,0,0.0,0.5
2499.0333,  1.00000000,1,0,0.0,0.5
2499.0667,  1.00000000,1,0,0.0,0.5
2499.1000,  1.00000000,1,0,0.0,0.5
2499.1333,  1.00000000,1,0,0.0,0.5
2499.1667,  1.00000000,1,0,0.0,0.5
2499.2000,  1.00000000,1,0,0.0,0.5
2499.2333,  1.00000000,1,0,0.0,0.5
2499.2667,  1.00000000,1,0,0.0,0.5
2499.3000,  1.00000000,1,0,0.0,0.5
2499.3333,  1.00000000,1,0,0.0,0.5
2499.3667,  1.00000000,1,0,0.0,0.5
2499.4000,  1.00000000,1,0,0.0,0.5
2499.4333,  1.00000000,1,0,0.0,0.5
2499.4667,  1.00000000,1,0,0.0,0.5
2499.5000,  1.00000000,1,0,0.0,0.5
2499.5333,  1.00000000,1,0,0.0,0.5
2499.5667,  1.00000000,1,0,0.0,0.5
2499.6000,  1.00000000,1,0,0.0,0.5
2499.6333,  1.00000000,1,0,0.0,0.5
2499.6667,  1.00000000,1,0,0.0,0.5
2499.7000,  1.00000000,1,0,0.0,0.5
2499.7333,  1.00000000,1,0,0.025000000000000001,0.5
2499.7667,  1.00000000,1,0,0.0,0.5
2499.8000,  1.00000000,1,0,0.0,0.5
2499.8333,  1.00000000,1,0,0.0,0.5
2499.8667,  1.00000000,1,0,0.0,0.5
2499.9000,  1.00000000,1,0,0.025000000000000001,0.5
2499.9333,  1.00000000,1,0,0.0,0.5
2499.9667,  1.00000000,1,0,0.025000000000000001,0.5
2500.0000,  1.00000000,1,0,0.0,0.5
2500.0333,  1.00000000,1,0,0.0,0.5
2500.0667,  1.00000000,1,0,0.0,0.5
2500.1000,  1.00000000,1,0,0.0,0.5
2500.1333,  1.00000000,1,0,0.0,0.5
2500.1667,  1.00000000,1,0,0.0,0.5
2500.2000,  1.00000000,1,0,0.0,0.5
2500.2333,  1.00000000,1,0,0.0,0.5
2500.2667,  1.00000000,1,0,0.0,0.5
2500.3000,  1.00000000,1,0,0.0,0.5
2500.3333,  1.00000000,1,0,0.0,0.5
2500.3667,  1.00000000,1,0,0.0,0.5
2500.4000,  1.00000000,1,0,0.0,0.5
2500.4333,  1.00000000,1,0,0.025000000000000001,0.5
2500.4667,  1.00000000,1,0,0.0,0.5
2500.5000,  1.00000000,1,0,0.0,0.5
2500.5333,  1.00000000,1,0,0.0,0.5
2500.5667,  1.00000000,1,0,0.0,0.5
2500.6000,  1.00000000,1,0,0.0,0.5
2500.6333,  1.00000000,1,0,0.0,0.5
2500.6667,  1.00000000,1,0,0.0,0.5
2500.7000,  1.00000000,1,0,0.0,0.5
2500.7333,  1.00000000,1,0,0.0,0.5
2500.7667,  1.00000000,1,0,0.0,0.5
2500.8000,  1.00000000,1,0,0.0,0.5
2500.8333,  1.00000000,1,0,0.0,0.5
2500.8667,  1.00000000,1,0,0.0,0.5
2500.9000,  1.00000000,1,0,0.0,0.5
2500.9333,  1.00000000,1,0,0.0,0.5
2500.9667,  1.00000000,1,0,0.0,0.5
2501.0000,  1.00000000,1,0,0.0,0.5
2501.0333,  1.00000000,1,0,0.0,0.5
2501.0667,  1.00000000,1,0,0.0,0.5
2501.1000,  1.00000000,1,0,0.0,0.5
2501.1333,  1.00000000,1,0,0.0,0.5
2501.1667,  1.00000000,1,0,0.0,0.5
2501.2000,  1.00000000,1,0,0.0,0.5
2501.2333,  1.00000000,1,0,0.0,0.5
2501.2667,  1.00000000,1,0,0.0,0.5
2501.3000,  1.00000000,1,0,0.0,0.5
2501.3333,  1.00000000,1,0,0.0,0.5
2501.3667,  1.00000000,1,0,0.0,0.5
2501.4000,  1.00000000,1,0,0.025000000000000001,0.5
2501.4333,  1.00000000,1,0,0.0,0.5
2501.4667,  1.00000000,1,0,0.0,0.5
2501.5000,  1.00000000,1,0,0.0,0.5
2501.5333,  1.00000000,1,0,0.0,0.5
2501.5667,  1.00000000,1,0,0.0,0.5
2501.6000,  1.00000000,1,0,0.0,0.5
2501.6333,  1.00000000,1,0,0.0,0.5
2501.6667,  1.00000000,1,0,0.0,0.5
2501.7000,  1.00000000,1,0,0.0,0.5
2501.7333,  1.00000000,1,0,0.025000000000000001,0.5
2501.7667,  1.00000000,1,0,0.0,0.5
2501.8000,  1.00000000,1,0,0.0,0.5
2501.8333,  1.00000000,1,0,0.0,0.5
2501.8667,  1.00000000,1,0,0.0,0.5
2501.9000,  1.00000000,1,0,0.0,0.5
2501.9333,  1.00000000,1,0,0.0,0.5
2501.9667,  1.00000000,1,0,0.025000000000000001,0.5
2502.0000,  1.00000000,1,0,0.0,0.5
2502.0333,  1.00000000,1,0,0.0,0.5
2502.0667,  1.00000000,1,0,0.0,0.5
2502.1000,  1.00000000,1,0,0.0,0.5
2502.1333,  1.00000000,1,0,0.0,0.5
2502.1667,  1.00000000,1,0,0.0,0.5
2502.2000,  1.00000000,1,0,0.0,0.5
2502.2333,  1.00000000,1,0,0.0,0.5
2502.2667,  1.00000000,1,0,0.0,0.5
2502.3000,  1.00000000,1,0,0.0,0.5
2502.3333,  1.00000000,1,0,0.0,0.5
2502.3667,  1.00000000,1,0,0.0,0.5
2502.4000,  1.00000000,1,0,0.0,0.5
2502.4333,  1.00000000,1,0,0.0,0.5
2502.4667,  1.00000000,1,0,0.0,0.5
2502.5000,  1.00000000,1,0,0.0,0.5
2502.5333,  1.00000000,1,0,0.0,0.5
2502.5667,  1.00000000,1,0,0.0,0.5
2502.6000,  1.00000000,1,0,0.0,0.5
2502.6333,  1.00000000,1,0,0.0,0.5
2502.6667,  1.00000000,1,0,0.0,0.5
2502.7000,  1.00000000,1,0,0.0,0.5
2502.7333,  1.00000000,1,0,0.0,0.5
2502.7667,  1.00000000,1,0,0.0,0.5
2502.8000,  1.00000000,1,0,0.025000000000000001,0.5
2502.8333,  1.00000000,1,0,0.0,0.5
2502.8667,  1.00000000,1,0,0.0,0.5
2502.9000,  1.00000000,1,0,0.0,0.5
2502.9333,  1.00000000,1,0,0.025000000000000001,0.5
2502.9667,  1.00000000,1,0,0.0,0.5
2503.0000,  1.00000000,1,0,0.0,0.5
2503.0333,  1.00000000,1,0,0.0,0.5
2503.0667,  1.00000000,1,0,0.0,0.5
2503.1000,  1.00000000,1,0,0.0,0.5
2503.1333,  1.00000000,1,0,0.0,0.5
2503.1667,  1.00000000,1,0,0.0,0.5
2503.2000,  1.00000000,1,0,0.0,0.5
2503.2333,  1.00000000,1,0,0.0,0.5
2503.2667,  1.00000000,1,0,0.0,0.5
2503.3000,  1.00000000,1,0,0.0,0.5
2503.3333,  1.00000000,1,0,0.0,0.5
2503.3667,  1.00000000,1,0,0.025000000000000001,0.5
2503.4000,  1.00000000,1,0,0.0,0.5
2503.4333,  1.00000000,1,0,0.0,0.5
2503.4667,  1.00000000,1,0,0.0,0.5
2503.5000,  1.00000000,1,0,0.0,0.5
2503.5333,  1.00000000,1,0,0.0,0.5
2503.5667,  1.00000000,1,0,0.0,0.5
2503.6000,  1.00000000,1,0,0.0,0.5
2503.6333,  1.00000000,1,0,0.0,0.5
2503.6667,  1.00000000,1,0,0.0,0.5
2503.7000,  1.00000000,1,0,0.0,0.5
2503.7333,  1.00000000,1,0,0.0,0.5
2503.7667,  1.00000000,1,0,0.0,0.5
2503.8000,  1.00000000,1,0,0.0,0.5
2503.8333,  1.00000000,1,0,0.0,0.5
2503.8667,  1.00000000,1,0,0.0,0.5
2503.9000,  1.00000000,1,0,0.0,0.5
2503.9333,  1.00000000,1,0,0.0,0.5
2503.9667,  1.00000000,1,0,0.0,0.5
2504.0000,  1.00000000,1,0,0.0,0.5
2504.0333,  1.00000000,1,0,0.0,0.5
2504.0667,  1.00000000,1,0,0.0,0.5
2504.1000,  1.00000000,1,0,0.0,0.5
2504.1333,  1.00000000,1,0,0.025000000000000001,0.5
2504.1667,  1.00000000,1,0,0.0,0.5
2504.2000,  1.00000000,1,0,0.0,0.5
2504.2333,  1.00000000,1,0,0.0,0.5
2504.2667,  1.00000000,1,0,0.0,0.5
2504.3000,  1.00000000,1,0,0.0,0.5
2504.3333,  1.00000000,1,0,0.0,0.5
2504.3667,  1.00000000,1,0,0.0,0.5
2504.4000,  1.00000000,1,0,0.0,0.5
2504.4333,  1.00000000,1,0,0.0,0.5
2504.4667,  1.00000000,1,0,0.025000000000000001,0.5
2504.5000,  1.00000000,1,0,0.0,0.5
2504.5333,  1.00000000,1,0,0.0,0.5
2504.5667,  1.00000000,1,0,0.0,0.5
2504.6000,  1.00000000,1,0,0.0,0.5
2504.6333,  1.00000000,1,0,0.0,0.5
2504.6667,  1.00000000,1,0,0.0,0.5
2504.7000,  1.00000000,1,0,0.0,0.5
2504.7333,  1.00000000,1,0,0.0,0.5
2504.7667,  1.00000000,1,0,0.0,0.5
2504.8000,  1.00000000,1,0,0.0,0.5
2504.8333,  1.00000000,1,0,0.0,0.5
2504.8667,  1.00000000,1,0,0.0,0.5
2504.9000,  1.00000000,1,0,0.0,0.5
2504.9333,  1.00000000,1,0,0.025000000000000001,0.5
2504.9667,  1.00000000,1,0,0.0,0.5
2505.0000,  1.00000000,1,0,0.0,0.5
2505.0333,  1.00000000,1,0,0.0,0.5
2505.0667,  1.00000000,1,0,0.0,0.5
2505.1000,  1.00000000,1,0,0.0,0.5
2505.1333,  1.00000000,1,0,0.0,0.5
2505.1667,  1.00000000,1,0,0.0,0.5
2505.2000,  1.00000000,1,0,0.0,0.5
2505.2333,  1.00000000,1,0,0.050000000000000003,0.5
2505.2667,  1.00000000,1,0,0.0,0.5
2505.3000,  1.00000000,1,0,0.0,0.5
2505.3333,  1.00000000,1,0,0.0,0.5
2505.3667,  1.00000000,1,0,0.0,0.5
2505.4000,  1.00000000,1,0,0.0,0.5
2505.4333,  1.00000000,1,0,0.0,0.5
2505.4667,  1.00000000,1,0,0.0,0.5
2505.5000,  1.00000000,1,0,0.0,0.5
2505.5333,  1.00000000,1,0,0.0,0.5
2505.5667,  1.00000000,1,0,0.0,0.5
2505.6000,  1.00000000,1,0,0.0,0.5
2505.6333,  1.00000000,1,0,0.0,0.5
2505.6667,  1.00000000,1,0,0.0,0.5
2505.7000,  1.00000000,1,0,0.0,0.5
2505.7333,  1.00000000,1,0,0.0,0.5
2505.7667,  1.00000000,1,0,0.0,0.5
2505.8000,  1.00000000,1,0,0.0,0.5
2505.8333,  1.00000000,1,0,0.0,0.5
2505.8667,  1.00000000,1,0,0.0,0.5
2505.9000,  1.00000000,1,0,0.0,0.5
2505.9333,  1.00000000,1,0,0.0,0.5
2505.9667,  1.00000000,1,0,0.0,0.5
2506.0000,  1.00000000,1,0,0.0,0.5
2506.0333,  1.00000000,1,0,0.0,0.5
2506.0667,  1.00000000,1,0,0.0,0.5
2506.1000,  1.00000000,1,0,0.0,0.5
2506.1333,  1.00000000,1,0,0.0,0.5
2506.1667,  1.00000000,1,0,0.0,0.5
2506.2000,  1.00000000,1,0,0.0,0.5
2506.2333,  1.00000000,1,0,0.0,0.5
2506.2667,  1.00000000,1,0,0.0,0.5
2506.3000,  1.00000000,1,0,0.0,0.5
2506.3333,  1.00000000,1,0,0.0,0.5
2506.3667,  1.00000000,1,0,0.0,0.5
2506.4000,  1.00000000,1,0,0.0,0.5
2506.4333,  1.00000000,1,0,0.0,0.5
2506.4667,  1.00000000,1,0,0.0,0.5
2506.5000,  1.00000000,1,0,0.0,0.5
2506.5333,  1.00000000,1,0,0.0,0.5
2506.5667,  1.00000000,1,0,0.0,0.5
2506.6000,  1.00000000,1,0,0.0,0.5
2506.6333,  1.00000000,1,0,0.0,0.5
2506.6667,  1.00000000,1,0,0.0,0.5
2506.7000,  1.00000000,1,0,0.0,0.5
2506.7333,  1.00000000,1,0,0.0,0.5
2506.7667,  1.00000000,1,0,0.0,0.5
2506.8000,  1.00000000,1,0,0.0,0.5
2506.8333,  1.00000000,1,0,0.025000000000000001,0.5
2506.8667,  1.00000000,1,0,0.0,0.5
2506.9000,  1.00000000,1,0,0.0,0.5
2506.9333,  1.00000000,1,0,0.0,0.5
2506.9667,  1.00000000,1,0,0.0,0.5
2507.0000,  1.00000000,1,0,0.025000000000000001,0.5
2507.0333,  1.00000000,1,0,0.0,0.5
2507.0667,  1.00000000,1,0,0.0,0.5
2507.1000,  1.00000000,1,0,0.0,0.5
2507.1333,  1.00000000,1,0,0.0,0.5
2507.1667,  1.00000000,1,0,0.0,0.5
2507.2000,  1.00000000,1,0,0.0,0.5
2507.2333,  1.00000000,1,0,0.0,0.5
2507.2667,  1.00000000,1,0,0.0,0.5
2507.3000,  1.00000000,1,0,0.0,0.5
2507.3333,  1.00000000,1,0,0.0,0.5
2507.3667,  1.00000000,1,0,0.0,0.5
2507.4000,  1.00000000,1,0,0.0,0.5
2507.4333,  1.00000000,1,0,0.0,0.5
2507.4667,  1.00000000,1,0,0.0,0.5
2507.5000,  1.00000000,1,0,0.0,0.5
2507.5333,  1.00000000,1,0,0.0,0.5
2507.5667,  1.00000000,1,0,0.0,0.5
2507.6000,  1.00000000,1,0,0.0,0.5
2507.6333,  1.00000000,1,0,0.0,0.5
2507.6667,  1.00000000,1,0,0.0,0.5
2507.7000,  1.00000000,1,0,0.0,0.5
2507.7333,  1.00000000,1,0,0.025000000000000001,0.5
2507.7667,  1.00000000,1,0,0.0,0.5
2507.8000,  1.00000000,1,0,0.0,0.5
2507.8333,  1.00000000,1,0,0.0,0.5
2507.8667,  1.00000000,1,0,0.0,0.5
2507.9000,  1.00000000,1,0,0.0,0.5
2507.9333,  1.00000000,1,0,0.0,0.5
2507.9667,  1.00000000,1,0,0.0,0.5
2508.0000,  1.00000000,1,0,0.0,0.5
2508.0333,  1.00000000,1,0,0.0,0.5
2508.0667,  1.00000000,1,0,0.0,0.5
2508.1000,  1.00000000,1,0,0.0,0.5
2508.1333,  1.00000000,1,0,0.0,0.5
2508.1667,  1.00000000,1,0,0.0,0.5
2508.2000,  1.00000000,1,0,0.0,0.5
2508.2333,  1.00000000,1,0,0.0,0.5
2508.2667,  1.00000000,1,0,0.0,0.5
2508.3000,  1.00000000,1,0,0.0,0.5
2508.3333,  1.00000000,1,0,0.0,0.5
2508.3667,  1.00000000,1,0,0.0,0.5
2508.4000,  1.00000000,1,0,0.0,0.5
2508.4333,  1.00000000,1,0,0.0,0.5
2508.4667,  1.00000000,1,0,0.0,0.5
2508.5000,  1.00000000,1,0,0.0,0.5
2508.5333,  1.00000000,1,0,0.0,0.5
2508.5667,  1.00000000,1,0,0.0,0.5
2508.6000,  1.00000000,1,0,0.0,0.5
2508.6333,  1.00000000,1,0,0.0,0.5
2508.6667,  1.00000000,1,0,0.0,0.5
2508.7000,  1.00000000,1,0,0.0,0.5
2508.7333,  1.00000000,1,0,0.0,0.5
2508.7667,  1.00000000,1,0,0.0,0.5
2508.8000,  1.00000000,1,0,0.0,0.5
2508.8333,  1.00000000,1,0,0.0,0.5
2508.8667,  1.00000000,1,0,0.0,0.5
2508.9000,  1.00000000,1,0,0.0,0.5
2508.9333,  1.00000000,1,0,0.0,0.5
2508.9667,  1.00000000,1,0,0.0,0.5
2509.0000,  1.00000000,1,0,0.0,0.5
2509.0333,  1.00000000,1,0,0.0,0.5
2509.0667,  1.00000000,1,0,0.0,0.5
2509.1000,  1.00000000,1,0,0.0,0.5
2509.1333,  1.00000000,1,0,0.0,0.5
2509.1667,  1.00000000,1,0,0.0,0.5
2509.2000,  1.00000000,1,0,0.0,0.5
2509.2333,  1.00000000,1,0,0.0,0.5
2509.2667,  1.00000000,1,0,0.0,0.5
2509.3000,  1.00000000,1,0,0.0,0.5
2509.3333,  1.00000000,1,0,0.0,0.5
2509.3667,  1.00000000,1,0,0.0,0.5
2509.4000,  1.00000000,1,0,0.0,0.5
2509.4333,  1.00000000,1,0,0.0,0.5
2509.4667,  1.00000000,1,0,0.025000000000000001,0.5
2509.5000,  1.00000000,1,0,0.0,0.5
2509.5333,  1.00000000,1,0,0.0,0.5
2509.5667,  1.00000000,1,0,0.0,0.5
2509.6000,  1.00000000,1,0,0.0,0.5
2509.6333,  1.00000000,1,0,0.0,0.5
2509.6667,  1.00000000,1,0,0.0,0.5
2509.7000,  1.00000000,1,0,0.0,0.5
2509.7333,  1.00000000,1,0,0.0,0.5
2509.7667,  1.00000000,1,0,0.0,0.5
2509.8000,  1.00000000,1,0,0.0,0.5
2509.8333,  1.00000000,1,0,0.025000000000000001,0.5
2509.8667,  1.00000000,1,0,0.0,0.5
2509.9000,  1.00000000,1,0,0.0,0.5
2509.9333,  1.00000000,1,0,0.025000000000000001,0.5
2509.9667,  1.00000000,1,0,0.0,0.5
2510.0000,  1.00000000,1,0,0.0,0.5
2510.0333,  1.00000000,1,0,0.0,0.5
2510.0667,  1.00000000,1,0,0.0,0.5
2510.1000,  1.00000000,1,0,0.0,0.5
2510.1333,  1.00000000,1,0,0.0,0.5
2510.1667,  1.00000000,1,0,0.0,0.5
2510.2000,  1.00000000,1,0,0.0,0.5
2510.2333,  1.00000000,1,0,0.0,0.5
2510.2667,  1.00000000,1,0,0.0,0.5
2510.3000,  1.00000000,1,0,0.0,0.5
2510.3333,  1.00000000,1,0,0.0,0.5
2510.3667,  1.00000000,1,0,0.0,0.5
2510.4000,  1.00000000,1,0,0.0,0.5
2510.4333,  1.00000000,1,0,0.0,0.5
2510.4667,  1.00000000,1,0,0.0,0.5
2510.5000,  1.00000000,1,0,0.0,0.5
2510.5333,  1.00000000,1,0,0.0,0.5
2510.5667,  1.00000000,1,0,0.0,0.5
2510.6000,  1.00000000,1,0,0.0,0.5
2510.6333,  1.00000000,1,0,0.0,0.5
2510.6667,  1.00000000,1,0,0.0,0.5
2510.7000,  1.00000000,1,0,0.0,0.5
2510.7333,  1.00000000,1,0,0.0,0.5
2510.7667,  1.00000000,1,0,0.0,0.5
2510.8000,  1.00000000,1,0,0.0,0.5
2510.8333,  1.00000000,1,0,0.0,0.5
2510.8667,  1.00000000,1,0,0.0,0.5
2510.9000,  1.00000000,1,0,0.0,0.5
2510.9333,  1.00000000,1,0,0.0,0.5
2510.9667,  1.00000000,1,0,0.0,0.5
2511.0000,  1.00000000,1,0,0.0,0.5
2511.0333,  1.00000000,1,0,0.0,0.5
2511.0667,  1.00000000,1,0,0.0,0.5
2511.1000,  1.00000000,1,0,0.0,0.5
2511.1333,  1.00000000,1,0,0.0,0.5
2511.1667,  1.00000000,1,0,0.0,0.5
2511.2000,  1.00000000,1,0,0.0,0.5
2511.2333,  1.00000000,1,0,0.0,0.5
2511.2667,  1.00000000,1,0,0.0,0.5
2511.3000,  1.00000000,1,0,0.0,0.5
2511.3333,  1.00000000,1,0,0.0,0.5
2511.3667,  1.00000000,1,0,0.0,0.5
2511.4000,  1.00000000,1,0,0.0,0.5
2511.4333,  1.00000000,1,0,0.0,0.5
2511.4667,  1.00000000,1,0,0.0,0.5
2511.5000,  1.00000000,1,0,0.0,0.5
2511.5333,  1.00000000,1,0,0.0,0.5
2511.5667,  1.00000000,1,0,0.0,0.5
2511.6000,  1.00000000,1,0,0.0,0.5
2511.6333,  1.00000000,1,0,0.0,0.5
2511.6667,  1.00000000,1,0,0.0,0.5
2511.7000,  1.00000000,1,0,0.0,0.5
2511.7333,  1.00000000,1,0,0.0,0.5
2511.7667,  1.00000000,1,0,0.0,0.5
2511.8000,  1.00000000,1,0,0.025000000000000001,0.5
2511.8333,  1.00000000,1,0,0.0,0.5
2511.8667,  1.00000000,1,0,0.0,0.5
2511.9000,  1.00000000,1,0,0.0,0.5
2511.9333,  1.00000000,1,0,0.0,0.5
2511.9667,  1.00000000,1,0,0.0,0.5
2512.0000,  1.00000000,1,0,0.0,0.5
2512.0333,  1.00000000,1,0,0.0,0.5
2512.0667,  1.00000000,1,0,0.0,0.5
2512.1000,  1.00000000,1,0,0.0,0.5
2512.1333,  1.00000000,1,0,0.0,0.5
2512.1667,  1.00000000,1,0,0.0,0.5
2512.2000,  1.00000000,1,0,0.0,0.5
2512.2333,  1.00000000,1,0,0.0,0.5
2512.2667,  1.00000000,1,0,0.0,0.5
2512.3000,  1.00000000,1,0,0.0,0.5
2512.3333,  1.00000000,1,0,0.0,0.5
2512.3667,  1.00000000,1,0,0.0,0.5
2512.4000,  1.00000000,1,0,0.0,0.5
2512.4333,  1.00000000,1,0,0.0,0.5
2512.4667,  1.00000000,1,0,0.0,0.5
2512.5000,  1.00000000,1,0,0.0,0.5
2512.5333,  1.00000000,1,0,0.0,0.5
2512.5667,  1.00000000,1,0,0.0,0.5
2512.6000,  1.00000000,1,0,0.0,0.5
2512.6333,  1.00000000,1,0,0.0,0.5
2512.6667,  1.00000000,1,0,0.0,0.5
2512.7000,  1.00000000,1,0,0.0,0.5
2512.7333,  1.00000000,1,0,0.0,0.5
2512.7667,  1.00000000,1,0,0.0,0.5
2512.8000,  1.00000000,1,0,0.0,0.5
2512.8333,  1.00000000,1,0,0.0,0.5
2512.8667,  1.00000000,1,0,0.0,0.5
2512.9000,  1.00000000,1,0,0.0,0.5
2512.9333,  1.00000000,1,0,0.025000000000000001,0.5
2512.9667,  1.00000000,1,0,0.0,0.5
2513.0000,  1.00000000,1,0,0.0,0.5
2513.0333,  1.00000000,1,0,0.0,0.5
2513.0667,  1.00000000,1,0,0.0,0.5
2513.1000,  1.00000000,1,0,0.0,0.5
2513.1333,  1.00000000,1,0,0.0,0.5
2513.1667,  1.00000000,1,0,0.0,0.5
2513.2000,  1.00000000,1,0,0.0,0.5
2513.2333,  1.00000000,1,0,0.0,0.5
2513.2667,  1.00000000,1,0,0.0,0.5
2513.3000,  1.00000000,1,0,0.0,0.5
2513.3333,  1.00000000,1,0,0.0,0.5
2513.3667,  1.00000000,1,0,0.0,0.5
2513.4000,  1.00000000,1,0,0.0,0.5
2513.4333,  1.00000000,1,0,0.0,0.5
2513.4667,  1.00000000,1,0,0.0,0.5
2513.5000,  1.00000000,1,0,0.0,0.5
2513.5333,  1.00000000,1,0,0.0,0.5
2513.5667,  1.00000000,1,0,0.0,0.5
2513.6000,  1.00000000,1,0,0.0,0.5
2513.6333,  1.00000000,1,0,0.025000000000000001,0.5
2513.6667,  1.00000000,1,0,0.0,0.5
2513.7000,  1.00000000,1,0,0.0,0.5
2513.7333,  1.00000000,1,0,0.0,0.5
2513.7667,  1.00000000,1,0,0.0,0.5
2513.8000,  1.00000000,1,0,0.0,0.5
2513.8333,  1.00000000,1,0,0.0,0.5
2513.8667,  1.00000000,1,0,0.0,0.5
2513.9000,  1.00000000,1,0,0.0,0.5
2513.9333,  1.00000000,1,0,0.0,0.5
2513.9667,  1.00000000,1,0,0.0,0.5
2514.0000,  1.00000000,1,0,0.0,0.5
2514.0333,  1.00000000,1,0,0.0,0.5
2514.0667,  1.00000000,1,0,0.0,0.5
2514.1000,  1.00000000,1,0,0.0,0.5
2514.1333,  1.00000000,1,0,0.0,0.5
2514.1667,  1.00000000,1,0,0.0,0.5
2514.2000,  1.00000000,1,0,0.0,0.5
2514.2333,  1.00000000,1,0,0.0,0.5
2514.2667,  1.00000000,1,0,0.0,0.5
2514.3000,  1.00000000,1,0,0.0,0.5
2514.3333,  1.00000000,1,0,0.0,0.5
2514.3667,  1.00000000,1,0,0.0,0.5
2514.4000,  1.00000000,1,0,0.0,0.5
2514.4333,  1.00000000,1,0,0.0,0.5
2514.4667,  1.00000000,1,0,0.0,0.5
2514.5000,  1.00000000,1,0,0.0,0.5
2514.5333,  1.00000000,1,0,0.0,0.5
2514.5667,  1.00000000,1,0,0.0,0.5
2514.6000,  1.00000000,1,0,0.0,0.5
2514.6333,  1.00000000,1,0,0.0,0.5
2514.6667,  1.00000000,1,0,0.0,0.5
2514.7000,  1.00000000,1,0,0.0,0.5
2514.7333,  1.00000000,1,0,0.0,0.5
2514.7667,  1.00000000,1,0,0.0,0.5
2514.8000,  1.00000000,1,0,0.0,0.5
2514.8333,  1.00000000,1,0,0.0,0.5
2514.8667,  1.00000000,1,0,0.0,0.5
2514.9000,  1.00000000,1,0,0.0,0.5
2514.9333,  1.00000000,1,0,0.0,0.5
2514.9667,  1.00000000,1,0,0.0,0.5
2515.0000,  1.00000000,1,0,0.0,0.5
2515.0333,  1.00000000,1,0,0.0,0.5
2515.0667,  1.00000000,1,0,0.0,0.5
2515.1000,  1.00000000,1,0,0.0,0.5
2515.1333,  1.00000000,1,0,0.0,0.5
2515.1667,  1.00000000,1,0,0.0,0.5
2515.2000,  1.00000000,1,0,0.0,0.5
2515.2333,  1.00000000,1,0,0.0,0.5
2515.2667,  1.00000000,1,0,0.025000000000000001,0.5
2515.3000,  1.00000000,1,0,0.0,0.5
2515.3333,  1.00000000,1,0,0.0,0.5
2515.3667,  1.00000000,1,0,0.0,0.5
2515.4000,  1.00000000,1,0,0.0,0.5
2515.4333,  1.00000000,1,0,0.0,0.5
2515.4667,  1.00000000,1,0,0.0,0.5
2515.5000,  1.00000000,1,0,0.0,0.5
2515.5333,  1.00000000,1,0,0.0,0.5
2515.5667,  1.00000000,1,0,0.0,0.5
2515.6000,  1.00000000,1,0,0.0,0.5
2515.6333,  1.00000000,1,0,0.0,0.5
2515.6667,  1.00000000,1,0,0.0,0.5
2515.7000,  1.00000000,1,0,0.0,0.5
2515.7333,  1.00000000,1,0,0.0,0.5
2515.7667,  1.00000000,1,0,0.0,0.5
2515.8000,  1.00000000,1,0,0.0,0.5
2515.8333,  1.00000000,1,0,0.0,0.5
2515.8667,  1.00000000,1,0,0.0,0.5
2515.9000,  1.00000000,1,0,0.0,0.5
2515.9333,  1.00000000,1,0,0.0,0.5
2515.9667,  1.00000000,1,0,0.0,0.5
2516.0000,  1.00000000,1,0,0.0,0.5
2516.0333,  1.00000000,1,0,0.0,0.5
2516.0667,  1.00000000,1,0,0.0,0.5
2516.1000,  1.00000000,1,0,0.0,0.5
2516.1333,  1.00000000,1,0,0.0,0.5
2516.1667,  1.00000000,1,0,0.0,0.5
2516.2000,  1.00000000,1,0,0.0,0.5
2516.2333,  1.00000000,1,0,0.0,0.5
2516.2667,  1.00000000,1,0,0.0,0.5
2516.3000,  1.00000000,1,0,0.0,0.5
2516.3333,  1.00000000,1,0,0.0,0.5
2516.3667,  1.00000000,1,0,0.0,0.5
2516.4000,  1.00000000,1,0,0.0,0.5
2516.4333,  1.00000000,1,0,0.0,0.5
2516.4667,  1.00000000,1,0,0.0,0.5
2516.5000,  1.00000000,1,0,0.0,0.5
2516.5333,  1.00000000,1,0,0.0,0.5
2516.5667,  1.00000000,1,0,0.0,0.5
2516.6000,  1.00000000,1,0,0.0,0.5
2516.6333,  1.00000000,1,0,0.0,0.5
2516.6667,  1.00000000,1,0,0.0,0.5
2516.7000,  1.00000000,1,0,0.0,0.5
2516.7333,  1.00000000,1,0,0.0,0.5
2516.7667,  1.00000000,1,0,0.0,0.5
2516.8000,  1.00000000,1,0,0.0,0.5
2516.8333,  1.00000000,1,0,0.0,0.5
2516.8667,  1.00000000,1,0,0.0,0.5
2516.9000,  1.00000000,1,0,0.0,0.5
2516.9333,  1.00000000,1,0,0.0,0.5
2516.9667,  1.00000000,1,0,0.0,0.5
2517.0000,  1.00000000,1,0,0.0,0.5
2517.0333,  1.00000000,1,0,0.0,0.5
2517.0667,  1.00000000,1,0,0.0,0.5
2517.1000,  1.00000000,1,0,0.0,0.5
2517.1333,  1.00000000,1,0,0.0,0.5
2517.1667,  1.00000000,1,0,0.0,0.5
2517.2000,  1.00000000,1,0,0.025000000000000001,0.5
2517.2333,  1.00000000,1,0,0.0,0.5
2517.2667,  1.00000000,1,0,0.0,0.5
2517.3000,  1.00000000,1,0,0.0,0.5
2517.3333,  1.00000000,1,0,0.0,0.5
2517.3667,  1.00000000,1,0,0.0,0.5
2517.4000,  1.00000000,1,0,0.0,0.5
2517.4333,  1.00000000,1,0,0.0,0.5
2517.4667,  1.00000000,1,0,0.0,0.5
2517.5000,  1.00000000,1,0,0.0,0.5
2517.5333,  1.00000000,1,0,0.0,0.5
2517.5667,  1.00000000,1,0,0.0,0.5
2517.6000,  1.00000000,1,0,0.0,0.5
2517.6333,  1.00000000,1,0,0.0,0.5
2517.6667,  1.00000000,1,0,0.0,0.5
2517.7000,  1.00000000,1,0,0.0,0.5
2517.7333,  1.00000000,1,0,0.0,0.5
2517.7667,  1.00000000,1,0,0.0,0.5
2517.8000,  1.00000000,1,0,0.0,0.5
2517.8333,  1.00000000,1,0,0.0,0.5
2517.8667,  1.00000000,1,0,0.0,0.5
2517.9000,  1.00000000,1,0,0.0,0.5
2517.9333,  1.00000000,1,0,0.0,0.5
2517.9667,  1.00000000,1,0,0.0,0.5
2518.0000,  1.00000000,1,0,0.0,0.5
2518.0333,  1.00000000,1,0,0.0,0.5
2518.0667,  1.00000000,1,0,0.0,0.5
2518.1000,  1.00000000,1,0,0.0,0.5
2518.1333,  1.00000000,1,0,0.0,0.5
2518.1667,  1.00000000,1,0,0.0,0.5
2518.2000,  1.00000000,1,0,0.0,0.5
2518.2333,  1.00000000,1,0,0.0,0.5
2518.2667,  1.00000000,1,0,0.0,0.5
2518.3000,  1.00000000,1,0,0.0,0.5
2518.3333,  1.00000000,1,0,0.0,0.5
2518.3667,  1.00000000,1,0,0.0,0.5
2518.4000,  1.00000000,1,0,0.0,0.5
2518.4333,  1.00000000,1,0,0.0,0.5
2518.4667,  1.00000000,1,0,0.0,0.5
2518.5000,  1.00000000,1,0,0.0,0.5
2518.5333,  1.00000000,1,0,0.0,0.5
2518.5667,  1.00000000,1,0,0.0,0.5
2518.6000,  1.00000000,1,0,0.0,0.5
2518.6333,  1.00000000,1,0,0.0,0.5
2518.6667,  1.00000000,1,0,0.0,0.5
2518.7000,  1.00000000,1,0,0.0,0.5
2518.7333,  1.00000000,1,0,0.0,0.5
2518.7667,  1.00000000,1,0,0.0,0.5
2518.8000,  1.00000000,1,0,0.0,0.5
2518.8333,  1.00000000,1,0,0.0,0.5
2518.8667,  1.00000000,1,0,0.0,0.5
2518.9000,  1.00000000,1,0,0.0,0.5
2518.9333,  1.00000000,1,0,0.0,0.5
2518.9667,  1.00000000,1,0,0.0,0.5
2519.0000,  1.00000000,1,0,0.0,0.5
2519.0333,  1.00000000,1,0,0.0,0.5
2519.0667,  1.00000000,1,0,0.0,0.5
2519.1000,  1.00000000,1,0,0.0,0.5
2519.1333,  1.00000000,1,0,0.0,0.5
2519.1667,  1.00000000,1,0,0.0,0.5
2519.2000,  1.00000000,1,0,0.0,0.5
2519.2333,  1.00000000,1,0,0.0,0.5
2519.2667,  1.00000000,1,0,0.0,0.5
2519.3000,  1.00000000,1,0,0.025000000000000001,0.5
2519.3333,  1.00000000,1,0,0.0,0.5
2519.3667,  1.00000000,1,0,0.0,0.5
2519.4000,  1.00000000,1,0,0.0,0.5
2519.4333,  1.00000000,1,0,0.025000000000000001,0.5
2519.4667,  1.00000000,1,0,0.0,0.5
2519.5000,  1.00000000,1,0,0.0,0.5
2519.5333,  1.00000000,1,0,0.0,0.5
2519.5667,  1.00000000,1,0,0.0,0.5
2519.6000,  1.00000000,1,0,0.0,0.5
2519.6333,  1.00000000,1,0,0.025000000000000001,0.5
2519.6667,  1.00000000,1,0,0.0,0.5
2519.7000,  1.00000000,1,0,0.025000000000000001,0.5
2519.7333,  1.00000000,1,0,0.0,0.5
2519.7667,  1.00000000,1,0,0.0,0.5
2519.8000,  1.00000000,1,0,0.0,0.5
2519.8333,  1.00000000,1,0,0.0,0.5
2519.8667,  1.00000000,1,0,0.0,0.5
2519.9000,  1.00000000,1,0,0.0,0.5
2519.9333,  1.00000000,1,0,0.0,0.5
2519.9667,  1.00000000,1,0,0.0,0.5
2520.0000,  1.00000000,1,0,0.0,0.5
2520.0333,  1.00000000,1,0,0.0,0.5
2520.0667,  1.00000000,1,0,0.0,0.5
2520.1000,  1.00000000,1,0,0.0,0.5
2520.1333,  1.00000000,1,0,0.0,0.5
2520.1667,  1.00000000,1,0,0.0,0.5
2520.2000,  1.00000000,1,0,0.0,0.5
2520.2333,  1.00000000,1,0,0.0,0.5
2520.2667,  1.00000000,1,0,0.0,0.5
2520.3000,  1.00000000,1,0,0.0,0.5
2520.3333,  1.00000000,1,0,0.0,0.5
2520.3667,  1.00000000,1,0,0.0,0.5
2520.4000,  1.00000000,1,0,0.0,0.5
2520.4333,  1.00000000,1,0,0.0,0.5
2520.4667,  1.00000000,1,0,0.0,0.5
2520.5000,  1.00000000,1,0,0.0,0.5
2520.5333,  1.00000000,1,0,0.0,0.5
2520.5667,  1.00000000,1,0,0.0,0.5
2520.6000,  1.00000000,1,0,0.0,0.5
2520.6333,  1.00000000,1,0,0.0,0.5
2520.6667,  1.00000000,1,0,0.0,0.5
2520.7000,  1.00000000,1,0,0.0,0.5
2520.7333,  1.00000000,1,0,0.0,0.5
2520.7667,  1.00000000,1,0,0.0,0.5
2520.8000,  1.00000000,1,0,0.025000000000000001,0.5
2520.8333,  1.00000000,1,0,0.025000000000000001,0.5
2520.8667,  1.00000000,1,0,0.0,0.5
2520.9000,  1.00000000,1,0,0.0,0.5
2520.9333,  1.00000000,1,0,0.0,0.5
2520.9667,  1.00000000,1,0,0.0,0.5
2521.0000,  1.00000000,1,0,0.0,0.5
2521.0333,  1.00000000,1,0,0.0,0.5
2521.0667,  1.00000000,1,0,0.0,0.5
2521.1000,  1.00000000,1,0,0.0,0.5
2521.1333,  1.00000000,1,0,0.0,0.5
2521.1667,  1.00000000,1,0,0.0,0.5
2521.2000,  1.00000000,1,0,0.0,0.5
2521.2333,  1.00000000,1,0,0.0,0.5
2521.2667,  1.00000000,1,0,0.0,0.5
2521.3000,  1.00000000,1,0,0.0,0.5
2521.3333,  1.00000000,1,0,0.0,0.5
2521.3667,  1.00000000,1,0,0.0,0.5
2521.4000,  1.00000000,1,0,0.025000000000000001,0.5
2521.4333,  1.00000000,1,0,0.0,0.5
2521.4667,  1.00000000,1,0,0.0,0.5
2521.5000,  1.00000000,1,0,0.0,0.5
2521.5333,  1.00000000,1,0,0.0,0.5
2521.5667,  1.00000000,1,0,0.0,0.5
2521.6000,  1.00000000,1,0,0.0,0.5
2521.6333,  1.00000000,1,0,0.0,0.5
2521.6667,  1.00000000,1,0,0.0,0.5
2521.7000,  1.00000000,1,0,0.0,0.5
2521.7333,  1.00000000,1,0,0.0,0.5
2521.7667,  1.00000000,1,0,0.0,0.5
2521.8000,  1.00000000,1,0,0.025000000000000001,0.5
2521.8333,  1.00000000,1,0,0.0,0.5
2521.8667,  1.00000000,1,0,0.0,0.5
2521.9000,  1.00000000,1,0,0.0,0.5
2521.9333,  1.00000000,1,0,0.0,0.5
2521.9667,  1.00000000,1,0,0.0,0.5
2522.0000,  1.00000000,1,0,0.0,0.5
2522.0333,  1.00000000,1,0,0.0,0.5
2522.0667,  1.00000000,1,0,0.0,0.5
2522.1000,  1.00000000,1,0,0.0,0.5
2522.1333,  1.00000000,1,0,0.0,0.5
2522.1667,  1.00000000,1,0,0.0,0.5
2522.2000,  1.00000000,1,0,0.0,0.5
2522.2333,  1.00000000,1,0,0.0,0.5
2522.2667,  1.00000000,1,0,0.0,0.5
2522.3000,  1.00000000,1,0,0.0,0.5
2522.3333,  1.00000000,1,0,0.0,0.5
2522.3667,  1.00000000,1,0,0.0,0.5
2522.4000,  1.00000000,1,0,0.0,0.5
2522.4333,  1.00000000,1,0,0.0,0.5
2522.4667,  1.00000000,1,0,0.0,0.5
2522.5000,  1.00000000,1,0,0.0,0.5
2522.5333,  1.00000000,1,0,0.0,0.5
2522.5667,  1.00000000,1,0,0.0,0.5
2522.6000,  1.00000000,1,0,0.0,0.5
2522.6333,  1.00000000,1,0,0.0,0.5
2522.6667,  1.00000000,1,0,0.0,0.5
2522.7000,  1.00000000,1,0,0.0,0.5
2522.7333,  1.00000000,1,0,0.0,0.5
2522.7667,  1.00000000,1,0,0.0,0.5
2522.8000,  1.00000000,1,0,0.0,0.5
2522.8333,  1.00000000,1,0,0.0,0.5
2522.8667,  1.00000000,1,0,0.0,0.5
2522.9000,  1.00000000,1,0,0.0,0.5
2522.9333,  1.00000000,1,0,0.0,0.5
2522.9667,  1.00000000,1,0,0.0,0.5
2523.0000,  1.00000000,1,0,0.0,0.5
2523.0333,  1.00000000,1,0,0.0,0.5
2523.0667,  1.00000000,1,0,0.0,0.5
2523.1000,  1.00000000,1,0,0.0,0.5
2523.1333,  1.00000000,1,0,0.0,0.5
2523.1667,  1.00000000,1,0,0.0,0.5
2523.2000,  1.00000000,1,0,0.0,0.5
2523.2333,  1.00000000,1,0,0.0,0.5
2523.2667,  1.00000000,1,0,0.0,0.5
2523.3000,  1.00000000,1,0,0.0,0.5
2523.3333,  1.00000000,1,0,0.0,0.5
2523.3667,  1.00000000,1,0,0.0,0.5
2523.4000,  1.00000000,1,0,0.0,0.5
2523.4333,  1.00000000,1,0,0.0,0.5
2523.4667,  1.00000000,1,0,0.0,0.5
2523.5000,  1.00000000,1,0,0.0,0.5
2523.5333,  1.00000000,1,0,0.0,0.5
2523.5667,  1.00000000,1,0,0.0,0.5
2523.6000,  1.00000000,1,0,0.0,0.5
2523.6333,  1.00000000,1,0,0.0,0.5
2523.6667,  1.00000000,1,0,0.0,0.5
2523.7000,  1.00000000,1,0,0.0,0.5
2523.7333,  1.00000000,1,0,0.0,0.5
2523.7667,  1.00000000,1,0,0.0,0.5
2523.8000,  1.00000000,1,0,0.0,0.5
2523.8333,  1.00000000,1,0,0.0,0.5
2523.8667,  1.00000000,1,0,0.0,0.5
2523.9000,  1.00000000,1,0,0.0,0.5
2523.9333,  1.00000000,1,0,0.025000000000000001,0.5
2523.9667,  1.00000000,1,0,0.0,0.5
2524.0000,  1.00000000,1,0,0.0,0.5
2524.0333,  1.00000000,1,0,0.025000000000000001,0.5
2524.0667,  1.00000000,1,0,0.0,0.5
2524.1000,  1.00000000,1,0,0.0,0.5
2524.1333,  1.00000000,1,0,0.0,0.5
2524.1667,  1.00000000,1,0,0.0,0.5
2524.2000,  1.00000000,1,0,0.0,0.5
2524.2333,  1.00000000,1,0,0.0,0.5
2524.2667,  1.00000000,1,0,0.0,0.5
2524.3000,  1.00000000,1,0,0.0,0.5
2524.3333,  1.00000000,1,0,0.025000000000000001,0.5
2524.3667,  1.00000000,1,0,0.0,0.5
2524.4000,  1.00000000,1,0,0.0,0.5
2524.4333,  1.00000000,1,0,0.0,0.5
2524.4667,  1.00000000,1,0,0.0,0.5
2524.5000,  1.00000000,1,0,0.0,0.5
2524.5333,  1.00000000,1,0,0.0,0.5
2524.5667,  1.00000000,1,0,0.025000000000000001,0.5
2524.6000,  1.00000000,1,0,0.0,0.5
2524.6333,  1.00000000,1,0,0.0,0.5
2524.6667,  1.00000000,1,0,0.0,0.5
2524.7000,  1.00000000,1,0,0.0,0.5
2524.7333,  1.00000000,1,0,0.0,0.5
2524.7667,  1.00000000,1,0,0.0,0.5
2524.8000,  1.00000000,1,0,0.0,0.5
2524.8333,  1.00000000,1,0,0.0,0.5
2524.8667,  1.00000000,1,0,0.0,0.5
2524.9000,  1.00000000,1,0,0.0,0.5
2524.9333,  1.00000000,1,0,0.050000000000000003,0.5
2524.9667,  1.00000000,1,0,0.0,0.5
2525.0000,  1.00000000,1,0,0.0,0.5
2525.0333,  1.00000000,1,0,0.0,0.5
2525.0667,  1.00000000,1,0,0.0,0.5
2525.1000,  1.00000000,1,0,0.0,0.5
2525.1333,  1.00000000,1,0,0.0,0.5
2525.1667,  1.00000000,1,0,0.0,0.5
2525.2000,  1.00000000,1,0,0.025000000000000001,0.5
2525.2333,  1.00000000,1,0,0.0,0.5
2525.2667,  1.00000000,1,0,0.0,0.5
2525.3000,  1.00000000,1,0,0.0,0.5
2525.3333,  1.00000000,1,0,0.0,0.5
2525.3667,  1.00000000,1,0,0.0,0.5
2525.4000,  1.00000000,1,0,0.0,0.5
2525.4333,  1.00000000,1,0,0.025000000000000001,0.5
2525.4667,  1.00000000,1,0,0.0,0.5
2525.5000,  1.00000000,1,0,0.0,0.5
2525.5333,  1.00000000,1,0,0.0,0.5
2525.5667,  1.00000000,1,0,0.0,0.5
2525.6000,  1.00000000,1,0,0.0,0.5
2525.6333,  1.00000000,1,0,0.0,0.5
2525.6667,  1.00000000,1,0,0.0,0.5
2525.7000,  1.00000000,1,0,0.0,0.5
2525.7333,  1.00000000,1,0,0.0,0.5
2525.7667,  1.00000000,1,0,0.0,0.5
2525.8000,  1.00000000,1,0,0.0,0.5
2525.8333,  1.00000000,1,0,0.0,0.5
2525.8667,  1.00000000,1,0,0.0,0.5
2525.9000,  1.00000000,1,0,0.0,0.5
2525.9333,  1.00000000,1,0,0.0,0.5
2525.9667,  1.00000000,1,0,0.0,0.5
2526.0000,  1.00000000,1,0,0.0,0.5
2526.0333,  1.00000000,1,0,0.0,0.5
2526.0667,  1.00000000,1,0,0.0,0.5
2526.1000,  1.00000000,1,0,0.0,0.5
2526.1333,  1.00000000,1,0,0.0,0.5
2526.1667,  1.00000000,1,0,0.0,0.5
2526.2000,  1.00000000,1,0,0.0,0.5
2526.2333,  1.00000000,1,0,0.0,0.5
2526.2667,  1.00000000,1,0,0.0,0.5
2526.3000,  1.00000000,1,0,0.0,0.5
2526.3333,  1.00000000,1,0,0.0,0.5
2526.3667,  1.00000000,1,0,0.0,0.5
2526.4000,  1.00000000,1,0,0.0,0.5
2526.4333,  1.00000000,1,0,0.0,0.5
2526.4667,  1.00000000,1,0,0.0,0.5
2526.5000,  1.00000000,1,0,0.0,0.5
2526.5333,  1.00000000,1,0,0.0,0.5
2526.5667,  1.00000000,1,0,0.0,0.5
2526.6000,  1.00000000,1,0,0.025000000000000001,0.5
2526.6333,  1.00000000,1,0,0.0,0.5
2526.6667,  1.00000000,1,0,0.0,0.5
2526.7000,  1.00000000,1,0,0.0,0.5
2526.7333,  1.00000000,1,0,0.0,0.5
2526.7667,  1.00000000,1,0,0.0,0.5
2526.8000,  1.00000000,1,0,0.0,0.5
2526.8333,  1.00000000,1,0,0.0,0.5
2526.8667,  1.00000000,1,0,0.0,0.5
2526.9000,  1.00000000,1,0,0.0,0.5
2526.9333,  1.00000000,1,0,0.0,0.5
2526.9667,  1.00000000,1,0,0.0,0.5
2527.0000,  1.00000000,1,0,0.0,0.5
2527.0333,  1.00000000,1,0,0.0,0.5
2527.0667,  1.00000000,1,0,0.0,0.5
2527.1000,  1.00000000,1,0,0.0,0.5
2527.1333,  1.00000000,1,0,0.0,0.5
2527.1667,  1.00000000,1,0,0.0,0.5
2527.2000,  1.00000000,1,0,0.0,0.5
2527.2333,  1.00000000,1,0,0.0,0.5
2527.2667,  1.00000000,1,0,0.0,0.5
2527.3000,  1.00000000,1,0,0.0,0.5
2527.3333,  1.00000000,1,0,0.0,0.5
2527.3667,  1.00000000,1,0,0.0,0.5
2527.4000,  1.00000000,1,0,0.0,0.5
2527.4333,  1.00000000,1,0,0.0,0.5
2527.4667,  1.00000000,1,0,0.0,0.5
2527.5000,  1.00000000,1,0,0.0,0.5
2527.5333,  1.00000000,1,0,0.0,0.5
2527.5667,  1.00000000,1,0,0.0,0.5
2527.6000,  1.00000000,1,0,0.0,0.5
2527.6333,  1.00000000,1,0,0.0,0.5
2527.6667,  1.00000000,1,0,0.0,0.5
2527.7000,  1.00000000,1,0,0.0,0.5
2527.7333,  1.00000000,1,0,0.0,0.5
2527.7667,  1.00000000,1,0,0.0,0.5
2527.8000,  1.00000000,1,0,0.0,0.5
2527.8333,  1.00000000,1,0,0.025000000000000001,0.5
2527.8667,  1.00000000,1,0,0.0,0.5
2527.9000,  1.00000000,1,0,0.0,0.5
2527.9333,  1.00000000,1,0,0.0,0.5
2527.9667,  1.00000000,1,0,0.0,0.5
2528.0000,  1.00000000,1,0,0.0,0.5
2528.0333,  1.00000000,1,0,0.0,0.5
2528.0667,  1.00000000,1,0,0.0,0.5
2528.1000,  1.00000000,1,0,0.0,0.5
2528.1333,  1.00000000,1,0,0.0,0.5
2528.1667,  1.00000000,1,0,0.0,0.5
2528.2000,  1.00000000,1,0,0.0,0.5
2528.2333,  1.00000000,1,0,0.0,0.5
2528.2667,  1.00000000,1,0,0.0,0.5
2528.3000,  1.00000000,1,0,0.0,0.5
2528.3333,  1.00000000,1,0,0.025000000000000001,0.5
2528.3667,  1.00000000,1,0,0.0,0.5
2528.4000,  1.00000000,1,0,0.0,0.5
2528.4333,  1.00000000,1,0,0.0,0.5
2528.4667,  1.00000000,1,0,0.0,0.5
2528.5000,  1.00000000,1,0,0.0,0.5
2528.5333,  1.00000000,1,0,0.0,0.5
2528.5667,  1.00000000,1,0,0.0,0.5
2528.6000,  1.00000000,1,0,0.0,0.5
2528.6333,  1.00000000,1,0,0.0,0.5
2528.6667,  1.00000000,1,0,0.0,0.5
2528.7000,  1.00000000,1,0,0.0,0.5
2528.7333,  1.00000000,1,0,0.0,0.5
2528.7667,  1.00000000,1,0,0.0,0.5
2528.8000,  1.00000000,1,0,0.0,0.5
2528.8333,  1.00000000,1,0,0.0,0.5
2528.8667,  1.00000000,1,0,0.0,0.5
2528.9000,  1.00000000,1,0,0.0,0.5
2528.9333,  1.00000000,1,0,0.0,0.5
2528.9667,  1.00000000,1,0,0.0,0.5
2529.0000,  1.00000000,1,0,0.0,0.5
2529.0333,  1.00000000,1,0,0.0,0.5
2529.0667,  1.00000000,1,0,0.0,0.5
2529.1000,  1.00000000,1,0,0.0,0.5
2529.1333,  1.00000000,1,0,0.0,0.5
2529.1667,  1.00000000,1,0,0.025000000000000001,0.5
2529.2000,  1.00000000,1,0,0.0,0.5
2529.2333,  1.00000000,1,0,0.025000000000000001,0.5
2529.2667,  1.00000000,1,0,0.0,0.5
2529.3000,  1.00000000,1,0,0.0,0.5
2529.3333,  1.00000000,1,0,0.0,0.5
2529.3667,  1.00000000,1,0,0.0,0.5
2529.4000,  1.00000000,1,0,0.0,0.5
2529.4333,  1.00000000,1,0,0.025000000000000001,0.5
2529.4667,  1.00000000,1,0,0.0,0.5
2529.5000,  1.00000000,1,0,0.0,0.5
2529.5333,  1.00000000,1,0,0.025000000000000001,0.5
2529.5667,  1.00000000,1,0,0.0,0.5
2529.6000,  1.00000000,1,0,0.0,0.5
2529.6333,  1.00000000,1,0,0.0,0.5
2529.6667,  1.00000000,1,0,0.0,0.5
2529.7000,  1.00000000,1,0,0.0,0.5
2529.7333,  1.00000000,1,0,0.0,0.5
2529.7667,  1.00000000,1,0,0.0,0.5
2529.8000,  1.00000000,1,0,0.0,0.5
2529.8333,  1.00000000,1,0,0.0,0.5
2529.8667,  1.00000000,1,0,0.0,0.5
2529.9000,  1.00000000,1,0,0.0,0.5
2529.9333,  1.00000000,1,0,0.025000000000000001,0.5
2529.9667,  1.00000000,1,0,0.0,0.5
2530.0000,  1.00000000,1,0,0.0,0.5
2530.0333,  1.00000000,1,0,0.0,0.5
2530.0667,  1.00000000,1,0,0.0,0.5
2530.1000,  1.00000000,1,0,0.0,0.5
2530.1333,  1.00000000,1,0,0.0,0.5
2530.1667,  1.00000000,1,0,0.0,0.5
2530.2000,  1.00000000,1,0,0.0,0.5
2530.2333,  1.00000000,1,0,0.0,0.5
2530.2667,  1.00000000,1,0,0.0,0.5
2530.3000,  1.00000000,1,0,0.0,0.5
2530.3333,  1.00000000,1,0,0.0,0.5
2530.3667,  1.00000000,1,0,0.0,0.5
2530.4000,  1.00000000,1,0,0.0,0.5
2530.4333,  1.00000000,1,0,0.0,0.5
2530.4667,  1.00000000,1,0,0.0,0.5
2530.5000,  1.00000000,1,0,0.0,0.5
2530.5333,  1.00000000,1,0,0.0,0.5
2530.5667,  1.00000000,1,0,0.0,0.5
2530.6000,  1.00000000,1,0,0.0,0.5
2530.6333,  1.00000000,1,0,0.0,0.5
2530.6667,  1.00000000,1,0,0.0,0.5
2530.7000,  1.00000000,1,0,0.0,0.5
2530.7333,  1.00000000,1,0,0.0,0.5
2530.7667,  1.00000000,1,0,0.0,0.5
2530.8000,  1.00000000,1,0,0.0,0.5
2530.8333,  1.00000000,1,0,0.0,0.5
2530.8667,  1.00000000,1,0,0.025000000000000001,0.5
2530.9000,  1.00000000,1,0,0.0,0.5
2530.9333,  1.00000000,1,0,0.0,0.5
2530.9667,  1.00000000,1,0,0.0,0.5
2531.0000,  1.00000000,1,0,0.0,0.5
2531.0333,  1.00000000,1,0,0.0,0.5
2531.0667,  1.00000000,1,0,0.0,0.5
2531.1000,  1.00000000,1,0,0.0,0.5
2531.1333,  1.00000000,1,0,0.0,0.5
2531.1667,  1.00000000,1,0,0.0,0.5
2531.2000,  1.00000000,1,0,0.0,0.5
2531.2333,  1.00000000,1,0,0.0,0.5
2531.2667,  1.00000000,1,0,0.0,0.5
2531.3000,  1.00000000,1,0,0.0,0.5
2531.3333,  1.00000000,1,0,0.0,0.5
2531.3667,  1.00000000,1,0,0.0,0.5
2531.4000,  1.00000000,1,0,0.0,0.5
2531.4333,  1.00000000,1,0,0.0,0.5
2531.4667,  1.00000000,1,0,0.0,0.5
2531.5000,  1.00000000,1,0,0.0,0.5
2531.5333,  1.00000000,1,0,0.0,0.5
2531.5667,  1.00000000,1,0,0.0,0.5
2531.6000,  1.00000000,1,0,0.0,0.5
2531.6333,  1.00000000,1,0,0.0,0.5
2531.6667,  1.00000000,1,0,0.0,0.5
2531.7000,  1.00000000,1,0,0.0,0.5
2531.7333,  1.00000000,1,0,0.0,0.5
2531.7667,  1.00000000,1,0,0.0,0.5
2531.8000,  1.00000000,1,0,0.0,0.5
2531.8333,  1.00000000,1,0,0.0,0.5
2531.8667,  1.00000000,1,0,0.0,0.5
2531.9000,  1.00000000,1,0,0.0,0.5
2531.9333,  1.00000000,1,0,0.0,0.5
2531.9667,  1.00000000,1,0,0.0,0.5
2532.0000,  1.00000000,1,0,0.025000000000000001,0.5
2532.0333,  1.00000000,1,0,0.0,0.5
2532.0667,  1.00000000,1,0,0.0,0.5
2532.1000,  1.00000000,1,0,0.0,0.5
2532.1333,  1.00000000,1,0,0.0,0.5
2532.1667,  1.00000000,1,0,0.0,0.5
2532.2000,  1.00000000,1,0,0.0,0.5
2532.2333,  1.00000000,1,0,0.0,0.5
2532.2667,  1.00000000,1,0,0.025000000000000001,0.5
2532.3000,  1.00000000,1,0,0.0,0.5
2532.3333,  1.00000000,1,0,0.0,0.5
2532.3667,  1.00000000,1,0,0.0,0.5
2532.4000,  1.00000000,1,0,0.0,0.5
2532.4333,  1.00000000,1,0,0.0,0.5
2532.4667,  1.00000000,1,0,0.0,0.5
2532.5000,  1.00000000,1,0,0.0,0.5
2532.5333,  1.00000000,1,0,0.0,0.5
2532.5667,  1.00000000,1,0,0.0,0.5
2532.6000,  1.00000000,1,0,0.0,0.5
2532.6333,  1.00000000,1,0,0.0,0.5
2532.6667,  1.00000000,1,0,0.0,0.5
2532.7000,  1.00000000,1,0,0.0,0.5
2532.7333,  1.00000000,1,0,0.0,0.5
2532.7667,  1.00000000,1,0,0.0,0.5
2532.8000,  1.00000000,1,0,0.0,0.5
2532.8333,  1.00000000,1,0,0.0,0.5
2532.8667,  1.00000000,1,0,0.0,0.5
2532.9000,  1.00000000,1,0,0.0,0.5
2532.9333,  1.00000000,1,0,0.0,0.5
2532.9667,  1.00000000,1,0,0.0,0.5
2533.0000,  1.00000000,1,0,0.0,0.5
2533.0333,  1.00000000,1,0,0.0,0.5
2533.0667,  1.00000000,1,0,0.0,0.5
2533.1000,  1.00000000,1,0,0.0,0.5
2533.1333,  1.00000000,1,0,0.0,0.5
2533.1667,  1.00000000,1,0,0.0,0.5
2533.2000,  1.00000000,1,0,0.0,0.5
2533.2333,  1.00000000,1,0,0.0,0.5
2533.2667,  1.00000000,1,0,0.0,0.5
2533.3000,  1.00000000,1,0,0.0,0.5
2533.3333,  1.00000000,1,0,0.025000000000000001,0.5
2533.3667,  1.00000000,1,0,0.0,0.5
2533.4000,  1.00000000,1,0,0.0,0.5
2533.4333,  1.00000000,1,0,0.0,0.5
2533.4667,  1.00000000,1,0,0.0,0.5
2533.5000,  1.00000000,1,0,0.0,0.5
2533.5333,  1.00000000,1,0,0.0,0.5
2533.5667,  1.00000000,1,0,0.0,0.5
2533.6000,  1.00000000,1,0,0.0,0.5
2533.6333,  1.00000000,1,0,0.0,0.5
2533.6667,  1.00000000,1,0,0.0,0.5
2533.7000,  1.00000000,1,0,0.025000000000000001,0.5
2533.7333,  1.00000000,1,0,0.0,0.5
2533.7667,  1.00000000,1,0,0.0,0.5
2533.8000,  1.00000000,1,0,0.0,0.5
2533.8333,  1.00000000,1,0,0.0,0.5
2533.8667,  1.00000000,1,0,0.0,0.5
2533.9000,  1.00000000,1,0,0.0,0.5
2533.9333,  1.00000000,1,0,0.0,0.5
2533.9667,  1.00000000,1,0,0.0,0.5
2534.0000,  1.00000000,1,0,0.0,0.5
2534.0333,  1.00000000,1,0,0.0,0.5
2534.0667,  1.00000000,1,0,0.0,0.5
2534.1000,  1.00000000,1,0,0.0,0.5
2534.1333,  1.00000000,1,0,0.0,0.5
2534.1667,  1.00000000,1,0,0.0,0.5
2534.2000,  1.00000000,1,0,0.0,0.5
2534.2333,  1.00000000,1,0,0.0,0.5
2534.2667,  1.00000000,1,0,0.0,0.5
2534.3000,  1.00000000,1,0,0.0,0.5
2534.3333,  1.00000000,1,0,0.0,0.5
2534.3667,  1.00000000,1,0,0.0,0.5
2534.4000,  1.00000000,1,0,0.0,0.5
2534.4333,  1.00000000,1,0,0.0,0.5
2534.4667,  1.00000000,1,0,0.0,0.5
2534.5000,  1.00000000,1,0,0.0,0.5
2534.5333,  1.00000000,1,0,0.0,0.5
2534.5667,  1.00000000,1,0,0.0,0.5
2534.6000,  1.00000000,1,0,0.0,0.5
2534.6333,  1.00000000,1,0,0.0,0.5
2534.6667,  1.00000000,1,0,0.0,0.5
2534.7000,  1.00000000,1,0,0.0,0.5
2534.7333,  1.00000000,1,0,0.0,0.5
2534.7667,  1.00000000,1,0,0.0,0.5
2534.8000,  1.00000000,1,0,0.0,0.5
2534.8333,  1.00000000,1,0,0.0,0.5
2534.8667,  1.00000000,1,0,0.0,0.5
2534.9000,  1.00000000,1,0,0.0,0.5
2534.9333,  1.00000000,1,0,0.0,0.5
2534.9667,  1.00000000,1,0,0.0,0.5
2535.0000,  1.00000000,1,0,0.0,0.5
2535.0333,  1.00000000,1,0,0.0,0.5
2535.0667,  1.00000000,1,0,0.0,0.5
2535.1000,  1.00000000,1,0,0.0,0.5
2535.1333,  1.00000000,1,0,0.0,0.5
2535.1667,  1.00000000,1,0,0.0,0.5
2535.2000,  1.00000000,1,0,0.0,0.5
2535.2333,  1.00000000,1,0,0.0,0.5
2535.2667,  1.00000000,1,0,0.0,0.5
2535.3000,  1.00000000,1,0,0.0,0.5
2535.3333,  1.00000000,1,0,0.0,0.5
2535.3667,  1.00000000,1,0,0.0,0.5
2535.4000,  1.00000000,1,0,0.0,0.5
2535.4333,  1.00000000,1,0,0.0,0.5
2535.4667,  1.00000000,1,0,0.0,0.5
2535.5000,  1.00000000,1,0,0.0,0.5
2535.5333,  1.00000000,1,0,0.0,0.5
2535.5667,  1.00000000,1,0,0.0,0.5
2535.6000,  1.00000000,1,0,0.0,0.5
2535.6333,  1.00000000,1,0,0.0,0.5
2535.6667,  1.00000000,1,0,0.0,0.5
2535.7000,  1.00000000,1,0,0.0,0.5
2535.7333,  1.00000000,1,0,0.0,0.5
2535.7667,  1.00000000,1,0,0.0,0.5
2535.8000,  1.00000000,1,0,0.0,0.5
2535.8333,  1.00000000,1,0,0.0,0.5
2535.8667,  1.00000000,1,0,0.0,0.5
2535.9000,  1.00000000,1,0,0.0,0.5
2535.9333,  1.00000000,1,0,0.025000000000000001,0.5
2535.9667,  1.00000000,1,0,0.0,0.5
2536.0000,  1.00000000,1,0,0.0,0.5
2536.0333,  1.00000000,1,0,0.0,0.5
2536.0667,  1.00000000,1,0,0.025000000000000001,0.5
2536.1000,  1.00000000,1,0,0.0,0.5
2536.1333,  1.00000000,1,0,0.0,0.5
2536.1667,  1.00000000,1,0,0.0,0.5
2536.2000,  1.00000000,1,0,0.0,0.5
2536.2333,  1.00000000,1,0,0.0,0.5
2536.2667,  1.00000000,1,0,0.0,0.5
2536.3000,  1.00000000,1,0,0.0,0.5
2536.3333,  1.00000000,1,0,0.0,0.5
2536.3667,  1.00000000,1,0,0.0,0.5
2536.4000,  1.00000000,1,0,0.0,0.5
2536.4333,  1.00000000,1,0,0.0,0.5
2536.4667,  1.00000000,1,0,0.0,0.5
2536.5000,  1.00000000,1,0,0.0,0.5
2536.5333,  1.00000000,1,0,0.0,0.5
2536.5667,  1.00000000,1,0,0.0,0.5
2536.6000,  1.00000000,1,0,0.0,0.5
2536.6333,  1.00000000,1,0,0.0,0.5
2536.6667,  1.00000000,1,0,0.0,0.5
2536.7000,  1.00000000,1,0,0.0,0.5
2536.7333,  1.00000000,1,0,0.0,0.5
2536.7667,  1.00000000,1,0,0.0,0.5
2536.8000,  1.00000000,1,0,0.0,0.5
2536.8333,  1.00000000,1,0,0.0,0.5
2536.8667,  1.00000000,1,0,0.0,0.5
2536.9000,  1.00000000,1,0,0.0,0.5
2536.9333,  1.00000000,1,0,0.0,0.5
2536.9667,  1.00000000,1,0,0.025000000000000001,0.5
2537.0000,  1.00000000,1,0,0.0,0.5
2537.0333,  1.00000000,1,0,0.0,0.5
2537.0667,  1.00000000,1,0,0.0,0.5
2537.1000,  1.00000000,1,0,0.0,0.5
2537.1333,  1.00000000,1,0,0.0,0.5
2537.1667,  1.00000000,1,0,0.0,0.5
2537.2000,  1.00000000,1,0,0.0,0.5
2537.2333,  1.00000000,1,0,0.0,0.5
2537.2667,  1.00000000,1,0,0.0,0.5
2537.3000,  1.00000000,1,0,0.0,0.5
2537.3333,  1.00000000,1,0,0.025000000000000001,0.5
2537.3667,  1.00000000,1,0,0.025000000000000001,0.5
2537.4000,  1.00000000,1,0,0.0,0.5
2537.4333,  1.00000000,1,0,0.0,0.5
2537.4667,  1.00000000,1,0,0.0,0.5
2537.5000,  1.00000000,1,0,0.0,0.5
2537.5333,  1.00000000,1,0,0.0,0.5
2537.5667,  1.00000000,1,0,0.0,0.5
2537.6000,  1.00000000,1,0,0.0,0.5
2537.6333,  1.00000000,1,0,0.025000000000000001,0.5
2537.6667,  1.00000000,1,0,0.0,0.5
2537.7000,  1.00000000,1,0,0.0,0.5
2537.7333,  1.00000000,1,0,0.0,0.5
2537.7667,  1.00000000,1,0,0.0,0.5
2537.8000,  1.00000000,1,0,0.0,0.5
2537.8333,  1.00000000,1,0,0.0,0.5
2537.8667,  1.00000000,1,0,0.0,0.5
2537.9000,  1.00000000,1,0,0.0,0.5
2537.9333,  1.00000000,1,0,0.025000000000000001,0.5
2537.9667,  1.00000000,1,0,0.0,0.5
2538.0000,  1.00000000,1,0,0.0,0.5
2538.0333,  1.00000000,1,0,0.025000000000000001,0.5
2538.0667,  1.00000000,1,0,0.0,0.5
2538.1000,  1.00000000,1,0,0.0,0.5
2538.1333,  1.00000000,1,0,0.0,0.5
2538.1667,  1.00000000,1,0,0.0,0.5
2538.2000,  1.00000000,1,0,0.0,0.5
2538.2333,  1.00000000,1,0,0.0,0.5
2538.2667,  1.00000000,1,0,0.0,0.5
2538.3000,  1.00000000,1,0,0.0,0.5
2538.3333,  1.00000000,1,0,0.0,0.5
2538.3667,  1.00000000,1,0,0.0,0.5
2538.4000,  1.00000000,1,0,0.0,0.5
2538.4333,  1.00000000,1,0,0.0,0.5
2538.4667,  1.00000000,1,0,0.0,0.5
2538.5000,  1.00000000,1,0,0.0,0.5
2538.5333,  1.00000000,1,0,0.0,0.5
2538.5667,  1.00000000,1,0,0.0,0.5
2538.6000,  1.00000000,1,0,0.0,0.5
2538.6333,  1.00000000,1,0,0.0,0.5
2538.6667,  1.00000000,1,0,0.0,0.5
2538.7000,  1.00000000,1,0,0.0,0.5
2538.7333,  1.00000000,1,0,0.0,0.5
2538.7667,  1.00000000,1,0,0.0,0.5
2538.8000,  1.00000000,1,0,0.0,0.5
2538.8333,  1.00000000,1,0,0.0,0.5
2538.8667,  1.00000000,1,0,0.0,0.5
2538.9000,  1.00000000,1,0,0.0,0.5
2538.9333,  1.00000000,1,0,0.0,0.5
2538.9667,  1.00000000,1,0,0.0,0.5
2539.0000,  1.00000000,1,0,0.0,0.5
2539.0333,  1.00000000,1,0,0.0,0.5
2539.0667,  1.00000000,1,0,0.0,0.5
2539.1000,  1.00000000,1,0,0.0,0.5
2539.1333,  1.00000000,1,0,0.0,0.5
2539.1667,  1.00000000,1,0,0.0,0.5
2539.2000,  1.00000000,1,0,0.0,0.5
2539.2333,  1.00000000,1,0,0.0,0.5
2539.2667,  1.00000000,1,0,0.025000000000000001,0.5
2539.3000,  1.00000000,1,0,0.0,0.5
2539.3333,  1.00000000,1,0,0.0,0.5
2539.3667,  1.00000000,1,0,0.0,0.5
2539.4000,  1.00000000,1,0,0.0,0.5
2539.4333,  1.00000000,1,0,0.0,0.5
2539.4667,  1.00000000,1,0,0.0,0.5
2539.5000,  1.00000000,1,0,0.0,0.5
2539.5333,  1.00000000,1,0,0.0,0.5
2539.5667,  1.00000000,1,0,0.0,0.5
2539.6000,  1.00000000,1,0,0.025000000000000001,0.5
2539.6333,  1.00000000,1,0,0.0,0.5
2539.6667,  1.00000000,1,0,0.0,0.5
2539.7000,  1.00000000,1,0,0.0,0.5
2539.7333,  1.00000000,1,0,0.0,0.5
2539.7667,  1.00000000,1,0,0.0,0.5
2539.8000,  1.00000000,1,0,0.0,0.5
2539.8333,  1.00000000,1,0,0.0,0.5
2539.8667,  1.00000000,1,0,0.0,0.5
2539.9000,  1.00000000,1,0,0.0,0.5
2539.9333,  1.00000000,1,0,0.0,0.5
2539.9667,  1.00000000,1,0,0.0,0.5
2540.0000,  1.00000000,1,0,0.0,0.5
2540.0333,  1.00000000,1,0,0.0,0.5
2540.0667,  1.00000000,1,0,0.0,0.5
2540.1000,  1.00000000,1,0,0.0,0.5
2540.1333,  1.00000000,1,0,0.0,0.5
2540.1667,  1.00000000,1,0,0.0,0.5
2540.2000,  1.00000000,1,0,0.0,0.5
2540.2333,  1.00000000,1,0,0.0,0.5
2540.2667,  1.00000000,1,0,0.0,0.5
2540.3000,  1.00000000,1,0,0.0,0.5
2540.3333,  1.00000000,1,0,0.0,0.5
2540.3667,  1.00000000,1,0,0.0,0.5
2540.4000,  1.00000000,1,0,0.0,0.5
2540.4333,  1.00000000,1,0,0.0,0.5
2540.4667,  1.00000000,1,0,0.0,0.5
2540.5000,  1.00000000,1,0,0.0,0.5
2540.5333,  1.00000000,1,0,0.0,0.5
2540.5667,  1.00000000,1,0,0.0,0.5
2540.6000,  1.00000000,1,0,0.0,0.5
2540.6333,  1.00000000,1,0,0.0,0.5
2540.6667,  1.00000000,1,0,0.0,0.5
2540.7000,  1.00000000,1,0,0.0,0.5
2540.7333,  1.00000000,1,0,0.0,0.5
2540.7667,  1.00000000,1,0,0.0,0.5
2540.8000,  1.00000000,1,0,0.0,0.5
2540.8333,  1.00000000,1,0,0.0,0.5
2540.8667,  1.00000000,1,0,0.0,0.5
2540.9000,  1.00000000,1,0,0.0,0.5
2540.9333,  1.00000000,1,0,0.0,0.5
2540.9667,  1.00000000,1,0,0.0,0.5
2541.0000,  1.00000000,1,0,0.0,0.5
2541.0333,  1.00000000,1,0,0.0,0.5
2541.0667,  1.00000000,1,0,0.0,0.5
2541.1000,  1.00000000,1,0,0.0,0.5
2541.1333,  1.00000000,1,0,0.0,0.5
2541.1667,  1.00000000,1,0,0.0,0.5
2541.2000,  1.00000000,1,0,0.0,0.5
2541.2333,  1.00000000,1,0,0.0,0.5
2541.2667,  1.00000000,1,0,0.025000000000000001,0.5
2541.3000,  1.00000000,1,0,0.0,0.5
2541.3333,  1.00000000,1,0,0.0,0.5
2541.3667,  1.00000000,1,0,0.0,0.5
2541.4000,  1.00000000,1,0,0.0,0.5
2541.4333,  1.00000000,1,0,0.0,0.5
2541.4667,  1.00000000,1,0,0.0,0.5
2541.5000,  1.00000000,1,0,0.0,0.5
2541.5333,  1.00000000,1,0,0.0,0.5
2541.5667,  1.00000000,1,0,0.0,0.5
2541.6000,  1.00000000,1,0,0.0,0.5
2541.6333,  1.00000000,1,0,0.0,0.5
2541.6667,  1.00000000,1,0,0.0,0.5
2541.7000,  1.00000000,1,0,0.0,0.5
2541.7333,  1.00000000,1,0,0.0,0.5
2541.7667,  1.00000000,1,0,0.0,0.5
2541.8000,  1.00000000,1,0,0.0,0.5
2541.8333,  1.00000000,1,0,0.0,0.5
2541.8667,  1.00000000,1,0,0.0,0.5
2541.9000,  1.00000000,1,0,0.0,0.5
2541.9333,  1.00000000,1,0,0.0,0.5
2541.9667,  1.00000000,1,0,0.025000000000000001,0.5
2542.0000,  1.00000000,1,0,0.0,0.5
2542.0333,  1.00000000,1,0,0.0,0.5
2542.0667,  1.00000000,1,0,0.0,0.5
2542.1000,  1.00000000,1,0,0.025000000000000001,0.5
2542.1333,  1.00000000,1,0,0.0,0.5
2542.1667,  1.00000000,1,0,0.0,0.5
2542.2000,  1.00000000,1,0,0.0,0.5
2542.2333,  1.00000000,1,0,0.0,0.5
2542.2667,  1.00000000,1,0,0.0,0.5
2542.3000,  1.00000000,1,0,0.0,0.5
2542.3333,  1.00000000,1,0,0.0,0.5
2542.3667,  1.00000000,1,0,0.0,0.5
2542.4000,  1.00000000,1,0,0.0,0.5
2542.4333,  1.00000000,1,0,0.0,0.5
2542.4667,  1.00000000,1,0,0.0,0.5
2542.5000,  1.00000000,1,0,0.0,0.5
2542.5333,  1.00000000,1,0,0.0,0.5
2542.5667,  1.00000000,1,0,0.0,0.5
2542.6000,  1.00000000,1,0,0.0,0.5
2542.6333,  1.00000000,1,0,0.025000000000000001,0.5
2542.6667,  1.00000000,1,0,0.0,0.5
2542.7000,  1.00000000,1,0,0.0,0.5
2542.7333,  1.00000000,1,0,0.0,0.5
2542.7667,  1.00000000,1,0,0.0,0.5
2542.8000,  1.00000000,1,0,0.0,0.5
2542.8333,  1.00000000,1,0,0.0,0.5
2542.8667,  1.00000000,1,0,0.0,0.5
2542.9000,  1.00000000,1,0,0.0,0.5
2542.9333,  1.00000000,1,0,0.0,0.5
2542.9667,  1.00000000,1,0,0.0,0.5
2543.0000,  1.00000000,1,0,0.0,0.5
2543.0333,  1.00000000,1,0,0.0,0.5
2543.0667,  1.00000000,1,0,0.0,0.5
2543.1000,  1.00000000,1,0,0.0,0.5
2543.1333,  1.00000000,1,0,0.0,0.5
2543.1667,  1.00000000,1,0,0.0,0.5
2543.2000,  1.00000000,1,0,0.0,0.5
2543.2333,  1.00000000,1,0,0.0,0.5
2543.2667,  1.00000000,1,0,0.0,0.5
2543.3000,  1.00000000,1,0,0.0,0.5
2543.3333,  1.00000000,1,0,0.0,0.5
2543.3667,  1.00000000,1,0,0.0,0.5
2543.4000,  1.00000000,1,0,0.0,0.5
2543.4333,  1.00000000,1,0,0.0,0.5
2543.4667,  1.00000000,1,0,0.0,0.5
2543.5000,  1.00000000,1,0,0.0,0.5
2543.5333,  1.00000000,1,0,0.0,0.5
2543.5667,  1.00000000,1,0,0.0,0.5
2543.6000,  1.00000000,1,0,0.0,0.5
2543.6333,  1.00000000,1,0,0.0,0.5
2543.6667,  1.00000000,1,0,0.0,0.5
2543.7000,  1.00000000,1,0,0.025000000000000001,0.5
2543.7333,  1.00000000,1,0,0.0,0.5
2543.7667,  1.00000000,1,0,0.0,0.5
2543.8000,  1.00000000,1,0,0.0,0.5
2543.8333,  1.00000000,1,0,0.0,0.5
2543.8667,  1.00000000,1,0,0.0,0.5
2543.9000,  1.00000000,1,0,0.0,0.5
2543.9333,  1.00000000,1,0,0.0,0.5
2543.9667,  1.00000000,1,0,0.0,0.5
2544.0000,  1.00000000,1,0,0.0,0.5
2544.0333,  1.00000000,1,0,0.0,0.5
2544.0667,  1.00000000,1,0,0.0,0.5
2544.1000,  1.00000000,1,0,0.0,0.5
2544.1333,  1.00000000,1,0,0.0,0.5
2544.1667,  1.00000000,1,0,0.025000000000000001,0.5
2544.2000,  1.00000000,1,0,0.0,0.5
2544.2333,  1.00000000,1,0,0.0,0.5
2544.2667,  1.00000000,1,0,0.0,0.5
2544.3000,  1.00000000,1,0,0.0,0.5
2544.3333,  1.00000000,1,0,0.0,0.5
2544.3667,  1.00000000,1,0,0.0,0.5
2544.4000,  1.00000000,1,0,0.0,0.5
2544.4333,  1.00000000,1,0,0.0,0.5
2544.4667,  1.00000000,1,0,0.0,0.5
2544.5000,  1.00000000,1,0,0.0,0.5
2544.5333,  1.00000000,1,0,0.0,0.5
2544.5667,  1.00000000,1,0,0.0,0.5
2544.6000,  1.00000000,1,0,0.0,0.5
2544.6333,  1.00000000,1,0,0.0,0.5
2544.6667,  1.00000000,1,0,0.0,0.5
2544.7000,  1.00000000,1,0,0.0,0.5
2544.7333,  1.00000000,1,0,0.0,0.5
2544.7667,  1.00000000,1,0,0.0,0.5
2544.8000,  1.00000000,1,0,0.0,0.5
2544.8333,  1.00000000,1,0,0.025000000000000001,0.5
2544.8667,  1.00000000,1,0,0.0,0.5
2544.9000,  1.00000000,1,0,0.0,0.5
2544.9333,  1.00000000,1,0,0.0,0.5
2544.9667,  1.00000000,1,0,0.0,0.5
2545.0000,  1.00000000,1,0,0.0,0.5
2545.0333,  1.00000000,1,0,0.0,0.5
2545.0667,  1.00000000,1,0,0.0,0.5
2545.1000,  1.00000000,1,0,0.0,0.5
2545.1333,  1.00000000,1,0,0.0,0.5
2545.1667,  1.00000000,1,0,0.0,0.5
2545.2000,  1.00000000,1,0,0.0,0.5
2545.2333,  1.00000000,1,0,0.0,0.5
2545.2667,  1.00000000,1,0,0.0,0.5
2545.3000,  1.00000000,1,0,0.0,0.5
2545.3333,  1.00000000,1,0,0.0,0.5
2545.3667,  1.00000000,1,0,0.0,0.5
2545.4000,  1.00000000,1,0,0.0,0.5
2545.4333,  1.00000000,1,0,0.0,0.5
2545.4667,  1.00000000,1,0,0.0,0.5
2545.5000,  1.00000000,1,0,0.0,0.5
2545.5333,  1.00000000,1,0,0.0,0.5
2545.5667,  1.00000000,1,0,0.0,0.5
2545.6000,  1.00000000,1,0,0.0,0.5
2545.6333,  1.00000000,1,0,0.0,0.5
2545.6667,  1.00000000,1,0,0.0,0.5
2545.7000,  1.00000000,1,0,0.0,0.5
2545.7333,  1.00000000,1,0,0.0,0.5
2545.7667,  1.00000000,1,0,0.0,0.5
2545.8000,  1.00000000,1,0,0.0,0.5
2545.8333,  1.00000000,1,0,0.0,0.5
2545.8667,  1.00000000,1,0,0.0,0.5
2545.9000,  1.00000000,1,0,0.0,0.5
2545.9333,  1.00000000,1,0,0.0,0.5
2545.9667,  1.00000000,1,0,0.0,0.5
2546.0000,  1.00000000,1,0,0.0,0.5
2546.0333,  1.00000000,1,0,0.0,0.5
2546.0667,  1.00000000,1,0,0.0,0.5
2546.1000,  1.00000000,1,0,0.0,0.5
2546.1333,  1.00000000,1,0,0.0,0.5
2546.1667,  1.00000000,1,0,0.0,0.5
2546.2000,  1.00000000,1,0,0.0,0.5
2546.2333,  1.00000000,1,0,0.0,0.5
2546.2667,  1.00000000,1,0,0.0,0.5
2546.3000,  1.00000000,1,0,0.0,0.5
2546.3333,  1.00000000,1,0,0.0,0.5
2546.3667,  1.00000000,1,0,0.0,0.5
2546.4000,  1.00000000,1,0,0.0,0.5
2546.4333,  1.00000000,1,0,0.0,0.5
2546.4667,  1.00000000,1,0,0.0,0.5
2546.5000,  1.00000000,1,0,0.0,0.5
2546.5333,  1.00000000,1,0,0.0,0.5
2546.5667,  1.00000000,1,0,0.0,0.5
2546.6000,  1.00000000,1,0,0.0,0.5
2546.6333,  1.00000000,1,0,0.0,0.5
2546.6667,  1.00000000,1,0,0.0,0.5
2546.7000,  1.00000000,1,0,0.0,0.5
2546.7333,  1.00000000,1,0,0.0,0.5
2546.7667,  1.00000000,1,0,0.0,0.5
2546.8000,  1.00000000,1,0,0.0,0.5
2546.8333,  1.00000000,1,0,0.0,0.5
2546.8667,  1.00000000,1,0,0.0,0.5
2546.9000,  1.00000000,1,0,0.0,0.5
2546.9333,  1.00000000,1,0,0.0,0.5
2546.9667,  1.00000000,1,0,0.0,0.5
2547.0000,  1.00000000,1,0,0.0,0.5
2547.0333,  1.00000000,1,0,0.0,0.5
2547.0667,  1.00000000,1,0,0.0,0.5
2547.1000,  1.00000000,1,0,0.0,0.5
2547.1333,  1.00000000,1,0,0.0,0.5
2547.1667,  1.00000000,1,0,0.0,0.5
2547.2000,  1.00000000,1,0,0.0,0.5
2547.2333,  1.00000000,1,0,0.0,0.5
2547.2667,  1.00000000,1,0,0.0,0.5
2547.3000,  1.00000000,1,0,0.0,0.5
2547.3333,  1.00000000,1,0,0.0,0.5
2547.3667,  1.00000000,1,0,0.0,0.5
2547.4000,  1.00000000,1,0,0.025000000000000001,0.5
2547.4333,  1.00000000,1,0,0.0,0.5
2547.4667,  1.00000000,1,0,0.0,0.5
2547.5000,  1.00000000,1,0,0.0,0.5
2547.5333,  1.00000000,1,0,0.0,0.5
2547.5667,  1.00000000,1,0,0.0,0.5
2547.6000,  1.00000000,1,0,0.0,0.5
2547.6333,  1.00000000,1,0,0.0,0.5
2547.6667,  1.00000000,1,0,0.0,0.5
2547.7000,  1.00000000,1,0,0.0,0.5
2547.7333,  1.00000000,1,0,0.0,0.5
2547.7667,  1.00000000,1,0,0.0,0.5
2547.8000,  1.00000000,1,0,0.0,0.5
2547.8333,  1.00000000,1,0,0.0,0.5
2547.8667,  1.00000000,1,0,0.0,0.5
2547.9000,  1.00000000,1,0,0.0,0.5
2547.9333,  1.00000000,1,0,0.0,0.5
2547.9667,  1.00000000,1,0,0.0,0.5
2548.0000,  1.00000000,1,0,0.0,0.5
2548.0333,  1.00000000,1,0,0.0,0.5
2548.0667,  1.00000000,1,0,0.0,0.5
2548.1000,  1.00000000,1,0,0.0,0.5
2548.1333,  1.00000000,1,0,0.0,0.5
2548.1667,  1.00000000,1,0,0.0,0.5
2548.2000,  1.00000000,1,0,0.0,0.5
2548.2333,  1.00000000,1,0,0.0,0.5
2548.2667,  1.00000000,1,0,0.0,0.5
2548.3000,  1.00000000,1,0,0.0,0.5
2548.3333,  1.00000000,1,0,0.0,0.5
2548.3667,  1.00000000,1,0,0.0,0.5
2548.4000,  1.00000000,1,0,0.0,0.5
2548.4333,  1.00000000,1,0,0.0,0.5
2548.4667,  1.00000000,1,0,0.0,0.5
2548.5000,  1.00000000,1,0,0.0,0.5
2548.5333,  1.00000000,1,0,0.0,0.5
2548.5667,  1.00000000,1,0,0.0,0.5
2548.6000,  1.00000000,1,0,0.0,0.5
2548.6333,  1.00000000,1,0,0.0,0.5
2548.6667,  1.00000000,1,0,0.0,0.5
2548.7000,  1.00000000,1,0,0.0,0.5
2548.7333,  1.00000000,1,0,0.0,0.5
2548.7667,  1.00000000,1,0,0.0,0.5
2548.8000,  1.00000000,1,0,0.0,0.5
2548.8333,  1.00000000,1,0,0.0,0.5
2548.8667,  1.00000000,1,0,0.0,0.5
2548.9000,  1.00000000,1,0,0.0,0.5
2548.9333,  1.00000000,1,0,0.0,0.5
2548.9667,  1.00000000,1,0,0.0,0.5
2549.0000,  1.00000000,1,0,0.0,0.5
2549.0333,  1.00000000,1,0,0.0,0.5
2549.0667,  1.00000000,1,0,0.0,0.5
2549.1000,  1.00000000,1,0,0.0,0.5
2549.1333,  1.00000000,1,0,0.0,0.5
2549.1667,  1.00000000,1,0,0.025000000000000001,0.5
2549.2000,  1.00000000,1,0,0.0,0.5
2549.2333,  1.00000000,1,0,0.0,0.5
2549.2667,  1.00000000,1,0,0.0,0.5
2549.3000,  1.00000000,1,0,0.0,0.5
2549.3333,  1.00000000,1,0,0.0,0.5
2549.3667,  1.00000000,1,0,0.0,0.5
2549.4000,  1.00000000,1,0,0.0,0.5
2549.4333,  1.00000000,1,0,0.0,0.5
2549.4667,  1.00000000,1,0,0.0,0.5
2549.5000,  1.00000000,1,0,0.0,0.5
2549.5333,  1.00000000,1,0,0.0,0.5
2549.5667,  1.00000000,1,0,0.0,0.5
2549.6000,  1.00000000,1,0,0.0,0.5
2549.6333,  1.00000000,1,0,0.0,0.5
2549.6667,  1.00000000,1,0,0.025000000000000001,0.5
2549.7000,  1.00000000,1,0,0.0,0.5
2549.7333,  1.00000000,1,0,0.0,0.5
2549.7667,  1.00000000,1,0,0.0,0.5
2549.8000,  1.00000000,1,0,0.0,0.5
2549.8333,  1.00000000,1,0,0.0,0.5
2549.8667,  1.00000000,1,0,0.0,0.5
2549.9000,  1.00000000,1,0,0.0,0.5
2549.9333,  1.00000000,1,0,0.0,0.5
2549.9667,  1.00000000,1,0,0.0,0.5
2550.0000,  1.00000000,1,0,0.0,0.5
2550.0333,  1.00000000,1,0,0.0,0.5
2550.0667,  1.00000000,1,0,0.0,0.5
2550.1000,  1.00000000,1,0,0.0,0.5
2550.1333,  1.00000000,1,0,0.0,0.5
2550.1667,  1.00000000,1,0,0.0,0.5
2550.2000,  1.00000000,1,0,0.0,0.5
2550.2333,  1.00000000,1,0,0.0,0.5
2550.2667,  1.00000000,1,0,0.0,0.5
2550.3000,  1.00000000,1,0,0.025000000000000001,0.5
2550.3333,  1.00000000,1,0,0.0,0.5
2550.3667,  1.00000000,1,0,0.0,0.5
2550.4000,  1.00000000,1,0,0.0,0.5
2550.4333,  1.00000000,1,0,0.0,0.5
2550.4667,  1.00000000,1,0,0.0,0.5
2550.5000,  1.00000000,1,0,0.0,0.5
2550.5333,  1.00000000,1,0,0.0,0.5
2550.5667,  1.00000000,1,0,0.0,0.5
2550.6000,  1.00000000,1,0,0.0,0.5
2550.6333,  1.00000000,1,0,0.0,0.5
2550.6667,  1.00000000,1,0,0.025000000000000001,0.5
2550.7000,  1.00000000,1,0,0.0,0.5
2550.7333,  1.00000000,1,0,0.0,0.5
2550.7667,  1.00000000,1,0,0.0,0.5
2550.8000,  1.00000000,1,0,0.0,0.5
2550.8333,  1.00000000,1,0,0.0,0.5
2550.8667,  1.00000000,1,0,0.0,0.5
2550.9000,  1.00000000,1,0,0.0,0.5
2550.9333,  1.00000000,1,0,0.0,0.5
2550.9667,  1.00000000,1,0,0.0,0.5
2551.0000,  1.00000000,1,0,0.0,0.5
2551.0333,  1.00000000,1,0,0.0,0.5
2551.0667,  1.00000000,1,0,0.0,0.5
2551.1000,  1.00000000,1,0,0.0,0.5
2551.1333,  1.00000000,1,0,0.0,0.5
2551.1667,  1.00000000,1,0,0.0,0.5
2551.2000,  1.00000000,1,0,0.025000000000000001,0.5
2551.2333,  1.00000000,1,0,0.0,0.5
2551.2667,  1.00000000,1,0,0.0,0.5
2551.3000,  1.00000000,1,0,0.0,0.5
2551.3333,  1.00000000,1,0,0.0,0.5
2551.3667,  1.00000000,1,0,0.0,0.5
2551.4000,  1.00000000,1,0,0.0,0.5
2551.4333,  1.00000000,1,0,0.0,0.5
2551.4667,  1.00000000,1,0,0.0,0.5
2551.5000,  1.00000000,1,0,0.0,0.5
2551.5333,  1.00000000,1,0,0.0,0.5
2551.5667,  1.00000000,1,0,0.0,0.5
2551.6000,  1.00000000,1,0,0.0,0.5
2551.6333,  1.00000000,1,0,0.0,0.5
2551.6667,  1.00000000,1,0,0.0,0.5
2551.7000,  1.00000000,1,0,0.0,0.5
2551.7333,  1.00000000,1,0,0.0,0.5
2551.7667,  1.00000000,1,0,0.0,0.5
2551.8000,  1.00000000,1,0,0.0,0.5
2551.8333,  1.00000000,1,0,0.0,0.5
2551.8667,  1.00000000,1,0,0.025000000000000001,0.5
2551.9000,  1.00000000,1,0,0.0,0.5
2551.9333,  1.00000000,1,0,0.0,0.5
2551.9667,  1.00000000,1,0,0.0,0.5
2552.0000,  1.00000000,1,0,0.0,0.5
2552.0333,  1.00000000,1,0,0.0,0.5
2552.0667,  1.00000000,1,0,0.0,0.5
2552.1000,  1.00000000,1,0,0.0,0.5
2552.1333,  1.00000000,1,0,0.0,0.5
2552.1667,  1.00000000,1,0,0.0,0.5
2552.2000,  1.00000000,1,0,0.025000000000000001,0.5
2552.2333,  1.00000000,1,0,0.0,0.5
2552.2667,  1.00000000,1,0,0.0,0.5
2552.3000,  1.00000000,1,0,0.0,0.5
2552.3333,  1.00000000,1,0,0.0,0.5
2552.3667,  1.00000000,1,0,0.0,0.5
2552.4000,  1.00000000,1,0,0.0,0.5
2552.4333,  1.00000000,1,0,0.0,0.5
2552.4667,  1.00000000,1,0,0.0,0.5
2552.5000,  1.00000000,1,0,0.0,0.5
2552.5333,  1.00000000,1,0,0.0,0.5
2552.5667,  1.00000000,1,0,0.0,0.5
2552.6000,  1.00000000,1,0,0.0,0.5
2552.6333,  1.00000000,1,0,0.0,0.5
2552.6667,  1.00000000,1,0,0.0,0.5
2552.7000,  1.00000000,1,0,0.0,0.5
2552.7333,  1.00000000,1,0,0.0,0.5
2552.7667,  1.00000000,1,0,0.0,0.5
2552.8000,  1.00000000,1,0,0.0,0.5
2552.8333,  1.00000000,1,0,0.0,0.5
2552.8667,  1.00000000,1,0,0.0,0.5
2552.9000,  1.00000000,1,0,0.0,0.5
2552.9333,  1.00000000,1,0,0.0,0.5
2552.9667,  1.00000000,1,0,0.0,0.5
2553.0000,  1.00000000,1,0,0.0,0.5
2553.0333,  1.00000000,1,0,0.0,0.5
2553.0667,  1.00000000,1,0,0.0,0.5
2553.1000,  1.00000000,1,0,0.0,0.5
2553.1333,  1.00000000,1,0,0.025000000000000001,0.5
2553.1667,  1.00000000,1,0,0.0,0.5
2553.2000,  1.00000000,1,0,0.0,0.5
2553.2333,  1.00000000,1,0,0.0,0.5
2553.2667,  1.00000000,1,0,0.0,0.5
2553.3000,  1.00000000,1,0,0.025000000000000001,0.5
2553.3333,  1.00000000,1,0,0.025000000000000001,0.5
2553.3667,  1.00000000,1,0,0.0,0.5
2553.4000,  1.00000000,1,0,0.0,0.5
2553.4333,  1.00000000,1,0,0.0,0.5
2553.4667,  1.00000000,1,0,0.025000000000000001,0.5
2553.5000,  1.00000000,1,0,0.0,0.5
2553.5333,  1.00000000,1,0,0.0,0.5
2553.5667,  1.00000000,1,0,0.0,0.5
2553.6000,  1.00000000,1,0,0.025000000000000001,0.5
2553.6333,  1.00000000,1,0,0.0,0.5
2553.6667,  1.00000000,1,0,0.0,0.5
2553.7000,  1.00000000,1,0,0.0,0.5
2553.7333,  1.00000000,1,0,0.0,0.5
2553.7667,  1.00000000,1,0,0.0,0.5
2553.8000,  1.00000000,1,0,0.0,0.5
2553.8333,  1.00000000,1,0,0.0,0.5
2553.8667,  1.00000000,1,0,0.0,0.5
2553.9000,  1.00000000,1,0,0.0,0.5
2553.9333,  1.00000000,1,0,0.0,0.5
2553.9667,  1.00000000,1,0,0.0,0.5
2554.0000,  1.00000000,1,0,0.0,0.5
2554.0333,  1.00000000,1,0,0.0,0.5
2554.0667,  1.00000000,1,0,0.0,0.5
2554.1000,  1.00000000,1,0,0.0,0.5
2554.1333,  1.00000000,1,0,0.0,0.5
2554.1667,  1.00000000,1,0,0.0,0.5
2554.2000,  1.00000000,1,0,0.0,0.5
2554.2333,  1.00000000,1,0,0.0,0.5
2554.2667,  1.00000000,1,0,0.0,0.5
2554.3000,  1.00000000,1,0,0.0,0.5
2554.3333,  1.00000000,1,0,0.0,0.5
2554.3667,  1.00000000,1,0,0.0,0.5
2554.4000,  1.00000000,1,0,0.0,0.5
2554.4333,  1.00000000,1,0,0.0,0.5
2554.4667,  1.00000000,1,0,0.0,0.5
2554.5000,  1.00000000,1,0,0.0,0.5
2554.5333,  1.00000000,1,0,0.0,0.5
2554.5667,  1.00000000,1,0,0.0,0.5
2554.6000,  1.00000000,1,0,0.0,0.5
2554.6333,  1.00000000,1,0,0.0,0.5
2554.6667,  1.00000000,1,0,0.0,0.5
2554.7000,  1.00000000,1,0,0.0,0.5
2554.7333,  1.00000000,1,0,0.0,0.5
2554.7667,  1.00000000,1,0,0.0,0.5
2554.8000,  1.00000000,1,0,0.0,0.5
2554.8333,  1.00000000,1,0,0.0,0.5
2554.8667,  1.00000000,1,0,0.0,0.5
2554.9000,  1.00000000,1,0,0.0,0.5
2554.9333,  1.00000000,1,0,0.0,0.5
2554.9667,  1.00000000,1,0,0.0,0.5
2555.0000,  1.00000000,1,0,0.0,0.5
2555.0333,  1.00000000,1,0,0.0,0.5
2555.0667,  1.00000000,1,0,0.0,0.5
2555.1000,  1.00000000,1,0,0.0,0.5
2555.1333,  1.00000000,1,0,0.0,0.5
2555.1667,  1.00000000,1,0,0.0,0.5
2555.2000,  1.00000000,1,0,0.0,0.5
2555.2333,  1.00000000,1,0,0.0,0.5
2555.2667,  1.00000000,1,0,0.050000000000000003,0.5
2555.3000,  1.00000000,1,0,0.025000000000000001,0.5
2555.3333,  1.00000000,1,0,0.0,0.5
2555.3667,  1.00000000,1,0,0.0,0.5
2555.4000,  1.00000000,1,0,0.0,0.5
2555.4333,  1.00000000,1,0,0.0,0.5
2555.4667,  1.00000000,1,0,0.0,0.5
2555.5000,  1.00000000,1,0,0.0,0.5
2555.5333,  1.00000000,1,0,0.0,0.5
2555.5667,  1.00000000,1,0,0.0,0.5
2555.6000,  1.00000000,1,0,0.0,0.5
2555.6333,  1.00000000,1,0,0.0,0.5
2555.6667,  1.00000000,1,0,0.0,0.5
2555.7000,  1.00000000,1,0,0.0,0.5
2555.7333,  1.00000000,1,0,0.025000000000000001,0.5
2555.7667,  1.00000000,1,0,0.0,0.5
2555.8000,  1.00000000,1,0,0.0,0.5
2555.8333,  1.00000000,1,0,0.0,0.5
2555.8667,  1.00000000,1,0,0.0,0.5
2555.9000,  1.00000000,1,0,0.0,0.5
2555.9333,  1.00000000,1,0,0.025000000000000001,0.5
2555.9667,  1.00000000,1,0,0.0,0.5
2556.0000,  1.00000000,1,0,0.0,0.5
2556.0333,  1.00000000,1,0,0.0,0.5
2556.0667,  1.00000000,1,0,0.0,0.5
2556.1000,  1.00000000,1,0,0.0,0.5
2556.1333,  1.00000000,1,0,0.0,0.5
2556.1667,  1.00000000,1,0,0.0,0.5
2556.2000,  1.00000000,1,0,0.0,0.5
2556.2333,  1.00000000,1,0,0.0,0.5
2556.2667,  1.00000000,1,0,0.0,0.5
2556.3000,  1.00000000,1,0,0.0,0.5
2556.3333,  1.00000000,1,0,0.0,0.5
2556.3667,  1.00000000,1,0,0.0,0.5
2556.4000,  1.00000000,1,0,0.0,0.5
2556.4333,  1.00000000,1,0,0.0,0.5
2556.4667,  1.00000000,1,0,0.0,0.5
2556.5000,  1.00000000,1,0,0.0,0.5
2556.5333,  1.00000000,1,0,0.0,0.5
2556.5667,  1.00000000,1,0,0.0,0.5
2556.6000,  1.00000000,1,0,0.0,0.5
2556.6333,  1.00000000,1,0,0.0,0.5
2556.6667,  1.00000000,1,0,0.0,0.5
2556.7000,  1.00000000,1,0,0.0,0.5
2556.7333,  1.00000000,1,0,0.0,0.5
2556.7667,  1.00000000,1,0,0.0,0.5
2556.8000,  1.00000000,1,0,0.0,0.5
2556.8333,  1.00000000,1,0,0.0,0.5
2556.8667,  1.00000000,1,0,0.0,0.5
2556.9000,  1.00000000,1,0,0.0,0.5
2556.9333,  1.00000000,1,0,0.0,0.5
2556.9667,  1.00000000,1,0,0.0,0.5
2557.0000,  1.00000000,1,0,0.0,0.5
2557.0333,  1.00000000,1,0,0.0,0.5
2557.0667,  1.00000000,1,0,0.0,0.5
2557.1000,  1.00000000,1,0,0.0,0.5
2557.1333,  1.00000000,1,0,0.0,0.5
2557.1667,  1.00000000,1,0,0.0,0.5
2557.2000,  1.00000000,1,0,0.025000000000000001,0.5
2557.2333,  1.00000000,1,0,0.0,0.5
2557.2667,  1.00000000,1,0,0.0,0.5
2557.3000,  1.00000000,1,0,0.0,0.5
2557.3333,  1.00000000,1,0,0.0,0.5
2557.3667,  1.00000000,1,0,0.0,0.5
2557.4000,  1.00000000,1,0,0.0,0.5
2557.4333,  1.00000000,1,0,0.0,0.5
2557.4667,  1.00000000,1,0,0.0,0.5
2557.5000,  1.00000000,1,0,0.0,0.5
2557.5333,  1.00000000,1,0,0.0,0.5
2557.5667,  1.00000000,1,0,0.025000000000000001,0.5
2557.6000,  1.00000000,1,0,0.0,0.5
2557.6333,  1.00000000,1,0,0.0,0.5
2557.6667,  1.00000000,1,0,0.0,0.5
2557.7000,  1.00000000,1,0,0.0,0.5
2557.7333,  1.00000000,1,0,0.0,0.5
2557.7667,  1.00000000,1,0,0.0,0.5
2557.8000,  1.00000000,1,0,0.0,0.5
2557.8333,  1.00000000,1,0,0.0,0.5
2557.8667,  1.00000000,1,0,0.0,0.5
2557.9000,  1.00000000,1,0,0.0,0.5
2557.9333,  1.00000000,1,0,0.0,0.5
2557.9667,  1.00000000,1,0,0.0,0.5
2558.0000,  1.00000000,1,0,0.0,0.5
2558.0333,  1.00000000,1,0,0.0,0.5
2558.0667,  1.00000000,1,0,0.0,0.5
2558.1000,  1.00000000,1,0,0.0,0.5
2558.1333,  1.00000000,1,0,0.0,0.5
2558.1667,  1.00000000,1,0,0.025000000000000001,0.5
2558.2000,  1.00000000,1,0,0.025000000000000001,0.5
2558.2333,  1.00000000,1,0,0.0,0.5
2558.2667,  1.00000000,1,0,0.0,0.5
2558.3000,  1.00000000,1,0,0.0,0.5
2558.3333,  1.00000000,1,0,0.0,0.5
2558.3667,  1.00000000,1,0,0.0,0.5
2558.4000,  1.00000000,1,0,0.0,0.5
2558.4333,  1.00000000,1,0,0.0,0.5
2558.4667,  1.00000000,1,0,0.0,0.5
2558.5000,  1.00000000,1,0,0.0,0.5
2558.5333,  1.00000000,1,0,0.0,0.5
2558.5667,  1.00000000,1,0,0.0,0.5
2558.6000,  1.00000000,1,0,0.0,0.5
2558.6333,  1.00000000,1,0,0.0,0.5
2558.6667,  1.00000000,1,0,0.0,0.5
2558.7000,  1.00000000,1,0,0.0,0.5
2558.7333,  1.00000000,1,0,0.0,0.5
2558.7667,  1.00000000,1,0,0.0,0.5
2558.8000,  1.00000000,1,0,0.0,0.5
2558.8333,  1.00000000,1,0,0.025000000000000001,0.5
2558.8667,  1.00000000,1,0,0.0,0.5
2558.9000,  1.00000000,1,0,0.0,0.5
2558.9333,  1.00000000,1,0,0.0,0.5
2558.9667,  1.00000000,1,0,0.0,0.5
2559.0000,  1.00000000,1,0,0.0,0.5
2559.0333,  1.00000000,1,0,0.025000000000000001,0.5
2559.0667,  1.00000000,1,0,0.0,0.5
2559.1000,  1.00000000,1,0,0.0,0.5
2559.1333,  1.00000000,1,0,0.0,0.5
2559.1667,  1.00000000,1,0,0.0,0.5
2559.2000,  1.00000000,1,0,0.0,0.5
2559.2333,  1.00000000,1,0,0.025000000000000001,0.5
2559.2667,  1.00000000,1,0,0.0,0.5
2559.3000,  1.00000000,1,0,0.0,0.5
2559.3333,  1.00000000,1,0,0.0,0.5
2559.3667,  1.00000000,1,0,0.0,0.5
2559.4000,  1.00000000,1,0,0.0,0.5
2559.4333,  1.00000000,1,0,0.0,0.5
2559.4667,  1.00000000,1,0,0.0,0.5
2559.5000,  1.00000000,1,0,0.0,0.5
2559.5333,  1.00000000,1,0,0.0,0.5
2559.5667,  1.00000000,1,0,0.0,0.5
2559.6000,  1.00000000,1,0,0.0,0.5
2559.6333,  1.00000000,1,0,0.0,0.5
2559.6667,  1.00000000,1,0,0.0,0.5
2559.7000,  1.00000000,1,0,0.0,0.5
2559.7333,  1.00000000,1,0,0.0,0.5
2559.7667,  1.00000000,1,0,0.0,0.5
2559.8000,  1.00000000,1,0,0.0,0.5
2559.8333,  1.00000000,1,0,0.0,0.5
2559.8667,  1.00000000,1,0,0.0,0.5
2559.9000,  1.00000000,1,0,0.0,0.5
2559.9333,  1.00000000,1,0,0.0,0.5
2559.9667,  1.00000000,1,0,0.0,0.5
2560.0000,  1.00000000,1,0,0.0,0.5
2560.0333,  1.00000000,1,0,0.0,0.5
2560.0667,  1.00000000,1,0,0.0,0.5
2560.1000,  1.00000000,1,0,0.0,0.5
2560.1333,  1.00000000,1,0,0.0,0.5
2560.1667,  1.00000000,1,0,0.0,0.5
2560.2000,  1.00000000,1,0,0.0,0.5
2560.2333,  1.00000000,1,0,0.0,0.5
2560.2667,  1.00000000,1,0,0.0,0.5
2560.3000,  1.00000000,1,0,0.0,0.5
2560.3333,  1.00000000,1,0,0.0,0.5
2560.3667,  1.00000000,1,0,0.0,0.5
2560.4000,  1.00000000,1,0,0.0,0.5
2560.4333,  1.00000000,1,0,0.0,0.5
2560.4667,  1.00000000,1,0,0.0,0.5
2560.5000,  1.00000000,1,0,0.0,0.5
2560.5333,  1.00000000,1,0,0.0,0.5
2560.5667,  1.00000000,1,0,0.0,0.5
2560.6000,  1.00000000,1,0,0.0,0.5
2560.6333,  1.00000000,1,0,0.0,0.5
2560.6667,  1.00000000,1,0,0.0,0.5
2560.7000,  1.00000000,1,0,0.0,0.5
2560.7333,  1.00000000,1,0,0.0,0.5
2560.7667,  1.00000000,1,0,0.0,0.5
2560.8000,  1.00000000,1,0,0.0,0.5
2560.8333,  1.00000000,1,0,0.0,0.5
2560.8667,  1.00000000,1,0,0.0,0.5
2560.9000,  1.00000000,1,0,0.0,0.5
2560.9333,  1.00000000,1,0,0.0,0.5
2560.9667,  1.00000000,1,0,0.0,0.5
2561.0000,  1.00000000,1,0,0.0,0.5
2561.0333,  1.00000000,1,0,0.0,0.5
2561.0667,  1.00000000,1,0,0.0,0.5
2561.1000,  1.00000000,1,0,0.0,0.5
2561.1333,  1.00000000,1,0,0.025000000000000001,0.5
2561.1667,  1.00000000,1,0,0.0,0.5
2561.2000,  1.00000000,1,0,0.0,0.5
2561.2333,  1.00000000,1,0,0.0,0.5
2561.2667,  1.00000000,1,0,0.0,0.5
2561.3000,  1.00000000,1,0,0.0,0.5
2561.3333,  1.00000000,1,0,0.0,0.5
2561.3667,  1.00000000,1,0,0.0,0.5
2561.4000,  1.00000000,1,0,0.0,0.5
2561.4333,  1.00000000,1,0,0.0,0.5
2561.4667,  1.00000000,1,0,0.0,0.5
2561.5000,  1.00000000,1,0,0.0,0.5
2561.5333,  1.00000000,1,0,0.0,0.5
2561.5667,  1.00000000,1,0,0.0,0.5
2561.6000,  1.00000000,1,0,0.0,0.5
2561.6333,  1.00000000,1,0,0.0,0.5
2561.6667,  1.00000000,1,0,0.0,0.5
2561.7000,  1.00000000,1,0,0.025000000000000001,0.5
2561.7333,  1.00000000,1,0,0.0,0.5
2561.7667,  1.00000000,1,0,0.0,0.5
2561.8000,  1.00000000,1,0,0.0,0.5
2561.8333,  1.00000000,1,0,0.0,0.5
2561.8667,  1.00000000,1,0,0.0,0.5
2561.9000,  1.00000000,1,0,0.0,0.5
2561.9333,  1.00000000,1,0,0.0,0.5
2561.9667,  1.00000000,1,0,0.0,0.5
2562.0000,  1.00000000,1,0,0.0,0.5
2562.0333,  1.00000000,1,0,0.0,0.5
2562.0667,  1.00000000,1,0,0.0,0.5
2562.1000,  1.00000000,1,0,0.0,0.5
2562.1333,  1.00000000,1,0,0.0,0.5
2562.1667,  1.00000000,1,0,0.0,0.5
2562.2000,  1.00000000,1,0,0.0,0.5
2562.2333,  1.00000000,1,0,0.0,0.5
2562.2667,  1.00000000,1,0,0.0,0.5
2562.3000,  1.00000000,1,0,0.0,0.5
2562.3333,  1.00000000,1,0,0.0,0.5
2562.3667,  1.00000000,1,0,0.0,0.5
2562.4000,  1.00000000,1,0,0.0,0.5
2562.4333,  1.00000000,1,0,0.0,0.5
2562.4667,  1.00000000,1,0,0.0,0.5
2562.5000,  1.00000000,1,0,0.025000000000000001,0.5
2562.5333,  1.00000000,1,0,0.0,0.5
2562.5667,  1.00000000,1,0,0.0,0.5
2562.6000,  1.00000000,1,0,0.025000000000000001,0.5
2562.6333,  1.00000000,1,0,0.0,0.5
2562.6667,  1.00000000,1,0,0.0,0.5
2562.7000,  1.00000000,1,0,0.0,0.5
2562.7333,  1.00000000,1,0,0.0,0.5
2562.7667,  1.00000000,1,0,0.0,0.5
2562.8000,  1.00000000,1,0,0.0,0.5
2562.8333,  1.00000000,1,0,0.0,0.5
2562.8667,  1.00000000,1,0,0.0,0.5
2562.9000,  1.00000000,1,0,0.0,0.5
2562.9333,  1.00000000,1,0,0.0,0.5
2562.9667,  1.00000000,1,0,0.0,0.5
2563.0000,  1.00000000,1,0,0.0,0.5
2563.0333,  1.00000000,1,0,0.0,0.5
2563.0667,  1.00000000,1,0,0.0,0.5
2563.1000,  1.00000000,1,0,0.0,0.5
2563.1333,  1.00000000,1,0,0.0,0.5
2563.1667,  1.00000000,1,0,0.0,0.5
2563.2000,  1.00000000,1,0,0.0,0.5
2563.2333,  1.00000000,1,0,0.0,0.5
2563.2667,  1.00000000,1,0,0.0,0.5
2563.3000,  1.00000000,1,0,0.0,0.5
2563.3333,  1.00000000,1,0,0.0,0.5
2563.3667,  1.00000000,1,0,0.0,0.5
2563.4000,  1.00000000,1,0,0.0,0.5
2563.4333,  1.00000000,1,0,0.0,0.5
2563.4667,  1.00000000,1,0,0.0,0.5
2563.5000,  1.00000000,1,0,0.0,0.5
2563.5333,  1.00000000,1,0,0.0,0.5
2563.5667,  1.00000000,1,0,0.0,0.5
2563.6000,  1.00000000,1,0,0.0,0.5
2563.6333,  1.00000000,1,0,0.0,0.5
2563.6667,  1.00000000,1,0,0.0,0.5
2563.7000,  1.00000000,1,0,0.0,0.5
2563.7333,  1.00000000,1,0,0.0,0.5
2563.7667,  1.00000000,1,0,0.025000000000000001,0.5
2563.8000,  1.00000000,1,0,0.0,0.5
2563.8333,  1.00000000,1,0,0.0,0.5
2563.8667,  1.00000000,1,0,0.0,0.5
2563.9000,  1.00000000,1,0,0.025000000000000001,0.5
2563.9333,  1.00000000,1,0,0.0,0.5
2563.9667,  1.00000000,1,0,0.0,0.5
2564.0000,  1.00000000,1,0,0.0,0.5
2564.0333,  1.00000000,1,0,0.0,0.5
2564.0667,  1.00000000,1,0,0.025000000000000001,0.5
2564.1000,  1.00000000,1,0,0.0,0.5
2564.1333,  1.00000000,1,0,0.0,0.5
2564.1667,  1.00000000,1,0,0.0,0.5
2564.2000,  1.00000000,1,0,0.0,0.5
2564.2333,  1.00000000,1,0,0.0,0.5
2564.2667,  1.00000000,1,0,0.0,0.5
2564.3000,  1.00000000,1,0,0.0,0.5
2564.3333,  1.00000000,1,0,0.0,0.5
2564.3667,  1.00000000,1,0,0.025000000000000001,0.5
2564.4000,  1.00000000,1,0,0.0,0.5
2564.4333,  1.00000000,1,0,0.0,0.5
2564.4667,  1.00000000,1,0,0.0,0.5
2564.5000,  1.00000000,1,0,0.0,0.5
2564.5333,  1.00000000,1,0,0.0,0.5
2564.5667,  1.00000000,1,0,0.0,0.5
2564.6000,  1.00000000,1,0,0.0,0.5
2564.6333,  1.00000000,1,0,0.0,0.5
2564.6667,  1.00000000,1,0,0.025000000000000001,0.5
2564.7000,  1.00000000,1,0,0.0,0.5
2564.7333,  1.00000000,1,0,0.0,0.5
2564.7667,  1.00000000,1,0,0.0,0.5
2564.8000,  1.00000000,1,0,0.0,0.5
2564.8333,  1.00000000,1,0,0.0,0.5
2564.8667,  1.00000000,1,0,0.0,0.5
2564.9000,  1.00000000,1,0,0.0,0.5
2564.9333,  1.00000000,1,0,0.0,0.5
2564.9667,  1.00000000,1,0,0.0,0.5
2565.0000,  1.00000000,1,0,0.0,0.5
2565.0333,  1.00000000,1,0,0.0,0.5
2565.0667,  1.00000000,1,0,0.0,0.5
2565.1000,  1.00000000,1,0,0.0,0.5
2565.1333,  1.00000000,1,0,0.0,0.5
2565.1667,  1.00000000,1,0,0.0,0.5
2565.2000,  1.00000000,1,0,0.0,0.5
2565.2333,  1.00000000,1,0,0.0,0.5
2565.2667,  1.00000000,1,0,0.0,0.5
2565.3000,  1.00000000,1,0,0.0,0.5
2565.3333,  1.00000000,1,0,0.0,0.5
2565.3667,  1.00000000,1,0,0.0,0.5
2565.4000,  1.00000000,1,0,0.0,0.5
2565.4333,  1.00000000,1,0,0.0,0.5
2565.4667,  1.00000000,1,0,0.0,0.5
2565.5000,  1.00000000,1,0,0.0,0.5
2565.5333,  1.00000000,1,0,0.0,0.5
2565.5667,  1.00000000,1,0,0.0,0.5
2565.6000,  1.00000000,1,0,0.0,0.5
2565.6333,  1.00000000,1,0,0.025000000000000001,0.5
2565.6667,  1.00000000,1,0,0.0,0.5
2565.7000,  1.00000000,1,0,0.0,0.5
2565.7333,  1.00000000,1,0,0.0,0.5
2565.7667,  1.00000000,1,0,0.0,0.5
2565.8000,  1.00000000,1,0,0.0,0.5
2565.8333,  1.00000000,1,0,0.0,0.5
2565.8667,  1.00000000,1,0,0.0,0.5
2565.9000,  1.00000000,1,0,0.0,0.5
2565.9333,  1.00000000,1,0,0.0,0.5
2565.9667,  1.00000000,1,0,0.0,0.5
2566.0000,  1.00000000,1,0,0.0,0.5
2566.0333,  1.00000000,1,0,0.0,0.5
2566.0667,  1.00000000,1,0,0.0,0.5
2566.1000,  1.00000000,1,0,0.0,0.5
2566.1333,  1.00000000,1,0,0.0,0.5
2566.1667,  1.00000000,1,0,0.0,0.5
2566.2000,  1.00000000,1,0,0.0,0.5
2566.2333,  1.00000000,1,0,0.0,0.5
2566.2667,  1.00000000,1,0,0.0,0.5
2566.3000,  1.00000000,1,0,0.0,0.5
2566.3333,  1.00000000,1,0,0.0,0.5
2566.3667,  1.00000000,1,0,0.0,0.5
2566.4000,  1.00000000,1,0,0.0,0.5
2566.4333,  1.00000000,1,0,0.0,0.5
2566.4667,  1.00000000,1,0,0.0,0.5
2566.5000,  1.00000000,1,0,0.0,0.5
2566.5333,  1.00000000,1,0,0.0,0.5
2566.5667,  1.00000000,1,0,0.0,0.5
2566.6000,  1.00000000,1,0,0.0,0.5
2566.6333,  1.00000000,1,0,0.0,0.5
2566.6667,  1.00000000,1,0,0.0,0.5
2566.7000,  1.00000000,1,0,0.0,0.5
2566.7333,  1.00000000,1,0,0.0,0.5
2566.7667,  1.00000000,1,0,0.0,0.5
2566.8000,  1.00000000,1,0,0.0,0.5
2566.8333,  1.00000000,1,0,0.0,0.5
2566.8667,  1.00000000,1,0,0.0,0.5
2566.9000,  1.00000000,1,0,0.0,0.5
2566.9333,  1.00000000,1,0,0.0,0.5
2566.9667,  1.00000000,1,0,0.0,0.5
2567.0000,  1.00000000,1,0,0.0,0.5
2567.0333,  1.00000000,1,0,0.0,0.5
2567.0667,  1.00000000,1,0,0.0,0.5
2567.1000,  1.00000000,1,0,0.0,0.5
2567.1333,  1.00000000,1,0,0.0,0.5
2567.1667,  1.00000000,1,0,0.0,0.5
2567.2000,  1.00000000,1,0,0.0,0.5
2567.2333,  1.00000000,1,0,0.0,0.5
2567.2667,  1.00000000,1,0,0.0,0.5
2567.3000,  1.00000000,1,0,0.0,0.5
2567.3333,  1.00000000,1,0,0.0,0.5
2567.3667,  1.00000000,1,0,0.0,0.5
2567.4000,  1.00000000,1,0,0.0,0.5
2567.4333,  1.00000000,1,0,0.025000000000000001,0.5
2567.4667,  1.00000000,1,0,0.0,0.5
2567.5000,  1.00000000,1,0,0.0,0.5
2567.5333,  1.00000000,1,0,0.0,0.5
2567.5667,  1.00000000,1,0,0.0,0.5
2567.6000,  1.00000000,1,0,0.0,0.5
2567.6333,  1.00000000,1,0,0.0,0.5
2567.6667,  1.00000000,1,0,0.0,0.5
2567.7000,  1.00000000,1,0,0.0,0.5
2567.7333,  1.00000000,1,0,0.0,0.5
2567.7667,  1.00000000,1,0,0.0,0.5
2567.8000,  1.00000000,1,0,0.0,0.5
2567.8333,  1.00000000,1,0,0.0,0.5
2567.8667,  1.00000000,1,0,0.0,0.5
2567.9000,  1.00000000,1,0,0.0,0.5
2567.9333,  1.00000000,1,0,0.0,0.5
2567.9667,  1.00000000,1,0,0.0,0.5
2568.0000,  1.00000000,1,0,0.0,0.5
2568.0333,  1.00000000,1,0,0.0,0.5
2568.0667,  1.00000000,1,0,0.0,0.5
2568.1000,  1.00000000,1,0,0.0,0.5
2568.1333,  1.00000000,1,0,0.0,0.5
2568.1667,  1.00000000,1,0,0.0,0.5
2568.2000,  1.00000000,1,0,0.0,0.5
2568.2333,  1.00000000,1,0,0.0,0.5
2568.2667,  1.00000000,1,0,0.0,0.5
2568.3000,  1.00000000,1,0,0.0,0.5
2568.3333,  1.00000000,1,0,0.0,0.5
2568.3667,  1.00000000,1,0,0.0,0.5
2568.4000,  1.00000000,1,0,0.0,0.5
2568.4333,  1.00000000,1,0,0.0,0.5
2568.4667,  1.00000000,1,0,0.0,0.5
2568.5000,  1.00000000,1,0,0.0,0.5
2568.5333,  1.00000000,1,0,0.0,0.5
2568.5667,  1.00000000,1,0,0.0,0.5
2568.6000,  1.00000000,1,0,0.0,0.5
2568.6333,  1.00000000,1,0,0.0,0.5
2568.6667,  1.00000000,1,0,0.0,0.5
2568.7000,  1.00000000,1,0,0.0,0.5
2568.7333,  1.00000000,1,0,0.0,0.5
2568.7667,  1.00000000,1,0,0.025000000000000001,0.5
2568.8000,  1.00000000,1,0,0.0,0.5
2568.8333,  1.00000000,1,0,0.0,0.5
2568.8667,  1.00000000,1,0,0.0,0.5
2568.9000,  1.00000000,1,0,0.0,0.5
2568.9333,  1.00000000,1,0,0.025000000000000001,0.5
2568.9667,  1.00000000,1,0,0.0,0.5
2569.0000,  1.00000000,1,0,0.0,0.5
2569.0333,  1.00000000,1,0,0.0,0.5
2569.0667,  1.00000000,1,0,0.0,0.5
2569.1000,  1.00000000,1,0,0.0,0.5
2569.1333,  1.00000000,1,0,0.0,0.5
2569.1667,  1.00000000,1,0,0.0,0.5
2569.2000,  1.00000000,1,0,0.0,0.5
2569.2333,  1.00000000,1,0,0.0,0.5
2569.2667,  1.00000000,1,0,0.0,0.5
2569.3000,  1.00000000,1,0,0.0,0.5
2569.3333,  1.00000000,1,0,0.0,0.5
2569.3667,  1.00000000,1,0,0.0,0.5
2569.4000,  1.00000000,1,0,0.0,0.5
2569.4333,  1.00000000,1,0,0.0,0.5
2569.4667,  1.00000000,1,0,0.0,0.5
2569.5000,  1.00000000,1,0,0.0,0.5
2569.5333,  1.00000000,1,0,0.0,0.5
2569.5667,  1.00000000,1,0,0.0,0.5
2569.6000,  1.00000000,1,0,0.0,0.5
2569.6333,  1.00000000,1,0,0.0,0.5
2569.6667,  1.00000000,1,0,0.0,0.5
2569.7000,  1.00000000,1,0,0.0,0.5
2569.7333,  1.00000000,1,0,0.0,0.5
2569.7667,  1.00000000,1,0,0.0,0.5
2569.8000,  1.00000000,1,0,0.0,0.5
2569.8333,  1.00000000,1,0,0.0,0.5
2569.8667,  1.00000000,1,0,0.0,0.5
2569.9000,  1.00000000,1,0,0.0,0.5
2569.9333,  1.00000000,1,0,0.0,0.5
2569.9667,  1.00000000,1,0,0.0,0.5
2570.0000,  1.00000000,1,0,0.0,0.5
2570.0333,  1.00000000,1,0,0.0,0.5
2570.0667,  1.00000000,1,0,0.0,0.5
2570.1000,  1.00000000,1,0,0.0,0.5
2570.1333,  1.00000000,1,0,0.0,0.5
2570.1667,  1.00000000,1,0,0.0,0.5
2570.2000,  1.00000000,1,0,0.0,0.5
2570.2333,  1.00000000,1,0,0.0,0.5
2570.2667,  1.00000000,1,0,0.0,0.5
2570.3000,  1.00000000,1,0,0.0,0.5
2570.3333,  1.00000000,1,0,0.0,0.5
2570.3667,  1.00000000,1,0,0.0,0.5
2570.4000,  1.00000000,1,0,0.0,0.5
2570.4333,  1.00000000,1,0,0.0,0.5
2570.4667,  1.00000000,1,0,0.0,0.5
2570.5000,  1.00000000,1,0,0.0,0.5
2570.5333,  1.00000000,1,0,0.0,0.5
2570.5667,  1.00000000,1,0,0.0,0.5
2570.6000,  1.00000000,1,0,0.0,0.5
2570.6333,  1.00000000,1,0,0.0,0.5
2570.6667,  1.00000000,1,0,0.0,0.5
2570.7000,  1.00000000,1,0,0.0,0.5
2570.7333,  1.00000000,1,0,0.0,0.5
2570.7667,  1.00000000,1,0,0.0,0.5
2570.8000,  1.00000000,1,0,0.0,0.5
2570.8333,  1.00000000,1,0,0.0,0.5
2570.8667,  1.00000000,1,0,0.0,0.5
2570.9000,  1.00000000,1,0,0.0,0.5
2570.9333,  1.00000000,1,0,0.0,0.5
2570.9667,  1.00000000,1,0,0.0,0.5
2571.0000,  1.00000000,1,0,0.0,0.5
2571.0333,  1.00000000,1,0,0.0,0.5
2571.0667,  1.00000000,1,0,0.0,0.5
2571.1000,  1.00000000,1,0,0.0,0.5
2571.1333,  1.00000000,1,0,0.0,0.5
2571.1667,  1.00000000,1,0,0.0,0.5
2571.2000,  1.00000000,1,0,0.0,0.5
2571.2333,  1.00000000,1,0,0.025000000000000001,0.5
2571.2667,  1.00000000,1,0,0.0,0.5
2571.3000,  1.00000000,1,0,0.0,0.5
2571.3333,  1.00000000,1,0,0.0,0.5
2571.3667,  1.00000000,1,0,0.0,0.5
2571.4000,  1.00000000,1,0,0.0,0.5
2571.4333,  1.00000000,1,0,0.0,0.5
2571.4667,  1.00000000,1,0,0.0,0.5
2571.5000,  1.00000000,1,0,0.0,0.5
2571.5333,  1.00000000,1,0,0.0,0.5
2571.5667,  1.00000000,1,0,0.0,0.5
2571.6000,  1.00000000,1,0,0.0,0.5
2571.6333,  1.00000000,1,0,0.0,0.5
2571.6667,  1.00000000,1,0,0.0,0.5
2571.7000,  1.00000000,1,0,0.0,0.5
2571.7333,  1.00000000,1,0,0.0,0.5
2571.7667,  1.00000000,1,0,0.0,0.5
2571.8000,  1.00000000,1,0,0.0,0.5
2571.8333,  1.00000000,1,0,0.0,0.5
2571.8667,  1.00000000,1,0,0.0,0.5
2571.9000,  1.00000000,1,0,0.0,0.5
2571.9333,  1.00000000,1,0,0.0,0.5
2571.9667,  1.00000000,1,0,0.0,0.5
2572.0000,  1.00000000,1,0,0.025000000000000001,0.5
2572.0333,  1.00000000,1,0,0.0,0.5
2572.0667,  1.00000000,1,0,0.0,0.5
2572.1000,  1.00000000,1,0,0.025000000000000001,0.5
2572.1333,  1.00000000,1,0,0.0,0.5
2572.1667,  1.00000000,1,0,0.0,0.5
2572.2000,  1.00000000,1,0,0.0,0.5
2572.2333,  1.00000000,1,0,0.0,0.5
2572.2667,  1.00000000,1,0,0.0,0.5
2572.3000,  1.00000000,1,0,0.0,0.5
2572.3333,  1.00000000,1,0,0.0,0.5
2572.3667,  1.00000000,1,0,0.0,0.5
2572.4000,  1.00000000,1,0,0.0,0.5
2572.4333,  1.00000000,1,0,0.0,0.5
2572.4667,  1.00000000,1,0,0.0,0.5
2572.5000,  1.00000000,1,0,0.0,0.5
2572.5333,  1.00000000,1,0,0.0,0.5
2572.5667,  1.00000000,1,0,0.0,0.5
2572.6000,  1.00000000,1,0,0.0,0.5
2572.6333,  1.00000000,1,0,0.0,0.5
2572.6667,  1.00000000,1,0,0.0,0.5
2572.7000,  1.00000000,1,0,0.0,0.5
2572.7333,  1.00000000,1,0,0.0,0.5
2572.7667,  1.00000000,1,0,0.0,0.5
2572.8000,  1.00000000,1,0,0.0,0.5
2572.8333,  1.00000000,1,0,0.0,0.5
2572.8667,  1.00000000,1,0,0.0,0.5
2572.9000,  1.00000000,1,0,0.0,0.5
2572.9333,  1.00000000,1,0,0.0,0.5
2572.9667,  1.00000000,1,0,0.0,0.5
2573.0000,  1.00000000,1,0,0.0,0.5
2573.0333,  1.00000000,1,0,0.0,0.5
2573.0667,  1.00000000,1,0,0.0,0.5
2573.1000,  1.00000000,1,0,0.0,0.5
2573.1333,  1.00000000,1,0,0.0,0.5
2573.1667,  1.00000000,1,0,0.0,0.5
2573.2000,  1.00000000,1,0,0.0,0.5
2573.2333,  1.00000000,1,0,0.0,0.5
2573.2667,  1.00000000,1,0,0.0,0.5
2573.3000,  1.00000000,1,0,0.0,0.5
2573.3333,  1.00000000,1,0,0.0,0.5
2573.3667,  1.00000000,1,0,0.0,0.5
2573.4000,  1.00000000,1,0,0.0,0.5
2573.4333,  1.00000000,1,0,0.0,0.5
2573.4667,  1.00000000,1,0,0.0,0.5
2573.5000,  1.00000000,1,0,0.0,0.5
2573.5333,  1.00000000,1,0,0.0,0.5
2573.5667,  1.00000000,1,0,0.0,0.5
2573.6000,  1.00000000,1,0,0.0,0.5
2573.6333,  1.00000000,1,0,0.0,0.5
2573.6667,  1.00000000,1,0,0.0,0.5
2573.7000,  1.00000000,1,0,0.0,0.5
2573.7333,  1.00000000,1,0,0.0,0.5
2573.7667,  1.00000000,1,0,0.0,0.5
2573.8000,  1.00000000,1,0,0.0,0.5
2573.8333,  1.00000000,1,0,0.0,0.5
2573.8667,  1.00000000,1,0,0.0,0.5
2573.9000,  1.00000000,1,0,0.0,0.5
2573.9333,  1.00000000,1,0,0.0,0.5
2573.9667,  1.00000000,1,0,0.0,0.5
2574.0000,  1.00000000,1,0,0.0,0.5
2574.0333,  1.00000000,1,0,0.0,0.5
2574.0667,  1.00000000,1,0,0.0,0.5
2574.1000,  1.00000000,1,0,0.0,0.5
2574.1333,  1.00000000,1,0,0.0,0.5
2574.1667,  1.00000000,1,0,0.0,0.5
2574.2000,  1.00000000,1,0,0.0,0.5
2574.2333,  1.00000000,1,0,0.0,0.5
2574.2667,  1.00000000,1,0,0.0,0.5
2574.3000,  1.00000000,1,0,0.0,0.5
2574.3333,  1.00000000,1,0,0.0,0.5
2574.3667,  1.00000000,1,0,0.0,0.5
2574.4000,  1.00000000,1,0,0.0,0.5
2574.4333,  1.00000000,1,0,0.0,0.5
2574.4667,  1.00000000,1,0,0.0,0.5
2574.5000,  1.00000000,1,0,0.0,0.5
2574.5333,  1.00000000,1,0,0.0,0.5
2574.5667,  1.00000000,1,0,0.0,0.5
2574.6000,  1.00000000,1,0,0.0,0.5
2574.6333,  1.00000000,1,0,0.0,0.5
2574.6667,  1.00000000,1,0,0.0,0.5
2574.7000,  1.00000000,1,0,0.0,0.5
2574.7333,  1.00000000,1,0,0.0,0.5
2574.7667,  1.00000000,1,0,0.0,0.5
2574.8000,  1.00000000,1,0,0.0,0.5
2574.8333,  1.00000000,1,0,0.0,0.5
2574.8667,  1.00000000,1,0,0.0,0.5
2574.9000,  1.00000000,1,0,0.0,0.5
2574.9333,  1.00000000,1,0,0.0,0.5
2574.9667,  1.00000000,1,0,0.0,0.5
2575.0000,  1.00000000,1,0,0.0,0.5
2575.0333,  1.00000000,1,0,0.0,0.5
2575.0667,  1.00000000,1,0,0.0,0.5
2575.1000,  1.00000000,1,0,0.0,0.5
2575.1333,  1.00000000,1,0,0.025000000000000001,0.5
2575.1667,  1.00000000,1,0,0.0,0.5
2575.2000,  1.00000000,1,0,0.0,0.5
2575.2333,  1.00000000,1,0,0.0,0.5
2575.2667,  1.00000000,1,0,0.0,0.5
2575.3000,  1.00000000,1,0,0.0,0.5
2575.3333,  1.00000000,1,0,0.0,0.5
2575.3667,  1.00000000,1,0,0.0,0.5
2575.4000,  1.00000000,1,0,0.0,0.5
2575.4333,  1.00000000,1,0,0.0,0.5
2575.4667,  1.00000000,1,0,0.0,0.5
2575.5000,  1.00000000,1,0,0.0,0.5
2575.5333,  1.00000000,1,0,0.0,0.5
2575.5667,  1.00000000,1,0,0.0,0.5
2575.6000,  1.00000000,1,0,0.0,0.5
2575.6333,  1.00000000,1,0,0.0,0.5
2575.6667,  1.00000000,1,0,0.0,0.5
2575.7000,  1.00000000,1,0,0.0,0.5
2575.7333,  1.00000000,1,0,0.0,0.5
2575.7667,  1.00000000,1,0,0.0,0.5
2575.8000,  1.00000000,1,0,0.0,0.5
2575.8333,  1.00000000,1,0,0.0,0.5
2575.8667,  1.00000000,1,0,0.0,0.5
2575.9000,  1.00000000,1,0,0.0,0.5
2575.9333,  1.00000000,1,0,0.0,0.5
2575.9667,  1.00000000,1,0,0.0,0.5
2576.0000,  1.00000000,1,0,0.0,0.5
2576.0333,  1.00000000,1,0,0.0,0.5
2576.0667,  1.00000000,1,0,0.0,0.5
2576.1000,  1.00000000,1,0,0.0,0.5
2576.1333,  1.00000000,1,0,0.0,0.5
2576.1667,  1.00000000,1,0,0.0,0.5
2576.2000,  1.00000000,1,0,0.0,0.5
2576.2333,  1.00000000,1,0,0.0,0.5
2576.2667,  1.00000000,1,0,0.0,0.5
2576.3000,  1.00000000,1,0,0.0,0.5
2576.3333,  1.00000000,1,0,0.0,0.5
2576.3667,  1.00000000,1,0,0.0,0.5
2576.4000,  1.00000000,1,0,0.0,0.5
2576.4333,  1.00000000,1,0,0.0,0.5
2576.4667,  1.00000000,1,0,0.0,0.5
2576.5000,  1.00000000,1,0,0.0,0.5
2576.5333,  1.00000000,1,0,0.0,0.5
2576.5667,  1.00000000,1,0,0.0,0.5
2576.6000,  1.00000000,1,0,0.0,0.5
2576.6333,  1.00000000,1,0,0.0,0.5
2576.6667,  1.00000000,1,0,0.0,0.5
2576.7000,  1.00000000,1,0,0.0,0.5
2576.7333,  1.00000000,1,0,0.0,0.5
2576.7667,  1.00000000,1,0,0.0,0.5
2576.8000,  1.00000000,1,0,0.0,0.5
2576.8333,  1.00000000,1,0,0.0,0.5
2576.8667,  1.00000000,1,0,0.0,0.5
2576.9000,  1.00000000,1,0,0.0,0.5
2576.9333,  1.00000000,1,0,0.0,0.5
2576.9667,  1.00000000,1,0,0.0,0.5
2577.0000,  1.00000000,1,0,0.0,0.5
2577.0333,  1.00000000,1,0,0.0,0.5
2577.0667,  1.00000000,1,0,0.0,0.5
2577.1000,  1.00000000,1,0,0.0,0.5
2577.1333,  1.00000000,1,0,0.0,0.5
2577.1667,  1.00000000,1,0,0.0,0.5
2577.2000,  1.00000000,1,0,0.0,0.5
2577.2333,  1.00000000,1,0,0.0,0.5
2577.2667,  1.00000000,1,0,0.0,0.5
2577.3000,  1.00000000,1,0,0.0,0.5
2577.3333,  1.00000000,1,0,0.0,0.5
2577.3667,  1.00000000,1,0,0.0,0.5
2577.4000,  1.00000000,1,0,0.0,0.5
2577.4333,  1.00000000,1,0,0.0,0.5
2577.4667,  1.00000000,1,0,0.0,0.5
2577.5000,  1.00000000,1,0,0.0,0.5
2577.5333,  1.00000000,1,0,0.0,0.5
2577.5667,  1.00000000,1,0,0.0,0.5
2577.6000,  1.00000000,1,0,0.0,0.5
2577.6333,  1.00000000,1,0,0.0,0.5
2577.6667,  1.00000000,1,0,0.0,0.5
2577.7000,  1.00000000,1,0,0.0,0.5
2577.7333,  1.00000000,1,0,0.0,0.5
2577.7667,  1.00000000,1,0,0.0,0.5
2577.8000,  1.00000000,1,0,0.0,0.5
2577.8333,  1.00000000,1,0,0.025000000000000001,0.5
2577.8667,  1.00000000,1,0,0.0,0.5
2577.9000,  1.00000000,1,0,0.0,0.5
2577.9333,  1.00000000,1,0,0.0,0.5
2577.9667,  1.00000000,1,0,0.0,0.5
2578.0000,  1.00000000,1,0,0.0,0.5
2578.0333,  1.00000000,1,0,0.0,0.5
2578.0667,  1.00000000,1,0,0.0,0.5
2578.1000,  1.00000000,1,0,0.0,0.5
2578.1333,  1.00000000,1,0,0.0,0.5
2578.1667,  1.00000000,1,0,0.0,0.5
2578.2000,  1.00000000,1,0,0.050000000000000003,0.5
2578.2333,  1.00000000,1,0,0.0,0.5
2578.2667,  1.00000000,1,0,0.0,0.5
2578.3000,  1.00000000,1,0,0.0,0.5
2578.3333,  1.00000000,1,0,0.0,0.5
2578.3667,  1.00000000,1,0,0.0,0.5
2578.4000,  1.00000000,1,0,0.0,0.5
2578.4333,  1.00000000,1,0,0.0,0.5
2578.4667,  1.00000000,1,0,0.0,0.5
2578.5000,  1.00000000,1,0,0.025000000000000001,0.5
2578.5333,  1.00000000,1,0,0.0,0.5
2578.5667,  1.00000000,1,0,0.0,0.5
2578.6000,  1.00000000,1,0,0.0,0.5
2578.6333,  1.00000000,1,0,0.0,0.5
2578.6667,  1.00000000,1,0,0.0,0.5
2578.7000,  1.00000000,1,0,0.0,0.5
2578.7333,  1.00000000,1,0,0.0,0.5
2578.7667,  1.00000000,1,0,0.025000000000000001,0.5
2578.8000,  1.00000000,1,0,0.025000000000000001,0.5
2578.8333,  1.00000000,1,0,0.0,0.5
2578.8667,  1.00000000,1,0,0.025000000000000001,0.5
2578.9000,  1.00000000,1,0,0.0,0.5
2578.9333,  1.00000000,1,0,0.0,0.5
2578.9667,  1.00000000,1,0,0.0,0.5
2579.0000,  1.00000000,1,0,0.0,0.5
2579.0333,  1.00000000,1,0,0.0,0.5
2579.0667,  1.00000000,1,0,0.0,0.5
2579.1000,  1.00000000,1,0,0.0,0.5
2579.1333,  1.00000000,1,0,0.0,0.5
2579.1667,  1.00000000,1,0,0.0,0.5
2579.2000,  1.00000000,1,0,0.0,0.5
2579.2333,  1.00000000,1,0,0.0,0.5
2579.2667,  1.00000000,1,0,0.0,0.5
2579.3000,  1.00000000,1,0,0.0,0.5
2579.3333,  1.00000000,1,0,0.0,0.5
2579.3667,  1.00000000,1,0,0.0,0.5
2579.4000,  1.00000000,1,0,0.0,0.5
2579.4333,  1.00000000,1,0,0.0,0.5
2579.4667,  1.00000000,1,0,0.0,0.5
2579.5000,  1.00000000,1,0,0.0,0.5
2579.5333,  1.00000000,1,0,0.0,0.5
2579.5667,  1.00000000,1,0,0.0,0.5
2579.6000,  1.00000000,1,0,0.0,0.5
2579.6333,  1.00000000,1,0,0.0,0.5
2579.6667,  1.00000000,1,0,0.0,0.5
2579.7000,  1.00000000,1,0,0.0,0.5
2579.7333,  1.00000000,1,0,0.0,0.5
2579.7667,  1.00000000,1,0,0.0,0.5
2579.8000,  1.00000000,1,0,0.0,0.5
2579.8333,  1.00000000,1,0,0.0,0.5
2579.8667,  1.00000000,1,0,0.0,0.5
2579.9000,  1.00000000,1,0,0.0,0.5
2579.9333,  1.00000000,1,0,0.0,0.5
2579.9667,  1.00000000,1,0,0.0,0.5
2580.0000,  1.00000000,1,0,0.0,0.5
2580.0333,  1.00000000,1,0,0.0,0.5
2580.0667,  1.00000000,1,0,0.0,0.5
2580.1000,  1.00000000,1,0,0.0,0.5
2580.1333,  1.00000000,1,0,0.0,0.5
2580.1667,  1.00000000,1,0,0.0,0.5
2580.2000,  1.00000000,1,0,0.0,0.5
2580.2333,  1.00000000,1,0,0.0,0.5
2580.2667,  1.00000000,1,0,0.0,0.5
2580.3000,  1.00000000,1,0,0.0,0.5
2580.3333,  1.00000000,1,0,0.0,0.5
2580.3667,  1.00000000,1,0,0.0,0.5
2580.4000,  1.00000000,1,0,0.0,0.5
2580.4333,  1.00000000,1,0,0.0,0.5
2580.4667,  1.00000000,1,0,0.0,0.5
2580.5000,  1.00000000,1,0,0.0,0.5
2580.5333,  1.00000000,1,0,0.0,0.5
2580.5667,  1.00000000,1,0,0.0,0.5
2580.6000,  1.00000000,1,0,0.0,0.5
2580.6333,  1.00000000,1,0,0.0,0.5
2580.6667,  1.00000000,1,0,0.0,0.5
2580.7000,  1.00000000,1,0,0.0,0.5
2580.7333,  1.00000000,1,0,0.0,0.5
2580.7667,  1.00000000,1,0,0.0,0.5
2580.8000,  1.00000000,1,0,0.0,0.5
2580.8333,  1.00000000,1,0,0.0,0.5
2580.8667,  1.00000000,1,0,0.0,0.5
2580.9000,  1.00000000,1,0,0.0,0.5
2580.9333,  1.00000000,1,0,0.0,0.5
2580.9667,  1.00000000,1,0,0.0,0.5
2581.0000,  1.00000000,1,0,0.0,0.5
2581.0333,  1.00000000,1,0,0.0,0.5
2581.0667,  1.00000000,1,0,0.0,0.5
2581.1000,  1.00000000,1,0,0.0,0.5
2581.1333,  1.00000000,1,0,0.0,0.5
2581.1667,  1.00000000,1,0,0.0,0.5
2581.2000,  1.00000000,1,0,0.0,0.5
2581.2333,  1.00000000,1,0,0.025000000000000001,0.5
2581.2667,  1.00000000,1,0,0.0,0.5
2581.3000,  1.00000000,1,0,0.0,0.5
2581.3333,  1.00000000,1,0,0.0,0.5
2581.3667,  1.00000000,1,0,0.0,0.5
2581.4000,  1.00000000,1,0,0.0,0.5
2581.4333,  1.00000000,1,0,0.0,0.5
2581.4667,  1.00000000,1,0,0.0,0.5
2581.5000,  1.00000000,1,0,0.0,0.5
2581.5333,  1.00000000,1,0,0.0,0.5
2581.5667,  1.00000000,1,0,0.0,0.5
2581.6000,  1.00000000,1,0,0.0,0.5
2581.6333,  1.00000000,1,0,0.0,0.5
2581.6667,  1.00000000,1,0,0.0,0.5
2581.7000,  1.00000000,1,0,0.0,0.5
2581.7333,  1.00000000,1,0,0.0,0.5
2581.7667,  1.00000000,1,0,0.0,0.5
2581.8000,  1.00000000,1,0,0.0,0.5
2581.8333,  1.00000000,1,0,0.0,0.5
2581.8667,  1.00000000,1,0,0.0,0.5
2581.9000,  1.00000000,1,0,0.0,0.5
2581.9333,  1.00000000,1,0,0.025000000000000001,0.5
2581.9667,  1.00000000,1,0,0.0,0.5
2582.0000,  1.00000000,1,0,0.0,0.5
2582.0333,  1.00000000,1,0,0.0,0.5
2582.0667,  1.00000000,1,0,0.0,0.5
2582.1000,  1.00000000,1,0,0.0,0.5
2582.1333,  1.00000000,1,0,0.0,0.5
2582.1667,  1.00000000,1,0,0.0,0.5
2582.2000,  1.00000000,1,0,0.0,0.5
2582.2333,  1.00000000,1,0,0.0,0.5
2582.2667,  1.00000000,1,0,0.0,0.5
2582.3000,  1.00000000,1,0,0.0,0.5
2582.3333,  1.00000000,1,0,0.0,0.5
2582.3667,  1.00000000,1,0,0.0,0.5
2582.4000,  1.00000000,1,0,0.0,0.5
2582.4333,  1.00000000,1,0,0.0,0.5
2582.4667,  1.00000000,1,0,0.0,0.5
2582.5000,  1.00000000,1,0,0.0,0.5
2582.5333,  1.00000000,1,0,0.025000000000000001,0.5
2582.5667,  1.00000000,1,0,0.0,0.5
2582.6000,  1.00000000,1,0,0.0,0.5
2582.6333,  1.00000000,1,0,0.0,0.5
2582.6667,  1.00000000,1,0,0.0,0.5
2582.7000,  1.00000000,1,0,0.0,0.5
2582.7333,  1.00000000,1,0,0.0,0.5
2582.7667,  1.00000000,1,0,0.0,0.5
2582.8000,  1.00000000,1,0,0.0,0.5
2582.8333,  1.00000000,1,0,0.0,0.5
2582.8667,  1.00000000,1,0,0.0,0.5
2582.9000,  1.00000000,1,0,0.0,0.5
2582.9333,  1.00000000,1,0,0.0,0.5
2582.9667,  1.00000000,1,0,0.0,0.5
2583.0000,  1.00000000,1,0,0.0,0.5
2583.0333,  1.00000000,1,0,0.0,0.5
2583.0667,  1.00000000,1,0,0.0,0.5
2583.1000,  1.00000000,1,0,0.0,0.5
2583.1333,  1.00000000,1,0,0.0,0.5
2583.1667,  1.00000000,1,0,0.0,0.5
2583.2000,  1.00000000,1,0,0.0,0.5
2583.2333,  1.00000000,1,0,0.0,0.5
2583.2667,  1.00000000,1,0,0.0,0.5
2583.3000,  1.00000000,1,0,0.0,0.5
2583.3333,  1.00000000,1,0,0.0,0.5
2583.3667,  1.00000000,1,0,0.0,0.5
2583.4000,  1.00000000,1,0,0.0,0.5
2583.4333,  1.00000000,1,0,0.0,0.5
2583.4667,  1.00000000,1,0,0.0,0.5
2583.5000,  1.00000000,1,0,0.0,0.5
2583.5333,  1.00000000,1,0,0.0,0.5
2583.5667,  1.00000000,1,0,0.0,0.5
2583.6000,  1.00000000,1,0,0.0,0.5
2583.6333,  1.00000000,1,0,0.0,0.5
2583.6667,  1.00000000,1,0,0.0,0.5
2583.7000,  1.00000000,1,0,0.0,0.5
2583.7333,  1.00000000,1,0,0.0,0.5
2583.7667,  1.00000000,1,0,0.0,0.5
2583.8000,  1.00000000,1,0,0.0,0.5
2583.8333,  1.00000000,1,0,0.0,0.5
2583.8667,  1.00000000,1,0,0.0,0.5
2583.9000,  1.00000000,1,0,0.0,0.5
2583.9333,  1.00000000,1,0,0.0,0.5
2583.9667,  1.00000000,1,0,0.0,0.5
2584.0000,  1.00000000,1,0,0.0,0.5
2584.0333,  1.00000000,1,0,0.0,0.5
2584.0667,  1.00000000,1,0,0.0,0.5
2584.1000,  1.00000000,1,0,0.0,0.5
2584.1333,  1.00000000,1,0,0.0,0.5
2584.1667,  1.00000000,1,0,0.0,0.5
2584.2000,  1.00000000,1,0,0.0,0.5
2584.2333,  1.00000000,1,0,0.0,0.5
2584.2667,  1.00000000,1,0,0.0,0.5
2584.3000,  1.00000000,1,0,0.0,0.5
2584.3333,  1.00000000,1,0,0.0,0.5
2584.3667,  1.00000000,1,0,0.0,0.5
2584.4000,  1.00000000,1,0,0.0,0.5
2584.4333,  1.00000000,1,0,0.0,0.5
2584.4667,  1.00000000,1,0,0.0,0.5
2584.5000,  1.00000000,1,0,0.0,0.5
2584.5333,  1.00000000,1,0,0.0,0.5
2584.5667,  1.00000000,1,0,0.0,0.5
2584.6000,  1.00000000,1,0,0.0,0.5
2584.6333,  1.00000000,1,0,0.0,0.5
2584.6667,  1.00000000,1,0,0.0,0.5
2584.7000,  1.00000000,1,0,0.0,0.5
2584.7333,  1.00000000,1,0,0.0,0.5
2584.7667,  1.00000000,1,0,0.0,0.5
2584.8000,  1.00000000,1,0,0.0,0.5
2584.8333,  1.00000000,1,0,0.0,0.5
2584.8667,  1.00000000,1,0,0.0,0.5
2584.9000,  1.00000000,1,0,0.0,0.5
2584.9333,  1.00000000,1,0,0.025000000000000001,0.5
2584.9667,  1.00000000,1,0,0.0,0.5
2585.0000,  1.00000000,1,0,0.0,0.5
2585.0333,  1.00000000,1,0,0.0,0.5
2585.0667,  1.00000000,1,0,0.0,0.5
2585.1000,  1.00000000,1,0,0.0,0.5
2585.1333,  1.00000000,1,0,0.0,0.5
2585.1667,  1.00000000,1,0,0.025000000000000001,0.5
2585.2000,  1.00000000,1,0,0.0,0.5
2585.2333,  1.00000000,1,0,0.0,0.5
2585.2667,  1.00000000,1,0,0.0,0.5
2585.3000,  1.00000000,1,0,0.0,0.5
2585.3333,  1.00000000,1,0,0.0,0.5
2585.3667,  1.00000000,1,0,0.0,0.5
2585.4000,  1.00000000,1,0,0.0,0.5
2585.4333,  1.00000000,1,0,0.025000000000000001,0.5
2585.4667,  1.00000000,1,0,0.0,0.5
2585.5000,  1.00000000,1,0,0.0,0.5
2585.5333,  1.00000000,1,0,0.0,0.5
2585.5667,  1.00000000,1,0,0.0,0.5
2585.6000,  1.00000000,1,0,0.0,0.5
2585.6333,  1.00000000,1,0,0.0,0.5
2585.6667,  1.00000000,1,0,0.0,0.5
2585.7000,  1.00000000,1,0,0.025000000000000001,0.5
2585.7333,  1.00000000,1,0,0.0,0.5
2585.7667,  1.00000000,1,0,0.0,0.5
2585.8000,  1.00000000,1,0,0.0,0.5
2585.8333,  1.00000000,1,0,0.0,0.5
2585.8667,  1.00000000,1,0,0.0,0.5
2585.9000,  1.00000000,1,0,0.0,0.5
2585.9333,  1.00000000,1,0,0.0,0.5
2585.9667,  1.00000000,1,0,0.0,0.5
2586.0000,  1.00000000,1,0,0.0,0.5
2586.0333,  1.00000000,1,0,0.0,0.5
2586.0667,  1.00000000,1,0,0.0,0.5
2586.1000,  1.00000000,1,0,0.0,0.5
2586.1333,  1.00000000,1,0,0.0,0.5
2586.1667,  1.00000000,1,0,0.0,0.5
2586.2000,  1.00000000,1,0,0.0,0.5
2586.2333,  1.00000000,1,0,0.0,0.5
2586.2667,  1.00000000,1,0,0.0,0.5
2586.3000,  1.00000000,1,0,0.0,0.5
2586.3333,  1.00000000,1,0,0.0,0.5
2586.3667,  1.00000000,1,0,0.0,0.5
2586.4000,  1.00000000,1,0,0.0,0.5
2586.4333,  1.00000000,1,0,0.0,0.5
2586.4667,  1.00000000,1,0,0.0,0.5
2586.5000,  1.00000000,1,0,0.0,0.5
2586.5333,  1.00000000,1,0,0.0,0.5
2586.5667,  1.00000000,1,0,0.0,0.5
2586.6000,  1.00000000,1,0,0.0,0.5
2586.6333,  1.00000000,1,0,0.0,0.5
2586.6667,  1.00000000,1,0,0.0,0.5
2586.7000,  1.00000000,1,0,0.0,0.5
2586.7333,  1.00000000,1,0,0.0,0.5
2586.7667,  1.00000000,1,0,0.0,0.5
2586.8000,  1.00000000,1,0,0.0,0.5
2586.8333,  1.00000000,1,0,0.0,0.5
2586.8667,  1.00000000,1,0,0.0,0.5
2586.9000,  1.00000000,1,0,0.0,0.5
2586.9333,  1.00000000,1,0,0.0,0.5
2586.9667,  1.00000000,1,0,0.0,0.5
2587.0000,  1.00000000,1,0,0.0,0.5
2587.0333,  1.00000000,1,0,0.0,0.5
2587.0667,  1.00000000,1,0,0.0,0.5
2587.1000,  1.00000000,1,0,0.0,0.5
2587.1333,  1.00000000,1,0,0.0,0.5
2587.1667,  1.00000000,1,0,0.0,0.5
2587.2000,  1.00000000,1,0,0.0,0.5
2587.2333,  1.00000000,1,0,0.0,0.5
2587.2667,  1.00000000,1,0,0.0,0.5
2587.3000,  1.00000000,1,0,0.0,0.5
2587.3333,  1.00000000,1,0,0.0,0.5
2587.3667,  1.00000000,1,0,0.0,0.5
2587.4000,  1.00000000,1,0,0.025000000000000001,0.5
2587.4333,  1.00000000,1,0,0.0,0.5
2587.4667,  1.00000000,1,0,0.0,0.5
2587.5000,  1.00000000,1,0,0.0,0.5
2587.5333,  1.00000000,1,0,0.0,0.5
2587.5667,  1.00000000,1,0,0.0,0.5
2587.6000,  1.00000000,1,0,0.0,0.5
2587.6333,  1.00000000,1,0,0.0,0.5
2587.6667,  1.00000000,1,0,0.0,0.5
2587.7000,  1.00000000,1,0,0.0,0.5
2587.7333,  1.00000000,1,0,0.0,0.5
2587.7667,  1.00000000,1,0,0.0,0.5
2587.8000,  1.00000000,1,0,0.0,0.5
2587.8333,  1.00000000,1,0,0.0,0.5
2587.8667,  1.00000000,1,0,0.0,0.5
2587.9000,  1.00000000,1,0,0.0,0.5
2587.9333,  1.00000000,1,0,0.0,0.5
2587.9667,  1.00000000,1,0,0.0,0.5
2588.0000,  1.00000000,1,0,0.0,0.5
2588.0333,  1.00000000,1,0,0.0,0.5
2588.0667,  1.00000000,1,0,0.025000000000000001,0.5
2588.1000,  1.00000000,1,0,0.0,0.5
2588.1333,  1.00000000,1,0,0.0,0.5
2588.1667,  1.00000000,1,0,0.0,0.5
2588.2000,  1.00000000,1,0,0.0,0.5
2588.2333,  1.00000000,1,0,0.0,0.5
2588.2667,  1.00000000,1,0,0.0,0.5
2588.3000,  1.00000000,1,0,0.0,0.5
2588.3333,  1.00000000,1,0,0.0,0.5
2588.3667,  1.00000000,1,0,0.0,0.5
2588.4000,  1.00000000,1,0,0.0,0.5
2588.4333,  1.00000000,1,0,0.0,0.5
2588.4667,  1.00000000,1,0,0.0,0.5
2588.5000,  1.00000000,1,0,0.0,0.5
2588.5333,  1.00000000,1,0,0.0,0.5
2588.5667,  1.00000000,1,0,0.0,0.5
2588.6000,  1.00000000,1,0,0.0,0.5
2588.6333,  1.00000000,1,0,0.0,0.5
2588.6667,  1.00000000,1,0,0.0,0.5
2588.7000,  1.00000000,1,0,0.0,0.5
2588.7333,  1.00000000,1,0,0.025000000000000001,0.5
2588.7667,  1.00000000,1,0,0.0,0.5
2588.8000,  1.00000000,1,0,0.0,0.5
2588.8333,  1.00000000,1,0,0.0,0.5
2588.8667,  1.00000000,1,0,0.0,0.5
2588.9000,  1.00000000,1,0,0.0,0.5
2588.9333,  1.00000000,1,0,0.0,0.5
2588.9667,  1.00000000,1,0,0.0,0.5
2589.0000,  1.00000000,1,0,0.0,0.5
2589.0333,  1.00000000,1,0,0.0,0.5
2589.0667,  1.00000000,1,0,0.0,0.5
2589.1000,  1.00000000,1,0,0.0,0.5
2589.1333,  1.00000000,1,0,0.0,0.5
2589.1667,  1.00000000,1,0,0.0,0.5
2589.2000,  1.00000000,1,0,0.0,0.5
2589.2333,  1.00000000,1,0,0.0,0.5
2589.2667,  1.00000000,1,0,0.0,0.5
2589.3000,  1.00000000,1,0,0.0,0.5
2589.3333,  1.00000000,1,0,0.0,0.5
2589.3667,  1.00000000,1,0,0.0,0.5
2589.4000,  1.00000000,1,0,0.0,0.5
2589.4333,  1.00000000,1,0,0.025000000000000001,0.5
2589.4667,  1.00000000,1,0,0.0,0.5
2589.5000,  1.00000000,1,0,0.0,0.5
2589.5333,  1.00000000,1,0,0.0,0.5
2589.5667,  1.00000000,1,0,0.0,0.5
2589.6000,  1.00000000,1,0,0.0,0.5
2589.6333,  1.00000000,1,0,0.0,0.5
2589.6667,  1.00000000,1,0,0.0,0.5
2589.7000,  1.00000000,1,0,0.0,0.5
2589.7333,  1.00000000,1,0,0.0,0.5
2589.7667,  1.00000000,1,0,0.0,0.5
2589.8000,  1.00000000,1,0,0.0,0.5
2589.8333,  1.00000000,1,0,0.0,0.5
2589.8667,  1.00000000,1,0,0.0,0.5
2589.9000,  1.00000000,1,0,0.0,0.5
2589.9333,  1.00000000,1,0,0.0,0.5
2589.9667,  1.00000000,1,0,0.0,0.5
2590.0000,  1.00000000,1,0,0.0,0.5
2590.0333,  1.00000000,1,0,0.0,0.5
2590.0667,  1.00000000,1,0,0.0,0.5
2590.1000,  1.00000000,1,0,0.0,0.5
2590.1333,  1.00000000,1,0,0.0,0.5
2590.1667,  1.00000000,1,0,0.0,0.5
2590.2000,  1.00000000,1,0,0.0,0.5
2590.2333,  1.00000000,1,0,0.0,0.5
2590.2667,  1.00000000,1,0,0.0,0.5
2590.3000,  1.00000000,1,0,0.0,0.5
2590.3333,  1.00000000,1,0,0.0,0.5
2590.3667,  1.00000000,1,0,0.025000000000000001,0.5
2590.4000,  1.00000000,1,0,0.0,0.5
2590.4333,  1.00000000,1,0,0.0,0.5
2590.4667,  1.00000000,1,0,0.0,0.5
2590.5000,  1.00000000,1,0,0.0,0.5
2590.5333,  1.00000000,1,0,0.0,0.5
2590.5667,  1.00000000,1,0,0.0,0.5
2590.6000,  1.00000000,1,0,0.0,0.5
2590.6333,  1.00000000,1,0,0.0,0.5
2590.6667,  1.00000000,1,0,0.0,0.5
2590.7000,  1.00000000,1,0,0.0,0.5
2590.7333,  1.00000000,1,0,0.0,0.5
2590.7667,  1.00000000,1,0,0.0,0.5
2590.8000,  1.00000000,1,0,0.0,0.5
2590.8333,  1.00000000,1,0,0.0,0.5
2590.8667,  1.00000000,1,0,0.0,0.5
2590.9000,  1.00000000,1,0,0.0,0.5
2590.9333,  1.00000000,1,0,0.0,0.5
2590.9667,  1.00000000,1,0,0.0,0.5
2591.0000,  1.00000000,1,0,0.0,0.5
2591.0333,  1.00000000,1,0,0.0,0.5
2591.0667,  1.00000000,1,0,0.0,0.5
2591.1000,  1.00000000,1,0,0.0,0.5
2591.1333,  1.00000000,1,0,0.0,0.5
2591.1667,  1.00000000,1,0,0.0,0.5
2591.2000,  1.00000000,1,0,0.0,0.5
2591.2333,  1.00000000,1,0,0.0,0.5
2591.2667,  1.00000000,1,0,0.0,0.5
2591.3000,  1.00000000,1,0,0.0,0.5
2591.3333,  1.00000000,1,0,0.0,0.5
2591.3667,  1.00000000,1,0,0.0,0.5
2591.4000,  1.00000000,1,0,0.0,0.5
2591.4333,  1.00000000,1,0,0.0,0.5
2591.4667,  1.00000000,1,0,0.0,0.5
2591.5000,  1.00000000,1,0,0.0,0.5
2591.5333,  1.00000000,1,0,0.0,0.5
2591.5667,  1.00000000,1,0,0.0,0.5
2591.6000,  1.00000000,1,0,0.0,0.5
2591.6333,  1.00000000,1,0,0.0,0.5
2591.6667,  1.00000000,1,0,0.0,0.5
2591.7000,  1.00000000,1,0,0.0,0.5
2591.7333,  1.00000000,1,0,0.0,0.5
2591.7667,  1.00000000,1,0,0.0,0.5
2591.8000,  1.00000000,1,0,0.0,0.5
2591.8333,  1.00000000,1,0,0.0,0.5
2591.8667,  1.00000000,1,0,0.0,0.5
2591.9000,  1.00000000,1,0,0.0,0.5
2591.9333,  1.00000000,1,0,0.0,0.5
2591.9667,  1.00000000,1,0,0.0,0.5
2592.0000,  1.00000000,1,0,0.0,0.5
2592.0333,  1.00000000,1,0,0.0,0.5
2592.0667,  1.00000000,1,0,0.0,0.5
2592.1000,  1.00000000,1,0,0.0,0.5
2592.1333,  1.00000000,1,0,0.0,0.5
2592.1667,  1.00000000,1,0,0.0,0.5
2592.2000,  1.00000000,1,0,0.025000000000000001,0.5
2592.2333,  1.00000000,1,0,0.0,0.5
2592.2667,  1.00000000,1,0,0.0,0.5
2592.3000,  1.00000000,1,0,0.0,0.5
2592.3333,  1.00000000,1,0,0.0,0.5
2592.3667,  1.00000000,1,0,0.0,0.5
2592.4000,  1.00000000,1,0,0.0,0.5
2592.4333,  1.00000000,1,0,0.0,0.5
2592.4667,  1.00000000,1,0,0.0,0.5
2592.5000,  1.00000000,1,0,0.025000000000000001,0.5
2592.5333,  1.00000000,1,0,0.0,0.5
2592.5667,  1.00000000,1,0,0.0,0.5
2592.6000,  1.00000000,1,0,0.0,0.5
2592.6333,  1.00000000,1,0,0.0,0.5
2592.6667,  1.00000000,1,0,0.0,0.5
2592.7000,  1.00000000,1,0,0.0,0.5
2592.7333,  1.00000000,1,0,0.0,0.5
2592.7667,  1.00000000,1,0,0.0,0.5
2592.8000,  1.00000000,1,0,0.0,0.5
2592.8333,  1.00000000,1,0,0.0,0.5
2592.8667,  1.00000000,1,0,0.0,0.5
2592.9000,  1.00000000,1,0,0.0,0.5
2592.9333,  1.00000000,1,0,0.0,0.5
2592.9667,  1.00000000,1,0,0.0,0.5
2593.0000,  1.00000000,1,0,0.0,0.5
2593.0333,  1.00000000,1,0,0.0,0.5
2593.0667,  1.00000000,1,0,0.0,0.5
2593.1000,  1.00000000,1,0,0.0,0.5
2593.1333,  1.00000000,1,0,0.0,0.5
2593.1667,  1.00000000,1,0,0.0,0.5
2593.2000,  1.00000000,1,0,0.0,0.5
2593.2333,  1.00000000,1,0,0.0,0.5
2593.2667,  1.00000000,1,0,0.0,0.5
2593.3000,  1.00000000,1,0,0.0,0.5
2593.3333,  1.00000000,1,0,0.0,0.5
2593.3667,  1.00000000,1,0,0.0,0.5
2593.4000,  1.00000000,1,0,0.0,0.5
2593.4333,  1.00000000,1,0,0.0,0.5
2593.4667,  1.00000000,1,0,0.0,0.5
2593.5000,  1.00000000,1,0,0.0,0.5
2593.5333,  1.00000000,1,0,0.0,0.5
2593.5667,  1.00000000,1,0,0.0,0.5
2593.6000,  1.00000000,1,0,0.0,0.5
2593.6333,  1.00000000,1,0,0.0,0.5
2593.6667,  1.00000000,1,0,0.0,0.5
2593.7000,  1.00000000,1,0,0.0,0.5
2593.7333,  1.00000000,1,0,0.0,0.5
2593.7667,  1.00000000,1,0,0.0,0.5
2593.8000,  1.00000000,1,0,0.025000000000000001,0.5
2593.8333,  1.00000000,1,0,0.025000000000000001,0.5
2593.8667,  1.00000000,1,0,0.0,0.5
2593.9000,  1.00000000,1,0,0.0,0.5
2593.9333,  1.00000000,1,0,0.0,0.5
2593.9667,  1.00000000,1,0,0.0,0.5
2594.0000,  1.00000000,1,0,0.0,0.5
2594.0333,  1.00000000,1,0,0.0,0.5
2594.0667,  1.00000000,1,0,0.0,0.5
2594.1000,  1.00000000,1,0,0.0,0.5
2594.1333,  1.00000000,1,0,0.0,0.5
2594.1667,  1.00000000,1,0,0.0,0.5
2594.2000,  1.00000000,1,0,0.0,0.5
2594.2333,  1.00000000,1,0,0.0,0.5
2594.2667,  1.00000000,1,0,0.0,0.5
2594.3000,  1.00000000,1,0,0.0,0.5
2594.3333,  1.00000000,1,0,0.0,0.5
2594.3667,  1.00000000,1,0,0.0,0.5
2594.4000,  1.00000000,1,0,0.0,0.5
2594.4333,  1.00000000,1,0,0.0,0.5
2594.4667,  1.00000000,1,0,0.0,0.5
2594.5000,  1.00000000,1,0,0.0,0.5
2594.5333,  1.00000000,1,0,0.0,0.5
2594.5667,  1.00000000,1,0,0.0,0.5
2594.6000,  1.00000000,1,0,0.0,0.5
2594.6333,  1.00000000,1,0,0.0,0.5
2594.6667,  1.00000000,1,0,0.0,0.5
2594.7000,  1.00000000,1,0,0.0,0.5
2594.7333,  1.00000000,1,0,0.0,0.5
2594.7667,  1.00000000,1,0,0.0,0.5
2594.8000,  1.00000000,1,0,0.0,0.5
2594.8333,  1.00000000,1,0,0.0,0.5
2594.8667,  1.00000000,1,0,0.025000000000000001,0.5
2594.9000,  1.00000000,1,0,0.0,0.5
2594.9333,  1.00000000,1,0,0.0,0.5
2594.9667,  1.00000000,1,0,0.0,0.5
2595.0000,  1.00000000,1,0,0.0,0.5
2595.0333,  1.00000000,1,0,0.0,0.5
2595.0667,  1.00000000,1,0,0.025000000000000001,0.5
2595.1000,  1.00000000,1,0,0.025000000000000001,0.5
2595.1333,  1.00000000,1,0,0.0,0.5
2595.1667,  1.00000000,1,0,0.0,0.5
2595.2000,  1.00000000,1,0,0.0,0.5
2595.2333,  1.00000000,1,0,0.0,0.5
2595.2667,  1.00000000,1,0,0.0,0.5
2595.3000,  1.00000000,1,0,0.0,0.5
2595.3333,  1.00000000,1,0,0.0,0.5
2595.3667,  1.00000000,1,0,0.0,0.5
2595.4000,  1.00000000,1,0,0.0,0.5
2595.4333,  1.00000000,1,0,0.0,0.5
2595.4667,  1.00000000,1,0,0.0,0.5
2595.5000,  1.00000000,1,0,0.0,0.5
2595.5333,  1.00000000,1,0,0.0,0.5
2595.5667,  1.00000000,1,0,0.0,0.5
2595.6000,  1.00000000,1,0,0.0,0.5
2595.6333,  1.00000000,1,0,0.0,0.5
2595.6667,  1.00000000,1,0,0.0,0.5
2595.7000,  1.00000000,1,0,0.0,0.5
2595.7333,  1.00000000,1,0,0.0,0.5
2595.7667,  1.00000000,1,0,0.0,0.5
2595.8000,  1.00000000,1,0,0.0,0.5
2595.8333,  1.00000000,1,0,0.025000000000000001,0.5
2595.8667,  1.00000000,1,0,0.0,0.5
2595.9000,  1.00000000,1,0,0.0,0.5
2595.9333,  1.00000000,1,0,0.0,0.5
2595.9667,  1.00000000,1,0,0.0,0.5
2596.0000,  1.00000000,1,0,0.0,0.5
2596.0333,  1.00000000,1,0,0.0,0.5
2596.0667,  1.00000000,1,0,0.0,0.5
2596.1000,  1.00000000,1,0,0.0,0.5
2596.1333,  1.00000000,1,0,0.0,0.5
2596.1667,  1.00000000,1,0,0.0,0.5
2596.2000,  1.00000000,1,0,0.0,0.5
2596.2333,  1.00000000,1,0,0.0,0.5
2596.2667,  1.00000000,1,0,0.0,0.5
2596.3000,  1.00000000,1,0,0.0,0.5
2596.3333,  1.00000000,1,0,0.0,0.5
2596.3667,  1.00000000,1,0,0.0,0.5
2596.4000,  1.00000000,1,0,0.0,0.5
2596.4333,  1.00000000,1,0,0.0,0.5
2596.4667,  1.00000000,1,0,0.0,0.5
2596.5000,  1.00000000,1,0,0.0,0.5
2596.5333,  1.00000000,1,0,0.0,0.5
2596.5667,  1.00000000,1,0,0.0,0.5
2596.6000,  1.00000000,1,0,0.0,0.5
2596.6333,  1.00000000,1,0,0.0,0.5
2596.6667,  1.00000000,1,0,0.025000000000000001,0.5
2596.7000,  1.00000000,1,0,0.0,0.5
2596.7333,  1.00000000,1,0,0.0,0.5
2596.7667,  1.00000000,1,0,0.0,0.5
2596.8000,  1.00000000,1,0,0.0,0.5
2596.8333,  1.00000000,1,0,0.025000000000000001,0.5
2596.8667,  1.00000000,1,0,0.0,0.5
2596.9000,  1.00000000,1,0,0.0,0.5
2596.9333,  1.00000000,1,0,0.0,0.5
2596.9667,  1.00000000,1,0,0.0,0.5
2597.0000,  1.00000000,1,0,0.0,0.5
2597.0333,  1.00000000,1,0,0.0,0.5
2597.0667,  1.00000000,1,0,0.0,0.5
2597.1000,  1.00000000,1,0,0.0,0.5
2597.1333,  1.00000000,1,0,0.0,0.5
2597.1667,  1.00000000,1,0,0.0,0.5
2597.2000,  1.00000000,1,0,0.0,0.5
2597.2333,  1.00000000,1,0,0.0,0.5
2597.2667,  1.00000000,1,0,0.0,0.5
2597.3000,  1.00000000,1,0,0.0,0.5
2597.3333,  1.00000000,1,0,0.0,0.5
2597.3667,  1.00000000,1,0,0.0,0.5
2597.4000,  1.00000000,1,0,0.0,0.5
2597.4333,  1.00000000,1,0,0.0,0.5
2597.4667,  1.00000000,1,0,0.0,0.5
2597.5000,  1.00000000,1,0,0.0,0.5
2597.5333,  1.00000000,1,0,0.0,0.5
2597.5667,  1.00000000,1,0,0.0,0.5
2597.6000,  1.00000000,1,0,0.0,0.5
2597.6333,  1.00000000,1,0,0.0,0.5
2597.6667,  1.00000000,1,0,0.0,0.5
2597.7000,  1.00000000,1,0,0.050000000000000003,0.5
2597.7333,  1.00000000,1,0,0.0,0.5
2597.7667,  1.00000000,1,0,0.025000000000000001,0.5
2597.8000,  1.00000000,1,0,0.0,0.5
2597.8333,  1.00000000,1,0,0.0,0.5
2597.8667,  1.00000000,1,0,0.0,0.5
2597.9000,  1.00000000,1,0,0.0,0.5
2597.9333,  1.00000000,1,0,0.0,0.5
2597.9667,  1.00000000,1,0,0.0,0.5
2598.0000,  1.00000000,1,0,0.0,0.5
2598.0333,  1.00000000,1,0,0.0,0.5
2598.0667,  1.00000000,1,0,0.0,0.5
2598.1000,  1.00000000,1,0,0.0,0.5
2598.1333,  1.00000000,1,0,0.0,0.5
2598.1667,  1.00000000,1,0,0.0,0.5
2598.2000,  1.00000000,1,0,0.0,0.5
2598.2333,  1.00000000,1,0,0.0,0.5
2598.2667,  1.00000000,1,0,0.0,0.5
2598.3000,  1.00000000,1,0,0.0,0.5
2598.3333,  1.00000000,1,0,0.025000000000000001,0.5
2598.3667,  1.00000000,1,0,0.0,0.5
2598.4000,  1.00000000,1,0,0.0,0.5
2598.4333,  1.00000000,1,0,0.0,0.5
2598.4667,  1.00000000,1,0,0.0,0.5
2598.5000,  1.00000000,1,0,0.0,0.5
2598.5333,  1.00000000,1,0,0.0,0.5
2598.5667,  1.00000000,1,0,0.0,0.5
2598.6000,  1.00000000,1,0,0.0,0.5
2598.6333,  1.00000000,1,0,0.0,0.5
2598.6667,  1.00000000,1,0,0.0,0.5
2598.7000,  1.00000000,1,0,0.0,0.5
2598.7333,  1.00000000,1,0,0.0,0.5
2598.7667,  1.00000000,1,0,0.0,0.5
2598.8000,  1.00000000,1,0,0.0,0.5
2598.8333,  1.00000000,1,0,0.0,0.5
2598.8667,  1.00000000,1,0,0.0,0.5
2598.9000,  1.00000000,1,0,0.0,0.5
2598.9333,  1.00000000,1,0,0.0,0.5
2598.9667,  1.00000000,1,0,0.025000000000000001,0.5
2599.0000,  1.00000000,1,0,0.0,0.5
2599.0333,  1.00000000,1,0,0.0,0.5
2599.0667,  1.00000000,1,0,0.0,0.5
2599.1000,  1.00000000,1,0,0.0,0.5
2599.1333,  1.00000000,1,0,0.0,0.5
2599.1667,  1.00000000,1,0,0.0,0.5
2599.2000,  1.00000000,1,0,0.0,0.5
2599.2333,  1.00000000,1,0,0.0,0.5
2599.2667,  1.00000000,1,0,0.0,0.5
2599.3000,  1.00000000,1,0,0.0,0.5
2599.3333,  1.00000000,1,0,0.0,0.5
2599.3667,  1.00000000,1,0,0.025000000000000001,0.5
2599.4000,  1.00000000,1,0,0.025000000000000001,0.5
2599.4333,  1.00000000,1,0,0.0,0.5
2599.4667,  1.00000000,1,0,0.0,0.5
2599.5000,  1.00000000,1,0,0.0,0.5
2599.5333,  1.00000000,1,0,0.0,0.5
2599.5667,  1.00000000,1,0,0.0,0.5
2599.6000,  1.00000000,1,0,0.0,0.5
2599.6333,  1.00000000,1,0,0.0,0.5
2599.6667,  1.00000000,1,0,0.0,0.5
2599.7000,  1.00000000,1,0,0.0,0.5
2599.7333,  1.00000000,1,0,0.0,0.5
2599.7667,  1.00000000,1,0,0.0,0.5
2599.8000,  1.00000000,1,0,0.0,0.5
2599.8333,  1.00000000,1,0,0.0,0.5
2599.8667,  1.00000000,1,0,0.0,0.5
2599.9000,  1.00000000,1,0,0.0,0.5
2599.9333,  1.00000000,1,0,0.0,0.5
2599.9667,  1.00000000,1,0,0.0,0.5
2600.0000,  1.00000000,1,0,0.0,0.5
2600.0333,  1.00000000,1,0,0.0,0.5
2600.0667,  1.00000000,1,0,0.0,0.5
2600.1000,  1.00000000,1,0,0.0,0.5
2600.1333,  1.00000000,1,0,0.0,0.5
2600.1667,  1.00000000,1,0,0.0,0.5
2600.2000,  1.00000000,1,0,0.0,0.5
2600.2333,  1.00000000,1,0,0.025000000000000001,0.5
2600.2667,  1.00000000,1,0,0.0,0.5
2600.3000,  1.00000000,1,0,0.0,0.5
2600.3333,  1.00000000,1,0,0.0,0.5
2600.3667,  1.00000000,1,0,0.0,0.5
2600.4000,  1.00000000,1,0,0.0,0.5
2600.4333,  1.00000000,1,0,0.0,0.5
2600.4667,  1.00000000,1,0,0.0,0.5
2600.5000,  1.00000000,1,0,0.0,0.5
2600.5333,  1.00000000,1,0,0.0,0.5
2600.5667,  1.00000000,1,0,0.0,0.5
2600.6000,  1.00000000,1,0,0.0,0.5
2600.6333,  1.00000000,1,0,0.0,0.5
2600.6667,  1.00000000,1,0,0.0,0.5
2600.7000,  1.00000000,1,0,0.0,0.5
2600.7333,  1.00000000,1,0,0.0,0.5
2600.7667,  1.00000000,1,0,0.0,0.5
2600.8000,  1.00000000,1,0,0.025000000000000001,0.5
2600.8333,  1.00000000,1,0,0.0,0.5
2600.8667,  1.00000000,1,0,0.0,0.5
2600.9000,  1.00000000,1,0,0.0,0.5
2600.9333,  1.00000000,1,0,0.0,0.5
2600.9667,  1.00000000,1,0,0.0,0.5
2601.0000,  1.00000000,1,0,0.0,0.5
2601.0333,  1.00000000,1,0,0.0,0.5
2601.0667,  1.00000000,1,0,0.0,0.5
2601.1000,  1.00000000,1,0,0.0,0.5
2601.1333,  1.00000000,1,0,0.0,0.5
2601.1667,  1.00000000,1,0,0.0,0.5
2601.2000,  1.00000000,1,0,0.0,0.5
2601.2333,  1.00000000,1,0,0.0,0.5
2601.2667,  1.00000000,1,0,0.0,0.5
2601.3000,  1.00000000,1,0,0.0,0.5
2601.3333,  1.00000000,1,0,0.0,0.5
2601.3667,  1.00000000,1,0,0.025000000000000001,0.5
2601.4000,  1.00000000,1,0,0.0,0.5
2601.4333,  1.00000000,1,0,0.0,0.5
2601.4667,  1.00000000,1,0,0.025000000000000001,0.5
2601.5000,  1.00000000,1,0,0.0,0.5
2601.5333,  1.00000000,1,0,0.0,0.5
2601.5667,  1.00000000,1,0,0.0,0.5
2601.6000,  1.00000000,1,0,0.0,0.5
2601.6333,  1.00000000,1,0,0.0,0.5
2601.6667,  1.00000000,1,0,0.0,0.5
2601.7000,  1.00000000,1,0,0.0,0.5
2601.7333,  1.00000000,1,0,0.0,0.5
2601.7667,  1.00000000,1,0,0.0,0.5
2601.8000,  1.00000000,1,0,0.025000000000000001,0.5
2601.8333,  1.00000000,1,0,0.0,0.5
2601.8667,  1.00000000,1,0,0.0,0.5
2601.9000,  1.00000000,1,0,0.0,0.5
2601.9333,  1.00000000,1,0,0.0,0.5
2601.9667,  1.00000000,1,0,0.0,0.5
2602.0000,  1.00000000,1,0,0.0,0.5
2602.0333,  1.00000000,1,0,0.0,0.5
2602.0667,  1.00000000,1,0,0.0,0.5
2602.1000,  1.00000000,1,0,0.0,0.5
2602.1333,  1.00000000,1,0,0.0,0.5
2602.1667,  1.00000000,1,0,0.0,0.5
2602.2000,  1.00000000,1,0,0.0,0.5
2602.2333,  1.00000000,1,0,0.0,0.5
2602.2667,  1.00000000,1,0,0.0,0.5
2602.3000,  1.00000000,1,0,0.0,0.5
2602.3333,  1.00000000,1,0,0.0,0.5
2602.3667,  1.00000000,1,0,0.0,0.5
2602.4000,  1.00000000,1,0,0.0,0.5
2602.4333,  1.00000000,1,0,0.0,0.5
2602.4667,  1.00000000,1,0,0.0,0.5
2602.5000,  1.00000000,1,0,0.0,0.5
2602.5333,  1.00000000,1,0,0.0,0.5
2602.5667,  1.00000000,1,0,0.0,0.5
2602.6000,  1.00000000,1,0,0.0,0.5
2602.6333,  1.00000000,1,0,0.0,0.5
2602.6667,  1.00000000,1,0,0.0,0.5
2602.7000,  1.00000000,1,0,0.0,0.5
2602.7333,  1.00000000,1,0,0.0,0.5
2602.7667,  1.00000000,1,0,0.0,0.5
2602.8000,  1.00000000,1,0,0.0,0.5
2602.8333,  1.00000000,1,0,0.0,0.5
2602.8667,  1.00000000,1,0,0.0,0.5
2602.9000,  1.00000000,1,0,0.0,0.5
2602.9333,  1.00000000,1,0,0.0,0.5
2602.9667,  1.00000000,1,0,0.0,0.5
2603.0000,  1.00000000,1,0,0.025000000000000001,0.5
2603.0333,  1.00000000,1,0,0.0,0.5
2603.0667,  1.00000000,1,0,0.0,0.5
2603.1000,  1.00000000,1,0,0.0,0.5
2603.1333,  1.00000000,1,0,0.0,0.5
2603.1667,  1.00000000,1,0,0.0,0.5
2603.2000,  1.00000000,1,0,0.0,0.5
2603.2333,  1.00000000,1,0,0.0,0.5
2603.2667,  1.00000000,1,0,0.0,0.5
2603.3000,  1.00000000,1,0,0.0,0.5
2603.3333,  1.00000000,1,0,0.0,0.5
2603.3667,  1.00000000,1,0,0.0,0.5
2603.4000,  1.00000000,1,0,0.0,0.5
2603.4333,  1.00000000,1,0,0.0,0.5
2603.4667,  1.00000000,1,0,0.0,0.5
2603.5000,  1.00000000,1,0,0.0,0.5
2603.5333,  1.00000000,1,0,0.0,0.5
2603.5667,  1.00000000,1,0,0.0,0.5
2603.6000,  1.00000000,1,0,0.0,0.5
2603.6333,  1.00000000,1,0,0.0,0.5
2603.6667,  1.00000000,1,0,0.025000000000000001,0.5
2603.7000,  1.00000000,1,0,0.0,0.5
2603.7333,  1.00000000,1,0,0.0,0.5
2603.7667,  1.00000000,1,0,0.0,0.5
2603.8000,  1.00000000,1,0,0.0,0.5
2603.8333,  1.00000000,1,0,0.0,0.5
2603.8667,  1.00000000,1,0,0.0,0.5
2603.9000,  1.00000000,1,0,0.0,0.5
2603.9333,  1.00000000,1,0,0.0,0.5
2603.9667,  1.00000000,1,0,0.0,0.5
2604.0000,  1.00000000,1,0,0.0,0.5
2604.0333,  1.00000000,1,0,0.0,0.5
2604.0667,  1.00000000,1,0,0.0,0.5
2604.1000,  1.00000000,1,0,0.0,0.5
2604.1333,  1.00000000,1,0,0.0,0.5
2604.1667,  1.00000000,1,0,0.0,0.5
2604.2000,  1.00000000,1,0,0.0,0.5
2604.2333,  1.00000000,1,0,0.0,0.5
2604.2667,  1.00000000,1,0,0.0,0.5
2604.3000,  1.00000000,1,0,0.0,0.5
2604.3333,  1.00000000,1,0,0.0,0.5
2604.3667,  1.00000000,1,0,0.0,0.5
2604.4000,  1.00000000,1,0,0.0,0.5
2604.4333,  1.00000000,1,0,0.0,0.5
2604.4667,  1.00000000,1,0,0.0,0.5
2604.5000,  1.00000000,1,0,0.0,0.5
2604.5333,  1.00000000,1,0,0.0,0.5
2604.5667,  1.00000000,1,0,0.0,0.5
2604.6000,  1.00000000,1,0,0.0,0.5
2604.6333,  1.00000000,1,0,0.0,0.5
2604.6667,  1.00000000,1,0,0.025000000000000001,0.5
2604.7000,  1.00000000,1,0,0.0,0.5
2604.7333,  1.00000000,1,0,0.0,0.5
2604.7667,  1.00000000,1,0,0.0,0.5
2604.8000,  1.00000000,1,0,0.0,0.5
2604.8333,  1.00000000,1,0,0.0,0.5
2604.8667,  1.00000000,1,0,0.0,0.5
2604.9000,  1.00000000,1,0,0.025000000000000001,0.5
2604.9333,  1.00000000,1,0,0.0,0.5
2604.9667,  1.00000000,1,0,0.0,0.5
2605.0000,  1.00000000,1,0,0.0,0.5
2605.0333,  1.00000000,1,0,0.0,0.5
2605.0667,  1.00000000,1,0,0.0,0.5
2605.1000,  1.00000000,1,0,0.0,0.5
2605.1333,  1.00000000,1,0,0.0,0.5
2605.1667,  1.00000000,1,0,0.0,0.5
2605.2000,  1.00000000,1,0,0.0,0.5
2605.2333,  1.00000000,1,0,0.0,0.5
2605.2667,  1.00000000,1,0,0.0,0.5
2605.3000,  1.00000000,1,0,0.0,0.5
2605.3333,  1.00000000,1,0,0.0,0.5
2605.3667,  1.00000000,1,0,0.0,0.5
2605.4000,  1.00000000,1,0,0.0,0.5
2605.4333,  1.00000000,1,0,0.0,0.5
2605.4667,  1.00000000,1,0,0.0,0.5
2605.5000,  1.00000000,1,0,0.0,0.5
2605.5333,  1.00000000,1,0,0.0,0.5
2605.5667,  1.00000000,1,0,0.0,0.5
2605.6000,  1.00000000,1,0,0.0,0.5
2605.6333,  1.00000000,1,0,0.0,0.5
2605.6667,  1.00000000,1,0,0.0,0.5
2605.7000,  1.00000000,1,0,0.0,0.5
2605.7333,  1.00000000,1,0,0.0,0.5
2605.7667,  1.00000000,1,0,0.0,0.5
2605.8000,  1.00000000,1,0,0.0,0.5
2605.8333,  1.00000000,1,0,0.0,0.5
2605.8667,  1.00000000,1,0,0.0,0.5
2605.9000,  1.00000000,1,0,0.0,0.5
2605.9333,  1.00000000,1,0,0.0,0.5
2605.9667,  1.00000000,1,0,0.0,0.5
2606.0000,  1.00000000,1,0,0.0,0.5
2606.0333,  1.00000000,1,0,0.0,0.5
2606.0667,  1.00000000,1,0,0.0,0.5
2606.1000,  1.00000000,1,0,0.0,0.5
2606.1333,  1.00000000,1,0,0.0,0.5
2606.1667,  1.00000000,1,0,0.0,0.5
2606.2000,  1.00000000,1,0,0.025000000000000001,0.5
2606.2333,  1.00000000,1,0,0.0,0.5
2606.2667,  1.00000000,1,0,0.0,0.5
2606.3000,  1.00000000,1,0,0.0,0.5
2606.3333,  1.00000000,1,0,0.0,0.5
2606.3667,  1.00000000,1,0,0.0,0.5
2606.4000,  1.00000000,1,0,0.0,0.5
2606.4333,  1.00000000,1,0,0.0,0.5
2606.4667,  1.00000000,1,0,0.0,0.5
2606.5000,  1.00000000,1,0,0.0,0.5
2606.5333,  1.00000000,1,0,0.0,0.5
2606.5667,  1.00000000,1,0,0.0,0.5
2606.6000,  1.00000000,1,0,0.0,0.5
2606.6333,  1.00000000,1,0,0.0,0.5
2606.6667,  1.00000000,1,0,0.0,0.5
2606.7000,  1.00000000,1,0,0.0,0.5
2606.7333,  1.00000000,1,0,0.0,0.5
2606.7667,  1.00000000,1,0,0.0,0.5
2606.8000,  1.00000000,1,0,0.0,0.5
2606.8333,  1.00000000,1,0,0.0,0.5
2606.8667,  1.00000000,1,0,0.0,0.5
2606.9000,  1.00000000,1,0,0.0,0.5
2606.9333,  1.00000000,1,0,0.0,0.5
2606.9667,  1.00000000,1,0,0.0,0.5
2607.0000,  1.00000000,1,0,0.0,0.5
2607.0333,  1.00000000,1,0,0.0,0.5
2607.0667,  1.00000000,1,0,0.0,0.5
2607.1000,  1.00000000,1,0,0.0,0.5
2607.1333,  1.00000000,1,0,0.0,0.5
2607.1667,  1.00000000,1,0,0.0,0.5
2607.2000,  1.00000000,1,0,0.0,0.5
2607.2333,  1.00000000,1,0,0.0,0.5
2607.2667,  1.00000000,1,0,0.0,0.5
2607.3000,  1.00000000,1,0,0.0,0.5
2607.3333,  1.00000000,1,0,0.0,0.5
2607.3667,  1.00000000,1,0,0.0,0.5
2607.4000,  1.00000000,1,0,0.0,0.5
2607.4333,  1.00000000,1,0,0.0,0.5
2607.4667,  1.00000000,1,0,0.0,0.5
2607.5000,  1.00000000,1,0,0.0,0.5
2607.5333,  1.00000000,1,0,0.0,0.5
2607.5667,  1.00000000,1,0,0.0,0.5
2607.6000,  1.00000000,1,0,0.0,0.5
2607.6333,  1.00000000,1,0,0.0,0.5
2607.6667,  1.00000000,1,0,0.0,0.5
2607.7000,  1.00000000,1,0,0.0,0.5
2607.7333,  1.00000000,1,0,0.025000000000000001,0.5
2607.7667,  1.00000000,1,0,0.0,0.5
2607.8000,  1.00000000,1,0,0.0,0.5
2607.8333,  1.00000000,1,0,0.0,0.5
2607.8667,  1.00000000,1,0,0.0,0.5
2607.9000,  1.00000000,1,0,0.0,0.5
2607.9333,  1.00000000,1,0,0.0,0.5
2607.9667,  1.00000000,1,0,0.0,0.5
2608.0000,  1.00000000,1,0,0.0,0.5
2608.0333,  1.00000000,1,0,0.0,0.5
2608.0667,  1.00000000,1,0,0.0,0.5
2608.1000,  1.00000000,1,0,0.0,0.5
2608.1333,  1.00000000,1,0,0.0,0.5
2608.1667,  1.00000000,1,0,0.0,0.5
2608.2000,  1.00000000,1,0,0.0,0.5
2608.2333,  1.00000000,1,0,0.0,0.5
2608.2667,  1.00000000,1,0,0.0,0.5
2608.3000,  1.00000000,1,0,0.0,0.5
2608.3333,  1.00000000,1,0,0.0,0.5
2608.3667,  1.00000000,1,0,0.0,0.5
2608.4000,  1.00000000,1,0,0.0,0.5
2608.4333,  1.00000000,1,0,0.0,0.5
2608.4667,  1.00000000,1,0,0.0,0.5
2608.5000,  1.00000000,1,0,0.0,0.5
2608.5333,  1.00000000,1,0,0.0,0.5
2608.5667,  1.00000000,1,0,0.0,0.5
2608.6000,  1.00000000,1,0,0.0,0.5
2608.6333,  1.00000000,1,0,0.0,0.5
2608.6667,  1.00000000,1,0,0.0,0.5
2608.7000,  1.00000000,1,0,0.0,0.5
2608.7333,  1.00000000,1,0,0.0,0.5
2608.7667,  1.00000000,1,0,0.0,0.5
2608.8000,  1.00000000,1,0,0.0,0.5
2608.8333,  1.00000000,1,0,0.0,0.5
2608.8667,  1.00000000,1,0,0.0,0.5
2608.9000,  1.00000000,1,0,0.0,0.5
2608.9333,  1.00000000,1,0,0.0,0.5
2608.9667,  1.00000000,1,0,0.0,0.5
2609.0000,  1.00000000,1,0,0.0,0.5
2609.0333,  1.00000000,1,0,0.0,0.5
2609.0667,  1.00000000,1,0,0.0,0.5
2609.1000,  1.00000000,1,0,0.0,0.5
2609.1333,  1.00000000,1,0,0.0,0.5
2609.1667,  1.00000000,1,0,0.0,0.5
2609.2000,  1.00000000,1,0,0.0,0.5
2609.2333,  1.00000000,1,0,0.0,0.5
2609.2667,  1.00000000,1,0,0.0,0.5
2609.3000,  1.00000000,1,0,0.0,0.5
2609.3333,  1.00000000,1,0,0.0,0.5
2609.3667,  1.00000000,1,0,0.0,0.5
2609.4000,  1.00000000,1,0,0.0,0.5
2609.4333,  1.00000000,1,0,0.0,0.5
2609.4667,  1.00000000,1,0,0.0,0.5
2609.5000,  1.00000000,1,0,0.0,0.5
2609.5333,  1.00000000,1,0,0.0,0.5
2609.5667,  1.00000000,1,0,0.0,0.5
2609.6000,  1.00000000,1,0,0.0,0.5
2609.6333,  1.00000000,1,0,0.0,0.5
2609.6667,  1.00000000,1,0,0.0,0.5
2609.7000,  1.00000000,1,0,0.0,0.5
2609.7333,  1.00000000,1,0,0.0,0.5
2609.7667,  1.00000000,1,0,0.0,0.5
2609.8000,  1.00000000,1,0,0.0,0.5
2609.8333,  1.00000000,1,0,0.0,0.5
2609.8667,  1.00000000,1,0,0.0,0.5
2609.9000,  1.00000000,1,0,0.0,0.5
2609.9333,  1.00000000,1,0,0.0,0.5
2609.9667,  1.00000000,1,0,0.0,0.5
2610.0000,  1.00000000,1,0,0.0,0.5
2610.0333,  1.00000000,1,0,0.0,0.5
2610.0667,  1.00000000,1,0,0.025000000000000001,0.5
2610.1000,  1.00000000,1,0,0.0,0.5
2610.1333,  1.00000000,1,0,0.0,0.5
2610.1667,  1.00000000,1,0,0.0,0.5
2610.2000,  1.00000000,1,0,0.0,0.5
2610.2333,  1.00000000,1,0,0.0,0.5
2610.2667,  1.00000000,1,0,0.025000000000000001,0.5
2610.3000,  1.00000000,1,0,0.0,0.5
2610.3333,  1.00000000,1,0,0.0,0.5
2610.3667,  1.00000000,1,0,0.0,0.5
2610.4000,  1.00000000,1,0,0.0,0.5
2610.4333,  1.00000000,1,0,0.0,0.5
2610.4667,  1.00000000,1,0,0.0,0.5
2610.5000,  1.00000000,1,0,0.0,0.5
2610.5333,  1.00000000,1,0,0.0,0.5
2610.5667,  1.00000000,1,0,0.0,0.5
2610.6000,  1.00000000,1,0,0.0,0.5
2610.6333,  1.00000000,1,0,0.0,0.5
2610.6667,  1.00000000,1,0,0.0,0.5
2610.7000,  1.00000000,1,0,0.0,0.5
2610.7333,  1.00000000,1,0,0.0,0.5
2610.7667,  1.00000000,1,0,0.0,0.5
2610.8000,  1.00000000,1,0,0.0,0.5
2610.8333,  1.00000000,1,0,0.0,0.5
2610.8667,  1.00000000,1,0,0.0,0.5
2610.9000,  1.00000000,1,0,0.0,0.5
2610.9333,  1.00000000,1,0,0.0,0.5
2610.9667,  1.00000000,1,0,0.0,0.5
2611.0000,  1.00000000,1,0,0.0,0.5
2611.0333,  1.00000000,1,0,0.0,0.5
2611.0667,  1.00000000,1,0,0.0,0.5
2611.1000,  1.00000000,1,0,0.0,0.5
2611.1333,  1.00000000,1,0,0.0,0.5
2611.1667,  1.00000000,1,0,0.0,0.5
2611.2000,  1.00000000,1,0,0.0,0.5
2611.2333,  1.00000000,1,0,0.0,0.5
2611.2667,  1.00000000,1,0,0.0,0.5
2611.3000,  1.00000000,1,0,0.0,0.5
2611.3333,  1.00000000,1,0,0.0,0.5
2611.3667,  1.00000000,1,0,0.0,0.5
2611.4000,  1.00000000,1,0,0.0,0.5
2611.4333,  1.00000000,1,0,0.0,0.5
2611.4667,  1.00000000,1,0,0.0,0.5
2611.5000,  1.00000000,1,0,0.0,0.5
2611.5333,  1.00000000,1,0,0.0,0.5
2611.5667,  1.00000000,1,0,0.0,0.5
2611.6000,  1.00000000,1,0,0.0,0.5
2611.6333,  1.00000000,1,0,0.0,0.5
2611.6667,  1.00000000,1,0,0.0,0.5
2611.7000,  1.00000000,1,0,0.0,0.5
2611.7333,  1.00000000,1,0,0.0,0.5
2611.7667,  1.00000000,1,0,0.0,0.5
2611.8000,  1.00000000,1,0,0.0,0.5
2611.8333,  1.00000000,1,0,0.0,0.5
2611.8667,  1.00000000,1,0,0.0,0.5
2611.9000,  1.00000000,1,0,0.0,0.5
2611.9333,  1.00000000,1,0,0.0,0.5
2611.9667,  1.00000000,1,0,0.0,0.5
2612.0000,  1.00000000,1,0,0.0,0.5
2612.0333,  1.00000000,1,0,0.0,0.5
2612.0667,  1.00000000,1,0,0.0,0.5
2612.1000,  1.00000000,1,0,0.0,0.5
2612.1333,  1.00000000,1,0,0.0,0.5
2612.1667,  1.00000000,1,0,0.0,0.5
2612.2000,  1.00000000,1,0,0.0,0.5
2612.2333,  1.00000000,1,0,0.0,0.5
2612.2667,  1.00000000,1,0,0.0,0.5
2612.3000,  1.00000000,1,0,0.0,0.5
2612.3333,  1.00000000,1,0,0.0,0.5
2612.3667,  1.00000000,1,0,0.025000000000000001,0.5
2612.4000,  1.00000000,1,0,0.0,0.5
2612.4333,  1.00000000,1,0,0.0,0.5
2612.4667,  1.00000000,1,0,0.0,0.5
2612.5000,  1.00000000,1,0,0.0,0.5
2612.5333,  1.00000000,1,0,0.0,0.5
2612.5667,  1.00000000,1,0,0.0,0.5
2612.6000,  1.00000000,1,0,0.0,0.5
2612.6333,  1.00000000,1,0,0.0,0.5
2612.6667,  1.00000000,1,0,0.0,0.5
2612.7000,  1.00000000,1,0,0.0,0.5
2612.7333,  1.00000000,1,0,0.0,0.5
2612.7667,  1.00000000,1,0,0.0,0.5
2612.8000,  1.00000000,1,0,0.0,0.5
2612.8333,  1.00000000,1,0,0.0,0.5
2612.8667,  1.00000000,1,0,0.0,0.5
2612.9000,  1.00000000,1,0,0.0,0.5
2612.9333,  1.00000000,1,0,0.0,0.5
2612.9667,  1.00000000,1,0,0.0,0.5
2613.0000,  1.00000000,1,0,0.0,0.5
2613.0333,  1.00000000,1,0,0.0,0.5
2613.0667,  1.00000000,1,0,0.0,0.5
2613.1000,  1.00000000,1,0,0.0,0.5
2613.1333,  1.00000000,1,0,0.0,0.5
2613.1667,  1.00000000,1,0,0.0,0.5
2613.2000,  1.00000000,1,0,0.0,0.5
2613.2333,  1.00000000,1,0,0.0,0.5
2613.2667,  1.00000000,1,0,0.0,0.5
2613.3000,  1.00000000,1,0,0.0,0.5
2613.3333,  1.00000000,1,0,0.0,0.5
2613.3667,  1.00000000,1,0,0.0,0.5
2613.4000,  1.00000000,1,0,0.0,0.5
2613.4333,  1.00000000,1,0,0.0,0.5
2613.4667,  1.00000000,1,0,0.0,0.5
2613.5000,  1.00000000,1,0,0.0,0.5
2613.5333,  1.00000000,1,0,0.0,0.5
2613.5667,  1.00000000,1,0,0.0,0.5
2613.6000,  1.00000000,1,0,0.0,0.5
2613.6333,  1.00000000,1,0,0.0,0.5
2613.6667,  1.00000000,1,0,0.0,0.5
2613.7000,  1.00000000,1,0,0.0,0.5
2613.7333,  1.00000000,1,0,0.0,0.5
2613.7667,  1.00000000,1,0,0.0,0.5
2613.8000,  1.00000000,1,0,0.0,0.5
2613.8333,  1.00000000,1,0,0.0,0.5
2613.8667,  1.00000000,1,0,0.025000000000000001,0.5
2613.9000,  1.00000000,1,0,0.0,0.5
2613.9333,  1.00000000,1,0,0.0,0.5
2613.9667,  1.00000000,1,0,0.0,0.5
2614.0000,  1.00000000,1,0,0.0,0.5
2614.0333,  1.00000000,1,0,0.0,0.5
2614.0667,  1.00000000,1,0,0.0,0.5
2614.1000,  1.00000000,1,0,0.0,0.5
2614.1333,  1.00000000,1,0,0.0,0.5
2614.1667,  1.00000000,1,0,0.0,0.5
2614.2000,  1.00000000,1,0,0.0,0.5
2614.2333,  1.00000000,1,0,0.0,0.5
2614.2667,  1.00000000,1,0,0.0,0.5
2614.3000,  1.00000000,1,0,0.0,0.5
2614.3333,  1.00000000,1,0,0.0,0.5
2614.3667,  1.00000000,1,0,0.0,0.5
2614.4000,  1.00000000,1,0,0.0,0.5
2614.4333,  1.00000000,1,0,0.0,0.5
2614.4667,  1.00000000,1,0,0.0,0.5
2614.5000,  1.00000000,1,0,0.0,0.5
2614.5333,  1.00000000,1,0,0.0,0.5
2614.5667,  1.00000000,1,0,0.0,0.5
2614.6000,  1.00000000,1,0,0.025000000000000001,0.5
2614.6333,  1.00000000,1,0,0.0,0.5
2614.6667,  1.00000000,1,0,0.0,0.5
2614.7000,  1.00000000,1,0,0.0,0.5
2614.7333,  1.00000000,1,0,0.0,0.5
2614.7667,  1.00000000,1,0,0.0,0.5
2614.8000,  1.00000000,1,0,0.0,0.5
2614.8333,  1.00000000,1,0,0.0,0.5
2614.8667,  1.00000000,1,0,0.0,0.5
2614.9000,  1.00000000,1,0,0.0,0.5
2614.9333,  1.00000000,1,0,0.0,0.5
2614.9667,  1.00000000,1,0,0.0,0.5
2615.0000,  1.00000000,1,0,0.0,0.5
2615.0333,  1.00000000,1,0,0.0,0.5
2615.0667,  1.00000000,1,0,0.0,0.5
2615.1000,  1.00000000,1,0,0.0,0.5
2615.1333,  1.00000000,1,0,0.0,0.5
2615.1667,  1.00000000,1,0,0.0,0.5
2615.2000,  1.00000000,1,0,0.0,0.5
2615.2333,  1.00000000,1,0,0.0,0.5
2615.2667,  1.00000000,1,0,0.0,0.5
2615.3000,  1.00000000,1,0,0.0,0.5
2615.3333,  1.00000000,1,0,0.0,0.5
2615.3667,  1.00000000,1,0,0.0,0.5
2615.4000,  1.00000000,1,0,0.0,0.5
2615.4333,  1.00000000,1,0,0.0,0.5
2615.4667,  1.00000000,1,0,0.0,0.5
2615.5000,  1.00000000,1,0,0.0,0.5
2615.5333,  1.00000000,1,0,0.0,0.5
2615.5667,  1.00000000,1,0,0.0,0.5
2615.6000,  1.00000000,1,0,0.0,0.5
2615.6333,  1.00000000,1,0,0.0,0.5
2615.6667,  1.00000000,1,0,0.025000000000000001,0.5
2615.7000,  1.00000000,1,0,0.0,0.5
2615.7333,  1.00000000,1,0,0.0,0.5
2615.7667,  1.00000000,1,0,0.0,0.5
2615.8000,  1.00000000,1,0,0.0,0.5
2615.8333,  1.00000000,1,0,0.025000000000000001,0.5
2615.8667,  1.00000000,1,0,0.0,0.5
2615.9000,  1.00000000,1,0,0.0,0.5
2615.9333,  1.00000000,1,0,0.025000000000000001,0.5
2615.9667,  1.00000000,1,0,0.0,0.5
2616.0000,  1.00000000,1,0,0.0,0.5
2616.0333,  1.00000000,1,0,0.0,0.5
2616.0667,  1.00000000,1,0,0.0,0.5
2616.1000,  1.00000000,1,0,0.0,0.5
2616.1333,  1.00000000,1,0,0.0,0.5
2616.1667,  1.00000000,1,0,0.0,0.5
2616.2000,  1.00000000,1,0,0.0,0.5
2616.2333,  1.00000000,1,0,0.0,0.5
2616.2667,  1.00000000,1,0,0.0,0.5
2616.3000,  1.00000000,1,0,0.0,0.5
2616.3333,  1.00000000,1,0,0.0,0.5
2616.3667,  1.00000000,1,0,0.0,0.5
2616.4000,  1.00000000,1,0,0.0,0.5
2616.4333,  1.00000000,1,0,0.0,0.5
2616.4667,  1.00000000,1,0,0.0,0.5
2616.5000,  1.00000000,1,0,0.0,0.5
2616.5333,  1.00000000,1,0,0.0,0.5
2616.5667,  1.00000000,1,0,0.0,0.5
2616.6000,  1.00000000,1,0,0.0,0.5
2616.6333,  1.00000000,1,0,0.0,0.5
2616.6667,  1.00000000,1,0,0.0,0.5
2616.7000,  1.00000000,1,0,0.0,0.5
2616.7333,  1.00000000,1,0,0.0,0.5
2616.7667,  1.00000000,1,0,0.0,0.5
2616.8000,  1.00000000,1,0,0.0,0.5
2616.8333,  1.00000000,1,0,0.0,0.5
2616.8667,  1.00000000,1,0,0.0,0.5
2616.9000,  1.00000000,1,0,0.0,0.5
2616.9333,  1.00000000,1,0,0.025000000000000001,0.5
2616.9667,  1.00000000,1,0,0.0,0.5
2617.0000,  1.00000000,1,0,0.0,0.5
2617.0333,  1.00000000,1,0,0.0,0.5
2617.0667,  1.00000000,1,0,0.0,0.5
2617.1000,  1.00000000,1,0,0.0,0.5
2617.1333,  1.00000000,1,0,0.0,0.5
2617.1667,  1.00000000,1,0,0.0,0.5
2617.2000,  1.00000000,1,0,0.0,0.5
2617.2333,  1.00000000,1,0,0.0,0.5
2617.2667,  1.00000000,1,0,0.0,0.5
2617.3000,  1.00000000,1,0,0.0,0.5
2617.3333,  1.00000000,1,0,0.0,0.5
2617.3667,  1.00000000,1,0,0.0,0.5
2617.4000,  1.00000000,1,0,0.0,0.5
2617.4333,  1.00000000,1,0,0.0,0.5
2617.4667,  1.00000000,1,0,0.0,0.5
2617.5000,  1.00000000,1,0,0.0,0.5
2617.5333,  1.00000000,1,0,0.0,0.5
2617.5667,  1.00000000,1,0,0.0,0.5
2617.6000,  1.00000000,1,0,0.0,0.5
2617.6333,  1.00000000,1,0,0.0,0.5
2617.6667,  1.00000000,1,0,0.0,0.5
2617.7000,  1.00000000,1,0,0.0,0.5
2617.7333,  1.00000000,1,0,0.0,0.5
2617.7667,  1.00000000,1,0,0.0,0.5
2617.8000,  1.00000000,1,0,0.0,0.5
2617.8333,  1.00000000,1,0,0.0,0.5
2617.8667,  1.00000000,1,0,0.0,0.5
2617.9000,  1.00000000,1,0,0.0,0.5
2617.9333,  1.00000000,1,0,0.0,0.5
2617.9667,  1.00000000,1,0,0.0,0.5
2618.0000,  1.00000000,1,0,0.0,0.5
2618.0333,  1.00000000,1,0,0.0,0.5
2618.0667,  1.00000000,1,0,0.0,0.5
2618.1000,  1.00000000,1,0,0.0,0.5
2618.1333,  1.00000000,1,0,0.025000000000000001,0.5
2618.1667,  1.00000000,1,0,0.0,0.5
2618.2000,  1.00000000,1,0,0.0,0.5
2618.2333,  1.00000000,1,0,0.0,0.5
2618.2667,  1.00000000,1,0,0.0,0.5
2618.3000,  1.00000000,1,0,0.0,0.5
2618.3333,  1.00000000,1,0,0.0,0.5
2618.3667,  1.00000000,1,0,0.0,0.5
2618.4000,  1.00000000,1,0,0.0,0.5
2618.4333,  1.00000000,1,0,0.0,0.5
2618.4667,  1.00000000,1,0,0.0,0.5
2618.5000,  1.00000000,1,0,0.0,0.5
2618.5333,  1.00000000,1,0,0.0,0.5
2618.5667,  1.00000000,1,0,0.0,0.5
2618.6000,  1.00000000,1,0,0.025000000000000001,0.5
2618.6333,  1.00000000,1,0,0.0,0.5
2618.6667,  1.00000000,1,0,0.0,0.5
2618.7000,  1.00000000,1,0,0.0,0.5
2618.7333,  1.00000000,1,0,0.0,0.5
2618.7667,  1.00000000,1,0,0.0,0.5
2618.8000,  1.00000000,1,0,0.0,0.5
2618.8333,  1.00000000,1,0,0.0,0.5
2618.8667,  1.00000000,1,0,0.0,0.5
2618.9000,  1.00000000,1,0,0.0,0.5
2618.9333,  1.00000000,1,0,0.0,0.5
2618.9667,  1.00000000,1,0,0.0,0.5
2619.0000,  1.00000000,1,0,0.0,0.5
2619.0333,  1.00000000,1,0,0.0,0.5
2619.0667,  1.00000000,1,0,0.0,0.5
2619.1000,  1.00000000,1,0,0.0,0.5
2619.1333,  1.00000000,1,0,0.0,0.5
2619.1667,  1.00000000,1,0,0.0,0.5
2619.2000,  1.00000000,1,0,0.0,0.5
2619.2333,  1.00000000,1,0,0.0,0.5
2619.2667,  1.00000000,1,0,0.0,0.5
2619.3000,  1.00000000,1,0,0.0,0.5
2619.3333,  1.00000000,1,0,0.0,0.5
2619.3667,  1.00000000,1,0,0.0,0.5
2619.4000,  1.00000000,1,0,0.025000000000000001,0.5
2619.4333,  1.00000000,1,0,0.0,0.5
2619.4667,  1.00000000,1,0,0.0,0.5
2619.5000,  1.00000000,1,0,0.0,0.5
2619.5333,  1.00000000,1,0,0.0,0.5
2619.5667,  1.00000000,1,0,0.0,0.5
2619.6000,  1.00000000,1,0,0.0,0.5
2619.6333,  1.00000000,1,0,0.0,0.5
2619.6667,  1.00000000,1,0,0.0,0.5
2619.7000,  1.00000000,1,0,0.0,0.5
2619.7333,  1.00000000,1,0,0.0,0.5
2619.7667,  1.00000000,1,0,0.0,0.5
2619.8000,  1.00000000,1,0,0.0,0.5
2619.8333,  1.00000000,1,0,0.0,0.5
2619.8667,  1.00000000,1,0,0.0,0.5
2619.9000,  1.00000000,1,0,0.0,0.5
2619.9333,  1.00000000,1,0,0.0,0.5
2619.9667,  1.00000000,1,0,0.025000000000000001,0.5
2620.0000,  1.00000000,1,0,0.0,0.5
2620.0333,  1.00000000,1,0,0.0,0.5
2620.0667,  1.00000000,1,0,0.0,0.5
2620.1000,  1.00000000,1,0,0.025000000000000001,0.5
2620.1333,  1.00000000,1,0,0.0,0.5
2620.1667,  1.00000000,1,0,0.0,0.5
2620.2000,  1.00000000,1,0,0.0,0.5
2620.2333,  1.00000000,1,0,0.0,0.5
2620.2667,  1.00000000,1,0,0.0,0.5
2620.3000,  1.00000000,1,0,0.0,0.5
2620.3333,  1.00000000,1,0,0.0,0.5
2620.3667,  1.00000000,1,0,0.0,0.5
2620.4000,  1.00000000,1,0,0.0,0.5
2620.4333,  1.00000000,1,0,0.0,0.5
2620.4667,  1.00000000,1,0,0.0,0.5
2620.5000,  1.00000000,1,0,0.0,0.5
2620.5333,  1.00000000,1,0,0.0,0.5
2620.5667,  1.00000000,1,0,0.0,0.5
2620.6000,  1.00000000,1,0,0.0,0.5
2620.6333,  1.00000000,1,0,0.0,0.5
2620.6667,  1.00000000,1,0,0.0,0.5
2620.7000,  1.00000000,1,0,0.0,0.5
2620.7333,  1.00000000,1,0,0.0,0.5
2620.7667,  1.00000000,1,0,0.0,0.5
2620.8000,  1.00000000,1,0,0.0,0.5
2620.8333,  1.00000000,1,0,0.0,0.5
2620.8667,  1.00000000,1,0,0.0,0.5
2620.9000,  1.00000000,1,0,0.0,0.5
2620.9333,  1.00000000,1,0,0.0,0.5
2620.9667,  1.00000000,1,0,0.0,0.5
2621.0000,  1.00000000,1,0,0.0,0.5
2621.0333,  1.00000000,1,0,0.0,0.5
2621.0667,  1.00000000,1,0,0.0,0.5
2621.1000,  1.00000000,1,0,0.0,0.5
2621.1333,  1.00000000,1,0,0.0,0.5
2621.1667,  1.00000000,1,0,0.0,0.5
2621.2000,  1.00000000,1,0,0.0,0.5
2621.2333,  1.00000000,1,0,0.0,0.5
2621.2667,  1.00000000,1,0,0.0,0.5
2621.3000,  1.00000000,1,0,0.0,0.5
2621.3333,  1.00000000,1,0,0.0,0.5
2621.3667,  1.00000000,1,0,0.0,0.5
2621.4000,  1.00000000,1,0,0.0,0.5
2621.4333,  1.00000000,1,0,0.0,0.5
2621.4667,  1.00000000,1,0,0.0,0.5
2621.5000,  1.00000000,1,0,0.0,0.5
2621.5333,  1.00000000,1,0,0.0,0.5
2621.5667,  1.00000000,1,0,0.0,0.5
2621.6000,  1.00000000,1,0,0.0,0.5
2621.6333,  1.00000000,1,0,0.0,0.5
2621.6667,  1.00000000,1,0,0.0,0.5
2621.7000,  1.00000000,1,0,0.0,0.5
2621.7333,  1.00000000,1,0,0.0,0.5
2621.7667,  1.00000000,1,0,0.0,0.5
2621.8000,  1.00000000,1,0,0.0,0.5
2621.8333,  1.00000000,1,0,0.0,0.5
2621.8667,  1.00000000,1,0,0.0,0.5
2621.9000,  1.00000000,1,0,0.0,0.5
2621.9333,  1.00000000,1,0,0.0,0.5
2621.9667,  1.00000000,1,0,0.0,0.5
2622.0000,  1.00000000,1,0,0.0,0.5
2622.0333,  1.00000000,1,0,0.0,0.5
2622.0667,  1.00000000,1,0,0.0,0.5
2622.1000,  1.00000000,1,0,0.0,0.5
2622.1333,  1.00000000,1,0,0.0,0.5
2622.1667,  1.00000000,1,0,0.0,0.5
2622.2000,  1.00000000,1,0,0.0,0.5
2622.2333,  1.00000000,1,0,0.0,0.5
2622.2667,  1.00000000,1,0,0.0,0.5
2622.3000,  1.00000000,1,0,0.0,0.5
2622.3333,  1.00000000,1,0,0.0,0.5
2622.3667,  1.00000000,1,0,0.0,0.5
2622.4000,  1.00000000,1,0,0.0,0.5
2622.4333,  1.00000000,1,0,0.0,0.5
2622.4667,  1.00000000,1,0,0.0,0.5
2622.5000,  1.00000000,1,0,0.025000000000000001,0.5
2622.5333,  1.00000000,1,0,0.0,0.5
2622.5667,  1.00000000,1,0,0.0,0.5
2622.6000,  1.00000000,1,0,0.0,0.5
2622.6333,  1.00000000,1,0,0.0,0.5
2622.6667,  1.00000000,1,0,0.0,0.5
2622.7000,  1.00000000,1,0,0.0,0.5
2622.7333,  1.00000000,1,0,0.0,0.5
2622.7667,  1.00000000,1,0,0.0,0.5
2622.8000,  1.00000000,1,0,0.0,0.5
2622.8333,  1.00000000,1,0,0.0,0.5
2622.8667,  1.00000000,1,0,0.0,0.5
2622.9000,  1.00000000,1,0,0.0,0.5
2622.9333,  1.00000000,1,0,0.0,0.5
2622.9667,  1.00000000,1,0,0.0,0.5
2623.0000,  1.00000000,1,0,0.025000000000000001,0.5
2623.0333,  1.00000000,1,0,0.0,0.5
2623.0667,  1.00000000,1,0,0.0,0.5
2623.1000,  1.00000000,1,0,0.0,0.5
2623.1333,  1.00000000,1,0,0.0,0.5
2623.1667,  1.00000000,1,0,0.0,0.5
2623.2000,  1.00000000,1,0,0.0,0.5
2623.2333,  1.00000000,1,0,0.0,0.5
2623.2667,  1.00000000,1,0,0.0,0.5
2623.3000,  1.00000000,1,0,0.0,0.5
2623.3333,  1.00000000,1,0,0.0,0.5
2623.3667,  1.00000000,1,0,0.0,0.5
2623.4000,  1.00000000,1,0,0.0,0.5
2623.4333,  1.00000000,1,0,0.0,0.5
2623.4667,  1.00000000,1,0,0.0,0.5
2623.5000,  1.00000000,1,0,0.0,0.5
2623.5333,  1.00000000,1,0,0.0,0.5
2623.5667,  1.00000000,1,0,0.0,0.5
2623.6000,  1.00000000,1,0,0.0,0.5
2623.6333,  1.00000000,1,0,0.0,0.5
2623.6667,  1.00000000,1,0,0.0,0.5
2623.7000,  1.00000000,1,0,0.0,0.5
2623.7333,  1.00000000,1,0,0.0,0.5
2623.7667,  1.00000000,1,0,0.0,0.5
2623.8000,  1.00000000,1,0,0.0,0.5
2623.8333,  1.00000000,1,0,0.0,0.5
2623.8667,  1.00000000,1,0,0.0,0.5
2623.9000,  1.00000000,1,0,0.0,0.5
2623.9333,  1.00000000,1,0,0.0,0.5
2623.9667,  1.00000000,1,0,0.0,0.5
2624.0000,  1.00000000,1,0,0.0,0.5
2624.0333,  1.00000000,1,0,0.0,0.5
2624.0667,  1.00000000,1,0,0.0,0.5
2624.1000,  1.00000000,1,0,0.0,0.5
2624.1333,  1.00000000,1,0,0.0,0.5
2624.1667,  1.00000000,1,0,0.0,0.5
2624.2000,  1.00000000,1,0,0.0,0.5
2624.2333,  1.00000000,1,0,0.0,0.5
2624.2667,  1.00000000,1,0,0.0,0.5
2624.3000,  1.00000000,1,0,0.0,0.5
2624.3333,  1.00000000,1,0,0.0,0.5
2624.3667,  1.00000000,1,0,0.0,0.5
2624.4000,  1.00000000,1,0,0.0,0.5
2624.4333,  1.00000000,1,0,0.0,0.5
2624.4667,  1.00000000,1,0,0.0,0.5
2624.5000,  1.00000000,1,0,0.0,0.5
2624.5333,  1.00000000,1,0,0.0,0.5
2624.5667,  1.00000000,1,0,0.0,0.5
2624.6000,  1.00000000,1,0,0.0,0.5
2624.6333,  1.00000000,1,0,0.025000000000000001,0.5
2624.6667,  1.00000000,1,0,0.0,0.5
2624.7000,  1.00000000,1,0,0.0,0.5
2624.7333,  1.00000000,1,0,0.0,0.5
2624.7667,  1.00000000,1,0,0.025000000000000001,0.5
2624.8000,  1.00000000,1,0,0.0,0.5
2624.8333,  1.00000000,1,0,0.0,0.5
2624.8667,  1.00000000,1,0,0.0,0.5
2624.9000,  1.00000000,1,0,0.0,0.5
2624.9333,  1.00000000,1,0,0.0,0.5
2624.9667,  1.00000000,1,0,0.0,0.5
2625.0000,  1.00000000,1,0,0.0,0.5
2625.0333,  1.00000000,1,0,0.0,0.5
2625.0667,  1.00000000,1,0,0.0,0.5
2625.1000,  1.00000000,1,0,0.0,0.5
2625.1333,  1.00000000,1,0,0.0,0.5
2625.1667,  1.00000000,1,0,0.0,0.5
2625.2000,  1.00000000,1,0,0.0,0.5
2625.2333,  1.00000000,1,0,0.0,0.5
2625.2667,  1.00000000,1,0,0.0,0.5
2625.3000,  1.00000000,1,0,0.0,0.5
2625.3333,  1.00000000,1,0,0.0,0.5
2625.3667,  1.00000000,1,0,0.0,0.5
2625.4000,  1.00000000,1,0,0.0,0.5
2625.4333,  1.00000000,1,0,0.0,0.5
2625.4667,  1.00000000,1,0,0.0,0.5
2625.5000,  1.00000000,1,0,0.0,0.5
2625.5333,  1.00000000,1,0,0.0,0.5
2625.5667,  1.00000000,1,0,0.0,0.5
2625.6000,  1.00000000,1,0,0.0,0.5
2625.6333,  1.00000000,1,0,0.025000000000000001,0.5
2625.6667,  1.00000000,1,0,0.0,0.5
2625.7000,  1.00000000,1,0,0.0,0.5
2625.7333,  1.00000000,1,0,0.0,0.5
2625.7667,  1.00000000,1,0,0.0,0.5
2625.8000,  1.00000000,1,0,0.0,0.5
2625.8333,  1.00000000,1,0,0.0,0.5
2625.8667,  1.00000000,1,0,0.0,0.5
2625.9000,  1.00000000,1,0,0.0,0.5
2625.9333,  1.00000000,1,0,0.0,0.5
2625.9667,  1.00000000,1,0,0.0,0.5
2626.0000,  1.00000000,1,0,0.0,0.5
2626.0333,  1.00000000,1,0,0.0,0.5
2626.0667,  1.00000000,1,0,0.025000000000000001,0.5
2626.1000,  1.00000000,1,0,0.0,0.5
2626.1333,  1.00000000,1,0,0.0,0.5
2626.1667,  1.00000000,1,0,0.0,0.5
2626.2000,  1.00000000,1,0,0.0,0.5
2626.2333,  1.00000000,1,0,0.0,0.5
2626.2667,  1.00000000,1,0,0.0,0.5
2626.3000,  1.00000000,1,0,0.0,0.5
2626.3333,  1.00000000,1,0,0.0,0.5
2626.3667,  1.00000000,1,0,0.0,0.5
2626.4000,  1.00000000,1,0,0.025000000000000001,0.5
2626.4333,  1.00000000,1,0,0.0,0.5
2626.4667,  1.00000000,1,0,0.0,0.5
2626.5000,  1.00000000,1,0,0.0,0.5
2626.5333,  1.00000000,1,0,0.0,0.5
2626.5667,  1.00000000,1,0,0.0,0.5
2626.6000,  1.00000000,1,0,0.0,0.5
2626.6333,  1.00000000,1,0,0.0,0.5
2626.6667,  1.00000000,1,0,0.0,0.5
2626.7000,  1.00000000,1,0,0.0,0.5
2626.7333,  1.00000000,1,0,0.0,0.5
2626.7667,  1.00000000,1,0,0.0,0.5
2626.8000,  1.00000000,1,0,0.0,0.5
2626.8333,  1.00000000,1,0,0.0,0.5
2626.8667,  1.00000000,1,0,0.025000000000000001,0.5
2626.9000,  1.00000000,1,0,0.0,0.5
2626.9333,  1.00000000,1,0,0.0,0.5
2626.9667,  1.00000000,1,0,0.0,0.5
2627.0000,  1.00000000,1,0,0.025000000000000001,0.5
2627.0333,  1.00000000,1,0,0.0,0.5
2627.0667,  1.00000000,1,0,0.0,0.5
2627.1000,  1.00000000,1,0,0.0,0.5
2627.1333,  1.00000000,1,0,0.0,0.5
2627.1667,  1.00000000,1,0,0.0,0.5
2627.2000,  1.00000000,1,0,0.0,0.5
2627.2333,  1.00000000,1,0,0.025000000000000001,0.5
2627.2667,  1.00000000,1,0,0.0,0.5
2627.3000,  1.00000000,1,0,0.0,0.5
2627.3333,  1.00000000,1,0,0.0,0.5
2627.3667,  1.00000000,1,0,0.0,0.5
2627.4000,  1.00000000,1,0,0.0,0.5
2627.4333,  1.00000000,1,0,0.025000000000000001,0.5
2627.4667,  1.00000000,1,0,0.0,0.5
2627.5000,  1.00000000,1,0,0.0,0.5
2627.5333,  1.00000000,1,0,0.0,0.5
2627.5667,  1.00000000,1,0,0.0,0.5
2627.6000,  1.00000000,1,0,0.0,0.5
2627.6333,  1.00000000,1,0,0.0,0.5
2627.6667,  1.00000000,1,0,0.0,0.5
2627.7000,  1.00000000,1,0,0.0,0.5
2627.7333,  1.00000000,1,0,0.025000000000000001,0.5
2627.7667,  1.00000000,1,0,0.0,0.5
2627.8000,  1.00000000,1,0,0.0,0.5
2627.8333,  1.00000000,1,0,0.0,0.5
2627.8667,  1.00000000,1,0,0.0,0.5
2627.9000,  1.00000000,1,0,0.0,0.5
2627.9333,  1.00000000,1,0,0.025000000000000001,0.5
2627.9667,  1.00000000,1,0,0.0,0.5
2628.0000,  1.00000000,1,0,0.0,0.5
2628.0333,  1.00000000,1,0,0.0,0.5
2628.0667,  1.00000000,1,0,0.025000000000000001,0.5
2628.1000,  1.00000000,1,0,0.0,0.5
2628.1333,  1.00000000,1,0,0.0,0.5
2628.1667,  1.00000000,1,0,0.0,0.5
2628.2000,  1.00000000,1,0,0.0,0.5
2628.2333,  1.00000000,1,0,0.0,0.5
2628.2667,  1.00000000,1,0,0.0,0.5
2628.3000,  1.00000000,1,0,0.0,0.5
2628.3333,  1.00000000,1,0,0.0,0.5
2628.3667,  1.00000000,1,0,0.0,0.5
2628.4000,  1.00000000,1,0,0.025000000000000001,0.5
2628.4333,  1.00000000,1,0,0.0,0.5
2628.4667,  1.00000000,1,0,0.0,0.5
2628.5000,  1.00000000,1,0,0.0,0.5
2628.5333,  1.00000000,1,0,0.0,0.5
2628.5667,  1.00000000,1,0,0.0,0.5
2628.6000,  1.00000000,1,0,0.0,0.5
2628.6333,  1.00000000,1,0,0.0,0.5
2628.6667,  1.00000000,1,0,0.0,0.5
2628.7000,  1.00000000,1,0,0.0,0.5
2628.7333,  1.00000000,1,0,0.0,0.5
2628.7667,  1.00000000,1,0,0.0,0.5
2628.8000,  1.00000000,1,0,0.0,0.5
2628.8333,  1.00000000,1,0,0.0,0.5
2628.8667,  1.00000000,1,0,0.0,0.5
2628.9000,  1.00000000,1,0,0.0,0.5
2628.9333,  1.00000000,1,0,0.0,0.5
2628.9667,  1.00000000,1,0,0.0,0.5
2629.0000,  1.00000000,1,0,0.0,0.5
2629.0333,  1.00000000,1,0,0.0,0.5
2629.0667,  1.00000000,1,0,0.0,0.5
2629.1000,  1.00000000,1,0,0.0,0.5
2629.1333,  1.00000000,1,0,0.0,0.5
2629.1667,  1.00000000,1,0,0.0,0.5
2629.2000,  1.00000000,1,0,0.0,0.5
2629.2333,  1.00000000,1,0,0.0,0.5
2629.2667,  1.00000000,1,0,0.0,0.5
2629.3000,  1.00000000,1,0,0.0,0.5
2629.3333,  1.00000000,1,0,0.0,0.5
2629.3667,  1.00000000,1,0,0.0,0.5
2629.4000,  1.00000000,1,0,0.0,0.5
2629.4333,  1.00000000,1,0,0.0,0.5
2629.4667,  1.00000000,1,0,0.0,0.5
2629.5000,  1.00000000,1,0,0.0,0.5
2629.5333,  1.00000000,1,0,0.0,0.5
2629.5667,  1.00000000,1,0,0.0,0.5
2629.6000,  1.00000000,1,0,0.0,0.5
2629.6333,  1.00000000,1,0,0.0,0.5
2629.6667,  1.00000000,1,0,0.0,0.5
2629.7000,  1.00000000,1,0,0.0,0.5
2629.7333,  1.00000000,1,0,0.0,0.5
2629.7667,  1.00000000,1,0,0.0,0.5
2629.8000,  1.00000000,1,0,0.0,0.5
2629.8333,  1.00000000,1,0,0.0,0.5
2629.8667,  1.00000000,1,0,0.0,0.5
2629.9000,  1.00000000,1,0,0.0,0.5
2629.9333,  1.00000000,1,0,0.0,0.5
2629.9667,  1.00000000,1,0,0.0,0.5
2630.0000,  1.00000000,1,0,0.0,0.5
2630.0333,  1.00000000,1,0,0.0,0.5
2630.0667,  1.00000000,1,0,0.0,0.5
2630.1000,  1.00000000,1,0,0.0,0.5
2630.1333,  1.00000000,1,0,0.0,0.5
2630.1667,  1.00000000,1,0,0.0,0.5
2630.2000,  1.00000000,1,0,0.0,0.5
2630.2333,  1.00000000,1,0,0.0,0.5
2630.2667,  1.00000000,1,0,0.0,0.5
2630.3000,  1.00000000,1,0,0.0,0.5
2630.3333,  1.00000000,1,0,0.0,0.5
2630.3667,  1.00000000,1,0,0.0,0.5
2630.4000,  1.00000000,1,0,0.0,0.5
2630.4333,  1.00000000,1,0,0.0,0.5
2630.4667,  1.00000000,1,0,0.0,0.5
2630.5000,  1.00000000,1,0,0.0,0.5
2630.5333,  1.00000000,1,0,0.0,0.5
2630.5667,  1.00000000,1,0,0.0,0.5
2630.6000,  1.00000000,1,0,0.0,0.5
2630.6333,  1.00000000,1,0,0.0,0.5
2630.6667,  1.00000000,1,0,0.0,0.5
2630.7000,  1.00000000,1,0,0.0,0.5
2630.7333,  1.00000000,1,0,0.0,0.5
2630.7667,  1.00000000,1,0,0.0,0.5
2630.8000,  1.00000000,1,0,0.0,0.5
2630.8333,  1.00000000,1,0,0.0,0.5
2630.8667,  1.00000000,1,0,0.0,0.5
2630.9000,  1.00000000,1,0,0.0,0.5
2630.9333,  1.00000000,1,0,0.0,0.5
2630.9667,  1.00000000,1,0,0.0,0.5
2631.0000,  1.00000000,1,0,0.0,0.5
2631.0333,  1.00000000,1,0,0.0,0.5
2631.0667,  1.00000000,1,0,0.0,0.5
2631.1000,  1.00000000,1,0,0.0,0.5
2631.1333,  1.00000000,1,0,0.0,0.5
2631.1667,  1.00000000,1,0,0.0,0.5
2631.2000,  1.00000000,1,0,0.0,0.5
2631.2333,  1.00000000,1,0,0.0,0.5
2631.2667,  1.00000000,1,0,0.0,0.5
2631.3000,  1.00000000,1,0,0.0,0.5
2631.3333,  1.00000000,1,0,0.0,0.5
2631.3667,  1.00000000,1,0,0.0,0.5
2631.4000,  1.00000000,1,0,0.0,0.5
2631.4333,  1.00000000,1,0,0.0,0.5
2631.4667,  1.00000000,1,0,0.0,0.5
2631.5000,  1.00000000,1,0,0.0,0.5
2631.5333,  1.00000000,1,0,0.0,0.5
2631.5667,  1.00000000,1,0,0.0,0.5
2631.6000,  1.00000000,1,0,0.0,0.5
2631.6333,  1.00000000,1,0,0.0,0.5
2631.6667,  1.00000000,1,0,0.0,0.5
2631.7000,  1.00000000,1,0,0.0,0.5
2631.7333,  1.00000000,1,0,0.0,0.5
2631.7667,  1.00000000,1,0,0.0,0.5
2631.8000,  1.00000000,1,0,0.0,0.5
2631.8333,  1.00000000,1,0,0.025000000000000001,0.5
2631.8667,  1.00000000,1,0,0.0,0.5
2631.9000,  1.00000000,1,0,0.0,0.5
2631.9333,  1.00000000,1,0,0.0,0.5
2631.9667,  1.00000000,1,0,0.0,0.5
2632.0000,  1.00000000,1,0,0.0,0.5
2632.0333,  1.00000000,1,0,0.0,0.5
2632.0667,  1.00000000,1,0,0.025000000000000001,0.5
2632.1000,  1.00000000,1,0,0.0,0.5
2632.1333,  1.00000000,1,0,0.0,0.5
2632.1667,  1.00000000,1,0,0.0,0.5
2632.2000,  1.00000000,1,0,0.0,0.5
2632.2333,  1.00000000,1,0,0.0,0.5
2632.2667,  1.00000000,1,0,0.0,0.5
2632.3000,  1.00000000,1,0,0.0,0.5
2632.3333,  1.00000000,1,0,0.0,0.5
2632.3667,  1.00000000,1,0,0.0,0.5
2632.4000,  1.00000000,1,0,0.0,0.5
2632.4333,  1.00000000,1,0,0.0,0.5
2632.4667,  1.00000000,1,0,0.0,0.5
2632.5000,  1.00000000,1,0,0.0,0.5
2632.5333,  1.00000000,1,0,0.0,0.5
2632.5667,  1.00000000,1,0,0.0,0.5
2632.6000,  1.00000000,1,0,0.0,0.5
2632.6333,  1.00000000,1,0,0.0,0.5
2632.6667,  1.00000000,1,0,0.0,0.5
2632.7000,  1.00000000,1,0,0.0,0.5
2632.7333,  1.00000000,1,0,0.0,0.5
2632.7667,  1.00000000,1,0,0.0,0.5
2632.8000,  1.00000000,1,0,0.0,0.5
2632.8333,  1.00000000,1,0,0.0,0.5
2632.8667,  1.00000000,1,0,0.0,0.5
2632.9000,  1.00000000,1,0,0.0,0.5
2632.9333,  1.00000000,1,0,0.0,0.5
2632.9667,  1.00000000,1,0,0.0,0.5
2633.0000,  1.00000000,1,0,0.0,0.5
2633.0333,  1.00000000,1,0,0.0,0.5
2633.0667,  1.00000000,1,0,0.0,0.5
2633.1000,  1.00000000,1,0,0.0,0.5
2633.1333,  1.00000000,1,0,0.0,0.5
2633.1667,  1.00000000,1,0,0.0,0.5
2633.2000,  1.00000000,1,0,0.0,0.5
2633.2333,  1.00000000,1,0,0.0,0.5
2633.2667,  1.00000000,1,0,0.0,0.5
2633.3000,  1.00000000,1,0,0.0,0.5
2633.3333,  1.00000000,1,0,0.0,0.5
2633.3667,  1.00000000,1,0,0.0,0.5
2633.4000,  1.00000000,1,0,0.0,0.5
2633.4333,  1.00000000,1,0,0.0,0.5
2633.4667,  1.00000000,1,0,0.0,0.5
2633.5000,  1.00000000,1,0,0.0,0.5
2633.5333,  1.00000000,1,0,0.0,0.5
2633.5667,  1.00000000,1,0,0.0,0.5
2633.6000,  1.00000000,1,0,0.0,0.5
2633.6333,  1.00000000,1,0,0.0,0.5
2633.6667,  1.00000000,1,0,0.0,0.5
2633.7000,  1.00000000,1,0,0.0,0.5
2633.7333,  1.00000000,1,0,0.0,0.5
2633.7667,  1.00000000,1,0,0.050000000000000003,0.5
2633.8000,  1.00000000,1,0,0.0,0.5
2633.8333,  1.00000000,1,0,0.0,0.5
2633.8667,  1.00000000,1,0,0.0,0.5
2633.9000,  1.00000000,1,0,0.0,0.5
2633.9333,  1.00000000,1,0,0.0,0.5
2633.9667,  1.00000000,1,0,0.0,0.5
2634.0000,  1.00000000,1,0,0.0,0.5
2634.0333,  1.00000000,1,0,0.0,0.5
2634.0667,  1.00000000,1,0,0.0,0.5
2634.1000,  1.00000000,1,0,0.0,0.5
2634.1333,  1.00000000,1,0,0.0,0.5
2634.1667,  1.00000000,1,0,0.0,0.5
2634.2000,  1.00000000,1,0,0.0,0.5
2634.2333,  1.00000000,1,0,0.0,0.5
2634.2667,  1.00000000,1,0,0.025000000000000001,0.5
2634.3000,  1.00000000,1,0,0.0,0.5
2634.3333,  1.00000000,1,0,0.0,0.5
2634.3667,  1.00000000,1,0,0.0,0.5
2634.4000,  1.00000000,1,0,0.0,0.5
2634.4333,  1.00000000,1,0,0.0,0.5
2634.4667,  1.00000000,1,0,0.0,0.5
2634.5000,  1.00000000,1,0,0.025000000000000001,0.5
2634.5333,  1.00000000,1,0,0.0,0.5
2634.5667,  1.00000000,1,0,0.0,0.5
2634.6000,  1.00000000,1,0,0.0,0.5
2634.6333,  1.00000000,1,0,0.0,0.5
2634.6667,  1.00000000,1,0,0.0,0.5
2634.7000,  1.00000000,1,0,0.0,0.5
2634.7333,  1.00000000,1,0,0.0,0.5
2634.7667,  1.00000000,1,0,0.0,0.5
2634.8000,  1.00000000,1,0,0.0,0.5
2634.8333,  1.00000000,1,0,0.0,0.5
2634.8667,  1.00000000,1,0,0.0,0.5
2634.9000,  1.00000000,1,0,0.0,0.5
2634.9333,  1.00000000,1,0,0.0,0.5
2634.9667,  1.00000000,1,0,0.0,0.5
2635.0000,  1.00000000,1,0,0.0,0.5
2635.0333,  1.00000000,1,0,0.0,0.5
2635.0667,  1.00000000,1,0,0.0,0.5
2635.1000,  1.00000000,1,0,0.0,0.5
2635.1333,  1.00000000,1,0,0.0,0.5
2635.1667,  1.00000000,1,0,0.0,0.5
2635.2000,  1.00000000,1,0,0.0,0.5
2635.2333,  1.00000000,1,0,0.0,0.5
2635.2667,  1.00000000,1,0,0.0,0.5
2635.3000,  1.00000000,1,0,0.0,0.5
2635.3333,  1.00000000,1,0,0.0,0.5
2635.3667,  1.00000000,1,0,0.0,0.5
2635.4000,  1.00000000,1,0,0.0,0.5
2635.4333,  1.00000000,1,0,0.025000000000000001,0.5
2635.4667,  1.00000000,1,0,0.0,0.5
2635.5000,  1.00000000,1,0,0.0,0.5
2635.5333,  1.00000000,1,0,0.0,0.5
2635.5667,  1.00000000,1,0,0.0,0.5
2635.6000,  1.00000000,1,0,0.0,0.5
2635.6333,  1.00000000,1,0,0.0,0.5
2635.6667,  1.00000000,1,0,0.0,0.5
2635.7000,  1.00000000,1,0,0.0,0.5
2635.7333,  1.00000000,1,0,0.0,0.5
2635.7667,  1.00000000,1,0,0.0,0.5
2635.8000,  1.00000000,1,0,0.025000000000000001,0.5
2635.8333,  1.00000000,1,0,0.0,0.5
2635.8667,  1.00000000,1,0,0.0,0.5
2635.9000,  1.00000000,1,0,0.0,0.5
2635.9333,  1.00000000,1,0,0.0,0.5
2635.9667,  1.00000000,1,0,0.0,0.5
2636.0000,  1.00000000,1,0,0.0,0.5
2636.0333,  1.00000000,1,0,0.0,0.5
2636.0667,  1.00000000,1,0,0.0,0.5
2636.1000,  1.00000000,1,0,0.0,0.5
2636.1333,  1.00000000,1,0,0.0,0.5
2636.1667,  1.00000000,1,0,0.0,0.5
2636.2000,  1.00000000,1,0,0.0,0.5
2636.2333,  1.00000000,1,0,0.0,0.5
2636.2667,  1.00000000,1,0,0.0,0.5
2636.3000,  1.00000000,1,0,0.0,0.5
2636.3333,  1.00000000,1,0,0.0,0.5
2636.3667,  1.00000000,1,0,0.0,0.5
2636.4000,  1.00000000,1,0,0.0,0.5
2636.4333,  1.00000000,1,0,0.0,0.5
2636.4667,  1.00000000,1,0,0.0,0.5
2636.5000,  1.00000000,1,0,0.0,0.5
2636.5333,  1.00000000,1,0,0.0,0.5
2636.5667,  1.00000000,1,0,0.0,0.5
2636.6000,  1.00000000,1,0,0.0,0.5
2636.6333,  1.00000000,1,0,0.0,0.5
2636.6667,  1.00000000,1,0,0.0,0.5
2636.7000,  1.00000000,1,0,0.0,0.5
2636.7333,  1.00000000,1,0,0.0,0.5
2636.7667,  1.00000000,1,0,0.0,0.5
2636.8000,  1.00000000,1,0,0.0,0.5
2636.8333,  1.00000000,1,0,0.0,0.5
2636.8667,  1.00000000,1,0,0.0,0.5
2636.9000,  1.00000000,1,0,0.0,0.5
2636.9333,  1.00000000,1,0,0.0,0.5
2636.9667,  1.00000000,1,0,0.0,0.5
2637.0000,  1.00000000,1,0,0.0,0.5
2637.0333,  1.00000000,1,0,0.0,0.5
2637.0667,  1.00000000,1,0,0.0,0.5
2637.1000,  1.00000000,1,0,0.0,0.5
2637.1333,  1.00000000,1,0,0.0,0.5
2637.1667,  1.00000000,1,0,0.0,0.5
2637.2000,  1.00000000,1,0,0.0,0.5
2637.2333,  1.00000000,1,0,0.0,0.5
2637.2667,  1.00000000,1,0,0.0,0.5
2637.3000,  1.00000000,1,0,0.0,0.5
2637.3333,  1.00000000,1,0,0.0,0.5
2637.3667,  1.00000000,1,0,0.0,0.5
2637.4000,  1.00000000,1,0,0.0,0.5
2637.4333,  1.00000000,1,0,0.0,0.5
2637.4667,  1.00000000,1,0,0.0,0.5
2637.5000,  1.00000000,1,0,0.0,0.5
2637.5333,  1.00000000,1,0,0.0,0.5
2637.5667,  1.00000000,1,0,0.0,0.5
2637.6000,  1.00000000,1,0,0.0,0.5
2637.6333,  1.00000000,1,0,0.0,0.5
2637.6667,  1.00000000,1,0,0.0,0.5
2637.7000,  1.00000000,1,0,0.0,0.5
2637.7333,  1.00000000,1,0,0.0,0.5
2637.7667,  1.00000000,1,0,0.0,0.5
2637.8000,  1.00000000,1,0,0.0,0.5
2637.8333,  1.00000000,1,0,0.0,0.5
2637.8667,  1.00000000,1,0,0.0,0.5
2637.9000,  1.00000000,1,0,0.0,0.5
2637.9333,  1.00000000,1,0,0.0,0.5
2637.9667,  1.00000000,1,0,0.0,0.5
2638.0000,  1.00000000,1,0,0.0,0.5
2638.0333,  1.00000000,1,0,0.0,0.5
2638.0667,  1.00000000,1,0,0.0,0.5
2638.1000,  1.00000000,1,0,0.0,0.5
2638.1333,  1.00000000,1,0,0.0,0.5
2638.1667,  1.00000000,1,0,0.0,0.5
2638.2000,  1.00000000,1,0,0.0,0.5
2638.2333,  1.00000000,1,0,0.0,0.5
2638.2667,  1.00000000,1,0,0.0,0.5
2638.3000,  1.00000000,1,0,0.0,0.5
2638.3333,  1.00000000,1,0,0.0,0.5
2638.3667,  1.00000000,1,0,0.0,0.5
2638.4000,  1.00000000,1,0,0.0,0.5
2638.4333,  1.00000000,1,0,0.0,0.5
2638.4667,  1.00000000,1,0,0.0,0.5
2638.5000,  1.00000000,1,0,0.0,0.5
2638.5333,  1.00000000,1,0,0.0,0.5
2638.5667,  1.00000000,1,0,0.0,0.5
2638.6000,  1.00000000,1,0,0.0,0.5
2638.6333,  1.00000000,1,0,0.0,0.5
2638.6667,  1.00000000,1,0,0.0,0.5
2638.7000,  1.00000000,1,0,0.0,0.5
2638.7333,  1.00000000,1,0,0.0,0.5
2638.7667,  1.00000000,1,0,0.0,0.5
2638.8000,  1.00000000,1,0,0.0,0.5
2638.8333,  1.00000000,1,0,0.0,0.5
2638.8667,  1.00000000,1,0,0.0,0.5
2638.9000,  1.00000000,1,0,0.0,0.5
2638.9333,  1.00000000,1,0,0.0,0.5
2638.9667,  1.00000000,1,0,0.025000000000000001,0.5
2639.0000,  1.00000000,1,0,0.0,0.5
2639.0333,  1.00000000,1,0,0.0,0.5
2639.0667,  1.00000000,1,0,0.0,0.5
2639.1000,  1.00000000,1,0,0.0,0.5
2639.1333,  1.00000000,1,0,0.0,0.5
2639.1667,  1.00000000,1,0,0.0,0.5
2639.2000,  1.00000000,1,0,0.0,0.5
2639.2333,  1.00000000,1,0,0.0,0.5
2639.2667,  1.00000000,1,0,0.0,0.5
2639.3000,  1.00000000,1,0,0.0,0.5
2639.3333,  1.00000000,1,0,0.0,0.5
2639.3667,  1.00000000,1,0,0.0,0.5
2639.4000,  1.00000000,1,0,0.0,0.5
2639.4333,  1.00000000,1,0,0.0,0.5
2639.4667,  1.00000000,1,0,0.0,0.5
2639.5000,  1.00000000,1,0,0.0,0.5
2639.5333,  1.00000000,1,0,0.0,0.5
2639.5667,  1.00000000,1,0,0.0,0.5
2639.6000,  1.00000000,1,0,0.0,0.5
2639.6333,  1.00000000,1,0,0.0,0.5
2639.6667,  1.00000000,1,0,0.0,0.5
2639.7000,  1.00000000,1,0,0.025000000000000001,0.5
2639.7333,  1.00000000,1,0,0.0,0.5
2639.7667,  1.00000000,1,0,0.0,0.5
2639.8000,  1.00000000,1,0,0.0,0.5
2639.8333,  1.00000000,1,0,0.0,0.5
2639.8667,  1.00000000,1,0,0.0,0.5
2639.9000,  1.00000000,1,0,0.0,0.5
2639.9333,  1.00000000,1,0,0.0,0.5
2639.9667,  1.00000000,1,0,0.0,0.5
2640.0000,  1.00000000,1,0,0.0,0.5
2640.0333,  1.00000000,1,0,0.0,0.5
2640.0667,  1.00000000,1,0,0.0,0.5
2640.1000,  1.00000000,1,0,0.0,0.5
2640.1333,  1.00000000,1,0,0.025000000000000001,0.5
2640.1667,  1.00000000,1,0,0.0,0.5
2640.2000,  1.00000000,1,0,0.0,0.5
2640.2333,  1.00000000,1,0,0.0,0.5
2640.2667,  1.00000000,1,0,0.0,0.5
2640.3000,  1.00000000,1,0,0.0,0.5
2640.3333,  1.00000000,1,0,0.0,0.5
2640.3667,  1.00000000,1,0,0.0,0.5
2640.4000,  1.00000000,1,0,0.0,0.5
2640.4333,  1.00000000,1,0,0.0,0.5
2640.4667,  1.00000000,1,0,0.0,0.5
2640.5000,  1.00000000,1,0,0.0,0.5
2640.5333,  1.00000000,1,0,0.0,0.5
2640.5667,  1.00000000,1,0,0.0,0.5
2640.6000,  1.00000000,1,0,0.0,0.5
2640.6333,  1.00000000,1,0,0.0,0.5
2640.6667,  1.00000000,1,0,0.0,0.5
2640.7000,  1.00000000,1,0,0.0,0.5
2640.7333,  1.00000000,1,0,0.0,0.5
2640.7667,  1.00000000,1,0,0.0,0.5
2640.8000,  1.00000000,1,0,0.0,0.5
2640.8333,  1.00000000,1,0,0.0,0.5
2640.8667,  1.00000000,1,0,0.025000000000000001,0.5
2640.9000,  1.00000000,1,0,0.0,0.5
2640.9333,  1.00000000,1,0,0.0,0.5
2640.9667,  1.00000000,1,0,0.0,0.5
2641.0000,  1.00000000,1,0,0.0,0.5
2641.0333,  1.00000000,1,0,0.0,0.5
2641.0667,  1.00000000,1,0,0.0,0.5
2641.1000,  1.00000000,1,0,0.0,0.5
2641.1333,  1.00000000,1,0,0.0,0.5
2641.1667,  1.00000000,1,0,0.0,0.5
2641.2000,  1.00000000,1,0,0.0,0.5
2641.2333,  1.00000000,1,0,0.0,0.5
2641.2667,  1.00000000,1,0,0.0,0.5
2641.3000,  1.00000000,1,0,0.0,0.5
2641.3333,  1.00000000,1,0,0.0,0.5
2641.3667,  1.00000000,1,0,0.0,0.5
2641.4000,  1.00000000,1,0,0.0,0.5
2641.4333,  1.00000000,1,0,0.0,0.5
2641.4667,  1.00000000,1,0,0.0,0.5
2641.5000,  1.00000000,1,0,0.0,0.5
2641.5333,  1.00000000,1,0,0.025000000000000001,0.5
2641.5667,  1.00000000,1,0,0.0,0.5
2641.6000,  1.00000000,1,0,0.0,0.5
2641.6333,  1.00000000,1,0,0.0,0.5
2641.6667,  1.00000000,1,0,0.0,0.5
2641.7000,  1.00000000,1,0,0.0,0.5
2641.7333,  1.00000000,1,0,0.0,0.5
2641.7667,  1.00000000,1,0,0.025000000000000001,0.5
2641.8000,  1.00000000,1,0,0.0,0.5
2641.8333,  1.00000000,1,0,0.0,0.5
2641.8667,  1.00000000,1,0,0.0,0.5
2641.9000,  1.00000000,1,0,0.0,0.5
2641.9333,  1.00000000,1,0,0.0,0.5
2641.9667,  1.00000000,1,0,0.0,0.5
2642.0000,  1.00000000,1,0,0.0,0.5
2642.0333,  1.00000000,1,0,0.0,0.5
2642.0667,  1.00000000,1,0,0.0,0.5
2642.1000,  1.00000000,1,0,0.025000000000000001,0.5
2642.1333,  1.00000000,1,0,0.0,0.5
2642.1667,  1.00000000,1,0,0.0,0.5
2642.2000,  1.00000000,1,0,0.0,0.5
2642.2333,  1.00000000,1,0,0.0,0.5
2642.2667,  1.00000000,1,0,0.0,0.5
2642.3000,  1.00000000,1,0,0.0,0.5
2642.3333,  1.00000000,1,0,0.0,0.5
2642.3667,  1.00000000,1,0,0.0,0.5
2642.4000,  1.00000000,1,0,0.0,0.5
2642.4333,  1.00000000,1,0,0.0,0.5
2642.4667,  1.00000000,1,0,0.0,0.5
2642.5000,  1.00000000,1,0,0.0,0.5
2642.5333,  1.00000000,1,0,0.0,0.5
2642.5667,  1.00000000,1,0,0.0,0.5
2642.6000,  1.00000000,1,0,0.0,0.5
2642.6333,  1.00000000,1,0,0.0,0.5
2642.6667,  1.00000000,1,0,0.0,0.5
2642.7000,  1.00000000,1,0,0.0,0.5
2642.7333,  1.00000000,1,0,0.0,0.5
2642.7667,  1.00000000,1,0,0.0,0.5
2642.8000,  1.00000000,1,0,0.0,0.5
2642.8333,  1.00000000,1,0,0.025000000000000001,0.5
2642.8667,  1.00000000,1,0,0.0,0.5
2642.9000,  1.00000000,1,0,0.0,0.5
2642.9333,  1.00000000,1,0,0.0,0.5
2642.9667,  1.00000000,1,0,0.0,0.5
2643.0000,  1.00000000,1,0,0.0,0.5
2643.0333,  1.00000000,1,0,0.0,0.5
2643.0667,  1.00000000,1,0,0.0,0.5
2643.1000,  1.00000000,1,0,0.0,0.5
2643.1333,  1.00000000,1,0,0.025000000000000001,0.5
2643.1667,  1.00000000,1,0,0.0,0.5
2643.2000,  1.00000000,1,0,0.0,0.5
2643.2333,  1.00000000,1,0,0.0,0.5
2643.2667,  1.00000000,1,0,0.0,0.5
2643.3000,  1.00000000,1,0,0.0,0.5
2643.3333,  1.00000000,1,0,0.0,0.5
2643.3667,  1.00000000,1,0,0.0,0.5
2643.4000,  1.00000000,1,0,0.0,0.5
2643.4333,  1.00000000,1,0,0.0,0.5
2643.4667,  1.00000000,1,0,0.0,0.5
2643.5000,  1.00000000,1,0,0.0,0.5
2643.5333,  1.00000000,1,0,0.0,0.5
2643.5667,  1.00000000,1,0,0.0,0.5
2643.6000,  1.00000000,1,0,0.0,0.5
2643.6333,  1.00000000,1,0,0.0,0.5
2643.6667,  1.00000000,1,0,0.0,0.5
2643.7000,  1.00000000,1,0,0.0,0.5
2643.7333,  1.00000000,1,0,0.0,0.5
2643.7667,  1.00000000,1,0,0.0,0.5
2643.8000,  1.00000000,1,0,0.0,0.5
2643.8333,  1.00000000,1,0,0.0,0.5
2643.8667,  1.00000000,1,0,0.0,0.5
2643.9000,  1.00000000,1,0,0.0,0.5
2643.9333,  1.00000000,1,0,0.0,0.5
2643.9667,  1.00000000,1,0,0.0,0.5
2644.0000,  1.00000000,1,0,0.0,0.5
2644.0333,  1.00000000,1,0,0.0,0.5
2644.0667,  1.00000000,1,0,0.0,0.5
2644.1000,  1.00000000,1,0,0.0,0.5
2644.1333,  1.00000000,1,0,0.0,0.5
2644.1667,  1.00000000,1,0,0.0,0.5
2644.2000,  1.00000000,1,0,0.0,0.5
2644.2333,  1.00000000,1,0,0.025000000000000001,0.5
2644.2667,  1.00000000,1,0,0.0,0.5
2644.3000,  1.00000000,1,0,0.0,0.5
2644.3333,  1.00000000,1,0,0.0,0.5
2644.3667,  1.00000000,1,0,0.0,0.5
2644.4000,  1.00000000,1,0,0.0,0.5
2644.4333,  1.00000000,1,0,0.0,0.5
2644.4667,  1.00000000,1,0,0.0,0.5
2644.5000,  1.00000000,1,0,0.0,0.5
2644.5333,  1.00000000,1,0,0.0,0.5
2644.5667,  1.00000000,1,0,0.0,0.5
2644.6000,  1.00000000,1,0,0.0,0.5
2644.6333,  1.00000000,1,0,0.0,0.5
2644.6667,  1.00000000,1,0,0.0,0.5
2644.7000,  1.00000000,1,0,0.0,0.5
2644.7333,  1.00000000,1,0,0.0,0.5
2644.7667,  1.00000000,1,0,0.025000000000000001,0.5
2644.8000,  1.00000000,1,0,0.0,0.5
2644.8333,  1.00000000,1,0,0.0,0.5
2644.8667,  1.00000000,1,0,0.0,0.5
2644.9000,  1.00000000,1,0,0.0,0.5
2644.9333,  1.00000000,1,0,0.0,0.5
2644.9667,  1.00000000,1,0,0.0,0.5
2645.0000,  1.00000000,1,0,0.0,0.5
2645.0333,  1.00000000,1,0,0.0,0.5
2645.0667,  1.00000000,1,0,0.0,0.5
2645.1000,  1.00000000,1,0,0.0,0.5
2645.1333,  1.00000000,1,0,0.0,0.5
2645.1667,  1.00000000,1,0,0.0,0.5
2645.2000,  1.00000000,1,0,0.0,0.5
2645.2333,  1.00000000,1,0,0.0,0.5
2645.2667,  1.00000000,1,0,0.0,0.5
2645.3000,  1.00000000,1,0,0.0,0.5
2645.3333,  1.00000000,1,0,0.0,0.5
2645.3667,  1.00000000,1,0,0.0,0.5
2645.4000,  1.00000000,1,0,0.0,0.5
2645.4333,  1.00000000,1,0,0.0,0.5
2645.4667,  1.00000000,1,0,0.0,0.5
2645.5000,  1.00000000,1,0,0.0,0.5
2645.5333,  1.00000000,1,0,0.0,0.5
2645.5667,  1.00000000,1,0,0.0,0.5
2645.6000,  1.00000000,1,0,0.0,0.5
2645.6333,  1.00000000,1,0,0.0,0.5
2645.6667,  1.00000000,1,0,0.0,0.5
2645.7000,  1.00000000,1,0,0.0,0.5
2645.7333,  1.00000000,1,0,0.0,0.5
2645.7667,  1.00000000,1,0,0.0,0.5
2645.8000,  1.00000000,1,0,0.0,0.5
2645.8333,  1.00000000,1,0,0.0,0.5
2645.8667,  1.00000000,1,0,0.0,0.5
2645.9000,  1.00000000,1,0,0.0,0.5
2645.9333,  1.00000000,1,0,0.0,0.5
2645.9667,  1.00000000,1,0,0.0,0.5
2646.0000,  1.00000000,1,0,0.0,0.5
2646.0333,  1.00000000,1,0,0.0,0.5
2646.0667,  1.00000000,1,0,0.0,0.5
2646.1000,  1.00000000,1,0,0.0,0.5
2646.1333,  1.00000000,1,0,0.0,0.5
2646.1667,  1.00000000,1,0,0.0,0.5
2646.2000,  1.00000000,1,0,0.0,0.5
2646.2333,  1.00000000,1,0,0.0,0.5
2646.2667,  1.00000000,1,0,0.0,0.5
2646.3000,  1.00000000,1,0,0.0,0.5
2646.3333,  1.00000000,1,0,0.0,0.5
2646.3667,  1.00000000,1,0,0.0,0.5
2646.4000,  1.00000000,1,0,0.0,0.5
2646.4333,  1.00000000,1,0,0.0,0.5
2646.4667,  1.00000000,1,0,0.0,0.5
2646.5000,  1.00000000,1,0,0.0,0.5
2646.5333,  1.00000000,1,0,0.0,0.5
2646.5667,  1.00000000,1,0,0.0,0.5
2646.6000,  1.00000000,1,0,0.0,0.5
2646.6333,  1.00000000,1,0,0.0,0.5
2646.6667,  1.00000000,1,0,0.0,0.5
2646.7000,  1.00000000,1,0,0.0,0.5
2646.7333,  1.00000000,1,0,0.0,0.5
2646.7667,  1.00000000,1,0,0.0,0.5
2646.8000,  1.00000000,1,0,0.0,0.5
2646.8333,  1.00000000,1,0,0.0,0.5
2646.8667,  1.00000000,1,0,0.0,0.5
2646.9000,  1.00000000,1,0,0.0,0.5
2646.9333,  1.00000000,1,0,0.0,0.5
2646.9667,  1.00000000,1,0,0.0,0.5
2647.0000,  1.00000000,1,0,0.025000000000000001,0.5
2647.0333,  1.00000000,1,0,0.0,0.5
2647.0667,  1.00000000,1,0,0.0,0.5
2647.1000,  1.00000000,1,0,0.0,0.5
2647.1333,  1.00000000,1,0,0.0,0.5
2647.1667,  1.00000000,1,0,0.0,0.5
2647.2000,  1.00000000,1,0,0.0,0.5
2647.2333,  1.00000000,1,0,0.0,0.5
2647.2667,  1.00000000,1,0,0.0,0.5
2647.3000,  1.00000000,1,0,0.0,0.5
2647.3333,  1.00000000,1,0,0.0,0.5
2647.3667,  1.00000000,1,0,0.0,0.5
2647.4000,  1.00000000,1,0,0.0,0.5
2647.4333,  1.00000000,1,0,0.0,0.5
2647.4667,  1.00000000,1,0,0.0,0.5
2647.5000,  1.00000000,1,0,0.0,0.5
2647.5333,  1.00000000,1,0,0.0,0.5
2647.5667,  1.00000000,1,0,0.0,0.5
2647.6000,  1.00000000,1,0,0.0,0.5
2647.6333,  1.00000000,1,0,0.0,0.5
2647.6667,  1.00000000,1,0,0.0,0.5
2647.7000,  1.00000000,1,0,0.0,0.5
2647.7333,  1.00000000,1,0,0.0,0.5
2647.7667,  1.00000000,1,0,0.0,0.5
2647.8000,  1.00000000,1,0,0.0,0.5
2647.8333,  1.00000000,1,0,0.0,0.5
2647.8667,  1.00000000,1,0,0.0,0.5
2647.9000,  1.00000000,1,0,0.025000000000000001,0.5
2647.9333,  1.00000000,1,0,0.0,0.5
2647.9667,  1.00000000,1,0,0.0,0.5
2648.0000,  1.00000000,1,0,0.0,0.5
2648.0333,  1.00000000,1,0,0.0,0.5
2648.0667,  1.00000000,1,0,0.0,0.5
2648.1000,  1.00000000,1,0,0.0,0.5
2648.1333,  1.00000000,1,0,0.0,0.5
2648.1667,  1.00000000,1,0,0.0,0.5
2648.2000,  1.00000000,1,0,0.0,0.5
2648.2333,  1.00000000,1,0,0.0,0.5
2648.2667,  1.00000000,1,0,0.0,0.5
2648.3000,  1.00000000,1,0,0.0,0.5
2648.3333,  1.00000000,1,0,0.0,0.5
2648.3667,  1.00000000,1,0,0.0,0.5
2648.4000,  1.00000000,1,0,0.0,0.5
2648.4333,  1.00000000,1,0,0.0,0.5
2648.4667,  1.00000000,1,0,0.0,0.5
2648.5000,  1.00000000,1,0,0.0,0.5
2648.5333,  1.00000000,1,0,0.0,0.5
2648.5667,  1.00000000,1,0,0.0,0.5
2648.6000,  1.00000000,1,0,0.0,0.5
2648.6333,  1.00000000,1,0,0.0,0.5
2648.6667,  1.00000000,1,0,0.0,0.5
2648.7000,  1.00000000,1,0,0.0,0.5
2648.7333,  1.00000000,1,0,0.0,0.5
2648.7667,  1.00000000,1,0,0.0,0.5
2648.8000,  1.00000000,1,0,0.0,0.5
2648.8333,  1.00000000,1,0,0.0,0.5
2648.8667,  1.00000000,1,0,0.0,0.5
2648.9000,  1.00000000,1,0,0.0,0.5
2648.9333,  1.00000000,1,0,0.0,0.5
2648.9667,  1.00000000,1,0,0.0,0.5
2649.0000,  1.00000000,1,0,0.025000000000000001,0.5
2649.0333,  1.00000000,1,0,0.0,0.5
2649.0667,  1.00000000,1,0,0.0,0.5
2649.1000,  1.00000000,1,0,0.025000000000000001,0.5
2649.1333,  1.00000000,1,0,0.0,0.5
2649.1667,  1.00000000,1,0,0.025000000000000001,0.5
2649.2000,  1.00000000,1,0,0.0,0.5
2649.2333,  1.00000000,1,0,0.025000000000000001,0.5
2649.2667,  1.00000000,1,0,0.0,0.5
2649.3000,  1.00000000,1,0,0.025000000000000001,0.5
2649.3333,  1.00000000,1,0,0.0,0.5
2649.3667,  1.00000000,1,0,0.0,0.5
2649.4000,  1.00000000,1,0,0.0,0.5
2649.4333,  1.00000000,1,0,0.0,0.5
2649.4667,  1.00000000,1,0,0.0,0.5
2649.5000,  1.00000000,1,0,0.0,0.5
2649.5333,  1.00000000,1,0,0.0,0.5
2649.5667,  1.00000000,1,0,0.025000000000000001,0.5
2649.6000,  1.00000000,1,0,0.0,0.5
2649.6333,  1.00000000,1,0,0.0,0.5
2649.6667,  1.00000000,1,0,0.0,0.5
2649.7000,  1.00000000,1,0,0.0,0.5
2649.7333,  1.00000000,1,0,0.0,0.5
2649.7667,  1.00000000,1,0,0.0,0.5
2649.8000,  1.00000000,1,0,0.0,0.5
2649.8333,  1.00000000,1,0,0.0,0.5
2649.8667,  1.00000000,1,0,0.0,0.5
2649.9000,  1.00000000,1,0,0.0,0.5
2649.9333,  1.00000000,1,0,0.0,0.5
2649.9667,  1.00000000,1,0,0.0,0.5
2650.0000,  1.00000000,1,0,0.0,0.5
2650.0333,  1.00000000,1,0,0.0,0.5
2650.0667,  1.00000000,1,0,0.0,0.5
2650.1000,  1.00000000,1,0,0.0,0.5
2650.1333,  1.00000000,1,0,0.0,0.5
2650.1667,  1.00000000,1,0,0.0,0.5
2650.2000,  1.00000000,1,0,0.0,0.5
2650.2333,  1.00000000,1,0,0.0,0.5
2650.2667,  1.00000000,1,0,0.0,0.5
2650.3000,  1.00000000,1,0,0.0,0.5
2650.3333,  1.00000000,1,0,0.025000000000000001,0.5
2650.3667,  1.00000000,1,0,0.0,0.5
2650.4000,  1.00000000,1,0,0.0,0.5
2650.4333,  1.00000000,1,0,0.0,0.5
2650.4667,  1.00000000,1,0,0.0,0.5
2650.5000,  1.00000000,1,0,0.0,0.5
2650.5333,  1.00000000,1,0,0.025000000000000001,0.5
2650.5667,  1.00000000,1,0,0.0,0.5
2650.6000,  1.00000000,1,0,0.0,0.5
2650.6333,  1.00000000,1,0,0.0,0.5
2650.6667,  1.00000000,1,0,0.0,0.5
2650.7000,  1.00000000,1,0,0.0,0.5
2650.7333,  1.00000000,1,0,0.025000000000000001,0.5
2650.7667,  1.00000000,1,0,0.0,0.5
2650.8000,  1.00000000,1,0,0.0,0.5
2650.8333,  1.00000000,1,0,0.0,0.5
2650.8667,  1.00000000,1,0,0.0,0.5
2650.9000,  1.00000000,1,0,0.0,0.5
2650.9333,  1.00000000,1,0,0.0,0.5
2650.9667,  1.00000000,1,0,0.0,0.5
2651.0000,  1.00000000,1,0,0.0,0.5
2651.0333,  1.00000000,1,0,0.0,0.5
2651.0667,  1.00000000,1,0,0.0,0.5
2651.1000,  1.00000000,1,0,0.0,0.5
2651.1333,  1.00000000,1,0,0.0,0.5
2651.1667,  1.00000000,1,0,0.0,0.5
2651.2000,  1.00000000,1,0,0.0,0.5
2651.2333,  1.00000000,1,0,0.0,0.5
2651.2667,  1.00000000,1,0,0.0,0.5
2651.3000,  1.00000000,1,0,0.0,0.5
2651.3333,  1.00000000,1,0,0.0,0.5
2651.3667,  1.00000000,1,0,0.0,0.5
2651.4000,  1.00000000,1,0,0.0,0.5
2651.4333,  1.00000000,1,0,0.025000000000000001,0.5
2651.4667,  1.00000000,1,0,0.0,0.5
2651.5000,  1.00000000,1,0,0.0,0.5
2651.5333,  1.00000000,1,0,0.0,0.5
2651.5667,  1.00000000,1,0,0.0,0.5
2651.6000,  1.00000000,1,0,0.0,0.5
2651.6333,  1.00000000,1,0,0.0,0.5
2651.6667,  1.00000000,1,0,0.0,0.5
2651.7000,  1.00000000,1,0,0.0,0.5
2651.7333,  1.00000000,1,0,0.0,0.5
2651.7667,  1.00000000,1,0,0.025000000000000001,0.5
2651.8000,  1.00000000,1,0,0.0,0.5
2651.8333,  1.00000000,1,0,0.025000000000000001,0.5
2651.8667,  1.00000000,1,0,0.0,0.5
2651.9000,  1.00000000,1,0,0.0,0.5
2651.9333,  1.00000000,1,0,0.0,0.5
2651.9667,  1.00000000,1,0,0.0,0.5
2652.0000,  1.00000000,1,0,0.0,0.5
2652.0333,  1.00000000,1,0,0.0,0.5
2652.0667,  1.00000000,1,0,0.0,0.5
2652.1000,  1.00000000,1,0,0.0,0.5
2652.1333,  1.00000000,1,0,0.0,0.5
2652.1667,  1.00000000,1,0,0.0,0.5
2652.2000,  1.00000000,1,0,0.0,0.5
2652.2333,  1.00000000,1,0,0.0,0.5
2652.2667,  1.00000000,1,0,0.0,0.5
2652.3000,  1.00000000,1,0,0.0,0.5
2652.3333,  1.00000000,1,0,0.0,0.5
2652.3667,  1.00000000,1,0,0.0,0.5
2652.4000,  1.00000000,1,0,0.0,0.5
2652.4333,  1.00000000,1,0,0.0,0.5
2652.4667,  1.00000000,1,0,0.0,0.5
2652.5000,  1.00000000,1,0,0.0,0.5
2652.5333,  1.00000000,1,0,0.0,0.5
2652.5667,  1.00000000,1,0,0.0,0.5
2652.6000,  1.00000000,1,0,0.0,0.5
2652.6333,  1.00000000,1,0,0.0,0.5
2652.6667,  1.00000000,1,0,0.0,0.5
2652.7000,  1.00000000,1,0,0.0,0.5
2652.7333,  1.00000000,1,0,0.0,0.5
2652.7667,  1.00000000,1,0,0.0,0.5
2652.8000,  1.00000000,1,0,0.0,0.5
2652.8333,  1.00000000,1,0,0.0,0.5
2652.8667,  1.00000000,1,0,0.0,0.5
2652.9000,  1.00000000,1,0,0.0,0.5
2652.9333,  1.00000000,1,0,0.0,0.5
2652.9667,  1.00000000,1,0,0.0,0.5
2653.0000,  1.00000000,1,0,0.0,0.5
2653.0333,  1.00000000,1,0,0.0,0.5
2653.0667,  1.00000000,1,0,0.0,0.5
2653.1000,  1.00000000,1,0,0.0,0.5
2653.1333,  1.00000000,1,0,0.0,0.5
2653.1667,  1.00000000,1,0,0.0,0.5
2653.2000,  1.00000000,1,0,0.0,0.5
2653.2333,  1.00000000,1,0,0.0,0.5
2653.2667,  1.00000000,1,0,0.0,0.5
2653.3000,  1.00000000,1,0,0.0,0.5
2653.3333,  1.00000000,1,0,0.0,0.5
2653.3667,  1.00000000,1,0,0.0,0.5
2653.4000,  1.00000000,1,0,0.0,0.5
2653.4333,  1.00000000,1,0,0.0,0.5
2653.4667,  1.00000000,1,0,0.0,0.5
2653.5000,  1.00000000,1,0,0.0,0.5
2653.5333,  1.00000000,1,0,0.0,0.5
2653.5667,  1.00000000,1,0,0.0,0.5
2653.6000,  1.00000000,1,0,0.0,0.5
2653.6333,  1.00000000,1,0,0.0,0.5
2653.6667,  1.00000000,1,0,0.0,0.5
2653.7000,  1.00000000,1,0,0.0,0.5
2653.7333,  1.00000000,1,0,0.0,0.5
2653.7667,  1.00000000,1,0,0.0,0.5
2653.8000,  1.00000000,1,0,0.0,0.5
2653.8333,  1.00000000,1,0,0.0,0.5
2653.8667,  1.00000000,1,0,0.0,0.5
2653.9000,  1.00000000,1,0,0.0,0.5
2653.9333,  1.00000000,1,0,0.0,0.5
2653.9667,  1.00000000,1,0,0.0,0.5
2654.0000,  1.00000000,1,0,0.0,0.5
2654.0333,  1.00000000,1,0,0.0,0.5
2654.0667,  1.00000000,1,0,0.0,0.5
2654.1000,  1.00000000,1,0,0.0,0.5
2654.1333,  1.00000000,1,0,0.0,0.5
2654.1667,  1.00000000,1,0,0.0,0.5
2654.2000,  1.00000000,1,0,0.0,0.5
2654.2333,  1.00000000,1,0,0.0,0.5
2654.2667,  1.00000000,1,0,0.0,0.5
2654.3000,  1.00000000,1,0,0.0,0.5
2654.3333,  1.00000000,1,0,0.0,0.5
2654.3667,  1.00000000,1,0,0.0,0.5
2654.4000,  1.00000000,1,0,0.0,0.5
2654.4333,  1.00000000,1,0,0.0,0.5
2654.4667,  1.00000000,1,0,0.0,0.5
2654.5000,  1.00000000,1,0,0.0,0.5
2654.5333,  1.00000000,1,0,0.0,0.5
2654.5667,  1.00000000,1,0,0.0,0.5
2654.6000,  1.00000000,1,0,0.0,0.5
2654.6333,  1.00000000,1,0,0.0,0.5
2654.6667,  1.00000000,1,0,0.0,0.5
2654.7000,  1.00000000,1,0,0.0,0.5
2654.7333,  1.00000000,1,0,0.0,0.5
2654.7667,  1.00000000,1,0,0.0,0.5
2654.8000,  1.00000000,1,0,0.0,0.5
2654.8333,  1.00000000,1,0,0.0,0.5
2654.8667,  1.00000000,1,0,0.0,0.5
2654.9000,  1.00000000,1,0,0.0,0.5
2654.9333,  1.00000000,1,0,0.0,0.5
2654.9667,  1.00000000,1,0,0.0,0.5
2655.0000,  1.00000000,1,0,0.0,0.5
2655.0333,  1.00000000,1,0,0.0,0.5
2655.0667,  1.00000000,1,0,0.0,0.5
2655.1000,  1.00000000,1,0,0.0,0.5
2655.1333,  1.00000000,1,0,0.0,0.5
2655.1667,  1.00000000,1,0,0.0,0.5
2655.2000,  1.00000000,1,0,0.0,0.5
2655.2333,  1.00000000,1,0,0.025000000000000001,0.5
2655.2667,  1.00000000,1,0,0.0,0.5
2655.3000,  1.00000000,1,0,0.0,0.5
2655.3333,  1.00000000,1,0,0.0,0.5
2655.3667,  1.00000000,1,0,0.0,0.5
2655.4000,  1.00000000,1,0,0.0,0.5
2655.4333,  1.00000000,1,0,0.0,0.5
2655.4667,  1.00000000,1,0,0.0,0.5
2655.5000,  1.00000000,1,0,0.0,0.5
2655.5333,  1.00000000,1,0,0.0,0.5
2655.5667,  1.00000000,1,0,0.0,0.5
2655.6000,  1.00000000,1,0,0.0,0.5
2655.6333,  1.00000000,1,0,0.0,0.5
2655.6667,  1.00000000,1,0,0.025000000000000001,0.5
2655.7000,  1.00000000,1,0,0.0,0.5
2655.7333,  1.00000000,1,0,0.0,0.5
2655.7667,  1.00000000,1,0,0.0,0.5
2655.8000,  1.00000000,1,0,0.0,0.5
2655.8333,  1.00000000,1,0,0.0,0.5
2655.8667,  1.00000000,1,0,0.0,0.5
2655.9000,  1.00000000,1,0,0.0,0.5
2655.9333,  1.00000000,1,0,0.0,0.5
2655.9667,  1.00000000,1,0,0.0,0.5
2656.0000,  1.00000000,1,0,0.0,0.5
2656.0333,  1.00000000,1,0,0.0,0.5
2656.0667,  1.00000000,1,0,0.0,0.5
2656.1000,  1.00000000,1,0,0.0,0.5
2656.1333,  1.00000000,1,0,0.0,0.5
2656.1667,  1.00000000,1,0,0.0,0.5
2656.2000,  1.00000000,1,0,0.0,0.5
2656.2333,  1.00000000,1,0,0.0,0.5
2656.2667,  1.00000000,1,0,0.0,0.5
2656.3000,  1.00000000,1,0,0.0,0.5
2656.3333,  1.00000000,1,0,0.0,0.5
2656.3667,  1.00000000,1,0,0.0,0.5
2656.4000,  1.00000000,1,0,0.0,0.5
2656.4333,  1.00000000,1,0,0.0,0.5
2656.4667,  1.00000000,1,0,0.0,0.5
2656.5000,  1.00000000,1,0,0.0,0.5
2656.5333,  1.00000000,1,0,0.0,0.5
2656.5667,  1.00000000,1,0,0.0,0.5
2656.6000,  1.00000000,1,0,0.0,0.5
2656.6333,  1.00000000,1,0,0.0,0.5
2656.6667,  1.00000000,1,0,0.0,0.5
2656.7000,  1.00000000,1,0,0.025000000000000001,0.5
2656.7333,  1.00000000,1,0,0.0,0.5
2656.7667,  1.00000000,1,0,0.0,0.5
2656.8000,  1.00000000,1,0,0.0,0.5
2656.8333,  1.00000000,1,0,0.0,0.5
2656.8667,  1.00000000,1,0,0.0,0.5
2656.9000,  1.00000000,1,0,0.0,0.5
2656.9333,  1.00000000,1,0,0.0,0.5
2656.9667,  1.00000000,1,0,0.0,0.5
2657.0000,  1.00000000,1,0,0.0,0.5
2657.0333,  1.00000000,1,0,0.0,0.5
2657.0667,  1.00000000,1,0,0.0,0.5
2657.1000,  1.00000000,1,0,0.0,0.5
2657.1333,  1.00000000,1,0,0.0,0.5
2657.1667,  1.00000000,1,0,0.0,0.5
2657.2000,  1.00000000,1,0,0.0,0.5
2657.2333,  1.00000000,1,0,0.0,0.5
2657.2667,  1.00000000,1,0,0.0,0.5
2657.3000,  1.00000000,1,0,0.0,0.5
2657.3333,  1.00000000,1,0,0.0,0.5
2657.3667,  1.00000000,1,0,0.0,0.5
2657.4000,  1.00000000,1,0,0.0,0.5
2657.4333,  1.00000000,1,0,0.0,0.5
2657.4667,  1.00000000,1,0,0.0,0.5
2657.5000,  1.00000000,1,0,0.0,0.5
2657.5333,  1.00000000,1,0,0.0,0.5
2657.5667,  1.00000000,1,0,0.0,0.5
2657.6000,  1.00000000,1,0,0.0,0.5
2657.6333,  1.00000000,1,0,0.0,0.5
2657.6667,  1.00000000,1,0,0.0,0.5
2657.7000,  1.00000000,1,0,0.0,0.5
2657.7333,  1.00000000,1,0,0.0,0.5
2657.7667,  1.00000000,1,0,0.0,0.5
2657.8000,  1.00000000,1,0,0.0,0.5
2657.8333,  1.00000000,1,0,0.0,0.5
2657.8667,  1.00000000,1,0,0.0,0.5
2657.9000,  1.00000000,1,0,0.0,0.5
2657.9333,  1.00000000,1,0,0.0,0.5
2657.9667,  1.00000000,1,0,0.0,0.5
2658.0000,  1.00000000,1,0,0.0,0.5
2658.0333,  1.00000000,1,0,0.0,0.5
2658.0667,  1.00000000,1,0,0.0,0.5
2658.1000,  1.00000000,1,0,0.0,0.5
2658.1333,  1.00000000,1,0,0.0,0.5
2658.1667,  1.00000000,1,0,0.0,0.5
2658.2000,  1.00000000,1,0,0.0,0.5
2658.2333,  1.00000000,1,0,0.0,0.5
2658.2667,  1.00000000,1,0,0.0,0.5
2658.3000,  1.00000000,1,0,0.0,0.5
2658.3333,  1.00000000,1,0,0.0,0.5
2658.3667,  1.00000000,1,0,0.0,0.5
2658.4000,  1.00000000,1,0,0.0,0.5
2658.4333,  1.00000000,1,0,0.025000000000000001,0.5
2658.4667,  1.00000000,1,0,0.0,0.5
2658.5000,  1.00000000,1,0,0.0,0.5
2658.5333,  1.00000000,1,0,0.0,0.5
2658.5667,  1.00000000,1,0,0.0,0.5
2658.6000,  1.00000000,1,0,0.0,0.5
2658.6333,  1.00000000,1,0,0.0,0.5
2658.6667,  1.00000000,1,0,0.0,0.5
2658.7000,  1.00000000,1,0,0.0,0.5
2658.7333,  1.00000000,1,0,0.0,0.5
2658.7667,  1.00000000,1,0,0.0,0.5
2658.8000,  1.00000000,1,0,0.0,0.5
2658.8333,  1.00000000,1,0,0.025000000000000001,0.5
2658.8667,  1.00000000,1,0,0.0,0.5
2658.9000,  1.00000000,1,0,0.0,0.5
2658.9333,  1.00000000,1,0,0.0,0.5
2658.9667,  1.00000000,1,0,0.0,0.5
2659.0000,  1.00000000,1,0,0.0,0.5
2659.0333,  1.00000000,1,0,0.0,0.5
2659.0667,  1.00000000,1,0,0.0,0.5
2659.1000,  1.00000000,1,0,0.0,0.5
2659.1333,  1.00000000,1,0,0.0,0.5
2659.1667,  1.00000000,1,0,0.0,0.5
2659.2000,  1.00000000,1,0,0.0,0.5
2659.2333,  1.00000000,1,0,0.0,0.5
2659.2667,  1.00000000,1,0,0.0,0.5
2659.3000,  1.00000000,1,0,0.0,0.5
2659.3333,  1.00000000,1,0,0.0,0.5
2659.3667,  1.00000000,1,0,0.0,0.5
2659.4000,  1.00000000,1,0,0.0,0.5
2659.4333,  1.00000000,1,0,0.0,0.5
2659.4667,  1.00000000,1,0,0.0,0.5
2659.5000,  1.00000000,1,0,0.0,0.5
2659.5333,  1.00000000,1,0,0.0,0.5
2659.5667,  1.00000000,1,0,0.0,0.5
2659.6000,  1.00000000,1,0,0.0,0.5
2659.6333,  1.00000000,1,0,0.0,0.5
2659.6667,  1.00000000,1,0,0.0,0.5
2659.7000,  1.00000000,1,0,0.0,0.5
2659.7333,  1.00000000,1,0,0.0,0.5
2659.7667,  1.00000000,1,0,0.0,0.5
2659.8000,  1.00000000,1,0,0.0,0.5
2659.8333,  1.00000000,1,0,0.0,0.5
2659.8667,  1.00000000,1,0,0.0,0.5
2659.9000,  1.00000000,1,0,0.0,0.5
2659.9333,  1.00000000,1,0,0.0,0.5
2659.9667,  1.00000000,1,0,0.0,0.5
2660.0000,  1.00000000,1,0,0.0,0.5
2660.0333,  1.00000000,1,0,0.025000000000000001,0.5
2660.0667,  1.00000000,1,0,0.0,0.5
2660.1000,  1.00000000,1,0,0.0,0.5
2660.1333,  1.00000000,1,0,0.0,0.5
2660.1667,  1.00000000,1,0,0.0,0.5
2660.2000,  1.00000000,1,0,0.0,0.5
2660.2333,  1.00000000,1,0,0.0,0.5
2660.2667,  1.00000000,1,0,0.0,0.5
2660.3000,  1.00000000,1,0,0.0,0.5
2660.3333,  1.00000000,1,0,0.0,0.5
2660.3667,  1.00000000,1,0,0.0,0.5
2660.4000,  1.00000000,1,0,0.0,0.5
2660.4333,  1.00000000,1,0,0.0,0.5
2660.4667,  1.00000000,1,0,0.0,0.5
2660.5000,  1.00000000,1,0,0.0,0.5
2660.5333,  1.00000000,1,0,0.025000000000000001,0.5
2660.5667,  1.00000000,1,0,0.0,0.5
2660.6000,  1.00000000,1,0,0.0,0.5
2660.6333,  1.00000000,1,0,0.0,0.5
2660.6667,  1.00000000,1,0,0.0,0.5
2660.7000,  1.00000000,1,0,0.0,0.5
2660.7333,  1.00000000,1,0,0.0,0.5
2660.7667,  1.00000000,1,0,0.0,0.5
2660.8000,  1.00000000,1,0,0.0,0.5
2660.8333,  1.00000000,1,0,0.0,0.5
2660.8667,  1.00000000,1,0,0.0,0.5
2660.9000,  1.00000000,1,0,0.0,0.5
2660.9333,  1.00000000,1,0,0.0,0.5
2660.9667,  1.00000000,1,0,0.0,0.5
2661.0000,  1.00000000,1,0,0.0,0.5
2661.0333,  1.00000000,1,0,0.0,0.5
2661.0667,  1.00000000,1,0,0.0,0.5
2661.1000,  1.00000000,1,0,0.0,0.5
2661.1333,  1.00000000,1,0,0.0,0.5
2661.1667,  1.00000000,1,0,0.0,0.5
2661.2000,  1.00000000,1,0,0.0,0.5
2661.2333,  1.00000000,1,0,0.025000000000000001,0.5
2661.2667,  1.00000000,1,0,0.0,0.5
2661.3000,  1.00000000,1,0,0.0,0.5
2661.3333,  1.00000000,1,0,0.0,0.5
2661.3667,  1.00000000,1,0,0.0,0.5
2661.4000,  1.00000000,1,0,0.0,0.5
2661.4333,  1.00000000,1,0,0.0,0.5
2661.4667,  1.00000000,1,0,0.0,0.5
2661.5000,  1.00000000,1,0,0.0,0.5
2661.5333,  1.00000000,1,0,0.0,0.5
2661.5667,  1.00000000,1,0,0.0,0.5
2661.6000,  1.00000000,1,0,0.0,0.5
2661.6333,  1.00000000,1,0,0.0,0.5
2661.6667,  1.00000000,1,0,0.0,0.5
2661.7000,  1.00000000,1,0,0.0,0.5
2661.7333,  1.00000000,1,0,0.0,0.5
2661.7667,  1.00000000,1,0,0.0,0.5
2661.8000,  1.00000000,1,0,0.0,0.5
2661.8333,  1.00000000,1,0,0.0,0.5
2661.8667,  1.00000000,1,0,0.0,0.5
2661.9000,  1.00000000,1,0,0.0,0.5
2661.9333,  1.00000000,1,0,0.0,0.5
2661.9667,  1.00000000,1,0,0.0,0.5
2662.0000,  1.00000000,1,0,0.0,0.5
2662.0333,  1.00000000,1,0,0.0,0.5
2662.0667,  1.00000000,1,0,0.0,0.5
2662.1000,  1.00000000,1,0,0.0,0.5
2662.1333,  1.00000000,1,0,0.0,0.5
2662.1667,  1.00000000,1,0,0.0,0.5
2662.2000,  1.00000000,1,0,0.0,0.5
2662.2333,  1.00000000,1,0,0.0,0.5
2662.2667,  1.00000000,1,0,0.0,0.5
2662.3000,  1.00000000,1,0,0.0,0.5
2662.3333,  1.00000000,1,0,0.0,0.5
2662.3667,  1.00000000,1,0,0.0,0.5
2662.4000,  1.00000000,1,0,0.0,0.5
2662.4333,  1.00000000,1,0,0.0,0.5
2662.4667,  1.00000000,1,0,0.0,0.5
2662.5000,  1.00000000,1,0,0.0,0.5
2662.5333,  1.00000000,1,0,0.0,0.5
2662.5667,  1.00000000,1,0,0.0,0.5
2662.6000,  1.00000000,1,0,0.0,0.5
2662.6333,  1.00000000,1,0,0.0,0.5
2662.6667,  1.00000000,1,0,0.0,0.5
2662.7000,  1.00000000,1,0,0.0,0.5
2662.7333,  1.00000000,1,0,0.0,0.5
2662.7667,  1.00000000,1,0,0.0,0.5
2662.8000,  1.00000000,1,0,0.0,0.5
2662.8333,  1.00000000,1,0,0.0,0.5
2662.8667,  1.00000000,1,0,0.0,0.5
2662.9000,  1.00000000,1,0,0.0,0.5
2662.9333,  1.00000000,1,0,0.0,0.5
2662.9667,  1.00000000,1,0,0.0,0.5
2663.0000,  1.00000000,1,0,0.0,0.5
2663.0333,  1.00000000,1,0,0.0,0.5
2663.0667,  1.00000000,1,0,0.0,0.5
2663.1000,  1.00000000,1,0,0.0,0.5
2663.1333,  1.00000000,1,0,0.0,0.5
2663.1667,  1.00000000,1,0,0.0,0.5
2663.2000,  1.00000000,1,0,0.0,0.5
2663.2333,  1.00000000,1,0,0.0,0.5
2663.2667,  1.00000000,1,0,0.0,0.5
2663.3000,  1.00000000,1,0,0.0,0.5
2663.3333,  1.00000000,1,0,0.0,0.5
2663.3667,  1.00000000,1,0,0.0,0.5
2663.4000,  1.00000000,1,0,0.0,0.5
2663.4333,  1.00000000,1,0,0.0,0.5
2663.4667,  1.00000000,1,0,0.0,0.5
2663.5000,  1.00000000,1,0,0.0,0.5
2663.5333,  1.00000000,1,0,0.0,0.5
2663.5667,  1.00000000,1,0,0.0,0.5
2663.6000,  1.00000000,1,0,0.0,0.5
2663.6333,  1.00000000,1,0,0.0,0.5
2663.6667,  1.00000000,1,0,0.0,0.5
2663.7000,  1.00000000,1,0,0.0,0.5
2663.7333,  1.00000000,1,0,0.0,0.5
2663.7667,  1.00000000,1,0,0.0,0.5
2663.8000,  1.00000000,1,0,0.0,0.5
2663.8333,  1.00000000,1,0,0.0,0.5
2663.8667,  1.00000000,1,0,0.0,0.5
2663.9000,  1.00000000,1,0,0.0,0.5
2663.9333,  1.00000000,1,0,0.0,0.5
2663.9667,  1.00000000,1,0,0.0,0.5
2664.0000,  1.00000000,1,0,0.025000000000000001,0.5
2664.0333,  1.00000000,1,0,0.0,0.5
2664.0667,  1.00000000,1,0,0.0,0.5
2664.1000,  1.00000000,1,0,0.0,0.5
2664.1333,  1.00000000,1,0,0.0,0.5
2664.1667,  1.00000000,1,0,0.0,0.5
2664.2000,  1.00000000,1,0,0.0,0.5
2664.2333,  1.00000000,1,0,0.0,0.5
2664.2667,  1.00000000,1,0,0.0,0.5
2664.3000,  1.00000000,1,0,0.0,0.5
2664.3333,  1.00000000,1,0,0.0,0.5
2664.3667,  1.00000000,1,0,0.0,0.5
2664.4000,  1.00000000,1,0,0.0,0.5
2664.4333,  1.00000000,1,0,0.0,0.5
2664.4667,  1.00000000,1,0,0.0,0.5
2664.5000,  1.00000000,1,0,0.0,0.5
2664.5333,  1.00000000,1,0,0.0,0.5
2664.5667,  1.00000000,1,0,0.0,0.5
2664.6000,  1.00000000,1,0,0.0,0.5
2664.6333,  1.00000000,1,0,0.0,0.5
2664.6667,  1.00000000,1,0,0.0,0.5
2664.7000,  1.00000000,1,0,0.0,0.5
2664.7333,  1.00000000,1,0,0.0,0.5
2664.7667,  1.00000000,1,0,0.0,0.5
2664.8000,  1.00000000,1,0,0.0,0.5
2664.8333,  1.00000000,1,0,0.0,0.5
2664.8667,  1.00000000,1,0,0.0,0.5
2664.9000,  1.00000000,1,0,0.0,0.5
2664.9333,  1.00000000,1,0,0.0,0.5
2664.9667,  1.00000000,1,0,0.0,0.5
2665.0000,  1.00000000,1,0,0.0,0.5
2665.0333,  1.00000000,1,0,0.0,0.5
2665.0667,  1.00000000,1,0,0.0,0.5
2665.1000,  1.00000000,1,0,0.0,0.5
2665.1333,  1.00000000,1,0,0.0,0.5
2665.1667,  1.00000000,1,0,0.0,0.5
2665.2000,  1.00000000,1,0,0.0,0.5
2665.2333,  1.00000000,1,0,0.0,0.5
2665.2667,  1.00000000,1,0,0.0,0.5
2665.3000,  1.00000000,1,0,0.0,0.5
2665.3333,  1.00000000,1,0,0.0,0.5
2665.3667,  1.00000000,1,0,0.0,0.5
2665.4000,  1.00000000,1,0,0.0,0.5
2665.4333,  1.00000000,1,0,0.0,0.5
2665.4667,  1.00000000,1,0,0.0,0.5
2665.5000,  1.00000000,1,0,0.0,0.5
2665.5333,  1.00000000,1,0,0.0,0.5
2665.5667,  1.00000000,1,0,0.0,0.5
2665.6000,  1.00000000,1,0,0.0,0.5
2665.6333,  1.00000000,1,0,0.0,0.5
2665.6667,  1.00000000,1,0,0.0,0.5
2665.7000,  1.00000000,1,0,0.0,0.5
2665.7333,  1.00000000,1,0,0.0,0.5
2665.7667,  1.00000000,1,0,0.0,0.5
2665.8000,  1.00000000,1,0,0.0,0.5
2665.8333,  1.00000000,1,0,0.0,0.5
2665.8667,  1.00000000,1,0,0.0,0.5
2665.9000,  1.00000000,1,0,0.0,0.5
2665.9333,  1.00000000,1,0,0.0,0.5
2665.9667,  1.00000000,1,0,0.0,0.5
2666.0000,  1.00000000,1,0,0.0,0.5
2666.0333,  1.00000000,1,0,0.0,0.5
2666.0667,  1.00000000,1,0,0.0,0.5
2666.1000,  1.00000000,1,0,0.0,0.5
2666.1333,  1.00000000,1,0,0.0,0.5
2666.1667,  1.00000000,1,0,0.0,0.5
2666.2000,  1.00000000,1,0,0.0,0.5
2666.2333,  1.00000000,1,0,0.0,0.5
2666.2667,  1.00000000,1,0,0.0,0.5
2666.3000,  1.00000000,1,0,0.025000000000000001,0.5
2666.3333,  1.00000000,1,0,0.0,0.5
2666.3667,  1.00000000,1,0,0.0,0.5
2666.4000,  1.00000000,1,0,0.0,0.5
2666.4333,  1.00000000,1,0,0.0,0.5
2666.4667,  1.00000000,1,0,0.0,0.5
2666.5000,  1.00000000,1,0,0.0,0.5
2666.5333,  1.00000000,1,0,0.0,0.5
2666.5667,  1.00000000,1,0,0.0,0.5
2666.6000,  1.00000000,1,0,0.0,0.5
2666.6333,  1.00000000,1,0,0.0,0.5
2666.6667,  1.00000000,1,0,0.0,0.5
2666.7000,  1.00000000,1,0,0.0,0.5
2666.7333,  1.00000000,1,0,0.0,0.5
2666.7667,  1.00000000,1,0,0.0,0.5
2666.8000,  1.00000000,1,0,0.0,0.5
2666.8333,  1.00000000,1,0,0.0,0.5
2666.8667,  1.00000000,1,0,0.0,0.5
2666.9000,  1.00000000,1,0,0.0,0.5
2666.9333,  1.00000000,1,0,0.0,0.5
2666.9667,  1.00000000,1,0,0.0,0.5
2667.0000,  1.00000000,1,0,0.0,0.5
2667.0333,  1.00000000,1,0,0.0,0.5
2667.0667,  1.00000000,1,0,0.0,0.5
2667.1000,  1.00000000,1,0,0.0,0.5
2667.1333,  1.00000000,1,0,0.0,0.5
2667.1667,  1.00000000,1,0,0.0,0.5
2667.2000,  1.00000000,1,0,0.0,0.5
2667.2333,  1.00000000,1,0,0.0,0.5
2667.2667,  1.00000000,1,0,0.0,0.5
2667.3000,  1.00000000,1,0,0.0,0.5
2667.3333,  1.00000000,1,0,0.0,0.5
2667.3667,  1.00000000,1,0,0.0,0.5
2667.4000,  1.00000000,1,0,0.0,0.5
2667.4333,  1.00000000,1,0,0.0,0.5
2667.4667,  1.00000000,1,0,0.0,0.5
2667.5000,  1.00000000,1,0,0.0,0.5
2667.5333,  1.00000000,1,0,0.025000000000000001,0.5
2667.5667,  1.00000000,1,0,0.0,0.5
2667.6000,  1.00000000,1,0,0.0,0.5
2667.6333,  1.00000000,1,0,0.0,0.5
2667.6667,  1.00000000,1,0,0.0,0.5
2667.7000,  1.00000000,1,0,0.025000000000000001,0.5
2667.7333,  1.00000000,1,0,0.0,0.5
2667.7667,  1.00000000,1,0,0.0,0.5
2667.8000,  1.00000000,1,0,0.0,0.5
2667.8333,  1.00000000,1,0,0.0,0.5
2667.8667,  1.00000000,1,0,0.0,0.5
2667.9000,  1.00000000,1,0,0.0,0.5
2667.9333,  1.00000000,1,0,0.0,0.5
2667.9667,  1.00000000,1,0,0.0,0.5
2668.0000,  1.00000000,1,0,0.0,0.5
2668.0333,  1.00000000,1,0,0.0,0.5
2668.0667,  1.00000000,1,0,0.0,0.5
2668.1000,  1.00000000,1,0,0.0,0.5
2668.1333,  1.00000000,1,0,0.0,0.5
2668.1667,  1.00000000,1,0,0.0,0.5
2668.2000,  1.00000000,1,0,0.0,0.5
2668.2333,  1.00000000,1,0,0.0,0.5
2668.2667,  1.00000000,1,0,0.0,0.5
2668.3000,  1.00000000,1,0,0.0,0.5
2668.3333,  1.00000000,1,0,0.0,0.5
2668.3667,  1.00000000,1,0,0.0,0.5
2668.4000,  1.00000000,1,0,0.0,0.5
2668.4333,  1.00000000,1,0,0.0,0.5
2668.4667,  1.00000000,1,0,0.0,0.5
2668.5000,  1.00000000,1,0,0.0,0.5
2668.5333,  1.00000000,1,0,0.0,0.5
2668.5667,  1.00000000,1,0,0.0,0.5
2668.6000,  1.00000000,1,0,0.0,0.5
2668.6333,  1.00000000,1,0,0.0,0.5
2668.6667,  1.00000000,1,0,0.0,0.5
2668.7000,  1.00000000,1,0,0.0,0.5
2668.7333,  1.00000000,1,0,0.0,0.5
2668.7667,  1.00000000,1,0,0.0,0.5
2668.8000,  1.00000000,1,0,0.0,0.5
2668.8333,  1.00000000,1,0,0.0,0.5
2668.8667,  1.00000000,1,0,0.0,0.5
2668.9000,  1.00000000,1,0,0.0,0.5
2668.9333,  1.00000000,1,0,0.0,0.5
2668.9667,  1.00000000,1,0,0.0,0.5
2669.0000,  1.00000000,1,0,0.0,0.5
2669.0333,  1.00000000,1,0,0.0,0.5
2669.0667,  1.00000000,1,0,0.0,0.5
2669.1000,  1.00000000,1,0,0.0,0.5
2669.1333,  1.00000000,1,0,0.0,0.5
2669.1667,  1.00000000,1,0,0.0,0.5
2669.2000,  1.00000000,1,0,0.0,0.5
2669.2333,  1.00000000,1,0,0.0,0.5
2669.2667,  1.00000000,1,0,0.0,0.5
2669.3000,  1.00000000,1,0,0.0,0.5
2669.3333,  1.00000000,1,0,0.0,0.5
2669.3667,  1.00000000,1,0,0.0,0.5
2669.4000,  1.00000000,1,0,0.0,0.5
2669.4333,  1.00000000,1,0,0.0,0.5
2669.4667,  1.00000000,1,0,0.0,0.5
2669.5000,  1.00000000,1,0,0.0,0.5
2669.5333,  1.00000000,1,0,0.0,0.5
2669.5667,  1.00000000,1,0,0.0,0.5
2669.6000,  1.00000000,1,0,0.0,0.5
2669.6333,  1.00000000,1,0,0.0,0.5
2669.6667,  1.00000000,1,0,0.025000000000000001,0.5
2669.7000,  1.00000000,1,0,0.0,0.5
2669.7333,  1.00000000,1,0,0.0,0.5
2669.7667,  1.00000000,1,0,0.0,0.5
2669.8000,  1.00000000,1,0,0.0,0.5
2669.8333,  1.00000000,1,0,0.0,0.5
2669.8667,  1.00000000,1,0,0.0,0.5
2669.9000,  1.00000000,1,0,0.0,0.5
2669.9333,  1.00000000,1,0,0.0,0.5
2669.9667,  1.00000000,1,0,0.0,0.5
2670.0000,  1.00000000,1,0,0.0,0.5
2670.0333,  1.00000000,1,0,0.0,0.5
2670.0667,  1.00000000,1,0,0.0,0.5
2670.1000,  1.00000000,1,0,0.025000000000000001,0.5
2670.1333,  1.00000000,1,0,0.0,0.5
2670.1667,  1.00000000,1,0,0.0,0.5
2670.2000,  1.00000000,1,0,0.0,0.5
2670.2333,  1.00000000,1,0,0.0,0.5
2670.2667,  1.00000000,1,0,0.0,0.5
2670.3000,  1.00000000,1,0,0.0,0.5
2670.3333,  1.00000000,1,0,0.0,0.5
2670.3667,  1.00000000,1,0,0.0,0.5
2670.4000,  1.00000000,1,0,0.0,0.5
2670.4333,  1.00000000,1,0,0.0,0.5
2670.4667,  1.00000000,1,0,0.025000000000000001,0.5
2670.5000,  1.00000000,1,0,0.025000000000000001,0.5
2670.5333,  1.00000000,1,0,0.0,0.5
2670.5667,  1.00000000,1,0,0.0,0.5
2670.6000,  1.00000000,1,0,0.0,0.5
2670.6333,  1.00000000,1,0,0.0,0.5
2670.6667,  1.00000000,1,0,0.0,0.5
2670.7000,  1.00000000,1,0,0.0,0.5
2670.7333,  1.00000000,1,0,0.0,0.5
2670.7667,  1.00000000,1,0,0.0,0.5
2670.8000,  1.00000000,1,0,0.0,0.5
2670.8333,  1.00000000,1,0,0.025000000000000001,0.5
2670.8667,  1.00000000,1,0,0.0,0.5
2670.9000,  1.00000000,1,0,0.0,0.5
2670.9333,  1.00000000,1,0,0.0,0.5
2670.9667,  1.00000000,1,0,0.0,0.5
2671.0000,  1.00000000,1,0,0.0,0.5
2671.0333,  1.00000000,1,0,0.0,0.5
2671.0667,  1.00000000,1,0,0.0,0.5
2671.1000,  1.00000000,1,0,0.0,0.5
2671.1333,  1.00000000,1,0,0.0,0.5
2671.1667,  1.00000000,1,0,0.0,0.5
2671.2000,  1.00000000,1,0,0.0,0.5
2671.2333,  1.00000000,1,0,0.0,0.5
2671.2667,  1.00000000,1,0,0.0,0.5
2671.3000,  1.00000000,1,0,0.0,0.5
2671.3333,  1.00000000,1,0,0.0,0.5
2671.3667,  1.00000000,1,0,0.0,0.5
2671.4000,  1.00000000,1,0,0.0,0.5
2671.4333,  1.00000000,1,0,0.0,0.5
2671.4667,  1.00000000,1,0,0.0,0.5
2671.5000,  1.00000000,1,0,0.0,0.5
2671.5333,  1.00000000,1,0,0.0,0.5
2671.5667,  1.00000000,1,0,0.0,0.5
2671.6000,  1.00000000,1,0,0.0,0.5
2671.6333,  1.00000000,1,0,0.0,0.5
2671.6667,  1.00000000,1,0,0.0,0.5
2671.7000,  1.00000000,1,0,0.0,0.5
2671.7333,  1.00000000,1,0,0.0,0.5
2671.7667,  1.00000000,1,0,0.0,0.5
2671.8000,  1.00000000,1,0,0.0,0.5
2671.8333,  1.00000000,1,0,0.0,0.5
2671.8667,  1.00000000,1,0,0.0,0.5
2671.9000,  1.00000000,1,0,0.0,0.5
2671.9333,  1.00000000,1,0,0.0,0.5
2671.9667,  1.00000000,1,0,0.0,0.5
2672.0000,  1.00000000,1,0,0.0,0.5
2672.0333,  1.00000000,1,0,0.0,0.5
2672.0667,  1.00000000,1,0,0.0,0.5
2672.1000,  1.00000000,1,0,0.0,0.5
2672.1333,  1.00000000,1,0,0.0,0.5
2672.1667,  1.00000000,1,0,0.0,0.5
2672.2000,  1.00000000,1,0,0.0,0.5
2672.2333,  1.00000000,1,0,0.0,0.5
2672.2667,  1.00000000,1,0,0.0,0.5
2672.3000,  1.00000000,1,0,0.0,0.5
2672.3333,  1.00000000,1,0,0.0,0.5
2672.3667,  1.00000000,1,0,0.0,0.5
2672.4000,  1.00000000,1,0,0.0,0.5
2672.4333,  1.00000000,1,0,0.0,0.5
2672.4667,  1.00000000,1,0,0.0,0.5
2672.5000,  1.00000000,1,0,0.0,0.5
2672.5333,  1.00000000,1,0,0.0,0.5
2672.5667,  1.00000000,1,0,0.0,0.5
2672.6000,  1.00000000,1,0,0.0,0.5
2672.6333,  1.00000000,1,0,0.0,0.5
2672.6667,  1.00000000,1,0,0.0,0.5
2672.7000,  1.00000000,1,0,0.0,0.5
2672.7333,  1.00000000,1,0,0.0,0.5
2672.7667,  1.00000000,1,0,0.0,0.5
2672.8000,  1.00000000,1,0,0.0,0.5
2672.8333,  1.00000000,1,0,0.0,0.5
2672.8667,  1.00000000,1,0,0.0,0.5
2672.9000,  1.00000000,1,0,0.0,0.5
2672.9333,  1.00000000,1,0,0.0,0.5
2672.9667,  1.00000000,1,0,0.0,0.5
2673.0000,  1.00000000,1,0,0.0,0.5
2673.0333,  1.00000000,1,0,0.0,0.5
2673.0667,  1.00000000,1,0,0.0,0.5
2673.1000,  1.00000000,1,0,0.0,0.5
2673.1333,  1.00000000,1,0,0.0,0.5
2673.1667,  1.00000000,1,0,0.0,0.5
2673.2000,  1.00000000,1,0,0.0,0.5
2673.2333,  1.00000000,1,0,0.0,0.5
2673.2667,  1.00000000,1,0,0.0,0.5
2673.3000,  1.00000000,1,0,0.0,0.5
2673.3333,  1.00000000,1,0,0.0,0.5
2673.3667,  1.00000000,1,0,0.0,0.5
2673.4000,  1.00000000,1,0,0.0,0.5
2673.4333,  1.00000000,1,0,0.0,0.5
2673.4667,  1.00000000,1,0,0.0,0.5
2673.5000,  1.00000000,1,0,0.0,0.5
2673.5333,  1.00000000,1,0,0.0,0.5
2673.5667,  1.00000000,1,0,0.0,0.5
2673.6000,  1.00000000,1,0,0.0,0.5
2673.6333,  1.00000000,1,0,0.0,0.5
2673.6667,  1.00000000,1,0,0.0,0.5
2673.7000,  1.00000000,1,0,0.0,0.5
2673.7333,  1.00000000,1,0,0.0,0.5
2673.7667,  1.00000000,1,0,0.0,0.5
2673.8000,  1.00000000,1,0,0.0,0.5
2673.8333,  1.00000000,1,0,0.0,0.5
2673.8667,  1.00000000,1,0,0.0,0.5
2673.9000,  1.00000000,1,0,0.0,0.5
2673.9333,  1.00000000,1,0,0.0,0.5
2673.9667,  1.00000000,1,0,0.0,0.5
2674.0000,  1.00000000,1,0,0.0,0.5
2674.0333,  1.00000000,1,0,0.0,0.5
2674.0667,  1.00000000,1,0,0.0,0.5
2674.1000,  1.00000000,1,0,0.0,0.5
2674.1333,  1.00000000,1,0,0.0,0.5
2674.1667,  1.00000000,1,0,0.0,0.5
2674.2000,  1.00000000,1,0,0.0,0.5
2674.2333,  1.00000000,1,0,0.0,0.5
2674.2667,  1.00000000,1,0,0.0,0.5
2674.3000,  1.00000000,1,0,0.0,0.5
2674.3333,  1.00000000,1,0,0.0,0.5
2674.3667,  1.00000000,1,0,0.0,0.5
2674.4000,  1.00000000,1,0,0.0,0.5
2674.4333,  1.00000000,1,0,0.0,0.5
2674.4667,  1.00000000,1,0,0.0,0.5
2674.5000,  1.00000000,1,0,0.0,0.5
2674.5333,  1.00000000,1,0,0.0,0.5
2674.5667,  1.00000000,1,0,0.0,0.5
2674.6000,  1.00000000,1,0,0.0,0.5
2674.6333,  1.00000000,1,0,0.0,0.5
2674.6667,  1.00000000,1,0,0.0,0.5
2674.7000,  1.00000000,1,0,0.0,0.5
2674.7333,  1.00000000,1,0,0.0,0.5
2674.7667,  1.00000000,1,0,0.025000000000000001,0.5
2674.8000,  1.00000000,1,0,0.025000000000000001,0.5
2674.8333,  1.00000000,1,0,0.0,0.5
2674.8667,  1.00000000,1,0,0.0,0.5
2674.9000,  1.00000000,1,0,0.0,0.5
2674.9333,  1.00000000,1,0,0.0,0.5
2674.9667,  1.00000000,1,0,0.025000000000000001,0.5
2675.0000,  1.00000000,1,0,0.0,0.5
2675.0333,  1.00000000,1,0,0.0,0.5
2675.0667,  1.00000000,1,0,0.0,0.5
2675.1000,  1.00000000,1,0,0.0,0.5
2675.1333,  1.00000000,1,0,0.0,0.5
2675.1667,  1.00000000,1,0,0.0,0.5
2675.2000,  1.00000000,1,0,0.0,0.5
2675.2333,  1.00000000,1,0,0.0,0.5
2675.2667,  1.00000000,1,0,0.0,0.5
2675.3000,  1.00000000,1,0,0.025000000000000001,0.5
2675.3333,  1.00000000,1,0,0.0,0.5
2675.3667,  1.00000000,1,0,0.0,0.5
2675.4000,  1.00000000,1,0,0.025000000000000001,0.5
2675.4333,  1.00000000,1,0,0.0,0.5
2675.4667,  1.00000000,1,0,0.0,0.5
2675.5000,  1.00000000,1,0,0.0,0.5
2675.5333,  1.00000000,1,0,0.0,0.5
2675.5667,  1.00000000,1,0,0.0,0.5
2675.6000,  1.00000000,1,0,0.0,0.5
2675.6333,  1.00000000,1,0,0.0,0.5
2675.6667,  1.00000000,1,0,0.0,0.5
2675.7000,  1.00000000,1,0,0.0,0.5
2675.7333,  1.00000000,1,0,0.0,0.5
2675.7667,  1.00000000,1,0,0.0,0.5
2675.8000,  1.00000000,1,0,0.0,0.5
2675.8333,  1.00000000,1,0,0.0,0.5
2675.8667,  1.00000000,1,0,0.0,0.5
2675.9000,  1.00000000,1,0,0.0,0.5
2675.9333,  1.00000000,1,0,0.0,0.5
2675.9667,  1.00000000,1,0,0.0,0.5
2676.0000,  1.00000000,1,0,0.0,0.5
2676.0333,  1.00000000,1,0,0.0,0.5
2676.0667,  1.00000000,1,0,0.0,0.5
2676.1000,  1.00000000,1,0,0.0,0.5
2676.1333,  1.00000000,1,0,0.0,0.5
2676.1667,  1.00000000,1,0,0.0,0.5
2676.2000,  1.00000000,1,0,0.0,0.5
2676.2333,  1.00000000,1,0,0.0,0.5
2676.2667,  1.00000000,1,0,0.0,0.5
2676.3000,  1.00000000,1,0,0.0,0.5
2676.3333,  1.00000000,1,0,0.0,0.5
2676.3667,  1.00000000,1,0,0.0,0.5
2676.4000,  1.00000000,1,0,0.0,0.5
2676.4333,  1.00000000,1,0,0.0,0.5
2676.4667,  1.00000000,1,0,0.0,0.5
2676.5000,  1.00000000,1,0,0.0,0.5
2676.5333,  1.00000000,1,0,0.0,0.5
2676.5667,  1.00000000,1,0,0.0,0.5
2676.6000,  1.00000000,1,0,0.0,0.5
2676.6333,  1.00000000,1,0,0.0,0.5
2676.6667,  1.00000000,1,0,0.0,0.5
2676.7000,  1.00000000,1,0,0.0,0.5
2676.7333,  1.00000000,1,0,0.0,0.5
2676.7667,  1.00000000,1,0,0.0,0.5
2676.8000,  1.00000000,1,0,0.0,0.5
2676.8333,  1.00000000,1,0,0.0,0.5
2676.8667,  1.00000000,1,0,0.0,0.5
2676.9000,  1.00000000,1,0,0.0,0.5
2676.9333,  1.00000000,1,0,0.0,0.5
2676.9667,  1.00000000,1,0,0.0,0.5
2677.0000,  1.00000000,1,0,0.0,0.5
2677.0333,  1.00000000,1,0,0.0,0.5
2677.0667,  1.00000000,1,0,0.0,0.5
2677.1000,  1.00000000,1,0,0.0,0.5
2677.1333,  1.00000000,1,0,0.025000000000000001,0.5
2677.1667,  1.00000000,1,0,0.0,0.5
2677.2000,  1.00000000,1,0,0.0,0.5
2677.2333,  1.00000000,1,0,0.0,0.5
2677.2667,  1.00000000,1,0,0.0,0.5
2677.3000,  1.00000000,1,0,0.0,0.5
2677.3333,  1.00000000,1,0,0.0,0.5
2677.3667,  1.00000000,1,0,0.0,0.5
2677.4000,  1.00000000,1,0,0.0,0.5
2677.4333,  1.00000000,1,0,0.0,0.5
2677.4667,  1.00000000,1,0,0.0,0.5
2677.5000,  1.00000000,1,0,0.0,0.5
2677.5333,  1.00000000,1,0,0.0,0.5
2677.5667,  1.00000000,1,0,0.0,0.5
2677.6000,  1.00000000,1,0,0.0,0.5
2677.6333,  1.00000000,1,0,0.0,0.5
2677.6667,  1.00000000,1,0,0.0,0.5
2677.7000,  1.00000000,1,0,0.0,0.5
2677.7333,  1.00000000,1,0,0.0,0.5
2677.7667,  1.00000000,1,0,0.0,0.5
2677.8000,  1.00000000,1,0,0.0,0.5
2677.8333,  1.00000000,1,0,0.0,0.5
2677.8667,  1.00000000,1,0,0.0,0.5
2677.9000,  1.00000000,1,0,0.0,0.5
2677.9333,  1.00000000,1,0,0.0,0.5
2677.9667,  1.00000000,1,0,0.0,0.5
2678.0000,  1.00000000,1,0,0.0,0.5
2678.0333,  1.00000000,1,0,0.0,0.5
2678.0667,  1.00000000,1,0,0.0,0.5
2678.1000,  1.00000000,1,0,0.0,0.5
2678.1333,  1.00000000,1,0,0.0,0.5
2678.1667,  1.00000000,1,0,0.0,0.5
2678.2000,  1.00000000,1,0,0.0,0.5
2678.2333,  1.00000000,1,0,0.0,0.5
2678.2667,  1.00000000,1,0,0.0,0.5
2678.3000,  1.00000000,1,0,0.0,0.5
2678.3333,  1.00000000,1,0,0.0,0.5
2678.3667,  1.00000000,1,0,0.0,0.5
2678.4000,  1.00000000,1,0,0.0,0.5
2678.4333,  1.00000000,1,0,0.0,0.5
2678.4667,  1.00000000,1,0,0.0,0.5
2678.5000,  1.00000000,1,0,0.0,0.5
2678.5333,  1.00000000,1,0,0.0,0.5
2678.5667,  1.00000000,1,0,0.0,0.5
2678.6000,  1.00000000,1,0,0.0,0.5
2678.6333,  1.00000000,1,0,0.0,0.5
2678.6667,  1.00000000,1,0,0.0,0.5
2678.7000,  1.00000000,1,0,0.0,0.5
2678.7333,  1.00000000,1,0,0.0,0.5
2678.7667,  1.00000000,1,0,0.0,0.5
2678.8000,  1.00000000,1,0,0.0,0.5
2678.8333,  1.00000000,1,0,0.0,0.5
2678.8667,  1.00000000,1,0,0.0,0.5
2678.9000,  1.00000000,1,0,0.0,0.5
2678.9333,  1.00000000,1,0,0.0,0.5
2678.9667,  1.00000000,1,0,0.0,0.5
2679.0000,  1.00000000,1,0,0.0,0.5
2679.0333,  1.00000000,1,0,0.0,0.5
2679.0667,  1.00000000,1,0,0.0,0.5
2679.1000,  1.00000000,1,0,0.0,0.5
2679.1333,  1.00000000,1,0,0.0,0.5
2679.1667,  1.00000000,1,0,0.0,0.5
2679.2000,  1.00000000,1,0,0.0,0.5
2679.2333,  1.00000000,1,0,0.0,0.5
2679.2667,  1.00000000,1,0,0.0,0.5
2679.3000,  1.00000000,1,0,0.0,0.5
2679.3333,  1.00000000,1,0,0.0,0.5
2679.3667,  1.00000000,1,0,0.0,0.5
2679.4000,  1.00000000,1,0,0.0,0.5
2679.4333,  1.00000000,1,0,0.0,0.5
2679.4667,  1.00000000,1,0,0.0,0.5
2679.5000,  1.00000000,1,0,0.0,0.5
2679.5333,  1.00000000,1,0,0.0,0.5
2679.5667,  1.00000000,1,0,0.0,0.5
2679.6000,  1.00000000,1,0,0.0,0.5
2679.6333,  1.00000000,1,0,0.0,0.5
2679.6667,  1.00000000,1,0,0.0,0.5
2679.7000,  1.00000000,1,0,0.0,0.5
2679.7333,  1.00000000,1,0,0.0,0.5
2679.7667,  1.00000000,1,0,0.0,0.5
2679.8000,  1.00000000,1,0,0.0,0.5
2679.8333,  1.00000000,1,0,0.0,0.5
2679.8667,  1.00000000,1,0,0.025000000000000001,0.5
2679.9000,  1.00000000,1,0,0.0,0.5
2679.9333,  1.00000000,1,0,0.0,0.5
2679.9667,  1.00000000,1,0,0.0,0.5
2680.0000,  1.00000000,1,0,0.0,0.5
2680.0333,  1.00000000,1,0,0.0,0.5
2680.0667,  1.00000000,1,0,0.0,0.5
2680.1000,  1.00000000,1,0,0.0,0.5
2680.1333,  1.00000000,1,0,0.0,0.5
2680.1667,  1.00000000,1,0,0.0,0.5
2680.2000,  1.00000000,1,0,0.0,0.5
2680.2333,  1.00000000,1,0,0.0,0.5
2680.2667,  1.00000000,1,0,0.0,0.5
2680.3000,  1.00000000,1,0,0.0,0.5
2680.3333,  1.00000000,1,0,0.0,0.5
2680.3667,  1.00000000,1,0,0.0,0.5
2680.4000,  1.00000000,1,0,0.0,0.5
2680.4333,  1.00000000,1,0,0.0,0.5
2680.4667,  1.00000000,1,0,0.0,0.5
2680.5000,  1.00000000,1,0,0.0,0.5
2680.5333,  1.00000000,1,0,0.0,0.5
2680.5667,  1.00000000,1,0,0.0,0.5
2680.6000,  1.00000000,1,0,0.0,0.5
2680.6333,  1.00000000,1,0,0.0,0.5
2680.6667,  1.00000000,1,0,0.025000000000000001,0.5
2680.7000,  1.00000000,1,0,0.0,0.5
2680.7333,  1.00000000,1,0,0.0,0.5
2680.7667,  1.00000000,1,0,0.0,0.5
2680.8000,  1.00000000,1,0,0.0,0.5
2680.8333,  1.00000000,1,0,0.0,0.5
2680.8667,  1.00000000,1,0,0.0,0.5
2680.9000,  1.00000000,1,0,0.0,0.5
2680.9333,  1.00000000,1,0,0.0,0.5
2680.9667,  1.00000000,1,0,0.0,0.5
2681.0000,  1.00000000,1,0,0.0,0.5
2681.0333,  1.00000000,1,0,0.0,0.5
2681.0667,  1.00000000,1,0,0.0,0.5
2681.1000,  1.00000000,1,0,0.0,0.5
2681.1333,  1.00000000,1,0,0.0,0.5
2681.1667,  1.00000000,1,0,0.0,0.5
2681.2000,  1.00000000,1,0,0.0,0.5
2681.2333,  1.00000000,1,0,0.0,0.5
2681.2667,  1.00000000,1,0,0.0,0.5
2681.3000,  1.00000000,1,0,0.0,0.5
2681.3333,  1.00000000,1,0,0.0,0.5
2681.3667,  1.00000000,1,0,0.0,0.5
2681.4000,  1.00000000,1,0,0.0,0.5
2681.4333,  1.00000000,1,0,0.0,0.5
2681.4667,  1.00000000,1,0,0.0,0.5
2681.5000,  1.00000000,1,0,0.0,0.5
2681.5333,  1.00000000,1,0,0.0,0.5
2681.5667,  1.00000000,1,0,0.0,0.5
2681.6000,  1.00000000,1,0,0.0,0.5
2681.6333,  1.00000000,1,0,0.0,0.5
2681.6667,  1.00000000,1,0,0.0,0.5
2681.7000,  1.00000000,1,0,0.0,0.5
2681.7333,  1.00000000,1,0,0.025000000000000001,0.5
2681.7667,  1.00000000,1,0,0.0,0.5
2681.8000,  1.00000000,1,0,0.0,0.5
2681.8333,  1.00000000,1,0,0.0,0.5
2681.8667,  1.00000000,1,0,0.0,0.5
2681.9000,  1.00000000,1,0,0.0,0.5
2681.9333,  1.00000000,1,0,0.0,0.5
2681.9667,  1.00000000,1,0,0.0,0.5
2682.0000,  1.00000000,1,0,0.0,0.5
2682.0333,  1.00000000,1,0,0.0,0.5
2682.0667,  1.00000000,1,0,0.0,0.5
2682.1000,  1.00000000,1,0,0.0,0.5
2682.1333,  1.00000000,1,0,0.0,0.5
2682.1667,  1.00000000,1,0,0.0,0.5
2682.2000,  1.00000000,1,0,0.0,0.5
2682.2333,  1.00000000,1,0,0.0,0.5
2682.2667,  1.00000000,1,0,0.0,0.5
2682.3000,  1.00000000,1,0,0.025000000000000001,0.5
2682.3333,  1.00000000,1,0,0.0,0.5
2682.3667,  1.00000000,1,0,0.0,0.5
2682.4000,  1.00000000,1,0,0.0,0.5
2682.4333,  1.00000000,1,0,0.0,0.5
2682.4667,  1.00000000,1,0,0.025000000000000001,0.5
2682.5000,  1.00000000,1,0,0.025000000000000001,0.5
2682.5333,  1.00000000,1,0,0.0,0.5
2682.5667,  1.00000000,1,0,0.0,0.5
2682.6000,  1.00000000,1,0,0.0,0.5
2682.6333,  1.00000000,1,0,0.0,0.5
2682.6667,  1.00000000,1,0,0.0,0.5
2682.7000,  1.00000000,1,0,0.0,0.5
2682.7333,  1.00000000,1,0,0.0,0.5
2682.7667,  1.00000000,1,0,0.0,0.5
2682.8000,  1.00000000,1,0,0.0,0.5
2682.8333,  1.00000000,1,0,0.0,0.5
2682.8667,  1.00000000,1,0,0.0,0.5
2682.9000,  1.00000000,1,0,0.025000000000000001,0.5
2682.9333,  1.00000000,1,0,0.0,0.5
2682.9667,  1.00000000,1,0,0.0,0.5
2683.0000,  1.00000000,1,0,0.0,0.5
2683.0333,  1.00000000,1,0,0.0,0.5
2683.0667,  1.00000000,1,0,0.0,0.5
2683.1000,  1.00000000,1,0,0.0,0.5
2683.1333,  1.00000000,1,0,0.0,0.5
2683.1667,  1.00000000,1,0,0.0,0.5
2683.2000,  1.00000000,1,0,0.0,0.5
2683.2333,  1.00000000,1,0,0.0,0.5
2683.2667,  1.00000000,1,0,0.0,0.5
2683.3000,  1.00000000,1,0,0.0,0.5
2683.3333,  1.00000000,1,0,0.0,0.5
2683.3667,  1.00000000,1,0,0.0,0.5
2683.4000,  1.00000000,1,0,0.0,0.5
2683.4333,  1.00000000,1,0,0.0,0.5
2683.4667,  1.00000000,1,0,0.0,0.5
2683.5000,  1.00000000,1,0,0.0,0.5
2683.5333,  1.00000000,1,0,0.0,0.5
2683.5667,  1.00000000,1,0,0.0,0.5
2683.6000,  1.00000000,1,0,0.0,0.5
2683.6333,  1.00000000,1,0,0.0,0.5
2683.6667,  1.00000000,1,0,0.0,0.5
2683.7000,  1.00000000,1,0,0.0,0.5
2683.7333,  1.00000000,1,0,0.0,0.5
2683.7667,  1.00000000,1,0,0.0,0.5
2683.8000,  1.00000000,1,0,0.0,0.5
2683.8333,  1.00000000,1,0,0.0,0.5
2683.8667,  1.00000000,1,0,0.0,0.5
2683.9000,  1.00000000,1,0,0.0,0.5
2683.9333,  1.00000000,1,0,0.025000000000000001,0.5
2683.9667,  1.00000000,1,0,0.0,0.5
2684.0000,  1.00000000,1,0,0.0,0.5
2684.0333,  1.00000000,1,0,0.0,0.5
2684.0667,  1.00000000,1,0,0.0,0.5
2684.1000,  1.00000000,1,0,0.0,0.5
2684.1333,  1.00000000,1,0,0.0,0.5
2684.1667,  1.00000000,1,0,0.0,0.5
2684.2000,  1.00000000,1,0,0.0,0.5
2684.2333,  1.00000000,1,0,0.0,0.5
2684.2667,  1.00000000,1,0,0.0,0.5
2684.3000,  1.00000000,1,0,0.0,0.5
2684.3333,  1.00000000,1,0,0.0,0.5
2684.3667,  1.00000000,1,0,0.0,0.5
2684.4000,  1.00000000,1,0,0.0,0.5
2684.4333,  1.00000000,1,0,0.0,0.5
2684.4667,  1.00000000,1,0,0.0,0.5
2684.5000,  1.00000000,1,0,0.0,0.5
2684.5333,  1.00000000,1,0,0.0,0.5
2684.5667,  1.00000000,1,0,0.0,0.5
2684.6000,  1.00000000,1,0,0.0,0.5
2684.6333,  1.00000000,1,0,0.0,0.5
2684.6667,  1.00000000,1,0,0.0,0.5
2684.7000,  1.00000000,1,0,0.0,0.5
2684.7333,  1.00000000,1,0,0.0,0.5
2684.7667,  1.00000000,1,0,0.0,0.5
2684.8000,  1.00000000,1,0,0.0,0.5
2684.8333,  1.00000000,1,0,0.0,0.5
2684.8667,  1.00000000,1,0,0.0,0.5
2684.9000,  1.00000000,1,0,0.0,0.5
2684.9333,  1.00000000,1,0,0.0,0.5
2684.9667,  1.00000000,1,0,0.0,0.5
2685.0000,  1.00000000,1,0,0.0,0.5
2685.0333,  1.00000000,1,0,0.025000000000000001,0.5
2685.0667,  1.00000000,1,0,0.0,0.5
2685.1000,  1.00000000,1,0,0.0,0.5
2685.1333,  1.00000000,1,0,0.0,0.5
2685.1667,  1.00000000,1,0,0.0,0.5
2685.2000,  1.00000000,1,0,0.0,0.5
2685.2333,  1.00000000,1,0,0.0,0.5
2685.2667,  1.00000000,1,0,0.0,0.5
2685.3000,  1.00000000,1,0,0.0,0.5
2685.3333,  1.00000000,1,0,0.0,0.5
2685.3667,  1.00000000,1,0,0.0,0.5
2685.4000,  1.00000000,1,0,0.0,0.5
2685.4333,  1.00000000,1,0,0.0,0.5
2685.4667,  1.00000000,1,0,0.0,0.5
2685.5000,  1.00000000,1,0,0.0,0.5
2685.5333,  1.00000000,1,0,0.0,0.5
2685.5667,  1.00000000,1,0,0.0,0.5
2685.6000,  1.00000000,1,0,0.0,0.5
2685.6333,  1.00000000,1,0,0.0,0.5
2685.6667,  1.00000000,1,0,0.0,0.5
2685.7000,  1.00000000,1,0,0.0,0.5
2685.7333,  1.00000000,1,0,0.0,0.5
2685.7667,  1.00000000,1,0,0.0,0.5
2685.8000,  1.00000000,1,0,0.025000000000000001,0.5
2685.8333,  1.00000000,1,0,0.0,0.5
2685.8667,  1.00000000,1,0,0.0,0.5
2685.9000,  1.00000000,1,0,0.0,0.5
2685.9333,  1.00000000,1,0,0.0,0.5
2685.9667,  1.00000000,1,0,0.0,0.5
2686.0000,  1.00000000,1,0,0.0,0.5
2686.0333,  1.00000000,1,0,0.0,0.5
2686.0667,  1.00000000,1,0,0.025000000000000001,0.5
2686.1000,  1.00000000,1,0,0.0,0.5
2686.1333,  1.00000000,1,0,0.0,0.5
2686.1667,  1.00000000,1,0,0.0,0.5
2686.2000,  1.00000000,1,0,0.0,0.5
2686.2333,  1.00000000,1,0,0.0,0.5
2686.2667,  1.00000000,1,0,0.0,0.5
2686.3000,  1.00000000,1,0,0.0,0.5
2686.3333,  1.00000000,1,0,0.0,0.5
2686.3667,  1.00000000,1,0,0.025000000000000001,0.5
2686.4000,  1.00000000,1,0,0.0,0.5
2686.4333,  1.00000000,1,0,0.0,0.5
2686.4667,  1.00000000,1,0,0.0,0.5
2686.5000,  1.00000000,1,0,0.0,0.5
2686.5333,  1.00000000,1,0,0.0,0.5
2686.5667,  1.00000000,1,0,0.0,0.5
2686.6000,  1.00000000,1,0,0.0,0.5
2686.6333,  1.00000000,1,0,0.0,0.5
2686.6667,  1.00000000,1,0,0.025000000000000001,0.5
2686.7000,  1.00000000,1,0,0.0,0.5
2686.7333,  1.00000000,1,0,0.0,0.5
2686.7667,  1.00000000,1,0,0.0,0.5
2686.8000,  1.00000000,1,0,0.0,0.5
2686.8333,  1.00000000,1,0,0.0,0.5
2686.8667,  1.00000000,1,0,0.0,0.5
2686.9000,  1.00000000,1,0,0.0,0.5
2686.9333,  1.00000000,1,0,0.025000000000000001,0.5
2686.9667,  1.00000000,1,0,0.0,0.5
2687.0000,  1.00000000,1,0,0.0,0.5
2687.0333,  1.00000000,1,0,0.0,0.5
2687.0667,  1.00000000,1,0,0.0,0.5
2687.1000,  1.00000000,1,0,0.0,0.5
2687.1333,  1.00000000,1,0,0.0,0.5
2687.1667,  1.00000000,1,0,0.0,0.5
2687.2000,  1.00000000,1,0,0.0,0.5
2687.2333,  1.00000000,1,0,0.025000000000000001,0.5
2687.2667,  1.00000000,1,0,0.0,0.5
2687.3000,  1.00000000,1,0,0.0,0.5
2687.3333,  1.00000000,1,0,0.0,0.5
2687.3667,  1.00000000,1,0,0.0,0.5
2687.4000,  1.00000000,1,0,0.0,0.5
2687.4333,  1.00000000,1,0,0.0,0.5
2687.4667,  1.00000000,1,0,0.0,0.5
2687.5000,  1.00000000,1,0,0.0,0.5
2687.5333,  1.00000000,1,0,0.0,0.5
2687.5667,  1.00000000,1,0,0.0,0.5
2687.6000,  1.00000000,1,0,0.0,0.5
2687.6333,  1.00000000,1,0,0.0,0.5
2687.6667,  1.00000000,1,0,0.0,0.5
2687.7000,  1.00000000,1,0,0.0,0.5
2687.7333,  1.00000000,1,0,0.0,0.5
2687.7667,  1.00000000,1,0,0.0,0.5
2687.8000,  1.00000000,1,0,0.0,0.5
2687.8333,  1.00000000,1,0,0.0,0.5
2687.8667,  1.00000000,1,0,0.025000000000000001,0.5
2687.9000,  1.00000000,1,0,0.0,0.5
2687.9333,  1.00000000,1,0,0.025000000000000001,0.5
2687.9667,  1.00000000,1,0,0.025000000000000001,0.5
2688.0000,  1.00000000,1,0,0.0,0.5
2688.0333,  1.00000000,1,0,0.0,0.5
2688.0667,  1.00000000,1,0,0.0,0.5
2688.1000,  1.00000000,1,0,0.0,0.5
2688.1333,  1.00000000,1,0,0.0,0.5
2688.1667,  1.00000000,1,0,0.0,0.5
2688.2000,  1.00000000,1,0,0.0,0.5
2688.2333,  1.00000000,1,0,0.0,0.5
2688.2667,  1.00000000,1,0,0.0,0.5
2688.3000,  1.00000000,1,0,0.0,0.5
2688.3333,  1.00000000,1,0,0.0,0.5
2688.3667,  1.00000000,1,0,0.0,0.5
2688.4000,  1.00000000,1,0,0.0,0.5
2688.4333,  1.00000000,1,0,0.0,0.5
2688.4667,  1.00000000,1,0,0.0,0.5
2688.5000,  1.00000000,1,0,0.0,0.5
2688.5333,  1.00000000,1,0,0.0,0.5
2688.5667,  1.00000000,1,0,0.0,0.5
2688.6000,  1.00000000,1,0,0.0,0.5
2688.6333,  1.00000000,1,0,0.0,0.5
2688.6667,  1.00000000,1,0,0.0,0.5
2688.7000,  1.00000000,1,0,0.0,0.5
2688.7333,  1.00000000,1,0,0.0,0.5
2688.7667,  1.00000000,1,0,0.025000000000000001,0.5
2688.8000,  1.00000000,1,0,0.0,0.5
2688.8333,  1.00000000,1,0,0.0,0.5
2688.8667,  1.00000000,1,0,0.0,0.5
2688.9000,  1.00000000,1,0,0.0,0.5
2688.9333,  1.00000000,1,0,0.0,0.5
2688.9667,  1.00000000,1,0,0.0,0.5
2689.0000,  1.00000000,1,0,0.0,0.5
2689.0333,  1.00000000,1,0,0.0,0.5
2689.0667,  1.00000000,1,0,0.0,0.5
2689.1000,  1.00000000,1,0,0.0,0.5
2689.1333,  1.00000000,1,0,0.0,0.5
2689.1667,  1.00000000,1,0,0.0,0.5
2689.2000,  1.00000000,1,0,0.0,0.5
2689.2333,  1.00000000,1,0,0.0,0.5
2689.2667,  1.00000000,1,0,0.0,0.5
2689.3000,  1.00000000,1,0,0.0,0.5
2689.3333,  1.00000000,1,0,0.0,0.5
2689.3667,  1.00000000,1,0,0.0,0.5
2689.4000,  1.00000000,1,0,0.0,0.5
2689.4333,  1.00000000,1,0,0.0,0.5
2689.4667,  1.00000000,1,0,0.0,0.5
2689.5000,  1.00000000,1,0,0.0,0.5
2689.5333,  1.00000000,1,0,0.0,0.5
2689.5667,  1.00000000,1,0,0.0,0.5
2689.6000,  1.00000000,1,0,0.0,0.5
2689.6333,  1.00000000,1,0,0.0,0.5
2689.6667,  1.00000000,1,0,0.025000000000000001,0.5
2689.7000,  1.00000000,1,0,0.0,0.5
2689.7333,  1.00000000,1,0,0.0,0.5
2689.7667,  1.00000000,1,0,0.0,0.5
2689.8000,  1.00000000,1,0,0.0,0.5
2689.8333,  1.00000000,1,0,0.0,0.5
2689.8667,  1.00000000,1,0,0.0,0.5
2689.9000,  1.00000000,1,0,0.0,0.5
2689.9333,  1.00000000,1,0,0.0,0.5
2689.9667,  1.00000000,1,0,0.0,0.5
2690.0000,  1.00000000,1,0,0.0,0.5
2690.0333,  1.00000000,1,0,0.0,0.5
2690.0667,  1.00000000,1,0,0.0,0.5
2690.1000,  1.00000000,1,0,0.0,0.5
2690.1333,  1.00000000,1,0,0.0,0.5
2690.1667,  1.00000000,1,0,0.0,0.5
2690.2000,  1.00000000,1,0,0.0,0.5
2690.2333,  1.00000000,1,0,0.0,0.5
2690.2667,  1.00000000,1,0,0.0,0.5
2690.3000,  1.00000000,1,0,0.0,0.5
2690.3333,  1.00000000,1,0,0.0,0.5
2690.3667,  1.00000000,1,0,0.0,0.5
2690.4000,  1.00000000,1,0,0.0,0.5
2690.4333,  1.00000000,1,0,0.0,0.5
2690.4667,  1.00000000,1,0,0.0,0.5
2690.5000,  1.00000000,1,0,0.0,0.5
2690.5333,  1.00000000,1,0,0.025000000000000001,0.5
2690.5667,  1.00000000,1,0,0.0,0.5
2690.6000,  1.00000000,1,0,0.0,0.5
2690.6333,  1.00000000,1,0,0.0,0.5
2690.6667,  1.00000000,1,0,0.0,0.5
2690.7000,  1.00000000,1,0,0.0,0.5
2690.7333,  1.00000000,1,0,0.0,0.5
2690.7667,  1.00000000,1,0,0.0,0.5
2690.8000,  1.00000000,1,0,0.0,0.5
2690.8333,  1.00000000,1,0,0.0,0.5
2690.8667,  1.00000000,1,0,0.0,0.5
2690.9000,  1.00000000,1,0,0.0,0.5
2690.9333,  1.00000000,1,0,0.0,0.5
2690.9667,  1.00000000,1,0,0.0,0.5
2691.0000,  1.00000000,1,0,0.025000000000000001,0.5
2691.0333,  1.00000000,1,0,0.0,0.5
2691.0667,  1.00000000,1,0,0.0,0.5
2691.1000,  1.00000000,1,0,0.0,0.5
2691.1333,  1.00000000,1,0,0.0,0.5
2691.1667,  1.00000000,1,0,0.0,0.5
2691.2000,  1.00000000,1,0,0.0,0.5
2691.2333,  1.00000000,1,0,0.0,0.5
2691.2667,  1.00000000,1,0,0.0,0.5
2691.3000,  1.00000000,1,0,0.0,0.5
2691.3333,  1.00000000,1,0,0.0,0.5
2691.3667,  1.00000000,1,0,0.0,0.5
2691.4000,  1.00000000,1,0,0.0,0.5
2691.4333,  1.00000000,1,0,0.0,0.5
2691.4667,  1.00000000,1,0,0.0,0.5
2691.5000,  1.00000000,1,0,0.0,0.5
2691.5333,  1.00000000,1,0,0.0,0.5
2691.5667,  1.00000000,1,0,0.0,0.5
2691.6000,  1.00000000,1,0,0.0,0.5
2691.6333,  1.00000000,1,0,0.0,0.5
2691.6667,  1.00000000,1,0,0.0,0.5
2691.7000,  1.00000000,1,0,0.0,0.5
2691.7333,  1.00000000,1,0,0.0,0.5
2691.7667,  1.00000000,1,0,0.0,0.5
2691.8000,  1.00000000,1,0,0.0,0.5
2691.8333,  1.00000000,1,0,0.0,0.5
2691.8667,  1.00000000,1,0,0.0,0.5
2691.9000,  1.00000000,1,0,0.0,0.5
2691.9333,  1.00000000,1,0,0.0,0.5
2691.9667,  1.00000000,1,0,0.0,0.5
2692.0000,  1.00000000,1,0,0.0,0.5
2692.0333,  1.00000000,1,0,0.0,0.5
2692.0667,  1.00000000,1,0,0.0,0.5
2692.1000,  1.00000000,1,0,0.0,0.5
2692.1333,  1.00000000,1,0,0.0,0.5
2692.1667,  1.00000000,1,0,0.0,0.5
2692.2000,  1.00000000,1,0,0.0,0.5
2692.2333,  1.00000000,1,0,0.0,0.5
2692.2667,  1.00000000,1,0,0.0,0.5
2692.3000,  1.00000000,1,0,0.0,0.5
2692.3333,  1.00000000,1,0,0.0,0.5
2692.3667,  1.00000000,1,0,0.0,0.5
2692.4000,  1.00000000,1,0,0.0,0.5
2692.4333,  1.00000000,1,0,0.0,0.5
2692.4667,  1.00000000,1,0,0.0,0.5
2692.5000,  1.00000000,1,0,0.0,0.5
2692.5333,  1.00000000,1,0,0.0,0.5
2692.5667,  1.00000000,1,0,0.0,0.5
2692.6000,  1.00000000,1,0,0.0,0.5
2692.6333,  1.00000000,1,0,0.0,0.5
2692.6667,  1.00000000,1,0,0.0,0.5
2692.7000,  1.00000000,1,0,0.0,0.5
2692.7333,  1.00000000,1,0,0.0,0.5
2692.7667,  1.00000000,1,0,0.0,0.5
2692.8000,  1.00000000,1,0,0.0,0.5
2692.8333,  1.00000000,1,0,0.0,0.5
2692.8667,  1.00000000,1,0,0.0,0.5
2692.9000,  1.00000000,1,0,0.0,0.5
2692.9333,  1.00000000,1,0,0.0,0.5
2692.9667,  1.00000000,1,0,0.0,0.5
2693.0000,  1.00000000,1,0,0.0,0.5
2693.0333,  1.00000000,1,0,0.0,0.5
2693.0667,  1.00000000,1,0,0.0,0.5
2693.1000,  1.00000000,1,0,0.0,0.5
2693.1333,  1.00000000,1,0,0.0,0.5
2693.1667,  1.00000000,1,0,0.0,0.5
2693.2000,  1.00000000,1,0,0.0,0.5
2693.2333,  1.00000000,1,0,0.0,0.5
2693.2667,  1.00000000,1,0,0.0,0.5
2693.3000,  1.00000000,1,0,0.0,0.5
2693.3333,  1.00000000,1,0,0.0,0.5
2693.3667,  1.00000000,1,0,0.0,0.5
2693.4000,  1.00000000,1,0,0.0,0.5
2693.4333,  1.00000000,1,0,0.025000000000000001,0.5
2693.4667,  1.00000000,1,0,0.0,0.5
2693.5000,  1.00000000,1,0,0.0,0.5
2693.5333,  1.00000000,1,0,0.0,0.5
2693.5667,  1.00000000,1,0,0.0,0.5
2693.6000,  1.00000000,1,0,0.0,0.5
2693.6333,  1.00000000,1,0,0.0,0.5
2693.6667,  1.00000000,1,0,0.0,0.5
2693.7000,  1.00000000,1,0,0.0,0.5
2693.7333,  1.00000000,1,0,0.0,0.5
2693.7667,  1.00000000,1,0,0.0,0.5
2693.8000,  1.00000000,1,0,0.0,0.5
2693.8333,  1.00000000,1,0,0.0,0.5
2693.8667,  1.00000000,1,0,0.0,0.5
2693.9000,  1.00000000,1,0,0.0,0.5
2693.9333,  1.00000000,1,0,0.0,0.5
2693.9667,  1.00000000,1,0,0.0,0.5
2694.0000,  1.00000000,1,0,0.0,0.5
2694.0333,  1.00000000,1,0,0.0,0.5
2694.0667,  1.00000000,1,0,0.0,0.5
2694.1000,  1.00000000,1,0,0.0,0.5
2694.1333,  1.00000000,1,0,0.0,0.5
2694.1667,  1.00000000,1,0,0.025000000000000001,0.5
2694.2000,  1.00000000,1,0,0.0,0.5
2694.2333,  1.00000000,1,0,0.0,0.5
2694.2667,  1.00000000,1,0,0.0,0.5
2694.3000,  1.00000000,1,0,0.0,0.5
2694.3333,  1.00000000,1,0,0.0,0.5
2694.3667,  1.00000000,1,0,0.0,0.5
2694.4000,  1.00000000,1,0,0.0,0.5
2694.4333,  1.00000000,1,0,0.0,0.5
2694.4667,  1.00000000,1,0,0.0,0.5
2694.5000,  1.00000000,1,0,0.0,0.5
2694.5333,  1.00000000,1,0,0.0,0.5
2694.5667,  1.00000000,1,0,0.0,0.5
2694.6000,  1.00000000,1,0,0.0,0.5
2694.6333,  1.00000000,1,0,0.0,0.5
2694.6667,  1.00000000,1,0,0.0,0.5
2694.7000,  1.00000000,1,0,0.0,0.5
2694.7333,  1.00000000,1,0,0.0,0.5
2694.7667,  1.00000000,1,0,0.0,0.5
2694.8000,  1.00000000,1,0,0.025000000000000001,0.5
2694.8333,  1.00000000,1,0,0.025000000000000001,0.5
2694.8667,  1.00000000,1,0,0.0,0.5
2694.9000,  1.00000000,1,0,0.025000000000000001,0.5
2694.9333,  1.00000000,1,0,0.0,0.5
2694.9667,  1.00000000,1,0,0.0,0.5
2695.0000,  1.00000000,1,0,0.0,0.5
2695.0333,  1.00000000,1,0,0.0,0.5
2695.0667,  1.00000000,1,0,0.0,0.5
2695.1000,  1.00000000,1,0,0.0,0.5
2695.1333,  1.00000000,1,0,0.0,0.5
2695.1667,  1.00000000,1,0,0.0,0.5
2695.2000,  1.00000000,1,0,0.0,0.5
2695.2333,  1.00000000,1,0,0.0,0.5
2695.2667,  1.00000000,1,0,0.0,0.5
2695.3000,  1.00000000,1,0,0.0,0.5
2695.3333,  1.00000000,1,0,0.0,0.5
2695.3667,  1.00000000,1,0,0.025000000000000001,0.5
2695.4000,  1.00000000,1,0,0.0,0.5
2695.4333,  1.00000000,1,0,0.0,0.5
2695.4667,  1.00000000,1,0,0.0,0.5
2695.5000,  1.00000000,1,0,0.0,0.5
2695.5333,  1.00000000,1,0,0.0,0.5
2695.5667,  1.00000000,1,0,0.0,0.5
2695.6000,  1.00000000,1,0,0.0,0.5
2695.6333,  1.00000000,1,0,0.0,0.5
2695.6667,  1.00000000,1,0,0.0,0.5
2695.7000,  1.00000000,1,0,0.0,0.5
2695.7333,  1.00000000,1,0,0.0,0.5
2695.7667,  1.00000000,1,0,0.0,0.5
2695.8000,  1.00000000,1,0,0.0,0.5
2695.8333,  1.00000000,1,0,0.0,0.5
2695.8667,  1.00000000,1,0,0.0,0.5
2695.9000,  1.00000000,1,0,0.0,0.5
2695.9333,  1.00000000,1,0,0.0,0.5
2695.9667,  1.00000000,1,0,0.0,0.5
2696.0000,  1.00000000,1,0,0.0,0.5
2696.0333,  1.00000000,1,0,0.0,0.5
2696.0667,  1.00000000,1,0,0.0,0.5
2696.1000,  1.00000000,1,0,0.0,0.5
2696.1333,  1.00000000,1,0,0.0,0.5
2696.1667,  1.00000000,1,0,0.0,0.5
2696.2000,  1.00000000,1,0,0.0,0.5
2696.2333,  1.00000000,1,0,0.0,0.5
2696.2667,  1.00000000,1,0,0.0,0.5
2696.3000,  1.00000000,1,0,0.0,0.5
2696.3333,  1.00000000,1,0,0.0,0.5
2696.3667,  1.00000000,1,0,0.0,0.5
2696.4000,  1.00000000,1,0,0.0,0.5
2696.4333,  1.00000000,1,0,0.0,0.5
2696.4667,  1.00000000,1,0,0.025000000000000001,0.5
2696.5000,  1.00000000,1,0,0.0,0.5
2696.5333,  1.00000000,1,0,0.0,0.5
2696.5667,  1.00000000,1,0,0.0,0.5
2696.6000,  1.00000000,1,0,0.0,0.5
2696.6333,  1.00000000,1,0,0.0,0.5
2696.6667,  1.00000000,1,0,0.0,0.5
2696.7000,  1.00000000,1,0,0.0,0.5
2696.7333,  1.00000000,1,0,0.0,0.5
2696.7667,  1.00000000,1,0,0.0,0.5
2696.8000,  1.00000000,1,0,0.0,0.5
2696.8333,  1.00000000,1,0,0.0,0.5
2696.8667,  1.00000000,1,0,0.0,0.5
2696.9000,  1.00000000,1,0,0.0,0.5
2696.9333,  1.00000000,1,0,0.0,0.5
2696.9667,  1.00000000,1,0,0.0,0.5
2697.0000,  1.00000000,1,0,0.0,0.5
2697.0333,  1.00000000,1,0,0.0,0.5
2697.0667,  1.00000000,1,0,0.0,0.5
2697.1000,  1.00000000,1,0,0.0,0.5
2697.1333,  1.00000000,1,0,0.0,0.5
2697.1667,  1.00000000,1,0,0.0,0.5
2697.2000,  1.00000000,1,0,0.0,0.5
2697.2333,  1.00000000,1,0,0.0,0.5
2697.2667,  1.00000000,1,0,0.0,0.5
2697.3000,  1.00000000,1,0,0.0,0.5
2697.3333,  1.00000000,1,0,0.0,0.5
2697.3667,  1.00000000,1,0,0.0,0.5
2697.4000,  1.00000000,1,0,0.0,0.5
2697.4333,  1.00000000,1,0,0.0,0.5
2697.4667,  1.00000000,1,0,0.0,0.5
2697.5000,  1.00000000,1,0,0.0,0.5
2697.5333,  1.00000000,1,0,0.0,0.5
2697.5667,  1.00000000,1,0,0.025000000000000001,0.5
2697.6000,  1.00000000,1,0,0.0,0.5
2697.6333,  1.00000000,1,0,0.0,0.5
2697.6667,  1.00000000,1,0,0.0,0.5
2697.7000,  1.00000000,1,0,0.0,0.5
2697.7333,  1.00000000,1,0,0.0,0.5
2697.7667,  1.00000000,1,0,0.0,0.5
2697.8000,  1.00000000,1,0,0.0,0.5
2697.8333,  1.00000000,1,0,0.025000000000000001,0.5
2697.8667,  1.00000000,1,0,0.0,0.5
2697.9000,  1.00000000,1,0,0.0,0.5
2697.9333,  1.00000000,1,0,0.025000000000000001,0.5
2697.9667,  1.00000000,1,0,0.0,0.5
2698.0000,  1.00000000,1,0,0.0,0.5
2698.0333,  1.00000000,1,0,0.025000000000000001,0.5
2698.0667,  1.00000000,1,0,0.0,0.5
2698.1000,  1.00000000,1,0,0.0,0.5
2698.1333,  1.00000000,1,0,0.0,0.5
2698.1667,  1.00000000,1,0,0.0,0.5
2698.2000,  1.00000000,1,0,0.025000000000000001,0.5
2698.2333,  1.00000000,1,0,0.0,0.5
2698.2667,  1.00000000,1,0,0.0,0.5
2698.3000,  1.00000000,1,0,0.0,0.5
2698.3333,  1.00000000,1,0,0.0,0.5
2698.3667,  1.00000000,1,0,0.0,0.5
2698.4000,  1.00000000,1,0,0.0,0.5
2698.4333,  1.00000000,1,0,0.0,0.5
2698.4667,  1.00000000,1,0,0.0,0.5
2698.5000,  1.00000000,1,0,0.0,0.5
2698.5333,  1.00000000,1,0,0.0,0.5
2698.5667,  1.00000000,1,0,0.0,0.5
2698.6000,  1.00000000,1,0,0.0,0.5
2698.6333,  1.00000000,1,0,0.0,0.5
2698.6667,  1.00000000,1,0,0.0,0.5
2698.7000,  1.00000000,1,0,0.025000000000000001,0.5
2698.7333,  1.00000000,1,0,0.0,0.5
2698.7667,  1.00000000,1,0,0.025000000000000001,0.5
2698.8000,  1.00000000,1,0,0.0,0.5
2698.8333,  1.00000000,1,0,0.0,0.5
2698.8667,  1.00000000,1,0,0.0,0.5
2698.9000,  1.00000000,1,0,0.0,0.5
2698.9333,  1.00000000,1,0,0.0,0.5
2698.9667,  1.00000000,1,0,0.0,0.5
2699.0000,  1.00000000,1,0,0.0,0.5
2699.0333,  1.00000000,1,0,0.0,0.5
2699.0667,  1.00000000,1,0,0.0,0.5
2699.1000,  1.00000000,1,0,0.0,0.5
2699.1333,  1.00000000,1,0,0.0,0.5
2699.1667,  1.00000000,1,0,0.0,0.5
2699.2000,  1.00000000,1,0,0.0,0.5
2699.2333,  1.00000000,1,0,0.0,0.5
2699.2667,  1.00000000,1,0,0.0,0.5
2699.3000,  1.00000000,1,0,0.0,0.5
2699.3333,  1.00000000,1,0,0.0,0.5
2699.3667,  1.00000000,1,0,0.0,0.5
2699.4000,  1.00000000,1,0,0.0,0.5
2699.4333,  1.00000000,1,0,0.0,0.5
2699.4667,  1.00000000,1,0,0.0,0.5
2699.5000,  1.00000000,1,0,0.025000000000000001,0.5
2699.5333,  1.00000000,1,0,0.0,0.5
2699.5667,  1.00000000,1,0,0.0,0.5
2699.6000,  1.00000000,1,0,0.0,0.5
2699.6333,  1.00000000,1,0,0.0,0.5
2699.6667,  1.00000000,1,0,0.0,0.5
2699.7000,  1.00000000,1,0,0.0,0.5
2699.7333,  1.00000000,1,0,0.0,0.5
2699.7667,  1.00000000,1,0,0.0,0.5
2699.8000,  1.00000000,1,0,0.0,0.5
2699.8333,  1.00000000,1,0,0.0,0.5
2699.8667,  1.00000000,1,0,0.0,0.5
2699.9000,  1.00000000,1,0,0.0,0.5
2699.9333,  1.00000000,1,0,0.0,0.5
2699.9667,  1.00000000,1,0,0.0,0.5
2700.0000,  1.00000000,1,0,0.0,0.5
2700.0333,  1.00000000,1,0,0.0,0.5
2700.0667,  1.00000000,1,0,0.0,0.5
2700.1000,  1.00000000,1,0,0.0,0.5
2700.1333,  1.00000000,1,0,0.0,0.5
2700.1667,  1.00000000,1,0,0.0,0.5
2700.2000,  1.00000000,1,0,0.0,0.5
2700.2333,  1.00000000,1,0,0.0,0.5
2700.2667,  1.00000000,1,0,0.0,0.5
2700.3000,  1.00000000,1,0,0.0,0.5
2700.3333,  1.00000000,1,0,0.0,0.5
2700.3667,  1.00000000,1,0,0.0,0.5
2700.4000,  1.00000000,1,0,0.0,0.5
2700.4333,  1.00000000,1,0,0.0,0.5
2700.4667,  1.00000000,1,0,0.0,0.5
2700.5000,  1.00000000,1,0,0.0,0.5
2700.5333,  1.00000000,1,0,0.0,0.5
2700.5667,  1.00000000,1,0,0.0,0.5
2700.6000,  1.00000000,1,0,0.0,0.5
2700.6333,  1.00000000,1,0,0.0,0.5
2700.6667,  1.00000000,1,0,0.0,0.5
2700.7000,  1.00000000,1,0,0.0,0.5
2700.7333,  1.00000000,1,0,0.0,0.5
2700.7667,  1.00000000,1,0,0.0,0.5
2700.8000,  1.00000000,1,0,0.0,0.5
2700.8333,  1.00000000,1,0,0.0,0.5
2700.8667,  1.00000000,1,0,0.0,0.5
2700.9000,  1.00000000,1,0,0.0,0.5
2700.9333,  1.00000000,1,0,0.0,0.5
2700.9667,  1.00000000,1,0,0.0,0.5
2701.0000,  1.00000000,1,0,0.0,0.5
2701.0333,  1.00000000,1,0,0.0,0.5
2701.0667,  1.00000000,1,0,0.0,0.5
2701.1000,  1.00000000,1,0,0.0,0.5
2701.1333,  1.00000000,1,0,0.0,0.5
2701.1667,  1.00000000,1,0,0.0,0.5
2701.2000,  1.00000000,1,0,0.0,0.5
2701.2333,  1.00000000,1,0,0.0,0.5
2701.2667,  1.00000000,1,0,0.0,0.5
2701.3000,  1.00000000,1,0,0.0,0.5
2701.3333,  1.00000000,1,0,0.0,0.5
2701.3667,  1.00000000,1,0,0.0,0.5
2701.4000,  1.00000000,1,0,0.0,0.5
2701.4333,  1.00000000,1,0,0.0,0.5
2701.4667,  1.00000000,1,0,0.0,0.5
2701.5000,  1.00000000,1,0,0.0,0.5
2701.5333,  1.00000000,1,0,0.0,0.5
2701.5667,  1.00000000,1,0,0.0,0.5
2701.6000,  1.00000000,1,0,0.0,0.5
2701.6333,  1.00000000,1,0,0.0,0.5
2701.6667,  1.00000000,1,0,0.0,0.5
2701.7000,  1.00000000,1,0,0.0,0.5
2701.7333,  1.00000000,1,0,0.0,0.5
2701.7667,  1.00000000,1,0,0.0,0.5
2701.8000,  1.00000000,1,0,0.0,0.5
2701.8333,  1.00000000,1,0,0.0,0.5
2701.8667,  1.00000000,1,0,0.0,0.5
2701.9000,  1.00000000,1,0,0.0,0.5
2701.9333,  1.00000000,1,0,0.0,0.5
2701.9667,  1.00000000,1,0,0.0,0.5
2702.0000,  1.00000000,1,0,0.0,0.5
2702.0333,  1.00000000,1,0,0.0,0.5
2702.0667,  1.00000000,1,0,0.0,0.5
2702.1000,  1.00000000,1,0,0.0,0.5
2702.1333,  1.00000000,1,0,0.0,0.5
2702.1667,  1.00000000,1,0,0.0,0.5
2702.2000,  1.00000000,1,0,0.0,0.5
2702.2333,  1.00000000,1,0,0.0,0.5
2702.2667,  1.00000000,1,0,0.0,0.5
2702.3000,  1.00000000,1,0,0.0,0.5
2702.3333,  1.00000000,1,0,0.0,0.5
2702.3667,  1.00000000,1,0,0.0,0.5
2702.4000,  1.00000000,1,0,0.0,0.5
2702.4333,  1.00000000,1,0,0.0,0.5
2702.4667,  1.00000000,1,0,0.0,0.5
2702.5000,  1.00000000,1,0,0.0,0.5
2702.5333,  1.00000000,1,0,0.0,0.5
2702.5667,  1.00000000,1,0,0.0,0.5
2702.6000,  1.00000000,1,0,0.0,0.5
2702.6333,  1.00000000,1,0,0.0,0.5
2702.6667,  1.00000000,1,0,0.0,0.5
2702.7000,  1.00000000,1,0,0.0,0.5
2702.7333,  1.00000000,1,0,0.0,0.5
2702.7667,  1.00000000,1,0,0.0,0.5
2702.8000,  1.00000000,1,0,0.0,0.5
2702.8333,  1.00000000,1,0,0.0,0.5
2702.8667,  1.00000000,1,0,0.0,0.5
2702.9000,  1.00000000,1,0,0.0,0.5
2702.9333,  1.00000000,1,0,0.0,0.5
2702.9667,  1.00000000,1,0,0.0,0.5
2703.0000,  1.00000000,1,0,0.0,0.5
2703.0333,  1.00000000,1,0,0.0,0.5
2703.0667,  1.00000000,1,0,0.0,0.5
2703.1000,  1.00000000,1,0,0.0,0.5
2703.1333,  1.00000000,1,0,0.0,0.5
2703.1667,  1.00000000,1,0,0.0,0.5
2703.2000,  1.00000000,1,0,0.0,0.5
2703.2333,  1.00000000,1,0,0.0,0.5
2703.2667,  1.00000000,1,0,0.0,0.5
2703.3000,  1.00000000,1,0,0.0,0.5
2703.3333,  1.00000000,1,0,0.0,0.5
2703.3667,  1.00000000,1,0,0.0,0.5
2703.4000,  1.00000000,1,0,0.025000000000000001,0.5
2703.4333,  1.00000000,1,0,0.0,0.5
2703.4667,  1.00000000,1,0,0.0,0.5
2703.5000,  1.00000000,1,0,0.0,0.5
2703.5333,  1.00000000,1,0,0.025000000000000001,0.5
2703.5667,  1.00000000,1,0,0.0,0.5
2703.6000,  1.00000000,1,0,0.025000000000000001,0.5
2703.6333,  1.00000000,1,0,0.0,0.5
2703.6667,  1.00000000,1,0,0.0,0.5
2703.7000,  1.00000000,1,0,0.0,0.5
2703.7333,  1.00000000,1,0,0.0,0.5
2703.7667,  1.00000000,1,0,0.0,0.5
2703.8000,  1.00000000,1,0,0.0,0.5
2703.8333,  1.00000000,1,0,0.0,0.5
2703.8667,  1.00000000,1,0,0.0,0.5
2703.9000,  1.00000000,1,0,0.0,0.5
2703.9333,  1.00000000,1,0,0.0,0.5
2703.9667,  1.00000000,1,0,0.0,0.5
2704.0000,  1.00000000,1,0,0.0,0.5
2704.0333,  1.00000000,1,0,0.0,0.5
2704.0667,  1.00000000,1,0,0.0,0.5
2704.1000,  1.00000000,1,0,0.0,0.5
2704.1333,  1.00000000,1,0,0.0,0.5
2704.1667,  1.00000000,1,0,0.0,0.5
2704.2000,  1.00000000,1,0,0.0,0.5
2704.2333,  1.00000000,1,0,0.0,0.5
2704.2667,  1.00000000,1,0,0.0,0.5
2704.3000,  1.00000000,1,0,0.0,0.5
2704.3333,  1.00000000,1,0,0.0,0.5
2704.3667,  1.00000000,1,0,0.0,0.5
2704.4000,  1.00000000,1,0,0.0,0.5
2704.4333,  1.00000000,1,0,0.0,0.5
2704.4667,  1.00000000,1,0,0.0,0.5
2704.5000,  1.00000000,1,0,0.0,0.5
2704.5333,  1.00000000,1,0,0.0,0.5
2704.5667,  1.00000000,1,0,0.0,0.5
2704.6000,  1.00000000,1,0,0.0,0.5
2704.6333,  1.00000000,1,0,0.0,0.5
2704.6667,  1.00000000,1,0,0.0,0.5
2704.7000,  1.00000000,1,0,0.0,0.5
2704.7333,  1.00000000,1,0,0.0,0.5
2704.7667,  1.00000000,1,0,0.0,0.5
2704.8000,  1.00000000,1,0,0.0,0.5
2704.8333,  1.00000000,1,0,0.0,0.5
2704.8667,  1.00000000,1,0,0.0,0.5
2704.9000,  1.00000000,1,0,0.0,0.5
2704.9333,  1.00000000,1,0,0.0,0.5
2704.9667,  1.00000000,1,0,0.0,0.5
2705.0000,  1.00000000,1,0,0.0,0.5
2705.0333,  1.00000000,1,0,0.0,0.5
2705.0667,  1.00000000,1,0,0.0,0.5
2705.1000,  1.00000000,1,0,0.0,0.5
2705.1333,  1.00000000,1,0,0.0,0.5
2705.1667,  1.00000000,1,0,0.0,0.5
2705.2000,  1.00000000,1,0,0.0,0.5
2705.2333,  1.00000000,1,0,0.0,0.5
2705.2667,  1.00000000,1,0,0.0,0.5
2705.3000,  1.00000000,1,0,0.0,0.5
2705.3333,  1.00000000,1,0,0.0,0.5
2705.3667,  1.00000000,1,0,0.0,0.5
2705.4000,  1.00000000,1,0,0.0,0.5
2705.4333,  1.00000000,1,0,0.0,0.5
2705.4667,  1.00000000,1,0,0.0,0.5
2705.5000,  1.00000000,1,0,0.0,0.5
2705.5333,  1.00000000,1,0,0.0,0.5
2705.5667,  1.00000000,1,0,0.0,0.5
2705.6000,  1.00000000,1,0,0.0,0.5
2705.6333,  1.00000000,1,0,0.0,0.5
2705.6667,  1.00000000,1,0,0.0,0.5
2705.7000,  1.00000000,1,0,0.0,0.5
2705.7333,  1.00000000,1,0,0.0,0.5
2705.7667,  1.00000000,1,0,0.0,0.5
2705.8000,  1.00000000,1,0,0.0,0.5
2705.8333,  1.00000000,1,0,0.025000000000000001,0.5
2705.8667,  1.00000000,1,0,0.0,0.5
2705.9000,  1.00000000,1,0,0.0,0.5
2705.9333,  1.00000000,1,0,0.025000000000000001,0.5
2705.9667,  1.00000000,1,0,0.0,0.5
2706.0000,  1.00000000,1,0,0.0,0.5
2706.0333,  1.00000000,1,0,0.0,0.5
2706.0667,  1.00000000,1,0,0.0,0.5
2706.1000,  1.00000000,1,0,0.0,0.5
2706.1333,  1.00000000,1,0,0.0,0.5
2706.1667,  1.00000000,1,0,0.0,0.5
2706.2000,  1.00000000,1,0,0.0,0.5
2706.2333,  1.00000000,1,0,0.0,0.5
2706.2667,  1.00000000,1,0,0.0,0.5
2706.3000,  1.00000000,1,0,0.0,0.5
2706.3333,  1.00000000,1,0,0.0,0.5
2706.3667,  1.00000000,1,0,0.0,0.5
2706.4000,  1.00000000,1,0,0.0,0.5
2706.4333,  1.00000000,1,0,0.0,0.5
2706.4667,  1.00000000,1,0,0.0,0.5
2706.5000,  1.00000000,1,0,0.0,0.5
2706.5333,  1.00000000,1,0,0.0,0.5
2706.5667,  1.00000000,1,0,0.0,0.5
2706.6000,  1.00000000,1,0,0.0,0.5
2706.6333,  1.00000000,1,0,0.025000000000000001,0.5
2706.6667,  1.00000000,1,0,0.0,0.5
2706.7000,  1.00000000,1,0,0.0,0.5
2706.7333,  1.00000000,1,0,0.0,0.5
2706.7667,  1.00000000,1,0,0.0,0.5
2706.8000,  1.00000000,1,0,0.0,0.5
2706.8333,  1.00000000,1,0,0.0,0.5
2706.8667,  1.00000000,1,0,0.0,0.5
2706.9000,  1.00000000,1,0,0.0,0.5
2706.9333,  1.00000000,1,0,0.0,0.5
2706.9667,  1.00000000,1,0,0.0,0.5
2707.0000,  1.00000000,1,0,0.0,0.5
2707.0333,  1.00000000,1,0,0.0,0.5
2707.0667,  1.00000000,1,0,0.0,0.5
2707.1000,  1.00000000,1,0,0.0,0.5
2707.1333,  1.00000000,1,0,0.0,0.5
2707.1667,  1.00000000,1,0,0.0,0.5
2707.2000,  1.00000000,1,0,0.0,0.5
2707.2333,  1.00000000,1,0,0.025000000000000001,0.5
2707.2667,  1.00000000,1,0,0.0,0.5
2707.3000,  1.00000000,1,0,0.0,0.5
2707.3333,  1.00000000,1,0,0.0,0.5
2707.3667,  1.00000000,1,0,0.0,0.5
2707.4000,  1.00000000,1,0,0.0,0.5
2707.4333,  1.00000000,1,0,0.0,0.5
2707.4667,  1.00000000,1,0,0.0,0.5
2707.5000,  1.00000000,1,0,0.0,0.5
2707.5333,  1.00000000,1,0,0.0,0.5
2707.5667,  1.00000000,1,0,0.0,0.5
2707.6000,  1.00000000,1,0,0.0,0.5
2707.6333,  1.00000000,1,0,0.0,0.5
2707.6667,  1.00000000,1,0,0.0,0.5
2707.7000,  1.00000000,1,0,0.0,0.5
2707.7333,  1.00000000,1,0,0.0,0.5
2707.7667,  1.00000000,1,0,0.0,0.5
2707.8000,  1.00000000,1,0,0.0,0.5
2707.8333,  1.00000000,1,0,0.0,0.5
2707.8667,  1.00000000,1,0,0.0,0.5
2707.9000,  1.00000000,1,0,0.0,0.5
2707.9333,  1.00000000,1,0,0.0,0.5
2707.9667,  1.00000000,1,0,0.0,0.5
2708.0000,  1.00000000,1,0,0.0,0.5
2708.0333,  1.00000000,1,0,0.0,0.5
2708.0667,  1.00000000,1,0,0.0,0.5
2708.1000,  1.00000000,1,0,0.0,0.5
2708.1333,  1.00000000,1,0,0.0,0.5
2708.1667,  1.00000000,1,0,0.0,0.5
2708.2000,  1.00000000,1,0,0.025000000000000001,0.5
2708.2333,  1.00000000,1,0,0.0,0.5
2708.2667,  1.00000000,1,0,0.0,0.5
2708.3000,  1.00000000,1,0,0.0,0.5
2708.3333,  1.00000000,1,0,0.0,0.5
2708.3667,  1.00000000,1,0,0.0,0.5
2708.4000,  1.00000000,1,0,0.0,0.5
2708.4333,  1.00000000,1,0,0.025000000000000001,0.5
2708.4667,  1.00000000,1,0,0.0,0.5
2708.5000,  1.00000000,1,0,0.0,0.5
2708.5333,  1.00000000,1,0,0.0,0.5
2708.5667,  1.00000000,1,0,0.0,0.5
2708.6000,  1.00000000,1,0,0.0,0.5
2708.6333,  1.00000000,1,0,0.0,0.5
2708.6667,  1.00000000,1,0,0.0,0.5
2708.7000,  1.00000000,1,0,0.0,0.5
2708.7333,  1.00000000,1,0,0.0,0.5
2708.7667,  1.00000000,1,0,0.0,0.5
2708.8000,  1.00000000,1,0,0.0,0.5
2708.8333,  1.00000000,1,0,0.0,0.5
2708.8667,  1.00000000,1,0,0.0,0.5
2708.9000,  1.00000000,1,0,0.025000000000000001,0.5
2708.9333,  1.00000000,1,0,0.0,0.5
2708.9667,  1.00000000,1,0,0.0,0.5
2709.0000,  1.00000000,1,0,0.0,0.5
2709.0333,  1.00000000,1,0,0.0,0.5
2709.0667,  1.00000000,1,0,0.0,0.5
2709.1000,  1.00000000,1,0,0.0,0.5
2709.1333,  1.00000000,1,0,0.0,0.5
2709.1667,  1.00000000,1,0,0.0,0.5
2709.2000,  1.00000000,1,0,0.0,0.5
2709.2333,  1.00000000,1,0,0.0,0.5
2709.2667,  1.00000000,1,0,0.0,0.5
2709.3000,  1.00000000,1,0,0.0,0.5
2709.3333,  1.00000000,1,0,0.0,0.5
2709.3667,  1.00000000,1,0,0.0,0.5
2709.4000,  1.00000000,1,0,0.0,0.5
2709.4333,  1.00000000,1,0,0.0,0.5
2709.4667,  1.00000000,1,0,0.0,0.5
2709.5000,  1.00000000,1,0,0.0,0.5
2709.5333,  1.00000000,1,0,0.0,0.5
2709.5667,  1.00000000,1,0,0.0,0.5
2709.6000,  1.00000000,1,0,0.0,0.5
2709.6333,  1.00000000,1,0,0.0,0.5
2709.6667,  1.00000000,1,0,0.0,0.5
2709.7000,  1.00000000,1,0,0.0,0.5
2709.7333,  1.00000000,1,0,0.0,0.5
2709.7667,  1.00000000,1,0,0.0,0.5
2709.8000,  1.00000000,1,0,0.0,0.5
2709.8333,  1.00000000,1,0,0.0,0.5
2709.8667,  1.00000000,1,0,0.0,0.5
2709.9000,  1.00000000,1,0,0.0,0.5
2709.9333,  1.00000000,1,0,0.0,0.5
2709.9667,  1.00000000,1,0,0.0,0.5
2710.0000,  1.00000000,1,0,0.0,0.5
2710.0333,  1.00000000,1,0,0.0,0.5
2710.0667,  1.00000000,1,0,0.0,0.5
2710.1000,  1.00000000,1,0,0.0,0.5
2710.1333,  1.00000000,1,0,0.0,0.5
2710.1667,  1.00000000,1,0,0.0,0.5
2710.2000,  1.00000000,1,0,0.0,0.5
2710.2333,  1.00000000,1,0,0.0,0.5
2710.2667,  1.00000000,1,0,0.025000000000000001,0.5
2710.3000,  1.00000000,1,0,0.0,0.5
2710.3333,  1.00000000,1,0,0.0,0.5
2710.3667,  1.00000000,1,0,0.0,0.5
2710.4000,  1.00000000,1,0,0.0,0.5
2710.4333,  1.00000000,1,0,0.0,0.5
2710.4667,  1.00000000,1,0,0.0,0.5
2710.5000,  1.00000000,1,0,0.0,0.5
2710.5333,  1.00000000,1,0,0.0,0.5
2710.5667,  1.00000000,1,0,0.025000000000000001,0.5
2710.6000,  1.00000000,1,0,0.0,0.5
2710.6333,  1.00000000,1,0,0.0,0.5
2710.6667,  1.00000000,1,0,0.0,0.5
2710.7000,  1.00000000,1,0,0.0,0.5
2710.7333,  1.00000000,1,0,0.0,0.5
2710.7667,  1.00000000,1,0,0.0,0.5
2710.8000,  1.00000000,1,0,0.0,0.5
2710.8333,  1.00000000,1,0,0.0,0.5
2710.8667,  1.00000000,1,0,0.0,0.5
2710.9000,  1.00000000,1,0,0.0,0.5
2710.9333,  1.00000000,1,0,0.0,0.5
2710.9667,  1.00000000,1,0,0.0,0.5
2711.0000,  1.00000000,1,0,0.0,0.5
2711.0333,  1.00000000,1,0,0.0,0.5
2711.0667,  1.00000000,1,0,0.0,0.5
2711.1000,  1.00000000,1,0,0.0,0.5
2711.1333,  1.00000000,1,0,0.0,0.5
2711.1667,  1.00000000,1,0,0.0,0.5
2711.2000,  1.00000000,1,0,0.0,0.5
2711.2333,  1.00000000,1,0,0.0,0.5
2711.2667,  1.00000000,1,0,0.0,0.5
2711.3000,  1.00000000,1,0,0.0,0.5
2711.3333,  1.00000000,1,0,0.0,0.5
2711.3667,  1.00000000,1,0,0.0,0.5
2711.4000,  1.00000000,1,0,0.0,0.5
2711.4333,  1.00000000,1,0,0.0,0.5
2711.4667,  1.00000000,1,0,0.0,0.5
2711.5000,  1.00000000,1,0,0.0,0.5
2711.5333,  1.00000000,1,0,0.0,0.5
2711.5667,  1.00000000,1,0,0.0,0.5
2711.6000,  1.00000000,1,0,0.0,0.5
2711.6333,  1.00000000,1,0,0.0,0.5
2711.6667,  1.00000000,1,0,0.0,0.5
2711.7000,  1.00000000,1,0,0.0,0.5
2711.7333,  1.00000000,1,0,0.0,0.5
2711.7667,  1.00000000,1,0,0.0,0.5
2711.8000,  1.00000000,1,0,0.0,0.5
2711.8333,  1.00000000,1,0,0.0,0.5
2711.8667,  1.00000000,1,0,0.0,0.5
2711.9000,  1.00000000,1,0,0.0,0.5
2711.9333,  1.00000000,1,0,0.0,0.5
2711.9667,  1.00000000,1,0,0.0,0.5
2712.0000,  1.00000000,1,0,0.0,0.5
2712.0333,  1.00000000,1,0,0.0,0.5
2712.0667,  1.00000000,1,0,0.0,0.5
2712.1000,  1.00000000,1,0,0.0,0.5
2712.1333,  1.00000000,1,0,0.0,0.5
2712.1667,  1.00000000,1,0,0.0,0.5
2712.2000,  1.00000000,1,0,0.0,0.5
2712.2333,  1.00000000,1,0,0.0,0.5
2712.2667,  1.00000000,1,0,0.0,0.5
2712.3000,  1.00000000,1,0,0.0,0.5
2712.3333,  1.00000000,1,0,0.0,0.5
2712.3667,  1.00000000,1,0,0.0,0.5
2712.4000,  1.00000000,1,0,0.0,0.5
2712.4333,  1.00000000,1,0,0.0,0.5
2712.4667,  1.00000000,1,0,0.0,0.5
2712.5000,  1.00000000,1,0,0.0,0.5
2712.5333,  1.00000000,1,0,0.0,0.5
2712.5667,  1.00000000,1,0,0.0,0.5
2712.6000,  1.00000000,1,0,0.0,0.5
2712.6333,  1.00000000,1,0,0.0,0.5
2712.6667,  1.00000000,1,0,0.0,0.5
2712.7000,  1.00000000,1,0,0.0,0.5
2712.7333,  1.00000000,1,0,0.0,0.5
2712.7667,  1.00000000,1,0,0.025000000000000001,0.5
2712.8000,  1.00000000,1,0,0.0,0.5
2712.8333,  1.00000000,1,0,0.0,0.5
2712.8667,  1.00000000,1,0,0.0,0.5
2712.9000,  1.00000000,1,0,0.025000000000000001,0.5
2712.9333,  1.00000000,1,0,0.0,0.5
2712.9667,  1.00000000,1,0,0.0,0.5
2713.0000,  1.00000000,1,0,0.025000000000000001,0.5
2713.0333,  1.00000000,1,0,0.0,0.5
2713.0667,  1.00000000,1,0,0.0,0.5
2713.1000,  1.00000000,1,0,0.0,0.5
2713.1333,  1.00000000,1,0,0.0,0.5
2713.1667,  1.00000000,1,0,0.0,0.5
2713.2000,  1.00000000,1,0,0.0,0.5
2713.2333,  1.00000000,1,0,0.0,0.5
2713.2667,  1.00000000,1,0,0.025000000000000001,0.5
2713.3000,  1.00000000,1,0,0.0,0.5
2713.3333,  1.00000000,1,0,0.0,0.5
2713.3667,  1.00000000,1,0,0.0,0.5
2713.4000,  1.00000000,1,0,0.0,0.5
2713.4333,  1.00000000,1,0,0.0,0.5
2713.4667,  1.00000000,1,0,0.0,0.5
2713.5000,  1.00000000,1,0,0.0,0.5
2713.5333,  1.00000000,1,0,0.0,0.5
2713.5667,  1.00000000,1,0,0.0,0.5
2713.6000,  1.00000000,1,0,0.0,0.5
2713.6333,  1.00000000,1,0,0.0,0.5
2713.6667,  1.00000000,1,0,0.0,0.5
2713.7000,  1.00000000,1,0,0.0,0.5
2713.7333,  1.00000000,1,0,0.0,0.5
2713.7667,  1.00000000,1,0,0.0,0.5
2713.8000,  1.00000000,1,0,0.0,0.5
2713.8333,  1.00000000,1,0,0.0,0.5
2713.8667,  1.00000000,1,0,0.0,0.5
2713.9000,  1.00000000,1,0,0.0,0.5
2713.9333,  1.00000000,1,0,0.0,0.5
2713.9667,  1.00000000,1,0,0.0,0.5
2714.0000,  1.00000000,1,0,0.0,0.5
2714.0333,  1.00000000,1,0,0.0,0.5
2714.0667,  1.00000000,1,0,0.0,0.5
2714.1000,  1.00000000,1,0,0.0,0.5
2714.1333,  1.00000000,1,0,0.0,0.5
2714.1667,  1.00000000,1,0,0.0,0.5
2714.2000,  1.00000000,1,0,0.0,0.5
2714.2333,  1.00000000,1,0,0.0,0.5
2714.2667,  1.00000000,1,0,0.0,0.5
2714.3000,  1.00000000,1,0,0.0,0.5
2714.3333,  1.00000000,1,0,0.0,0.5
2714.3667,  1.00000000,1,0,0.0,0.5
2714.4000,  1.00000000,1,0,0.0,0.5
2714.4333,  1.00000000,1,0,0.0,0.5
2714.4667,  1.00000000,1,0,0.025000000000000001,0.5
2714.5000,  1.00000000,1,0,0.0,0.5
2714.5333,  1.00000000,1,0,0.0,0.5
2714.5667,  1.00000000,1,0,0.0,0.5
2714.6000,  1.00000000,1,0,0.0,0.5
2714.6333,  1.00000000,1,0,0.0,0.5
2714.6667,  1.00000000,1,0,0.0,0.5
2714.7000,  1.00000000,1,0,0.0,0.5
2714.7333,  1.00000000,1,0,0.025000000000000001,0.5
2714.7667,  1.00000000,1,0,0.0,0.5
2714.8000,  1.00000000,1,0,0.0,0.5
2714.8333,  1.00000000,1,0,0.0,0.5
2714.8667,  1.00000000,1,0,0.0,0.5
2714.9000,  1.00000000,1,0,0.0,0.5
2714.9333,  1.00000000,1,0,0.0,0.5
2714.9667,  1.00000000,1,0,0.0,0.5
2715.0000,  1.00000000,1,0,0.0,0.5
2715.0333,  1.00000000,1,0,0.025000000000000001,0.5
2715.0667,  1.00000000,1,0,0.0,0.5
2715.1000,  1.00000000,1,0,0.0,0.5
2715.1333,  1.00000000,1,0,0.0,0.5
2715.1667,  1.00000000,1,0,0.0,0.5
2715.2000,  1.00000000,1,0,0.0,0.5
2715.2333,  1.00000000,1,0,0.0,0.5
2715.2667,  1.00000000,1,0,0.0,0.5
2715.3000,  1.00000000,1,0,0.0,0.5
2715.3333,  1.00000000,1,0,0.0,0.5
2715.3667,  1.00000000,1,0,0.025000000000000001,0.5
2715.4000,  1.00000000,1,0,0.0,0.5
2715.4333,  1.00000000,1,0,0.025000000000000001,0.5
2715.4667,  1.00000000,1,0,0.0,0.5
2715.5000,  1.00000000,1,0,0.0,0.5
2715.5333,  1.00000000,1,0,0.0,0.5
2715.5667,  1.00000000,1,0,0.0,0.5
2715.6000,  1.00000000,1,0,0.0,0.5
2715.6333,  1.00000000,1,0,0.0,0.5
2715.6667,  1.00000000,1,0,0.0,0.5
2715.7000,  1.00000000,1,0,0.0,0.5
2715.7333,  1.00000000,1,0,0.0,0.5
2715.7667,  1.00000000,1,0,0.0,0.5
2715.8000,  1.00000000,1,0,0.0,0.5
2715.8333,  1.00000000,1,0,0.0,0.5
2715.8667,  1.00000000,1,0,0.0,0.5
2715.9000,  1.00000000,1,0,0.0,0.5
2715.9333,  1.00000000,1,0,0.0,0.5
2715.9667,  1.00000000,1,0,0.0,0.5
2716.0000,  1.00000000,1,0,0.0,0.5
2716.0333,  1.00000000,1,0,0.0,0.5
2716.0667,  1.00000000,1,0,0.0,0.5
2716.1000,  1.00000000,1,0,0.0,0.5
2716.1333,  1.00000000,1,0,0.0,0.5
2716.1667,  1.00000000,1,0,0.0,0.5
2716.2000,  1.00000000,1,0,0.0,0.5
2716.2333,  1.00000000,1,0,0.0,0.5
2716.2667,  1.00000000,1,0,0.0,0.5
2716.3000,  1.00000000,1,0,0.0,0.5
2716.3333,  1.00000000,1,0,0.0,0.5
2716.3667,  1.00000000,1,0,0.0,0.5
2716.4000,  1.00000000,1,0,0.0,0.5
2716.4333,  1.00000000,1,0,0.0,0.5
2716.4667,  1.00000000,1,0,0.0,0.5
2716.5000,  1.00000000,1,0,0.0,0.5
2716.5333,  1.00000000,1,0,0.0,0.5
2716.5667,  1.00000000,1,0,0.0,0.5
2716.6000,  1.00000000,1,0,0.0,0.5
2716.6333,  1.00000000,1,0,0.0,0.5
2716.6667,  1.00000000,1,0,0.0,0.5
2716.7000,  1.00000000,1,0,0.0,0.5
2716.7333,  1.00000000,1,0,0.0,0.5
2716.7667,  1.00000000,1,0,0.0,0.5
2716.8000,  1.00000000,1,0,0.0,0.5
2716.8333,  1.00000000,1,0,0.0,0.5
2716.8667,  1.00000000,1,0,0.0,0.5
2716.9000,  1.00000000,1,0,0.0,0.5
2716.9333,  1.00000000,1,0,0.0,0.5
2716.9667,  1.00000000,1,0,0.0,0.5
2717.0000,  1.00000000,1,0,0.0,0.5
2717.0333,  1.00000000,1,0,0.0,0.5
2717.0667,  1.00000000,1,0,0.0,0.5
2717.1000,  1.00000000,1,0,0.0,0.5
2717.1333,  1.00000000,1,0,0.0,0.5
2717.1667,  1.00000000,1,0,0.0,0.5
2717.2000,  1.00000000,1,0,0.0,0.5
2717.2333,  1.00000000,1,0,0.0,0.5
2717.2667,  1.00000000,1,0,0.0,0.5
2717.3000,  1.00000000,1,0,0.0,0.5
2717.3333,  1.00000000,1,0,0.0,0.5
2717.3667,  1.00000000,1,0,0.0,0.5
2717.4000,  1.00000000,1,0,0.0,0.5
2717.4333,  1.00000000,1,0,0.0,0.5
2717.4667,  1.00000000,1,0,0.0,0.5
2717.5000,  1.00000000,1,0,0.0,0.5
2717.5333,  1.00000000,1,0,0.0,0.5
2717.5667,  1.00000000,1,0,0.0,0.5
2717.6000,  1.00000000,1,0,0.0,0.5
2717.6333,  1.00000000,1,0,0.0,0.5
2717.6667,  1.00000000,1,0,0.0,0.5
2717.7000,  1.00000000,1,0,0.0,0.5
2717.7333,  1.00000000,1,0,0.0,0.5
2717.7667,  1.00000000,1,0,0.0,0.5
2717.8000,  1.00000000,1,0,0.0,0.5
2717.8333,  1.00000000,1,0,0.0,0.5
2717.8667,  1.00000000,1,0,0.0,0.5
2717.9000,  1.00000000,1,0,0.0,0.5
2717.9333,  1.00000000,1,0,0.0,0.5
2717.9667,  1.00000000,1,0,0.025000000000000001,0.5
2718.0000,  1.00000000,1,0,0.0,0.5
2718.0333,  1.00000000,1,0,0.0,0.5
2718.0667,  1.00000000,1,0,0.0,0.5
2718.1000,  1.00000000,1,0,0.0,0.5
2718.1333,  1.00000000,1,0,0.0,0.5
2718.1667,  1.00000000,1,0,0.0,0.5
2718.2000,  1.00000000,1,0,0.0,0.5
2718.2333,  1.00000000,1,0,0.0,0.5
2718.2667,  1.00000000,1,0,0.0,0.5
2718.3000,  1.00000000,1,0,0.025000000000000001,0.5
2718.3333,  1.00000000,1,0,0.0,0.5
2718.3667,  1.00000000,1,0,0.0,0.5
2718.4000,  1.00000000,1,0,0.0,0.5
2718.4333,  1.00000000,1,0,0.0,0.5
2718.4667,  1.00000000,1,0,0.0,0.5
2718.5000,  1.00000000,1,0,0.0,0.5
2718.5333,  1.00000000,1,0,0.0,0.5
2718.5667,  1.00000000,1,0,0.0,0.5
2718.6000,  1.00000000,1,0,0.0,0.5
2718.6333,  1.00000000,1,0,0.0,0.5
2718.6667,  1.00000000,1,0,0.0,0.5
2718.7000,  1.00000000,1,0,0.0,0.5
2718.7333,  1.00000000,1,0,0.0,0.5
2718.7667,  1.00000000,1,0,0.0,0.5
2718.8000,  1.00000000,1,0,0.0,0.5
2718.8333,  1.00000000,1,0,0.0,0.5
2718.8667,  1.00000000,1,0,0.0,0.5
2718.9000,  1.00000000,1,0,0.0,0.5
2718.9333,  1.00000000,1,0,0.0,0.5
2718.9667,  1.00000000,1,0,0.0,0.5
2719.0000,  1.00000000,1,0,0.0,0.5
2719.0333,  1.00000000,1,0,0.0,0.5
2719.0667,  1.00000000,1,0,0.0,0.5
2719.1000,  1.00000000,1,0,0.0,0.5
2719.1333,  1.00000000,1,0,0.0,0.5
2719.1667,  1.00000000,1,0,0.0,0.5
2719.2000,  1.00000000,1,0,0.0,0.5
2719.2333,  1.00000000,1,0,0.0,0.5
2719.2667,  1.00000000,1,0,0.0,0.5
2719.3000,  1.00000000,1,0,0.0,0.5
2719.3333,  1.00000000,1,0,0.0,0.5
2719.3667,  1.00000000,1,0,0.0,0.5
2719.4000,  1.00000000,1,0,0.0,0.5
2719.4333,  1.00000000,1,0,0.0,0.5
2719.4667,  1.00000000,1,0,0.0,0.5
2719.5000,  1.00000000,1,0,0.0,0.5
2719.5333,  1.00000000,1,0,0.0,0.5
2719.5667,  1.00000000,1,0,0.0,0.5
2719.6000,  1.00000000,1,0,0.0,0.5
2719.6333,  1.00000000,1,0,0.025000000000000001,0.5
2719.6667,  1.00000000,1,0,0.0,0.5
2719.7000,  1.00000000,1,0,0.0,0.5
2719.7333,  1.00000000,1,0,0.0,0.5
2719.7667,  1.00000000,1,0,0.0,0.5
2719.8000,  1.00000000,1,0,0.0,0.5
2719.8333,  1.00000000,1,0,0.0,0.5
2719.8667,  1.00000000,1,0,0.0,0.5
2719.9000,  1.00000000,1,0,0.0,0.5
2719.9333,  1.00000000,1,0,0.0,0.5
2719.9667,  1.00000000,1,0,0.0,0.5
2720.0000,  1.00000000,1,0,0.0,0.5
2720.0333,  1.00000000,1,0,0.0,0.5
2720.0667,  1.00000000,1,0,0.0,0.5
2720.1000,  1.00000000,1,0,0.0,0.5
2720.1333,  1.00000000,1,0,0.0,0.5
2720.1667,  1.00000000,1,0,0.0,0.5
2720.2000,  1.00000000,1,0,0.0,0.5
2720.2333,  1.00000000,1,0,0.0,0.5
2720.2667,  1.00000000,1,0,0.0,0.5
2720.3000,  1.00000000,1,0,0.0,0.5
2720.3333,  1.00000000,1,0,0.0,0.5
2720.3667,  1.00000000,1,0,0.0,0.5
2720.4000,  1.00000000,1,0,0.0,0.5
2720.4333,  1.00000000,1,0,0.0,0.5
2720.4667,  1.00000000,1,0,0.0,0.5
2720.5000,  1.00000000,1,0,0.0,0.5
2720.5333,  1.00000000,1,0,0.0,0.5
2720.5667,  1.00000000,1,0,0.0,0.5
2720.6000,  1.00000000,1,0,0.0,0.5
2720.6333,  1.00000000,1,0,0.0,0.5
2720.6667,  1.00000000,1,0,0.0,0.5
2720.7000,  1.00000000,1,0,0.0,0.5
2720.7333,  1.00000000,1,0,0.0,0.5
2720.7667,  1.00000000,1,0,0.0,0.5
2720.8000,  1.00000000,1,0,0.0,0.5
2720.8333,  1.00000000,1,0,0.0,0.5
2720.8667,  1.00000000,1,0,0.0,0.5
2720.9000,  1.00000000,1,0,0.0,0.5
2720.9333,  1.00000000,1,0,0.0,0.5
2720.9667,  1.00000000,1,0,0.0,0.5
2721.0000,  1.00000000,1,0,0.0,0.5
2721.0333,  1.00000000,1,0,0.0,0.5
2721.0667,  1.00000000,1,0,0.0,0.5
2721.1000,  1.00000000,1,0,0.0,0.5
2721.1333,  1.00000000,1,0,0.0,0.5
2721.1667,  1.00000000,1,0,0.0,0.5
2721.2000,  1.00000000,1,0,0.0,0.5
2721.2333,  1.00000000,1,0,0.0,0.5
2721.2667,  1.00000000,1,0,0.0,0.5
2721.3000,  1.00000000,1,0,0.0,0.5
2721.3333,  1.00000000,1,0,0.0,0.5
2721.3667,  1.00000000,1,0,0.0,0.5
2721.4000,  1.00000000,1,0,0.0,0.5
2721.4333,  1.00000000,1,0,0.0,0.5
2721.4667,  1.00000000,1,0,0.0,0.5
2721.5000,  1.00000000,1,0,0.0,0.5
2721.5333,  1.00000000,1,0,0.0,0.5
2721.5667,  1.00000000,1,0,0.0,0.5
2721.6000,  1.00000000,1,0,0.0,0.5
2721.6333,  1.00000000,1,0,0.0,0.5
2721.6667,  1.00000000,1,0,0.0,0.5
2721.7000,  1.00000000,1,0,0.0,0.5
2721.7333,  1.00000000,1,0,0.0,0.5
2721.7667,  1.00000000,1,0,0.025000000000000001,0.5
2721.8000,  1.00000000,1,0,0.0,0.5
2721.8333,  1.00000000,1,0,0.0,0.5
2721.8667,  1.00000000,1,0,0.0,0.5
2721.9000,  1.00000000,1,0,0.0,0.5
2721.9333,  1.00000000,1,0,0.0,0.5
2721.9667,  1.00000000,1,0,0.0,0.5
2722.0000,  1.00000000,1,0,0.0,0.5
2722.0333,  1.00000000,1,0,0.0,0.5
2722.0667,  1.00000000,1,0,0.0,0.5
2722.1000,  1.00000000,1,0,0.0,0.5
2722.1333,  1.00000000,1,0,0.0,0.5
2722.1667,  1.00000000,1,0,0.0,0.5
2722.2000,  1.00000000,1,0,0.0,0.5
2722.2333,  1.00000000,1,0,0.0,0.5
2722.2667,  1.00000000,1,0,0.0,0.5
2722.3000,  1.00000000,1,0,0.0,0.5
2722.3333,  1.00000000,1,0,0.025000000000000001,0.5
2722.3667,  1.00000000,1,0,0.0,0.5
2722.4000,  1.00000000,1,0,0.0,0.5
2722.4333,  1.00000000,1,0,0.0,0.5
2722.4667,  1.00000000,1,0,0.0,0.5
2722.5000,  1.00000000,1,0,0.0,0.5
2722.5333,  1.00000000,1,0,0.0,0.5
2722.5667,  1.00000000,1,0,0.0,0.5
2722.6000,  1.00000000,1,0,0.0,0.5
2722.6333,  1.00000000,1,0,0.0,0.5
2722.6667,  1.00000000,1,0,0.0,0.5
2722.7000,  1.00000000,1,0,0.0,0.5
2722.7333,  1.00000000,1,0,0.0,0.5
2722.7667,  1.00000000,1,0,0.0,0.5
2722.8000,  1.00000000,1,0,0.0,0.5
2722.8333,  1.00000000,1,0,0.0,0.5
2722.8667,  1.00000000,1,0,0.025000000000000001,0.5
2722.9000,  1.00000000,1,0,0.0,0.5
2722.9333,  1.00000000,1,0,0.0,0.5
2722.9667,  1.00000000,1,0,0.0,0.5
2723.0000,  1.00000000,1,0,0.0,0.5
2723.0333,  1.00000000,1,0,0.0,0.5
2723.0667,  1.00000000,1,0,0.0,0.5
2723.1000,  1.00000000,1,0,0.0,0.5
2723.1333,  1.00000000,1,0,0.0,0.5
2723.1667,  1.00000000,1,0,0.0,0.5
2723.2000,  1.00000000,1,0,0.0,0.5
2723.2333,  1.00000000,1,0,0.0,0.5
2723.2667,  1.00000000,1,0,0.0,0.5
2723.3000,  1.00000000,1,0,0.0,0.5
2723.3333,  1.00000000,1,0,0.0,0.5
2723.3667,  1.00000000,1,0,0.0,0.5
2723.4000,  1.00000000,1,0,0.0,0.5
2723.4333,  1.00000000,1,0,0.0,0.5
2723.4667,  1.00000000,1,0,0.0,0.5
2723.5000,  1.00000000,1,0,0.0,0.5
2723.5333,  1.00000000,1,0,0.0,0.5
2723.5667,  1.00000000,1,0,0.0,0.5
2723.6000,  1.00000000,1,0,0.0,0.5
2723.6333,  1.00000000,1,0,0.0,0.5
2723.6667,  1.00000000,1,0,0.0,0.5
2723.7000,  1.00000000,1,0,0.025000000000000001,0.5
2723.7333,  1.00000000,1,0,0.0,0.5
2723.7667,  1.00000000,1,0,0.0,0.5
2723.8000,  1.00000000,1,0,0.0,0.5
2723.8333,  1.00000000,1,0,0.0,0.5
2723.8667,  1.00000000,1,0,0.0,0.5
2723.9000,  1.00000000,1,0,0.0,0.5
2723.9333,  1.00000000,1,0,0.0,0.5
2723.9667,  1.00000000,1,0,0.0,0.5
2724.0000,  1.00000000,1,0,0.0,0.5
2724.0333,  1.00000000,1,0,0.0,0.5
2724.0667,  1.00000000,1,0,0.0,0.5
2724.1000,  1.00000000,1,0,0.0,0.5
2724.1333,  1.00000000,1,0,0.0,0.5
2724.1667,  1.00000000,1,0,0.0,0.5
2724.2000,  1.00000000,1,0,0.0,0.5
2724.2333,  1.00000000,1,0,0.0,0.5
2724.2667,  1.00000000,1,0,0.0,0.5
2724.3000,  1.00000000,1,0,0.0,0.5
2724.3333,  1.00000000,1,0,0.0,0.5
2724.3667,  1.00000000,1,0,0.025000000000000001,0.5
2724.4000,  1.00000000,1,0,0.0,0.5
2724.4333,  1.00000000,1,0,0.0,0.5
2724.4667,  1.00000000,1,0,0.0,0.5
2724.5000,  1.00000000,1,0,0.0,0.5
2724.5333,  1.00000000,1,0,0.0,0.5
2724.5667,  1.00000000,1,0,0.0,0.5
2724.6000,  1.00000000,1,0,0.0,0.5
2724.6333,  1.00000000,1,0,0.0,0.5
2724.6667,  1.00000000,1,0,0.0,0.5
2724.7000,  1.00000000,1,0,0.0,0.5
2724.7333,  1.00000000,1,0,0.0,0.5
2724.7667,  1.00000000,1,0,0.0,0.5
2724.8000,  1.00000000,1,0,0.0,0.5
2724.8333,  1.00000000,1,0,0.0,0.5
2724.8667,  1.00000000,1,0,0.0,0.5
2724.9000,  1.00000000,1,0,0.0,0.5
2724.9333,  1.00000000,1,0,0.0,0.5
2724.9667,  1.00000000,1,0,0.0,0.5
2725.0000,  1.00000000,1,0,0.0,0.5
2725.0333,  1.00000000,1,0,0.0,0.5
2725.0667,  1.00000000,1,0,0.0,0.5
2725.1000,  1.00000000,1,0,0.0,0.5
2725.1333,  1.00000000,1,0,0.0,0.5
2725.1667,  1.00000000,1,0,0.0,0.5
2725.2000,  1.00000000,1,0,0.0,0.5
2725.2333,  1.00000000,1,0,0.0,0.5
2725.2667,  1.00000000,1,0,0.0,0.5
2725.3000,  1.00000000,1,0,0.0,0.5
2725.3333,  1.00000000,1,0,0.0,0.5
2725.3667,  1.00000000,1,0,0.0,0.5
2725.4000,  1.00000000,1,0,0.0,0.5
2725.4333,  1.00000000,1,0,0.0,0.5
2725.4667,  1.00000000,1,0,0.0,0.5
2725.5000,  1.00000000,1,0,0.0,0.5
2725.5333,  1.00000000,1,0,0.0,0.5
2725.5667,  1.00000000,1,0,0.0,0.5
2725.6000,  1.00000000,1,0,0.0,0.5
2725.6333,  1.00000000,1,0,0.0,0.5
2725.6667,  1.00000000,1,0,0.0,0.5
2725.7000,  1.00000000,1,0,0.0,0.5
2725.7333,  1.00000000,1,0,0.0,0.5
2725.7667,  1.00000000,1,0,0.0,0.5
2725.8000,  1.00000000,1,0,0.0,0.5
2725.8333,  1.00000000,1,0,0.0,0.5
2725.8667,  1.00000000,1,0,0.0,0.5
2725.9000,  1.00000000,1,0,0.0,0.5
2725.9333,  1.00000000,1,0,0.0,0.5
2725.9667,  1.00000000,1,0,0.0,0.5
2726.0000,  1.00000000,1,0,0.0,0.5
2726.0333,  1.00000000,1,0,0.0,0.5
2726.0667,  1.00000000,1,0,0.0,0.5
2726.1000,  1.00000000,1,0,0.025000000000000001,0.5
2726.1333,  1.00000000,1,0,0.0,0.5
2726.1667,  1.00000000,1,0,0.0,0.5
2726.2000,  1.00000000,1,0,0.0,0.5
2726.2333,  1.00000000,1,0,0.0,0.5
2726.2667,  1.00000000,1,0,0.0,0.5
2726.3000,  1.00000000,1,0,0.0,0.5
2726.3333,  1.00000000,1,0,0.0,0.5
2726.3667,  1.00000000,1,0,0.0,0.5
2726.4000,  1.00000000,1,0,0.0,0.5
2726.4333,  1.00000000,1,0,0.0,0.5
2726.4667,  1.00000000,1,0,0.0,0.5
2726.5000,  1.00000000,1,0,0.0,0.5
2726.5333,  1.00000000,1,0,0.0,0.5
2726.5667,  1.00000000,1,0,0.0,0.5
2726.6000,  1.00000000,1,0,0.0,0.5
2726.6333,  1.00000000,1,0,0.0,0.5
2726.6667,  1.00000000,1,0,0.0,0.5
2726.7000,  1.00000000,1,0,0.0,0.5
2726.7333,  1.00000000,1,0,0.0,0.5
2726.7667,  1.00000000,1,0,0.0,0.5
2726.8000,  1.00000000,1,0,0.0,0.5
2726.8333,  1.00000000,1,0,0.0,0.5
2726.8667,  1.00000000,1,0,0.0,0.5
2726.9000,  1.00000000,1,0,0.0,0.5
2726.9333,  1.00000000,1,0,0.0,0.5
2726.9667,  1.00000000,1,0,0.0,0.5
2727.0000,  1.00000000,1,0,0.0,0.5
2727.0333,  1.00000000,1,0,0.0,0.5
2727.0667,  1.00000000,1,0,0.0,0.5
2727.1000,  1.00000000,1,0,0.0,0.5
2727.1333,  1.00000000,1,0,0.0,0.5
2727.1667,  1.00000000,1,0,0.0,0.5
2727.2000,  1.00000000,1,0,0.0,0.5
2727.2333,  1.00000000,1,0,0.0,0.5
2727.2667,  1.00000000,1,0,0.0,0.5
2727.3000,  1.00000000,1,0,0.0,0.5
2727.3333,  1.00000000,1,0,0.0,0.5
2727.3667,  1.00000000,1,0,0.0,0.5
2727.4000,  1.00000000,1,0,0.0,0.5
2727.4333,  1.00000000,1,0,0.0,0.5
2727.4667,  1.00000000,1,0,0.0,0.5
2727.5000,  1.00000000,1,0,0.0,0.5
2727.5333,  1.00000000,1,0,0.0,0.5
2727.5667,  1.00000000,1,0,0.0,0.5
2727.6000,  1.00000000,1,0,0.0,0.5
2727.6333,  1.00000000,1,0,0.0,0.5
2727.6667,  1.00000000,1,0,0.0,0.5
2727.7000,  1.00000000,1,0,0.0,0.5
2727.7333,  1.00000000,1,0,0.0,0.5
2727.7667,  1.00000000,1,0,0.0,0.5
2727.8000,  1.00000000,1,0,0.0,0.5
2727.8333,  1.00000000,1,0,0.0,0.5
2727.8667,  1.00000000,1,0,0.0,0.5
2727.9000,  1.00000000,1,0,0.0,0.5
2727.9333,  1.00000000,1,0,0.0,0.5
2727.9667,  1.00000000,1,0,0.0,0.5
2728.0000,  1.00000000,1,0,0.0,0.5
2728.0333,  1.00000000,1,0,0.0,0.5
2728.0667,  1.00000000,1,0,0.0,0.5
2728.1000,  1.00000000,1,0,0.0,0.5
2728.1333,  1.00000000,1,0,0.0,0.5
2728.1667,  1.00000000,1,0,0.0,0.5
2728.2000,  1.00000000,1,0,0.0,0.5
2728.2333,  1.00000000,1,0,0.0,0.5
2728.2667,  1.00000000,1,0,0.0,0.5
2728.3000,  1.00000000,1,0,0.0,0.5
2728.3333,  1.00000000,1,0,0.0,0.5
2728.3667,  1.00000000,1,0,0.0,0.5
2728.4000,  1.00000000,1,0,0.0,0.5
2728.4333,  1.00000000,1,0,0.0,0.5
2728.4667,  1.00000000,1,0,0.0,0.5
2728.5000,  1.00000000,1,0,0.0,0.5
2728.5333,  1.00000000,1,0,0.0,0.5
2728.5667,  1.00000000,1,0,0.0,0.5
2728.6000,  1.00000000,1,0,0.0,0.5
2728.6333,  1.00000000,1,0,0.0,0.5
2728.6667,  1.00000000,1,0,0.0,0.5
2728.7000,  1.00000000,1,0,0.0,0.5
2728.7333,  1.00000000,1,0,0.0,0.5
2728.7667,  1.00000000,1,0,0.0,0.5
2728.8000,  1.00000000,1,0,0.0,0.5
2728.8333,  1.00000000,1,0,0.0,0.5
2728.8667,  1.00000000,1,0,0.0,0.5
2728.9000,  1.00000000,1,0,0.0,0.5
2728.9333,  1.00000000,1,0,0.0,0.5
2728.9667,  1.00000000,1,0,0.0,0.5
2729.0000,  1.00000000,1,0,0.0,0.5
2729.0333,  1.00000000,1,0,0.0,0.5
2729.0667,  1.00000000,1,0,0.0,0.5
2729.1000,  1.00000000,1,0,0.0,0.5
2729.1333,  1.00000000,1,0,0.0,0.5
2729.1667,  1.00000000,1,0,0.0,0.5
2729.2000,  1.00000000,1,0,0.0,0.5
2729.2333,  1.00000000,1,0,0.0,0.5
2729.2667,  1.00000000,1,0,0.0,0.5
2729.3000,  1.00000000,1,0,0.0,0.5
2729.3333,  1.00000000,1,0,0.0,0.5
2729.3667,  1.00000000,1,0,0.0,0.5
2729.4000,  1.00000000,1,0,0.0,0.5
2729.4333,  1.00000000,1,0,0.0,0.5
2729.4667,  1.00000000,1,0,0.0,0.5
2729.5000,  1.00000000,1,0,0.0,0.5
2729.5333,  1.00000000,1,0,0.0,0.5
2729.5667,  1.00000000,1,0,0.0,0.5
2729.6000,  1.00000000,1,0,0.0,0.5
2729.6333,  1.00000000,1,0,0.0,0.5
2729.6667,  1.00000000,1,0,0.0,0.5
2729.7000,  1.00000000,1,0,0.0,0.5
2729.7333,  1.00000000,1,0,0.0,0.5
2729.7667,  1.00000000,1,0,0.0,0.5
2729.8000,  1.00000000,1,0,0.0,0.5
2729.8333,  1.00000000,1,0,0.0,0.5
2729.8667,  1.00000000,1,0,0.0,0.5
2729.9000,  1.00000000,1,0,0.0,0.5
2729.9333,  1.00000000,1,0,0.0,0.5
2729.9667,  1.00000000,1,0,0.0,0.5
2730.0000,  1.00000000,1,0,0.0,0.5
2730.0333,  1.00000000,1,0,0.0,0.5
2730.0667,  1.00000000,1,0,0.0,0.5
2730.1000,  1.00000000,1,0,0.0,0.5
2730.1333,  1.00000000,1,0,0.0,0.5
2730.1667,  1.00000000,1,0,0.0,0.5
2730.2000,  1.00000000,1,0,0.0,0.5
2730.2333,  1.00000000,1,0,0.0,0.5
2730.2667,  1.00000000,1,0,0.0,0.5
2730.3000,  1.00000000,1,0,0.025000000000000001,0.5
2730.3333,  1.00000000,1,0,0.0,0.5
2730.3667,  1.00000000,1,0,0.0,0.5
2730.4000,  1.00000000,1,0,0.0,0.5
2730.4333,  1.00000000,1,0,0.0,0.5
2730.4667,  1.00000000,1,0,0.0,0.5
2730.5000,  1.00000000,1,0,0.0,0.5
2730.5333,  1.00000000,1,0,0.0,0.5
2730.5667,  1.00000000,1,0,0.0,0.5
2730.6000,  1.00000000,1,0,0.0,0.5
2730.6333,  1.00000000,1,0,0.0,0.5
2730.6667,  1.00000000,1,0,0.0,0.5
2730.7000,  1.00000000,1,0,0.0,0.5
2730.7333,  1.00000000,1,0,0.0,0.5
2730.7667,  1.00000000,1,0,0.0,0.5
2730.8000,  1.00000000,1,0,0.0,0.5
2730.8333,  1.00000000,1,0,0.0,0.5
2730.8667,  1.00000000,1,0,0.0,0.5
2730.9000,  1.00000000,1,0,0.0,0.5
2730.9333,  1.00000000,1,0,0.0,0.5
2730.9667,  1.00000000,1,0,0.0,0.5
2731.0000,  1.00000000,1,0,0.0,0.5
2731.0333,  1.00000000,1,0,0.0,0.5
2731.0667,  1.00000000,1,0,0.0,0.5
2731.1000,  1.00000000,1,0,0.0,0.5
2731.1333,  1.00000000,1,0,0.0,0.5
2731.1667,  1.00000000,1,0,0.0,0.5
2731.2000,  1.00000000,1,0,0.0,0.5
2731.2333,  1.00000000,1,0,0.0,0.5
2731.2667,  1.00000000,1,0,0.0,0.5
2731.3000,  1.00000000,1,0,0.025000000000000001,0.5
2731.3333,  1.00000000,1,0,0.0,0.5
2731.3667,  1.00000000,1,0,0.0,0.5
2731.4000,  1.00000000,1,0,0.0,0.5
2731.4333,  1.00000000,1,0,0.0,0.5
2731.4667,  1.00000000,1,0,0.0,0.5
2731.5000,  1.00000000,1,0,0.0,0.5
2731.5333,  1.00000000,1,0,0.0,0.5
2731.5667,  1.00000000,1,0,0.0,0.5
2731.6000,  1.00000000,1,0,0.0,0.5
2731.6333,  1.00000000,1,0,0.0,0.5
2731.6667,  1.00000000,1,0,0.0,0.5
2731.7000,  1.00000000,1,0,0.0,0.5
2731.7333,  1.00000000,1,0,0.0,0.5
2731.7667,  1.00000000,1,0,0.0,0.5
2731.8000,  1.00000000,1,0,0.0,0.5
2731.8333,  1.00000000,1,0,0.0,0.5
2731.8667,  1.00000000,1,0,0.0,0.5
2731.9000,  1.00000000,1,0,0.0,0.5
2731.9333,  1.00000000,1,0,0.0,0.5
2731.9667,  1.00000000,1,0,0.0,0.5
2732.0000,  1.00000000,1,0,0.0,0.5
2732.0333,  1.00000000,1,0,0.0,0.5
2732.0667,  1.00000000,1,0,0.0,0.5
2732.1000,  1.00000000,1,0,0.0,0.5
2732.1333,  1.00000000,1,0,0.0,0.5
2732.1667,  1.00000000,1,0,0.0,0.5
2732.2000,  1.00000000,1,0,0.0,0.5
2732.2333,  1.00000000,1,0,0.0,0.5
2732.2667,  1.00000000,1,0,0.0,0.5
2732.3000,  1.00000000,1,0,0.0,0.5
2732.3333,  1.00000000,1,0,0.025000000000000001,0.5
2732.3667,  1.00000000,1,0,0.0,0.5
2732.4000,  1.00000000,1,0,0.0,0.5
2732.4333,  1.00000000,1,0,0.0,0.5
2732.4667,  1.00000000,1,0,0.025000000000000001,0.5
2732.5000,  1.00000000,1,0,0.0,0.5
2732.5333,  1.00000000,1,0,0.0,0.5
2732.5667,  1.00000000,1,0,0.0,0.5
2732.6000,  1.00000000,1,0,0.0,0.5
2732.6333,  1.00000000,1,0,0.0,0.5
2732.6667,  1.00000000,1,0,0.0,0.5
2732.7000,  1.00000000,1,0,0.0,0.5
2732.7333,  1.00000000,1,0,0.0,0.5
2732.7667,  1.00000000,1,0,0.0,0.5
2732.8000,  1.00000000,1,0,0.0,0.5
2732.8333,  1.00000000,1,0,0.0,0.5
2732.8667,  1.00000000,1,0,0.0,0.5
2732.9000,  1.00000000,1,0,0.0,0.5
2732.9333,  1.00000000,1,0,0.0,0.5
2732.9667,  1.00000000,1,0,0.0,0.5
2733.0000,  1.00000000,1,0,0.0,0.5
2733.0333,  1.00000000,1,0,0.0,0.5
2733.0667,  1.00000000,1,0,0.0,0.5
2733.1000,  1.00000000,1,0,0.025000000000000001,0.5
2733.1333,  1.00000000,1,0,0.0,0.5
2733.1667,  1.00000000,1,0,0.0,0.5
2733.2000,  1.00000000,1,0,0.0,0.5
2733.2333,  1.00000000,1,0,0.0,0.5
2733.2667,  1.00000000,1,0,0.0,0.5
2733.3000,  1.00000000,1,0,0.0,0.5
2733.3333,  1.00000000,1,0,0.0,0.5
2733.3667,  1.00000000,1,0,0.0,0.5
2733.4000,  1.00000000,1,0,0.0,0.5
2733.4333,  1.00000000,1,0,0.0,0.5
2733.4667,  1.00000000,1,0,0.0,0.5
2733.5000,  1.00000000,1,0,0.0,0.5
2733.5333,  1.00000000,1,0,0.0,0.5
2733.5667,  1.00000000,1,0,0.0,0.5
2733.6000,  1.00000000,1,0,0.0,0.5
2733.6333,  1.00000000,1,0,0.0,0.5
2733.6667,  1.00000000,1,0,0.0,0.5
2733.7000,  1.00000000,1,0,0.0,0.5
2733.7333,  1.00000000,1,0,0.0,0.5
2733.7667,  1.00000000,1,0,0.0,0.5
2733.8000,  1.00000000,1,0,0.0,0.5
2733.8333,  1.00000000,1,0,0.0,0.5
2733.8667,  1.00000000,1,0,0.0,0.5
2733.9000,  1.00000000,1,0,0.0,0.5
2733.9333,  1.00000000,1,0,0.0,0.5
2733.9667,  1.00000000,1,0,0.0,0.5
2734.0000,  1.00000000,1,0,0.0,0.5
2734.0333,  1.00000000,1,0,0.0,0.5
2734.0667,  1.00000000,1,0,0.0,0.5
2734.1000,  1.00000000,1,0,0.0,0.5
2734.1333,  1.00000000,1,0,0.0,0.5
2734.1667,  1.00000000,1,0,0.0,0.5
2734.2000,  1.00000000,1,0,0.0,0.5
2734.2333,  1.00000000,1,0,0.0,0.5
2734.2667,  1.00000000,1,0,0.0,0.5
2734.3000,  1.00000000,1,0,0.0,0.5
2734.3333,  1.00000000,1,0,0.0,0.5
2734.3667,  1.00000000,1,0,0.0,0.5
2734.4000,  1.00000000,1,0,0.0,0.5
2734.4333,  1.00000000,1,0,0.0,0.5
2734.4667,  1.00000000,1,0,0.0,0.5
2734.5000,  1.00000000,1,0,0.0,0.5
2734.5333,  1.00000000,1,0,0.0,0.5
2734.5667,  1.00000000,1,0,0.0,0.5
2734.6000,  1.00000000,1,0,0.0,0.5
2734.6333,  1.00000000,1,0,0.0,0.5
2734.6667,  1.00000000,1,0,0.0,0.5
2734.7000,  1.00000000,1,0,0.0,0.5
2734.7333,  1.00000000,1,0,0.0,0.5
2734.7667,  1.00000000,1,0,0.0,0.5
2734.8000,  1.00000000,1,0,0.0,0.5
2734.8333,  1.00000000,1,0,0.0,0.5
2734.8667,  1.00000000,1,0,0.0,0.5
2734.9000,  1.00000000,1,0,0.0,0.5
2734.9333,  1.00000000,1,0,0.0,0.5
2734.9667,  1.00000000,1,0,0.0,0.5
2735.0000,  1.00000000,1,0,0.0,0.5
2735.0333,  1.00000000,1,0,0.0,0.5
2735.0667,  1.00000000,1,0,0.0,0.5
2735.1000,  1.00000000,1,0,0.0,0.5
2735.1333,  1.00000000,1,0,0.0,0.5
2735.1667,  1.00000000,1,0,0.0,0.5
2735.2000,  1.00000000,1,0,0.0,0.5
2735.2333,  1.00000000,1,0,0.0,0.5
2735.2667,  1.00000000,1,0,0.0,0.5
2735.3000,  1.00000000,1,0,0.0,0.5
2735.3333,  1.00000000,1,0,0.0,0.5
2735.3667,  1.00000000,1,0,0.0,0.5
2735.4000,  1.00000000,1,0,0.0,0.5
2735.4333,  1.00000000,1,0,0.0,0.5
2735.4667,  1.00000000,1,0,0.0,0.5
2735.5000,  1.00000000,1,0,0.0,0.5
2735.5333,  1.00000000,1,0,0.0,0.5
2735.5667,  1.00000000,1,0,0.0,0.5
2735.6000,  1.00000000,1,0,0.0,0.5
2735.6333,  1.00000000,1,0,0.0,0.5
2735.6667,  1.00000000,1,0,0.0,0.5
2735.7000,  1.00000000,1,0,0.0,0.5
2735.7333,  1.00000000,1,0,0.0,0.5
2735.7667,  1.00000000,1,0,0.0,0.5
2735.8000,  1.00000000,1,0,0.0,0.5
2735.8333,  1.00000000,1,0,0.0,0.5
2735.8667,  1.00000000,1,0,0.0,0.5
2735.9000,  1.00000000,1,0,0.0,0.5
2735.9333,  1.00000000,1,0,0.0,0.5
2735.9667,  1.00000000,1,0,0.0,0.5
2736.0000,  1.00000000,1,0,0.0,0.5
2736.0333,  1.00000000,1,0,0.0,0.5
2736.0667,  1.00000000,1,0,0.0,0.5
2736.1000,  1.00000000,1,0,0.0,0.5
2736.1333,  1.00000000,1,0,0.0,0.5
2736.1667,  1.00000000,1,0,0.0,0.5
2736.2000,  1.00000000,1,0,0.0,0.5
2736.2333,  1.00000000,1,0,0.0,0.5
2736.2667,  1.00000000,1,0,0.0,0.5
2736.3000,  1.00000000,1,0,0.0,0.5
2736.3333,  1.00000000,1,0,0.0,0.5
2736.3667,  1.00000000,1,0,0.0,0.5
2736.4000,  1.00000000,1,0,0.0,0.5
2736.4333,  1.00000000,1,0,0.0,0.5
2736.4667,  1.00000000,1,0,0.0,0.5
2736.5000,  1.00000000,1,0,0.0,0.5
2736.5333,  1.00000000,1,0,0.0,0.5
2736.5667,  1.00000000,1,0,0.025000000000000001,0.5
2736.6000,  1.00000000,1,0,0.0,0.5
2736.6333,  1.00000000,1,0,0.0,0.5
2736.6667,  1.00000000,1,0,0.0,0.5
2736.7000,  1.00000000,1,0,0.0,0.5
2736.7333,  1.00000000,1,0,0.0,0.5
2736.7667,  1.00000000,1,0,0.025000000000000001,0.5
2736.8000,  1.00000000,1,0,0.0,0.5
2736.8333,  1.00000000,1,0,0.0,0.5
2736.8667,  1.00000000,1,0,0.0,0.5
2736.9000,  1.00000000,1,0,0.0,0.5
2736.9333,  1.00000000,1,0,0.025000000000000001,0.5
2736.9667,  1.00000000,1,0,0.025000000000000001,0.5
2737.0000,  1.00000000,1,0,0.0,0.5
2737.0333,  1.00000000,1,0,0.0,0.5
2737.0667,  1.00000000,1,0,0.0,0.5
2737.1000,  1.00000000,1,0,0.0,0.5
2737.1333,  1.00000000,1,0,0.0,0.5
2737.1667,  1.00000000,1,0,0.0,0.5
2737.2000,  1.00000000,1,0,0.0,0.5
2737.2333,  1.00000000,1,0,0.0,0.5
2737.2667,  1.00000000,1,0,0.0,0.5
2737.3000,  1.00000000,1,0,0.0,0.5
2737.3333,  1.00000000,1,0,0.0,0.5
2737.3667,  1.00000000,1,0,0.0,0.5
2737.4000,  1.00000000,1,0,0.0,0.5
2737.4333,  1.00000000,1,0,0.0,0.5
2737.4667,  1.00000000,1,0,0.0,0.5
2737.5000,  1.00000000,1,0,0.0,0.5
2737.5333,  1.00000000,1,0,0.0,0.5
2737.5667,  1.00000000,1,0,0.0,0.5
2737.6000,  1.00000000,1,0,0.0,0.5
2737.6333,  1.00000000,1,0,0.0,0.5
2737.6667,  1.00000000,1,0,0.0,0.5
2737.7000,  1.00000000,1,0,0.0,0.5
2737.7333,  1.00000000,1,0,0.0,0.5
2737.7667,  1.00000000,1,0,0.0,0.5
2737.8000,  1.00000000,1,0,0.0,0.5
2737.8333,  1.00000000,1,0,0.0,0.5
2737.8667,  1.00000000,1,0,0.0,0.5
2737.9000,  1.00000000,1,0,0.0,0.5
2737.9333,  1.00000000,1,0,0.0,0.5
2737.9667,  1.00000000,1,0,0.0,0.5
2738.0000,  1.00000000,1,0,0.0,0.5
2738.0333,  1.00000000,1,0,0.025000000000000001,0.5
2738.0667,  1.00000000,1,0,0.0,0.5
2738.1000,  1.00000000,1,0,0.0,0.5
2738.1333,  1.00000000,1,0,0.0,0.5
2738.1667,  1.00000000,1,0,0.0,0.5
2738.2000,  1.00000000,1,0,0.0,0.5
2738.2333,  1.00000000,1,0,0.0,0.5
2738.2667,  1.00000000,1,0,0.0,0.5
2738.3000,  1.00000000,1,0,0.0,0.5
2738.3333,  1.00000000,1,0,0.0,0.5
2738.3667,  1.00000000,1,0,0.0,0.5
2738.4000,  1.00000000,1,0,0.0,0.5
2738.4333,  1.00000000,1,0,0.0,0.5
2738.4667,  1.00000000,1,0,0.0,0.5
2738.5000,  1.00000000,1,0,0.0,0.5
2738.5333,  1.00000000,1,0,0.0,0.5
2738.5667,  1.00000000,1,0,0.0,0.5
2738.6000,  1.00000000,1,0,0.0,0.5
2738.6333,  1.00000000,1,0,0.0,0.5
2738.6667,  1.00000000,1,0,0.0,0.5
2738.7000,  1.00000000,1,0,0.0,0.5
2738.7333,  1.00000000,1,0,0.0,0.5
2738.7667,  1.00000000,1,0,0.0,0.5
2738.8000,  1.00000000,1,0,0.0,0.5
2738.8333,  1.00000000,1,0,0.0,0.5
2738.8667,  1.00000000,1,0,0.0,0.5
2738.9000,  1.00000000,1,0,0.0,0.5
2738.9333,  1.00000000,1,0,0.0,0.5
2738.9667,  1.00000000,1,0,0.0,0.5
2739.0000,  1.00000000,1,0,0.0,0.5
2739.0333,  1.00000000,1,0,0.0,0.5
2739.0667,  1.00000000,1,0,0.0,0.5
2739.1000,  1.00000000,1,0,0.0,0.5
2739.1333,  1.00000000,1,0,0.0,0.5
2739.1667,  1.00000000,1,0,0.0,0.5
2739.2000,  1.00000000,1,0,0.0,0.5
2739.2333,  1.00000000,1,0,0.0,0.5
2739.2667,  1.00000000,1,0,0.0,0.5
2739.3000,  1.00000000,1,0,0.0,0.5
2739.3333,  1.00000000,1,0,0.0,0.5
2739.3667,  1.00000000,1,0,0.0,0.5
2739.4000,  1.00000000,1,0,0.0,0.5
2739.4333,  1.00000000,1,0,0.0,0.5
2739.4667,  1.00000000,1,0,0.0,0.5
2739.5000,  1.00000000,1,0,0.0,0.5
2739.5333,  1.00000000,1,0,0.0,0.5
2739.5667,  1.00000000,1,0,0.0,0.5
2739.6000,  1.00000000,1,0,0.0,0.5
2739.6333,  1.00000000,1,0,0.0,0.5
2739.6667,  1.00000000,1,0,0.0,0.5
2739.7000,  1.00000000,1,0,0.0,0.5
2739.7333,  1.00000000,1,0,0.0,0.5
2739.7667,  1.00000000,1,0,0.0,0.5
2739.8000,  1.00000000,1,0,0.0,0.5
2739.8333,  1.00000000,1,0,0.0,0.5
2739.8667,  1.00000000,1,0,0.0,0.5
2739.9000,  1.00000000,1,0,0.0,0.5
2739.9333,  1.00000000,1,0,0.0,0.5
2739.9667,  1.00000000,1,0,0.0,0.5
2740.0000,  1.00000000,1,0,0.0,0.5
2740.0333,  1.00000000,1,0,0.0,0.5
2740.0667,  1.00000000,1,0,0.0,0.5
2740.1000,  1.00000000,1,0,0.0,0.5
2740.1333,  1.00000000,1,0,0.0,0.5
2740.1667,  1.00000000,1,0,0.0,0.5
2740.2000,  1.00000000,1,0,0.0,0.5
2740.2333,  1.00000000,1,0,0.0,0.5
2740.2667,  1.00000000,1,0,0.0,0.5
2740.3000,  1.00000000,1,0,0.025000000000000001,0.5
2740.3333,  1.00000000,1,0,0.0,0.5
2740.3667,  1.00000000,1,0,0.0,0.5
2740.4000,  1.00000000,1,0,0.0,0.5
2740.4333,  1.00000000,1,0,0.0,0.5
2740.4667,  1.00000000,1,0,0.0,0.5
2740.5000,  1.00000000,1,0,0.0,0.5
2740.5333,  1.00000000,1,0,0.0,0.5
2740.5667,  1.00000000,1,0,0.0,0.5
2740.6000,  1.00000000,1,0,0.0,0.5
2740.6333,  1.00000000,1,0,0.0,0.5
2740.6667,  1.00000000,1,0,0.0,0.5
2740.7000,  1.00000000,1,0,0.0,0.5
2740.7333,  1.00000000,1,0,0.0,0.5
2740.7667,  1.00000000,1,0,0.0,0.5
2740.8000,  1.00000000,1,0,0.025000000000000001,0.5
2740.8333,  1.00000000,1,0,0.0,0.5
2740.8667,  1.00000000,1,0,0.0,0.5
2740.9000,  1.00000000,1,0,0.0,0.5
2740.9333,  1.00000000,1,0,0.0,0.5
2740.9667,  1.00000000,1,0,0.0,0.5
2741.0000,  1.00000000,1,0,0.0,0.5
2741.0333,  1.00000000,1,0,0.0,0.5
2741.0667,  1.00000000,1,0,0.025000000000000001,0.5
2741.1000,  1.00000000,1,0,0.0,0.5
2741.1333,  1.00000000,1,0,0.0,0.5
2741.1667,  1.00000000,1,0,0.0,0.5
2741.2000,  1.00000000,1,0,0.0,0.5
2741.2333,  1.00000000,1,0,0.0,0.5
2741.2667,  1.00000000,1,0,0.0,0.5
2741.3000,  1.00000000,1,0,0.0,0.5
2741.3333,  1.00000000,1,0,0.0,0.5
2741.3667,  1.00000000,1,0,0.0,0.5
2741.4000,  1.00000000,1,0,0.0,0.5
2741.4333,  1.00000000,1,0,0.0,0.5
2741.4667,  1.00000000,1,0,0.0,0.5
2741.5000,  1.00000000,1,0,0.0,0.5
2741.5333,  1.00000000,1,0,0.0,0.5
2741.5667,  1.00000000,1,0,0.0,0.5
2741.6000,  1.00000000,1,0,0.0,0.5
2741.6333,  1.00000000,1,0,0.0,0.5
2741.6667,  1.00000000,1,0,0.0,0.5
2741.7000,  1.00000000,1,0,0.0,0.5
2741.7333,  1.00000000,1,0,0.0,0.5
2741.7667,  1.00000000,1,0,0.0,0.5
2741.8000,  1.00000000,1,0,0.0,0.5
2741.8333,  1.00000000,1,0,0.0,0.5
2741.8667,  1.00000000,1,0,0.0,0.5
2741.9000,  1.00000000,1,0,0.0,0.5
2741.9333,  1.00000000,1,0,0.0,0.5
2741.9667,  1.00000000,1,0,0.0,0.5
2742.0000,  1.00000000,1,0,0.0,0.5
2742.0333,  1.00000000,1,0,0.0,0.5
2742.0667,  1.00000000,1,0,0.0,0.5
2742.1000,  1.00000000,1,0,0.025000000000000001,0.5
2742.1333,  1.00000000,1,0,0.025000000000000001,0.5
2742.1667,  1.00000000,1,0,0.0,0.5
2742.2000,  1.00000000,1,0,0.0,0.5
2742.2333,  1.00000000,1,0,0.0,0.5
2742.2667,  1.00000000,1,0,0.0,0.5
2742.3000,  1.00000000,1,0,0.0,0.5
2742.3333,  1.00000000,1,0,0.0,0.5
2742.3667,  1.00000000,1,0,0.0,0.5
2742.4000,  1.00000000,1,0,0.0,0.5
2742.4333,  1.00000000,1,0,0.0,0.5
2742.4667,  1.00000000,1,0,0.0,0.5
2742.5000,  1.00000000,1,0,0.0,0.5
2742.5333,  1.00000000,1,0,0.0,0.5
2742.5667,  1.00000000,1,0,0.0,0.5
2742.6000,  1.00000000,1,0,0.0,0.5
2742.6333,  1.00000000,1,0,0.0,0.5
2742.6667,  1.00000000,1,0,0.0,0.5
2742.7000,  1.00000000,1,0,0.0,0.5
2742.7333,  1.00000000,1,0,0.0,0.5
2742.7667,  1.00000000,1,0,0.0,0.5
2742.8000,  1.00000000,1,0,0.0,0.5
2742.8333,  1.00000000,1,0,0.0,0.5
2742.8667,  1.00000000,1,0,0.0,0.5
2742.9000,  1.00000000,1,0,0.0,0.5
2742.9333,  1.00000000,1,0,0.0,0.5
2742.9667,  1.00000000,1,0,0.0,0.5
2743.0000,  1.00000000,1,0,0.0,0.5
2743.0333,  1.00000000,1,0,0.0,0.5
2743.0667,  1.00000000,1,0,0.0,0.5
2743.1000,  1.00000000,1,0,0.0,0.5
2743.1333,  1.00000000,1,0,0.0,0.5
2743.1667,  1.00000000,1,0,0.0,0.5
2743.2000,  1.00000000,1,0,0.0,0.5
2743.2333,  1.00000000,1,0,0.0,0.5
2743.2667,  1.00000000,1,0,0.0,0.5
2743.3000,  1.00000000,1,0,0.0,0.5
2743.3333,  1.00000000,1,0,0.0,0.5
2743.3667,  1.00000000,1,0,0.0,0.5
2743.4000,  1.00000000,1,0,0.0,0.5
2743.4333,  1.00000000,1,0,0.0,0.5
2743.4667,  1.00000000,1,0,0.0,0.5
2743.5000,  1.00000000,1,0,0.0,0.5
2743.5333,  1.00000000,1,0,0.0,0.5
2743.5667,  1.00000000,1,0,0.0,0.5
2743.6000,  1.00000000,1,0,0.0,0.5
2743.6333,  1.00000000,1,0,0.0,0.5
2743.6667,  1.00000000,1,0,0.0,0.5
2743.7000,  1.00000000,1,0,0.0,0.5
2743.7333,  1.00000000,1,0,0.0,0.5
2743.7667,  1.00000000,1,0,0.0,0.5
2743.8000,  1.00000000,1,0,0.025000000000000001,0.5
2743.8333,  1.00000000,1,0,0.0,0.5
2743.8667,  1.00000000,1,0,0.0,0.5
2743.9000,  1.00000000,1,0,0.0,0.5
2743.9333,  1.00000000,1,0,0.0,0.5
2743.9667,  1.00000000,1,0,0.0,0.5
2744.0000,  1.00000000,1,0,0.0,0.5
2744.0333,  1.00000000,1,0,0.0,0.5
2744.0667,  1.00000000,1,0,0.0,0.5
2744.1000,  1.00000000,1,0,0.0,0.5
2744.1333,  1.00000000,1,0,0.025000000000000001,0.5
2744.1667,  1.00000000,1,0,0.0,0.5
2744.2000,  1.00000000,1,0,0.0,0.5
2744.2333,  1.00000000,1,0,0.0,0.5
2744.2667,  1.00000000,1,0,0.0,0.5
2744.3000,  1.00000000,1,0,0.0,0.5
2744.3333,  1.00000000,1,0,0.0,0.5
2744.3667,  1.00000000,1,0,0.0,0.5
2744.4000,  1.00000000,1,0,0.0,0.5
2744.4333,  1.00000000,1,0,0.0,0.5
2744.4667,  1.00000000,1,0,0.0,0.5
2744.5000,  1.00000000,1,0,0.0,0.5
2744.5333,  1.00000000,1,0,0.0,0.5
2744.5667,  1.00000000,1,0,0.0,0.5
2744.6000,  1.00000000,1,0,0.0,0.5
2744.6333,  1.00000000,1,0,0.0,0.5
2744.6667,  1.00000000,1,0,0.0,0.5
2744.7000,  1.00000000,1,0,0.0,0.5
2744.7333,  1.00000000,1,0,0.0,0.5
2744.7667,  1.00000000,1,0,0.0,0.5
2744.8000,  1.00000000,1,0,0.0,0.5
2744.8333,  1.00000000,1,0,0.0,0.5
2744.8667,  1.00000000,1,0,0.0,0.5
2744.9000,  1.00000000,1,0,0.0,0.5
2744.9333,  1.00000000,1,0,0.0,0.5
2744.9667,  1.00000000,1,0,0.0,0.5
2745.0000,  1.00000000,1,0,0.0,0.5
2745.0333,  1.00000000,1,0,0.0,0.5
2745.0667,  1.00000000,1,0,0.025000000000000001,0.5
2745.1000,  1.00000000,1,0,0.0,0.5
2745.1333,  1.00000000,1,0,0.0,0.5
2745.1667,  1.00000000,1,0,0.0,0.5
2745.2000,  1.00000000,1,0,0.0,0.5
2745.2333,  1.00000000,1,0,0.0,0.5
2745.2667,  1.00000000,1,0,0.0,0.5
2745.3000,  1.00000000,1,0,0.0,0.5
2745.3333,  1.00000000,1,0,0.0,0.5
2745.3667,  1.00000000,1,0,0.0,0.5
2745.4000,  1.00000000,1,0,0.0,0.5
2745.4333,  1.00000000,1,0,0.0,0.5
2745.4667,  1.00000000,1,0,0.0,0.5
2745.5000,  1.00000000,1,0,0.0,0.5
2745.5333,  1.00000000,1,0,0.0,0.5
2745.5667,  1.00000000,1,0,0.0,0.5
2745.6000,  1.00000000,1,0,0.0,0.5
2745.6333,  1.00000000,1,0,0.0,0.5
2745.6667,  1.00000000,1,0,0.0,0.5
2745.7000,  1.00000000,1,0,0.0,0.5
2745.7333,  1.00000000,1,0,0.0,0.5
2745.7667,  1.00000000,1,0,0.0,0.5
2745.8000,  1.00000000,1,0,0.0,0.5
2745.8333,  1.00000000,1,0,0.0,0.5
2745.8667,  1.00000000,1,0,0.0,0.5
2745.9000,  1.00000000,1,0,0.0,0.5
2745.9333,  1.00000000,1,0,0.0,0.5
2745.9667,  1.00000000,1,0,0.025000000000000001,0.5
2746.0000,  1.00000000,1,0,0.0,0.5
2746.0333,  1.00000000,1,0,0.0,0.5
2746.0667,  1.00000000,1,0,0.0,0.5
2746.1000,  1.00000000,1,0,0.0,0.5
2746.1333,  1.00000000,1,0,0.0,0.5
2746.1667,  1.00000000,1,0,0.0,0.5
2746.2000,  1.00000000,1,0,0.0,0.5
2746.2333,  1.00000000,1,0,0.0,0.5
2746.2667,  1.00000000,1,0,0.0,0.5
2746.3000,  1.00000000,1,0,0.0,0.5
2746.3333,  1.00000000,1,0,0.0,0.5
2746.3667,  1.00000000,1,0,0.0,0.5
2746.4000,  1.00000000,1,0,0.0,0.5
2746.4333,  1.00000000,1,0,0.0,0.5
2746.4667,  1.00000000,1,0,0.0,0.5
2746.5000,  1.00000000,1,0,0.0,0.5
2746.5333,  1.00000000,1,0,0.0,0.5
2746.5667,  1.00000000,1,0,0.0,0.5
2746.6000,  1.00000000,1,0,0.0,0.5
2746.6333,  1.00000000,1,0,0.0,0.5
2746.6667,  1.00000000,1,0,0.0,0.5
2746.7000,  1.00000000,1,0,0.0,0.5
2746.7333,  1.00000000,1,0,0.025000000000000001,0.5
2746.7667,  1.00000000,1,0,0.0,0.5
2746.8000,  1.00000000,1,0,0.0,0.5
2746.8333,  1.00000000,1,0,0.0,0.5
2746.8667,  1.00000000,1,0,0.0,0.5
2746.9000,  1.00000000,1,0,0.0,0.5
2746.9333,  1.00000000,1,0,0.0,0.5
2746.9667,  1.00000000,1,0,0.0,0.5
2747.0000,  1.00000000,1,0,0.0,0.5
2747.0333,  1.00000000,1,0,0.0,0.5
2747.0667,  1.00000000,1,0,0.0,0.5
2747.1000,  1.00000000,1,0,0.0,0.5
2747.1333,  1.00000000,1,0,0.0,0.5
2747.1667,  1.00000000,1,0,0.0,0.5
2747.2000,  1.00000000,1,0,0.025000000000000001,0.5
2747.2333,  1.00000000,1,0,0.0,0.5
2747.2667,  1.00000000,1,0,0.025000000000000001,0.5
2747.3000,  1.00000000,1,0,0.0,0.5
2747.3333,  1.00000000,1,0,0.0,0.5
2747.3667,  1.00000000,1,0,0.0,0.5
2747.4000,  1.00000000,1,0,0.0,0.5
2747.4333,  1.00000000,1,0,0.0,0.5
2747.4667,  1.00000000,1,0,0.0,0.5
2747.5000,  1.00000000,1,0,0.0,0.5
2747.5333,  1.00000000,1,0,0.0,0.5
2747.5667,  1.00000000,1,0,0.0,0.5
2747.6000,  1.00000000,1,0,0.0,0.5
2747.6333,  1.00000000,1,0,0.0,0.5
2747.6667,  1.00000000,1,0,0.0,0.5
2747.7000,  1.00000000,1,0,0.0,0.5
2747.7333,  1.00000000,1,0,0.0,0.5
2747.7667,  1.00000000,1,0,0.0,0.5
2747.8000,  1.00000000,1,0,0.025000000000000001,0.5
2747.8333,  1.00000000,1,0,0.0,0.5
2747.8667,  1.00000000,1,0,0.0,0.5
2747.9000,  1.00000000,1,0,0.0,0.5
2747.9333,  1.00000000,1,0,0.0,0.5
2747.9667,  1.00000000,1,0,0.0,0.5
2748.0000,  1.00000000,1,0,0.0,0.5
2748.0333,  1.00000000,1,0,0.0,0.5
2748.0667,  1.00000000,1,0,0.0,0.5
2748.1000,  1.00000000,1,0,0.0,0.5
2748.1333,  1.00000000,1,0,0.0,0.5
2748.1667,  1.00000000,1,0,0.0,0.5
2748.2000,  1.00000000,1,0,0.0,0.5
2748.2333,  1.00000000,1,0,0.0,0.5
2748.2667,  1.00000000,1,0,0.0,0.5
2748.3000,  1.00000000,1,0,0.0,0.5
2748.3333,  1.00000000,1,0,0.025000000000000001,0.5
2748.3667,  1.00000000,1,0,0.0,0.5
2748.4000,  1.00000000,1,0,0.0,0.5
2748.4333,  1.00000000,1,0,0.0,0.5
2748.4667,  1.00000000,1,0,0.0,0.5
2748.5000,  1.00000000,1,0,0.0,0.5
2748.5333,  1.00000000,1,0,0.0,0.5
2748.5667,  1.00000000,1,0,0.0,0.5
2748.6000,  1.00000000,1,0,0.0,0.5
2748.6333,  1.00000000,1,0,0.0,0.5
2748.6667,  1.00000000,1,0,0.0,0.5
2748.7000,  1.00000000,1,0,0.0,0.5
2748.7333,  1.00000000,1,0,0.0,0.5
2748.7667,  1.00000000,1,0,0.0,0.5
2748.8000,  1.00000000,1,0,0.0,0.5
2748.8333,  1.00000000,1,0,0.0,0.5
2748.8667,  1.00000000,1,0,0.0,0.5
2748.9000,  1.00000000,1,0,0.0,0.5
2748.9333,  1.00000000,1,0,0.0,0.5
2748.9667,  1.00000000,1,0,0.0,0.5
2749.0000,  1.00000000,1,0,0.0,0.5
2749.0333,  1.00000000,1,0,0.0,0.5
2749.0667,  1.00000000,1,0,0.0,0.5
2749.1000,  1.00000000,1,0,0.0,0.5
2749.1333,  1.00000000,1,0,0.0,0.5
2749.1667,  1.00000000,1,0,0.0,0.5
2749.2000,  1.00000000,1,0,0.0,0.5
2749.2333,  1.00000000,1,0,0.0,0.5
2749.2667,  1.00000000,1,0,0.0,0.5
2749.3000,  1.00000000,1,0,0.0,0.5
2749.3333,  1.00000000,1,0,0.0,0.5
2749.3667,  1.00000000,1,0,0.0,0.5
2749.4000,  1.00000000,1,0,0.0,0.5
2749.4333,  1.00000000,1,0,0.0,0.5
2749.4667,  1.00000000,1,0,0.0,0.5
2749.5000,  1.00000000,1,0,0.0,0.5
2749.5333,  1.00000000,1,0,0.0,0.5
2749.5667,  1.00000000,1,0,0.0,0.5
2749.6000,  1.00000000,1,0,0.0,0.5
2749.6333,  1.00000000,1,0,0.0,0.5
2749.6667,  1.00000000,1,0,0.0,0.5
2749.7000,  1.00000000,1,0,0.0,0.5
2749.7333,  1.00000000,1,0,0.0,0.5
2749.7667,  1.00000000,1,0,0.0,0.5
2749.8000,  1.00000000,1,0,0.0,0.5
2749.8333,  1.00000000,1,0,0.0,0.5
2749.8667,  1.00000000,1,0,0.0,0.5
2749.9000,  1.00000000,1,0,0.0,0.5
2749.9333,  1.00000000,1,0,0.0,0.5
2749.9667,  1.00000000,1,0,0.0,0.5
2750.0000,  1.00000000,1,0,0.0,0.5
2750.0333,  1.00000000,1,0,0.025000000000000001,0.5
2750.0667,  1.00000000,1,0,0.025000000000000001,0.5
2750.1000,  1.00000000,1,0,0.0,0.5
2750.1333,  1.00000000,1,0,0.0,0.5
2750.1667,  1.00000000,1,0,0.0,0.5
2750.2000,  1.00000000,1,0,0.0,0.5
2750.2333,  1.00000000,1,0,0.0,0.5
2750.2667,  1.00000000,1,0,0.0,0.5
2750.3000,  1.00000000,1,0,0.0,0.5
2750.3333,  1.00000000,1,0,0.0,0.5
2750.3667,  1.00000000,1,0,0.0,0.5
2750.4000,  1.00000000,1,0,0.0,0.5
2750.4333,  1.00000000,1,0,0.0,0.5
2750.4667,  1.00000000,1,0,0.0,0.5
2750.5000,  1.00000000,1,0,0.0,0.5
2750.5333,  1.00000000,1,0,0.0,0.5
2750.5667,  1.00000000,1,0,0.0,0.5
2750.6000,  1.00000000,1,0,0.0,0.5
2750.6333,  1.00000000,1,0,0.0,0.5
2750.6667,  1.00000000,1,0,0.0,0.5
2750.7000,  1.00000000,1,0,0.0,0.5
2750.7333,  1.00000000,1,0,0.0,0.5
2750.7667,  1.00000000,1,0,0.0,0.5
2750.8000,  1.00000000,1,0,0.0,0.5
2750.8333,  1.00000000,1,0,0.0,0.5
2750.8667,  1.00000000,1,0,0.0,0.5
2750.9000,  1.00000000,1,0,0.0,0.5
2750.9333,  1.00000000,1,0,0.0,0.5
2750.9667,  1.00000000,1,0,0.0,0.5
2751.0000,  1.00000000,1,0,0.0,0.5
2751.0333,  1.00000000,1,0,0.0,0.5
2751.0667,  1.00000000,1,0,0.0,0.5
2751.1000,  1.00000000,1,0,0.0,0.5
2751.1333,  1.00000000,1,0,0.0,0.5
2751.1667,  1.00000000,1,0,0.0,0.5
2751.2000,  1.00000000,1,0,0.0,0.5
2751.2333,  1.00000000,1,0,0.0,0.5
2751.2667,  1.00000000,1,0,0.0,0.5
2751.3000,  1.00000000,1,0,0.0,0.5
2751.3333,  1.00000000,1,0,0.0,0.5
2751.3667,  1.00000000,1,0,0.0,0.5
2751.4000,  1.00000000,1,0,0.0,0.5
2751.4333,  1.00000000,1,0,0.0,0.5
2751.4667,  1.00000000,1,0,0.0,0.5
2751.5000,  1.00000000,1,0,0.0,0.5
2751.5333,  1.00000000,1,0,0.0,0.5
2751.5667,  1.00000000,1,0,0.0,0.5
2751.6000,  1.00000000,1,0,0.0,0.5
2751.6333,  1.00000000,1,0,0.0,0.5
2751.6667,  1.00000000,1,0,0.0,0.5
2751.7000,  1.00000000,1,0,0.0,0.5
2751.7333,  1.00000000,1,0,0.0,0.5
2751.7667,  1.00000000,1,0,0.0,0.5
2751.8000,  1.00000000,1,0,0.0,0.5
2751.8333,  1.00000000,1,0,0.0,0.5
2751.8667,  1.00000000,1,0,0.0,0.5
2751.9000,  1.00000000,1,0,0.0,0.5
2751.9333,  1.00000000,1,0,0.0,0.5
2751.9667,  1.00000000,1,0,0.0,0.5
2752.0000,  1.00000000,1,0,0.0,0.5
2752.0333,  1.00000000,1,0,0.0,0.5
2752.0667,  1.00000000,1,0,0.0,0.5
2752.1000,  1.00000000,1,0,0.0,0.5
2752.1333,  1.00000000,1,0,0.0,0.5
2752.1667,  1.00000000,1,0,0.0,0.5
2752.2000,  1.00000000,1,0,0.0,0.5
2752.2333,  1.00000000,1,0,0.0,0.5
2752.2667,  1.00000000,1,0,0.0,0.5
2752.3000,  1.00000000,1,0,0.0,0.5
2752.3333,  1.00000000,1,0,0.0,0.5
2752.3667,  1.00000000,1,0,0.0,0.5
2752.4000,  1.00000000,1,0,0.0,0.5
2752.4333,  1.00000000,1,0,0.0,0.5
2752.4667,  1.00000000,1,0,0.0,0.5
2752.5000,  1.00000000,1,0,0.0,0.5
2752.5333,  1.00000000,1,0,0.0,0.5
2752.5667,  1.00000000,1,0,0.0,0.5
2752.6000,  1.00000000,1,0,0.0,0.5
2752.6333,  1.00000000,1,0,0.0,0.5
2752.6667,  1.00000000,1,0,0.0,0.5
2752.7000,  1.00000000,1,0,0.0,0.5
2752.7333,  1.00000000,1,0,0.0,0.5
2752.7667,  1.00000000,1,0,0.0,0.5
2752.8000,  1.00000000,1,0,0.0,0.5
2752.8333,  1.00000000,1,0,0.0,0.5
2752.8667,  1.00000000,1,0,0.0,0.5
2752.9000,  1.00000000,1,0,0.0,0.5
2752.9333,  1.00000000,1,0,0.0,0.5
2752.9667,  1.00000000,1,0,0.0,0.5
2753.0000,  1.00000000,1,0,0.0,0.5
2753.0333,  1.00000000,1,0,0.0,0.5
2753.0667,  1.00000000,1,0,0.0,0.5
2753.1000,  1.00000000,1,0,0.0,0.5
2753.1333,  1.00000000,1,0,0.0,0.5
2753.1667,  1.00000000,1,0,0.0,0.5
2753.2000,  1.00000000,1,0,0.0,0.5
2753.2333,  1.00000000,1,0,0.0,0.5
2753.2667,  1.00000000,1,0,0.0,0.5
2753.3000,  1.00000000,1,0,0.0,0.5
2753.3333,  1.00000000,1,0,0.0,0.5
2753.3667,  1.00000000,1,0,0.0,0.5
2753.4000,  1.00000000,1,0,0.0,0.5
2753.4333,  1.00000000,1,0,0.0,0.5
2753.4667,  1.00000000,1,0,0.0,0.5
2753.5000,  1.00000000,1,0,0.0,0.5
2753.5333,  1.00000000,1,0,0.0,0.5
2753.5667,  1.00000000,1,0,0.0,0.5
2753.6000,  1.00000000,1,0,0.0,0.5
2753.6333,  1.00000000,1,0,0.0,0.5
2753.6667,  1.00000000,1,0,0.0,0.5
2753.7000,  1.00000000,1,0,0.0,0.5
2753.7333,  1.00000000,1,0,0.0,0.5
2753.7667,  1.00000000,1,0,0.0,0.5
2753.8000,  1.00000000,1,0,0.0,0.5
2753.8333,  1.00000000,1,0,0.0,0.5
2753.8667,  1.00000000,1,0,0.0,0.5
2753.9000,  1.00000000,1,0,0.0,0.5
2753.9333,  1.00000000,1,0,0.0,0.5
2753.9667,  1.00000000,1,0,0.0,0.5
2754.0000,  1.00000000,1,0,0.0,0.5
2754.0333,  1.00000000,1,0,0.0,0.5
2754.0667,  1.00000000,1,0,0.0,0.5
2754.1000,  1.00000000,1,0,0.0,0.5
2754.1333,  1.00000000,1,0,0.0,0.5
2754.1667,  1.00000000,1,0,0.0,0.5
2754.2000,  1.00000000,1,0,0.0,0.5
2754.2333,  1.00000000,1,0,0.0,0.5
2754.2667,  1.00000000,1,0,0.0,0.5
2754.3000,  1.00000000,1,0,0.0,0.5
2754.3333,  1.00000000,1,0,0.0,0.5
2754.3667,  1.00000000,1,0,0.0,0.5
2754.4000,  1.00000000,1,0,0.0,0.5
2754.4333,  1.00000000,1,0,0.0,0.5
2754.4667,  1.00000000,1,0,0.0,0.5
2754.5000,  1.00000000,1,0,0.025000000000000001,0.5
2754.5333,  1.00000000,1,0,0.0,0.5
2754.5667,  1.00000000,1,0,0.0,0.5
2754.6000,  1.00000000,1,0,0.0,0.5
2754.6333,  1.00000000,1,0,0.0,0.5
2754.6667,  1.00000000,1,0,0.0,0.5
2754.7000,  1.00000000,1,0,0.0,0.5
2754.7333,  1.00000000,1,0,0.0,0.5
2754.7667,  1.00000000,1,0,0.0,0.5
2754.8000,  1.00000000,1,0,0.0,0.5
2754.8333,  1.00000000,1,0,0.0,0.5
2754.8667,  1.00000000,1,0,0.0,0.5
2754.9000,  1.00000000,1,0,0.0,0.5
2754.9333,  1.00000000,1,0,0.0,0.5
2754.9667,  1.00000000,1,0,0.0,0.5
2755.0000,  1.00000000,1,0,0.0,0.5
2755.0333,  1.00000000,1,0,0.0,0.5
2755.0667,  1.00000000,1,0,0.0,0.5
2755.1000,  1.00000000,1,0,0.0,0.5
2755.1333,  1.00000000,1,0,0.0,0.5
2755.1667,  1.00000000,1,0,0.0,0.5
2755.2000,  1.00000000,1,0,0.0,0.5
2755.2333,  1.00000000,1,0,0.0,0.5
2755.2667,  1.00000000,1,0,0.0,0.5
2755.3000,  1.00000000,1,0,0.0,0.5
2755.3333,  1.00000000,1,0,0.0,0.5
2755.3667,  1.00000000,1,0,0.0,0.5
2755.4000,  1.00000000,1,0,0.0,0.5
2755.4333,  1.00000000,1,0,0.0,0.5
2755.4667,  1.00000000,1,0,0.0,0.5
2755.5000,  1.00000000,1,0,0.0,0.5
2755.5333,  1.00000000,1,0,0.0,0.5
2755.5667,  1.00000000,1,0,0.0,0.5
2755.6000,  1.00000000,1,0,0.0,0.5
2755.6333,  1.00000000,1,0,0.0,0.5
2755.6667,  1.00000000,1,0,0.0,0.5
2755.7000,  1.00000000,1,0,0.0,0.5
2755.7333,  1.00000000,1,0,0.0,0.5
2755.7667,  1.00000000,1,0,0.0,0.5
2755.8000,  1.00000000,1,0,0.0,0.5
2755.8333,  1.00000000,1,0,0.0,0.5
2755.8667,  1.00000000,1,0,0.025000000000000001,0.5
2755.9000,  1.00000000,1,0,0.0,0.5
2755.9333,  1.00000000,1,0,0.0,0.5
2755.9667,  1.00000000,1,0,0.0,0.5
2756.0000,  1.00000000,1,0,0.0,0.5
2756.0333,  1.00000000,1,0,0.0,0.5
2756.0667,  1.00000000,1,0,0.0,0.5
2756.1000,  1.00000000,1,0,0.025000000000000001,0.5
2756.1333,  1.00000000,1,0,0.025000000000000001,0.5
2756.1667,  1.00000000,1,0,0.0,0.5
2756.2000,  1.00000000,1,0,0.0,0.5
2756.2333,  1.00000000,1,0,0.0,0.5
2756.2667,  1.00000000,1,0,0.0,0.5
2756.3000,  1.00000000,1,0,0.0,0.5
2756.3333,  1.00000000,1,0,0.0,0.5
2756.3667,  1.00000000,1,0,0.0,0.5
2756.4000,  1.00000000,1,0,0.0,0.5
2756.4333,  1.00000000,1,0,0.0,0.5
2756.4667,  1.00000000,1,0,0.0,0.5
2756.5000,  1.00000000,1,0,0.0,0.5
2756.5333,  1.00000000,1,0,0.0,0.5
2756.5667,  1.00000000,1,0,0.0,0.5
2756.6000,  1.00000000,1,0,0.0,0.5
2756.6333,  1.00000000,1,0,0.0,0.5
2756.6667,  1.00000000,1,0,0.0,0.5
2756.7000,  1.00000000,1,0,0.0,0.5
2756.7333,  1.00000000,1,0,0.0,0.5
2756.7667,  1.00000000,1,0,0.0,0.5
2756.8000,  1.00000000,1,0,0.0,0.5
2756.8333,  1.00000000,1,0,0.0,0.5
2756.8667,  1.00000000,1,0,0.0,0.5
2756.9000,  1.00000000,1,0,0.0,0.5
2756.9333,  1.00000000,1,0,0.0,0.5
2756.9667,  1.00000000,1,0,0.0,0.5
2757.0000,  1.00000000,1,0,0.0,0.5
2757.0333,  1.00000000,1,0,0.0,0.5
2757.0667,  1.00000000,1,0,0.0,0.5
2757.1000,  1.00000000,1,0,0.0,0.5
2757.1333,  1.00000000,1,0,0.0,0.5
2757.1667,  1.00000000,1,0,0.0,0.5
2757.2000,  1.00000000,1,0,0.0,0.5
2757.2333,  1.00000000,1,0,0.0,0.5
2757.2667,  1.00000000,1,0,0.025000000000000001,0.5
2757.3000,  1.00000000,1,0,0.0,0.5
2757.3333,  1.00000000,1,0,0.0,0.5
2757.3667,  1.00000000,1,0,0.0,0.5
2757.4000,  1.00000000,1,0,0.0,0.5
2757.4333,  1.00000000,1,0,0.025000000000000001,0.5
2757.4667,  1.00000000,1,0,0.0,0.5
2757.5000,  1.00000000,1,0,0.0,0.5
2757.5333,  1.00000000,1,0,0.0,0.5
2757.5667,  1.00000000,1,0,0.0,0.5
2757.6000,  1.00000000,1,0,0.0,0.5
2757.6333,  1.00000000,1,0,0.0,0.5
2757.6667,  1.00000000,1,0,0.0,0.5
2757.7000,  1.00000000,1,0,0.0,0.5
2757.7333,  1.00000000,1,0,0.0,0.5
2757.7667,  1.00000000,1,0,0.0,0.5
2757.8000,  1.00000000,1,0,0.0,0.5
2757.8333,  1.00000000,1,0,0.0,0.5
2757.8667,  1.00000000,1,0,0.0,0.5
2757.9000,  1.00000000,1,0,0.0,0.5
2757.9333,  1.00000000,1,0,0.0,0.5
2757.9667,  1.00000000,1,0,0.0,0.5
2758.0000,  1.00000000,1,0,0.0,0.5
2758.0333,  1.00000000,1,0,0.0,0.5
2758.0667,  1.00000000,1,0,0.0,0.5
2758.1000,  1.00000000,1,0,0.0,0.5
2758.1333,  1.00000000,1,0,0.0,0.5
2758.1667,  1.00000000,1,0,0.0,0.5
2758.2000,  1.00000000,1,0,0.025000000000000001,0.5
2758.2333,  1.00000000,1,0,0.0,0.5
2758.2667,  1.00000000,1,0,0.0,0.5
2758.3000,  1.00000000,1,0,0.0,0.5
2758.3333,  1.00000000,1,0,0.0,0.5
2758.3667,  1.00000000,1,0,0.0,0.5
2758.4000,  1.00000000,1,0,0.0,0.5
2758.4333,  1.00000000,1,0,0.0,0.5
2758.4667,  1.00000000,1,0,0.0,0.5
2758.5000,  1.00000000,1,0,0.0,0.5
2758.5333,  1.00000000,1,0,0.0,0.5
2758.5667,  1.00000000,1,0,0.0,0.5
2758.6000,  1.00000000,1,0,0.0,0.5
2758.6333,  1.00000000,1,0,0.0,0.5
2758.6667,  1.00000000,1,0,0.0,0.5
2758.7000,  1.00000000,1,0,0.0,0.5
2758.7333,  1.00000000,1,0,0.0,0.5
2758.7667,  1.00000000,1,0,0.0,0.5
2758.8000,  1.00000000,1,0,0.0,0.5
2758.8333,  1.00000000,1,0,0.0,0.5
2758.8667,  1.00000000,1,0,0.0,0.5
2758.9000,  1.00000000,1,0,0.0,0.5
2758.9333,  1.00000000,1,0,0.0,0.5
2758.9667,  1.00000000,1,0,0.0,0.5
2759.0000,  1.00000000,1,0,0.0,0.5
2759.0333,  1.00000000,1,0,0.0,0.5
2759.0667,  1.00000000,1,0,0.0,0.5
2759.1000,  1.00000000,1,0,0.0,0.5
2759.1333,  1.00000000,1,0,0.0,0.5
2759.1667,  1.00000000,1,0,0.0,0.5
2759.2000,  1.00000000,1,0,0.0,0.5
2759.2333,  1.00000000,1,0,0.0,0.5
2759.2667,  1.00000000,1,0,0.0,0.5
2759.3000,  1.00000000,1,0,0.0,0.5
2759.3333,  1.00000000,1,0,0.0,0.5
2759.3667,  1.00000000,1,0,0.0,0.5
2759.4000,  1.00000000,1,0,0.0,0.5
2759.4333,  1.00000000,1,0,0.0,0.5
2759.4667,  1.00000000,1,0,0.0,0.5
2759.5000,  1.00000000,1,0,0.0,0.5
2759.5333,  1.00000000,1,0,0.0,0.5
2759.5667,  1.00000000,1,0,0.0,0.5
2759.6000,  1.00000000,1,0,0.0,0.5
2759.6333,  1.00000000,1,0,0.0,0.5
2759.6667,  1.00000000,1,0,0.0,0.5
2759.7000,  1.00000000,1,0,0.0,0.5
2759.7333,  1.00000000,1,0,0.0,0.5
2759.7667,  1.00000000,1,0,0.0,0.5
2759.8000,  1.00000000,1,0,0.0,0.5
2759.8333,  1.00000000,1,0,0.025000000000000001,0.5
2759.8667,  1.00000000,1,0,0.0,0.5
2759.9000,  1.00000000,1,0,0.0,0.5
2759.9333,  1.00000000,1,0,0.0,0.5
2759.9667,  1.00000000,1,0,0.0,0.5
2760.0000,  1.00000000,1,0,0.0,0.5
2760.0333,  1.00000000,1,0,0.0,0.5
2760.0667,  1.00000000,1,0,0.0,0.5
2760.1000,  1.00000000,1,0,0.0,0.5
2760.1333,  1.00000000,1,0,0.025000000000000001,0.5
2760.1667,  1.00000000,1,0,0.0,0.5
2760.2000,  1.00000000,1,0,0.0,0.5
2760.2333,  1.00000000,1,0,0.0,0.5
2760.2667,  1.00000000,1,0,0.0,0.5
2760.3000,  1.00000000,1,0,0.0,0.5
2760.3333,  1.00000000,1,0,0.0,0.5
2760.3667,  1.00000000,1,0,0.0,0.5
2760.4000,  1.00000000,1,0,0.0,0.5
2760.4333,  1.00000000,1,0,0.0,0.5
2760.4667,  1.00000000,1,0,0.0,0.5
2760.5000,  1.00000000,1,0,0.0,0.5
2760.5333,  1.00000000,1,0,0.0,0.5
2760.5667,  1.00000000,1,0,0.0,0.5
2760.6000,  1.00000000,1,0,0.0,0.5
2760.6333,  1.00000000,1,0,0.0,0.5
2760.6667,  1.00000000,1,0,0.0,0.5
2760.7000,  1.00000000,1,0,0.0,0.5
2760.7333,  1.00000000,1,0,0.0,0.5
2760.7667,  1.00000000,1,0,0.0,0.5
2760.8000,  1.00000000,1,0,0.0,0.5
2760.8333,  1.00000000,1,0,0.0,0.5
2760.8667,  1.00000000,1,0,0.0,0.5
2760.9000,  1.00000000,1,0,0.0,0.5
2760.9333,  1.00000000,1,0,0.0,0.5
2760.9667,  1.00000000,1,0,0.0,0.5
2761.0000,  1.00000000,1,0,0.0,0.5
2761.0333,  1.00000000,1,0,0.0,0.5
2761.0667,  1.00000000,1,0,0.0,0.5
2761.1000,  1.00000000,1,0,0.0,0.5
2761.1333,  1.00000000,1,0,0.0,0.5
2761.1667,  1.00000000,1,0,0.0,0.5
2761.2000,  1.00000000,1,0,0.0,0.5
2761.2333,  1.00000000,1,0,0.0,0.5
2761.2667,  1.00000000,1,0,0.0,0.5
2761.3000,  1.00000000,1,0,0.0,0.5
2761.3333,  1.00000000,1,0,0.0,0.5
2761.3667,  1.00000000,1,0,0.0,0.5
2761.4000,  1.00000000,1,0,0.0,0.5
2761.4333,  1.00000000,1,0,0.0,0.5
2761.4667,  1.00000000,1,0,0.0,0.5
2761.5000,  1.00000000,1,0,0.0,0.5
2761.5333,  1.00000000,1,0,0.0,0.5
2761.5667,  1.00000000,1,0,0.0,0.5
2761.6000,  1.00000000,1,0,0.0,0.5
2761.6333,  1.00000000,1,0,0.0,0.5
2761.6667,  1.00000000,1,0,0.0,0.5
2761.7000,  1.00000000,1,0,0.0,0.5
2761.7333,  1.00000000,1,0,0.0,0.5
2761.7667,  1.00000000,1,0,0.0,0.5
2761.8000,  1.00000000,1,0,0.0,0.5
2761.8333,  1.00000000,1,0,0.0,0.5
2761.8667,  1.00000000,1,0,0.0,0.5
2761.9000,  1.00000000,1,0,0.0,0.5
2761.9333,  1.00000000,1,0,0.0,0.5
2761.9667,  1.00000000,1,0,0.0,0.5
2762.0000,  1.00000000,1,0,0.0,0.5
2762.0333,  1.00000000,1,0,0.0,0.5
2762.0667,  1.00000000,1,0,0.0,0.5
2762.1000,  1.00000000,1,0,0.0,0.5
2762.1333,  1.00000000,1,0,0.0,0.5
2762.1667,  1.00000000,1,0,0.0,0.5
2762.2000,  1.00000000,1,0,0.0,0.5
2762.2333,  1.00000000,1,0,0.0,0.5
2762.2667,  1.00000000,1,0,0.0,0.5
2762.3000,  1.00000000,1,0,0.0,0.5
2762.3333,  1.00000000,1,0,0.0,0.5
2762.3667,  1.00000000,1,0,0.0,0.5
2762.4000,  1.00000000,1,0,0.0,0.5
2762.4333,  1.00000000,1,0,0.0,0.5
2762.4667,  1.00000000,1,0,0.0,0.5
2762.5000,  1.00000000,1,0,0.0,0.5
2762.5333,  1.00000000,1,0,0.0,0.5
2762.5667,  1.00000000,1,0,0.0,0.5
2762.6000,  1.00000000,1,0,0.0,0.5
2762.6333,  1.00000000,1,0,0.0,0.5
2762.6667,  1.00000000,1,0,0.0,0.5
2762.7000,  1.00000000,1,0,0.0,0.5
2762.7333,  1.00000000,1,0,0.0,0.5
2762.7667,  1.00000000,1,0,0.0,0.5
2762.8000,  1.00000000,1,0,0.0,0.5
2762.8333,  1.00000000,1,0,0.0,0.5
2762.8667,  1.00000000,1,0,0.0,0.5
2762.9000,  1.00000000,1,0,0.0,0.5
2762.9333,  1.00000000,1,0,0.0,0.5
2762.9667,  1.00000000,1,0,0.0,0.5
2763.0000,  1.00000000,1,0,0.0,0.5
2763.0333,  1.00000000,1,0,0.0,0.5
2763.0667,  1.00000000,1,0,0.0,0.5
2763.1000,  1.00000000,1,0,0.0,0.5
2763.1333,  1.00000000,1,0,0.0,0.5
2763.1667,  1.00000000,1,0,0.0,0.5
2763.2000,  1.00000000,1,0,0.0,0.5
2763.2333,  1.00000000,1,0,0.0,0.5
2763.2667,  1.00000000,1,0,0.0,0.5
2763.3000,  1.00000000,1,0,0.0,0.5
2763.3333,  1.00000000,1,0,0.0,0.5
2763.3667,  1.00000000,1,0,0.0,0.5
2763.4000,  1.00000000,1,0,0.0,0.5
2763.4333,  1.00000000,1,0,0.0,0.5
2763.4667,  1.00000000,1,0,0.0,0.5
2763.5000,  1.00000000,1,0,0.0,0.5
2763.5333,  1.00000000,1,0,0.0,0.5
2763.5667,  1.00000000,1,0,0.0,0.5
2763.6000,  1.00000000,1,0,0.0,0.5
2763.6333,  1.00000000,1,0,0.0,0.5
2763.6667,  1.00000000,1,0,0.0,0.5
2763.7000,  1.00000000,1,0,0.0,0.5
2763.7333,  1.00000000,1,0,0.0,0.5
2763.7667,  1.00000000,1,0,0.0,0.5
2763.8000,  1.00000000,1,0,0.0,0.5
2763.8333,  1.00000000,1,0,0.0,0.5
2763.8667,  1.00000000,1,0,0.0,0.5
2763.9000,  1.00000000,1,0,0.0,0.5
2763.9333,  1.00000000,1,0,0.025000000000000001,0.5
2763.9667,  1.00000000,1,0,0.0,0.5
2764.0000,  1.00000000,1,0,0.0,0.5
2764.0333,  1.00000000,1,0,0.0,0.5
2764.0667,  1.00000000,1,0,0.0,0.5
2764.1000,  1.00000000,1,0,0.0,0.5
2764.1333,  1.00000000,1,0,0.0,0.5
2764.1667,  1.00000000,1,0,0.0,0.5
2764.2000,  1.00000000,1,0,0.0,0.5
2764.2333,  1.00000000,1,0,0.0,0.5
2764.2667,  1.00000000,1,0,0.0,0.5
2764.3000,  1.00000000,1,0,0.0,0.5
2764.3333,  1.00000000,1,0,0.0,0.5
2764.3667,  1.00000000,1,0,0.0,0.5
2764.4000,  1.00000000,1,0,0.0,0.5
2764.4333,  1.00000000,1,0,0.0,0.5
2764.4667,  1.00000000,1,0,0.0,0.5
2764.5000,  1.00000000,1,0,0.0,0.5
2764.5333,  1.00000000,1,0,0.0,0.5
2764.5667,  1.00000000,1,0,0.0,0.5
2764.6000,  1.00000000,1,0,0.0,0.5
2764.6333,  1.00000000,1,0,0.0,0.5
2764.6667,  1.00000000,1,0,0.0,0.5
2764.7000,  1.00000000,1,0,0.0,0.5
2764.7333,  1.00000000,1,0,0.0,0.5
2764.7667,  1.00000000,1,0,0.025000000000000001,0.5
2764.8000,  1.00000000,1,0,0.0,0.5
2764.8333,  1.00000000,1,0,0.0,0.5
2764.8667,  1.00000000,1,0,0.0,0.5
2764.9000,  1.00000000,1,0,0.0,0.5
2764.9333,  1.00000000,1,0,0.0,0.5
2764.9667,  1.00000000,1,0,0.0,0.5
2765.0000,  1.00000000,1,0,0.0,0.5
2765.0333,  1.00000000,1,0,0.0,0.5
2765.0667,  1.00000000,1,0,0.0,0.5
2765.1000,  1.00000000,1,0,0.0,0.5
2765.1333,  1.00000000,1,0,0.0,0.5
2765.1667,  1.00000000,1,0,0.0,0.5
2765.2000,  1.00000000,1,0,0.0,0.5
2765.2333,  1.00000000,1,0,0.0,0.5
2765.2667,  1.00000000,1,0,0.0,0.5
2765.3000,  1.00000000,1,0,0.0,0.5
2765.3333,  1.00000000,1,0,0.0,0.5
2765.3667,  1.00000000,1,0,0.0,0.5
2765.4000,  1.00000000,1,0,0.0,0.5
2765.4333,  1.00000000,1,0,0.0,0.5
2765.4667,  1.00000000,1,0,0.0,0.5
2765.5000,  1.00000000,1,0,0.0,0.5
2765.5333,  1.00000000,1,0,0.0,0.5
2765.5667,  1.00000000,1,0,0.0,0.5
2765.6000,  1.00000000,1,0,0.0,0.5
2765.6333,  1.00000000,1,0,0.0,0.5
2765.6667,  1.00000000,1,0,0.0,0.5
2765.7000,  1.00000000,1,0,0.0,0.5
2765.7333,  1.00000000,1,0,0.0,0.5
2765.7667,  1.00000000,1,0,0.0,0.5
2765.8000,  1.00000000,1,0,0.0,0.5
2765.8333,  1.00000000,1,0,0.0,0.5
2765.8667,  1.00000000,1,0,0.0,0.5
2765.9000,  1.00000000,1,0,0.0,0.5
2765.9333,  1.00000000,1,0,0.0,0.5
2765.9667,  1.00000000,1,0,0.0,0.5
2766.0000,  1.00000000,1,0,0.0,0.5
2766.0333,  1.00000000,1,0,0.0,0.5
2766.0667,  1.00000000,1,0,0.0,0.5
2766.1000,  1.00000000,1,0,0.0,0.5
2766.1333,  1.00000000,1,0,0.0,0.5
2766.1667,  1.00000000,1,0,0.0,0.5
2766.2000,  1.00000000,1,0,0.0,0.5
2766.2333,  1.00000000,1,0,0.0,0.5
2766.2667,  1.00000000,1,0,0.0,0.5
2766.3000,  1.00000000,1,0,0.0,0.5
2766.3333,  1.00000000,1,0,0.0,0.5
2766.3667,  1.00000000,1,0,0.0,0.5
2766.4000,  1.00000000,1,0,0.0,0.5
2766.4333,  1.00000000,1,0,0.0,0.5
2766.4667,  1.00000000,1,0,0.0,0.5
2766.5000,  1.00000000,1,0,0.0,0.5
2766.5333,  1.00000000,1,0,0.0,0.5
2766.5667,  1.00000000,1,0,0.0,0.5
2766.6000,  1.00000000,1,0,0.0,0.5
2766.6333,  1.00000000,1,0,0.0,0.5
2766.6667,  1.00000000,1,0,0.0,0.5
2766.7000,  1.00000000,1,0,0.0,0.5
2766.7333,  1.00000000,1,0,0.0,0.5
2766.7667,  1.00000000,1,0,0.0,0.5
2766.8000,  1.00000000,1,0,0.0,0.5
2766.8333,  1.00000000,1,0,0.0,0.5
2766.8667,  1.00000000,1,0,0.0,0.5
2766.9000,  1.00000000,1,0,0.0,0.5
2766.9333,  1.00000000,1,0,0.0,0.5
2766.9667,  1.00000000,1,0,0.0,0.5
2767.0000,  1.00000000,1,0,0.0,0.5
2767.0333,  1.00000000,1,0,0.0,0.5
2767.0667,  1.00000000,1,0,0.0,0.5
2767.1000,  1.00000000,1,0,0.0,0.5
2767.1333,  1.00000000,1,0,0.0,0.5
2767.1667,  1.00000000,1,0,0.0,0.5
2767.2000,  1.00000000,1,0,0.0,0.5
2767.2333,  1.00000000,1,0,0.0,0.5
2767.2667,  1.00000000,1,0,0.0,0.5
2767.3000,  1.00000000,1,0,0.0,0.5
2767.3333,  1.00000000,1,0,0.0,0.5
2767.3667,  1.00000000,1,0,0.025000000000000001,0.5
2767.4000,  1.00000000,1,0,0.0,0.5
2767.4333,  1.00000000,1,0,0.0,0.5
2767.4667,  1.00000000,1,0,0.0,0.5
2767.5000,  1.00000000,1,0,0.0,0.5
2767.5333,  1.00000000,1,0,0.0,0.5
2767.5667,  1.00000000,1,0,0.0,0.5
2767.6000,  1.00000000,1,0,0.0,0.5
2767.6333,  1.00000000,1,0,0.0,0.5
2767.6667,  1.00000000,1,0,0.0,0.5
2767.7000,  1.00000000,1,0,0.0,0.5
2767.7333,  1.00000000,1,0,0.0,0.5
2767.7667,  1.00000000,1,0,0.0,0.5
2767.8000,  1.00000000,1,0,0.0,0.5
2767.8333,  1.00000000,1,0,0.0,0.5
2767.8667,  1.00000000,1,0,0.0,0.5
2767.9000,  1.00000000,1,0,0.0,0.5
2767.9333,  1.00000000,1,0,0.0,0.5
2767.9667,  1.00000000,1,0,0.0,0.5
2768.0000,  1.00000000,1,0,0.0,0.5
2768.0333,  1.00000000,1,0,0.0,0.5
2768.0667,  1.00000000,1,0,0.0,0.5
2768.1000,  1.00000000,1,0,0.0,0.5
2768.1333,  1.00000000,1,0,0.025000000000000001,0.5
2768.1667,  1.00000000,1,0,0.0,0.5
2768.2000,  1.00000000,1,0,0.025000000000000001,0.5
2768.2333,  1.00000000,1,0,0.0,0.5
2768.2667,  1.00000000,1,0,0.0,0.5
2768.3000,  1.00000000,1,0,0.0,0.5
2768.3333,  1.00000000,1,0,0.050000000000000003,0.5
2768.3667,  1.00000000,1,0,0.0,0.5
2768.4000,  1.00000000,1,0,0.0,0.5
2768.4333,  1.00000000,1,0,0.0,0.5
2768.4667,  1.00000000,1,0,0.0,0.5
2768.5000,  1.00000000,1,0,0.0,0.5
2768.5333,  1.00000000,1,0,0.0,0.5
2768.5667,  1.00000000,1,0,0.0,0.5
2768.6000,  1.00000000,1,0,0.0,0.5
2768.6333,  1.00000000,1,0,0.0,0.5
2768.6667,  1.00000000,1,0,0.0,0.5
2768.7000,  1.00000000,1,0,0.0,0.5
2768.7333,  1.00000000,1,0,0.0,0.5
2768.7667,  1.00000000,1,0,0.0,0.5
2768.8000,  1.00000000,1,0,0.0,0.5
2768.8333,  1.00000000,1,0,0.0,0.5
2768.8667,  1.00000000,1,0,0.0,0.5
2768.9000,  1.00000000,1,0,0.0,0.5
2768.9333,  1.00000000,1,0,0.0,0.5
2768.9667,  1.00000000,1,0,0.0,0.5
2769.0000,  1.00000000,1,0,0.0,0.5
2769.0333,  1.00000000,1,0,0.0,0.5
2769.0667,  1.00000000,1,0,0.0,0.5
2769.1000,  1.00000000,1,0,0.0,0.5
2769.1333,  1.00000000,1,0,0.0,0.5
2769.1667,  1.00000000,1,0,0.0,0.5
2769.2000,  1.00000000,1,0,0.0,0.5
2769.2333,  1.00000000,1,0,0.0,0.5
2769.2667,  1.00000000,1,0,0.0,0.5
2769.3000,  1.00000000,1,0,0.0,0.5
2769.3333,  1.00000000,1,0,0.0,0.5
2769.3667,  1.00000000,1,0,0.0,0.5
2769.4000,  1.00000000,1,0,0.0,0.5
2769.4333,  1.00000000,1,0,0.0,0.5
2769.4667,  1.00000000,1,0,0.0,0.5
2769.5000,  1.00000000,1,0,0.0,0.5
2769.5333,  1.00000000,1,0,0.0,0.5
2769.5667,  1.00000000,1,0,0.0,0.5
2769.6000,  1.00000000,1,0,0.0,0.5
2769.6333,  1.00000000,1,0,0.0,0.5
2769.6667,  1.00000000,1,0,0.0,0.5
2769.7000,  1.00000000,1,0,0.025000000000000001,0.5
2769.7333,  1.00000000,1,0,0.0,0.5
2769.7667,  1.00000000,1,0,0.0,0.5
2769.8000,  1.00000000,1,0,0.0,0.5
2769.8333,  1.00000000,1,0,0.0,0.5
2769.8667,  1.00000000,1,0,0.0,0.5
2769.9000,  1.00000000,1,0,0.0,0.5
2769.9333,  1.00000000,1,0,0.0,0.5
2769.9667,  1.00000000,1,0,0.0,0.5
2770.0000,  1.00000000,1,0,0.0,0.5
2770.0333,  1.00000000,1,0,0.0,0.5
2770.0667,  1.00000000,1,0,0.0,0.5
2770.1000,  1.00000000,1,0,0.0,0.5
2770.1333,  1.00000000,1,0,0.0,0.5
2770.1667,  1.00000000,1,0,0.0,0.5
2770.2000,  1.00000000,1,0,0.0,0.5
2770.2333,  1.00000000,1,0,0.0,0.5
2770.2667,  1.00000000,1,0,0.0,0.5
2770.3000,  1.00000000,1,0,0.0,0.5
2770.3333,  1.00000000,1,0,0.0,0.5
2770.3667,  1.00000000,1,0,0.0,0.5
2770.4000,  1.00000000,1,0,0.0,0.5
2770.4333,  1.00000000,1,0,0.0,0.5
2770.4667,  1.00000000,1,0,0.0,0.5
2770.5000,  1.00000000,1,0,0.0,0.5
2770.5333,  1.00000000,1,0,0.0,0.5
2770.5667,  1.00000000,1,0,0.0,0.5
2770.6000,  1.00000000,1,0,0.0,0.5
2770.6333,  1.00000000,1,0,0.0,0.5
2770.6667,  1.00000000,1,0,0.0,0.5
2770.7000,  1.00000000,1,0,0.0,0.5
2770.7333,  1.00000000,1,0,0.0,0.5
2770.7667,  1.00000000,1,0,0.0,0.5
2770.8000,  1.00000000,1,0,0.0,0.5
2770.8333,  1.00000000,1,0,0.0,0.5
2770.8667,  1.00000000,1,0,0.0,0.5
2770.9000,  1.00000000,1,0,0.0,0.5
2770.9333,  1.00000000,1,0,0.0,0.5
2770.9667,  1.00000000,1,0,0.0,0.5
2771.0000,  1.00000000,1,0,0.0,0.5
2771.0333,  1.00000000,1,0,0.0,0.5
2771.0667,  1.00000000,1,0,0.025000000000000001,0.5
2771.1000,  1.00000000,1,0,0.0,0.5
2771.1333,  1.00000000,1,0,0.0,0.5
2771.1667,  1.00000000,1,0,0.0,0.5
2771.2000,  1.00000000,1,0,0.0,0.5
2771.2333,  1.00000000,1,0,0.0,0.5
2771.2667,  1.00000000,1,0,0.0,0.5
2771.3000,  1.00000000,1,0,0.0,0.5
2771.3333,  1.00000000,1,0,0.0,0.5
2771.3667,  1.00000000,1,0,0.0,0.5
2771.4000,  1.00000000,1,0,0.025000000000000001,0.5
2771.4333,  1.00000000,1,0,0.0,0.5
2771.4667,  1.00000000,1,0,0.0,0.5
2771.5000,  1.00000000,1,0,0.0,0.5
2771.5333,  1.00000000,1,0,0.0,0.5
2771.5667,  1.00000000,1,0,0.0,0.5
2771.6000,  1.00000000,1,0,0.0,0.5
2771.6333,  1.00000000,1,0,0.0,0.5
2771.6667,  1.00000000,1,0,0.0,0.5
2771.7000,  1.00000000,1,0,0.0,0.5
2771.7333,  1.00000000,1,0,0.0,0.5
2771.7667,  1.00000000,1,0,0.0,0.5
2771.8000,  1.00000000,1,0,0.0,0.5
2771.8333,  1.00000000,1,0,0.0,0.5
2771.8667,  1.00000000,1,0,0.0,0.5
2771.9000,  1.00000000,1,0,0.0,0.5
2771.9333,  1.00000000,1,0,0.0,0.5
2771.9667,  1.00000000,1,0,0.0,0.5
2772.0000,  1.00000000,1,0,0.0,0.5
2772.0333,  1.00000000,1,0,0.0,0.5
2772.0667,  1.00000000,1,0,0.0,0.5
2772.1000,  1.00000000,1,0,0.0,0.5
2772.1333,  1.00000000,1,0,0.0,0.5
2772.1667,  1.00000000,1,0,0.0,0.5
2772.2000,  1.00000000,1,0,0.0,0.5
2772.2333,  1.00000000,1,0,0.0,0.5
2772.2667,  1.00000000,1,0,0.0,0.5
2772.3000,  1.00000000,1,0,0.0,0.5
2772.3333,  1.00000000,1,0,0.0,0.5
2772.3667,  1.00000000,1,0,0.0,0.5
2772.4000,  1.00000000,1,0,0.0,0.5
2772.4333,  1.00000000,1,0,0.0,0.5
2772.4667,  1.00000000,1,0,0.0,0.5
2772.5000,  1.00000000,1,0,0.0,0.5
2772.5333,  1.00000000,1,0,0.0,0.5
2772.5667,  1.00000000,1,0,0.0,0.5
2772.6000,  1.00000000,1,0,0.0,0.5
2772.6333,  1.00000000,1,0,0.0,0.5
2772.6667,  1.00000000,1,0,0.0,0.5
2772.7000,  1.00000000,1,0,0.0,0.5
2772.7333,  1.00000000,1,0,0.0,0.5
2772.7667,  1.00000000,1,0,0.0,0.5
2772.8000,  1.00000000,1,0,0.0,0.5
2772.8333,  1.00000000,1,0,0.0,0.5
2772.8667,  1.00000000,1,0,0.0,0.5
2772.9000,  1.00000000,1,0,0.0,0.5
2772.9333,  1.00000000,1,0,0.0,0.5
2772.9667,  1.00000000,1,0,0.0,0.5
2773.0000,  1.00000000,1,0,0.0,0.5
2773.0333,  1.00000000,1,0,0.0,0.5
2773.0667,  1.00000000,1,0,0.0,0.5
2773.1000,  1.00000000,1,0,0.0,0.5
2773.1333,  1.00000000,1,0,0.0,0.5
2773.1667,  1.00000000,1,0,0.0,0.5
2773.2000,  1.00000000,1,0,0.0,0.5
2773.2333,  1.00000000,1,0,0.0,0.5
2773.2667,  1.00000000,1,0,0.0,0.5
2773.3000,  1.00000000,1,0,0.0,0.5
2773.3333,  1.00000000,1,0,0.0,0.5
2773.3667,  1.00000000,1,0,0.0,0.5
2773.4000,  1.00000000,1,0,0.0,0.5
2773.4333,  1.00000000,1,0,0.0,0.5
2773.4667,  1.00000000,1,0,0.0,0.5
2773.5000,  1.00000000,1,0,0.0,0.5
2773.5333,  1.00000000,1,0,0.0,0.5
2773.5667,  1.00000000,1,0,0.0,0.5
2773.6000,  1.00000000,1,0,0.0,0.5
2773.6333,  1.00000000,1,0,0.0,0.5
2773.6667,  1.00000000,1,0,0.0,0.5
2773.7000,  1.00000000,1,0,0.0,0.5
2773.7333,  1.00000000,1,0,0.0,0.5
2773.7667,  1.00000000,1,0,0.0,0.5
2773.8000,  1.00000000,1,0,0.0,0.5
2773.8333,  1.00000000,1,0,0.0,0.5
2773.8667,  1.00000000,1,0,0.0,0.5
2773.9000,  1.00000000,1,0,0.0,0.5
2773.9333,  1.00000000,1,0,0.0,0.5
2773.9667,  1.00000000,1,0,0.0,0.5
2774.0000,  1.00000000,1,0,0.0,0.5
2774.0333,  1.00000000,1,0,0.0,0.5
2774.0667,  1.00000000,1,0,0.0,0.5
2774.1000,  1.00000000,1,0,0.0,0.5
2774.1333,  1.00000000,1,0,0.0,0.5
2774.1667,  1.00000000,1,0,0.0,0.5
2774.2000,  1.00000000,1,0,0.0,0.5
2774.2333,  1.00000000,1,0,0.0,0.5
2774.2667,  1.00000000,1,0,0.0,0.5
2774.3000,  1.00000000,1,0,0.0,0.5
2774.3333,  1.00000000,1,0,0.0,0.5
2774.3667,  1.00000000,1,0,0.0,0.5
2774.4000,  1.00000000,1,0,0.0,0.5
2774.4333,  1.00000000,1,0,0.0,0.5
2774.4667,  1.00000000,1,0,0.0,0.5
2774.5000,  1.00000000,1,0,0.025000000000000001,0.5
2774.5333,  1.00000000,1,0,0.0,0.5
2774.5667,  1.00000000,1,0,0.0,0.5
2774.6000,  1.00000000,1,0,0.0,0.5
2774.6333,  1.00000000,1,0,0.0,0.5
2774.6667,  1.00000000,1,0,0.0,0.5
2774.7000,  1.00000000,1,0,0.0,0.5
2774.7333,  1.00000000,1,0,0.0,0.5
2774.7667,  1.00000000,1,0,0.0,0.5
2774.8000,  1.00000000,1,0,0.0,0.5
2774.8333,  1.00000000,1,0,0.0,0.5
2774.8667,  1.00000000,1,0,0.0,0.5
2774.9000,  1.00000000,1,0,0.0,0.5
2774.9333,  1.00000000,1,0,0.0,0.5
2774.9667,  1.00000000,1,0,0.0,0.5
2775.0000,  1.00000000,1,0,0.0,0.5
2775.0333,  1.00000000,1,0,0.0,0.5
2775.0667,  1.00000000,1,0,0.0,0.5
2775.1000,  1.00000000,1,0,0.0,0.5
2775.1333,  1.00000000,1,0,0.0,0.5
2775.1667,  1.00000000,1,0,0.0,0.5
2775.2000,  1.00000000,1,0,0.0,0.5
2775.2333,  1.00000000,1,0,0.0,0.5
2775.2667,  1.00000000,1,0,0.0,0.5
2775.3000,  1.00000000,1,0,0.0,0.5
2775.3333,  1.00000000,1,0,0.0,0.5
2775.3667,  1.00000000,1,0,0.0,0.5
2775.4000,  1.00000000,1,0,0.0,0.5
2775.4333,  1.00000000,1,0,0.0,0.5
2775.4667,  1.00000000,1,0,0.0,0.5
2775.5000,  1.00000000,1,0,0.0,0.5
2775.5333,  1.00000000,1,0,0.0,0.5
2775.5667,  1.00000000,1,0,0.0,0.5
2775.6000,  1.00000000,1,0,0.0,0.5
2775.6333,  1.00000000,1,0,0.0,0.5
2775.6667,  1.00000000,1,0,0.0,0.5
2775.7000,  1.00000000,1,0,0.0,0.5
2775.7333,  1.00000000,1,0,0.0,0.5
2775.7667,  1.00000000,1,0,0.0,0.5
2775.8000,  1.00000000,1,0,0.0,0.5
2775.8333,  1.00000000,1,0,0.0,0.5
2775.8667,  1.00000000,1,0,0.0,0.5
2775.9000,  1.00000000,1,0,0.0,0.5
2775.9333,  1.00000000,1,0,0.0,0.5
2775.9667,  1.00000000,1,0,0.0,0.5
2776.0000,  1.00000000,1,0,0.0,0.5
2776.0333,  1.00000000,1,0,0.0,0.5
2776.0667,  1.00000000,1,0,0.0,0.5
2776.1000,  1.00000000,1,0,0.0,0.5
2776.1333,  1.00000000,1,0,0.0,0.5
2776.1667,  1.00000000,1,0,0.0,0.5
2776.2000,  1.00000000,1,0,0.0,0.5
2776.2333,  1.00000000,1,0,0.0,0.5
2776.2667,  1.00000000,1,0,0.0,0.5
2776.3000,  1.00000000,1,0,0.0,0.5
2776.3333,  1.00000000,1,0,0.0,0.5
2776.3667,  1.00000000,1,0,0.0,0.5
2776.4000,  1.00000000,1,0,0.0,0.5
2776.4333,  1.00000000,1,0,0.0,0.5
2776.4667,  1.00000000,1,0,0.0,0.5
2776.5000,  1.00000000,1,0,0.0,0.5
2776.5333,  1.00000000,1,0,0.0,0.5
2776.5667,  1.00000000,1,0,0.0,0.5
2776.6000,  1.00000000,1,0,0.0,0.5
2776.6333,  1.00000000,1,0,0.0,0.5
2776.6667,  1.00000000,1,0,0.0,0.5
2776.7000,  1.00000000,1,0,0.0,0.5
2776.7333,  1.00000000,1,0,0.0,0.5
2776.7667,  1.00000000,1,0,0.0,0.5
2776.8000,  1.00000000,1,0,0.0,0.5
2776.8333,  1.00000000,1,0,0.0,0.5
2776.8667,  1.00000000,1,0,0.0,0.5
2776.9000,  1.00000000,1,0,0.0,0.5
2776.9333,  1.00000000,1,0,0.0,0.5
2776.9667,  1.00000000,1,0,0.0,0.5
2777.0000,  1.00000000,1,0,0.0,0.5
2777.0333,  1.00000000,1,0,0.0,0.5
2777.0667,  1.00000000,1,0,0.0,0.5
2777.1000,  1.00000000,1,0,0.0,0.5
2777.1333,  1.00000000,1,0,0.0,0.5
2777.1667,  1.00000000,1,0,0.0,0.5
2777.2000,  1.00000000,1,0,0.0,0.5
2777.2333,  1.00000000,1,0,0.0,0.5
2777.2667,  1.00000000,1,0,0.0,0.5
2777.3000,  1.00000000,1,0,0.0,0.5
2777.3333,  1.00000000,1,0,0.0,0.5
2777.3667,  1.00000000,1,0,0.0,0.5
2777.4000,  1.00000000,1,0,0.0,0.5
2777.4333,  1.00000000,1,0,0.0,0.5
2777.4667,  1.00000000,1,0,0.0,0.5
2777.5000,  1.00000000,1,0,0.0,0.5
2777.5333,  1.00000000,1,0,0.0,0.5
2777.5667,  1.00000000,1,0,0.0,0.5
2777.6000,  1.00000000,1,0,0.0,0.5
2777.6333,  1.00000000,1,0,0.0,0.5
2777.6667,  1.00000000,1,0,0.0,0.5
2777.7000,  1.00000000,1,0,0.0,0.5
2777.7333,  1.00000000,1,0,0.0,0.5
2777.7667,  1.00000000,1,0,0.0,0.5
2777.8000,  1.00000000,1,0,0.0,0.5
2777.8333,  1.00000000,1,0,0.0,0.5
2777.8667,  1.00000000,1,0,0.0,0.5
2777.9000,  1.00000000,1,0,0.0,0.5
2777.9333,  1.00000000,1,0,0.0,0.5
2777.9667,  1.00000000,1,0,0.0,0.5
2778.0000,  1.00000000,1,0,0.0,0.5
2778.0333,  1.00000000,1,0,0.0,0.5
2778.0667,  1.00000000,1,0,0.0,0.5
2778.1000,  1.00000000,1,0,0.0,0.5
2778.1333,  1.00000000,1,0,0.0,0.5
2778.1667,  1.00000000,1,0,0.0,0.5
2778.2000,  1.00000000,1,0,0.0,0.5
2778.2333,  1.00000000,1,0,0.0,0.5
2778.2667,  1.00000000,1,0,0.0,0.5
2778.3000,  1.00000000,1,0,0.0,0.5
2778.3333,  1.00000000,1,0,0.0,0.5
2778.3667,  1.00000000,1,0,0.0,0.5
2778.4000,  1.00000000,1,0,0.0,0.5
2778.4333,  1.00000000,1,0,0.0,0.5
2778.4667,  1.00000000,1,0,0.0,0.5
2778.5000,  1.00000000,1,0,0.0,0.5
2778.5333,  1.00000000,1,0,0.0,0.5
2778.5667,  1.00000000,1,0,0.0,0.5
2778.6000,  1.00000000,1,0,0.0,0.5
2778.6333,  1.00000000,1,0,0.0,0.5
2778.6667,  1.00000000,1,0,0.025000000000000001,0.5
2778.7000,  1.00000000,1,0,0.0,0.5
2778.7333,  1.00000000,1,0,0.0,0.5
2778.7667,  1.00000000,1,0,0.0,0.5
2778.8000,  1.00000000,1,0,0.0,0.5
2778.8333,  1.00000000,1,0,0.0,0.5
2778.8667,  1.00000000,1,0,0.0,0.5
2778.9000,  1.00000000,1,0,0.0,0.5
2778.9333,  1.00000000,1,0,0.0,0.5
2778.9667,  1.00000000,1,0,0.0,0.5
2779.0000,  1.00000000,1,0,0.0,0.5
2779.0333,  1.00000000,1,0,0.025000000000000001,0.5
2779.0667,  1.00000000,1,0,0.0,0.5
2779.1000,  1.00000000,1,0,0.0,0.5
2779.1333,  1.00000000,1,0,0.0,0.5
2779.1667,  1.00000000,1,0,0.0,0.5
2779.2000,  1.00000000,1,0,0.0,0.5
2779.2333,  1.00000000,1,0,0.0,0.5
2779.2667,  1.00000000,1,0,0.0,0.5
2779.3000,  1.00000000,1,0,0.0,0.5
2779.3333,  1.00000000,1,0,0.0,0.5
2779.3667,  1.00000000,1,0,0.0,0.5
2779.4000,  1.00000000,1,0,0.0,0.5
2779.4333,  1.00000000,1,0,0.0,0.5
2779.4667,  1.00000000,1,0,0.0,0.5
2779.5000,  1.00000000,1,0,0.0,0.5
2779.5333,  1.00000000,1,0,0.0,0.5
2779.5667,  1.00000000,1,0,0.025000000000000001,0.5
2779.6000,  1.00000000,1,0,0.0,0.5
2779.6333,  1.00000000,1,0,0.0,0.5
2779.6667,  1.00000000,1,0,0.0,0.5
2779.7000,  1.00000000,1,0,0.025000000000000001,0.5
2779.7333,  1.00000000,1,0,0.0,0.5
2779.7667,  1.00000000,1,0,0.0,0.5
2779.8000,  1.00000000,1,0,0.0,0.5
2779.8333,  1.00000000,1,0,0.0,0.5
2779.8667,  1.00000000,1,0,0.0,0.5
2779.9000,  1.00000000,1,0,0.0,0.5
2779.9333,  1.00000000,1,0,0.0,0.5
2779.9667,  1.00000000,1,0,0.0,0.5
2780.0000,  1.00000000,1,0,0.0,0.5
2780.0333,  1.00000000,1,0,0.0,0.5
2780.0667,  1.00000000,1,0,0.0,0.5
2780.1000,  1.00000000,1,0,0.0,0.5
2780.1333,  1.00000000,1,0,0.0,0.5
2780.1667,  1.00000000,1,0,0.025000000000000001,0.5
2780.2000,  1.00000000,1,0,0.0,0.5
2780.2333,  1.00000000,1,0,0.0,0.5
2780.2667,  1.00000000,1,0,0.0,0.5
2780.3000,  1.00000000,1,0,0.0,0.5
2780.3333,  1.00000000,1,0,0.0,0.5
2780.3667,  1.00000000,1,0,0.0,0.5
2780.4000,  1.00000000,1,0,0.0,0.5
2780.4333,  1.00000000,1,0,0.0,0.5
2780.4667,  1.00000000,1,0,0.0,0.5
2780.5000,  1.00000000,1,0,0.0,0.5
2780.5333,  1.00000000,1,0,0.0,0.5
2780.5667,  1.00000000,1,0,0.0,0.5
2780.6000,  1.00000000,1,0,0.0,0.5
2780.6333,  1.00000000,1,0,0.0,0.5
2780.6667,  1.00000000,1,0,0.0,0.5
2780.7000,  1.00000000,1,0,0.0,0.5
2780.7333,  1.00000000,1,0,0.0,0.5
2780.7667,  1.00000000,1,0,0.025000000000000001,0.5
2780.8000,  1.00000000,1,0,0.0,0.5
2780.8333,  1.00000000,1,0,0.0,0.5
2780.8667,  1.00000000,1,0,0.0,0.5
2780.9000,  1.00000000,1,0,0.0,0.5
2780.9333,  1.00000000,1,0,0.0,0.5
2780.9667,  1.00000000,1,0,0.0,0.5
2781.0000,  1.00000000,1,0,0.0,0.5
2781.0333,  1.00000000,1,0,0.0,0.5
2781.0667,  1.00000000,1,0,0.0,0.5
2781.1000,  1.00000000,1,0,0.0,0.5
2781.1333,  1.00000000,1,0,0.0,0.5
2781.1667,  1.00000000,1,0,0.0,0.5
2781.2000,  1.00000000,1,0,0.0,0.5
2781.2333,  1.00000000,1,0,0.0,0.5
2781.2667,  1.00000000,1,0,0.0,0.5
2781.3000,  1.00000000,1,0,0.0,0.5
2781.3333,  1.00000000,1,0,0.0,0.5
2781.3667,  1.00000000,1,0,0.0,0.5
2781.4000,  1.00000000,1,0,0.0,0.5
2781.4333,  1.00000000,1,0,0.0,0.5
2781.4667,  1.00000000,1,0,0.0,0.5
2781.5000,  1.00000000,1,0,0.0,0.5
2781.5333,  1.00000000,1,0,0.0,0.5
2781.5667,  1.00000000,1,0,0.0,0.5
2781.6000,  1.00000000,1,0,0.0,0.5
2781.6333,  1.00000000,1,0,0.0,0.5
2781.6667,  1.00000000,1,0,0.0,0.5
2781.7000,  1.00000000,1,0,0.0,0.5
2781.7333,  1.00000000,1,0,0.0,0.5
2781.7667,  1.00000000,1,0,0.0,0.5
2781.8000,  1.00000000,1,0,0.0,0.5
2781.8333,  1.00000000,1,0,0.0,0.5
2781.8667,  1.00000000,1,0,0.0,0.5
2781.9000,  1.00000000,1,0,0.0,0.5
2781.9333,  1.00000000,1,0,0.0,0.5
2781.9667,  1.00000000,1,0,0.0,0.5
2782.0000,  1.00000000,1,0,0.0,0.5
2782.0333,  1.00000000,1,0,0.0,0.5
2782.0667,  1.00000000,1,0,0.0,0.5
2782.1000,  1.00000000,1,0,0.0,0.5
2782.1333,  1.00000000,1,0,0.0,0.5
2782.1667,  1.00000000,1,0,0.0,0.5
2782.2000,  1.00000000,1,0,0.0,0.5
2782.2333,  1.00000000,1,0,0.0,0.5
2782.2667,  1.00000000,1,0,0.0,0.5
2782.3000,  1.00000000,1,0,0.0,0.5
2782.3333,  1.00000000,1,0,0.0,0.5
2782.3667,  1.00000000,1,0,0.0,0.5
2782.4000,  1.00000000,1,0,0.0,0.5
2782.4333,  1.00000000,1,0,0.0,0.5
2782.4667,  1.00000000,1,0,0.0,0.5
2782.5000,  1.00000000,1,0,0.0,0.5
2782.5333,  1.00000000,1,0,0.0,0.5
2782.5667,  1.00000000,1,0,0.0,0.5
2782.6000,  1.00000000,1,0,0.0,0.5
2782.6333,  1.00000000,1,0,0.0,0.5
2782.6667,  1.00000000,1,0,0.0,0.5
2782.7000,  1.00000000,1,0,0.0,0.5
2782.7333,  1.00000000,1,0,0.0,0.5
2782.7667,  1.00000000,1,0,0.0,0.5
2782.8000,  1.00000000,1,0,0.0,0.5
2782.8333,  1.00000000,1,0,0.0,0.5
2782.8667,  1.00000000,1,0,0.0,0.5
2782.9000,  1.00000000,1,0,0.0,0.5
2782.9333,  1.00000000,1,0,0.0,0.5
2782.9667,  1.00000000,1,0,0.0,0.5
2783.0000,  1.00000000,1,0,0.0,0.5
2783.0333,  1.00000000,1,0,0.0,0.5
2783.0667,  1.00000000,1,0,0.0,0.5
2783.1000,  1.00000000,1,0,0.0,0.5
2783.1333,  1.00000000,1,0,0.0,0.5
2783.1667,  1.00000000,1,0,0.0,0.5
2783.2000,  1.00000000,1,0,0.0,0.5
2783.2333,  1.00000000,1,0,0.0,0.5
2783.2667,  1.00000000,1,0,0.0,0.5
2783.3000,  1.00000000,1,0,0.0,0.5
2783.3333,  1.00000000,1,0,0.0,0.5
2783.3667,  1.00000000,1,0,0.0,0.5
2783.4000,  1.00000000,1,0,0.0,0.5
2783.4333,  1.00000000,1,0,0.0,0.5
2783.4667,  1.00000000,1,0,0.0,0.5
2783.5000,  1.00000000,1,0,0.0,0.5
2783.5333,  1.00000000,1,0,0.0,0.5
2783.5667,  1.00000000,1,0,0.0,0.5
2783.6000,  1.00000000,1,0,0.0,0.5
2783.6333,  1.00000000,1,0,0.0,0.5
2783.6667,  1.00000000,1,0,0.0,0.5
2783.7000,  1.00000000,1,0,0.0,0.5
2783.7333,  1.00000000,1,0,0.0,0.5
2783.7667,  1.00000000,1,0,0.0,0.5
2783.8000,  1.00000000,1,0,0.0,0.5
2783.8333,  1.00000000,1,0,0.0,0.5
2783.8667,  1.00000000,1,0,0.0,0.5
2783.9000,  1.00000000,1,0,0.0,0.5
2783.9333,  1.00000000,1,0,0.0,0.5
2783.9667,  1.00000000,1,0,0.0,0.5
2784.0000,  1.00000000,1,0,0.0,0.5
2784.0333,  1.00000000,1,0,0.0,0.5
2784.0667,  1.00000000,1,0,0.0,0.5
2784.1000,  1.00000000,1,0,0.0,0.5
2784.1333,  1.00000000,1,0,0.0,0.5
2784.1667,  1.00000000,1,0,0.0,0.5
2784.2000,  1.00000000,1,0,0.0,0.5
2784.2333,  1.00000000,1,0,0.025000000000000001,0.5
2784.2667,  1.00000000,1,0,0.0,0.5
2784.3000,  1.00000000,1,0,0.0,0.5
2784.3333,  1.00000000,1,0,0.0,0.5
2784.3667,  1.00000000,1,0,0.0,0.5
2784.4000,  1.00000000,1,0,0.0,0.5
2784.4333,  1.00000000,1,0,0.0,0.5
2784.4667,  1.00000000,1,0,0.0,0.5
2784.5000,  1.00000000,1,0,0.0,0.5
2784.5333,  1.00000000,1,0,0.0,0.5
2784.5667,  1.00000000,1,0,0.0,0.5
2784.6000,  1.00000000,1,0,0.0,0.5
2784.6333,  1.00000000,1,0,0.0,0.5
2784.6667,  1.00000000,1,0,0.0,0.5
2784.7000,  1.00000000,1,0,0.0,0.5
2784.7333,  1.00000000,1,0,0.0,0.5
2784.7667,  1.00000000,1,0,0.0,0.5
2784.8000,  1.00000000,1,0,0.0,0.5
2784.8333,  1.00000000,1,0,0.0,0.5
2784.8667,  1.00000000,1,0,0.0,0.5
2784.9000,  1.00000000,1,0,0.0,0.5
2784.9333,  1.00000000,1,0,0.0,0.5
2784.9667,  1.00000000,1,0,0.0,0.5
2785.0000,  1.00000000,1,0,0.0,0.5
2785.0333,  1.00000000,1,0,0.0,0.5
2785.0667,  1.00000000,1,0,0.0,0.5
2785.1000,  1.00000000,1,0,0.0,0.5
2785.1333,  1.00000000,1,0,0.0,0.5
2785.1667,  1.00000000,1,0,0.0,0.5
2785.2000,  1.00000000,1,0,0.0,0.5
2785.2333,  1.00000000,1,0,0.0,0.5
2785.2667,  1.00000000,1,0,0.0,0.5
2785.3000,  1.00000000,1,0,0.0,0.5
2785.3333,  1.00000000,1,0,0.0,0.5
2785.3667,  1.00000000,1,0,0.0,0.5
2785.4000,  1.00000000,1,0,0.0,0.5
2785.4333,  1.00000000,1,0,0.0,0.5
2785.4667,  1.00000000,1,0,0.0,0.5
2785.5000,  1.00000000,1,0,0.0,0.5
2785.5333,  1.00000000,1,0,0.0,0.5
2785.5667,  1.00000000,1,0,0.0,0.5
2785.6000,  1.00000000,1,0,0.0,0.5
2785.6333,  1.00000000,1,0,0.0,0.5
2785.6667,  1.00000000,1,0,0.0,0.5
2785.7000,  1.00000000,1,0,0.0,0.5
2785.7333,  1.00000000,1,0,0.0,0.5
2785.7667,  1.00000000,1,0,0.0,0.5
2785.8000,  1.00000000,1,0,0.0,0.5
2785.8333,  1.00000000,1,0,0.0,0.5
2785.8667,  1.00000000,1,0,0.0,0.5
2785.9000,  1.00000000,1,0,0.0,0.5
2785.9333,  1.00000000,1,0,0.025000000000000001,0.5
2785.9667,  1.00000000,1,0,0.0,0.5
2786.0000,  1.00000000,1,0,0.0,0.5
2786.0333,  1.00000000,1,0,0.0,0.5
2786.0667,  1.00000000,1,0,0.0,0.5
2786.1000,  1.00000000,1,0,0.0,0.5
2786.1333,  1.00000000,1,0,0.0,0.5
2786.1667,  1.00000000,1,0,0.0,0.5
2786.2000,  1.00000000,1,0,0.0,0.5
2786.2333,  1.00000000,1,0,0.0,0.5
2786.2667,  1.00000000,1,0,0.0,0.5
2786.3000,  1.00000000,1,0,0.0,0.5
2786.3333,  1.00000000,1,0,0.0,0.5
2786.3667,  1.00000000,1,0,0.0,0.5
2786.4000,  1.00000000,1,0,0.0,0.5
2786.4333,  1.00000000,1,0,0.0,0.5
2786.4667,  1.00000000,1,0,0.0,0.5
2786.5000,  1.00000000,1,0,0.0,0.5
2786.5333,  1.00000000,1,0,0.0,0.5
2786.5667,  1.00000000,1,0,0.0,0.5
2786.6000,  1.00000000,1,0,0.0,0.5
2786.6333,  1.00000000,1,0,0.0,0.5
2786.6667,  1.00000000,1,0,0.0,0.5
2786.7000,  1.00000000,1,0,0.0,0.5
2786.7333,  1.00000000,1,0,0.0,0.5
2786.7667,  1.00000000,1,0,0.0,0.5
2786.8000,  1.00000000,1,0,0.0,0.5
2786.8333,  1.00000000,1,0,0.0,0.5
2786.8667,  1.00000000,1,0,0.0,0.5
2786.9000,  1.00000000,1,0,0.0,0.5
2786.9333,  1.00000000,1,0,0.0,0.5
2786.9667,  1.00000000,1,0,0.0,0.5
2787.0000,  1.00000000,1,0,0.0,0.5
2787.0333,  1.00000000,1,0,0.0,0.5
2787.0667,  1.00000000,1,0,0.0,0.5
2787.1000,  1.00000000,1,0,0.0,0.5
2787.1333,  1.00000000,1,0,0.0,0.5
2787.1667,  1.00000000,1,0,0.0,0.5
2787.2000,  1.00000000,1,0,0.0,0.5
2787.2333,  1.00000000,1,0,0.0,0.5
2787.2667,  1.00000000,1,0,0.0,0.5
2787.3000,  1.00000000,1,0,0.0,0.5
2787.3333,  1.00000000,1,0,0.025000000000000001,0.5
2787.3667,  1.00000000,1,0,0.0,0.5
2787.4000,  1.00000000,1,0,0.0,0.5
2787.4333,  1.00000000,1,0,0.0,0.5
2787.4667,  1.00000000,1,0,0.0,0.5
2787.5000,  1.00000000,1,0,0.0,0.5
2787.5333,  1.00000000,1,0,0.0,0.5
2787.5667,  1.00000000,1,0,0.0,0.5
2787.6000,  1.00000000,1,0,0.0,0.5
2787.6333,  1.00000000,1,0,0.0,0.5
2787.6667,  1.00000000,1,0,0.0,0.5
2787.7000,  1.00000000,1,0,0.0,0.5
2787.7333,  1.00000000,1,0,0.0,0.5
2787.7667,  1.00000000,1,0,0.0,0.5
2787.8000,  1.00000000,1,0,0.0,0.5
2787.8333,  1.00000000,1,0,0.0,0.5
2787.8667,  1.00000000,1,0,0.0,0.5
2787.9000,  1.00000000,1,0,0.0,0.5
2787.9333,  1.00000000,1,0,0.0,0.5
2787.9667,  1.00000000,1,0,0.0,0.5
2788.0000,  1.00000000,1,0,0.0,0.5
2788.0333,  1.00000000,1,0,0.0,0.5
2788.0667,  1.00000000,1,0,0.0,0.5
2788.1000,  1.00000000,1,0,0.0,0.5
2788.1333,  1.00000000,1,0,0.0,0.5
2788.1667,  1.00000000,1,0,0.0,0.5
2788.2000,  1.00000000,1,0,0.0,0.5
2788.2333,  1.00000000,1,0,0.0,0.5
2788.2667,  1.00000000,1,0,0.0,0.5
2788.3000,  1.00000000,1,0,0.0,0.5
2788.3333,  1.00000000,1,0,0.0,0.5
2788.3667,  1.00000000,1,0,0.025000000000000001,0.5
2788.4000,  1.00000000,1,0,0.0,0.5
2788.4333,  1.00000000,1,0,0.0,0.5
2788.4667,  1.00000000,1,0,0.0,0.5
2788.5000,  1.00000000,1,0,0.0,0.5
2788.5333,  1.00000000,1,0,0.0,0.5
2788.5667,  1.00000000,1,0,0.0,0.5
2788.6000,  1.00000000,1,0,0.0,0.5
2788.6333,  1.00000000,1,0,0.0,0.5
2788.6667,  1.00000000,1,0,0.0,0.5
2788.7000,  1.00000000,1,0,0.0,0.5
2788.7333,  1.00000000,1,0,0.0,0.5
2788.7667,  1.00000000,1,0,0.0,0.5
2788.8000,  1.00000000,1,0,0.0,0.5
2788.8333,  1.00000000,1,0,0.0,0.5
2788.8667,  1.00000000,1,0,0.0,0.5
2788.9000,  1.00000000,1,0,0.0,0.5
2788.9333,  1.00000000,1,0,0.0,0.5
2788.9667,  1.00000000,1,0,0.0,0.5
2789.0000,  1.00000000,1,0,0.0,0.5
2789.0333,  1.00000000,1,0,0.0,0.5
2789.0667,  1.00000000,1,0,0.0,0.5
2789.1000,  1.00000000,1,0,0.0,0.5
2789.1333,  1.00000000,1,0,0.0,0.5
2789.1667,  1.00000000,1,0,0.0,0.5
2789.2000,  1.00000000,1,0,0.025000000000000001,0.5
2789.2333,  1.00000000,1,0,0.0,0.5
2789.2667,  1.00000000,1,0,0.0,0.5
2789.3000,  1.00000000,1,0,0.0,0.5
2789.3333,  1.00000000,1,0,0.0,0.5
2789.3667,  1.00000000,1,0,0.0,0.5
2789.4000,  1.00000000,1,0,0.0,0.5
2789.4333,  1.00000000,1,0,0.0,0.5
2789.4667,  1.00000000,1,0,0.0,0.5
2789.5000,  1.00000000,1,0,0.0,0.5
2789.5333,  1.00000000,1,0,0.0,0.5
2789.5667,  1.00000000,1,0,0.0,0.5
2789.6000,  1.00000000,1,0,0.0,0.5
2789.6333,  1.00000000,1,0,0.0,0.5
2789.6667,  1.00000000,1,0,0.0,0.5
2789.7000,  1.00000000,1,0,0.0,0.5
2789.7333,  1.00000000,1,0,0.0,0.5
2789.7667,  1.00000000,1,0,0.0,0.5
2789.8000,  1.00000000,1,0,0.0,0.5
2789.8333,  1.00000000,1,0,0.0,0.5
2789.8667,  1.00000000,1,0,0.0,0.5
2789.9000,  1.00000000,1,0,0.0,0.5
2789.9333,  1.00000000,1,0,0.0,0.5
2789.9667,  1.00000000,1,0,0.0,0.5
2790.0000,  1.00000000,1,0,0.0,0.5
2790.0333,  1.00000000,1,0,0.0,0.5
2790.0667,  1.00000000,1,0,0.0,0.5
2790.1000,  1.00000000,1,0,0.0,0.5
2790.1333,  1.00000000,1,0,0.0,0.5
2790.1667,  1.00000000,1,0,0.0,0.5
2790.2000,  1.00000000,1,0,0.0,0.5
2790.2333,  1.00000000,1,0,0.0,0.5
2790.2667,  1.00000000,1,0,0.025000000000000001,0.5
2790.3000,  1.00000000,1,0,0.0,0.5
2790.3333,  1.00000000,1,0,0.0,0.5
2790.3667,  1.00000000,1,0,0.0,0.5
2790.4000,  1.00000000,1,0,0.0,0.5
2790.4333,  1.00000000,1,0,0.0,0.5
2790.4667,  1.00000000,1,0,0.0,0.5
2790.5000,  1.00000000,1,0,0.0,0.5
2790.5333,  1.00000000,1,0,0.0,0.5
2790.5667,  1.00000000,1,0,0.0,0.5
2790.6000,  1.00000000,1,0,0.0,0.5
2790.6333,  1.00000000,1,0,0.0,0.5
2790.6667,  1.00000000,1,0,0.0,0.5
2790.7000,  1.00000000,1,0,0.0,0.5
2790.7333,  1.00000000,1,0,0.0,0.5
2790.7667,  1.00000000,1,0,0.0,0.5
2790.8000,  1.00000000,1,0,0.0,0.5
2790.8333,  1.00000000,1,0,0.0,0.5
2790.8667,  1.00000000,1,0,0.0,0.5
2790.9000,  1.00000000,1,0,0.025000000000000001,0.5
2790.9333,  1.00000000,1,0,0.0,0.5
2790.9667,  1.00000000,1,0,0.0,0.5
2791.0000,  1.00000000,1,0,0.0,0.5
2791.0333,  1.00000000,1,0,0.0,0.5
2791.0667,  1.00000000,1,0,0.0,0.5
2791.1000,  1.00000000,1,0,0.0,0.5
2791.1333,  1.00000000,1,0,0.0,0.5
2791.1667,  1.00000000,1,0,0.0,0.5
2791.2000,  1.00000000,1,0,0.0,0.5
2791.2333,  1.00000000,1,0,0.0,0.5
2791.2667,  1.00000000,1,0,0.0,0.5
2791.3000,  1.00000000,1,0,0.0,0.5
2791.3333,  1.00000000,1,0,0.0,0.5
2791.3667,  1.00000000,1,0,0.0,0.5
2791.4000,  1.00000000,1,0,0.0,0.5
2791.4333,  1.00000000,1,0,0.0,0.5
2791.4667,  1.00000000,1,0,0.0,0.5
2791.5000,  1.00000000,1,0,0.0,0.5
2791.5333,  1.00000000,1,0,0.0,0.5
2791.5667,  1.00000000,1,0,0.0,0.5
2791.6000,  1.00000000,1,0,0.0,0.5
2791.6333,  1.00000000,1,0,0.0,0.5
2791.6667,  1.00000000,1,0,0.0,0.5
2791.7000,  1.00000000,1,0,0.0,0.5
2791.7333,  1.00000000,1,0,0.0,0.5
2791.7667,  1.00000000,1,0,0.0,0.5
2791.8000,  1.00000000,1,0,0.0,0.5
2791.8333,  1.00000000,1,0,0.0,0.5
2791.8667,  1.00000000,1,0,0.0,0.5
2791.9000,  1.00000000,1,0,0.0,0.5
2791.9333,  1.00000000,1,0,0.0,0.5
2791.9667,  1.00000000,1,0,0.0,0.5
2792.0000,  1.00000000,1,0,0.0,0.5
2792.0333,  1.00000000,1,0,0.0,0.5
2792.0667,  1.00000000,1,0,0.0,0.5
2792.1000,  1.00000000,1,0,0.0,0.5
2792.1333,  1.00000000,1,0,0.0,0.5
2792.1667,  1.00000000,1,0,0.0,0.5
2792.2000,  1.00000000,1,0,0.0,0.5
2792.2333,  1.00000000,1,0,0.0,0.5
2792.2667,  1.00000000,1,0,0.0,0.5
2792.3000,  1.00000000,1,0,0.0,0.5
2792.3333,  1.00000000,1,0,0.0,0.5
2792.3667,  1.00000000,1,0,0.0,0.5
2792.4000,  1.00000000,1,0,0.0,0.5
2792.4333,  1.00000000,1,0,0.0,0.5
2792.4667,  1.00000000,1,0,0.0,0.5
2792.5000,  1.00000000,1,0,0.0,0.5
2792.5333,  1.00000000,1,0,0.0,0.5
2792.5667,  1.00000000,1,0,0.0,0.5
2792.6000,  1.00000000,1,0,0.0,0.5
2792.6333,  1.00000000,1,0,0.0,0.5
2792.6667,  1.00000000,1,0,0.0,0.5
2792.7000,  1.00000000,1,0,0.0,0.5
2792.7333,  1.00000000,1,0,0.0,0.5
2792.7667,  1.00000000,1,0,0.0,0.5
2792.8000,  1.00000000,1,0,0.0,0.5
2792.8333,  1.00000000,1,0,0.0,0.5
2792.8667,  1.00000000,1,0,0.0,0.5
2792.9000,  1.00000000,1,0,0.0,0.5
2792.9333,  1.00000000,1,0,0.0,0.5
2792.9667,  1.00000000,1,0,0.0,0.5
2793.0000,  1.00000000,1,0,0.0,0.5
2793.0333,  1.00000000,1,0,0.0,0.5
2793.0667,  1.00000000,1,0,0.0,0.5
2793.1000,  1.00000000,1,0,0.0,0.5
2793.1333,  1.00000000,1,0,0.0,0.5
2793.1667,  1.00000000,1,0,0.0,0.5
2793.2000,  1.00000000,1,0,0.0,0.5
2793.2333,  1.00000000,1,0,0.0,0.5
2793.2667,  1.00000000,1,0,0.0,0.5
2793.3000,  1.00000000,1,0,0.0,0.5
2793.3333,  1.00000000,1,0,0.0,0.5
2793.3667,  1.00000000,1,0,0.0,0.5
2793.4000,  1.00000000,1,0,0.0,0.5
2793.4333,  1.00000000,1,0,0.0,0.5
2793.4667,  1.00000000,1,0,0.0,0.5
2793.5000,  1.00000000,1,0,0.0,0.5
2793.5333,  1.00000000,1,0,0.0,0.5
2793.5667,  1.00000000,1,0,0.0,0.5
2793.6000,  1.00000000,1,0,0.0,0.5
2793.6333,  1.00000000,1,0,0.0,0.5
2793.6667,  1.00000000,1,0,0.0,0.5
2793.7000,  1.00000000,1,0,0.0,0.5
2793.7333,  1.00000000,1,0,0.0,0.5
2793.7667,  1.00000000,1,0,0.0,0.5
2793.8000,  1.00000000,1,0,0.0,0.5
2793.8333,  1.00000000,1,0,0.0,0.5
2793.8667,  1.00000000,1,0,0.0,0.5
2793.9000,  1.00000000,1,0,0.0,0.5
2793.9333,  1.00000000,1,0,0.0,0.5
2793.9667,  1.00000000,1,0,0.0,0.5
2794.0000,  1.00000000,1,0,0.0,0.5
2794.0333,  1.00000000,1,0,0.0,0.5
2794.0667,  1.00000000,1,0,0.0,0.5
2794.1000,  1.00000000,1,0,0.0,0.5
2794.1333,  1.00000000,1,0,0.0,0.5
2794.1667,  1.00000000,1,0,0.0,0.5
2794.2000,  1.00000000,1,0,0.0,0.5
2794.2333,  1.00000000,1,0,0.0,0.5
2794.2667,  1.00000000,1,0,0.0,0.5
2794.3000,  1.00000000,1,0,0.0,0.5
2794.3333,  1.00000000,1,0,0.0,0.5
2794.3667,  1.00000000,1,0,0.0,0.5
2794.4000,  1.00000000,1,0,0.0,0.5
2794.4333,  1.00000000,1,0,0.0,0.5
2794.4667,  1.00000000,1,0,0.0,0.5
2794.5000,  1.00000000,1,0,0.0,0.5
2794.5333,  1.00000000,1,0,0.0,0.5
2794.5667,  1.00000000,1,0,0.0,0.5
2794.6000,  1.00000000,1,0,0.0,0.5
2794.6333,  1.00000000,1,0,0.0,0.5
2794.6667,  1.00000000,1,0,0.0,0.5
2794.7000,  1.00000000,1,0,0.0,0.5
2794.7333,  1.00000000,1,0,0.0,0.5
2794.7667,  1.00000000,1,0,0.0,0.5
2794.8000,  1.00000000,1,0,0.0,0.5
2794.8333,  1.00000000,1,0,0.0,0.5
2794.8667,  1.00000000,1,0,0.025000000000000001,0.5
2794.9000,  1.00000000,1,0,0.0,0.5
2794.9333,  1.00000000,1,0,0.025000000000000001,0.5
2794.9667,  1.00000000,1,0,0.0,0.5
2795.0000,  1.00000000,1,0,0.0,0.5
2795.0333,  1.00000000,1,0,0.0,0.5
2795.0667,  1.00000000,1,0,0.0,0.5
2795.1000,  1.00000000,1,0,0.0,0.5
2795.1333,  1.00000000,1,0,0.0,0.5
2795.1667,  1.00000000,1,0,0.0,0.5
2795.2000,  1.00000000,1,0,0.0,0.5
2795.2333,  1.00000000,1,0,0.0,0.5
2795.2667,  1.00000000,1,0,0.0,0.5
2795.3000,  1.00000000,1,0,0.0,0.5
2795.3333,  1.00000000,1,0,0.0,0.5
2795.3667,  1.00000000,1,0,0.0,0.5
2795.4000,  1.00000000,1,0,0.0,0.5
2795.4333,  1.00000000,1,0,0.0,0.5
2795.4667,  1.00000000,1,0,0.0,0.5
2795.5000,  1.00000000,1,0,0.0,0.5
2795.5333,  1.00000000,1,0,0.0,0.5
2795.5667,  1.00000000,1,0,0.0,0.5
2795.6000,  1.00000000,1,0,0.0,0.5
2795.6333,  1.00000000,1,0,0.0,0.5
2795.6667,  1.00000000,1,0,0.0,0.5
2795.7000,  1.00000000,1,0,0.0,0.5
2795.7333,  1.00000000,1,0,0.0,0.5
2795.7667,  1.00000000,1,0,0.0,0.5
2795.8000,  1.00000000,1,0,0.0,0.5
2795.8333,  1.00000000,1,0,0.0,0.5
2795.8667,  1.00000000,1,0,0.0,0.5
2795.9000,  1.00000000,1,0,0.0,0.5
2795.9333,  1.00000000,1,0,0.0,0.5
2795.9667,  1.00000000,1,0,0.0,0.5
2796.0000,  1.00000000,1,0,0.0,0.5
2796.0333,  1.00000000,1,0,0.0,0.5
2796.0667,  1.00000000,1,0,0.0,0.5
2796.1000,  1.00000000,1,0,0.0,0.5
2796.1333,  1.00000000,1,0,0.0,0.5
2796.1667,  1.00000000,1,0,0.0,0.5
2796.2000,  1.00000000,1,0,0.0,0.5
2796.2333,  1.00000000,1,0,0.0,0.5
2796.2667,  1.00000000,1,0,0.0,0.5
2796.3000,  1.00000000,1,0,0.0,0.5
2796.3333,  1.00000000,1,0,0.0,0.5
2796.3667,  1.00000000,1,0,0.0,0.5
2796.4000,  1.00000000,1,0,0.0,0.5
2796.4333,  1.00000000,1,0,0.0,0.5
2796.4667,  1.00000000,1,0,0.0,0.5
2796.5000,  1.00000000,1,0,0.0,0.5
2796.5333,  1.00000000,1,0,0.025000000000000001,0.5
2796.5667,  1.00000000,1,0,0.0,0.5
2796.6000,  1.00000000,1,0,0.0,0.5
2796.6333,  1.00000000,1,0,0.0,0.5
2796.6667,  1.00000000,1,0,0.0,0.5
2796.7000,  1.00000000,1,0,0.0,0.5
2796.7333,  1.00000000,1,0,0.0,0.5
2796.7667,  1.00000000,1,0,0.0,0.5
2796.8000,  1.00000000,1,0,0.0,0.5
2796.8333,  1.00000000,1,0,0.0,0.5
2796.8667,  1.00000000,1,0,0.0,0.5
2796.9000,  1.00000000,1,0,0.0,0.5
2796.9333,  1.00000000,1,0,0.0,0.5
2796.9667,  1.00000000,1,0,0.0,0.5
2797.0000,  1.00000000,1,0,0.0,0.5
2797.0333,  1.00000000,1,0,0.0,0.5
2797.0667,  1.00000000,1,0,0.0,0.5
2797.1000,  1.00000000,1,0,0.0,0.5
2797.1333,  1.00000000,1,0,0.0,0.5
2797.1667,  1.00000000,1,0,0.0,0.5
2797.2000,  1.00000000,1,0,0.0,0.5
2797.2333,  1.00000000,1,0,0.0,0.5
2797.2667,  1.00000000,1,0,0.0,0.5
2797.3000,  1.00000000,1,0,0.0,0.5
2797.3333,  1.00000000,1,0,0.0,0.5
2797.3667,  1.00000000,1,0,0.0,0.5
2797.4000,  1.00000000,1,0,0.0,0.5
2797.4333,  1.00000000,1,0,0.0,0.5
2797.4667,  1.00000000,1,0,0.0,0.5
2797.5000,  1.00000000,1,0,0.0,0.5
2797.5333,  1.00000000,1,0,0.0,0.5
2797.5667,  1.00000000,1,0,0.0,0.5
2797.6000,  1.00000000,1,0,0.0,0.5
2797.6333,  1.00000000,1,0,0.0,0.5
2797.6667,  1.00000000,1,0,0.0,0.5
2797.7000,  1.00000000,1,0,0.0,0.5
2797.7333,  1.00000000,1,0,0.0,0.5
2797.7667,  1.00000000,1,0,0.0,0.5
2797.8000,  1.00000000,1,0,0.0,0.5
2797.8333,  1.00000000,1,0,0.0,0.5
2797.8667,  1.00000000,1,0,0.0,0.5
2797.9000,  1.00000000,1,0,0.0,0.5
2797.9333,  1.00000000,1,0,0.0,0.5
2797.9667,  1.00000000,1,0,0.0,0.5
2798.0000,  1.00000000,1,0,0.0,0.5
2798.0333,  1.00000000,1,0,0.0,0.5
2798.0667,  1.00000000,1,0,0.0,0.5
2798.1000,  1.00000000,1,0,0.0,0.5
2798.1333,  1.00000000,1,0,0.0,0.5
2798.1667,  1.00000000,1,0,0.0,0.5
2798.2000,  1.00000000,1,0,0.0,0.5
2798.2333,  1.00000000,1,0,0.0,0.5
2798.2667,  1.00000000,1,0,0.0,0.5
2798.3000,  1.00000000,1,0,0.0,0.5
2798.3333,  1.00000000,1,0,0.0,0.5
2798.3667,  1.00000000,1,0,0.0,0.5
2798.4000,  1.00000000,1,0,0.0,0.5
2798.4333,  1.00000000,1,0,0.0,0.5
2798.4667,  1.00000000,1,0,0.0,0.5
2798.5000,  1.00000000,1,0,0.0,0.5
2798.5333,  1.00000000,1,0,0.0,0.5
2798.5667,  1.00000000,1,0,0.0,0.5
2798.6000,  1.00000000,1,0,0.0,0.5
2798.6333,  1.00000000,1,0,0.0,0.5
2798.6667,  1.00000000,1,0,0.0,0.5
2798.7000,  1.00000000,1,0,0.0,0.5
2798.7333,  1.00000000,1,0,0.0,0.5
2798.7667,  1.00000000,1,0,0.0,0.5
2798.8000,  1.00000000,1,0,0.0,0.5
2798.8333,  1.00000000,1,0,0.0,0.5
2798.8667,  1.00000000,1,0,0.025000000000000001,0.5
2798.9000,  1.00000000,1,0,0.0,0.5
2798.9333,  1.00000000,1,0,0.0,0.5
2798.9667,  1.00000000,1,0,0.0,0.5
2799.0000,  1.00000000,1,0,0.0,0.5
2799.0333,  1.00000000,1,0,0.0,0.5
2799.0667,  1.00000000,1,0,0.0,0.5
2799.1000,  1.00000000,1,0,0.0,0.5
2799.1333,  1.00000000,1,0,0.0,0.5
2799.1667,  1.00000000,1,0,0.0,0.5
2799.2000,  1.00000000,1,0,0.025000000000000001,0.5
2799.2333,  1.00000000,1,0,0.0,0.5
2799.2667,  1.00000000,1,0,0.0,0.5
2799.3000,  1.00000000,1,0,0.0,0.5
2799.3333,  1.00000000,1,0,0.0,0.5
2799.3667,  1.00000000,1,0,0.0,0.5
2799.4000,  1.00000000,1,0,0.0,0.5
2799.4333,  1.00000000,1,0,0.0,0.5
2799.4667,  1.00000000,1,0,0.0,0.5
2799.5000,  1.00000000,1,0,0.0,0.5
2799.5333,  1.00000000,1,0,0.0,0.5
2799.5667,  1.00000000,1,0,0.0,0.5
2799.6000,  1.00000000,1,0,0.0,0.5
2799.6333,  1.00000000,1,0,0.025000000000000001,0.5
2799.6667,  1.00000000,1,0,0.0,0.5
2799.7000,  1.00000000,1,0,0.0,0.5
2799.7333,  1.00000000,1,0,0.0,0.5
2799.7667,  1.00000000,1,0,0.0,0.5
2799.8000,  1.00000000,1,0,0.0,0.5
2799.8333,  1.00000000,1,0,0.0,0.5
2799.8667,  1.00000000,1,0,0.0,0.5
2799.9000,  1.00000000,1,0,0.0,0.5
2799.9333,  1.00000000,1,0,0.0,0.5
2799.9667,  1.00000000,1,0,0.0,0.5
2800.0000,  1.00000000,1,0,0.0,0.5
2800.0333,  1.00000000,1,0,0.0,0.5
2800.0667,  1.00000000,1,0,0.0,0.5
2800.1000,  1.00000000,1,0,0.0,0.5
2800.1333,  1.00000000,1,0,0.0,0.5
2800.1667,  1.00000000,1,0,0.0,0.5
2800.2000,  1.00000000,1,0,0.0,0.5
2800.2333,  1.00000000,1,0,0.0,0.5
2800.2667,  1.00000000,1,0,0.0,0.5
2800.3000,  1.00000000,1,0,0.0,0.5
2800.3333,  1.00000000,1,0,0.0,0.5
2800.3667,  1.00000000,1,0,0.0,0.5
2800.4000,  1.00000000,1,0,0.0,0.5
2800.4333,  1.00000000,1,0,0.0,0.5
2800.4667,  1.00000000,1,0,0.0,0.5
2800.5000,  1.00000000,1,0,0.0,0.5
2800.5333,  1.00000000,1,0,0.0,0.5
2800.5667,  1.00000000,1,0,0.0,0.5
2800.6000,  1.00000000,1,0,0.0,0.5
2800.6333,  1.00000000,1,0,0.0,0.5
2800.6667,  1.00000000,1,0,0.0,0.5
2800.7000,  1.00000000,1,0,0.0,0.5
2800.7333,  1.00000000,1,0,0.0,0.5
2800.7667,  1.00000000,1,0,0.0,0.5
2800.8000,  1.00000000,1,0,0.0,0.5
2800.8333,  1.00000000,1,0,0.0,0.5
2800.8667,  1.00000000,1,0,0.0,0.5
2800.9000,  1.00000000,1,0,0.0,0.5
2800.9333,  1.00000000,1,0,0.0,0.5
2800.9667,  1.00000000,1,0,0.0,0.5
2801.0000,  1.00000000,1,0,0.0,0.5
2801.0333,  1.00000000,1,0,0.0,0.5
2801.0667,  1.00000000,1,0,0.0,0.5
2801.1000,  1.00000000,1,0,0.0,0.5
2801.1333,  1.00000000,1,0,0.0,0.5
2801.1667,  1.00000000,1,0,0.0,0.5
2801.2000,  1.00000000,1,0,0.0,0.5
2801.2333,  1.00000000,1,0,0.0,0.5
2801.2667,  1.00000000,1,0,0.0,0.5
2801.3000,  1.00000000,1,0,0.0,0.5
2801.3333,  1.00000000,1,0,0.0,0.5
2801.3667,  1.00000000,1,0,0.0,0.5
2801.4000,  1.00000000,1,0,0.0,0.5
2801.4333,  1.00000000,1,0,0.0,0.5
2801.4667,  1.00000000,1,0,0.0,0.5
2801.5000,  1.00000000,1,0,0.0,0.5
2801.5333,  1.00000000,1,0,0.0,0.5
2801.5667,  1.00000000,1,0,0.0,0.5
2801.6000,  1.00000000,1,0,0.0,0.5
2801.6333,  1.00000000,1,0,0.0,0.5
2801.6667,  1.00000000,1,0,0.0,0.5
2801.7000,  1.00000000,1,0,0.0,0.5
2801.7333,  1.00000000,1,0,0.0,0.5
2801.7667,  1.00000000,1,0,0.0,0.5
2801.8000,  1.00000000,1,0,0.0,0.5
2801.8333,  1.00000000,1,0,0.0,0.5
2801.8667,  1.00000000,1,0,0.0,0.5
2801.9000,  1.00000000,1,0,0.0,0.5
2801.9333,  1.00000000,1,0,0.0,0.5
2801.9667,  1.00000000,1,0,0.0,0.5
2802.0000,  1.00000000,1,0,0.0,0.5
2802.0333,  1.00000000,1,0,0.0,0.5
2802.0667,  1.00000000,1,0,0.0,0.5
2802.1000,  1.00000000,1,0,0.0,0.5
2802.1333,  1.00000000,1,0,0.0,0.5
2802.1667,  1.00000000,1,0,0.0,0.5
2802.2000,  1.00000000,1,0,0.0,0.5
2802.2333,  1.00000000,1,0,0.0,0.5
2802.2667,  1.00000000,1,0,0.0,0.5
2802.3000,  1.00000000,1,0,0.0,0.5
2802.3333,  1.00000000,1,0,0.0,0.5
2802.3667,  1.00000000,1,0,0.0,0.5
2802.4000,  1.00000000,1,0,0.0,0.5
2802.4333,  1.00000000,1,0,0.0,0.5
2802.4667,  1.00000000,1,0,0.0,0.5
2802.5000,  1.00000000,1,0,0.0,0.5
2802.5333,  1.00000000,1,0,0.0,0.5
2802.5667,  1.00000000,1,0,0.0,0.5
2802.6000,  1.00000000,1,0,0.0,0.5
2802.6333,  1.00000000,1,0,0.0,0.5
2802.6667,  1.00000000,1,0,0.0,0.5
2802.7000,  1.00000000,1,0,0.0,0.5
2802.7333,  1.00000000,1,0,0.0,0.5
2802.7667,  1.00000000,1,0,0.0,0.5
2802.8000,  1.00000000,1,0,0.0,0.5
2802.8333,  1.00000000,1,0,0.0,0.5
2802.8667,  1.00000000,1,0,0.0,0.5
2802.9000,  1.00000000,1,0,0.0,0.5
2802.9333,  1.00000000,1,0,0.0,0.5
2802.9667,  1.00000000,1,0,0.0,0.5
2803.0000,  1.00000000,1,0,0.0,0.5
2803.0333,  1.00000000,1,0,0.0,0.5
2803.0667,  1.00000000,1,0,0.0,0.5
2803.1000,  1.00000000,1,0,0.0,0.5
2803.1333,  1.00000000,1,0,0.0,0.5
2803.1667,  1.00000000,1,0,0.0,0.5
2803.2000,  1.00000000,1,0,0.0,0.5
2803.2333,  1.00000000,1,0,0.0,0.5
2803.2667,  1.00000000,1,0,0.0,0.5
2803.3000,  1.00000000,1,0,0.0,0.5
2803.3333,  1.00000000,1,0,0.0,0.5
2803.3667,  1.00000000,1,0,0.0,0.5
2803.4000,  1.00000000,1,0,0.0,0.5
2803.4333,  1.00000000,1,0,0.0,0.5
2803.4667,  1.00000000,1,0,0.0,0.5
2803.5000,  1.00000000,1,0,0.0,0.5
2803.5333,  1.00000000,1,0,0.025000000000000001,0.5
2803.5667,  1.00000000,1,0,0.0,0.5
2803.6000,  1.00000000,1,0,0.0,0.5
2803.6333,  1.00000000,1,0,0.0,0.5
2803.6667,  1.00000000,1,0,0.0,0.5
2803.7000,  1.00000000,1,0,0.025000000000000001,0.5
2803.7333,  1.00000000,1,0,0.0,0.5
2803.7667,  1.00000000,1,0,0.050000000000000003,0.5
2803.8000,  1.00000000,1,0,0.025000000000000001,0.5
2803.8333,  1.00000000,1,0,0.0,0.5
2803.8667,  1.00000000,1,0,0.0,0.5
2803.9000,  1.00000000,1,0,0.0,0.5
2803.9333,  1.00000000,1,0,0.0,0.5
2803.9667,  1.00000000,1,0,0.0,0.5
2804.0000,  1.00000000,1,0,0.0,0.5
2804.0333,  1.00000000,1,0,0.0,0.5
2804.0667,  1.00000000,1,0,0.0,0.5
2804.1000,  1.00000000,1,0,0.0,0.5
2804.1333,  1.00000000,1,0,0.0,0.5
2804.1667,  1.00000000,1,0,0.0,0.5
2804.2000,  1.00000000,1,0,0.0,0.5
2804.2333,  1.00000000,1,0,0.0,0.5
2804.2667,  1.00000000,1,0,0.0,0.5
2804.3000,  1.00000000,1,0,0.0,0.5
2804.3333,  1.00000000,1,0,0.0,0.5
2804.3667,  1.00000000,1,0,0.0,0.5
2804.4000,  1.00000000,1,0,0.0,0.5
2804.4333,  1.00000000,1,0,0.0,0.5
2804.4667,  1.00000000,1,0,0.0,0.5
2804.5000,  1.00000000,1,0,0.0,0.5
2804.5333,  1.00000000,1,0,0.0,0.5
2804.5667,  1.00000000,1,0,0.0,0.5
2804.6000,  1.00000000,1,0,0.0,0.5
2804.6333,  1.00000000,1,0,0.0,0.5
2804.6667,  1.00000000,1,0,0.0,0.5
2804.7000,  1.00000000,1,0,0.0,0.5
2804.7333,  1.00000000,1,0,0.0,0.5
2804.7667,  1.00000000,1,0,0.0,0.5
2804.8000,  1.00000000,1,0,0.0,0.5
2804.8333,  1.00000000,1,0,0.0,0.5
2804.8667,  1.00000000,1,0,0.0,0.5
2804.9000,  1.00000000,1,0,0.0,0.5
2804.9333,  1.00000000,1,0,0.0,0.5
2804.9667,  1.00000000,1,0,0.0,0.5
2805.0000,  1.00000000,1,0,0.0,0.5
2805.0333,  1.00000000,1,0,0.0,0.5
2805.0667,  1.00000000,1,0,0.0,0.5
2805.1000,  1.00000000,1,0,0.0,0.5
2805.1333,  1.00000000,1,0,0.0,0.5
2805.1667,  1.00000000,1,0,0.0,0.5
2805.2000,  1.00000000,1,0,0.0,0.5
2805.2333,  1.00000000,1,0,0.025000000000000001,0.5
2805.2667,  1.00000000,1,0,0.0,0.5
2805.3000,  1.00000000,1,0,0.0,0.5
2805.3333,  1.00000000,1,0,0.0,0.5
2805.3667,  1.00000000,1,0,0.0,0.5
2805.4000,  1.00000000,1,0,0.0,0.5
2805.4333,  1.00000000,1,0,0.0,0.5
2805.4667,  1.00000000,1,0,0.0,0.5
2805.5000,  1.00000000,1,0,0.0,0.5
2805.5333,  1.00000000,1,0,0.0,0.5
2805.5667,  1.00000000,1,0,0.0,0.5
2805.6000,  1.00000000,1,0,0.0,0.5
2805.6333,  1.00000000,1,0,0.0,0.5
2805.6667,  1.00000000,1,0,0.0,0.5
2805.7000,  1.00000000,1,0,0.0,0.5
2805.7333,  1.00000000,1,0,0.0,0.5
2805.7667,  1.00000000,1,0,0.0,0.5
2805.8000,  1.00000000,1,0,0.0,0.5
2805.8333,  1.00000000,1,0,0.0,0.5
2805.8667,  1.00000000,1,0,0.0,0.5
2805.9000,  1.00000000,1,0,0.0,0.5
2805.9333,  1.00000000,1,0,0.025000000000000001,0.5
2805.9667,  1.00000000,1,0,0.025000000000000001,0.5
2806.0000,  1.00000000,1,0,0.0,0.5
2806.0333,  1.00000000,1,0,0.0,0.5
2806.0667,  1.00000000,1,0,0.0,0.5
2806.1000,  1.00000000,1,0,0.0,0.5
2806.1333,  1.00000000,1,0,0.0,0.5
2806.1667,  1.00000000,1,0,0.0,0.5
2806.2000,  1.00000000,1,0,0.0,0.5
2806.2333,  1.00000000,1,0,0.0,0.5
2806.2667,  1.00000000,1,0,0.0,0.5
2806.3000,  1.00000000,1,0,0.0,0.5
2806.3333,  1.00000000,1,0,0.0,0.5
2806.3667,  1.00000000,1,0,0.0,0.5
2806.4000,  1.00000000,1,0,0.0,0.5
2806.4333,  1.00000000,1,0,0.0,0.5
2806.4667,  1.00000000,1,0,0.0,0.5
2806.5000,  1.00000000,1,0,0.0,0.5
2806.5333,  1.00000000,1,0,0.0,0.5
2806.5667,  1.00000000,1,0,0.0,0.5
2806.6000,  1.00000000,1,0,0.0,0.5
2806.6333,  1.00000000,1,0,0.0,0.5
2806.6667,  1.00000000,1,0,0.0,0.5
2806.7000,  1.00000000,1,0,0.0,0.5
2806.7333,  1.00000000,1,0,0.0,0.5
2806.7667,  1.00000000,1,0,0.0,0.5
2806.8000,  1.00000000,1,0,0.0,0.5
2806.8333,  1.00000000,1,0,0.0,0.5
2806.8667,  1.00000000,1,0,0.0,0.5
2806.9000,  1.00000000,1,0,0.0,0.5
2806.9333,  1.00000000,1,0,0.0,0.5
2806.9667,  1.00000000,1,0,0.0,0.5
2807.0000,  1.00000000,1,0,0.0,0.5
2807.0333,  1.00000000,1,0,0.0,0.5
2807.0667,  1.00000000,1,0,0.0,0.5
2807.1000,  1.00000000,1,0,0.0,0.5
2807.1333,  1.00000000,1,0,0.0,0.5
2807.1667,  1.00000000,1,0,0.0,0.5
2807.2000,  1.00000000,1,0,0.0,0.5
2807.2333,  1.00000000,1,0,0.0,0.5
2807.2667,  1.00000000,1,0,0.0,0.5
2807.3000,  1.00000000,1,0,0.0,0.5
2807.3333,  1.00000000,1,0,0.0,0.5
2807.3667,  1.00000000,1,0,0.0,0.5
2807.4000,  1.00000000,1,0,0.0,0.5
2807.4333,  1.00000000,1,0,0.0,0.5
2807.4667,  1.00000000,1,0,0.0,0.5
2807.5000,  1.00000000,1,0,0.0,0.5
2807.5333,  1.00000000,1,0,0.0,0.5
2807.5667,  1.00000000,1,0,0.0,0.5
2807.6000,  1.00000000,1,0,0.0,0.5
2807.6333,  1.00000000,1,0,0.0,0.5
2807.6667,  1.00000000,1,0,0.0,0.5
2807.7000,  1.00000000,1,0,0.0,0.5
2807.7333,  1.00000000,1,0,0.0,0.5
2807.7667,  1.00000000,1,0,0.0,0.5
2807.8000,  1.00000000,1,0,0.0,0.5
2807.8333,  1.00000000,1,0,0.0,0.5
2807.8667,  1.00000000,1,0,0.0,0.5
2807.9000,  1.00000000,1,0,0.0,0.5
2807.9333,  1.00000000,1,0,0.0,0.5
2807.9667,  1.00000000,1,0,0.0,0.5
2808.0000,  1.00000000,1,0,0.0,0.5
2808.0333,  1.00000000,1,0,0.0,0.5
2808.0667,  1.00000000,1,0,0.0,0.5
2808.1000,  1.00000000,1,0,0.0,0.5
2808.1333,  1.00000000,1,0,0.0,0.5
2808.1667,  1.00000000,1,0,0.0,0.5
2808.2000,  1.00000000,1,0,0.0,0.5
2808.2333,  1.00000000,1,0,0.0,0.5
2808.2667,  1.00000000,1,0,0.0,0.5
2808.3000,  1.00000000,1,0,0.0,0.5
2808.3333,  1.00000000,1,0,0.0,0.5
2808.3667,  1.00000000,1,0,0.0,0.5
2808.4000,  1.00000000,1,0,0.0,0.5
2808.4333,  1.00000000,1,0,0.0,0.5
2808.4667,  1.00000000,1,0,0.0,0.5
2808.5000,  1.00000000,1,0,0.0,0.5
2808.5333,  1.00000000,1,0,0.0,0.5
2808.5667,  1.00000000,1,0,0.0,0.5
2808.6000,  1.00000000,1,0,0.0,0.5
2808.6333,  1.00000000,1,0,0.0,0.5
2808.6667,  1.00000000,1,0,0.0,0.5
2808.7000,  1.00000000,1,0,0.0,0.5
2808.7333,  1.00000000,1,0,0.0,0.5
2808.7667,  1.00000000,1,0,0.0,0.5
2808.8000,  1.00000000,1,0,0.0,0.5
2808.8333,  1.00000000,1,0,0.0,0.5
2808.8667,  1.00000000,1,0,0.0,0.5
2808.9000,  1.00000000,1,0,0.0,0.5
2808.9333,  1.00000000,1,0,0.0,0.5
2808.9667,  1.00000000,1,0,0.0,0.5
2809.0000,  1.00000000,1,0,0.0,0.5
2809.0333,  1.00000000,1,0,0.0,0.5
2809.0667,  1.00000000,1,0,0.0,0.5
2809.1000,  1.00000000,1,0,0.0,0.5
2809.1333,  1.00000000,1,0,0.0,0.5
2809.1667,  1.00000000,1,0,0.0,0.5
2809.2000,  1.00000000,1,0,0.0,0.5
2809.2333,  1.00000000,1,0,0.0,0.5
2809.2667,  1.00000000,1,0,0.0,0.5
2809.3000,  1.00000000,1,0,0.0,0.5
2809.3333,  1.00000000,1,0,0.0,0.5
2809.3667,  1.00000000,1,0,0.0,0.5
2809.4000,  1.00000000,1,0,0.0,0.5
2809.4333,  1.00000000,1,0,0.0,0.5
2809.4667,  1.00000000,1,0,0.0,0.5
2809.5000,  1.00000000,1,0,0.0,0.5
2809.5333,  1.00000000,1,0,0.0,0.5
2809.5667,  1.00000000,1,0,0.0,0.5
2809.6000,  1.00000000,1,0,0.0,0.5
2809.6333,  1.00000000,1,0,0.0,0.5
2809.6667,  1.00000000,1,0,0.0,0.5
2809.7000,  1.00000000,1,0,0.0,0.5
2809.7333,  1.00000000,1,0,0.0,0.5
2809.7667,  1.00000000,1,0,0.0,0.5
2809.8000,  1.00000000,1,0,0.0,0.5
2809.8333,  1.00000000,1,0,0.0,0.5
2809.8667,  1.00000000,1,0,0.0,0.5
2809.9000,  1.00000000,1,0,0.0,0.5
2809.9333,  1.00000000,1,0,0.0,0.5
2809.9667,  1.00000000,1,0,0.0,0.5
2810.0000,  1.00000000,1,0,0.0,0.5
2810.0333,  1.00000000,1,0,0.0,0.5
2810.0667,  1.00000000,1,0,0.0,0.5
2810.1000,  1.00000000,1,0,0.0,0.5
2810.1333,  1.00000000,1,0,0.0,0.5
2810.1667,  1.00000000,1,0,0.0,0.5
2810.2000,  1.00000000,1,0,0.0,0.5
2810.2333,  1.00000000,1,0,0.0,0.5
2810.2667,  1.00000000,1,0,0.0,0.5
2810.3000,  1.00000000,1,0,0.0,0.5
2810.3333,  1.00000000,1,0,0.0,0.5
2810.3667,  1.00000000,1,0,0.0,0.5
2810.4000,  1.00000000,1,0,0.0,0.5
2810.4333,  1.00000000,1,0,0.0,0.5
2810.4667,  1.00000000,1,0,0.0,0.5
2810.5000,  1.00000000,1,0,0.0,0.5
2810.5333,  1.00000000,1,0,0.0,0.5
2810.5667,  1.00000000,1,0,0.0,0.5
2810.6000,  1.00000000,1,0,0.0,0.5
2810.6333,  1.00000000,1,0,0.0,0.5
2810.6667,  1.00000000,1,0,0.0,0.5
2810.7000,  1.00000000,1,0,0.0,0.5
2810.7333,  1.00000000,1,0,0.0,0.5
2810.7667,  1.00000000,1,0,0.0,0.5
2810.8000,  1.00000000,1,0,0.0,0.5
2810.8333,  1.00000000,1,0,0.0,0.5
2810.8667,  1.00000000,1,0,0.0,0.5
2810.9000,  1.00000000,1,0,0.0,0.5
2810.9333,  1.00000000,1,0,0.0,0.5
2810.9667,  1.00000000,1,0,0.0,0.5
2811.0000,  1.00000000,1,0,0.0,0.5
2811.0333,  1.00000000,1,0,0.0,0.5
2811.0667,  1.00000000,1,0,0.0,0.5
2811.1000,  1.00000000,1,0,0.0,0.5
2811.1333,  1.00000000,1,0,0.0,0.5
2811.1667,  1.00000000,1,0,0.0,0.5
2811.2000,  1.00000000,1,0,0.0,0.5
2811.2333,  1.00000000,1,0,0.0,0.5
2811.2667,  1.00000000,1,0,0.0,0.5
2811.3000,  1.00000000,1,0,0.025000000000000001,0.5
2811.3333,  1.00000000,1,0,0.0,0.5
2811.3667,  1.00000000,1,0,0.0,0.5
2811.4000,  1.00000000,1,0,0.0,0.5
2811.4333,  1.00000000,1,0,0.0,0.5
2811.4667,  1.00000000,1,0,0.0,0.5
2811.5000,  1.00000000,1,0,0.0,0.5
2811.5333,  1.00000000,1,0,0.0,0.5
2811.5667,  1.00000000,1,0,0.0,0.5
2811.6000,  1.00000000,1,0,0.0,0.5
2811.6333,  1.00000000,1,0,0.0,0.5
2811.6667,  1.00000000,1,0,0.0,0.5
2811.7000,  1.00000000,1,0,0.0,0.5
2811.7333,  1.00000000,1,0,0.0,0.5
2811.7667,  1.00000000,1,0,0.0,0.5
2811.8000,  1.00000000,1,0,0.0,0.5
2811.8333,  1.00000000,1,0,0.0,0.5
2811.8667,  1.00000000,1,0,0.0,0.5
2811.9000,  1.00000000,1,0,0.0,0.5
2811.9333,  1.00000000,1,0,0.0,0.5
2811.9667,  1.00000000,1,0,0.0,0.5
2812.0000,  1.00000000,1,0,0.0,0.5
2812.0333,  1.00000000,1,0,0.0,0.5
2812.0667,  1.00000000,1,0,0.0,0.5
2812.1000,  1.00000000,1,0,0.0,0.5
2812.1333,  1.00000000,1,0,0.0,0.5
2812.1667,  1.00000000,1,0,0.0,0.5
2812.2000,  1.00000000,1,0,0.0,0.5
2812.2333,  1.00000000,1,0,0.0,0.5
2812.2667,  1.00000000,1,0,0.0,0.5
2812.3000,  1.00000000,1,0,0.0,0.5
2812.3333,  1.00000000,1,0,0.0,0.5
2812.3667,  1.00000000,1,0,0.0,0.5
2812.4000,  1.00000000,1,0,0.0,0.5
2812.4333,  1.00000000,1,0,0.0,0.5
2812.4667,  1.00000000,1,0,0.0,0.5
2812.5000,  1.00000000,1,0,0.0,0.5
2812.5333,  1.00000000,1,0,0.0,0.5
2812.5667,  1.00000000,1,0,0.0,0.5
2812.6000,  1.00000000,1,0,0.0,0.5
2812.6333,  1.00000000,1,0,0.0,0.5
2812.6667,  1.00000000,1,0,0.0,0.5
2812.7000,  1.00000000,1,0,0.0,0.5
2812.7333,  1.00000000,1,0,0.0,0.5
2812.7667,  1.00000000,1,0,0.0,0.5
2812.8000,  1.00000000,1,0,0.0,0.5
2812.8333,  1.00000000,1,0,0.0,0.5
2812.8667,  1.00000000,1,0,0.0,0.5
2812.9000,  1.00000000,1,0,0.0,0.5
2812.9333,  1.00000000,1,0,0.025000000000000001,0.5
2812.9667,  1.00000000,1,0,0.0,0.5
2813.0000,  1.00000000,1,0,0.0,0.5
2813.0333,  1.00000000,1,0,0.0,0.5
2813.0667,  1.00000000,1,0,0.0,0.5
2813.1000,  1.00000000,1,0,0.0,0.5
2813.1333,  1.00000000,1,0,0.0,0.5
2813.1667,  1.00000000,1,0,0.0,0.5
2813.2000,  1.00000000,1,0,0.0,0.5
2813.2333,  1.00000000,1,0,0.0,0.5
2813.2667,  1.00000000,1,0,0.0,0.5
2813.3000,  1.00000000,1,0,0.0,0.5
2813.3333,  1.00000000,1,0,0.0,0.5
2813.3667,  1.00000000,1,0,0.0,0.5
2813.4000,  1.00000000,1,0,0.0,0.5
2813.4333,  1.00000000,1,0,0.0,0.5
2813.4667,  1.00000000,1,0,0.0,0.5
2813.5000,  1.00000000,1,0,0.0,0.5
2813.5333,  1.00000000,1,0,0.0,0.5
2813.5667,  1.00000000,1,0,0.0,0.5
2813.6000,  1.00000000,1,0,0.0,0.5
2813.6333,  1.00000000,1,0,0.0,0.5
2813.6667,  1.00000000,1,0,0.0,0.5
2813.7000,  1.00000000,1,0,0.0,0.5
2813.7333,  1.00000000,1,0,0.0,0.5
2813.7667,  1.00000000,1,0,0.0,0.5
2813.8000,  1.00000000,1,0,0.0,0.5
2813.8333,  1.00000000,1,0,0.0,0.5
2813.8667,  1.00000000,1,0,0.0,0.5
2813.9000,  1.00000000,1,0,0.0,0.5
2813.9333,  1.00000000,1,0,0.0,0.5
2813.9667,  1.00000000,1,0,0.025000000000000001,0.5
2814.0000,  1.00000000,1,0,0.0,0.5
2814.0333,  1.00000000,1,0,0.0,0.5
2814.0667,  1.00000000,1,0,0.0,0.5
2814.1000,  1.00000000,1,0,0.0,0.5
2814.1333,  1.00000000,1,0,0.0,0.5
2814.1667,  1.00000000,1,0,0.0,0.5
2814.2000,  1.00000000,1,0,0.0,0.5
2814.2333,  1.00000000,1,0,0.0,0.5
2814.2667,  1.00000000,1,0,0.0,0.5
2814.3000,  1.00000000,1,0,0.0,0.5
2814.3333,  1.00000000,1,0,0.0,0.5
2814.3667,  1.00000000,1,0,0.0,0.5
2814.4000,  1.00000000,1,0,0.0,0.5
2814.4333,  1.00000000,1,0,0.0,0.5
2814.4667,  1.00000000,1,0,0.0,0.5
2814.5000,  1.00000000,1,0,0.0,0.5
2814.5333,  1.00000000,1,0,0.0,0.5
2814.5667,  1.00000000,1,0,0.0,0.5
2814.6000,  1.00000000,1,0,0.0,0.5
2814.6333,  1.00000000,1,0,0.0,0.5
2814.6667,  1.00000000,1,0,0.0,0.5
2814.7000,  1.00000000,1,0,0.0,0.5
2814.7333,  1.00000000,1,0,0.0,0.5
2814.7667,  1.00000000,1,0,0.0,0.5
2814.8000,  1.00000000,1,0,0.0,0.5
2814.8333,  1.00000000,1,0,0.0,0.5
2814.8667,  1.00000000,1,0,0.0,0.5
2814.9000,  1.00000000,1,0,0.0,0.5
2814.9333,  1.00000000,1,0,0.0,0.5
2814.9667,  1.00000000,1,0,0.0,0.5
2815.0000,  1.00000000,1,0,0.0,0.5
2815.0333,  1.00000000,1,0,0.0,0.5
2815.0667,  1.00000000,1,0,0.0,0.5
2815.1000,  1.00000000,1,0,0.0,0.5
2815.1333,  1.00000000,1,0,0.0,0.5
2815.1667,  1.00000000,1,0,0.0,0.5
2815.2000,  1.00000000,1,0,0.0,0.5
2815.2333,  1.00000000,1,0,0.0,0.5
2815.2667,  1.00000000,1,0,0.0,0.5
2815.3000,  1.00000000,1,0,0.025000000000000001,0.5
2815.3333,  1.00000000,1,0,0.0,0.5
2815.3667,  1.00000000,1,0,0.0,0.5
2815.4000,  1.00000000,1,0,0.0,0.5
2815.4333,  1.00000000,1,0,0.0,0.5
2815.4667,  1.00000000,1,0,0.0,0.5
2815.5000,  1.00000000,1,0,0.0,0.5
2815.5333,  1.00000000,1,0,0.0,0.5
2815.5667,  1.00000000,1,0,0.0,0.5
2815.6000,  1.00000000,1,0,0.0,0.5
2815.6333,  1.00000000,1,0,0.0,0.5
2815.6667,  1.00000000,1,0,0.0,0.5
2815.7000,  1.00000000,1,0,0.0,0.5
2815.7333,  1.00000000,1,0,0.025000000000000001,0.5
2815.7667,  1.00000000,1,0,0.0,0.5
2815.8000,  1.00000000,1,0,0.0,0.5
2815.8333,  1.00000000,1,0,0.0,0.5
2815.8667,  1.00000000,1,0,0.0,0.5
2815.9000,  1.00000000,1,0,0.0,0.5
2815.9333,  1.00000000,1,0,0.0,0.5
2815.9667,  1.00000000,1,0,0.0,0.5
2816.0000,  1.00000000,1,0,0.0,0.5
2816.0333,  1.00000000,1,0,0.0,0.5
2816.0667,  1.00000000,1,0,0.0,0.5
2816.1000,  1.00000000,1,0,0.0,0.5
2816.1333,  1.00000000,1,0,0.0,0.5
2816.1667,  1.00000000,1,0,0.0,0.5
2816.2000,  1.00000000,1,0,0.0,0.5
2816.2333,  1.00000000,1,0,0.0,0.5
2816.2667,  1.00000000,1,0,0.0,0.5
2816.3000,  1.00000000,1,0,0.0,0.5
2816.3333,  1.00000000,1,0,0.0,0.5
2816.3667,  1.00000000,1,0,0.0,0.5
2816.4000,  1.00000000,1,0,0.0,0.5
2816.4333,  1.00000000,1,0,0.0,0.5
2816.4667,  1.00000000,1,0,0.0,0.5
2816.5000,  1.00000000,1,0,0.0,0.5
2816.5333,  1.00000000,1,0,0.0,0.5
2816.5667,  1.00000000,1,0,0.0,0.5
2816.6000,  1.00000000,1,0,0.0,0.5
2816.6333,  1.00000000,1,0,0.0,0.5
2816.6667,  1.00000000,1,0,0.0,0.5
2816.7000,  1.00000000,1,0,0.0,0.5
2816.7333,  1.00000000,1,0,0.0,0.5
2816.7667,  1.00000000,1,0,0.0,0.5
2816.8000,  1.00000000,1,0,0.0,0.5
2816.8333,  1.00000000,1,0,0.0,0.5
2816.8667,  1.00000000,1,0,0.0,0.5
2816.9000,  1.00000000,1,0,0.0,0.5
2816.9333,  1.00000000,1,0,0.025000000000000001,0.5
2816.9667,  1.00000000,1,0,0.0,0.5
2817.0000,  1.00000000,1,0,0.0,0.5
2817.0333,  1.00000000,1,0,0.0,0.5
2817.0667,  1.00000000,1,0,0.0,0.5
2817.1000,  1.00000000,1,0,0.0,0.5
2817.1333,  1.00000000,1,0,0.0,0.5
2817.1667,  1.00000000,1,0,0.0,0.5
2817.2000,  1.00000000,1,0,0.0,0.5
2817.2333,  1.00000000,1,0,0.0,0.5
2817.2667,  1.00000000,1,0,0.0,0.5
2817.3000,  1.00000000,1,0,0.0,0.5
2817.3333,  1.00000000,1,0,0.0,0.5
2817.3667,  1.00000000,1,0,0.0,0.5
2817.4000,  1.00000000,1,0,0.0,0.5
2817.4333,  1.00000000,1,0,0.0,0.5
2817.4667,  1.00000000,1,0,0.0,0.5
2817.5000,  1.00000000,1,0,0.0,0.5
2817.5333,  1.00000000,1,0,0.0,0.5
2817.5667,  1.00000000,1,0,0.025000000000000001,0.5
2817.6000,  1.00000000,1,0,0.0,0.5
2817.6333,  1.00000000,1,0,0.0,0.5
2817.6667,  1.00000000,1,0,0.0,0.5
2817.7000,  1.00000000,1,0,0.0,0.5
2817.7333,  1.00000000,1,0,0.0,0.5
2817.7667,  1.00000000,1,0,0.0,0.5
2817.8000,  1.00000000,1,0,0.0,0.5
2817.8333,  1.00000000,1,0,0.0,0.5
2817.8667,  1.00000000,1,0,0.0,0.5
2817.9000,  1.00000000,1,0,0.0,0.5
2817.9333,  1.00000000,1,0,0.0,0.5
2817.9667,  1.00000000,1,0,0.0,0.5
2818.0000,  1.00000000,1,0,0.0,0.5
2818.0333,  1.00000000,1,0,0.0,0.5
2818.0667,  1.00000000,1,0,0.0,0.5
2818.1000,  1.00000000,1,0,0.0,0.5
2818.1333,  1.00000000,1,0,0.0,0.5
2818.1667,  1.00000000,1,0,0.0,0.5
2818.2000,  1.00000000,1,0,0.0,0.5
2818.2333,  1.00000000,1,0,0.0,0.5
2818.2667,  1.00000000,1,0,0.0,0.5
2818.3000,  1.00000000,1,0,0.0,0.5
2818.3333,  1.00000000,1,0,0.0,0.5
2818.3667,  1.00000000,1,0,0.0,0.5
2818.4000,  1.00000000,1,0,0.0,0.5
2818.4333,  1.00000000,1,0,0.0,0.5
2818.4667,  1.00000000,1,0,0.0,0.5
2818.5000,  1.00000000,1,0,0.0,0.5
2818.5333,  1.00000000,1,0,0.0,0.5
2818.5667,  1.00000000,1,0,0.0,0.5
2818.6000,  1.00000000,1,0,0.0,0.5
2818.6333,  1.00000000,1,0,0.0,0.5
2818.6667,  1.00000000,1,0,0.0,0.5
2818.7000,  1.00000000,1,0,0.0,0.5
2818.7333,  1.00000000,1,0,0.0,0.5
2818.7667,  1.00000000,1,0,0.0,0.5
2818.8000,  1.00000000,1,0,0.0,0.5
2818.8333,  1.00000000,1,0,0.0,0.5
2818.8667,  1.00000000,1,0,0.0,0.5
2818.9000,  1.00000000,1,0,0.0,0.5
2818.9333,  1.00000000,1,0,0.0,0.5
2818.9667,  1.00000000,1,0,0.0,0.5
2819.0000,  1.00000000,1,0,0.0,0.5
2819.0333,  1.00000000,1,0,0.0,0.5
2819.0667,  1.00000000,1,0,0.0,0.5
2819.1000,  1.00000000,1,0,0.0,0.5
2819.1333,  1.00000000,1,0,0.0,0.5
2819.1667,  1.00000000,1,0,0.0,0.5
2819.2000,  1.00000000,1,0,0.0,0.5
2819.2333,  1.00000000,1,0,0.0,0.5
2819.2667,  1.00000000,1,0,0.0,0.5
2819.3000,  1.00000000,1,0,0.0,0.5
2819.3333,  1.00000000,1,0,0.0,0.5
2819.3667,  1.00000000,1,0,0.0,0.5
2819.4000,  1.00000000,1,0,0.0,0.5
2819.4333,  1.00000000,1,0,0.0,0.5
2819.4667,  1.00000000,1,0,0.0,0.5
2819.5000,  1.00000000,1,0,0.0,0.5
2819.5333,  1.00000000,1,0,0.0,0.5
2819.5667,  1.00000000,1,0,0.0,0.5
2819.6000,  1.00000000,1,0,0.0,0.5
2819.6333,  1.00000000,1,0,0.0,0.5
2819.6667,  1.00000000,1,0,0.0,0.5
2819.7000,  1.00000000,1,0,0.0,0.5
2819.7333,  1.00000000,1,0,0.0,0.5
2819.7667,  1.00000000,1,0,0.0,0.5
2819.8000,  1.00000000,1,0,0.0,0.5
2819.8333,  1.00000000,1,0,0.0,0.5
2819.8667,  1.00000000,1,0,0.0,0.5
2819.9000,  1.00000000,1,0,0.0,0.5
2819.9333,  1.00000000,1,0,0.0,0.5
2819.9667,  1.00000000,1,0,0.0,0.5
2820.0000,  1.00000000,1,0,0.025000000000000001,0.5
2820.0333,  1.00000000,1,0,0.0,0.5
2820.0667,  1.00000000,1,0,0.0,0.5
2820.1000,  1.00000000,1,0,0.0,0.5
2820.1333,  1.00000000,1,0,0.0,0.5
2820.1667,  1.00000000,1,0,0.0,0.5
2820.2000,  1.00000000,1,0,0.0,0.5
2820.2333,  1.00000000,1,0,0.0,0.5
2820.2667,  1.00000000,1,0,0.0,0.5
2820.3000,  1.00000000,1,0,0.0,0.5
2820.3333,  1.00000000,1,0,0.0,0.5
2820.3667,  1.00000000,1,0,0.0,0.5
2820.4000,  1.00000000,1,0,0.0,0.5
2820.4333,  1.00000000,1,0,0.0,0.5
2820.4667,  1.00000000,1,0,0.0,0.5
2820.5000,  1.00000000,1,0,0.0,0.5
2820.5333,  1.00000000,1,0,0.025000000000000001,0.5
2820.5667,  1.00000000,1,0,0.0,0.5
2820.6000,  1.00000000,1,0,0.0,0.5
2820.6333,  1.00000000,1,0,0.0,0.5
2820.6667,  1.00000000,1,0,0.0,0.5
2820.7000,  1.00000000,1,0,0.0,0.5
2820.7333,  1.00000000,1,0,0.0,0.5
2820.7667,  1.00000000,1,0,0.0,0.5
2820.8000,  1.00000000,1,0,0.0,0.5
2820.8333,  1.00000000,1,0,0.0,0.5
2820.8667,  1.00000000,1,0,0.0,0.5
2820.9000,  1.00000000,1,0,0.0,0.5
2820.9333,  1.00000000,1,0,0.0,0.5
2820.9667,  1.00000000,1,0,0.0,0.5
2821.0000,  1.00000000,1,0,0.0,0.5
2821.0333,  1.00000000,1,0,0.0,0.5
2821.0667,  1.00000000,1,0,0.0,0.5
2821.1000,  1.00000000,1,0,0.0,0.5
2821.1333,  1.00000000,1,0,0.0,0.5
2821.1667,  1.00000000,1,0,0.0,0.5
2821.2000,  1.00000000,1,0,0.0,0.5
2821.2333,  1.00000000,1,0,0.0,0.5
2821.2667,  1.00000000,1,0,0.0,0.5
2821.3000,  1.00000000,1,0,0.0,0.5
2821.3333,  1.00000000,1,0,0.0,0.5
2821.3667,  1.00000000,1,0,0.0,0.5
2821.4000,  1.00000000,1,0,0.0,0.5
2821.4333,  1.00000000,1,0,0.0,0.5
2821.4667,  1.00000000,1,0,0.0,0.5
2821.5000,  1.00000000,1,0,0.0,0.5
2821.5333,  1.00000000,1,0,0.0,0.5
2821.5667,  1.00000000,1,0,0.0,0.5
2821.6000,  1.00000000,1,0,0.0,0.5
2821.6333,  1.00000000,1,0,0.0,0.5
2821.6667,  1.00000000,1,0,0.0,0.5
2821.7000,  1.00000000,1,0,0.0,0.5
2821.7333,  1.00000000,1,0,0.0,0.5
2821.7667,  1.00000000,1,0,0.0,0.5
2821.8000,  1.00000000,1,0,0.0,0.5
2821.8333,  1.00000000,1,0,0.0,0.5
2821.8667,  1.00000000,1,0,0.0,0.5
2821.9000,  1.00000000,1,0,0.0,0.5
2821.9333,  1.00000000,1,0,0.0,0.5
2821.9667,  1.00000000,1,0,0.0,0.5
2822.0000,  1.00000000,1,0,0.0,0.5
2822.0333,  1.00000000,1,0,0.0,0.5
2822.0667,  1.00000000,1,0,0.0,0.5
2822.1000,  1.00000000,1,0,0.0,0.5
2822.1333,  1.00000000,1,0,0.0,0.5
2822.1667,  1.00000000,1,0,0.0,0.5
2822.2000,  1.00000000,1,0,0.0,0.5
2822.2333,  1.00000000,1,0,0.0,0.5
2822.2667,  1.00000000,1,0,0.0,0.5
2822.3000,  1.00000000,1,0,0.0,0.5
2822.3333,  1.00000000,1,0,0.0,0.5
2822.3667,  1.00000000,1,0,0.0,0.5
2822.4000,  1.00000000,1,0,0.0,0.5
2822.4333,  1.00000000,1,0,0.0,0.5
2822.4667,  1.00000000,1,0,0.0,0.5
2822.5000,  1.00000000,1,0,0.0,0.5
2822.5333,  1.00000000,1,0,0.0,0.5
2822.5667,  1.00000000,1,0,0.0,0.5
2822.6000,  1.00000000,1,0,0.0,0.5
2822.6333,  1.00000000,1,0,0.0,0.5
2822.6667,  1.00000000,1,0,0.0,0.5
2822.7000,  1.00000000,1,0,0.0,0.5
2822.7333,  1.00000000,1,0,0.0,0.5
2822.7667,  1.00000000,1,0,0.0,0.5
2822.8000,  1.00000000,1,0,0.0,0.5
2822.8333,  1.00000000,1,0,0.0,0.5
2822.8667,  1.00000000,1,0,0.0,0.5
2822.9000,  1.00000000,1,0,0.0,0.5
2822.9333,  1.00000000,1,0,0.0,0.5
2822.9667,  1.00000000,1,0,0.0,0.5
2823.0000,  1.00000000,1,0,0.0,0.5
2823.0333,  1.00000000,1,0,0.0,0.5
2823.0667,  1.00000000,1,0,0.0,0.5
2823.1000,  1.00000000,1,0,0.0,0.5
2823.1333,  1.00000000,1,0,0.0,0.5
2823.1667,  1.00000000,1,0,0.0,0.5
2823.2000,  1.00000000,1,0,0.0,0.5
2823.2333,  1.00000000,1,0,0.0,0.5
2823.2667,  1.00000000,1,0,0.025000000000000001,0.5
2823.3000,  1.00000000,1,0,0.0,0.5
2823.3333,  1.00000000,1,0,0.0,0.5
2823.3667,  1.00000000,1,0,0.0,0.5
2823.4000,  1.00000000,1,0,0.0,0.5
2823.4333,  1.00000000,1,0,0.0,0.5
2823.4667,  1.00000000,1,0,0.0,0.5
2823.5000,  1.00000000,1,0,0.025000000000000001,0.5
2823.5333,  1.00000000,1,0,0.0,0.5
2823.5667,  1.00000000,1,0,0.0,0.5
2823.6000,  1.00000000,1,0,0.0,0.5
2823.6333,  1.00000000,1,0,0.0,0.5
2823.6667,  1.00000000,1,0,0.0,0.5
2823.7000,  1.00000000,1,0,0.0,0.5
2823.7333,  1.00000000,1,0,0.0,0.5
2823.7667,  1.00000000,1,0,0.0,0.5
2823.8000,  1.00000000,1,0,0.0,0.5
2823.8333,  1.00000000,1,0,0.0,0.5
2823.8667,  1.00000000,1,0,0.0,0.5
2823.9000,  1.00000000,1,0,0.0,0.5
2823.9333,  1.00000000,1,0,0.0,0.5
2823.9667,  1.00000000,1,0,0.0,0.5
2824.0000,  1.00000000,1,0,0.0,0.5
2824.0333,  1.00000000,1,0,0.0,0.5
2824.0667,  1.00000000,1,0,0.0,0.5
2824.1000,  1.00000000,1,0,0.0,0.5
2824.1333,  1.00000000,1,0,0.0,0.5
2824.1667,  1.00000000,1,0,0.0,0.5
2824.2000,  1.00000000,1,0,0.0,0.5
2824.2333,  1.00000000,1,0,0.0,0.5
2824.2667,  1.00000000,1,0,0.0,0.5
2824.3000,  1.00000000,1,0,0.0,0.5
2824.3333,  1.00000000,1,0,0.0,0.5
2824.3667,  1.00000000,1,0,0.0,0.5
2824.4000,  1.00000000,1,0,0.0,0.5
2824.4333,  1.00000000,1,0,0.0,0.5
2824.4667,  1.00000000,1,0,0.0,0.5
2824.5000,  1.00000000,1,0,0.0,0.5
2824.5333,  1.00000000,1,0,0.0,0.5
2824.5667,  1.00000000,1,0,0.0,0.5
2824.6000,  1.00000000,1,0,0.0,0.5
2824.6333,  1.00000000,1,0,0.0,0.5
2824.6667,  1.00000000,1,0,0.0,0.5
2824.7000,  1.00000000,1,0,0.0,0.5
2824.7333,  1.00000000,1,0,0.0,0.5
2824.7667,  1.00000000,1,0,0.0,0.5
2824.8000,  1.00000000,1,0,0.0,0.5
2824.8333,  1.00000000,1,0,0.0,0.5
2824.8667,  1.00000000,1,0,0.0,0.5
2824.9000,  1.00000000,1,0,0.0,0.5
2824.9333,  1.00000000,1,0,0.0,0.5
2824.9667,  1.00000000,1,0,0.0,0.5
2825.0000,  1.00000000,1,0,0.0,0.5
2825.0333,  1.00000000,1,0,0.0,0.5
2825.0667,  1.00000000,1,0,0.0,0.5
2825.1000,  1.00000000,1,0,0.0,0.5
2825.1333,  1.00000000,1,0,0.0,0.5
2825.1667,  1.00000000,1,0,0.0,0.5
2825.2000,  1.00000000,1,0,0.0,0.5
2825.2333,  1.00000000,1,0,0.0,0.5
2825.2667,  1.00000000,1,0,0.0,0.5
2825.3000,  1.00000000,1,0,0.0,0.5
2825.3333,  1.00000000,1,0,0.0,0.5
2825.3667,  1.00000000,1,0,0.0,0.5
2825.4000,  1.00000000,1,0,0.0,0.5
2825.4333,  1.00000000,1,0,0.0,0.5
2825.4667,  1.00000000,1,0,0.0,0.5
2825.5000,  1.00000000,1,0,0.0,0.5
2825.5333,  1.00000000,1,0,0.0,0.5
2825.5667,  1.00000000,1,0,0.0,0.5
2825.6000,  1.00000000,1,0,0.0,0.5
2825.6333,  1.00000000,1,0,0.0,0.5
2825.6667,  1.00000000,1,0,0.0,0.5
2825.7000,  1.00000000,1,0,0.0,0.5
2825.7333,  1.00000000,1,0,0.025000000000000001,0.5
2825.7667,  1.00000000,1,0,0.0,0.5
2825.8000,  1.00000000,1,0,0.0,0.5
2825.8333,  1.00000000,1,0,0.0,0.5
2825.8667,  1.00000000,1,0,0.0,0.5
2825.9000,  1.00000000,1,0,0.0,0.5
2825.9333,  1.00000000,1,0,0.0,0.5
2825.9667,  1.00000000,1,0,0.0,0.5
2826.0000,  1.00000000,1,0,0.0,0.5
2826.0333,  1.00000000,1,0,0.0,0.5
2826.0667,  1.00000000,1,0,0.0,0.5
2826.1000,  1.00000000,1,0,0.0,0.5
2826.1333,  1.00000000,1,0,0.0,0.5
2826.1667,  1.00000000,1,0,0.025000000000000001,0.5
2826.2000,  1.00000000,1,0,0.0,0.5
2826.2333,  1.00000000,1,0,0.0,0.5
2826.2667,  1.00000000,1,0,0.0,0.5
2826.3000,  1.00000000,1,0,0.0,0.5
2826.3333,  1.00000000,1,0,0.0,0.5
2826.3667,  1.00000000,1,0,0.0,0.5
2826.4000,  1.00000000,1,0,0.0,0.5
2826.4333,  1.00000000,1,0,0.025000000000000001,0.5
2826.4667,  1.00000000,1,0,0.0,0.5
2826.5000,  1.00000000,1,0,0.0,0.5
2826.5333,  1.00000000,1,0,0.0,0.5
2826.5667,  1.00000000,1,0,0.0,0.5
2826.6000,  1.00000000,1,0,0.0,0.5
2826.6333,  1.00000000,1,0,0.0,0.5
2826.6667,  1.00000000,1,0,0.0,0.5
2826.7000,  1.00000000,1,0,0.0,0.5
2826.7333,  1.00000000,1,0,0.0,0.5
2826.7667,  1.00000000,1,0,0.0,0.5
2826.8000,  1.00000000,1,0,0.0,0.5
2826.8333,  1.00000000,1,0,0.0,0.5
2826.8667,  1.00000000,1,0,0.0,0.5
2826.9000,  1.00000000,1,0,0.0,0.5
2826.9333,  1.00000000,1,0,0.0,0.5
2826.9667,  1.00000000,1,0,0.0,0.5
2827.0000,  1.00000000,1,0,0.0,0.5
2827.0333,  1.00000000,1,0,0.0,0.5
2827.0667,  1.00000000,1,0,0.0,0.5
2827.1000,  1.00000000,1,0,0.0,0.5
2827.1333,  1.00000000,1,0,0.0,0.5
2827.1667,  1.00000000,1,0,0.0,0.5
2827.2000,  1.00000000,1,0,0.0,0.5
2827.2333,  1.00000000,1,0,0.0,0.5
2827.2667,  1.00000000,1,0,0.0,0.5
2827.3000,  1.00000000,1,0,0.0,0.5
2827.3333,  1.00000000,1,0,0.0,0.5
2827.3667,  1.00000000,1,0,0.0,0.5
2827.4000,  1.00000000,1,0,0.0,0.5
2827.4333,  1.00000000,1,0,0.0,0.5
2827.4667,  1.00000000,1,0,0.0,0.5
2827.5000,  1.00000000,1,0,0.0,0.5
2827.5333,  1.00000000,1,0,0.0,0.5
2827.5667,  1.00000000,1,0,0.0,0.5
2827.6000,  1.00000000,1,0,0.0,0.5
2827.6333,  1.00000000,1,0,0.0,0.5
2827.6667,  1.00000000,1,0,0.0,0.5
2827.7000,  1.00000000,1,0,0.0,0.5
2827.7333,  1.00000000,1,0,0.0,0.5
2827.7667,  1.00000000,1,0,0.0,0.5
2827.8000,  1.00000000,1,0,0.0,0.5
2827.8333,  1.00000000,1,0,0.0,0.5
2827.8667,  1.00000000,1,0,0.0,0.5
2827.9000,  1.00000000,1,0,0.0,0.5
2827.9333,  1.00000000,1,0,0.0,0.5
2827.9667,  1.00000000,1,0,0.0,0.5
2828.0000,  1.00000000,1,0,0.0,0.5
2828.0333,  1.00000000,1,0,0.0,0.5
2828.0667,  1.00000000,1,0,0.0,0.5
2828.1000,  1.00000000,1,0,0.0,0.5
2828.1333,  1.00000000,1,0,0.0,0.5
2828.1667,  1.00000000,1,0,0.0,0.5
2828.2000,  1.00000000,1,0,0.0,0.5
2828.2333,  1.00000000,1,0,0.0,0.5
2828.2667,  1.00000000,1,0,0.0,0.5
2828.3000,  1.00000000,1,0,0.0,0.5
2828.3333,  1.00000000,1,0,0.0,0.5
2828.3667,  1.00000000,1,0,0.0,0.5
2828.4000,  1.00000000,1,0,0.025000000000000001,0.5
2828.4333,  1.00000000,1,0,0.025000000000000001,0.5
2828.4667,  1.00000000,1,0,0.0,0.5
2828.5000,  1.00000000,1,0,0.0,0.5
2828.5333,  1.00000000,1,0,0.0,0.5
2828.5667,  1.00000000,1,0,0.0,0.5
2828.6000,  1.00000000,1,0,0.0,0.5
2828.6333,  1.00000000,1,0,0.0,0.5
2828.6667,  1.00000000,1,0,0.0,0.5
2828.7000,  1.00000000,1,0,0.025000000000000001,0.5
2828.7333,  1.00000000,1,0,0.0,0.5
2828.7667,  1.00000000,1,0,0.0,0.5
2828.8000,  1.00000000,1,0,0.0,0.5
2828.8333,  1.00000000,1,0,0.0,0.5
2828.8667,  1.00000000,1,0,0.0,0.5
2828.9000,  1.00000000,1,0,0.0,0.5
2828.9333,  1.00000000,1,0,0.0,0.5
2828.9667,  1.00000000,1,0,0.0,0.5
2829.0000,  1.00000000,1,0,0.0,0.5
2829.0333,  1.00000000,1,0,0.0,0.5
2829.0667,  1.00000000,1,0,0.0,0.5
2829.1000,  1.00000000,1,0,0.0,0.5
2829.1333,  1.00000000,1,0,0.0,0.5
2829.1667,  1.00000000,1,0,0.0,0.5
2829.2000,  1.00000000,1,0,0.0,0.5
2829.2333,  1.00000000,1,0,0.0,0.5
2829.2667,  1.00000000,1,0,0.0,0.5
2829.3000,  1.00000000,1,0,0.0,0.5
2829.3333,  1.00000000,1,0,0.0,0.5
2829.3667,  1.00000000,1,0,0.0,0.5
2829.4000,  1.00000000,1,0,0.0,0.5
2829.4333,  1.00000000,1,0,0.0,0.5
2829.4667,  1.00000000,1,0,0.0,0.5
2829.5000,  1.00000000,1,0,0.0,0.5
2829.5333,  1.00000000,1,0,0.0,0.5
2829.5667,  1.00000000,1,0,0.0,0.5
2829.6000,  1.00000000,1,0,0.0,0.5
2829.6333,  1.00000000,1,0,0.0,0.5
2829.6667,  1.00000000,1,0,0.0,0.5
2829.7000,  1.00000000,1,0,0.0,0.5
2829.7333,  1.00000000,1,0,0.0,0.5
2829.7667,  1.00000000,1,0,0.0,0.5
2829.8000,  1.00000000,1,0,0.0,0.5
2829.8333,  1.00000000,1,0,0.0,0.5
2829.8667,  1.00000000,1,0,0.0,0.5
2829.9000,  1.00000000,1,0,0.0,0.5
2829.9333,  1.00000000,1,0,0.0,0.5
2829.9667,  1.00000000,1,0,0.0,0.5
2830.0000,  1.00000000,1,0,0.0,0.5
2830.0333,  1.00000000,1,0,0.0,0.5
2830.0667,  1.00000000,1,0,0.0,0.5
2830.1000,  1.00000000,1,0,0.0,0.5
2830.1333,  1.00000000,1,0,0.0,0.5
2830.1667,  1.00000000,1,0,0.0,0.5
2830.2000,  1.00000000,1,0,0.0,0.5
2830.2333,  1.00000000,1,0,0.0,0.5
2830.2667,  1.00000000,1,0,0.025000000000000001,0.5
2830.3000,  1.00000000,1,0,0.0,0.5
2830.3333,  1.00000000,1,0,0.0,0.5
2830.3667,  1.00000000,1,0,0.0,0.5
2830.4000,  1.00000000,1,0,0.0,0.5
2830.4333,  1.00000000,1,0,0.0,0.5
2830.4667,  1.00000000,1,0,0.0,0.5
2830.5000,  1.00000000,1,0,0.0,0.5
2830.5333,  1.00000000,1,0,0.0,0.5
2830.5667,  1.00000000,1,0,0.0,0.5
2830.6000,  1.00000000,1,0,0.0,0.5
2830.6333,  1.00000000,1,0,0.0,0.5
2830.6667,  1.00000000,1,0,0.0,0.5
2830.7000,  1.00000000,1,0,0.0,0.5
2830.7333,  1.00000000,1,0,0.0,0.5
2830.7667,  1.00000000,1,0,0.0,0.5
2830.8000,  1.00000000,1,0,0.0,0.5
2830.8333,  1.00000000,1,0,0.0,0.5
2830.8667,  1.00000000,1,0,0.0,0.5
2830.9000,  1.00000000,1,0,0.0,0.5
2830.9333,  1.00000000,1,0,0.0,0.5
2830.9667,  1.00000000,1,0,0.0,0.5
2831.0000,  1.00000000,1,0,0.0,0.5
2831.0333,  1.00000000,1,0,0.0,0.5
2831.0667,  1.00000000,1,0,0.0,0.5
2831.1000,  1.00000000,1,0,0.0,0.5
2831.1333,  1.00000000,1,0,0.0,0.5
2831.1667,  1.00000000,1,0,0.0,0.5
2831.2000,  1.00000000,1,0,0.0,0.5
2831.2333,  1.00000000,1,0,0.0,0.5
2831.2667,  1.00000000,1,0,0.0,0.5
2831.3000,  1.00000000,1,0,0.0,0.5
2831.3333,  1.00000000,1,0,0.0,0.5
2831.3667,  1.00000000,1,0,0.0,0.5
2831.4000,  1.00000000,1,0,0.0,0.5
2831.4333,  1.00000000,1,0,0.0,0.5
2831.4667,  1.00000000,1,0,0.0,0.5
2831.5000,  1.00000000,1,0,0.0,0.5
2831.5333,  1.00000000,1,0,0.0,0.5
2831.5667,  1.00000000,1,0,0.0,0.5
2831.6000,  1.00000000,1,0,0.0,0.5
2831.6333,  1.00000000,1,0,0.0,0.5
2831.6667,  1.00000000,1,0,0.0,0.5
2831.7000,  1.00000000,1,0,0.0,0.5
2831.7333,  1.00000000,1,0,0.0,0.5
2831.7667,  1.00000000,1,0,0.0,0.5
2831.8000,  1.00000000,1,0,0.0,0.5
2831.8333,  1.00000000,1,0,0.0,0.5
2831.8667,  1.00000000,1,0,0.0,0.5
2831.9000,  1.00000000,1,0,0.0,0.5
2831.9333,  1.00000000,1,0,0.0,0.5
2831.9667,  1.00000000,1,0,0.0,0.5
2832.0000,  1.00000000,1,0,0.0,0.5
2832.0333,  1.00000000,1,0,0.0,0.5
2832.0667,  1.00000000,1,0,0.0,0.5
2832.1000,  1.00000000,1,0,0.0,0.5
2832.1333,  1.00000000,1,0,0.0,0.5
2832.1667,  1.00000000,1,0,0.0,0.5
2832.2000,  1.00000000,1,0,0.0,0.5
2832.2333,  1.00000000,1,0,0.0,0.5
2832.2667,  1.00000000,1,0,0.0,0.5
2832.3000,  1.00000000,1,0,0.0,0.5
2832.3333,  1.00000000,1,0,0.0,0.5
2832.3667,  1.00000000,1,0,0.0,0.5
2832.4000,  1.00000000,1,0,0.0,0.5
2832.4333,  1.00000000,1,0,0.0,0.5
2832.4667,  1.00000000,1,0,0.025000000000000001,0.5
2832.5000,  1.00000000,1,0,0.0,0.5
2832.5333,  1.00000000,1,0,0.0,0.5
2832.5667,  1.00000000,1,0,0.0,0.5
2832.6000,  1.00000000,1,0,0.0,0.5
2832.6333,  1.00000000,1,0,0.0,0.5
2832.6667,  1.00000000,1,0,0.0,0.5
2832.7000,  1.00000000,1,0,0.0,0.5
2832.7333,  1.00000000,1,0,0.0,0.5
2832.7667,  1.00000000,1,0,0.0,0.5
2832.8000,  1.00000000,1,0,0.0,0.5
2832.8333,  1.00000000,1,0,0.0,0.5
2832.8667,  1.00000000,1,0,0.0,0.5
2832.9000,  1.00000000,1,0,0.0,0.5
2832.9333,  1.00000000,1,0,0.0,0.5
2832.9667,  1.00000000,1,0,0.0,0.5
2833.0000,  1.00000000,1,0,0.0,0.5
2833.0333,  1.00000000,1,0,0.0,0.5
2833.0667,  1.00000000,1,0,0.0,0.5
2833.1000,  1.00000000,1,0,0.0,0.5
2833.1333,  1.00000000,1,0,0.0,0.5
2833.1667,  1.00000000,1,0,0.0,0.5
2833.2000,  1.00000000,1,0,0.0,0.5
2833.2333,  1.00000000,1,0,0.0,0.5
2833.2667,  1.00000000,1,0,0.0,0.5
2833.3000,  1.00000000,1,0,0.0,0.5
2833.3333,  1.00000000,1,0,0.0,0.5
2833.3667,  1.00000000,1,0,0.0,0.5
2833.4000,  1.00000000,1,0,0.0,0.5
2833.4333,  1.00000000,1,0,0.0,0.5
2833.4667,  1.00000000,1,0,0.0,0.5
2833.5000,  1.00000000,1,0,0.0,0.5
2833.5333,  1.00000000,1,0,0.0,0.5
2833.5667,  1.00000000,1,0,0.0,0.5
2833.6000,  1.00000000,1,0,0.0,0.5
2833.6333,  1.00000000,1,0,0.0,0.5
2833.6667,  1.00000000,1,0,0.0,0.5
2833.7000,  1.00000000,1,0,0.0,0.5
2833.7333,  1.00000000,1,0,0.0,0.5
2833.7667,  1.00000000,1,0,0.0,0.5
2833.8000,  1.00000000,1,0,0.0,0.5
2833.8333,  1.00000000,1,0,0.0,0.5
2833.8667,  1.00000000,1,0,0.0,0.5
2833.9000,  1.00000000,1,0,0.0,0.5
2833.9333,  1.00000000,1,0,0.0,0.5
2833.9667,  1.00000000,1,0,0.0,0.5
2834.0000,  1.00000000,1,0,0.0,0.5
2834.0333,  1.00000000,1,0,0.0,0.5
2834.0667,  1.00000000,1,0,0.0,0.5
2834.1000,  1.00000000,1,0,0.0,0.5
2834.1333,  1.00000000,1,0,0.0,0.5
2834.1667,  1.00000000,1,0,0.0,0.5
2834.2000,  1.00000000,1,0,0.0,0.5
2834.2333,  1.00000000,1,0,0.0,0.5
2834.2667,  1.00000000,1,0,0.0,0.5
2834.3000,  1.00000000,1,0,0.0,0.5
2834.3333,  1.00000000,1,0,0.0,0.5
2834.3667,  1.00000000,1,0,0.0,0.5
2834.4000,  1.00000000,1,0,0.0,0.5
2834.4333,  1.00000000,1,0,0.0,0.5
2834.4667,  1.00000000,1,0,0.0,0.5
2834.5000,  1.00000000,1,0,0.0,0.5
2834.5333,  1.00000000,1,0,0.0,0.5
2834.5667,  1.00000000,1,0,0.0,0.5
2834.6000,  1.00000000,1,0,0.0,0.5
2834.6333,  1.00000000,1,0,0.0,0.5
2834.6667,  1.00000000,1,0,0.0,0.5
2834.7000,  1.00000000,1,0,0.0,0.5
2834.7333,  1.00000000,1,0,0.0,0.5
2834.7667,  1.00000000,1,0,0.0,0.5
2834.8000,  1.00000000,1,0,0.0,0.5
2834.8333,  1.00000000,1,0,0.0,0.5
2834.8667,  1.00000000,1,0,0.0,0.5
2834.9000,  1.00000000,1,0,0.0,0.5
2834.9333,  1.00000000,1,0,0.0,0.5
2834.9667,  1.00000000,1,0,0.0,0.5
2835.0000,  1.00000000,1,0,0.0,0.5
2835.0333,  1.00000000,1,0,0.0,0.5
2835.0667,  1.00000000,1,0,0.025000000000000001,0.5
2835.1000,  1.00000000,1,0,0.0,0.5
2835.1333,  1.00000000,1,0,0.0,0.5
2835.1667,  1.00000000,1,0,0.0,0.5
2835.2000,  1.00000000,1,0,0.0,0.5
2835.2333,  1.00000000,1,0,0.0,0.5
2835.2667,  1.00000000,1,0,0.0,0.5
2835.3000,  1.00000000,1,0,0.0,0.5
2835.3333,  1.00000000,1,0,0.0,0.5
2835.3667,  1.00000000,1,0,0.025000000000000001,0.5
2835.4000,  1.00000000,1,0,0.0,0.5
2835.4333,  1.00000000,1,0,0.0,0.5
2835.4667,  1.00000000,1,0,0.0,0.5
2835.5000,  1.00000000,1,0,0.0,0.5
2835.5333,  1.00000000,1,0,0.0,0.5
2835.5667,  1.00000000,1,0,0.0,0.5
2835.6000,  1.00000000,1,0,0.0,0.5
2835.6333,  1.00000000,1,0,0.0,0.5
2835.6667,  1.00000000,1,0,0.0,0.5
2835.7000,  1.00000000,1,0,0.0,0.5
2835.7333,  1.00000000,1,0,0.0,0.5
2835.7667,  1.00000000,1,0,0.0,0.5
2835.8000,  1.00000000,1,0,0.0,0.5
2835.8333,  1.00000000,1,0,0.0,0.5
2835.8667,  1.00000000,1,0,0.0,0.5
2835.9000,  1.00000000,1,0,0.025000000000000001,0.5
2835.9333,  1.00000000,1,0,0.0,0.5
2835.9667,  1.00000000,1,0,0.0,0.5
2836.0000,  1.00000000,1,0,0.0,0.5
2836.0333,  1.00000000,1,0,0.0,0.5
2836.0667,  1.00000000,1,0,0.0,0.5
2836.1000,  1.00000000,1,0,0.0,0.5
2836.1333,  1.00000000,1,0,0.0,0.5
2836.1667,  1.00000000,1,0,0.0,0.5
2836.2000,  1.00000000,1,0,0.0,0.5
2836.2333,  1.00000000,1,0,0.0,0.5
2836.2667,  1.00000000,1,0,0.0,0.5
2836.3000,  1.00000000,1,0,0.0,0.5
2836.3333,  1.00000000,1,0,0.0,0.5
2836.3667,  1.00000000,1,0,0.0,0.5
2836.4000,  1.00000000,1,0,0.0,0.5
2836.4333,  1.00000000,1,0,0.0,0.5
2836.4667,  1.00000000,1,0,0.0,0.5
2836.5000,  1.00000000,1,0,0.0,0.5
2836.5333,  1.00000000,1,0,0.0,0.5
2836.5667,  1.00000000,1,0,0.0,0.5
2836.6000,  1.00000000,1,0,0.0,0.5
2836.6333,  1.00000000,1,0,0.0,0.5
2836.6667,  1.00000000,1,0,0.0,0.5
2836.7000,  1.00000000,1,0,0.0,0.5
2836.7333,  1.00000000,1,0,0.0,0.5
2836.7667,  1.00000000,1,0,0.0,0.5
2836.8000,  1.00000000,1,0,0.0,0.5
2836.8333,  1.00000000,1,0,0.0,0.5
2836.8667,  1.00000000,1,0,0.0,0.5
2836.9000,  1.00000000,1,0,0.0,0.5
2836.9333,  1.00000000,1,0,0.0,0.5
2836.9667,  1.00000000,1,0,0.0,0.5
2837.0000,  1.00000000,1,0,0.0,0.5
2837.0333,  1.00000000,1,0,0.0,0.5
2837.0667,  1.00000000,1,0,0.0,0.5
2837.1000,  1.00000000,1,0,0.0,0.5
2837.1333,  1.00000000,1,0,0.0,0.5
2837.1667,  1.00000000,1,0,0.0,0.5
2837.2000,  1.00000000,1,0,0.0,0.5
2837.2333,  1.00000000,1,0,0.0,0.5
2837.2667,  1.00000000,1,0,0.0,0.5
2837.3000,  1.00000000,1,0,0.0,0.5
2837.3333,  1.00000000,1,0,0.0,0.5
2837.3667,  1.00000000,1,0,0.0,0.5
2837.4000,  1.00000000,1,0,0.0,0.5
2837.4333,  1.00000000,1,0,0.0,0.5
2837.4667,  1.00000000,1,0,0.0,0.5
2837.5000,  1.00000000,1,0,0.0,0.5
2837.5333,  1.00000000,1,0,0.0,0.5
2837.5667,  1.00000000,1,0,0.0,0.5
2837.6000,  1.00000000,1,0,0.0,0.5
2837.6333,  1.00000000,1,0,0.0,0.5
2837.6667,  1.00000000,1,0,0.0,0.5
2837.7000,  1.00000000,1,0,0.0,0.5
2837.7333,  1.00000000,1,0,0.0,0.5
2837.7667,  1.00000000,1,0,0.0,0.5
2837.8000,  1.00000000,1,0,0.0,0.5
2837.8333,  1.00000000,1,0,0.0,0.5
2837.8667,  1.00000000,1,0,0.0,0.5
2837.9000,  1.00000000,1,0,0.0,0.5
2837.9333,  1.00000000,1,0,0.0,0.5
2837.9667,  1.00000000,1,0,0.0,0.5
2838.0000,  1.00000000,1,0,0.0,0.5
2838.0333,  1.00000000,1,0,0.0,0.5
2838.0667,  1.00000000,1,0,0.0,0.5
2838.1000,  1.00000000,1,0,0.0,0.5
2838.1333,  1.00000000,1,0,0.0,0.5
2838.1667,  1.00000000,1,0,0.0,0.5
2838.2000,  1.00000000,1,0,0.0,0.5
2838.2333,  1.00000000,1,0,0.0,0.5
2838.2667,  1.00000000,1,0,0.0,0.5
2838.3000,  1.00000000,1,0,0.0,0.5
2838.3333,  1.00000000,1,0,0.0,0.5
2838.3667,  1.00000000,1,0,0.0,0.5
2838.4000,  1.00000000,1,0,0.0,0.5
2838.4333,  1.00000000,1,0,0.0,0.5
2838.4667,  1.00000000,1,0,0.0,0.5
2838.5000,  1.00000000,1,0,0.0,0.5
2838.5333,  1.00000000,1,0,0.0,0.5
2838.5667,  1.00000000,1,0,0.0,0.5
2838.6000,  1.00000000,1,0,0.0,0.5
2838.6333,  1.00000000,1,0,0.0,0.5
2838.6667,  1.00000000,1,0,0.0,0.5
2838.7000,  1.00000000,1,0,0.0,0.5
2838.7333,  1.00000000,1,0,0.0,0.5
2838.7667,  1.00000000,1,0,0.0,0.5
2838.8000,  1.00000000,1,0,0.0,0.5
2838.8333,  1.00000000,1,0,0.0,0.5
2838.8667,  1.00000000,1,0,0.0,0.5
2838.9000,  1.00000000,1,0,0.0,0.5
2838.9333,  1.00000000,1,0,0.0,0.5
2838.9667,  1.00000000,1,0,0.0,0.5
2839.0000,  1.00000000,1,0,0.0,0.5
2839.0333,  1.00000000,1,0,0.0,0.5
2839.0667,  1.00000000,1,0,0.0,0.5
2839.1000,  1.00000000,1,0,0.0,0.5
2839.1333,  1.00000000,1,0,0.0,0.5
2839.1667,  1.00000000,1,0,0.0,0.5
2839.2000,  1.00000000,1,0,0.0,0.5
2839.2333,  1.00000000,1,0,0.0,0.5
2839.2667,  1.00000000,1,0,0.0,0.5
2839.3000,  1.00000000,1,0,0.0,0.5
2839.3333,  1.00000000,1,0,0.0,0.5
2839.3667,  1.00000000,1,0,0.0,0.5
2839.4000,  1.00000000,1,0,0.0,0.5
2839.4333,  1.00000000,1,0,0.0,0.5
2839.4667,  1.00000000,1,0,0.0,0.5
2839.5000,  1.00000000,1,0,0.0,0.5
2839.5333,  1.00000000,1,0,0.0,0.5
2839.5667,  1.00000000,1,0,0.0,0.5
2839.6000,  1.00000000,1,0,0.0,0.5
2839.6333,  1.00000000,1,0,0.0,0.5
2839.6667,  1.00000000,1,0,0.0,0.5
2839.7000,  1.00000000,1,0,0.0,0.5
2839.7333,  1.00000000,1,0,0.0,0.5
2839.7667,  1.00000000,1,0,0.0,0.5
2839.8000,  1.00000000,1,0,0.0,0.5
2839.8333,  1.00000000,1,0,0.0,0.5
2839.8667,  1.00000000,1,0,0.0,0.5
2839.9000,  1.00000000,1,0,0.0,0.5
2839.9333,  1.00000000,1,0,0.0,0.5
2839.9667,  1.00000000,1,0,0.0,0.5
2840.0000,  1.00000000,1,0,0.0,0.5
2840.0333,  1.00000000,1,0,0.0,0.5
2840.0667,  1.00000000,1,0,0.0,0.5
2840.1000,  1.00000000,1,0,0.0,0.5
2840.1333,  1.00000000,1,0,0.0,0.5
2840.1667,  1.00000000,1,0,0.0,0.5
2840.2000,  1.00000000,1,0,0.0,0.5
2840.2333,  1.00000000,1,0,0.0,0.5
2840.2667,  1.00000000,1,0,0.0,0.5
2840.3000,  1.00000000,1,0,0.0,0.5
2840.3333,  1.00000000,1,0,0.0,0.5
2840.3667,  1.00000000,1,0,0.0,0.5
2840.4000,  1.00000000,1,0,0.0,0.5
2840.4333,  1.00000000,1,0,0.0,0.5
2840.4667,  1.00000000,1,0,0.0,0.5
2840.5000,  1.00000000,1,0,0.0,0.5
2840.5333,  1.00000000,1,0,0.0,0.5
2840.5667,  1.00000000,1,0,0.0,0.5
2840.6000,  1.00000000,1,0,0.0,0.5
2840.6333,  1.00000000,1,0,0.0,0.5
2840.6667,  1.00000000,1,0,0.0,0.5
2840.7000,  1.00000000,1,0,0.0,0.5
2840.7333,  1.00000000,1,0,0.0,0.5
2840.7667,  1.00000000,1,0,0.0,0.5
2840.8000,  1.00000000,1,0,0.0,0.5
2840.8333,  1.00000000,1,0,0.0,0.5
2840.8667,  1.00000000,1,0,0.0,0.5
2840.9000,  1.00000000,1,0,0.0,0.5
2840.9333,  1.00000000,1,0,0.0,0.5
2840.9667,  1.00000000,1,0,0.025000000000000001,0.5
2841.0000,  1.00000000,1,0,0.0,0.5
2841.0333,  1.00000000,1,0,0.0,0.5
2841.0667,  1.00000000,1,0,0.0,0.5
2841.1000,  1.00000000,1,0,0.0,0.5
2841.1333,  1.00000000,1,0,0.0,0.5
2841.1667,  1.00000000,1,0,0.0,0.5
2841.2000,  1.00000000,1,0,0.0,0.5
2841.2333,  1.00000000,1,0,0.0,0.5
2841.2667,  1.00000000,1,0,0.0,0.5
2841.3000,  1.00000000,1,0,0.0,0.5
2841.3333,  1.00000000,1,0,0.0,0.5
2841.3667,  1.00000000,1,0,0.0,0.5
2841.4000,  1.00000000,1,0,0.0,0.5
2841.4333,  1.00000000,1,0,0.0,0.5
2841.4667,  1.00000000,1,0,0.0,0.5
2841.5000,  1.00000000,1,0,0.0,0.5
2841.5333,  1.00000000,1,0,0.0,0.5
2841.5667,  1.00000000,1,0,0.0,0.5
2841.6000,  1.00000000,1,0,0.0,0.5
2841.6333,  1.00000000,1,0,0.0,0.5
2841.6667,  1.00000000,1,0,0.0,0.5
2841.7000,  1.00000000,1,0,0.0,0.5
2841.7333,  1.00000000,1,0,0.0,0.5
2841.7667,  1.00000000,1,0,0.0,0.5
2841.8000,  1.00000000,1,0,0.0,0.5
2841.8333,  1.00000000,1,0,0.0,0.5
2841.8667,  1.00000000,1,0,0.0,0.5
2841.9000,  1.00000000,1,0,0.0,0.5
2841.9333,  1.00000000,1,0,0.0,0.5
2841.9667,  1.00000000,1,0,0.0,0.5
2842.0000,  1.00000000,1,0,0.0,0.5
2842.0333,  1.00000000,1,0,0.0,0.5
2842.0667,  1.00000000,1,0,0.0,0.5
2842.1000,  1.00000000,1,0,0.0,0.5
2842.1333,  1.00000000,1,0,0.025000000000000001,0.5
2842.1667,  1.00000000,1,0,0.0,0.5
2842.2000,  1.00000000,1,0,0.0,0.5
2842.2333,  1.00000000,1,0,0.0,0.5
2842.2667,  1.00000000,1,0,0.0,0.5
2842.3000,  1.00000000,1,0,0.0,0.5
2842.3333,  1.00000000,1,0,0.0,0.5
2842.3667,  1.00000000,1,0,0.0,0.5
2842.4000,  1.00000000,1,0,0.0,0.5
2842.4333,  1.00000000,1,0,0.0,0.5
2842.4667,  1.00000000,1,0,0.0,0.5
2842.5000,  1.00000000,1,0,0.0,0.5
2842.5333,  1.00000000,1,0,0.0,0.5
2842.5667,  1.00000000,1,0,0.0,0.5
2842.6000,  1.00000000,1,0,0.0,0.5
2842.6333,  1.00000000,1,0,0.0,0.5
2842.6667,  1.00000000,1,0,0.0,0.5
2842.7000,  1.00000000,1,0,0.0,0.5
2842.7333,  1.00000000,1,0,0.0,0.5
2842.7667,  1.00000000,1,0,0.0,0.5
2842.8000,  1.00000000,1,0,0.0,0.5
2842.8333,  1.00000000,1,0,0.0,0.5
2842.8667,  1.00000000,1,0,0.0,0.5
2842.9000,  1.00000000,1,0,0.0,0.5
2842.9333,  1.00000000,1,0,0.0,0.5
2842.9667,  1.00000000,1,0,0.0,0.5
2843.0000,  1.00000000,1,0,0.0,0.5
2843.0333,  1.00000000,1,0,0.0,0.5
2843.0667,  1.00000000,1,0,0.0,0.5
2843.1000,  1.00000000,1,0,0.0,0.5
2843.1333,  1.00000000,1,0,0.0,0.5
2843.1667,  1.00000000,1,0,0.0,0.5
2843.2000,  1.00000000,1,0,0.025000000000000001,0.5
2843.2333,  1.00000000,1,0,0.0,0.5
2843.2667,  1.00000000,1,0,0.0,0.5
2843.3000,  1.00000000,1,0,0.0,0.5
2843.3333,  1.00000000,1,0,0.0,0.5
2843.3667,  1.00000000,1,0,0.0,0.5
2843.4000,  1.00000000,1,0,0.0,0.5
2843.4333,  1.00000000,1,0,0.0,0.5
2843.4667,  1.00000000,1,0,0.0,0.5
2843.5000,  1.00000000,1,0,0.0,0.5
2843.5333,  1.00000000,1,0,0.0,0.5
2843.5667,  1.00000000,1,0,0.0,0.5
2843.6000,  1.00000000,1,0,0.0,0.5
2843.6333,  1.00000000,1,0,0.0,0.5
2843.6667,  1.00000000,1,0,0.0,0.5
2843.7000,  1.00000000,1,0,0.0,0.5
2843.7333,  1.00000000,1,0,0.0,0.5
2843.7667,  1.00000000,1,0,0.0,0.5
2843.8000,  1.00000000,1,0,0.0,0.5
2843.8333,  1.00000000,1,0,0.0,0.5
2843.8667,  1.00000000,1,0,0.0,0.5
2843.9000,  1.00000000,1,0,0.0,0.5
2843.9333,  1.00000000,1,0,0.0,0.5
2843.9667,  1.00000000,1,0,0.0,0.5
2844.0000,  1.00000000,1,0,0.0,0.5
2844.0333,  1.00000000,1,0,0.0,0.5
2844.0667,  1.00000000,1,0,0.0,0.5
2844.1000,  1.00000000,1,0,0.0,0.5
2844.1333,  1.00000000,1,0,0.0,0.5
2844.1667,  1.00000000,1,0,0.0,0.5
2844.2000,  1.00000000,1,0,0.0,0.5
2844.2333,  1.00000000,1,0,0.0,0.5
2844.2667,  1.00000000,1,0,0.025000000000000001,0.5
2844.3000,  1.00000000,1,0,0.0,0.5
2844.3333,  1.00000000,1,0,0.0,0.5
2844.3667,  1.00000000,1,0,0.0,0.5
2844.4000,  1.00000000,1,0,0.0,0.5
2844.4333,  1.00000000,1,0,0.0,0.5
2844.4667,  1.00000000,1,0,0.0,0.5
2844.5000,  1.00000000,1,0,0.0,0.5
2844.5333,  1.00000000,1,0,0.0,0.5
2844.5667,  1.00000000,1,0,0.0,0.5
2844.6000,  1.00000000,1,0,0.0,0.5
2844.6333,  1.00000000,1,0,0.0,0.5
2844.6667,  1.00000000,1,0,0.0,0.5
2844.7000,  1.00000000,1,0,0.0,0.5
2844.7333,  1.00000000,1,0,0.0,0.5
2844.7667,  1.00000000,1,0,0.0,0.5
2844.8000,  1.00000000,1,0,0.0,0.5
2844.8333,  1.00000000,1,0,0.0,0.5
2844.8667,  1.00000000,1,0,0.0,0.5
2844.9000,  1.00000000,1,0,0.0,0.5
2844.9333,  1.00000000,1,0,0.0,0.5
2844.9667,  1.00000000,1,0,0.0,0.5
2845.0000,  1.00000000,1,0,0.0,0.5
2845.0333,  1.00000000,1,0,0.0,0.5
2845.0667,  1.00000000,1,0,0.0,0.5
2845.1000,  1.00000000,1,0,0.0,0.5
2845.1333,  1.00000000,1,0,0.0,0.5
2845.1667,  1.00000000,1,0,0.0,0.5
2845.2000,  1.00000000,1,0,0.0,0.5
2845.2333,  1.00000000,1,0,0.0,0.5
2845.2667,  1.00000000,1,0,0.0,0.5
2845.3000,  1.00000000,1,0,0.0,0.5
2845.3333,  1.00000000,1,0,0.0,0.5
2845.3667,  1.00000000,1,0,0.0,0.5
2845.4000,  1.00000000,1,0,0.0,0.5
2845.4333,  1.00000000,1,0,0.0,0.5
2845.4667,  1.00000000,1,0,0.0,0.5
2845.5000,  1.00000000,1,0,0.0,0.5
2845.5333,  1.00000000,1,0,0.0,0.5
2845.5667,  1.00000000,1,0,0.0,0.5
2845.6000,  1.00000000,1,0,0.0,0.5
2845.6333,  1.00000000,1,0,0.0,0.5
2845.6667,  1.00000000,1,0,0.025000000000000001,0.5
2845.7000,  1.00000000,1,0,0.0,0.5
2845.7333,  1.00000000,1,0,0.0,0.5
2845.7667,  1.00000000,1,0,0.0,0.5
2845.8000,  1.00000000,1,0,0.0,0.5
2845.8333,  1.00000000,1,0,0.0,0.5
2845.8667,  1.00000000,1,0,0.0,0.5
2845.9000,  1.00000000,1,0,0.0,0.5
2845.9333,  1.00000000,1,0,0.0,0.5
2845.9667,  1.00000000,1,0,0.0,0.5
2846.0000,  1.00000000,1,0,0.0,0.5
2846.0333,  1.00000000,1,0,0.0,0.5
2846.0667,  1.00000000,1,0,0.0,0.5
2846.1000,  1.00000000,1,0,0.0,0.5
2846.1333,  1.00000000,1,0,0.0,0.5
2846.1667,  1.00000000,1,0,0.0,0.5
2846.2000,  1.00000000,1,0,0.0,0.5
2846.2333,  1.00000000,1,0,0.0,0.5
2846.2667,  1.00000000,1,0,0.0,0.5
2846.3000,  1.00000000,1,0,0.0,0.5
2846.3333,  1.00000000,1,0,0.0,0.5
2846.3667,  1.00000000,1,0,0.0,0.5
2846.4000,  1.00000000,1,0,0.0,0.5
2846.4333,  1.00000000,1,0,0.0,0.5
2846.4667,  1.00000000,1,0,0.0,0.5
2846.5000,  1.00000000,1,0,0.0,0.5
2846.5333,  1.00000000,1,0,0.0,0.5
2846.5667,  1.00000000,1,0,0.0,0.5
2846.6000,  1.00000000,1,0,0.0,0.5
2846.6333,  1.00000000,1,0,0.0,0.5
2846.6667,  1.00000000,1,0,0.0,0.5
2846.7000,  1.00000000,1,0,0.0,0.5
2846.7333,  1.00000000,1,0,0.0,0.5
2846.7667,  1.00000000,1,0,0.0,0.5
2846.8000,  1.00000000,1,0,0.0,0.5
2846.8333,  1.00000000,1,0,0.0,0.5
2846.8667,  1.00000000,1,0,0.0,0.5
2846.9000,  1.00000000,1,0,0.0,0.5
2846.9333,  1.00000000,1,0,0.0,0.5
2846.9667,  1.00000000,1,0,0.0,0.5
2847.0000,  1.00000000,1,0,0.025000000000000001,0.5
2847.0333,  1.00000000,1,0,0.0,0.5
2847.0667,  1.00000000,1,0,0.0,0.5
2847.1000,  1.00000000,1,0,0.0,0.5
2847.1333,  1.00000000,1,0,0.0,0.5
2847.1667,  1.00000000,1,0,0.0,0.5
2847.2000,  1.00000000,1,0,0.0,0.5
2847.2333,  1.00000000,1,0,0.0,0.5
2847.2667,  1.00000000,1,0,0.0,0.5
2847.3000,  1.00000000,1,0,0.0,0.5
2847.3333,  1.00000000,1,0,0.0,0.5
2847.3667,  1.00000000,1,0,0.0,0.5
2847.4000,  1.00000000,1,0,0.0,0.5
2847.4333,  1.00000000,1,0,0.0,0.5
2847.4667,  1.00000000,1,0,0.0,0.5
2847.5000,  1.00000000,1,0,0.0,0.5
2847.5333,  1.00000000,1,0,0.0,0.5
2847.5667,  1.00000000,1,0,0.0,0.5
2847.6000,  1.00000000,1,0,0.0,0.5
2847.6333,  1.00000000,1,0,0.0,0.5
2847.6667,  1.00000000,1,0,0.025000000000000001,0.5
2847.7000,  1.00000000,1,0,0.0,0.5
2847.7333,  1.00000000,1,0,0.0,0.5
2847.7667,  1.00000000,1,0,0.0,0.5
2847.8000,  1.00000000,1,0,0.0,0.5
2847.8333,  1.00000000,1,0,0.0,0.5
2847.8667,  1.00000000,1,0,0.0,0.5
2847.9000,  1.00000000,1,0,0.0,0.5
2847.9333,  1.00000000,1,0,0.0,0.5
2847.9667,  1.00000000,1,0,0.0,0.5
2848.0000,  1.00000000,1,0,0.0,0.5
2848.0333,  1.00000000,1,0,0.0,0.5
2848.0667,  1.00000000,1,0,0.0,0.5
2848.1000,  1.00000000,1,0,0.0,0.5
2848.1333,  1.00000000,1,0,0.0,0.5
2848.1667,  1.00000000,1,0,0.0,0.5
2848.2000,  1.00000000,1,0,0.0,0.5
2848.2333,  1.00000000,1,0,0.0,0.5
2848.2667,  1.00000000,1,0,0.0,0.5
2848.3000,  1.00000000,1,0,0.0,0.5
2848.3333,  1.00000000,1,0,0.0,0.5
2848.3667,  1.00000000,1,0,0.0,0.5
2848.4000,  1.00000000,1,0,0.0,0.5
2848.4333,  1.00000000,1,0,0.0,0.5
2848.4667,  1.00000000,1,0,0.0,0.5
2848.5000,  1.00000000,1,0,0.0,0.5
2848.5333,  1.00000000,1,0,0.0,0.5
2848.5667,  1.00000000,1,0,0.0,0.5
2848.6000,  1.00000000,1,0,0.0,0.5
2848.6333,  1.00000000,1,0,0.0,0.5
2848.6667,  1.00000000,1,0,0.0,0.5
2848.7000,  1.00000000,1,0,0.0,0.5
2848.7333,  1.00000000,1,0,0.0,0.5
2848.7667,  1.00000000,1,0,0.0,0.5
2848.8000,  1.00000000,1,0,0.0,0.5
2848.8333,  1.00000000,1,0,0.0,0.5
2848.8667,  1.00000000,1,0,0.0,0.5
2848.9000,  1.00000000,1,0,0.0,0.5
2848.9333,  1.00000000,1,0,0.0,0.5
2848.9667,  1.00000000,1,0,0.0,0.5
2849.0000,  1.00000000,1,0,0.0,0.5
2849.0333,  1.00000000,1,0,0.0,0.5
2849.0667,  1.00000000,1,0,0.0,0.5
2849.1000,  1.00000000,1,0,0.025000000000000001,0.5
2849.1333,  1.00000000,1,0,0.0,0.5
2849.1667,  1.00000000,1,0,0.0,0.5
2849.2000,  1.00000000,1,0,0.0,0.5
2849.2333,  1.00000000,1,0,0.0,0.5
2849.2667,  1.00000000,1,0,0.0,0.5
2849.3000,  1.00000000,1,0,0.0,0.5
2849.3333,  1.00000000,1,0,0.0,0.5
2849.3667,  1.00000000,1,0,0.0,0.5
2849.4000,  1.00000000,1,0,0.0,0.5
2849.4333,  1.00000000,1,0,0.0,0.5
2849.4667,  1.00000000,1,0,0.0,0.5
2849.5000,  1.00000000,1,0,0.0,0.5
2849.5333,  1.00000000,1,0,0.0,0.5
2849.5667,  1.00000000,1,0,0.0,0.5
2849.6000,  1.00000000,1,0,0.0,0.5
2849.6333,  1.00000000,1,0,0.0,0.5
2849.6667,  1.00000000,1,0,0.0,0.5
2849.7000,  1.00000000,1,0,0.0,0.5
2849.7333,  1.00000000,1,0,0.0,0.5
2849.7667,  1.00000000,1,0,0.0,0.5
2849.8000,  1.00000000,1,0,0.0,0.5
2849.8333,  1.00000000,1,0,0.0,0.5
2849.8667,  1.00000000,1,0,0.0,0.5
2849.9000,  1.00000000,1,0,0.0,0.5
2849.9333,  1.00000000,1,0,0.0,0.5
2849.9667,  1.00000000,1,0,0.0,0.5
2850.0000,  1.00000000,1,0,0.0,0.5
2850.0333,  1.00000000,1,0,0.0,0.5
2850.0667,  1.00000000,1,0,0.0,0.5
2850.1000,  1.00000000,1,0,0.0,0.5
2850.1333,  1.00000000,1,0,0.0,0.5
2850.1667,  1.00000000,1,0,0.0,0.5
2850.2000,  1.00000000,1,0,0.0,0.5
2850.2333,  1.00000000,1,0,0.0,0.5
2850.2667,  1.00000000,1,0,0.0,0.5
2850.3000,  1.00000000,1,0,0.0,0.5
2850.3333,  1.00000000,1,0,0.0,0.5
2850.3667,  1.00000000,1,0,0.0,0.5
2850.4000,  1.00000000,1,0,0.025000000000000001,0.5
2850.4333,  1.00000000,1,0,0.0,0.5
2850.4667,  1.00000000,1,0,0.0,0.5
2850.5000,  1.00000000,1,0,0.0,0.5
2850.5333,  1.00000000,1,0,0.0,0.5
2850.5667,  1.00000000,1,0,0.0,0.5
2850.6000,  1.00000000,1,0,0.0,0.5
2850.6333,  1.00000000,1,0,0.0,0.5
2850.6667,  1.00000000,1,0,0.0,0.5
2850.7000,  1.00000000,1,0,0.0,0.5
2850.7333,  1.00000000,1,0,0.0,0.5
2850.7667,  1.00000000,1,0,0.0,0.5
2850.8000,  1.00000000,1,0,0.0,0.5
2850.8333,  1.00000000,1,0,0.0,0.5
2850.8667,  1.00000000,1,0,0.0,0.5
2850.9000,  1.00000000,1,0,0.0,0.5
2850.9333,  1.00000000,1,0,0.0,0.5
2850.9667,  1.00000000,1,0,0.025000000000000001,0.5
2851.0000,  1.00000000,1,0,0.0,0.5
2851.0333,  1.00000000,1,0,0.0,0.5
2851.0667,  1.00000000,1,0,0.0,0.5
2851.1000,  1.00000000,1,0,0.0,0.5
2851.1333,  1.00000000,1,0,0.0,0.5
2851.1667,  1.00000000,1,0,0.0,0.5
2851.2000,  1.00000000,1,0,0.025000000000000001,0.5
2851.2333,  1.00000000,1,0,0.0,0.5
2851.2667,  1.00000000,1,0,0.0,0.5
2851.3000,  1.00000000,1,0,0.0,0.5
2851.3333,  1.00000000,1,0,0.0,0.5
2851.3667,  1.00000000,1,0,0.0,0.5
2851.4000,  1.00000000,1,0,0.0,0.5
2851.4333,  1.00000000,1,0,0.025000000000000001,0.5
2851.4667,  1.00000000,1,0,0.0,0.5
2851.5000,  1.00000000,1,0,0.0,0.5
2851.5333,  1.00000000,1,0,0.0,0.5
2851.5667,  1.00000000,1,0,0.0,0.5
2851.6000,  1.00000000,1,0,0.0,0.5
2851.6333,  1.00000000,1,0,0.0,0.5
2851.6667,  1.00000000,1,0,0.0,0.5
2851.7000,  1.00000000,1,0,0.0,0.5
2851.7333,  1.00000000,1,0,0.0,0.5
2851.7667,  1.00000000,1,0,0.0,0.5
2851.8000,  1.00000000,1,0,0.0,0.5
2851.8333,  1.00000000,1,0,0.0,0.5
2851.8667,  1.00000000,1,0,0.0,0.5
2851.9000,  1.00000000,1,0,0.0,0.5
2851.9333,  1.00000000,1,0,0.0,0.5
2851.9667,  1.00000000,1,0,0.0,0.5
2852.0000,  1.00000000,1,0,0.0,0.5
2852.0333,  1.00000000,1,0,0.0,0.5
2852.0667,  1.00000000,1,0,0.0,0.5
2852.1000,  1.00000000,1,0,0.0,0.5
2852.1333,  1.00000000,1,0,0.0,0.5
2852.1667,  1.00000000,1,0,0.0,0.5
2852.2000,  1.00000000,1,0,0.0,0.5
2852.2333,  1.00000000,1,0,0.0,0.5
2852.2667,  1.00000000,1,0,0.0,0.5
2852.3000,  1.00000000,1,0,0.0,0.5
2852.3333,  1.00000000,1,0,0.0,0.5
2852.3667,  1.00000000,1,0,0.0,0.5
2852.4000,  1.00000000,1,0,0.0,0.5
2852.4333,  1.00000000,1,0,0.0,0.5
2852.4667,  1.00000000,1,0,0.0,0.5
2852.5000,  1.00000000,1,0,0.0,0.5
2852.5333,  1.00000000,1,0,0.0,0.5
2852.5667,  1.00000000,1,0,0.0,0.5
2852.6000,  1.00000000,1,0,0.0,0.5
2852.6333,  1.00000000,1,0,0.0,0.5
2852.6667,  1.00000000,1,0,0.0,0.5
2852.7000,  1.00000000,1,0,0.0,0.5
2852.7333,  1.00000000,1,0,0.0,0.5
2852.7667,  1.00000000,1,0,0.0,0.5
2852.8000,  1.00000000,1,0,0.0,0.5
2852.8333,  1.00000000,1,0,0.0,0.5
2852.8667,  1.00000000,1,0,0.0,0.5
2852.9000,  1.00000000,1,0,0.0,0.5
2852.9333,  1.00000000,1,0,0.0,0.5
2852.9667,  1.00000000,1,0,0.0,0.5
2853.0000,  1.00000000,1,0,0.0,0.5
2853.0333,  1.00000000,1,0,0.0,0.5
2853.0667,  1.00000000,1,0,0.0,0.5
2853.1000,  1.00000000,1,0,0.0,0.5
2853.1333,  1.00000000,1,0,0.0,0.5
2853.1667,  1.00000000,1,0,0.0,0.5
2853.2000,  1.00000000,1,0,0.0,0.5
2853.2333,  1.00000000,1,0,0.0,0.5
2853.2667,  1.00000000,1,0,0.0,0.5
2853.3000,  1.00000000,1,0,0.0,0.5
2853.3333,  1.00000000,1,0,0.0,0.5
2853.3667,  1.00000000,1,0,0.0,0.5
2853.4000,  1.00000000,1,0,0.0,0.5
2853.4333,  1.00000000,1,0,0.0,0.5
2853.4667,  1.00000000,1,0,0.0,0.5
2853.5000,  1.00000000,1,0,0.0,0.5
2853.5333,  1.00000000,1,0,0.0,0.5
2853.5667,  1.00000000,1,0,0.0,0.5
2853.6000,  1.00000000,1,0,0.0,0.5
2853.6333,  1.00000000,1,0,0.0,0.5
2853.6667,  1.00000000,1,0,0.0,0.5
2853.7000,  1.00000000,1,0,0.0,0.5
2853.7333,  1.00000000,1,0,0.0,0.5
2853.7667,  1.00000000,1,0,0.0,0.5
2853.8000,  1.00000000,1,0,0.0,0.5
2853.8333,  1.00000000,1,0,0.0,0.5
2853.8667,  1.00000000,1,0,0.0,0.5
2853.9000,  1.00000000,1,0,0.0,0.5
2853.9333,  1.00000000,1,0,0.0,0.5
2853.9667,  1.00000000,1,0,0.0,0.5
2854.0000,  1.00000000,1,0,0.0,0.5
2854.0333,  1.00000000,1,0,0.0,0.5
2854.0667,  1.00000000,1,0,0.0,0.5
2854.1000,  1.00000000,1,0,0.0,0.5
2854.1333,  1.00000000,1,0,0.0,0.5
2854.1667,  1.00000000,1,0,0.0,0.5
2854.2000,  1.00000000,1,0,0.0,0.5
2854.2333,  1.00000000,1,0,0.0,0.5
2854.2667,  1.00000000,1,0,0.025000000000000001,0.5
2854.3000,  1.00000000,1,0,0.0,0.5
2854.3333,  1.00000000,1,0,0.0,0.5
2854.3667,  1.00000000,1,0,0.0,0.5
2854.4000,  1.00000000,1,0,0.0,0.5
2854.4333,  1.00000000,1,0,0.0,0.5
2854.4667,  1.00000000,1,0,0.0,0.5
2854.5000,  1.00000000,1,0,0.0,0.5
2854.5333,  1.00000000,1,0,0.0,0.5
2854.5667,  1.00000000,1,0,0.0,0.5
2854.6000,  1.00000000,1,0,0.0,0.5
2854.6333,  1.00000000,1,0,0.0,0.5
2854.6667,  1.00000000,1,0,0.0,0.5
2854.7000,  1.00000000,1,0,0.0,0.5
2854.7333,  1.00000000,1,0,0.0,0.5
2854.7667,  1.00000000,1,0,0.0,0.5
2854.8000,  1.00000000,1,0,0.0,0.5
2854.8333,  1.00000000,1,0,0.0,0.5
2854.8667,  1.00000000,1,0,0.0,0.5
2854.9000,  1.00000000,1,0,0.0,0.5
2854.9333,  1.00000000,1,0,0.0,0.5
2854.9667,  1.00000000,1,0,0.0,0.5
2855.0000,  1.00000000,1,0,0.0,0.5
2855.0333,  1.00000000,1,0,0.0,0.5
2855.0667,  1.00000000,1,0,0.0,0.5
2855.1000,  1.00000000,1,0,0.0,0.5
2855.1333,  1.00000000,1,0,0.0,0.5
2855.1667,  1.00000000,1,0,0.0,0.5
2855.2000,  1.00000000,1,0,0.0,0.5
2855.2333,  1.00000000,1,0,0.0,0.5
2855.2667,  1.00000000,1,0,0.0,0.5
2855.3000,  1.00000000,1,0,0.0,0.5
2855.3333,  1.00000000,1,0,0.0,0.5
2855.3667,  1.00000000,1,0,0.0,0.5
2855.4000,  1.00000000,1,0,0.0,0.5
2855.4333,  1.00000000,1,0,0.0,0.5
2855.4667,  1.00000000,1,0,0.0,0.5
2855.5000,  1.00000000,1,0,0.0,0.5
2855.5333,  1.00000000,1,0,0.0,0.5
2855.5667,  1.00000000,1,0,0.0,0.5
2855.6000,  1.00000000,1,0,0.0,0.5
2855.6333,  1.00000000,1,0,0.0,0.5
2855.6667,  1.00000000,1,0,0.0,0.5
2855.7000,  1.00000000,1,0,0.0,0.5
2855.7333,  1.00000000,1,0,0.0,0.5
2855.7667,  1.00000000,1,0,0.025000000000000001,0.5
2855.8000,  1.00000000,1,0,0.0,0.5
2855.8333,  1.00000000,1,0,0.0,0.5
2855.8667,  1.00000000,1,0,0.0,0.5
2855.9000,  1.00000000,1,0,0.0,0.5
2855.9333,  1.00000000,1,0,0.0,0.5
2855.9667,  1.00000000,1,0,0.0,0.5
2856.0000,  1.00000000,1,0,0.0,0.5
2856.0333,  1.00000000,1,0,0.0,0.5
2856.0667,  1.00000000,1,0,0.0,0.5
2856.1000,  1.00000000,1,0,0.0,0.5
2856.1333,  1.00000000,1,0,0.0,0.5
2856.1667,  1.00000000,1,0,0.0,0.5
2856.2000,  1.00000000,1,0,0.0,0.5
2856.2333,  1.00000000,1,0,0.0,0.5
2856.2667,  1.00000000,1,0,0.0,0.5
2856.3000,  1.00000000,1,0,0.0,0.5
2856.3333,  1.00000000,1,0,0.0,0.5
2856.3667,  1.00000000,1,0,0.0,0.5
2856.4000,  1.00000000,1,0,0.0,0.5
2856.4333,  1.00000000,1,0,0.025000000000000001,0.5
2856.4667,  1.00000000,1,0,0.0,0.5
2856.5000,  1.00000000,1,0,0.0,0.5
2856.5333,  1.00000000,1,0,0.0,0.5
2856.5667,  1.00000000,1,0,0.0,0.5
2856.6000,  1.00000000,1,0,0.0,0.5
2856.6333,  1.00000000,1,0,0.0,0.5
2856.6667,  1.00000000,1,0,0.0,0.5
2856.7000,  1.00000000,1,0,0.0,0.5
2856.7333,  1.00000000,1,0,0.0,0.5
2856.7667,  1.00000000,1,0,0.0,0.5
2856.8000,  1.00000000,1,0,0.0,0.5
2856.8333,  1.00000000,1,0,0.0,0.5
2856.8667,  1.00000000,1,0,0.0,0.5
2856.9000,  1.00000000,1,0,0.0,0.5
2856.9333,  1.00000000,1,0,0.0,0.5
2856.9667,  1.00000000,1,0,0.0,0.5
2857.0000,  1.00000000,1,0,0.0,0.5
2857.0333,  1.00000000,1,0,0.0,0.5
2857.0667,  1.00000000,1,0,0.0,0.5
2857.1000,  1.00000000,1,0,0.0,0.5
2857.1333,  1.00000000,1,0,0.0,0.5
2857.1667,  1.00000000,1,0,0.0,0.5
2857.2000,  1.00000000,1,0,0.0,0.5
2857.2333,  1.00000000,1,0,0.0,0.5
2857.2667,  1.00000000,1,0,0.0,0.5
2857.3000,  1.00000000,1,0,0.0,0.5
2857.3333,  1.00000000,1,0,0.0,0.5
2857.3667,  1.00000000,1,0,0.0,0.5
2857.4000,  1.00000000,1,0,0.0,0.5
2857.4333,  1.00000000,1,0,0.0,0.5
2857.4667,  1.00000000,1,0,0.0,0.5
2857.5000,  1.00000000,1,0,0.0,0.5
2857.5333,  1.00000000,1,0,0.0,0.5
2857.5667,  1.00000000,1,0,0.0,0.5
2857.6000,  1.00000000,1,0,0.0,0.5
2857.6333,  1.00000000,1,0,0.0,0.5
2857.6667,  1.00000000,1,0,0.0,0.5
2857.7000,  1.00000000,1,0,0.0,0.5
2857.7333,  1.00000000,1,0,0.0,0.5
2857.7667,  1.00000000,1,0,0.0,0.5
2857.8000,  1.00000000,1,0,0.0,0.5
2857.8333,  1.00000000,1,0,0.0,0.5
2857.8667,  1.00000000,1,0,0.0,0.5
2857.9000,  1.00000000,1,0,0.025000000000000001,0.5
2857.9333,  1.00000000,1,0,0.0,0.5
2857.9667,  1.00000000,1,0,0.0,0.5
2858.0000,  1.00000000,1,0,0.0,0.5
2858.0333,  1.00000000,1,0,0.0,0.5
2858.0667,  1.00000000,1,0,0.0,0.5
2858.1000,  1.00000000,1,0,0.0,0.5
2858.1333,  1.00000000,1,0,0.0,0.5
2858.1667,  1.00000000,1,0,0.0,0.5
2858.2000,  1.00000000,1,0,0.0,0.5
2858.2333,  1.00000000,1,0,0.0,0.5
2858.2667,  1.00000000,1,0,0.0,0.5
2858.3000,  1.00000000,1,0,0.0,0.5
2858.3333,  1.00000000,1,0,0.0,0.5
2858.3667,  1.00000000,1,0,0.0,0.5
2858.4000,  1.00000000,1,0,0.0,0.5
2858.4333,  1.00000000,1,0,0.0,0.5
2858.4667,  1.00000000,1,0,0.0,0.5
2858.5000,  1.00000000,1,0,0.0,0.5
2858.5333,  1.00000000,1,0,0.0,0.5
2858.5667,  1.00000000,1,0,0.0,0.5
2858.6000,  1.00000000,1,0,0.0,0.5
2858.6333,  1.00000000,1,0,0.0,0.5
2858.6667,  1.00000000,1,0,0.0,0.5
2858.7000,  1.00000000,1,0,0.0,0.5
2858.7333,  1.00000000,1,0,0.0,0.5
2858.7667,  1.00000000,1,0,0.0,0.5
2858.8000,  1.00000000,1,0,0.0,0.5
2858.8333,  1.00000000,1,0,0.0,0.5
2858.8667,  1.00000000,1,0,0.0,0.5
2858.9000,  1.00000000,1,0,0.0,0.5
2858.9333,  1.00000000,1,0,0.0,0.5
2858.9667,  1.00000000,1,0,0.0,0.5
2859.0000,  1.00000000,1,0,0.0,0.5
2859.0333,  1.00000000,1,0,0.0,0.5
2859.0667,  1.00000000,1,0,0.0,0.5
2859.1000,  1.00000000,1,0,0.0,0.5
2859.1333,  1.00000000,1,0,0.0,0.5
2859.1667,  1.00000000,1,0,0.0,0.5
2859.2000,  1.00000000,1,0,0.0,0.5
2859.2333,  1.00000000,1,0,0.0,0.5
2859.2667,  1.00000000,1,0,0.0,0.5
2859.3000,  1.00000000,1,0,0.0,0.5
2859.3333,  1.00000000,1,0,0.0,0.5
2859.3667,  1.00000000,1,0,0.0,0.5
2859.4000,  1.00000000,1,0,0.0,0.5
2859.4333,  1.00000000,1,0,0.0,0.5
2859.4667,  1.00000000,1,0,0.0,0.5
2859.5000,  1.00000000,1,0,0.0,0.5
2859.5333,  1.00000000,1,0,0.0,0.5
2859.5667,  1.00000000,1,0,0.0,0.5
2859.6000,  1.00000000,1,0,0.0,0.5
2859.6333,  1.00000000,1,0,0.0,0.5
2859.6667,  1.00000000,1,0,0.0,0.5
2859.7000,  1.00000000,1,0,0.0,0.5
2859.7333,  1.00000000,1,0,0.0,0.5
2859.7667,  1.00000000,1,0,0.0,0.5
2859.8000,  1.00000000,1,0,0.0,0.5
2859.8333,  1.00000000,1,0,0.0,0.5
2859.8667,  1.00000000,1,0,0.0,0.5
2859.9000,  1.00000000,1,0,0.0,0.5
2859.9333,  1.00000000,1,0,0.0,0.5
2859.9667,  1.00000000,1,0,0.0,0.5
2860.0000,  1.00000000,1,0,0.0,0.5
2860.0333,  1.00000000,1,0,0.0,0.5
2860.0667,  1.00000000,1,0,0.0,0.5
2860.1000,  1.00000000,1,0,0.0,0.5
2860.1333,  1.00000000,1,0,0.0,0.5
2860.1667,  1.00000000,1,0,0.0,0.5
2860.2000,  1.00000000,1,0,0.0,0.5
2860.2333,  1.00000000,1,0,0.0,0.5
2860.2667,  1.00000000,1,0,0.0,0.5
2860.3000,  1.00000000,1,0,0.0,0.5
2860.3333,  1.00000000,1,0,0.0,0.5
2860.3667,  1.00000000,1,0,0.0,0.5
2860.4000,  1.00000000,1,0,0.0,0.5
2860.4333,  1.00000000,1,0,0.0,0.5
2860.4667,  1.00000000,1,0,0.0,0.5
2860.5000,  1.00000000,1,0,0.0,0.5
2860.5333,  1.00000000,1,0,0.0,0.5
2860.5667,  1.00000000,1,0,0.0,0.5
2860.6000,  1.00000000,1,0,0.0,0.5
2860.6333,  1.00000000,1,0,0.0,0.5
2860.6667,  1.00000000,1,0,0.0,0.5
2860.7000,  1.00000000,1,0,0.0,0.5
2860.7333,  1.00000000,1,0,0.0,0.5
2860.7667,  1.00000000,1,0,0.0,0.5
2860.8000,  1.00000000,1,0,0.0,0.5
2860.8333,  1.00000000,1,0,0.0,0.5
2860.8667,  1.00000000,1,0,0.0,0.5
2860.9000,  1.00000000,1,0,0.0,0.5
2860.9333,  1.00000000,1,0,0.0,0.5
2860.9667,  1.00000000,1,0,0.025000000000000001,0.5
2861.0000,  1.00000000,1,0,0.0,0.5
2861.0333,  1.00000000,1,0,0.0,0.5
2861.0667,  1.00000000,1,0,0.0,0.5
2861.1000,  1.00000000,1,0,0.0,0.5
2861.1333,  1.00000000,1,0,0.0,0.5
2861.1667,  1.00000000,1,0,0.0,0.5
2861.2000,  1.00000000,1,0,0.0,0.5
2861.2333,  1.00000000,1,0,0.025000000000000001,0.5
2861.2667,  1.00000000,1,0,0.0,0.5
2861.3000,  1.00000000,1,0,0.0,0.5
2861.3333,  1.00000000,1,0,0.0,0.5
2861.3667,  1.00000000,1,0,0.0,0.5
2861.4000,  1.00000000,1,0,0.0,0.5
2861.4333,  1.00000000,1,0,0.0,0.5
2861.4667,  1.00000000,1,0,0.0,0.5
2861.5000,  1.00000000,1,0,0.0,0.5
2861.5333,  1.00000000,1,0,0.0,0.5
2861.5667,  1.00000000,1,0,0.0,0.5
2861.6000,  1.00000000,1,0,0.0,0.5
2861.6333,  1.00000000,1,0,0.0,0.5
2861.6667,  1.00000000,1,0,0.0,0.5
2861.7000,  1.00000000,1,0,0.0,0.5
2861.7333,  1.00000000,1,0,0.0,0.5
2861.7667,  1.00000000,1,0,0.0,0.5
2861.8000,  1.00000000,1,0,0.0,0.5
2861.8333,  1.00000000,1,0,0.0,0.5
2861.8667,  1.00000000,1,0,0.0,0.5
2861.9000,  1.00000000,1,0,0.0,0.5
2861.9333,  1.00000000,1,0,0.0,0.5
2861.9667,  1.00000000,1,0,0.0,0.5
2862.0000,  1.00000000,1,0,0.0,0.5
2862.0333,  1.00000000,1,0,0.0,0.5
2862.0667,  1.00000000,1,0,0.0,0.5
2862.1000,  1.00000000,1,0,0.0,0.5
2862.1333,  1.00000000,1,0,0.0,0.5
2862.1667,  1.00000000,1,0,0.0,0.5
2862.2000,  1.00000000,1,0,0.0,0.5
2862.2333,  1.00000000,1,0,0.0,0.5
2862.2667,  1.00000000,1,0,0.0,0.5
2862.3000,  1.00000000,1,0,0.0,0.5
2862.3333,  1.00000000,1,0,0.0,0.5
2862.3667,  1.00000000,1,0,0.0,0.5
2862.4000,  1.00000000,1,0,0.0,0.5
2862.4333,  1.00000000,1,0,0.0,0.5
2862.4667,  1.00000000,1,0,0.0,0.5
2862.5000,  1.00000000,1,0,0.0,0.5
2862.5333,  1.00000000,1,0,0.0,0.5
2862.5667,  1.00000000,1,0,0.0,0.5
2862.6000,  1.00000000,1,0,0.0,0.5
2862.6333,  1.00000000,1,0,0.0,0.5
2862.6667,  1.00000000,1,0,0.0,0.5
2862.7000,  1.00000000,1,0,0.0,0.5
2862.7333,  1.00000000,1,0,0.0,0.5
2862.7667,  1.00000000,1,0,0.0,0.5
2862.8000,  1.00000000,1,0,0.0,0.5
2862.8333,  1.00000000,1,0,0.0,0.5
2862.8667,  1.00000000,1,0,0.0,0.5
2862.9000,  1.00000000,1,0,0.0,0.5
2862.9333,  1.00000000,1,0,0.0,0.5
2862.9667,  1.00000000,1,0,0.0,0.5
2863.0000,  1.00000000,1,0,0.0,0.5
2863.0333,  1.00000000,1,0,0.0,0.5
2863.0667,  1.00000000,1,0,0.0,0.5
2863.1000,  1.00000000,1,0,0.0,0.5
2863.1333,  1.00000000,1,0,0.0,0.5
2863.1667,  1.00000000,1,0,0.0,0.5
2863.2000,  1.00000000,1,0,0.0,0.5
2863.2333,  1.00000000,1,0,0.0,0.5
2863.2667,  1.00000000,1,0,0.0,0.5
2863.3000,  1.00000000,1,0,0.0,0.5
2863.3333,  1.00000000,1,0,0.0,0.5
2863.3667,  1.00000000,1,0,0.0,0.5
2863.4000,  1.00000000,1,0,0.0,0.5
2863.4333,  1.00000000,1,0,0.0,0.5
2863.4667,  1.00000000,1,0,0.0,0.5
2863.5000,  1.00000000,1,0,0.0,0.5
2863.5333,  1.00000000,1,0,0.0,0.5
2863.5667,  1.00000000,1,0,0.0,0.5
2863.6000,  1.00000000,1,0,0.0,0.5
2863.6333,  1.00000000,1,0,0.0,0.5
2863.6667,  1.00000000,1,0,0.0,0.5
2863.7000,  1.00000000,1,0,0.0,0.5
2863.7333,  1.00000000,1,0,0.0,0.5
2863.7667,  1.00000000,1,0,0.0,0.5
2863.8000,  1.00000000,1,0,0.0,0.5
2863.8333,  1.00000000,1,0,0.0,0.5
2863.8667,  1.00000000,1,0,0.0,0.5
2863.9000,  1.00000000,1,0,0.0,0.5
2863.9333,  1.00000000,1,0,0.0,0.5
2863.9667,  1.00000000,1,0,0.0,0.5
2864.0000,  1.00000000,1,0,0.0,0.5
2864.0333,  1.00000000,1,0,0.0,0.5
2864.0667,  1.00000000,1,0,0.0,0.5
2864.1000,  1.00000000,1,0,0.0,0.5
2864.1333,  1.00000000,1,0,0.0,0.5
2864.1667,  1.00000000,1,0,0.0,0.5
2864.2000,  1.00000000,1,0,0.0,0.5
2864.2333,  1.00000000,1,0,0.025000000000000001,0.5
2864.2667,  1.00000000,1,0,0.0,0.5
2864.3000,  1.00000000,1,0,0.0,0.5
2864.3333,  1.00000000,1,0,0.0,0.5
2864.3667,  1.00000000,1,0,0.0,0.5
2864.4000,  1.00000000,1,0,0.0,0.5
2864.4333,  1.00000000,1,0,0.0,0.5
2864.4667,  1.00000000,1,0,0.0,0.5
2864.5000,  1.00000000,1,0,0.0,0.5
2864.5333,  1.00000000,1,0,0.0,0.5
2864.5667,  1.00000000,1,0,0.0,0.5
2864.6000,  1.00000000,1,0,0.0,0.5
2864.6333,  1.00000000,1,0,0.0,0.5
2864.6667,  1.00000000,1,0,0.0,0.5
2864.7000,  1.00000000,1,0,0.0,0.5
2864.7333,  1.00000000,1,0,0.0,0.5
2864.7667,  1.00000000,1,0,0.0,0.5
2864.8000,  1.00000000,1,0,0.0,0.5
2864.8333,  1.00000000,1,0,0.0,0.5
2864.8667,  1.00000000,1,0,0.0,0.5
2864.9000,  1.00000000,1,0,0.0,0.5
2864.9333,  1.00000000,1,0,0.0,0.5
2864.9667,  1.00000000,1,0,0.0,0.5
2865.0000,  1.00000000,1,0,0.0,0.5
2865.0333,  1.00000000,1,0,0.0,0.5
2865.0667,  1.00000000,1,0,0.0,0.5
2865.1000,  1.00000000,1,0,0.0,0.5
2865.1333,  1.00000000,1,0,0.0,0.5
2865.1667,  1.00000000,1,0,0.0,0.5
2865.2000,  1.00000000,1,0,0.0,0.5
2865.2333,  1.00000000,1,0,0.0,0.5
2865.2667,  1.00000000,1,0,0.0,0.5
2865.3000,  1.00000000,1,0,0.0,0.5
2865.3333,  1.00000000,1,0,0.0,0.5
2865.3667,  1.00000000,1,0,0.0,0.5
2865.4000,  1.00000000,1,0,0.0,0.5
2865.4333,  1.00000000,1,0,0.0,0.5
2865.4667,  1.00000000,1,0,0.0,0.5
2865.5000,  1.00000000,1,0,0.0,0.5
2865.5333,  1.00000000,1,0,0.0,0.5
2865.5667,  1.00000000,1,0,0.0,0.5
2865.6000,  1.00000000,1,0,0.0,0.5
2865.6333,  1.00000000,1,0,0.0,0.5
2865.6667,  1.00000000,1,0,0.0,0.5
2865.7000,  1.00000000,1,0,0.0,0.5
2865.7333,  1.00000000,1,0,0.0,0.5
2865.7667,  1.00000000,1,0,0.0,0.5
2865.8000,  1.00000000,1,0,0.0,0.5
2865.8333,  1.00000000,1,0,0.0,0.5
2865.8667,  1.00000000,1,0,0.0,0.5
2865.9000,  1.00000000,1,0,0.0,0.5
2865.9333,  1.00000000,1,0,0.0,0.5
2865.9667,  1.00000000,1,0,0.0,0.5
2866.0000,  1.00000000,1,0,0.0,0.5
2866.0333,  1.00000000,1,0,0.0,0.5
2866.0667,  1.00000000,1,0,0.0,0.5
2866.1000,  1.00000000,1,0,0.0,0.5
2866.1333,  1.00000000,1,0,0.0,0.5
2866.1667,  1.00000000,1,0,0.0,0.5
2866.2000,  1.00000000,1,0,0.0,0.5
2866.2333,  1.00000000,1,0,0.0,0.5
2866.2667,  1.00000000,1,0,0.0,0.5
2866.3000,  1.00000000,1,0,0.0,0.5
2866.3333,  1.00000000,1,0,0.0,0.5
2866.3667,  1.00000000,1,0,0.0,0.5
2866.4000,  1.00000000,1,0,0.0,0.5
2866.4333,  1.00000000,1,0,0.0,0.5
2866.4667,  1.00000000,1,0,0.0,0.5
2866.5000,  1.00000000,1,0,0.0,0.5
2866.5333,  1.00000000,1,0,0.0,0.5
2866.5667,  1.00000000,1,0,0.0,0.5
2866.6000,  1.00000000,1,0,0.0,0.5
2866.6333,  1.00000000,1,0,0.0,0.5
2866.6667,  1.00000000,1,0,0.0,0.5
2866.7000,  1.00000000,1,0,0.0,0.5
2866.7333,  1.00000000,1,0,0.0,0.5
2866.7667,  1.00000000,1,0,0.0,0.5
2866.8000,  1.00000000,1,0,0.0,0.5
2866.8333,  1.00000000,1,0,0.0,0.5
2866.8667,  1.00000000,1,0,0.0,0.5
2866.9000,  1.00000000,1,0,0.0,0.5
2866.9333,  1.00000000,1,0,0.0,0.5
2866.9667,  1.00000000,1,0,0.0,0.5
2867.0000,  1.00000000,1,0,0.0,0.5
2867.0333,  1.00000000,1,0,0.0,0.5
2867.0667,  1.00000000,1,0,0.0,0.5
2867.1000,  1.00000000,1,0,0.0,0.5
2867.1333,  1.00000000,1,0,0.0,0.5
2867.1667,  1.00000000,1,0,0.0,0.5
2867.2000,  1.00000000,1,0,0.0,0.5
2867.2333,  1.00000000,1,0,0.0,0.5
2867.2667,  1.00000000,1,0,0.0,0.5
2867.3000,  1.00000000,1,0,0.0,0.5
2867.3333,  1.00000000,1,0,0.0,0.5
2867.3667,  1.00000000,1,0,0.0,0.5
2867.4000,  1.00000000,1,0,0.0,0.5
2867.4333,  1.00000000,1,0,0.0,0.5
2867.4667,  1.00000000,1,0,0.0,0.5
2867.5000,  1.00000000,1,0,0.0,0.5
2867.5333,  1.00000000,1,0,0.0,0.5
2867.5667,  1.00000000,1,0,0.0,0.5
2867.6000,  1.00000000,1,0,0.0,0.5
2867.6333,  1.00000000,1,0,0.0,0.5
2867.6667,  1.00000000,1,0,0.0,0.5
2867.7000,  1.00000000,1,0,0.0,0.5
2867.7333,  1.00000000,1,0,0.0,0.5
2867.7667,  1.00000000,1,0,0.0,0.5
2867.8000,  1.00000000,1,0,0.0,0.5
2867.8333,  1.00000000,1,0,0.0,0.5
2867.8667,  1.00000000,1,0,0.0,0.5
2867.9000,  1.00000000,1,0,0.0,0.5
2867.9333,  1.00000000,1,0,0.0,0.5
2867.9667,  1.00000000,1,0,0.0,0.5
2868.0000,  1.00000000,1,0,0.0,0.5
2868.0333,  1.00000000,1,0,0.0,0.5
2868.0667,  1.00000000,1,0,0.0,0.5
2868.1000,  1.00000000,1,0,0.0,0.5
2868.1333,  1.00000000,1,0,0.0,0.5
2868.1667,  1.00000000,1,0,0.0,0.5
2868.2000,  1.00000000,1,0,0.0,0.5
2868.2333,  1.00000000,1,0,0.0,0.5
2868.2667,  1.00000000,1,0,0.0,0.5
2868.3000,  1.00000000,1,0,0.0,0.5
2868.3333,  1.00000000,1,0,0.0,0.5
2868.3667,  1.00000000,1,0,0.0,0.5
2868.4000,  1.00000000,1,0,0.0,0.5
2868.4333,  1.00000000,1,0,0.0,0.5
2868.4667,  1.00000000,1,0,0.0,0.5
2868.5000,  1.00000000,1,0,0.0,0.5
2868.5333,  1.00000000,1,0,0.0,0.5
2868.5667,  1.00000000,1,0,0.0,0.5
2868.6000,  1.00000000,1,0,0.0,0.5
2868.6333,  1.00000000,1,0,0.0,0.5
2868.6667,  1.00000000,1,0,0.0,0.5
2868.7000,  1.00000000,1,0,0.0,0.5
2868.7333,  1.00000000,1,0,0.0,0.5
2868.7667,  1.00000000,1,0,0.0,0.5
2868.8000,  1.00000000,1,0,0.0,0.5
2868.8333,  1.00000000,1,0,0.0,0.5
2868.8667,  1.00000000,1,0,0.0,0.5
2868.9000,  1.00000000,1,0,0.0,0.5
2868.9333,  1.00000000,1,0,0.0,0.5
2868.9667,  1.00000000,1,0,0.0,0.5
2869.0000,  1.00000000,1,0,0.0,0.5
2869.0333,  1.00000000,1,0,0.0,0.5
2869.0667,  1.00000000,1,0,0.0,0.5
2869.1000,  1.00000000,1,0,0.0,0.5
2869.1333,  1.00000000,1,0,0.0,0.5
2869.1667,  1.00000000,1,0,0.0,0.5
2869.2000,  1.00000000,1,0,0.0,0.5
2869.2333,  1.00000000,1,0,0.0,0.5
2869.2667,  1.00000000,1,0,0.0,0.5
2869.3000,  1.00000000,1,0,0.0,0.5
2869.3333,  1.00000000,1,0,0.0,0.5
2869.3667,  1.00000000,1,0,0.0,0.5
2869.4000,  1.00000000,1,0,0.0,0.5
2869.4333,  1.00000000,1,0,0.0,0.5
2869.4667,  1.00000000,1,0,0.0,0.5
2869.5000,  1.00000000,1,0,0.0,0.5
2869.5333,  1.00000000,1,0,0.0,0.5
2869.5667,  1.00000000,1,0,0.0,0.5
2869.6000,  1.00000000,1,0,0.0,0.5
2869.6333,  1.00000000,1,0,0.0,0.5
2869.6667,  1.00000000,1,0,0.0,0.5
2869.7000,  1.00000000,1,0,0.0,0.5
2869.7333,  1.00000000,1,0,0.0,0.5
2869.7667,  1.00000000,1,0,0.0,0.5
2869.8000,  1.00000000,1,0,0.0,0.5
2869.8333,  1.00000000,1,0,0.0,0.5
2869.8667,  1.00000000,1,0,0.0,0.5
2869.9000,  1.00000000,1,0,0.0,0.5
2869.9333,  1.00000000,1,0,0.0,0.5
2869.9667,  1.00000000,1,0,0.0,0.5
2870.0000,  1.00000000,1,0,0.0,0.5
2870.0333,  1.00000000,1,0,0.0,0.5
2870.0667,  1.00000000,1,0,0.0,0.5
2870.1000,  1.00000000,1,0,0.0,0.5
2870.1333,  1.00000000,1,0,0.0,0.5
2870.1667,  1.00000000,1,0,0.0,0.5
2870.2000,  1.00000000,1,0,0.0,0.5
2870.2333,  1.00000000,1,0,0.0,0.5
2870.2667,  1.00000000,1,0,0.0,0.5
2870.3000,  1.00000000,1,0,0.0,0.5
2870.3333,  1.00000000,1,0,0.0,0.5
2870.3667,  1.00000000,1,0,0.0,0.5
2870.4000,  1.00000000,1,0,0.0,0.5
2870.4333,  1.00000000,1,0,0.0,0.5
2870.4667,  1.00000000,1,0,0.0,0.5
2870.5000,  1.00000000,1,0,0.0,0.5
2870.5333,  1.00000000,1,0,0.0,0.5
2870.5667,  1.00000000,1,0,0.0,0.5
2870.6000,  1.00000000,1,0,0.025000000000000001,0.5
2870.6333,  1.00000000,1,0,0.0,0.5
2870.6667,  1.00000000,1,0,0.0,0.5
2870.7000,  1.00000000,1,0,0.0,0.5
2870.7333,  1.00000000,1,0,0.0,0.5
2870.7667,  1.00000000,1,0,0.0,0.5
2870.8000,  1.00000000,1,0,0.0,0.5
2870.8333,  1.00000000,1,0,0.0,0.5
2870.8667,  1.00000000,1,0,0.0,0.5
2870.9000,  1.00000000,1,0,0.0,0.5
2870.9333,  1.00000000,1,0,0.0,0.5
2870.9667,  1.00000000,1,0,0.0,0.5
2871.0000,  1.00000000,1,0,0.0,0.5
2871.0333,  1.00000000,1,0,0.0,0.5
2871.0667,  1.00000000,1,0,0.0,0.5
2871.1000,  1.00000000,1,0,0.0,0.5
2871.1333,  1.00000000,1,0,0.0,0.5
2871.1667,  1.00000000,1,0,0.0,0.5
2871.2000,  1.00000000,1,0,0.0,0.5
2871.2333,  1.00000000,1,0,0.0,0.5
2871.2667,  1.00000000,1,0,0.0,0.5
2871.3000,  1.00000000,1,0,0.0,0.5
2871.3333,  1.00000000,1,0,0.0,0.5
2871.3667,  1.00000000,1,0,0.0,0.5
2871.4000,  1.00000000,1,0,0.0,0.5
2871.4333,  1.00000000,1,0,0.0,0.5
2871.4667,  1.00000000,1,0,0.0,0.5
2871.5000,  1.00000000,1,0,0.0,0.5
2871.5333,  1.00000000,1,0,0.0,0.5
2871.5667,  1.00000000,1,0,0.0,0.5
2871.6000,  1.00000000,1,0,0.0,0.5
2871.6333,  1.00000000,1,0,0.0,0.5
2871.6667,  1.00000000,1,0,0.0,0.5
2871.7000,  1.00000000,1,0,0.0,0.5
2871.7333,  1.00000000,1,0,0.0,0.5
2871.7667,  1.00000000,1,0,0.0,0.5
2871.8000,  1.00000000,1,0,0.0,0.5
2871.8333,  1.00000000,1,0,0.0,0.5
2871.8667,  1.00000000,1,0,0.0,0.5
2871.9000,  1.00000000,1,0,0.0,0.5
2871.9333,  1.00000000,1,0,0.0,0.5
2871.9667,  1.00000000,1,0,0.0,0.5
2872.0000,  1.00000000,1,0,0.0,0.5
2872.0333,  1.00000000,1,0,0.0,0.5
2872.0667,  1.00000000,1,0,0.0,0.5
2872.1000,  1.00000000,1,0,0.0,0.5
2872.1333,  1.00000000,1,0,0.0,0.5
2872.1667,  1.00000000,1,0,0.0,0.5
2872.2000,  1.00000000,1,0,0.0,0.5
2872.2333,  1.00000000,1,0,0.0,0.5
2872.2667,  1.00000000,1,0,0.0,0.5
2872.3000,  1.00000000,1,0,0.0,0.5
2872.3333,  1.00000000,1,0,0.0,0.5
2872.3667,  1.00000000,1,0,0.0,0.5
2872.4000,  1.00000000,1,0,0.0,0.5
2872.4333,  1.00000000,1,0,0.0,0.5
2872.4667,  1.00000000,1,0,0.0,0.5
2872.5000,  1.00000000,1,0,0.0,0.5
2872.5333,  1.00000000,1,0,0.0,0.5
2872.5667,  1.00000000,1,0,0.0,0.5
2872.6000,  1.00000000,1,0,0.0,0.5
2872.6333,  1.00000000,1,0,0.0,0.5
2872.6667,  1.00000000,1,0,0.0,0.5
2872.7000,  1.00000000,1,0,0.0,0.5
2872.7333,  1.00000000,1,0,0.0,0.5
2872.7667,  1.00000000,1,0,0.0,0.5
2872.8000,  1.00000000,1,0,0.0,0.5
2872.8333,  1.00000000,1,0,0.0,0.5
2872.8667,  1.00000000,1,0,0.0,0.5
2872.9000,  1.00000000,1,0,0.0,0.5
2872.9333,  1.00000000,1,0,0.0,0.5
2872.9667,  1.00000000,1,0,0.0,0.5
2873.0000,  1.00000000,1,0,0.0,0.5
2873.0333,  1.00000000,1,0,0.0,0.5
2873.0667,  1.00000000,1,0,0.0,0.5
2873.1000,  1.00000000,1,0,0.0,0.5
2873.1333,  1.00000000,1,0,0.0,0.5
2873.1667,  1.00000000,1,0,0.0,0.5
2873.2000,  1.00000000,1,0,0.0,0.5
2873.2333,  1.00000000,1,0,0.0,0.5
2873.2667,  1.00000000,1,0,0.0,0.5
2873.3000,  1.00000000,1,0,0.0,0.5
2873.3333,  1.00000000,1,0,0.0,0.5
2873.3667,  1.00000000,1,0,0.0,0.5
2873.4000,  1.00000000,1,0,0.0,0.5
2873.4333,  1.00000000,1,0,0.0,0.5
2873.4667,  1.00000000,1,0,0.0,0.5
2873.5000,  1.00000000,1,0,0.0,0.5
2873.5333,  1.00000000,1,0,0.0,0.5
2873.5667,  1.00000000,1,0,0.0,0.5
2873.6000,  1.00000000,1,0,0.0,0.5
2873.6333,  1.00000000,1,0,0.0,0.5
2873.6667,  1.00000000,1,0,0.0,0.5
2873.7000,  1.00000000,1,0,0.0,0.5
2873.7333,  1.00000000,1,0,0.0,0.5
2873.7667,  1.00000000,1,0,0.0,0.5
2873.8000,  1.00000000,1,0,0.0,0.5
2873.8333,  1.00000000,1,0,0.0,0.5
2873.8667,  1.00000000,1,0,0.0,0.5
2873.9000,  1.00000000,1,0,0.0,0.5
2873.9333,  1.00000000,1,0,0.0,0.5
2873.9667,  1.00000000,1,0,0.0,0.5
2874.0000,  1.00000000,1,0,0.0,0.5
2874.0333,  1.00000000,1,0,0.0,0.5
2874.0667,  1.00000000,1,0,0.0,0.5
2874.1000,  1.00000000,1,0,0.025000000000000001,0.5
2874.1333,  1.00000000,1,0,0.0,0.5
2874.1667,  1.00000000,1,0,0.0,0.5
2874.2000,  1.00000000,1,0,0.0,0.5
2874.2333,  1.00000000,1,0,0.0,0.5
2874.2667,  1.00000000,1,0,0.0,0.5
2874.3000,  1.00000000,1,0,0.0,0.5
2874.3333,  1.00000000,1,0,0.0,0.5
2874.3667,  1.00000000,1,0,0.0,0.5
2874.4000,  1.00000000,1,0,0.0,0.5
2874.4333,  1.00000000,1,0,0.0,0.5
2874.4667,  1.00000000,1,0,0.0,0.5
2874.5000,  1.00000000,1,0,0.0,0.5
2874.5333,  1.00000000,1,0,0.0,0.5
2874.5667,  1.00000000,1,0,0.0,0.5
2874.6000,  1.00000000,1,0,0.0,0.5
2874.6333,  1.00000000,1,0,0.0,0.5
2874.6667,  1.00000000,1,0,0.0,0.5
2874.7000,  1.00000000,1,0,0.025000000000000001,0.5
2874.7333,  1.00000000,1,0,0.0,0.5
2874.7667,  1.00000000,1,0,0.0,0.5
2874.8000,  1.00000000,1,0,0.0,0.5
2874.8333,  1.00000000,1,0,0.0,0.5
2874.8667,  1.00000000,1,0,0.0,0.5
2874.9000,  1.00000000,1,0,0.0,0.5
2874.9333,  1.00000000,1,0,0.0,0.5
2874.9667,  1.00000000,1,0,0.0,0.5
2875.0000,  1.00000000,1,0,0.025000000000000001,0.5
2875.0333,  1.00000000,1,0,0.0,0.5
2875.0667,  1.00000000,1,0,0.0,0.5
2875.1000,  1.00000000,1,0,0.0,0.5
2875.1333,  1.00000000,1,0,0.0,0.5
2875.1667,  1.00000000,1,0,0.0,0.5
2875.2000,  1.00000000,1,0,0.0,0.5
2875.2333,  1.00000000,1,0,0.0,0.5
2875.2667,  1.00000000,1,0,0.0,0.5
2875.3000,  1.00000000,1,0,0.0,0.5
2875.3333,  1.00000000,1,0,0.0,0.5
2875.3667,  1.00000000,1,0,0.0,0.5
2875.4000,  1.00000000,1,0,0.025000000000000001,0.5
2875.4333,  1.00000000,1,0,0.0,0.5
2875.4667,  1.00000000,1,0,0.0,0.5
2875.5000,  1.00000000,1,0,0.0,0.5
2875.5333,  1.00000000,1,0,0.0,0.5
2875.5667,  1.00000000,1,0,0.0,0.5
2875.6000,  1.00000000,1,0,0.0,0.5
2875.6333,  1.00000000,1,0,0.0,0.5
2875.6667,  1.00000000,1,0,0.0,0.5
2875.7000,  1.00000000,1,0,0.0,0.5
2875.7333,  1.00000000,1,0,0.0,0.5
2875.7667,  1.00000000,1,0,0.0,0.5
2875.8000,  1.00000000,1,0,0.0,0.5
2875.8333,  1.00000000,1,0,0.0,0.5
2875.8667,  1.00000000,1,0,0.0,0.5
2875.9000,  1.00000000,1,0,0.0,0.5
2875.9333,  1.00000000,1,0,0.0,0.5
2875.9667,  1.00000000,1,0,0.0,0.5
2876.0000,  1.00000000,1,0,0.0,0.5
2876.0333,  1.00000000,1,0,0.0,0.5
2876.0667,  1.00000000,1,0,0.0,0.5
2876.1000,  1.00000000,1,0,0.0,0.5
2876.1333,  1.00000000,1,0,0.0,0.5
2876.1667,  1.00000000,1,0,0.0,0.5
2876.2000,  1.00000000,1,0,0.0,0.5
2876.2333,  1.00000000,1,0,0.0,0.5
2876.2667,  1.00000000,1,0,0.0,0.5
2876.3000,  1.00000000,1,0,0.0,0.5
2876.3333,  1.00000000,1,0,0.0,0.5
2876.3667,  1.00000000,1,0,0.0,0.5
2876.4000,  1.00000000,1,0,0.0,0.5
2876.4333,  1.00000000,1,0,0.0,0.5
2876.4667,  1.00000000,1,0,0.0,0.5
2876.5000,  1.00000000,1,0,0.0,0.5
2876.5333,  1.00000000,1,0,0.0,0.5
2876.5667,  1.00000000,1,0,0.0,0.5
2876.6000,  1.00000000,1,0,0.0,0.5
2876.6333,  1.00000000,1,0,0.0,0.5
2876.6667,  1.00000000,1,0,0.0,0.5
2876.7000,  1.00000000,1,0,0.0,0.5
2876.7333,  1.00000000,1,0,0.0,0.5
2876.7667,  1.00000000,1,0,0.0,0.5
2876.8000,  1.00000000,1,0,0.0,0.5
2876.8333,  1.00000000,1,0,0.0,0.5
2876.8667,  1.00000000,1,0,0.0,0.5
2876.9000,  1.00000000,1,0,0.0,0.5
2876.9333,  1.00000000,1,0,0.0,0.5
2876.9667,  1.00000000,1,0,0.0,0.5
2877.0000,  1.00000000,1,0,0.0,0.5
2877.0333,  1.00000000,1,0,0.0,0.5
2877.0667,  1.00000000,1,0,0.0,0.5
2877.1000,  1.00000000,1,0,0.0,0.5
2877.1333,  1.00000000,1,0,0.0,0.5
2877.1667,  1.00000000,1,0,0.0,0.5
2877.2000,  1.00000000,1,0,0.0,0.5
2877.2333,  1.00000000,1,0,0.0,0.5
2877.2667,  1.00000000,1,0,0.0,0.5
2877.3000,  1.00000000,1,0,0.025000000000000001,0.5
2877.3333,  1.00000000,1,0,0.0,0.5
2877.3667,  1.00000000,1,0,0.0,0.5
2877.4000,  1.00000000,1,0,0.0,0.5
2877.4333,  1.00000000,1,0,0.0,0.5
2877.4667,  1.00000000,1,0,0.0,0.5
2877.5000,  1.00000000,1,0,0.0,0.5
2877.5333,  1.00000000,1,0,0.0,0.5
2877.5667,  1.00000000,1,0,0.0,0.5
2877.6000,  1.00000000,1,0,0.0,0.5
2877.6333,  1.00000000,1,0,0.0,0.5
2877.6667,  1.00000000,1,0,0.0,0.5
2877.7000,  1.00000000,1,0,0.0,0.5
2877.7333,  1.00000000,1,0,0.0,0.5
2877.7667,  1.00000000,1,0,0.0,0.5
2877.8000,  1.00000000,1,0,0.0,0.5
2877.8333,  1.00000000,1,0,0.0,0.5
2877.8667,  1.00000000,1,0,0.0,0.5
2877.9000,  1.00000000,1,0,0.050000000000000003,0.5
2877.9333,  1.00000000,1,0,0.0,0.5
2877.9667,  1.00000000,1,0,0.0,0.5
2878.0000,  1.00000000,1,0,0.0,0.5
2878.0333,  1.00000000,1,0,0.0,0.5
2878.0667,  1.00000000,1,0,0.0,0.5
2878.1000,  1.00000000,1,0,0.0,0.5
2878.1333,  1.00000000,1,0,0.0,0.5
2878.1667,  1.00000000,1,0,0.0,0.5
2878.2000,  1.00000000,1,0,0.0,0.5
2878.2333,  1.00000000,1,0,0.0,0.5
2878.2667,  1.00000000,1,0,0.0,0.5
2878.3000,  1.00000000,1,0,0.0,0.5
2878.3333,  1.00000000,1,0,0.0,0.5
2878.3667,  1.00000000,1,0,0.0,0.5
2878.4000,  1.00000000,1,0,0.0,0.5
2878.4333,  1.00000000,1,0,0.0,0.5
2878.4667,  1.00000000,1,0,0.0,0.5
2878.5000,  1.00000000,1,0,0.0,0.5
2878.5333,  1.00000000,1,0,0.0,0.5
2878.5667,  1.00000000,1,0,0.0,0.5
2878.6000,  1.00000000,1,0,0.0,0.5
2878.6333,  1.00000000,1,0,0.0,0.5
2878.6667,  1.00000000,1,0,0.0,0.5
2878.7000,  1.00000000,1,0,0.0,0.5
2878.7333,  1.00000000,1,0,0.0,0.5
2878.7667,  1.00000000,1,0,0.025000000000000001,0.5
2878.8000,  1.00000000,1,0,0.0,0.5
2878.8333,  1.00000000,1,0,0.0,0.5
2878.8667,  1.00000000,1,0,0.0,0.5
2878.9000,  1.00000000,1,0,0.0,0.5
2878.9333,  1.00000000,1,0,0.0,0.5
2878.9667,  1.00000000,1,0,0.0,0.5
2879.0000,  1.00000000,1,0,0.0,0.5
2879.0333,  1.00000000,1,0,0.0,0.5
2879.0667,  1.00000000,1,0,0.0,0.5
2879.1000,  1.00000000,1,0,0.0,0.5
2879.1333,  1.00000000,1,0,0.0,0.5
2879.1667,  1.00000000,1,0,0.0,0.5
2879.2000,  1.00000000,1,0,0.0,0.5
2879.2333,  1.00000000,1,0,0.0,0.5
2879.2667,  1.00000000,1,0,0.0,0.5
2879.3000,  1.00000000,1,0,0.0,0.5
2879.3333,  1.00000000,1,0,0.0,0.5
2879.3667,  1.00000000,1,0,0.0,0.5
2879.4000,  1.00000000,1,0,0.0,0.5
2879.4333,  1.00000000,1,0,0.0,0.5
2879.4667,  1.00000000,1,0,0.0,0.5
2879.5000,  1.00000000,1,0,0.025000000000000001,0.5
2879.5333,  1.00000000,1,0,0.0,0.5
2879.5667,  1.00000000,1,0,0.0,0.5
2879.6000,  1.00000000,1,0,0.0,0.5
2879.6333,  1.00000000,1,0,0.0,0.5
2879.6667,  1.00000000,1,0,0.0,0.5
2879.7000,  1.00000000,1,0,0.0,0.5
2879.7333,  1.00000000,1,0,0.0,0.5
2879.7667,  1.00000000,1,0,0.0,0.5
2879.8000,  1.00000000,1,0,0.0,0.5
2879.8333,  1.00000000,1,0,0.0,0.5
2879.8667,  1.00000000,1,0,0.0,0.5
2879.9000,  1.00000000,1,0,0.0,0.5
2879.9333,  1.00000000,1,0,0.0,0.5
2879.9667,  1.00000000,1,0,0.0,0.5
2880.0000,  1.00000000,1,0,0.0,0.5
2880.0333,  1.00000000,1,0,0.0,0.5
2880.0667,  1.00000000,1,0,0.0,0.5
2880.1000,  1.00000000,1,0,0.0,0.5
2880.1333,  1.00000000,1,0,0.0,0.5
2880.1667,  1.00000000,1,0,0.0,0.5
2880.2000,  1.00000000,1,0,0.0,0.5
2880.2333,  1.00000000,1,0,0.0,0.5
2880.2667,  1.00000000,1,0,0.0,0.5
2880.3000,  1.00000000,1,0,0.0,0.5
2880.3333,  1.00000000,1,0,0.0,0.5
2880.3667,  1.00000000,1,0,0.0,0.5
2880.4000,  1.00000000,1,0,0.0,0.5
2880.4333,  1.00000000,1,0,0.0,0.5
2880.4667,  1.00000000,1,0,0.0,0.5
2880.5000,  1.00000000,1,0,0.0,0.5
2880.5333,  1.00000000,1,0,0.0,0.5
2880.5667,  1.00000000,1,0,0.0,0.5
2880.6000,  1.00000000,1,0,0.0,0.5
2880.6333,  1.00000000,1,0,0.0,0.5
2880.6667,  1.00000000,1,0,0.0,0.5
2880.7000,  1.00000000,1,0,0.0,0.5
2880.7333,  1.00000000,1,0,0.0,0.5
2880.7667,  1.00000000,1,0,0.0,0.5
2880.8000,  1.00000000,1,0,0.0,0.5
2880.8333,  1.00000000,1,0,0.0,0.5
2880.8667,  1.00000000,1,0,0.0,0.5
2880.9000,  1.00000000,1,0,0.0,0.5
2880.9333,  1.00000000,1,0,0.0,0.5
2880.9667,  1.00000000,1,0,0.0,0.5
2881.0000,  1.00000000,1,0,0.0,0.5
2881.0333,  1.00000000,1,0,0.0,0.5
2881.0667,  1.00000000,1,0,0.0,0.5
2881.1000,  1.00000000,1,0,0.0,0.5
2881.1333,  1.00000000,1,0,0.0,0.5
2881.1667,  1.00000000,1,0,0.0,0.5
2881.2000,  1.00000000,1,0,0.025000000000000001,0.5
2881.2333,  1.00000000,1,0,0.0,0.5
2881.2667,  1.00000000,1,0,0.0,0.5
2881.3000,  1.00000000,1,0,0.0,0.5
2881.3333,  1.00000000,1,0,0.0,0.5
2881.3667,  1.00000000,1,0,0.025000000000000001,0.5
2881.4000,  1.00000000,1,0,0.0,0.5
2881.4333,  1.00000000,1,0,0.0,0.5
2881.4667,  1.00000000,1,0,0.0,0.5
2881.5000,  1.00000000,1,0,0.0,0.5
2881.5333,  1.00000000,1,0,0.0,0.5
2881.5667,  1.00000000,1,0,0.0,0.5
2881.6000,  1.00000000,1,0,0.0,0.5
2881.6333,  1.00000000,1,0,0.0,0.5
2881.6667,  1.00000000,1,0,0.0,0.5
2881.7000,  1.00000000,1,0,0.0,0.5
2881.7333,  1.00000000,1,0,0.0,0.5
2881.7667,  1.00000000,1,0,0.0,0.5
2881.8000,  1.00000000,1,0,0.0,0.5
2881.8333,  1.00000000,1,0,0.0,0.5
2881.8667,  1.00000000,1,0,0.0,0.5
2881.9000,  1.00000000,1,0,0.0,0.5
2881.9333,  1.00000000,1,0,0.0,0.5
2881.9667,  1.00000000,1,0,0.0,0.5
2882.0000,  1.00000000,1,0,0.0,0.5
2882.0333,  1.00000000,1,0,0.0,0.5
2882.0667,  1.00000000,1,0,0.0,0.5
2882.1000,  1.00000000,1,0,0.0,0.5
2882.1333,  1.00000000,1,0,0.0,0.5
2882.1667,  1.00000000,1,0,0.0,0.5
2882.2000,  1.00000000,1,0,0.0,0.5
2882.2333,  1.00000000,1,0,0.0,0.5
2882.2667,  1.00000000,1,0,0.0,0.5
2882.3000,  1.00000000,1,0,0.0,0.5
2882.3333,  1.00000000,1,0,0.0,0.5
2882.3667,  1.00000000,1,0,0.0,0.5
2882.4000,  1.00000000,1,0,0.0,0.5
2882.4333,  1.00000000,1,0,0.0,0.5
2882.4667,  1.00000000,1,0,0.025000000000000001,0.5
2882.5000,  1.00000000,1,0,0.0,0.5
2882.5333,  1.00000000,1,0,0.0,0.5
2882.5667,  1.00000000,1,0,0.0,0.5
2882.6000,  1.00000000,1,0,0.0,0.5
2882.6333,  1.00000000,1,0,0.0,0.5
2882.6667,  1.00000000,1,0,0.0,0.5
2882.7000,  1.00000000,1,0,0.0,0.5
2882.7333,  1.00000000,1,0,0.0,0.5
2882.7667,  1.00000000,1,0,0.0,0.5
2882.8000,  1.00000000,1,0,0.0,0.5
2882.8333,  1.00000000,1,0,0.0,0.5
2882.8667,  1.00000000,1,0,0.0,0.5
2882.9000,  1.00000000,1,0,0.0,0.5
2882.9333,  1.00000000,1,0,0.0,0.5
2882.9667,  1.00000000,1,0,0.0,0.5
2883.0000,  1.00000000,1,0,0.0,0.5
2883.0333,  1.00000000,1,0,0.0,0.5
2883.0667,  1.00000000,1,0,0.0,0.5
2883.1000,  1.00000000,1,0,0.0,0.5
2883.1333,  1.00000000,1,0,0.0,0.5
2883.1667,  1.00000000,1,0,0.0,0.5
2883.2000,  1.00000000,1,0,0.0,0.5
2883.2333,  1.00000000,1,0,0.0,0.5
2883.2667,  1.00000000,1,0,0.0,0.5
2883.3000,  1.00000000,1,0,0.0,0.5
2883.3333,  1.00000000,1,0,0.0,0.5
2883.3667,  1.00000000,1,0,0.0,0.5
2883.4000,  1.00000000,1,0,0.0,0.5
2883.4333,  1.00000000,1,0,0.0,0.5
2883.4667,  1.00000000,1,0,0.0,0.5
2883.5000,  1.00000000,1,0,0.0,0.5
2883.5333,  1.00000000,1,0,0.0,0.5
2883.5667,  1.00000000,1,0,0.0,0.5
2883.6000,  1.00000000,1,0,0.0,0.5
2883.6333,  1.00000000,1,0,0.0,0.5
2883.6667,  1.00000000,1,0,0.0,0.5
2883.7000,  1.00000000,1,0,0.0,0.5
2883.7333,  1.00000000,1,0,0.0,0.5
2883.7667,  1.00000000,1,0,0.0,0.5
2883.8000,  1.00000000,1,0,0.0,0.5
2883.8333,  1.00000000,1,0,0.0,0.5
2883.8667,  1.00000000,1,0,0.0,0.5
2883.9000,  1.00000000,1,0,0.0,0.5
2883.9333,  1.00000000,1,0,0.0,0.5
2883.9667,  1.00000000,1,0,0.0,0.5
2884.0000,  1.00000000,1,0,0.0,0.5
2884.0333,  1.00000000,1,0,0.0,0.5
2884.0667,  1.00000000,1,0,0.0,0.5
2884.1000,  1.00000000,1,0,0.0,0.5
2884.1333,  1.00000000,1,0,0.0,0.5
2884.1667,  1.00000000,1,0,0.0,0.5
2884.2000,  1.00000000,1,0,0.025000000000000001,0.5
2884.2333,  1.00000000,1,0,0.0,0.5
2884.2667,  1.00000000,1,0,0.0,0.5
2884.3000,  1.00000000,1,0,0.0,0.5
2884.3333,  1.00000000,1,0,0.0,0.5
2884.3667,  1.00000000,1,0,0.0,0.5
2884.4000,  1.00000000,1,0,0.0,0.5
2884.4333,  1.00000000,1,0,0.0,0.5
2884.4667,  1.00000000,1,0,0.0,0.5
2884.5000,  1.00000000,1,0,0.0,0.5
2884.5333,  1.00000000,1,0,0.0,0.5
2884.5667,  1.00000000,1,0,0.0,0.5
2884.6000,  1.00000000,1,0,0.0,0.5
2884.6333,  1.00000000,1,0,0.0,0.5
2884.6667,  1.00000000,1,0,0.0,0.5
2884.7000,  1.00000000,1,0,0.0,0.5
2884.7333,  1.00000000,1,0,0.0,0.5
2884.7667,  1.00000000,1,0,0.0,0.5
2884.8000,  1.00000000,1,0,0.0,0.5
2884.8333,  1.00000000,1,0,0.0,0.5
2884.8667,  1.00000000,1,0,0.0,0.5
2884.9000,  1.00000000,1,0,0.0,0.5
2884.9333,  1.00000000,1,0,0.0,0.5
2884.9667,  1.00000000,1,0,0.0,0.5
2885.0000,  1.00000000,1,0,0.025000000000000001,0.5
2885.0333,  1.00000000,1,0,0.0,0.5
2885.0667,  1.00000000,1,0,0.0,0.5
2885.1000,  1.00000000,1,0,0.0,0.5
2885.1333,  1.00000000,1,0,0.0,0.5
2885.1667,  1.00000000,1,0,0.0,0.5
2885.2000,  1.00000000,1,0,0.0,0.5
2885.2333,  1.00000000,1,0,0.0,0.5
2885.2667,  1.00000000,1,0,0.0,0.5
2885.3000,  1.00000000,1,0,0.0,0.5
2885.3333,  1.00000000,1,0,0.0,0.5
2885.3667,  1.00000000,1,0,0.0,0.5
2885.4000,  1.00000000,1,0,0.0,0.5
2885.4333,  1.00000000,1,0,0.0,0.5
2885.4667,  1.00000000,1,0,0.0,0.5
2885.5000,  1.00000000,1,0,0.0,0.5
2885.5333,  1.00000000,1,0,0.0,0.5
2885.5667,  1.00000000,1,0,0.0,0.5
2885.6000,  1.00000000,1,0,0.0,0.5
2885.6333,  1.00000000,1,0,0.0,0.5
2885.6667,  1.00000000,1,0,0.0,0.5
2885.7000,  1.00000000,1,0,0.0,0.5
2885.7333,  1.00000000,1,0,0.0,0.5
2885.7667,  1.00000000,1,0,0.0,0.5
2885.8000,  1.00000000,1,0,0.0,0.5
2885.8333,  1.00000000,1,0,0.0,0.5
2885.8667,  1.00000000,1,0,0.0,0.5
2885.9000,  1.00000000,1,0,0.0,0.5
2885.9333,  1.00000000,1,0,0.0,0.5
2885.9667,  1.00000000,1,0,0.0,0.5
2886.0000,  1.00000000,1,0,0.0,0.5
2886.0333,  1.00000000,1,0,0.0,0.5
2886.0667,  1.00000000,1,0,0.0,0.5
2886.1000,  1.00000000,1,0,0.0,0.5
2886.1333,  1.00000000,1,0,0.0,0.5
2886.1667,  1.00000000,1,0,0.0,0.5
2886.2000,  1.00000000,1,0,0.0,0.5
2886.2333,  1.00000000,1,0,0.0,0.5
2886.2667,  1.00000000,1,0,0.0,0.5
2886.3000,  1.00000000,1,0,0.0,0.5
2886.3333,  1.00000000,1,0,0.0,0.5
2886.3667,  1.00000000,1,0,0.0,0.5
2886.4000,  1.00000000,1,0,0.0,0.5
2886.4333,  1.00000000,1,0,0.0,0.5
2886.4667,  1.00000000,1,0,0.0,0.5
2886.5000,  1.00000000,1,0,0.0,0.5
2886.5333,  1.00000000,1,0,0.0,0.5
2886.5667,  1.00000000,1,0,0.0,0.5
2886.6000,  1.00000000,1,0,0.0,0.5
2886.6333,  1.00000000,1,0,0.0,0.5
2886.6667,  1.00000000,1,0,0.0,0.5
2886.7000,  1.00000000,1,0,0.0,0.5
2886.7333,  1.00000000,1,0,0.0,0.5
2886.7667,  1.00000000,1,0,0.0,0.5
2886.8000,  1.00000000,1,0,0.0,0.5
2886.8333,  1.00000000,1,0,0.0,0.5
2886.8667,  1.00000000,1,0,0.0,0.5
2886.9000,  1.00000000,1,0,0.0,0.5
2886.9333,  1.00000000,1,0,0.0,0.5
2886.9667,  1.00000000,1,0,0.0,0.5
2887.0000,  1.00000000,1,0,0.0,0.5
2887.0333,  1.00000000,1,0,0.0,0.5
2887.0667,  1.00000000,1,0,0.0,0.5
2887.1000,  1.00000000,1,0,0.0,0.5
2887.1333,  1.00000000,1,0,0.0,0.5
2887.1667,  1.00000000,1,0,0.0,0.5
2887.2000,  1.00000000,1,0,0.0,0.5
2887.2333,  1.00000000,1,0,0.0,0.5
2887.2667,  1.00000000,1,0,0.0,0.5
2887.3000,  1.00000000,1,0,0.0,0.5
2887.3333,  1.00000000,1,0,0.0,0.5
2887.3667,  1.00000000,1,0,0.0,0.5
2887.4000,  1.00000000,1,0,0.0,0.5
2887.4333,  1.00000000,1,0,0.0,0.5
2887.4667,  1.00000000,1,0,0.0,0.5
2887.5000,  1.00000000,1,0,0.0,0.5
2887.5333,  1.00000000,1,0,0.0,0.5
2887.5667,  1.00000000,1,0,0.0,0.5
2887.6000,  1.00000000,1,0,0.0,0.5
2887.6333,  1.00000000,1,0,0.0,0.5
2887.6667,  1.00000000,1,0,0.0,0.5
2887.7000,  1.00000000,1,0,0.0,0.5
2887.7333,  1.00000000,1,0,0.0,0.5
2887.7667,  1.00000000,1,0,0.0,0.5
2887.8000,  1.00000000,1,0,0.0,0.5
2887.8333,  1.00000000,1,0,0.0,0.5
2887.8667,  1.00000000,1,0,0.0,0.5
2887.9000,  1.00000000,1,0,0.0,0.5
2887.9333,  1.00000000,1,0,0.0,0.5
2887.9667,  1.00000000,1,0,0.0,0.5
2888.0000,  1.00000000,1,0,0.0,0.5
2888.0333,  1.00000000,1,0,0.0,0.5
2888.0667,  1.00000000,1,0,0.0,0.5
2888.1000,  1.00000000,1,0,0.0,0.5
2888.1333,  1.00000000,1,0,0.0,0.5
2888.1667,  1.00000000,1,0,0.0,0.5
2888.2000,  1.00000000,1,0,0.0,0.5
2888.2333,  1.00000000,1,0,0.0,0.5
2888.2667,  1.00000000,1,0,0.0,0.5
2888.3000,  1.00000000,1,0,0.0,0.5
2888.3333,  1.00000000,1,0,0.0,0.5
2888.3667,  1.00000000,1,0,0.0,0.5
2888.4000,  1.00000000,1,0,0.0,0.5
2888.4333,  1.00000000,1,0,0.0,0.5
2888.4667,  1.00000000,1,0,0.0,0.5
2888.5000,  1.00000000,1,0,0.0,0.5
2888.5333,  1.00000000,1,0,0.0,0.5
2888.5667,  1.00000000,1,0,0.0,0.5
2888.6000,  1.00000000,1,0,0.0,0.5
2888.6333,  1.00000000,1,0,0.0,0.5
2888.6667,  1.00000000,1,0,0.0,0.5
2888.7000,  1.00000000,1,0,0.0,0.5
2888.7333,  1.00000000,1,0,0.0,0.5
2888.7667,  1.00000000,1,0,0.0,0.5
2888.8000,  1.00000000,1,0,0.0,0.5
2888.8333,  1.00000000,1,0,0.025000000000000001,0.5
2888.8667,  1.00000000,1,0,0.0,0.5
2888.9000,  1.00000000,1,0,0.025000000000000001,0.5
2888.9333,  1.00000000,1,0,0.0,0.5
2888.9667,  1.00000000,1,0,0.0,0.5
2889.0000,  1.00000000,1,0,0.0,0.5
2889.0333,  1.00000000,1,0,0.0,0.5
2889.0667,  1.00000000,1,0,0.0,0.5
2889.1000,  1.00000000,1,0,0.0,0.5
2889.1333,  1.00000000,1,0,0.0,0.5
2889.1667,  1.00000000,1,0,0.0,0.5
2889.2000,  1.00000000,1,0,0.0,0.5
2889.2333,  1.00000000,1,0,0.0,0.5
2889.2667,  1.00000000,1,0,0.0,0.5
2889.3000,  1.00000000,1,0,0.0,0.5
2889.3333,  1.00000000,1,0,0.0,0.5
2889.3667,  1.00000000,1,0,0.0,0.5
2889.4000,  1.00000000,1,0,0.0,0.5
2889.4333,  1.00000000,1,0,0.0,0.5
2889.4667,  1.00000000,1,0,0.0,0.5
2889.5000,  1.00000000,1,0,0.0,0.5
2889.5333,  1.00000000,1,0,0.0,0.5
2889.5667,  1.00000000,1,0,0.0,0.5
2889.6000,  1.00000000,1,0,0.0,0.5
2889.6333,  1.00000000,1,0,0.0,0.5
2889.6667,  1.00000000,1,0,0.0,0.5
2889.7000,  1.00000000,1,0,0.0,0.5
2889.7333,  1.00000000,1,0,0.0,0.5
2889.7667,  1.00000000,1,0,0.0,0.5
2889.8000,  1.00000000,1,0,0.0,0.5
2889.8333,  1.00000000,1,0,0.0,0.5
2889.8667,  1.00000000,1,0,0.0,0.5
2889.9000,  1.00000000,1,0,0.0,0.5
2889.9333,  1.00000000,1,0,0.0,0.5
2889.9667,  1.00000000,1,0,0.0,0.5
2890.0000,  1.00000000,1,0,0.0,0.5
2890.0333,  1.00000000,1,0,0.0,0.5
2890.0667,  1.00000000,1,0,0.0,0.5
2890.1000,  1.00000000,1,0,0.0,0.5
2890.1333,  1.00000000,1,0,0.0,0.5
2890.1667,  1.00000000,1,0,0.0,0.5
2890.2000,  1.00000000,1,0,0.0,0.5
2890.2333,  1.00000000,1,0,0.0,0.5
2890.2667,  1.00000000,1,0,0.0,0.5
2890.3000,  1.00000000,1,0,0.0,0.5
2890.3333,  1.00000000,1,0,0.0,0.5
2890.3667,  1.00000000,1,0,0.0,0.5
2890.4000,  1.00000000,1,0,0.0,0.5
2890.4333,  1.00000000,1,0,0.0,0.5
2890.4667,  1.00000000,1,0,0.0,0.5
2890.5000,  1.00000000,1,0,0.0,0.5
2890.5333,  1.00000000,1,0,0.0,0.5
2890.5667,  1.00000000,1,0,0.0,0.5
2890.6000,  1.00000000,1,0,0.0,0.5
2890.6333,  1.00000000,1,0,0.0,0.5
2890.6667,  1.00000000,1,0,0.0,0.5
2890.7000,  1.00000000,1,0,0.0,0.5
2890.7333,  1.00000000,1,0,0.0,0.5
2890.7667,  1.00000000,1,0,0.0,0.5
2890.8000,  1.00000000,1,0,0.0,0.5
2890.8333,  1.00000000,1,0,0.0,0.5
2890.8667,  1.00000000,1,0,0.0,0.5
2890.9000,  1.00000000,1,0,0.0,0.5
2890.9333,  1.00000000,1,0,0.0,0.5
2890.9667,  1.00000000,1,0,0.0,0.5
2891.0000,  1.00000000,1,0,0.0,0.5
2891.0333,  1.00000000,1,0,0.0,0.5
2891.0667,  1.00000000,1,0,0.0,0.5
2891.1000,  1.00000000,1,0,0.0,0.5
2891.1333,  1.00000000,1,0,0.0,0.5
2891.1667,  1.00000000,1,0,0.0,0.5
2891.2000,  1.00000000,1,0,0.0,0.5
2891.2333,  1.00000000,1,0,0.0,0.5
2891.2667,  1.00000000,1,0,0.0,0.5
2891.3000,  1.00000000,1,0,0.0,0.5
2891.3333,  1.00000000,1,0,0.0,0.5
2891.3667,  1.00000000,1,0,0.0,0.5
2891.4000,  1.00000000,1,0,0.0,0.5
2891.4333,  1.00000000,1,0,0.0,0.5
2891.4667,  1.00000000,1,0,0.0,0.5
2891.5000,  1.00000000,1,0,0.0,0.5
2891.5333,  1.00000000,1,0,0.0,0.5
2891.5667,  1.00000000,1,0,0.0,0.5
2891.6000,  1.00000000,1,0,0.0,0.5
2891.6333,  1.00000000,1,0,0.0,0.5
2891.6667,  1.00000000,1,0,0.0,0.5
2891.7000,  1.00000000,1,0,0.0,0.5
2891.7333,  1.00000000,1,0,0.0,0.5
2891.7667,  1.00000000,1,0,0.0,0.5
2891.8000,  1.00000000,1,0,0.0,0.5
2891.8333,  1.00000000,1,0,0.0,0.5
2891.8667,  1.00000000,1,0,0.0,0.5
2891.9000,  1.00000000,1,0,0.0,0.5
2891.9333,  1.00000000,1,0,0.0,0.5
2891.9667,  1.00000000,1,0,0.0,0.5
2892.0000,  1.00000000,1,0,0.0,0.5
2892.0333,  1.00000000,1,0,0.0,0.5
2892.0667,  1.00000000,1,0,0.0,0.5
2892.1000,  1.00000000,1,0,0.0,0.5
2892.1333,  1.00000000,1,0,0.0,0.5
2892.1667,  1.00000000,1,0,0.0,0.5
2892.2000,  1.00000000,1,0,0.0,0.5
2892.2333,  1.00000000,1,0,0.0,0.5
2892.2667,  1.00000000,1,0,0.0,0.5
2892.3000,  1.00000000,1,0,0.0,0.5
2892.3333,  1.00000000,1,0,0.0,0.5
2892.3667,  1.00000000,1,0,0.0,0.5
2892.4000,  1.00000000,1,0,0.0,0.5
2892.4333,  1.00000000,1,0,0.0,0.5
2892.4667,  1.00000000,1,0,0.0,0.5
2892.5000,  1.00000000,1,0,0.0,0.5
2892.5333,  1.00000000,1,0,0.0,0.5
2892.5667,  1.00000000,1,0,0.0,0.5
2892.6000,  1.00000000,1,0,0.0,0.5
2892.6333,  1.00000000,1,0,0.0,0.5
2892.6667,  1.00000000,1,0,0.0,0.5
2892.7000,  1.00000000,1,0,0.0,0.5
2892.7333,  1.00000000,1,0,0.0,0.5
2892.7667,  1.00000000,1,0,0.0,0.5
2892.8000,  1.00000000,1,0,0.0,0.5
2892.8333,  1.00000000,1,0,0.0,0.5
2892.8667,  1.00000000,1,0,0.0,0.5
2892.9000,  1.00000000,1,0,0.0,0.5
2892.9333,  1.00000000,1,0,0.0,0.5
2892.9667,  1.00000000,1,0,0.0,0.5
2893.0000,  1.00000000,1,0,0.0,0.5
2893.0333,  1.00000000,1,0,0.0,0.5
2893.0667,  1.00000000,1,0,0.0,0.5
2893.1000,  1.00000000,1,0,0.0,0.5
2893.1333,  1.00000000,1,0,0.0,0.5
2893.1667,  1.00000000,1,0,0.0,0.5
2893.2000,  1.00000000,1,0,0.0,0.5
2893.2333,  1.00000000,1,0,0.0,0.5
2893.2667,  1.00000000,1,0,0.0,0.5
2893.3000,  1.00000000,1,0,0.0,0.5
2893.3333,  1.00000000,1,0,0.0,0.5
2893.3667,  1.00000000,1,0,0.0,0.5
2893.4000,  1.00000000,1,0,0.0,0.5
2893.4333,  1.00000000,1,0,0.0,0.5
2893.4667,  1.00000000,1,0,0.0,0.5
2893.5000,  1.00000000,1,0,0.0,0.5
2893.5333,  1.00000000,1,0,0.0,0.5
2893.5667,  1.00000000,1,0,0.0,0.5
2893.6000,  1.00000000,1,0,0.0,0.5
2893.6333,  1.00000000,1,0,0.0,0.5
2893.6667,  1.00000000,1,0,0.0,0.5
2893.7000,  1.00000000,1,0,0.0,0.5
2893.7333,  1.00000000,1,0,0.0,0.5
2893.7667,  1.00000000,1,0,0.0,0.5
2893.8000,  1.00000000,1,0,0.0,0.5
2893.8333,  1.00000000,1,0,0.0,0.5
2893.8667,  1.00000000,1,0,0.0,0.5
2893.9000,  1.00000000,1,0,0.0,0.5
2893.9333,  1.00000000,1,0,0.0,0.5
2893.9667,  1.00000000,1,0,0.0,0.5
2894.0000,  1.00000000,1,0,0.0,0.5
2894.0333,  1.00000000,1,0,0.0,0.5
2894.0667,  1.00000000,1,0,0.0,0.5
2894.1000,  1.00000000,1,0,0.025000000000000001,0.5
2894.1333,  1.00000000,1,0,0.0,0.5
2894.1667,  1.00000000,1,0,0.0,0.5
2894.2000,  1.00000000,1,0,0.0,0.5
2894.2333,  1.00000000,1,0,0.0,0.5
2894.2667,  1.00000000,1,0,0.0,0.5
2894.3000,  1.00000000,1,0,0.0,0.5
2894.3333,  1.00000000,1,0,0.0,0.5
2894.3667,  1.00000000,1,0,0.0,0.5
2894.4000,  1.00000000,1,0,0.0,0.5
2894.4333,  1.00000000,1,0,0.0,0.5
2894.4667,  1.00000000,1,0,0.0,0.5
2894.5000,  1.00000000,1,0,0.0,0.5
2894.5333,  1.00000000,1,0,0.0,0.5
2894.5667,  1.00000000,1,0,0.0,0.5
2894.6000,  1.00000000,1,0,0.0,0.5
2894.6333,  1.00000000,1,0,0.0,0.5
2894.6667,  1.00000000,1,0,0.0,0.5
2894.7000,  1.00000000,1,0,0.0,0.5
2894.7333,  1.00000000,1,0,0.0,0.5
2894.7667,  1.00000000,1,0,0.0,0.5
2894.8000,  1.00000000,1,0,0.0,0.5
2894.8333,  1.00000000,1,0,0.0,0.5
2894.8667,  1.00000000,1,0,0.0,0.5
2894.9000,  1.00000000,1,0,0.0,0.5
2894.9333,  1.00000000,1,0,0.0,0.5
2894.9667,  1.00000000,1,0,0.0,0.5
2895.0000,  1.00000000,1,0,0.0,0.5
2895.0333,  1.00000000,1,0,0.025000000000000001,0.5
2895.0667,  1.00000000,1,0,0.0,0.5
2895.1000,  1.00000000,1,0,0.0,0.5
2895.1333,  1.00000000,1,0,0.0,0.5
2895.1667,  1.00000000,1,0,0.0,0.5
2895.2000,  1.00000000,1,0,0.0,0.5
2895.2333,  1.00000000,1,0,0.0,0.5
2895.2667,  1.00000000,1,0,0.0,0.5
2895.3000,  1.00000000,1,0,0.0,0.5
2895.3333,  1.00000000,1,0,0.0,0.5
2895.3667,  1.00000000,1,0,0.0,0.5
2895.4000,  1.00000000,1,0,0.025000000000000001,0.5
2895.4333,  1.00000000,1,0,0.0,0.5
2895.4667,  1.00000000,1,0,0.0,0.5
2895.5000,  1.00000000,1,0,0.0,0.5
2895.5333,  1.00000000,1,0,0.0,0.5
2895.5667,  1.00000000,1,0,0.0,0.5
2895.6000,  1.00000000,1,0,0.0,0.5
2895.6333,  1.00000000,1,0,0.0,0.5
2895.6667,  1.00000000,1,0,0.0,0.5
2895.7000,  1.00000000,1,0,0.0,0.5
2895.7333,  1.00000000,1,0,0.0,0.5
2895.7667,  1.00000000,1,0,0.0,0.5
2895.8000,  1.00000000,1,0,0.0,0.5
2895.8333,  1.00000000,1,0,0.0,0.5
2895.8667,  1.00000000,1,0,0.0,0.5
2895.9000,  1.00000000,1,0,0.0,0.5
2895.9333,  1.00000000,1,0,0.0,0.5
2895.9667,  1.00000000,1,0,0.0,0.5
2896.0000,  1.00000000,1,0,0.0,0.5
2896.0333,  1.00000000,1,0,0.0,0.5
2896.0667,  1.00000000,1,0,0.0,0.5
2896.1000,  1.00000000,1,0,0.0,0.5
2896.1333,  1.00000000,1,0,0.0,0.5
2896.1667,  1.00000000,1,0,0.0,0.5
2896.2000,  1.00000000,1,0,0.0,0.5
2896.2333,  1.00000000,1,0,0.0,0.5
2896.2667,  1.00000000,1,0,0.0,0.5
2896.3000,  1.00000000,1,0,0.0,0.5
2896.3333,  1.00000000,1,0,0.0,0.5
2896.3667,  1.00000000,1,0,0.0,0.5
2896.4000,  1.00000000,1,0,0.0,0.5
2896.4333,  1.00000000,1,0,0.0,0.5
2896.4667,  1.00000000,1,0,0.0,0.5
2896.5000,  1.00000000,1,0,0.0,0.5
2896.5333,  1.00000000,1,0,0.0,0.5
2896.5667,  1.00000000,1,0,0.0,0.5
2896.6000,  1.00000000,1,0,0.0,0.5
2896.6333,  1.00000000,1,0,0.0,0.5
2896.6667,  1.00000000,1,0,0.0,0.5
2896.7000,  1.00000000,1,0,0.0,0.5
2896.7333,  1.00000000,1,0,0.0,0.5
2896.7667,  1.00000000,1,0,0.0,0.5
2896.8000,  1.00000000,1,0,0.0,0.5
2896.8333,  1.00000000,1,0,0.0,0.5
2896.8667,  1.00000000,1,0,0.0,0.5
2896.9000,  1.00000000,1,0,0.0,0.5
2896.9333,  1.00000000,1,0,0.0,0.5
2896.9667,  1.00000000,1,0,0.0,0.5
2897.0000,  1.00000000,1,0,0.0,0.5
2897.0333,  1.00000000,1,0,0.0,0.5
2897.0667,  1.00000000,1,0,0.0,0.5
2897.1000,  1.00000000,1,0,0.0,0.5
2897.1333,  1.00000000,1,0,0.0,0.5
2897.1667,  1.00000000,1,0,0.0,0.5
2897.2000,  1.00000000,1,0,0.0,0.5
2897.2333,  1.00000000,1,0,0.0,0.5
2897.2667,  1.00000000,1,0,0.0,0.5
2897.3000,  1.00000000,1,0,0.0,0.5
2897.3333,  1.00000000,1,0,0.0,0.5
2897.3667,  1.00000000,1,0,0.0,0.5
2897.4000,  1.00000000,1,0,0.0,0.5
2897.4333,  1.00000000,1,0,0.0,0.5
2897.4667,  1.00000000,1,0,0.0,0.5
2897.5000,  1.00000000,1,0,0.0,0.5
2897.5333,  1.00000000,1,0,0.0,0.5
2897.5667,  1.00000000,1,0,0.0,0.5
2897.6000,  1.00000000,1,0,0.0,0.5
2897.6333,  1.00000000,1,0,0.0,0.5
2897.6667,  1.00000000,1,0,0.0,0.5
2897.7000,  1.00000000,1,0,0.0,0.5
2897.7333,  1.00000000,1,0,0.0,0.5
2897.7667,  1.00000000,1,0,0.0,0.5
2897.8000,  1.00000000,1,0,0.0,0.5
2897.8333,  1.00000000,1,0,0.0,0.5
2897.8667,  1.00000000,1,0,0.0,0.5
2897.9000,  1.00000000,1,0,0.025000000000000001,0.5
2897.9333,  1.00000000,1,0,0.0,0.5
2897.9667,  1.00000000,1,0,0.0,0.5
2898.0000,  1.00000000,1,0,0.0,0.5
2898.0333,  1.00000000,1,0,0.0,0.5
2898.0667,  1.00000000,1,0,0.0,0.5
2898.1000,  1.00000000,1,0,0.0,0.5
2898.1333,  1.00000000,1,0,0.0,0.5
2898.1667,  1.00000000,1,0,0.0,0.5
2898.2000,  1.00000000,1,0,0.025000000000000001,0.5
2898.2333,  1.00000000,1,0,0.0,0.5
2898.2667,  1.00000000,1,0,0.0,0.5
2898.3000,  1.00000000,1,0,0.0,0.5
2898.3333,  1.00000000,1,0,0.025000000000000001,0.5
2898.3667,  1.00000000,1,0,0.0,0.5
2898.4000,  1.00000000,1,0,0.0,0.5
2898.4333,  1.00000000,1,0,0.0,0.5
2898.4667,  1.00000000,1,0,0.0,0.5
2898.5000,  1.00000000,1,0,0.0,0.5
2898.5333,  1.00000000,1,0,0.0,0.5
2898.5667,  1.00000000,1,0,0.0,0.5
2898.6000,  1.00000000,1,0,0.0,0.5
2898.6333,  1.00000000,1,0,0.0,0.5
2898.6667,  1.00000000,1,0,0.0,0.5
2898.7000,  1.00000000,1,0,0.0,0.5
2898.7333,  1.00000000,1,0,0.0,0.5
2898.7667,  1.00000000,1,0,0.0,0.5
2898.8000,  1.00000000,1,0,0.0,0.5
2898.8333,  1.00000000,1,0,0.0,0.5
2898.8667,  1.00000000,1,0,0.0,0.5
2898.9000,  1.00000000,1,0,0.0,0.5
2898.9333,  1.00000000,1,0,0.0,0.5
2898.9667,  1.00000000,1,0,0.025000000000000001,0.5
2899.0000,  1.00000000,1,0,0.0,0.5
2899.0333,  1.00000000,1,0,0.0,0.5
2899.0667,  1.00000000,1,0,0.0,0.5
2899.1000,  1.00000000,1,0,0.0,0.5
2899.1333,  1.00000000,1,0,0.025000000000000001,0.5
2899.1667,  1.00000000,1,0,0.0,0.5
2899.2000,  1.00000000,1,0,0.0,0.5
2899.2333,  1.00000000,1,0,0.0,0.5
2899.2667,  1.00000000,1,0,0.0,0.5
2899.3000,  1.00000000,1,0,0.0,0.5
2899.3333,  1.00000000,1,0,0.0,0.5
2899.3667,  1.00000000,1,0,0.0,0.5
2899.4000,  1.00000000,1,0,0.0,0.5
2899.4333,  1.00000000,1,0,0.0,0.5
2899.4667,  1.00000000,1,0,0.0,0.5
2899.5000,  1.00000000,1,0,0.0,0.5
2899.5333,  1.00000000,1,0,0.0,0.5
2899.5667,  1.00000000,1,0,0.0,0.5
2899.6000,  1.00000000,1,0,0.0,0.5
2899.6333,  1.00000000,1,0,0.0,0.5
2899.6667,  1.00000000,1,0,0.0,0.5
2899.7000,  1.00000000,1,0,0.0,0.5
2899.7333,  1.00000000,1,0,0.0,0.5
2899.7667,  1.00000000,1,0,0.0,0.5
2899.8000,  1.00000000,1,0,0.0,0.5
2899.8333,  1.00000000,1,0,0.0,0.5
2899.8667,  1.00000000,1,0,0.0,0.5
2899.9000,  1.00000000,1,0,0.0,0.5
2899.9333,  1.00000000,1,0,0.0,0.5
2899.9667,  1.00000000,1,0,0.0,0.5
2900.0000,  1.00000000,1,0,0.0,0.5
2900.0333,  1.00000000,1,0,0.0,0.5
2900.0667,  1.00000000,1,0,0.0,0.5
2900.1000,  1.00000000,1,0,0.0,0.5
2900.1333,  1.00000000,1,0,0.0,0.5
2900.1667,  1.00000000,1,0,0.0,0.5
2900.2000,  1.00000000,1,0,0.0,0.5
2900.2333,  1.00000000,1,0,0.0,0.5
2900.2667,  1.00000000,1,0,0.0,0.5
2900.3000,  1.00000000,1,0,0.0,0.5
2900.3333,  1.00000000,1,0,0.0,0.5
2900.3667,  1.00000000,1,0,0.0,0.5
2900.4000,  1.00000000,1,0,0.0,0.5
2900.4333,  1.00000000,1,0,0.0,0.5
2900.4667,  1.00000000,1,0,0.0,0.5
2900.5000,  1.00000000,1,0,0.0,0.5
2900.5333,  1.00000000,1,0,0.0,0.5
2900.5667,  1.00000000,1,0,0.0,0.5
2900.6000,  1.00000000,1,0,0.0,0.5
2900.6333,  1.00000000,1,0,0.0,0.5
2900.6667,  1.00000000,1,0,0.0,0.5
2900.7000,  1.00000000,1,0,0.0,0.5
2900.7333,  1.00000000,1,0,0.0,0.5
2900.7667,  1.00000000,1,0,0.0,0.5
2900.8000,  1.00000000,1,0,0.0,0.5
2900.8333,  1.00000000,1,0,0.0,0.5
2900.8667,  1.00000000,1,0,0.0,0.5
2900.9000,  1.00000000,1,0,0.0,0.5
2900.9333,  1.00000000,1,0,0.0,0.5
2900.9667,  1.00000000,1,0,0.0,0.5
2901.0000,  1.00000000,1,0,0.0,0.5
2901.0333,  1.00000000,1,0,0.0,0.5
2901.0667,  1.00000000,1,0,0.0,0.5
2901.1000,  1.00000000,1,0,0.0,0.5
2901.1333,  1.00000000,1,0,0.0,0.5
2901.1667,  1.00000000,1,0,0.0,0.5
2901.2000,  1.00000000,1,0,0.0,0.5
2901.2333,  1.00000000,1,0,0.0,0.5
2901.2667,  1.00000000,1,0,0.0,0.5
2901.3000,  1.00000000,1,0,0.0,0.5
2901.3333,  1.00000000,1,0,0.0,0.5
2901.3667,  1.00000000,1,0,0.0,0.5
2901.4000,  1.00000000,1,0,0.0,0.5
2901.4333,  1.00000000,1,0,0.0,0.5
2901.4667,  1.00000000,1,0,0.0,0.5
2901.5000,  1.00000000,1,0,0.0,0.5
2901.5333,  1.00000000,1,0,0.0,0.5
2901.5667,  1.00000000,1,0,0.0,0.5
2901.6000,  1.00000000,1,0,0.0,0.5
2901.6333,  1.00000000,1,0,0.0,0.5
2901.6667,  1.00000000,1,0,0.0,0.5
2901.7000,  1.00000000,1,0,0.0,0.5
2901.7333,  1.00000000,1,0,0.0,0.5
2901.7667,  1.00000000,1,0,0.0,0.5
2901.8000,  1.00000000,1,0,0.0,0.5
2901.8333,  1.00000000,1,0,0.0,0.5
2901.8667,  1.00000000,1,0,0.0,0.5
2901.9000,  1.00000000,1,0,0.0,0.5
2901.9333,  1.00000000,1,0,0.0,0.5
2901.9667,  1.00000000,1,0,0.0,0.5
2902.0000,  1.00000000,1,0,0.0,0.5
2902.0333,  1.00000000,1,0,0.0,0.5
2902.0667,  1.00000000,1,0,0.0,0.5
2902.1000,  1.00000000,1,0,0.0,0.5
2902.1333,  1.00000000,1,0,0.0,0.5
2902.1667,  1.00000000,1,0,0.0,0.5
2902.2000,  1.00000000,1,0,0.0,0.5
2902.2333,  1.00000000,1,0,0.0,0.5
2902.2667,  1.00000000,1,0,0.0,0.5
2902.3000,  1.00000000,1,0,0.0,0.5
2902.3333,  1.00000000,1,0,0.0,0.5
2902.3667,  1.00000000,1,0,0.0,0.5
2902.4000,  1.00000000,1,0,0.0,0.5
2902.4333,  1.00000000,1,0,0.0,0.5
2902.4667,  1.00000000,1,0,0.0,0.5
2902.5000,  1.00000000,1,0,0.0,0.5
2902.5333,  1.00000000,1,0,0.0,0.5
2902.5667,  1.00000000,1,0,0.0,0.5
2902.6000,  1.00000000,1,0,0.0,0.5
2902.6333,  1.00000000,1,0,0.0,0.5
2902.6667,  1.00000000,1,0,0.0,0.5
2902.7000,  1.00000000,1,0,0.0,0.5
2902.7333,  1.00000000,1,0,0.0,0.5
2902.7667,  1.00000000,1,0,0.0,0.5
2902.8000,  1.00000000,1,0,0.0,0.5
2902.8333,  1.00000000,1,0,0.0,0.5
2902.8667,  1.00000000,1,0,0.0,0.5
2902.9000,  1.00000000,1,0,0.0,0.5
2902.9333,  1.00000000,1,0,0.0,0.5
2902.9667,  1.00000000,1,0,0.0,0.5
2903.0000,  1.00000000,1,0,0.0,0.5
2903.0333,  1.00000000,1,0,0.0,0.5
2903.0667,  1.00000000,1,0,0.0,0.5
2903.1000,  1.00000000,1,0,0.0,0.5
2903.1333,  1.00000000,1,0,0.050000000000000003,0.5
2903.1667,  1.00000000,1,0,0.0,0.5
2903.2000,  1.00000000,1,0,0.0,0.5
2903.2333,  1.00000000,1,0,0.0,0.5
2903.2667,  1.00000000,1,0,0.0,0.5
2903.3000,  1.00000000,1,0,0.0,0.5
2903.3333,  1.00000000,1,0,0.0,0.5
2903.3667,  1.00000000,1,0,0.0,0.5
2903.4000,  1.00000000,1,0,0.0,0.5
2903.4333,  1.00000000,1,0,0.0,0.5
2903.4667,  1.00000000,1,0,0.0,0.5
2903.5000,  1.00000000,1,0,0.0,0.5
2903.5333,  1.00000000,1,0,0.0,0.5
2903.5667,  1.00000000,1,0,0.0,0.5
2903.6000,  1.00000000,1,0,0.0,0.5
2903.6333,  1.00000000,1,0,0.0,0.5
2903.6667,  1.00000000,1,0,0.0,0.5
2903.7000,  1.00000000,1,0,0.0,0.5
2903.7333,  1.00000000,1,0,0.0,0.5
2903.7667,  1.00000000,1,0,0.0,0.5
2903.8000,  1.00000000,1,0,0.0,0.5
2903.8333,  1.00000000,1,0,0.0,0.5
2903.8667,  1.00000000,1,0,0.0,0.5
2903.9000,  1.00000000,1,0,0.0,0.5
2903.9333,  1.00000000,1,0,0.0,0.5
2903.9667,  1.00000000,1,0,0.0,0.5
2904.0000,  1.00000000,1,0,0.0,0.5
2904.0333,  1.00000000,1,0,0.0,0.5
2904.0667,  1.00000000,1,0,0.0,0.5
2904.1000,  1.00000000,1,0,0.0,0.5
2904.1333,  1.00000000,1,0,0.0,0.5
2904.1667,  1.00000000,1,0,0.0,0.5
2904.2000,  1.00000000,1,0,0.0,0.5
2904.2333,  1.00000000,1,0,0.0,0.5
2904.2667,  1.00000000,1,0,0.0,0.5
2904.3000,  1.00000000,1,0,0.0,0.5
2904.3333,  1.00000000,1,0,0.0,0.5
2904.3667,  1.00000000,1,0,0.0,0.5
2904.4000,  1.00000000,1,0,0.0,0.5
2904.4333,  1.00000000,1,0,0.0,0.5
2904.4667,  1.00000000,1,0,0.0,0.5
2904.5000,  1.00000000,1,0,0.0,0.5
2904.5333,  1.00000000,1,0,0.0,0.5
2904.5667,  1.00000000,1,0,0.0,0.5
2904.6000,  1.00000000,1,0,0.0,0.5
2904.6333,  1.00000000,1,0,0.0,0.5
2904.6667,  1.00000000,1,0,0.025000000000000001,0.5
2904.7000,  1.00000000,1,0,0.0,0.5
2904.7333,  1.00000000,1,0,0.0,0.5
2904.7667,  1.00000000,1,0,0.0,0.5
2904.8000,  1.00000000,1,0,0.0,0.5
2904.8333,  1.00000000,1,0,0.0,0.5
2904.8667,  1.00000000,1,0,0.0,0.5
2904.9000,  1.00000000,1,0,0.0,0.5
2904.9333,  1.00000000,1,0,0.0,0.5
2904.9667,  1.00000000,1,0,0.0,0.5
2905.0000,  1.00000000,1,0,0.0,0.5
2905.0333,  1.00000000,1,0,0.0,0.5
2905.0667,  1.00000000,1,0,0.0,0.5
2905.1000,  1.00000000,1,0,0.0,0.5
2905.1333,  1.00000000,1,0,0.0,0.5
2905.1667,  1.00000000,1,0,0.0,0.5
2905.2000,  1.00000000,1,0,0.0,0.5
2905.2333,  1.00000000,1,0,0.0,0.5
2905.2667,  1.00000000,1,0,0.025000000000000001,0.5
2905.3000,  1.00000000,1,0,0.0,0.5
2905.3333,  1.00000000,1,0,0.0,0.5
2905.3667,  1.00000000,1,0,0.0,0.5
2905.4000,  1.00000000,1,0,0.0,0.5
2905.4333,  1.00000000,1,0,0.0,0.5
2905.4667,  1.00000000,1,0,0.0,0.5
2905.5000,  1.00000000,1,0,0.025000000000000001,0.5
2905.5333,  1.00000000,1,0,0.0,0.5
2905.5667,  1.00000000,1,0,0.0,0.5
2905.6000,  1.00000000,1,0,0.0,0.5
2905.6333,  1.00000000,1,0,0.0,0.5
2905.6667,  1.00000000,1,0,0.0,0.5
2905.7000,  1.00000000,1,0,0.0,0.5
2905.7333,  1.00000000,1,0,0.0,0.5
2905.7667,  1.00000000,1,0,0.0,0.5
2905.8000,  1.00000000,1,0,0.0,0.5
2905.8333,  1.00000000,1,0,0.0,0.5
2905.8667,  1.00000000,1,0,0.0,0.5
2905.9000,  1.00000000,1,0,0.025000000000000001,0.5
2905.9333,  1.00000000,1,0,0.0,0.5
2905.9667,  1.00000000,1,0,0.0,0.5
2906.0000,  1.00000000,1,0,0.0,0.5
2906.0333,  1.00000000,1,0,0.0,0.5
2906.0667,  1.00000000,1,0,0.0,0.5
2906.1000,  1.00000000,1,0,0.0,0.5
2906.1333,  1.00000000,1,0,0.0,0.5
2906.1667,  1.00000000,1,0,0.0,0.5
2906.2000,  1.00000000,1,0,0.0,0.5
2906.2333,  1.00000000,1,0,0.0,0.5
2906.2667,  1.00000000,1,0,0.0,0.5
2906.3000,  1.00000000,1,0,0.0,0.5
2906.3333,  1.00000000,1,0,0.0,0.5
2906.3667,  1.00000000,1,0,0.0,0.5
2906.4000,  1.00000000,1,0,0.0,0.5
2906.4333,  1.00000000,1,0,0.0,0.5
2906.4667,  1.00000000,1,0,0.0,0.5
2906.5000,  1.00000000,1,0,0.0,0.5
2906.5333,  1.00000000,1,0,0.0,0.5
2906.5667,  1.00000000,1,0,0.0,0.5
2906.6000,  1.00000000,1,0,0.0,0.5
2906.6333,  1.00000000,1,0,0.0,0.5
2906.6667,  1.00000000,1,0,0.0,0.5
2906.7000,  1.00000000,1,0,0.0,0.5
2906.7333,  1.00000000,1,0,0.0,0.5
2906.7667,  1.00000000,1,0,0.0,0.5
2906.8000,  1.00000000,1,0,0.0,0.5
2906.8333,  1.00000000,1,0,0.0,0.5
2906.8667,  1.00000000,1,0,0.0,0.5
2906.9000,  1.00000000,1,0,0.0,0.5
2906.9333,  1.00000000,1,0,0.0,0.5
2906.9667,  1.00000000,1,0,0.0,0.5
2907.0000,  1.00000000,1,0,0.0,0.5
2907.0333,  1.00000000,1,0,0.0,0.5
2907.0667,  1.00000000,1,0,0.0,0.5
2907.1000,  1.00000000,1,0,0.0,0.5
2907.1333,  1.00000000,1,0,0.0,0.5
2907.1667,  1.00000000,1,0,0.0,0.5
2907.2000,  1.00000000,1,0,0.0,0.5
2907.2333,  1.00000000,1,0,0.0,0.5
2907.2667,  1.00000000,1,0,0.0,0.5
2907.3000,  1.00000000,1,0,0.0,0.5
2907.3333,  1.00000000,1,0,0.0,0.5
2907.3667,  1.00000000,1,0,0.0,0.5
2907.4000,  1.00000000,1,0,0.0,0.5
2907.4333,  1.00000000,1,0,0.0,0.5
2907.4667,  1.00000000,1,0,0.0,0.5
2907.5000,  1.00000000,1,0,0.0,0.5
2907.5333,  1.00000000,1,0,0.025000000000000001,0.5
2907.5667,  1.00000000,1,0,0.0,0.5
2907.6000,  1.00000000,1,0,0.0,0.5
2907.6333,  1.00000000,1,0,0.0,0.5
2907.6667,  1.00000000,1,0,0.0,0.5
2907.7000,  1.00000000,1,0,0.0,0.5
2907.7333,  1.00000000,1,0,0.0,0.5
2907.7667,  1.00000000,1,0,0.0,0.5
2907.8000,  1.00000000,1,0,0.0,0.5
2907.8333,  1.00000000,1,0,0.0,0.5
2907.8667,  1.00000000,1,0,0.025000000000000001,0.5
2907.9000,  1.00000000,1,0,0.0,0.5
2907.9333,  1.00000000,1,0,0.0,0.5
2907.9667,  1.00000000,1,0,0.0,0.5
2908.0000,  1.00000000,1,0,0.0,0.5
2908.0333,  1.00000000,1,0,0.0,0.5
2908.0667,  1.00000000,1,0,0.0,0.5
2908.1000,  1.00000000,1,0,0.0,0.5
2908.1333,  1.00000000,1,0,0.025000000000000001,0.5
2908.1667,  1.00000000,1,0,0.0,0.5
2908.2000,  1.00000000,1,0,0.0,0.5
2908.2333,  1.00000000,1,0,0.0,0.5
2908.2667,  1.00000000,1,0,0.0,0.5
2908.3000,  1.00000000,1,0,0.0,0.5
2908.3333,  1.00000000,1,0,0.0,0.5
2908.3667,  1.00000000,1,0,0.0,0.5
2908.4000,  1.00000000,1,0,0.0,0.5
2908.4333,  1.00000000,1,0,0.0,0.5
2908.4667,  1.00000000,1,0,0.0,0.5
2908.5000,  1.00000000,1,0,0.0,0.5
2908.5333,  1.00000000,1,0,0.0,0.5
2908.5667,  1.00000000,1,0,0.0,0.5
2908.6000,  1.00000000,1,0,0.0,0.5
2908.6333,  1.00000000,1,0,0.0,0.5
2908.6667,  1.00000000,1,0,0.0,0.5
2908.7000,  1.00000000,1,0,0.0,0.5
2908.7333,  1.00000000,1,0,0.0,0.5
2908.7667,  1.00000000,1,0,0.025000000000000001,0.5
2908.8000,  1.00000000,1,0,0.0,0.5
2908.8333,  1.00000000,1,0,0.0,0.5
2908.8667,  1.00000000,1,0,0.0,0.5
2908.9000,  1.00000000,1,0,0.0,0.5
2908.9333,  1.00000000,1,0,0.0,0.5
2908.9667,  1.00000000,1,0,0.0,0.5
2909.0000,  1.00000000,1,0,0.0,0.5
2909.0333,  1.00000000,1,0,0.0,0.5
2909.0667,  1.00000000,1,0,0.0,0.5
2909.1000,  1.00000000,1,0,0.0,0.5
2909.1333,  1.00000000,1,0,0.0,0.5
2909.1667,  1.00000000,1,0,0.0,0.5
2909.2000,  1.00000000,1,0,0.0,0.5
2909.2333,  1.00000000,1,0,0.0,0.5
2909.2667,  1.00000000,1,0,0.0,0.5
2909.3000,  1.00000000,1,0,0.0,0.5
2909.3333,  1.00000000,1,0,0.0,0.5
2909.3667,  1.00000000,1,0,0.0,0.5
2909.4000,  1.00000000,1,0,0.0,0.5
2909.4333,  1.00000000,1,0,0.0,0.5
2909.4667,  1.00000000,1,0,0.0,0.5
2909.5000,  1.00000000,1,0,0.0,0.5
2909.5333,  1.00000000,1,0,0.0,0.5
2909.5667,  1.00000000,1,0,0.0,0.5
2909.6000,  1.00000000,1,0,0.0,0.5
2909.6333,  1.00000000,1,0,0.0,0.5
2909.6667,  1.00000000,1,0,0.0,0.5
2909.7000,  1.00000000,1,0,0.0,0.5
2909.7333,  1.00000000,1,0,0.0,0.5
2909.7667,  1.00000000,1,0,0.0,0.5
2909.8000,  1.00000000,1,0,0.0,0.5
2909.8333,  1.00000000,1,0,0.0,0.5
2909.8667,  1.00000000,1,0,0.0,0.5
2909.9000,  1.00000000,1,0,0.0,0.5
2909.9333,  1.00000000,1,0,0.025000000000000001,0.5
2909.9667,  1.00000000,1,0,0.0,0.5
2910.0000,  1.00000000,1,0,0.0,0.5
2910.0333,  1.00000000,1,0,0.0,0.5
2910.0667,  1.00000000,1,0,0.025000000000000001,0.5
2910.1000,  1.00000000,1,0,0.0,0.5
2910.1333,  1.00000000,1,0,0.0,0.5
2910.1667,  1.00000000,1,0,0.0,0.5
2910.2000,  1.00000000,1,0,0.0,0.5
2910.2333,  1.00000000,1,0,0.0,0.5
2910.2667,  1.00000000,1,0,0.0,0.5
2910.3000,  1.00000000,1,0,0.0,0.5
2910.3333,  1.00000000,1,0,0.025000000000000001,0.5
2910.3667,  1.00000000,1,0,0.0,0.5
2910.4000,  1.00000000,1,0,0.0,0.5
2910.4333,  1.00000000,1,0,0.0,0.5
2910.4667,  1.00000000,1,0,0.0,0.5
2910.5000,  1.00000000,1,0,0.0,0.5
2910.5333,  1.00000000,1,0,0.0,0.5
2910.5667,  1.00000000,1,0,0.0,0.5
2910.6000,  1.00000000,1,0,0.0,0.5
2910.6333,  1.00000000,1,0,0.0,0.5
2910.6667,  1.00000000,1,0,0.0,0.5
2910.7000,  1.00000000,1,0,0.0,0.5
2910.7333,  1.00000000,1,0,0.0,0.5
2910.7667,  1.00000000,1,0,0.0,0.5
2910.8000,  1.00000000,1,0,0.0,0.5
2910.8333,  1.00000000,1,0,0.0,0.5
2910.8667,  1.00000000,1,0,0.0,0.5
2910.9000,  1.00000000,1,0,0.0,0.5
2910.9333,  1.00000000,1,0,0.0,0.5
2910.9667,  1.00000000,1,0,0.0,0.5
2911.0000,  1.00000000,1,0,0.0,0.5
2911.0333,  1.00000000,1,0,0.0,0.5
2911.0667,  1.00000000,1,0,0.0,0.5
2911.1000,  1.00000000,1,0,0.0,0.5
2911.1333,  1.00000000,1,0,0.0,0.5
2911.1667,  1.00000000,1,0,0.0,0.5
2911.2000,  1.00000000,1,0,0.0,0.5
2911.2333,  1.00000000,1,0,0.0,0.5
2911.2667,  1.00000000,1,0,0.0,0.5
2911.3000,  1.00000000,1,0,0.0,0.5
2911.3333,  1.00000000,1,0,0.0,0.5
2911.3667,  1.00000000,1,0,0.0,0.5
2911.4000,  1.00000000,1,0,0.025000000000000001,0.5
2911.4333,  1.00000000,1,0,0.0,0.5
2911.4667,  1.00000000,1,0,0.0,0.5
2911.5000,  1.00000000,1,0,0.0,0.5
2911.5333,  1.00000000,1,0,0.0,0.5
2911.5667,  1.00000000,1,0,0.0,0.5
2911.6000,  1.00000000,1,0,0.0,0.5
2911.6333,  1.00000000,1,0,0.0,0.5
2911.6667,  1.00000000,1,0,0.0,0.5
2911.7000,  1.00000000,1,0,0.0,0.5
2911.7333,  1.00000000,1,0,0.0,0.5
2911.7667,  1.00000000,1,0,0.0,0.5
2911.8000,  1.00000000,1,0,0.0,0.5
2911.8333,  1.00000000,1,0,0.0,0.5
2911.8667,  1.00000000,1,0,0.0,0.5
2911.9000,  1.00000000,1,0,0.0,0.5
2911.9333,  1.00000000,1,0,0.0,0.5
2911.9667,  1.00000000,1,0,0.0,0.5
2912.0000,  1.00000000,1,0,0.0,0.5
2912.0333,  1.00000000,1,0,0.0,0.5
2912.0667,  1.00000000,1,0,0.0,0.5
2912.1000,  1.00000000,1,0,0.0,0.5
2912.1333,  1.00000000,1,0,0.0,0.5
2912.1667,  1.00000000,1,0,0.0,0.5
2912.2000,  1.00000000,1,0,0.0,0.5
2912.2333,  1.00000000,1,0,0.0,0.5
2912.2667,  1.00000000,1,0,0.0,0.5
2912.3000,  1.00000000,1,0,0.0,0.5
2912.3333,  1.00000000,1,0,0.0,0.5
2912.3667,  1.00000000,1,0,0.0,0.5
2912.4000,  1.00000000,1,0,0.0,0.5
2912.4333,  1.00000000,1,0,0.0,0.5
2912.4667,  1.00000000,1,0,0.025000000000000001,0.5
2912.5000,  1.00000000,1,0,0.0,0.5
2912.5333,  1.00000000,1,0,0.0,0.5
2912.5667,  1.00000000,1,0,0.0,0.5
2912.6000,  1.00000000,1,0,0.0,0.5
2912.6333,  1.00000000,1,0,0.0,0.5
2912.6667,  1.00000000,1,0,0.0,0.5
2912.7000,  1.00000000,1,0,0.0,0.5
2912.7333,  1.00000000,1,0,0.025000000000000001,0.5
2912.7667,  1.00000000,1,0,0.0,0.5
2912.8000,  1.00000000,1,0,0.0,0.5
2912.8333,  1.00000000,1,0,0.0,0.5
2912.8667,  1.00000000,1,0,0.0,0.5
2912.9000,  1.00000000,1,0,0.0,0.5
2912.9333,  1.00000000,1,0,0.0,0.5
2912.9667,  1.00000000,1,0,0.0,0.5
2913.0000,  1.00000000,1,0,0.025000000000000001,0.5
2913.0333,  1.00000000,1,0,0.0,0.5
2913.0667,  1.00000000,1,0,0.0,0.5
2913.1000,  1.00000000,1,0,0.0,0.5
2913.1333,  1.00000000,1,0,0.0,0.5
2913.1667,  1.00000000,1,0,0.0,0.5
2913.2000,  1.00000000,1,0,0.0,0.5
2913.2333,  1.00000000,1,0,0.0,0.5
2913.2667,  1.00000000,1,0,0.0,0.5
2913.3000,  1.00000000,1,0,0.0,0.5
2913.3333,  1.00000000,1,0,0.0,0.5
2913.3667,  1.00000000,1,0,0.0,0.5
2913.4000,  1.00000000,1,0,0.0,0.5
2913.4333,  1.00000000,1,0,0.0,0.5
2913.4667,  1.00000000,1,0,0.025000000000000001,0.5
2913.5000,  1.00000000,1,0,0.0,0.5
2913.5333,  1.00000000,1,0,0.0,0.5
2913.5667,  1.00000000,1,0,0.0,0.5
2913.6000,  1.00000000,1,0,0.0,0.5
2913.6333,  1.00000000,1,0,0.0,0.5
2913.6667,  1.00000000,1,0,0.0,0.5
2913.7000,  1.00000000,1,0,0.0,0.5
2913.7333,  1.00000000,1,0,0.0,0.5
2913.7667,  1.00000000,1,0,0.0,0.5
2913.8000,  1.00000000,1,0,0.0,0.5
2913.8333,  1.00000000,1,0,0.0,0.5
2913.8667,  1.00000000,1,0,0.0,0.5
2913.9000,  1.00000000,1,0,0.0,0.5
2913.9333,  1.00000000,1,0,0.0,0.5
2913.9667,  1.00000000,1,0,0.0,0.5
2914.0000,  1.00000000,1,0,0.0,0.5
2914.0333,  1.00000000,1,0,0.0,0.5
2914.0667,  1.00000000,1,0,0.0,0.5
2914.1000,  1.00000000,1,0,0.0,0.5
2914.1333,  1.00000000,1,0,0.0,0.5
2914.1667,  1.00000000,1,0,0.0,0.5
2914.2000,  1.00000000,1,0,0.0,0.5
2914.2333,  1.00000000,1,0,0.0,0.5
2914.2667,  1.00000000,1,0,0.0,0.5
2914.3000,  1.00000000,1,0,0.0,0.5
2914.3333,  1.00000000,1,0,0.0,0.5
2914.3667,  1.00000000,1,0,0.0,0.5
2914.4000,  1.00000000,1,0,0.0,0.5
2914.4333,  1.00000000,1,0,0.0,0.5
2914.4667,  1.00000000,1,0,0.0,0.5
2914.5000,  1.00000000,1,0,0.0,0.5
2914.5333,  1.00000000,1,0,0.0,0.5
2914.5667,  1.00000000,1,0,0.0,0.5
2914.6000,  1.00000000,1,0,0.0,0.5
2914.6333,  1.00000000,1,0,0.0,0.5
2914.6667,  1.00000000,1,0,0.0,0.5
2914.7000,  1.00000000,1,0,0.0,0.5
2914.7333,  1.00000000,1,0,0.0,0.5
2914.7667,  1.00000000,1,0,0.0,0.5
2914.8000,  1.00000000,1,0,0.0,0.5
2914.8333,  1.00000000,1,0,0.0,0.5
2914.8667,  1.00000000,1,0,0.0,0.5
2914.9000,  1.00000000,1,0,0.0,0.5
2914.9333,  1.00000000,1,0,0.0,0.5
2914.9667,  1.00000000,1,0,0.0,0.5
2915.0000,  1.00000000,1,0,0.0,0.5
2915.0333,  1.00000000,1,0,0.0,0.5
2915.0667,  1.00000000,1,0,0.0,0.5
2915.1000,  1.00000000,1,0,0.0,0.5
2915.1333,  1.00000000,1,0,0.0,0.5
2915.1667,  1.00000000,1,0,0.0,0.5
2915.2000,  1.00000000,1,0,0.0,0.5
2915.2333,  1.00000000,1,0,0.0,0.5
2915.2667,  1.00000000,1,0,0.025000000000000001,0.5
2915.3000,  1.00000000,1,0,0.0,0.5
2915.3333,  1.00000000,1,0,0.0,0.5
2915.3667,  1.00000000,1,0,0.0,0.5
2915.4000,  1.00000000,1,0,0.0,0.5
2915.4333,  1.00000000,1,0,0.0,0.5
2915.4667,  1.00000000,1,0,0.0,0.5
2915.5000,  1.00000000,1,0,0.0,0.5
2915.5333,  1.00000000,1,0,0.0,0.5
2915.5667,  1.00000000,1,0,0.0,0.5
2915.6000,  1.00000000,1,0,0.0,0.5
2915.6333,  1.00000000,1,0,0.0,0.5
2915.6667,  1.00000000,1,0,0.0,0.5
2915.7000,  1.00000000,1,0,0.0,0.5
2915.7333,  1.00000000,1,0,0.0,0.5
2915.7667,  1.00000000,1,0,0.0,0.5
2915.8000,  1.00000000,1,0,0.0,0.5
2915.8333,  1.00000000,1,0,0.0,0.5
2915.8667,  1.00000000,1,0,0.0,0.5
2915.9000,  1.00000000,1,0,0.0,0.5
2915.9333,  1.00000000,1,0,0.0,0.5
2915.9667,  1.00000000,1,0,0.0,0.5
2916.0000,  1.00000000,1,0,0.0,0.5
2916.0333,  1.00000000,1,0,0.0,0.5
2916.0667,  1.00000000,1,0,0.0,0.5
2916.1000,  1.00000000,1,0,0.0,0.5
2916.1333,  1.00000000,1,0,0.0,0.5
2916.1667,  1.00000000,1,0,0.0,0.5
2916.2000,  1.00000000,1,0,0.0,0.5
2916.2333,  1.00000000,1,0,0.0,0.5
2916.2667,  1.00000000,1,0,0.0,0.5
2916.3000,  1.00000000,1,0,0.0,0.5
2916.3333,  1.00000000,1,0,0.0,0.5
2916.3667,  1.00000000,1,0,0.0,0.5
2916.4000,  1.00000000,1,0,0.0,0.5
2916.4333,  1.00000000,1,0,0.0,0.5
2916.4667,  1.00000000,1,0,0.0,0.5
2916.5000,  1.00000000,1,0,0.0,0.5
2916.5333,  1.00000000,1,0,0.0,0.5
2916.5667,  1.00000000,1,0,0.0,0.5
2916.6000,  1.00000000,1,0,0.0,0.5
2916.6333,  1.00000000,1,0,0.0,0.5
2916.6667,  1.00000000,1,0,0.0,0.5
2916.7000,  1.00000000,1,0,0.0,0.5
2916.7333,  1.00000000,1,0,0.0,0.5
2916.7667,  1.00000000,1,0,0.0,0.5
2916.8000,  1.00000000,1,0,0.0,0.5
2916.8333,  1.00000000,1,0,0.0,0.5
2916.8667,  1.00000000,1,0,0.0,0.5
2916.9000,  1.00000000,1,0,0.0,0.5
2916.9333,  1.00000000,1,0,0.0,0.5
2916.9667,  1.00000000,1,0,0.0,0.5
2917.0000,  1.00000000,1,0,0.0,0.5
2917.0333,  1.00000000,1,0,0.0,0.5
2917.0667,  1.00000000,1,0,0.0,0.5
2917.1000,  1.00000000,1,0,0.0,0.5
2917.1333,  1.00000000,1,0,0.0,0.5
2917.1667,  1.00000000,1,0,0.0,0.5
2917.2000,  1.00000000,1,0,0.0,0.5
2917.2333,  1.00000000,1,0,0.0,0.5
2917.2667,  1.00000000,1,0,0.0,0.5
2917.3000,  1.00000000,1,0,0.0,0.5
2917.3333,  1.00000000,1,0,0.0,0.5
2917.3667,  1.00000000,1,0,0.0,0.5
2917.4000,  1.00000000,1,0,0.0,0.5
2917.4333,  1.00000000,1,0,0.0,0.5
2917.4667,  1.00000000,1,0,0.0,0.5
2917.5000,  1.00000000,1,0,0.0,0.5
2917.5333,  1.00000000,1,0,0.0,0.5
2917.5667,  1.00000000,1,0,0.0,0.5
2917.6000,  1.00000000,1,0,0.0,0.5
2917.6333,  1.00000000,1,0,0.0,0.5
2917.6667,  1.00000000,1,0,0.0,0.5
2917.7000,  1.00000000,1,0,0.0,0.5
2917.7333,  1.00000000,1,0,0.0,0.5
2917.7667,  1.00000000,1,0,0.0,0.5
2917.8000,  1.00000000,1,0,0.0,0.5
2917.8333,  1.00000000,1,0,0.0,0.5
2917.8667,  1.00000000,1,0,0.0,0.5
2917.9000,  1.00000000,1,0,0.0,0.5
2917.9333,  1.00000000,1,0,0.0,0.5
2917.9667,  1.00000000,1,0,0.025000000000000001,0.5
2918.0000,  1.00000000,1,0,0.0,0.5
2918.0333,  1.00000000,1,0,0.0,0.5
2918.0667,  1.00000000,1,0,0.0,0.5
2918.1000,  1.00000000,1,0,0.0,0.5
2918.1333,  1.00000000,1,0,0.0,0.5
2918.1667,  1.00000000,1,0,0.0,0.5
2918.2000,  1.00000000,1,0,0.0,0.5
2918.2333,  1.00000000,1,0,0.0,0.5
2918.2667,  1.00000000,1,0,0.0,0.5
2918.3000,  1.00000000,1,0,0.0,0.5
2918.3333,  1.00000000,1,0,0.0,0.5
2918.3667,  1.00000000,1,0,0.0,0.5
2918.4000,  1.00000000,1,0,0.0,0.5
2918.4333,  1.00000000,1,0,0.0,0.5
2918.4667,  1.00000000,1,0,0.0,0.5
2918.5000,  1.00000000,1,0,0.0,0.5
2918.5333,  1.00000000,1,0,0.0,0.5
2918.5667,  1.00000000,1,0,0.0,0.5
2918.6000,  1.00000000,1,0,0.0,0.5
2918.6333,  1.00000000,1,0,0.0,0.5
2918.6667,  1.00000000,1,0,0.0,0.5
2918.7000,  1.00000000,1,0,0.0,0.5
2918.7333,  1.00000000,1,0,0.0,0.5
2918.7667,  1.00000000,1,0,0.0,0.5
2918.8000,  1.00000000,1,0,0.0,0.5
2918.8333,  1.00000000,1,0,0.0,0.5
2918.8667,  1.00000000,1,0,0.0,0.5
2918.9000,  1.00000000,1,0,0.0,0.5
2918.9333,  1.00000000,1,0,0.0,0.5
2918.9667,  1.00000000,1,0,0.0,0.5
2919.0000,  1.00000000,1,0,0.0,0.5
2919.0333,  1.00000000,1,0,0.0,0.5
2919.0667,  1.00000000,1,0,0.0,0.5
2919.1000,  1.00000000,1,0,0.0,0.5
2919.1333,  1.00000000,1,0,0.0,0.5
2919.1667,  1.00000000,1,0,0.0,0.5
2919.2000,  1.00000000,1,0,0.0,0.5
2919.2333,  1.00000000,1,0,0.0,0.5
2919.2667,  1.00000000,1,0,0.0,0.5
2919.3000,  1.00000000,1,0,0.0,0.5
2919.3333,  1.00000000,1,0,0.0,0.5
2919.3667,  1.00000000,1,0,0.0,0.5
2919.4000,  1.00000000,1,0,0.0,0.5
2919.4333,  1.00000000,1,0,0.0,0.5
2919.4667,  1.00000000,1,0,0.0,0.5
2919.5000,  1.00000000,1,0,0.0,0.5
2919.5333,  1.00000000,1,0,0.0,0.5
2919.5667,  1.00000000,1,0,0.0,0.5
2919.6000,  1.00000000,1,0,0.0,0.5
2919.6333,  1.00000000,1,0,0.025000000000000001,0.5
2919.6667,  1.00000000,1,0,0.0,0.5
2919.7000,  1.00000000,1,0,0.0,0.5
2919.7333,  1.00000000,1,0,0.0,0.5
2919.7667,  1.00000000,1,0,0.0,0.5
2919.8000,  1.00000000,1,0,0.0,0.5
2919.8333,  1.00000000,1,0,0.0,0.5
2919.8667,  1.00000000,1,0,0.0,0.5
2919.9000,  1.00000000,1,0,0.0,0.5
2919.9333,  1.00000000,1,0,0.0,0.5
2919.9667,  1.00000000,1,0,0.0,0.5
2920.0000,  1.00000000,1,0,0.0,0.5
2920.0333,  1.00000000,1,0,0.0,0.5
2920.0667,  1.00000000,1,0,0.0,0.5
2920.1000,  1.00000000,1,0,0.025000000000000001,0.5
2920.1333,  1.00000000,1,0,0.0,0.5
2920.1667,  1.00000000,1,0,0.0,0.5
2920.2000,  1.00000000,1,0,0.0,0.5
2920.2333,  1.00000000,1,0,0.0,0.5
2920.2667,  1.00000000,1,0,0.0,0.5
2920.3000,  1.00000000,1,0,0.0,0.5
2920.3333,  1.00000000,1,0,0.0,0.5
2920.3667,  1.00000000,1,0,0.0,0.5
2920.4000,  1.00000000,1,0,0.0,0.5
2920.4333,  1.00000000,1,0,0.0,0.5
2920.4667,  1.00000000,1,0,0.0,0.5
2920.5000,  1.00000000,1,0,0.0,0.5
2920.5333,  1.00000000,1,0,0.0,0.5
2920.5667,  1.00000000,1,0,0.0,0.5
2920.6000,  1.00000000,1,0,0.0,0.5
2920.6333,  1.00000000,1,0,0.0,0.5
2920.6667,  1.00000000,1,0,0.0,0.5
2920.7000,  1.00000000,1,0,0.0,0.5
2920.7333,  1.00000000,1,0,0.0,0.5
2920.7667,  1.00000000,1,0,0.0,0.5
2920.8000,  1.00000000,1,0,0.0,0.5
2920.8333,  1.00000000,1,0,0.0,0.5
2920.8667,  1.00000000,1,0,0.0,0.5
2920.9000,  1.00000000,1,0,0.0,0.5
2920.9333,  1.00000000,1,0,0.0,0.5
2920.9667,  1.00000000,1,0,0.0,0.5
2921.0000,  1.00000000,1,0,0.0,0.5
2921.0333,  1.00000000,1,0,0.0,0.5
2921.0667,  1.00000000,1,0,0.0,0.5
2921.1000,  1.00000000,1,0,0.0,0.5
2921.1333,  1.00000000,1,0,0.0,0.5
2921.1667,  1.00000000,1,0,0.0,0.5
2921.2000,  1.00000000,1,0,0.0,0.5
2921.2333,  1.00000000,1,0,0.0,0.5
2921.2667,  1.00000000,1,0,0.0,0.5
2921.3000,  1.00000000,1,0,0.0,0.5
2921.3333,  1.00000000,1,0,0.0,0.5
2921.3667,  1.00000000,1,0,0.0,0.5
2921.4000,  1.00000000,1,0,0.0,0.5
2921.4333,  1.00000000,1,0,0.0,0.5
2921.4667,  1.00000000,1,0,0.0,0.5
2921.5000,  1.00000000,1,0,0.0,0.5
2921.5333,  1.00000000,1,0,0.0,0.5
2921.5667,  1.00000000,1,0,0.0,0.5
2921.6000,  1.00000000,1,0,0.0,0.5
2921.6333,  1.00000000,1,0,0.0,0.5
2921.6667,  1.00000000,1,0,0.0,0.5
2921.7000,  1.00000000,1,0,0.0,0.5
2921.7333,  1.00000000,1,0,0.0,0.5
2921.7667,  1.00000000,1,0,0.0,0.5
2921.8000,  1.00000000,1,0,0.0,0.5
2921.8333,  1.00000000,1,0,0.0,0.5
2921.8667,  1.00000000,1,0,0.0,0.5
2921.9000,  1.00000000,1,0,0.0,0.5
2921.9333,  1.00000000,1,0,0.0,0.5
2921.9667,  1.00000000,1,0,0.0,0.5
2922.0000,  1.00000000,1,0,0.0,0.5
2922.0333,  1.00000000,1,0,0.0,0.5
2922.0667,  1.00000000,1,0,0.0,0.5
2922.1000,  1.00000000,1,0,0.0,0.5
2922.1333,  1.00000000,1,0,0.025000000000000001,0.5
2922.1667,  1.00000000,1,0,0.0,0.5
2922.2000,  1.00000000,1,0,0.0,0.5
2922.2333,  1.00000000,1,0,0.0,0.5
2922.2667,  1.00000000,1,0,0.0,0.5
2922.3000,  1.00000000,1,0,0.0,0.5
2922.3333,  1.00000000,1,0,0.0,0.5
2922.3667,  1.00000000,1,0,0.0,0.5
2922.4000,  1.00000000,1,0,0.0,0.5
2922.4333,  1.00000000,1,0,0.0,0.5
2922.4667,  1.00000000,1,0,0.0,0.5
2922.5000,  1.00000000,1,0,0.0,0.5
2922.5333,  1.00000000,1,0,0.0,0.5
2922.5667,  1.00000000,1,0,0.0,0.5
2922.6000,  1.00000000,1,0,0.0,0.5
2922.6333,  1.00000000,1,0,0.0,0.5
2922.6667,  1.00000000,1,0,0.0,0.5
2922.7000,  1.00000000,1,0,0.0,0.5
2922.7333,  1.00000000,1,0,0.0,0.5
2922.7667,  1.00000000,1,0,0.0,0.5
2922.8000,  1.00000000,1,0,0.0,0.5
2922.8333,  1.00000000,1,0,0.0,0.5
2922.8667,  1.00000000,1,0,0.0,0.5
2922.9000,  1.00000000,1,0,0.0,0.5
2922.9333,  1.00000000,1,0,0.0,0.5
2922.9667,  1.00000000,1,0,0.0,0.5
2923.0000,  1.00000000,1,0,0.0,0.5
2923.0333,  1.00000000,1,0,0.0,0.5
2923.0667,  1.00000000,1,0,0.0,0.5
2923.1000,  1.00000000,1,0,0.0,0.5
2923.1333,  1.00000000,1,0,0.025000000000000001,0.5
2923.1667,  1.00000000,1,0,0.0,0.5
2923.2000,  1.00000000,1,0,0.0,0.5
2923.2333,  1.00000000,1,0,0.0,0.5
2923.2667,  1.00000000,1,0,0.0,0.5
2923.3000,  1.00000000,1,0,0.0,0.5
2923.3333,  1.00000000,1,0,0.0,0.5
2923.3667,  1.00000000,1,0,0.0,0.5
2923.4000,  1.00000000,1,0,0.0,0.5
2923.4333,  1.00000000,1,0,0.0,0.5
2923.4667,  1.00000000,1,0,0.0,0.5
2923.5000,  1.00000000,1,0,0.0,0.5
2923.5333,  1.00000000,1,0,0.0,0.5
2923.5667,  1.00000000,1,0,0.0,0.5
2923.6000,  1.00000000,1,0,0.0,0.5
2923.6333,  1.00000000,1,0,0.0,0.5
2923.6667,  1.00000000,1,0,0.0,0.5
2923.7000,  1.00000000,1,0,0.0,0.5
2923.7333,  1.00000000,1,0,0.0,0.5
2923.7667,  1.00000000,1,0,0.0,0.5
2923.8000,  1.00000000,1,0,0.0,0.5
2923.8333,  1.00000000,1,0,0.0,0.5
2923.8667,  1.00000000,1,0,0.0,0.5
2923.9000,  1.00000000,1,0,0.0,0.5
2923.9333,  1.00000000,1,0,0.0,0.5
2923.9667,  1.00000000,1,0,0.0,0.5
2924.0000,  1.00000000,1,0,0.0,0.5
2924.0333,  1.00000000,1,0,0.0,0.5
2924.0667,  1.00000000,1,0,0.0,0.5
2924.1000,  1.00000000,1,0,0.0,0.5
2924.1333,  1.00000000,1,0,0.0,0.5
2924.1667,  1.00000000,1,0,0.0,0.5
2924.2000,  1.00000000,1,0,0.0,0.5
2924.2333,  1.00000000,1,0,0.0,0.5
2924.2667,  1.00000000,1,0,0.0,0.5
2924.3000,  1.00000000,1,0,0.0,0.5
2924.3333,  1.00000000,1,0,0.0,0.5
2924.3667,  1.00000000,1,0,0.0,0.5
2924.4000,  1.00000000,1,0,0.0,0.5
2924.4333,  1.00000000,1,0,0.0,0.5
2924.4667,  1.00000000,1,0,0.0,0.5
2924.5000,  1.00000000,1,0,0.0,0.5
2924.5333,  1.00000000,1,0,0.0,0.5
2924.5667,  1.00000000,1,0,0.0,0.5
2924.6000,  1.00000000,1,0,0.0,0.5
2924.6333,  1.00000000,1,0,0.0,0.5
2924.6667,  1.00000000,1,0,0.0,0.5
2924.7000,  1.00000000,1,0,0.0,0.5
2924.7333,  1.00000000,1,0,0.0,0.5
2924.7667,  1.00000000,1,0,0.0,0.5
2924.8000,  1.00000000,1,0,0.0,0.5
2924.8333,  1.00000000,1,0,0.0,0.5
2924.8667,  1.00000000,1,0,0.025000000000000001,0.5
2924.9000,  1.00000000,1,0,0.0,0.5
2924.9333,  1.00000000,1,0,0.0,0.5
2924.9667,  1.00000000,1,0,0.0,0.5
2925.0000,  1.00000000,1,0,0.0,0.5
2925.0333,  1.00000000,1,0,0.0,0.5
2925.0667,  1.00000000,1,0,0.0,0.5
2925.1000,  1.00000000,1,0,0.0,0.5
2925.1333,  1.00000000,1,0,0.0,0.5
2925.1667,  1.00000000,1,0,0.0,0.5
2925.2000,  1.00000000,1,0,0.0,0.5
2925.2333,  1.00000000,1,0,0.0,0.5
2925.2667,  1.00000000,1,0,0.0,0.5
2925.3000,  1.00000000,1,0,0.0,0.5
2925.3333,  1.00000000,1,0,0.0,0.5
2925.3667,  1.00000000,1,0,0.0,0.5
2925.4000,  1.00000000,1,0,0.0,0.5
2925.4333,  1.00000000,1,0,0.0,0.5
2925.4667,  1.00000000,1,0,0.0,0.5
2925.5000,  1.00000000,1,0,0.0,0.5
2925.5333,  1.00000000,1,0,0.0,0.5
2925.5667,  1.00000000,1,0,0.0,0.5
2925.6000,  1.00000000,1,0,0.0,0.5
2925.6333,  1.00000000,1,0,0.0,0.5
2925.6667,  1.00000000,1,0,0.0,0.5
2925.7000,  1.00000000,1,0,0.0,0.5
2925.7333,  1.00000000,1,0,0.0,0.5
2925.7667,  1.00000000,1,0,0.0,0.5
2925.8000,  1.00000000,1,0,0.0,0.5
2925.8333,  1.00000000,1,0,0.0,0.5
2925.8667,  1.00000000,1,0,0.0,0.5
2925.9000,  1.00000000,1,0,0.0,0.5
2925.9333,  1.00000000,1,0,0.0,0.5
2925.9667,  1.00000000,1,0,0.0,0.5
2926.0000,  1.00000000,1,0,0.0,0.5
2926.0333,  1.00000000,1,0,0.0,0.5
2926.0667,  1.00000000,1,0,0.0,0.5
2926.1000,  1.00000000,1,0,0.0,0.5
2926.1333,  1.00000000,1,0,0.0,0.5
2926.1667,  1.00000000,1,0,0.0,0.5
2926.2000,  1.00000000,1,0,0.0,0.5
2926.2333,  1.00000000,1,0,0.0,0.5
2926.2667,  1.00000000,1,0,0.0,0.5
2926.3000,  1.00000000,1,0,0.0,0.5
2926.3333,  1.00000000,1,0,0.0,0.5
2926.3667,  1.00000000,1,0,0.0,0.5
2926.4000,  1.00000000,1,0,0.0,0.5
2926.4333,  1.00000000,1,0,0.0,0.5
2926.4667,  1.00000000,1,0,0.0,0.5
2926.5000,  1.00000000,1,0,0.0,0.5
2926.5333,  1.00000000,1,0,0.0,0.5
2926.5667,  1.00000000,1,0,0.0,0.5
2926.6000,  1.00000000,1,0,0.0,0.5
2926.6333,  1.00000000,1,0,0.0,0.5
2926.6667,  1.00000000,1,0,0.0,0.5
2926.7000,  1.00000000,1,0,0.0,0.5
2926.7333,  1.00000000,1,0,0.0,0.5
2926.7667,  1.00000000,1,0,0.0,0.5
2926.8000,  1.00000000,1,0,0.0,0.5
2926.8333,  1.00000000,1,0,0.0,0.5
2926.8667,  1.00000000,1,0,0.0,0.5
2926.9000,  1.00000000,1,0,0.0,0.5
2926.9333,  1.00000000,1,0,0.0,0.5
2926.9667,  1.00000000,1,0,0.0,0.5
2927.0000,  1.00000000,1,0,0.0,0.5
2927.0333,  1.00000000,1,0,0.0,0.5
2927.0667,  1.00000000,1,0,0.0,0.5
2927.1000,  1.00000000,1,0,0.0,0.5
2927.1333,  1.00000000,1,0,0.0,0.5
2927.1667,  1.00000000,1,0,0.0,0.5
2927.2000,  1.00000000,1,0,0.0,0.5
2927.2333,  1.00000000,1,0,0.0,0.5
2927.2667,  1.00000000,1,0,0.0,0.5
2927.3000,  1.00000000,1,0,0.0,0.5
2927.3333,  1.00000000,1,0,0.025000000000000001,0.5
2927.3667,  1.00000000,1,0,0.0,0.5
2927.4000,  1.00000000,1,0,0.0,0.5
2927.4333,  1.00000000,1,0,0.0,0.5
2927.4667,  1.00000000,1,0,0.0,0.5
2927.5000,  1.00000000,1,0,0.0,0.5
2927.5333,  1.00000000,1,0,0.0,0.5
2927.5667,  1.00000000,1,0,0.0,0.5
2927.6000,  1.00000000,1,0,0.0,0.5
2927.6333,  1.00000000,1,0,0.0,0.5
2927.6667,  1.00000000,1,0,0.0,0.5
2927.7000,  1.00000000,1,0,0.0,0.5
2927.7333,  1.00000000,1,0,0.0,0.5
2927.7667,  1.00000000,1,0,0.0,0.5
2927.8000,  1.00000000,1,0,0.0,0.5
2927.8333,  1.00000000,1,0,0.0,0.5
2927.8667,  1.00000000,1,0,0.0,0.5
2927.9000,  1.00000000,1,0,0.0,0.5
2927.9333,  1.00000000,1,0,0.0,0.5
2927.9667,  1.00000000,1,0,0.0,0.5
2928.0000,  1.00000000,1,0,0.0,0.5
2928.0333,  1.00000000,1,0,0.0,0.5
2928.0667,  1.00000000,1,0,0.0,0.5
2928.1000,  1.00000000,1,0,0.0,0.5
2928.1333,  1.00000000,1,0,0.025000000000000001,0.5
2928.1667,  1.00000000,1,0,0.0,0.5
2928.2000,  1.00000000,1,0,0.0,0.5
2928.2333,  1.00000000,1,0,0.0,0.5
2928.2667,  1.00000000,1,0,0.0,0.5
2928.3000,  1.00000000,1,0,0.0,0.5
2928.3333,  1.00000000,1,0,0.0,0.5
2928.3667,  1.00000000,1,0,0.0,0.5
2928.4000,  1.00000000,1,0,0.0,0.5
2928.4333,  1.00000000,1,0,0.0,0.5
2928.4667,  1.00000000,1,0,0.0,0.5
2928.5000,  1.00000000,1,0,0.0,0.5
2928.5333,  1.00000000,1,0,0.0,0.5
2928.5667,  1.00000000,1,0,0.0,0.5
2928.6000,  1.00000000,1,0,0.0,0.5
2928.6333,  1.00000000,1,0,0.0,0.5
2928.6667,  1.00000000,1,0,0.0,0.5
2928.7000,  1.00000000,1,0,0.0,0.5
2928.7333,  1.00000000,1,0,0.0,0.5
2928.7667,  1.00000000,1,0,0.0,0.5
2928.8000,  1.00000000,1,0,0.0,0.5
2928.8333,  1.00000000,1,0,0.0,0.5
2928.8667,  1.00000000,1,0,0.0,0.5
2928.9000,  1.00000000,1,0,0.0,0.5
2928.9333,  1.00000000,1,0,0.025000000000000001,0.5
2928.9667,  1.00000000,1,0,0.0,0.5
2929.0000,  1.00000000,1,0,0.0,0.5
2929.0333,  1.00000000,1,0,0.0,0.5
2929.0667,  1.00000000,1,0,0.0,0.5
2929.1000,  1.00000000,1,0,0.0,0.5
2929.1333,  1.00000000,1,0,0.0,0.5
2929.1667,  1.00000000,1,0,0.0,0.5
2929.2000,  1.00000000,1,0,0.0,0.5
2929.2333,  1.00000000,1,0,0.0,0.5
2929.2667,  1.00000000,1,0,0.0,0.5
2929.3000,  1.00000000,1,0,0.0,0.5
2929.3333,  1.00000000,1,0,0.0,0.5
2929.3667,  1.00000000,1,0,0.0,0.5
2929.4000,  1.00000000,1,0,0.0,0.5
2929.4333,  1.00000000,1,0,0.0,0.5
2929.4667,  1.00000000,1,0,0.0,0.5
2929.5000,  1.00000000,1,0,0.0,0.5
2929.5333,  1.00000000,1,0,0.0,0.5
2929.5667,  1.00000000,1,0,0.0,0.5
2929.6000,  1.00000000,1,0,0.0,0.5
2929.6333,  1.00000000,1,0,0.0,0.5
2929.6667,  1.00000000,1,0,0.0,0.5
2929.7000,  1.00000000,1,0,0.0,0.5
2929.7333,  1.00000000,1,0,0.0,0.5
2929.7667,  1.00000000,1,0,0.025000000000000001,0.5
2929.8000,  1.00000000,1,0,0.0,0.5
2929.8333,  1.00000000,1,0,0.0,0.5
2929.8667,  1.00000000,1,0,0.0,0.5
2929.9000,  1.00000000,1,0,0.0,0.5
2929.9333,  1.00000000,1,0,0.0,0.5
2929.9667,  1.00000000,1,0,0.0,0.5
2930.0000,  1.00000000,1,0,0.0,0.5
2930.0333,  1.00000000,1,0,0.0,0.5
2930.0667,  1.00000000,1,0,0.0,0.5
2930.1000,  1.00000000,1,0,0.0,0.5
2930.1333,  1.00000000,1,0,0.0,0.5
2930.1667,  1.00000000,1,0,0.0,0.5
2930.2000,  1.00000000,1,0,0.0,0.5
2930.2333,  1.00000000,1,0,0.0,0.5
2930.2667,  1.00000000,1,0,0.0,0.5
2930.3000,  1.00000000,1,0,0.0,0.5
2930.3333,  1.00000000,1,0,0.0,0.5
2930.3667,  1.00000000,1,0,0.0,0.5
2930.4000,  1.00000000,1,0,0.0,0.5
2930.4333,  1.00000000,1,0,0.0,0.5
2930.4667,  1.00000000,1,0,0.0,0.5
2930.5000,  1.00000000,1,0,0.0,0.5
2930.5333,  1.00000000,1,0,0.0,0.5
2930.5667,  1.00000000,1,0,0.0,0.5
2930.6000,  1.00000000,1,0,0.0,0.5
2930.6333,  1.00000000,1,0,0.0,0.5
2930.6667,  1.00000000,1,0,0.0,0.5
2930.7000,  1.00000000,1,0,0.0,0.5
2930.7333,  1.00000000,1,0,0.0,0.5
2930.7667,  1.00000000,1,0,0.0,0.5
2930.8000,  1.00000000,1,0,0.0,0.5
2930.8333,  1.00000000,1,0,0.025000000000000001,0.5
2930.8667,  1.00000000,1,0,0.025000000000000001,0.5
2930.9000,  1.00000000,1,0,0.0,0.5
2930.9333,  1.00000000,1,0,0.0,0.5
2930.9667,  1.00000000,1,0,0.0,0.5
2931.0000,  1.00000000,1,0,0.0,0.5
2931.0333,  1.00000000,1,0,0.0,0.5
2931.0667,  1.00000000,1,0,0.0,0.5
2931.1000,  1.00000000,1,0,0.0,0.5
2931.1333,  1.00000000,1,0,0.0,0.5
2931.1667,  1.00000000,1,0,0.0,0.5
2931.2000,  1.00000000,1,0,0.025000000000000001,0.5
2931.2333,  1.00000000,1,0,0.0,0.5
2931.2667,  1.00000000,1,0,0.0,0.5
2931.3000,  1.00000000,1,0,0.0,0.5
2931.3333,  1.00000000,1,0,0.0,0.5
2931.3667,  1.00000000,1,0,0.0,0.5
2931.4000,  1.00000000,1,0,0.0,0.5
2931.4333,  1.00000000,1,0,0.0,0.5
2931.4667,  1.00000000,1,0,0.0,0.5
2931.5000,  1.00000000,1,0,0.0,0.5
2931.5333,  1.00000000,1,0,0.0,0.5
2931.5667,  1.00000000,1,0,0.0,0.5
2931.6000,  1.00000000,1,0,0.0,0.5
2931.6333,  1.00000000,1,0,0.0,0.5
2931.6667,  1.00000000,1,0,0.0,0.5
2931.7000,  1.00000000,1,0,0.0,0.5
2931.7333,  1.00000000,1,0,0.0,0.5
2931.7667,  1.00000000,1,0,0.0,0.5
2931.8000,  1.00000000,1,0,0.0,0.5
2931.8333,  1.00000000,1,0,0.0,0.5
2931.8667,  1.00000000,1,0,0.0,0.5
2931.9000,  1.00000000,1,0,0.0,0.5
2931.9333,  1.00000000,1,0,0.0,0.5
2931.9667,  1.00000000,1,0,0.0,0.5
2932.0000,  1.00000000,1,0,0.0,0.5
2932.0333,  1.00000000,1,0,0.025000000000000001,0.5
2932.0667,  1.00000000,1,0,0.0,0.5
2932.1000,  1.00000000,1,0,0.0,0.5
2932.1333,  1.00000000,1,0,0.0,0.5
2932.1667,  1.00000000,1,0,0.0,0.5
2932.2000,  1.00000000,1,0,0.0,0.5
2932.2333,  1.00000000,1,0,0.0,0.5
2932.2667,  1.00000000,1,0,0.0,0.5
2932.3000,  1.00000000,1,0,0.0,0.5
2932.3333,  1.00000000,1,0,0.0,0.5
2932.3667,  1.00000000,1,0,0.0,0.5
2932.4000,  1.00000000,1,0,0.0,0.5
2932.4333,  1.00000000,1,0,0.0,0.5
2932.4667,  1.00000000,1,0,0.0,0.5
2932.5000,  1.00000000,1,0,0.025000000000000001,0.5
2932.5333,  1.00000000,1,0,0.0,0.5
2932.5667,  1.00000000,1,0,0.0,0.5
2932.6000,  1.00000000,1,0,0.0,0.5
2932.6333,  1.00000000,1,0,0.0,0.5
2932.6667,  1.00000000,1,0,0.0,0.5
2932.7000,  1.00000000,1,0,0.025000000000000001,0.5
2932.7333,  1.00000000,1,0,0.0,0.5
2932.7667,  1.00000000,1,0,0.0,0.5
2932.8000,  1.00000000,1,0,0.0,0.5
2932.8333,  1.00000000,1,0,0.0,0.5
2932.8667,  1.00000000,1,0,0.0,0.5
2932.9000,  1.00000000,1,0,0.0,0.5
2932.9333,  1.00000000,1,0,0.0,0.5
2932.9667,  1.00000000,1,0,0.0,0.5
2933.0000,  1.00000000,1,0,0.0,0.5
2933.0333,  1.00000000,1,0,0.0,0.5
2933.0667,  1.00000000,1,0,0.0,0.5
2933.1000,  1.00000000,1,0,0.0,0.5
2933.1333,  1.00000000,1,0,0.0,0.5
2933.1667,  1.00000000,1,0,0.0,0.5
2933.2000,  1.00000000,1,0,0.0,0.5
2933.2333,  1.00000000,1,0,0.0,0.5
2933.2667,  1.00000000,1,0,0.0,0.5
2933.3000,  1.00000000,1,0,0.0,0.5
2933.3333,  1.00000000,1,0,0.0,0.5
2933.3667,  1.00000000,1,0,0.0,0.5
2933.4000,  1.00000000,1,0,0.0,0.5
2933.4333,  1.00000000,1,0,0.025000000000000001,0.5
2933.4667,  1.00000000,1,0,0.0,0.5
2933.5000,  1.00000000,1,0,0.0,0.5
2933.5333,  1.00000000,1,0,0.0,0.5
2933.5667,  1.00000000,1,0,0.0,0.5
2933.6000,  1.00000000,1,0,0.0,0.5
2933.6333,  1.00000000,1,0,0.0,0.5
2933.6667,  1.00000000,1,0,0.0,0.5
2933.7000,  1.00000000,1,0,0.0,0.5
2933.7333,  1.00000000,1,0,0.0,0.5
2933.7667,  1.00000000,1,0,0.0,0.5
2933.8000,  1.00000000,1,0,0.0,0.5
2933.8333,  1.00000000,1,0,0.0,0.5
2933.8667,  1.00000000,1,0,0.0,0.5
2933.9000,  1.00000000,1,0,0.0,0.5
2933.9333,  1.00000000,1,0,0.0,0.5
2933.9667,  1.00000000,1,0,0.0,0.5
2934.0000,  1.00000000,1,0,0.0,0.5
2934.0333,  1.00000000,1,0,0.0,0.5
2934.0667,  1.00000000,1,0,0.0,0.5
2934.1000,  1.00000000,1,0,0.0,0.5
2934.1333,  1.00000000,1,0,0.0,0.5
2934.1667,  1.00000000,1,0,0.0,0.5
2934.2000,  1.00000000,1,0,0.0,0.5
2934.2333,  1.00000000,1,0,0.0,0.5
2934.2667,  1.00000000,1,0,0.0,0.5
2934.3000,  1.00000000,1,0,0.0,0.5
2934.3333,  1.00000000,1,0,0.0,0.5
2934.3667,  1.00000000,1,0,0.0,0.5
2934.4000,  1.00000000,1,0,0.0,0.5
2934.4333,  1.00000000,1,0,0.0,0.5
2934.4667,  1.00000000,1,0,0.0,0.5
2934.5000,  1.00000000,1,0,0.0,0.5
2934.5333,  1.00000000,1,0,0.0,0.5
2934.5667,  1.00000000,1,0,0.0,0.5
2934.6000,  1.00000000,1,0,0.0,0.5
2934.6333,  1.00000000,1,0,0.0,0.5
2934.6667,  1.00000000,1,0,0.0,0.5
2934.7000,  1.00000000,1,0,0.0,0.5
2934.7333,  1.00000000,1,0,0.0,0.5
2934.7667,  1.00000000,1,0,0.0,0.5
2934.8000,  1.00000000,1,0,0.0,0.5
2934.8333,  1.00000000,1,0,0.0,0.5
2934.8667,  1.00000000,1,0,0.025000000000000001,0.5
2934.9000,  1.00000000,1,0,0.0,0.5
2934.9333,  1.00000000,1,0,0.0,0.5
2934.9667,  1.00000000,1,0,0.0,0.5
2935.0000,  1.00000000,1,0,0.0,0.5
2935.0333,  1.00000000,1,0,0.0,0.5
2935.0667,  1.00000000,1,0,0.0,0.5
2935.1000,  1.00000000,1,0,0.0,0.5
2935.1333,  1.00000000,1,0,0.0,0.5
2935.1667,  1.00000000,1,0,0.0,0.5
2935.2000,  1.00000000,1,0,0.0,0.5
2935.2333,  1.00000000,1,0,0.0,0.5
2935.2667,  1.00000000,1,0,0.0,0.5
2935.3000,  1.00000000,1,0,0.0,0.5
2935.3333,  1.00000000,1,0,0.0,0.5
2935.3667,  1.00000000,1,0,0.0,0.5
2935.4000,  1.00000000,1,0,0.0,0.5
2935.4333,  1.00000000,1,0,0.0,0.5
2935.4667,  1.00000000,1,0,0.0,0.5
2935.5000,  1.00000000,1,0,0.0,0.5
2935.5333,  1.00000000,1,0,0.0,0.5
2935.5667,  1.00000000,1,0,0.0,0.5
2935.6000,  1.00000000,1,0,0.0,0.5
2935.6333,  1.00000000,1,0,0.0,0.5
2935.6667,  1.00000000,1,0,0.0,0.5
2935.7000,  1.00000000,1,0,0.0,0.5
2935.7333,  1.00000000,1,0,0.0,0.5
2935.7667,  1.00000000,1,0,0.025000000000000001,0.5
2935.8000,  1.00000000,1,0,0.0,0.5
2935.8333,  1.00000000,1,0,0.0,0.5
2935.8667,  1.00000000,1,0,0.0,0.5
2935.9000,  1.00000000,1,0,0.0,0.5
2935.9333,  1.00000000,1,0,0.0,0.5
2935.9667,  1.00000000,1,0,0.0,0.5
2936.0000,  1.00000000,1,0,0.0,0.5
2936.0333,  1.00000000,1,0,0.0,0.5
2936.0667,  1.00000000,1,0,0.0,0.5
2936.1000,  1.00000000,1,0,0.0,0.5
2936.1333,  1.00000000,1,0,0.0,0.5
2936.1667,  1.00000000,1,0,0.0,0.5
2936.2000,  1.00000000,1,0,0.0,0.5
2936.2333,  1.00000000,1,0,0.0,0.5
2936.2667,  1.00000000,1,0,0.0,0.5
2936.3000,  1.00000000,1,0,0.0,0.5
2936.3333,  1.00000000,1,0,0.0,0.5
2936.3667,  1.00000000,1,0,0.0,0.5
2936.4000,  1.00000000,1,0,0.0,0.5
2936.4333,  1.00000000,1,0,0.0,0.5
2936.4667,  1.00000000,1,0,0.0,0.5
2936.5000,  1.00000000,1,0,0.0,0.5
2936.5333,  1.00000000,1,0,0.0,0.5
2936.5667,  1.00000000,1,0,0.0,0.5
2936.6000,  1.00000000,1,0,0.0,0.5
2936.6333,  1.00000000,1,0,0.0,0.5
2936.6667,  1.00000000,1,0,0.0,0.5
2936.7000,  1.00000000,1,0,0.0,0.5
2936.7333,  1.00000000,1,0,0.0,0.5
2936.7667,  1.00000000,1,0,0.0,0.5
2936.8000,  1.00000000,1,0,0.0,0.5
2936.8333,  1.00000000,1,0,0.0,0.5
2936.8667,  1.00000000,1,0,0.0,0.5
2936.9000,  1.00000000,1,0,0.0,0.5
2936.9333,  1.00000000,1,0,0.0,0.5
2936.9667,  1.00000000,1,0,0.0,0.5
2937.0000,  1.00000000,1,0,0.0,0.5
2937.0333,  1.00000000,1,0,0.0,0.5
2937.0667,  1.00000000,1,0,0.0,0.5
2937.1000,  1.00000000,1,0,0.0,0.5
2937.1333,  1.00000000,1,0,0.0,0.5
2937.1667,  1.00000000,1,0,0.0,0.5
2937.2000,  1.00000000,1,0,0.0,0.5
2937.2333,  1.00000000,1,0,0.0,0.5
2937.2667,  1.00000000,1,0,0.0,0.5
2937.3000,  1.00000000,1,0,0.0,0.5
2937.3333,  1.00000000,1,0,0.0,0.5
2937.3667,  1.00000000,1,0,0.0,0.5
2937.4000,  1.00000000,1,0,0.0,0.5
2937.4333,  1.00000000,1,0,0.0,0.5
2937.4667,  1.00000000,1,0,0.0,0.5
2937.5000,  1.00000000,1,0,0.0,0.5
2937.5333,  1.00000000,1,0,0.0,0.5
2937.5667,  1.00000000,1,0,0.0,0.5
2937.6000,  1.00000000,1,0,0.0,0.5
2937.6333,  1.00000000,1,0,0.0,0.5
2937.6667,  1.00000000,1,0,0.0,0.5
2937.7000,  1.00000000,1,0,0.0,0.5
2937.7333,  1.00000000,1,0,0.0,0.5
2937.7667,  1.00000000,1,0,0.0,0.5
2937.8000,  1.00000000,1,0,0.0,0.5
2937.8333,  1.00000000,1,0,0.0,0.5
2937.8667,  1.00000000,1,0,0.0,0.5
2937.9000,  1.00000000,1,0,0.0,0.5
2937.9333,  1.00000000,1,0,0.0,0.5
2937.9667,  1.00000000,1,0,0.0,0.5
2938.0000,  1.00000000,1,0,0.0,0.5
2938.0333,  1.00000000,1,0,0.0,0.5
2938.0667,  1.00000000,1,0,0.0,0.5
2938.1000,  1.00000000,1,0,0.0,0.5
2938.1333,  1.00000000,1,0,0.0,0.5
2938.1667,  1.00000000,1,0,0.0,0.5
2938.2000,  1.00000000,1,0,0.0,0.5
2938.2333,  1.00000000,1,0,0.0,0.5
2938.2667,  1.00000000,1,0,0.0,0.5
2938.3000,  1.00000000,1,0,0.0,0.5
2938.3333,  1.00000000,1,0,0.0,0.5
2938.3667,  1.00000000,1,0,0.0,0.5
2938.4000,  1.00000000,1,0,0.0,0.5
2938.4333,  1.00000000,1,0,0.0,0.5
2938.4667,  1.00000000,1,0,0.0,0.5
2938.5000,  1.00000000,1,0,0.0,0.5
2938.5333,  1.00000000,1,0,0.0,0.5
2938.5667,  1.00000000,1,0,0.0,0.5
2938.6000,  1.00000000,1,0,0.0,0.5
2938.6333,  1.00000000,1,0,0.0,0.5
2938.6667,  1.00000000,1,0,0.0,0.5
2938.7000,  1.00000000,1,0,0.0,0.5
2938.7333,  1.00000000,1,0,0.0,0.5
2938.7667,  1.00000000,1,0,0.0,0.5
2938.8000,  1.00000000,1,0,0.0,0.5
2938.8333,  1.00000000,1,0,0.0,0.5
2938.8667,  1.00000000,1,0,0.0,0.5
2938.9000,  1.00000000,1,0,0.0,0.5
2938.9333,  1.00000000,1,0,0.0,0.5
2938.9667,  1.00000000,1,0,0.0,0.5
2939.0000,  1.00000000,1,0,0.0,0.5
2939.0333,  1.00000000,1,0,0.0,0.5
2939.0667,  1.00000000,1,0,0.0,0.5
2939.1000,  1.00000000,1,0,0.0,0.5
2939.1333,  1.00000000,1,0,0.0,0.5
2939.1667,  1.00000000,1,0,0.0,0.5
2939.2000,  1.00000000,1,0,0.0,0.5
2939.2333,  1.00000000,1,0,0.0,0.5
2939.2667,  1.00000000,1,0,0.0,0.5
2939.3000,  1.00000000,1,0,0.0,0.5
2939.3333,  1.00000000,1,0,0.0,0.5
2939.3667,  1.00000000,1,0,0.0,0.5
2939.4000,  1.00000000,1,0,0.0,0.5
2939.4333,  1.00000000,1,0,0.0,0.5
2939.4667,  1.00000000,1,0,0.0,0.5
2939.5000,  1.00000000,1,0,0.0,0.5
2939.5333,  1.00000000,1,0,0.0,0.5
2939.5667,  1.00000000,1,0,0.0,0.5
2939.6000,  1.00000000,1,0,0.0,0.5
2939.6333,  1.00000000,1,0,0.0,0.5
2939.6667,  1.00000000,1,0,0.0,0.5
2939.7000,  1.00000000,1,0,0.0,0.5
2939.7333,  1.00000000,1,0,0.025000000000000001,0.5
2939.7667,  1.00000000,1,0,0.0,0.5
2939.8000,  1.00000000,1,0,0.0,0.5
2939.8333,  1.00000000,1,0,0.0,0.5
2939.8667,  1.00000000,1,0,0.0,0.5
2939.9000,  1.00000000,1,0,0.0,0.5
2939.9333,  1.00000000,1,0,0.0,0.5
2939.9667,  1.00000000,1,0,0.0,0.5
2940.0000,  1.00000000,1,0,0.0,0.5
2940.0333,  1.00000000,1,0,0.0,0.5
2940.0667,  1.00000000,1,0,0.0,0.5
2940.1000,  1.00000000,1,0,0.0,0.5
2940.1333,  1.00000000,1,0,0.0,0.5
2940.1667,  1.00000000,1,0,0.0,0.5
2940.2000,  1.00000000,1,0,0.0,0.5
2940.2333,  1.00000000,1,0,0.0,0.5
2940.2667,  1.00000000,1,0,0.0,0.5
2940.3000,  1.00000000,1,0,0.0,0.5
2940.3333,  1.00000000,1,0,0.0,0.5
2940.3667,  1.00000000,1,0,0.0,0.5
2940.4000,  1.00000000,1,0,0.0,0.5
2940.4333,  1.00000000,1,0,0.0,0.5
2940.4667,  1.00000000,1,0,0.0,0.5
2940.5000,  1.00000000,1,0,0.0,0.5
2940.5333,  1.00000000,1,0,0.0,0.5
2940.5667,  1.00000000,1,0,0.0,0.5
2940.6000,  1.00000000,1,0,0.0,0.5
2940.6333,  1.00000000,1,0,0.0,0.5
2940.6667,  1.00000000,1,0,0.025000000000000001,0.5
2940.7000,  1.00000000,1,0,0.0,0.5
2940.7333,  1.00000000,1,0,0.0,0.5
2940.7667,  1.00000000,1,0,0.0,0.5
2940.8000,  1.00000000,1,0,0.0,0.5
2940.8333,  1.00000000,1,0,0.0,0.5
2940.8667,  1.00000000,1,0,0.0,0.5
2940.9000,  1.00000000,1,0,0.0,0.5
2940.9333,  1.00000000,1,0,0.0,0.5
2940.9667,  1.00000000,1,0,0.0,0.5
2941.0000,  1.00000000,1,0,0.0,0.5
2941.0333,  1.00000000,1,0,0.0,0.5
2941.0667,  1.00000000,1,0,0.0,0.5
2941.1000,  1.00000000,1,0,0.0,0.5
2941.1333,  1.00000000,1,0,0.0,0.5
2941.1667,  1.00000000,1,0,0.0,0.5
2941.2000,  1.00000000,1,0,0.0,0.5
2941.2333,  1.00000000,1,0,0.0,0.5
2941.2667,  1.00000000,1,0,0.0,0.5
2941.3000,  1.00000000,1,0,0.0,0.5
2941.3333,  1.00000000,1,0,0.0,0.5
2941.3667,  1.00000000,1,0,0.0,0.5
2941.4000,  1.00000000,1,0,0.0,0.5
2941.4333,  1.00000000,1,0,0.0,0.5
2941.4667,  1.00000000,1,0,0.0,0.5
2941.5000,  1.00000000,1,0,0.0,0.5
2941.5333,  1.00000000,1,0,0.0,0.5
2941.5667,  1.00000000,1,0,0.0,0.5
2941.6000,  1.00000000,1,0,0.0,0.5
2941.6333,  1.00000000,1,0,0.0,0.5
2941.6667,  1.00000000,1,0,0.0,0.5
2941.7000,  1.00000000,1,0,0.0,0.5
2941.7333,  1.00000000,1,0,0.0,0.5
2941.7667,  1.00000000,1,0,0.0,0.5
2941.8000,  1.00000000,1,0,0.0,0.5
2941.8333,  1.00000000,1,0,0.0,0.5
2941.8667,  1.00000000,1,0,0.0,0.5
2941.9000,  1.00000000,1,0,0.0,0.5
2941.9333,  1.00000000,1,0,0.0,0.5
2941.9667,  1.00000000,1,0,0.0,0.5
2942.0000,  1.00000000,1,0,0.0,0.5
2942.0333,  1.00000000,1,0,0.0,0.5
2942.0667,  1.00000000,1,0,0.025000000000000001,0.5
2942.1000,  1.00000000,1,0,0.025000000000000001,0.5
2942.1333,  1.00000000,1,0,0.0,0.5
2942.1667,  1.00000000,1,0,0.0,0.5
2942.2000,  1.00000000,1,0,0.0,0.5
2942.2333,  1.00000000,1,0,0.0,0.5
2942.2667,  1.00000000,1,0,0.0,0.5
2942.3000,  1.00000000,1,0,0.0,0.5
2942.3333,  1.00000000,1,0,0.0,0.5
2942.3667,  1.00000000,1,0,0.0,0.5
2942.4000,  1.00000000,1,0,0.0,0.5
2942.4333,  1.00000000,1,0,0.0,0.5
2942.4667,  1.00000000,1,0,0.0,0.5
2942.5000,  1.00000000,1,0,0.0,0.5
2942.5333,  1.00000000,1,0,0.0,0.5
2942.5667,  1.00000000,1,0,0.0,0.5
2942.6000,  1.00000000,1,0,0.0,0.5
2942.6333,  1.00000000,1,0,0.0,0.5
2942.6667,  1.00000000,1,0,0.0,0.5
2942.7000,  1.00000000,1,0,0.0,0.5
2942.7333,  1.00000000,1,0,0.0,0.5
2942.7667,  1.00000000,1,0,0.0,0.5
2942.8000,  1.00000000,1,0,0.0,0.5
2942.8333,  1.00000000,1,0,0.0,0.5
2942.8667,  1.00000000,1,0,0.0,0.5
2942.9000,  1.00000000,1,0,0.0,0.5
2942.9333,  1.00000000,1,0,0.0,0.5
2942.9667,  1.00000000,1,0,0.0,0.5
2943.0000,  1.00000000,1,0,0.0,0.5
2943.0333,  1.00000000,1,0,0.0,0.5
2943.0667,  1.00000000,1,0,0.0,0.5
2943.1000,  1.00000000,1,0,0.0,0.5
2943.1333,  1.00000000,1,0,0.0,0.5
2943.1667,  1.00000000,1,0,0.0,0.5
2943.2000,  1.00000000,1,0,0.0,0.5
2943.2333,  1.00000000,1,0,0.0,0.5
2943.2667,  1.00000000,1,0,0.0,0.5
2943.3000,  1.00000000,1,0,0.0,0.5
2943.3333,  1.00000000,1,0,0.0,0.5
2943.3667,  1.00000000,1,0,0.0,0.5
2943.4000,  1.00000000,1,0,0.0,0.5
2943.4333,  1.00000000,1,0,0.0,0.5
2943.4667,  1.00000000,1,0,0.0,0.5
2943.5000,  1.00000000,1,0,0.0,0.5
2943.5333,  1.00000000,1,0,0.0,0.5
2943.5667,  1.00000000,1,0,0.025000000000000001,0.5
2943.6000,  1.00000000,1,0,0.0,0.5
2943.6333,  1.00000000,1,0,0.0,0.5
2943.6667,  1.00000000,1,0,0.0,0.5
2943.7000,  1.00000000,1,0,0.0,0.5
2943.7333,  1.00000000,1,0,0.0,0.5
2943.7667,  1.00000000,1,0,0.0,0.5
2943.8000,  1.00000000,1,0,0.0,0.5
2943.8333,  1.00000000,1,0,0.0,0.5
2943.8667,  1.00000000,1,0,0.0,0.5
2943.9000,  1.00000000,1,0,0.0,0.5
2943.9333,  1.00000000,1,0,0.0,0.5
2943.9667,  1.00000000,1,0,0.0,0.5
2944.0000,  1.00000000,1,0,0.0,0.5
2944.0333,  1.00000000,1,0,0.0,0.5
2944.0667,  1.00000000,1,0,0.0,0.5
2944.1000,  1.00000000,1,0,0.0,0.5
2944.1333,  1.00000000,1,0,0.0,0.5
2944.1667,  1.00000000,1,0,0.0,0.5
2944.2000,  1.00000000,1,0,0.0,0.5
2944.2333,  1.00000000,1,0,0.0,0.5
2944.2667,  1.00000000,1,0,0.0,0.5
2944.3000,  1.00000000,1,0,0.0,0.5
2944.3333,  1.00000000,1,0,0.0,0.5
2944.3667,  1.00000000,1,0,0.0,0.5
2944.4000,  1.00000000,1,0,0.0,0.5
2944.4333,  1.00000000,1,0,0.0,0.5
2944.4667,  1.00000000,1,0,0.0,0.5
2944.5000,  1.00000000,1,0,0.0,0.5
2944.5333,  1.00000000,1,0,0.0,0.5
2944.5667,  1.00000000,1,0,0.0,0.5
2944.6000,  1.00000000,1,0,0.0,0.5
2944.6333,  1.00000000,1,0,0.0,0.5
2944.6667,  1.00000000,1,0,0.0,0.5
2944.7000,  1.00000000,1,0,0.0,0.5
2944.7333,  1.00000000,1,0,0.0,0.5
2944.7667,  1.00000000,1,0,0.0,0.5
2944.8000,  1.00000000,1,0,0.0,0.5
2944.8333,  1.00000000,1,0,0.0,0.5
2944.8667,  1.00000000,1,0,0.0,0.5
2944.9000,  1.00000000,1,0,0.0,0.5
2944.9333,  1.00000000,1,0,0.0,0.5
2944.9667,  1.00000000,1,0,0.0,0.5
2945.0000,  1.00000000,1,0,0.0,0.5
2945.0333,  1.00000000,1,0,0.0,0.5
2945.0667,  1.00000000,1,0,0.0,0.5
2945.1000,  1.00000000,1,0,0.0,0.5
2945.1333,  1.00000000,1,0,0.0,0.5
2945.1667,  1.00000000,1,0,0.0,0.5
2945.2000,  1.00000000,1,0,0.0,0.5
2945.2333,  1.00000000,1,0,0.0,0.5
2945.2667,  1.00000000,1,0,0.0,0.5
2945.3000,  1.00000000,1,0,0.0,0.5
2945.3333,  1.00000000,1,0,0.0,0.5
2945.3667,  1.00000000,1,0,0.025000000000000001,0.5
2945.4000,  1.00000000,1,0,0.0,0.5
2945.4333,  1.00000000,1,0,0.0,0.5
2945.4667,  1.00000000,1,0,0.0,0.5
2945.5000,  1.00000000,1,0,0.0,0.5
2945.5333,  1.00000000,1,0,0.0,0.5
2945.5667,  1.00000000,1,0,0.025000000000000001,0.5
2945.6000,  1.00000000,1,0,0.0,0.5
2945.6333,  1.00000000,1,0,0.0,0.5
2945.6667,  1.00000000,1,0,0.0,0.5
2945.7000,  1.00000000,1,0,0.0,0.5
2945.7333,  1.00000000,1,0,0.0,0.5
2945.7667,  1.00000000,1,0,0.0,0.5
2945.8000,  1.00000000,1,0,0.0,0.5
2945.8333,  1.00000000,1,0,0.0,0.5
2945.8667,  1.00000000,1,0,0.0,0.5
2945.9000,  1.00000000,1,0,0.0,0.5
2945.9333,  1.00000000,1,0,0.0,0.5
2945.9667,  1.00000000,1,0,0.0,0.5
2946.0000,  1.00000000,1,0,0.0,0.5
2946.0333,  1.00000000,1,0,0.0,0.5
2946.0667,  1.00000000,1,0,0.0,0.5
2946.1000,  1.00000000,1,0,0.0,0.5
2946.1333,  1.00000000,1,0,0.0,0.5
2946.1667,  1.00000000,1,0,0.0,0.5
2946.2000,  1.00000000,1,0,0.0,0.5
2946.2333,  1.00000000,1,0,0.0,0.5
2946.2667,  1.00000000,1,0,0.0,0.5
2946.3000,  1.00000000,1,0,0.0,0.5
2946.3333,  1.00000000,1,0,0.0,0.5
2946.3667,  1.00000000,1,0,0.0,0.5
2946.4000,  1.00000000,1,0,0.0,0.5
2946.4333,  1.00000000,1,0,0.0,0.5
2946.4667,  1.00000000,1,0,0.0,0.5
2946.5000,  1.00000000,1,0,0.0,0.5
2946.5333,  1.00000000,1,0,0.0,0.5
2946.5667,  1.00000000,1,0,0.0,0.5
2946.6000,  1.00000000,1,0,0.0,0.5
2946.6333,  1.00000000,1,0,0.0,0.5
2946.6667,  1.00000000,1,0,0.0,0.5
2946.7000,  1.00000000,1,0,0.0,0.5
2946.7333,  1.00000000,1,0,0.0,0.5
2946.7667,  1.00000000,1,0,0.0,0.5
2946.8000,  1.00000000,1,0,0.025000000000000001,0.5
2946.8333,  1.00000000,1,0,0.0,0.5
2946.8667,  1.00000000,1,0,0.0,0.5
2946.9000,  1.00000000,1,0,0.0,0.5
2946.9333,  1.00000000,1,0,0.0,0.5
2946.9667,  1.00000000,1,0,0.0,0.5
2947.0000,  1.00000000,1,0,0.0,0.5
2947.0333,  1.00000000,1,0,0.0,0.5
2947.0667,  1.00000000,1,0,0.0,0.5
2947.1000,  1.00000000,1,0,0.0,0.5
2947.1333,  1.00000000,1,0,0.0,0.5
2947.1667,  1.00000000,1,0,0.0,0.5
2947.2000,  1.00000000,1,0,0.0,0.5
2947.2333,  1.00000000,1,0,0.025000000000000001,0.5
2947.2667,  1.00000000,1,0,0.0,0.5
2947.3000,  1.00000000,1,0,0.0,0.5
2947.3333,  1.00000000,1,0,0.0,0.5
2947.3667,  1.00000000,1,0,0.0,0.5
2947.4000,  1.00000000,1,0,0.0,0.5
2947.4333,  1.00000000,1,0,0.0,0.5
2947.4667,  1.00000000,1,0,0.0,0.5
2947.5000,  1.00000000,1,0,0.0,0.5
2947.5333,  1.00000000,1,0,0.0,0.5
2947.5667,  1.00000000,1,0,0.0,0.5
2947.6000,  1.00000000,1,0,0.0,0.5
2947.6333,  1.00000000,1,0,0.0,0.5
2947.6667,  1.00000000,1,0,0.0,0.5
2947.7000,  1.00000000,1,0,0.0,0.5
2947.7333,  1.00000000,1,0,0.0,0.5
2947.7667,  1.00000000,1,0,0.0,0.5
2947.8000,  1.00000000,1,0,0.0,0.5
2947.8333,  1.00000000,1,0,0.0,0.5
2947.8667,  1.00000000,1,0,0.0,0.5
2947.9000,  1.00000000,1,0,0.0,0.5
2947.9333,  1.00000000,1,0,0.0,0.5
2947.9667,  1.00000000,1,0,0.0,0.5
2948.0000,  1.00000000,1,0,0.0,0.5
2948.0333,  1.00000000,1,0,0.0,0.5
2948.0667,  1.00000000,1,0,0.0,0.5
2948.1000,  1.00000000,1,0,0.0,0.5
2948.1333,  1.00000000,1,0,0.0,0.5
2948.1667,  1.00000000,1,0,0.0,0.5
2948.2000,  1.00000000,1,0,0.0,0.5
2948.2333,  1.00000000,1,0,0.0,0.5
2948.2667,  1.00000000,1,0,0.0,0.5
2948.3000,  1.00000000,1,0,0.0,0.5
2948.3333,  1.00000000,1,0,0.0,0.5
2948.3667,  1.00000000,1,0,0.0,0.5
2948.4000,  1.00000000,1,0,0.0,0.5
2948.4333,  1.00000000,1,0,0.0,0.5
2948.4667,  1.00000000,1,0,0.0,0.5
2948.5000,  1.00000000,1,0,0.0,0.5
2948.5333,  1.00000000,1,0,0.0,0.5
2948.5667,  1.00000000,1,0,0.0,0.5
2948.6000,  1.00000000,1,0,0.0,0.5
2948.6333,  1.00000000,1,0,0.0,0.5
2948.6667,  1.00000000,1,0,0.0,0.5
2948.7000,  1.00000000,1,0,0.0,0.5
2948.7333,  1.00000000,1,0,0.0,0.5
2948.7667,  1.00000000,1,0,0.0,0.5
2948.8000,  1.00000000,1,0,0.0,0.5
2948.8333,  1.00000000,1,0,0.0,0.5
2948.8667,  1.00000000,1,0,0.0,0.5
2948.9000,  1.00000000,1,0,0.0,0.5
2948.9333,  1.00000000,1,0,0.0,0.5
2948.9667,  1.00000000,1,0,0.0,0.5
2949.0000,  1.00000000,1,0,0.0,0.5
2949.0333,  1.00000000,1,0,0.0,0.5
2949.0667,  1.00000000,1,0,0.0,0.5
2949.1000,  1.00000000,1,0,0.0,0.5
2949.1333,  1.00000000,1,0,0.0,0.5
2949.1667,  1.00000000,1,0,0.0,0.5
2949.2000,  1.00000000,1,0,0.0,0.5
2949.2333,  1.00000000,1,0,0.0,0.5
2949.2667,  1.00000000,1,0,0.0,0.5
2949.3000,  1.00000000,1,0,0.0,0.5
2949.3333,  1.00000000,1,0,0.0,0.5
2949.3667,  1.00000000,1,0,0.0,0.5
2949.4000,  1.00000000,1,0,0.0,0.5
2949.4333,  1.00000000,1,0,0.0,0.5
2949.4667,  1.00000000,1,0,0.0,0.5
2949.5000,  1.00000000,1,0,0.0,0.5
2949.5333,  1.00000000,1,0,0.0,0.5
2949.5667,  1.00000000,1,0,0.0,0.5
2949.6000,  1.00000000,1,0,0.0,0.5
2949.6333,  1.00000000,1,0,0.0,0.5
2949.6667,  1.00000000,1,0,0.0,0.5
2949.7000,  1.00000000,1,0,0.0,0.5
2949.7333,  1.00000000,1,0,0.0,0.5
2949.7667,  1.00000000,1,0,0.0,0.5
2949.8000,  1.00000000,1,0,0.025000000000000001,0.5
2949.8333,  1.00000000,1,0,0.0,0.5
2949.8667,  1.00000000,1,0,0.0,0.5
2949.9000,  1.00000000,1,0,0.0,0.5
2949.9333,  1.00000000,1,0,0.0,0.5
2949.9667,  1.00000000,1,0,0.0,0.5
2950.0000,  1.00000000,1,0,0.0,0.5
2950.0333,  1.00000000,1,0,0.0,0.5
2950.0667,  1.00000000,1,0,0.0,0.5
2950.1000,  1.00000000,1,0,0.0,0.5
2950.1333,  1.00000000,1,0,0.0,0.5
2950.1667,  1.00000000,1,0,0.0,0.5
2950.2000,  1.00000000,1,0,0.0,0.5
2950.2333,  1.00000000,1,0,0.0,0.5
2950.2667,  1.00000000,1,0,0.0,0.5
2950.3000,  1.00000000,1,0,0.0,0.5
2950.3333,  1.00000000,1,0,0.0,0.5
2950.3667,  1.00000000,1,0,0.0,0.5
2950.4000,  1.00000000,1,0,0.0,0.5
2950.4333,  1.00000000,1,0,0.0,0.5
2950.4667,  1.00000000,1,0,0.0,0.5
2950.5000,  1.00000000,1,0,0.0,0.5
2950.5333,  1.00000000,1,0,0.0,0.5
2950.5667,  1.00000000,1,0,0.0,0.5
2950.6000,  1.00000000,1,0,0.0,0.5
2950.6333,  1.00000000,1,0,0.0,0.5
2950.6667,  1.00000000,1,0,0.0,0.5
2950.7000,  1.00000000,1,0,0.0,0.5
2950.7333,  1.00000000,1,0,0.0,0.5
2950.7667,  1.00000000,1,0,0.0,0.5
2950.8000,  1.00000000,1,0,0.0,0.5
2950.8333,  1.00000000,1,0,0.0,0.5
2950.8667,  1.00000000,1,0,0.0,0.5
2950.9000,  1.00000000,1,0,0.0,0.5
2950.9333,  1.00000000,1,0,0.0,0.5
2950.9667,  1.00000000,1,0,0.0,0.5
2951.0000,  1.00000000,1,0,0.0,0.5
2951.0333,  1.00000000,1,0,0.0,0.5
2951.0667,  1.00000000,1,0,0.0,0.5
2951.1000,  1.00000000,1,0,0.0,0.5
2951.1333,  1.00000000,1,0,0.0,0.5
2951.1667,  1.00000000,1,0,0.0,0.5
2951.2000,  1.00000000,1,0,0.0,0.5
2951.2333,  1.00000000,1,0,0.0,0.5
2951.2667,  1.00000000,1,0,0.0,0.5
2951.3000,  1.00000000,1,0,0.0,0.5
2951.3333,  1.00000000,1,0,0.0,0.5
2951.3667,  1.00000000,1,0,0.0,0.5
2951.4000,  1.00000000,1,0,0.0,0.5
2951.4333,  1.00000000,1,0,0.0,0.5
2951.4667,  1.00000000,1,0,0.0,0.5
2951.5000,  1.00000000,1,0,0.0,0.5
2951.5333,  1.00000000,1,0,0.0,0.5
2951.5667,  1.00000000,1,0,0.0,0.5
2951.6000,  1.00000000,1,0,0.0,0.5
2951.6333,  1.00000000,1,0,0.0,0.5
2951.6667,  1.00000000,1,0,0.0,0.5
2951.7000,  1.00000000,1,0,0.0,0.5
2951.7333,  1.00000000,1,0,0.0,0.5
2951.7667,  1.00000000,1,0,0.0,0.5
2951.8000,  1.00000000,1,0,0.0,0.5
2951.8333,  1.00000000,1,0,0.0,0.5
2951.8667,  1.00000000,1,0,0.0,0.5
2951.9000,  1.00000000,1,0,0.0,0.5
2951.9333,  1.00000000,1,0,0.0,0.5
2951.9667,  1.00000000,1,0,0.0,0.5
2952.0000,  1.00000000,1,0,0.0,0.5
2952.0333,  1.00000000,1,0,0.0,0.5
2952.0667,  1.00000000,1,0,0.0,0.5
2952.1000,  1.00000000,1,0,0.0,0.5
2952.1333,  1.00000000,1,0,0.0,0.5
2952.1667,  1.00000000,1,0,0.0,0.5
2952.2000,  1.00000000,1,0,0.0,0.5
2952.2333,  1.00000000,1,0,0.0,0.5
2952.2667,  1.00000000,1,0,0.0,0.5
2952.3000,  1.00000000,1,0,0.0,0.5
2952.3333,  1.00000000,1,0,0.0,0.5
2952.3667,  1.00000000,1,0,0.0,0.5
2952.4000,  1.00000000,1,0,0.0,0.5
2952.4333,  1.00000000,1,0,0.0,0.5
2952.4667,  1.00000000,1,0,0.0,0.5
2952.5000,  1.00000000,1,0,0.0,0.5
2952.5333,  1.00000000,1,0,0.0,0.5
2952.5667,  1.00000000,1,0,0.0,0.5
2952.6000,  1.00000000,1,0,0.0,0.5
2952.6333,  1.00000000,1,0,0.0,0.5
2952.6667,  1.00000000,1,0,0.0,0.5
2952.7000,  1.00000000,1,0,0.0,0.5
2952.7333,  1.00000000,1,0,0.0,0.5
2952.7667,  1.00000000,1,0,0.0,0.5
2952.8000,  1.00000000,1,0,0.0,0.5
2952.8333,  1.00000000,1,0,0.0,0.5
2952.8667,  1.00000000,1,0,0.0,0.5
2952.9000,  1.00000000,1,0,0.0,0.5
2952.9333,  1.00000000,1,0,0.0,0.5
2952.9667,  1.00000000,1,0,0.0,0.5
2953.0000,  1.00000000,1,0,0.0,0.5
2953.0333,  1.00000000,1,0,0.0,0.5
2953.0667,  1.00000000,1,0,0.0,0.5
2953.1000,  1.00000000,1,0,0.0,0.5
2953.1333,  1.00000000,1,0,0.0,0.5
2953.1667,  1.00000000,1,0,0.0,0.5
2953.2000,  1.00000000,1,0,0.0,0.5
2953.2333,  1.00000000,1,0,0.0,0.5
2953.2667,  1.00000000,1,0,0.025000000000000001,0.5
2953.3000,  1.00000000,1,0,0.0,0.5
2953.3333,  1.00000000,1,0,0.0,0.5
2953.3667,  1.00000000,1,0,0.0,0.5
2953.4000,  1.00000000,1,0,0.0,0.5
2953.4333,  1.00000000,1,0,0.0,0.5
2953.4667,  1.00000000,1,0,0.0,0.5
2953.5000,  1.00000000,1,0,0.0,0.5
2953.5333,  1.00000000,1,0,0.0,0.5
2953.5667,  1.00000000,1,0,0.0,0.5
2953.6000,  1.00000000,1,0,0.0,0.5
2953.6333,  1.00000000,1,0,0.0,0.5
2953.6667,  1.00000000,1,0,0.0,0.5
2953.7000,  1.00000000,1,0,0.0,0.5
2953.7333,  1.00000000,1,0,0.0,0.5
2953.7667,  1.00000000,1,0,0.0,0.5
2953.8000,  1.00000000,1,0,0.0,0.5
2953.8333,  1.00000000,1,0,0.0,0.5
2953.8667,  1.00000000,1,0,0.0,0.5
2953.9000,  1.00000000,1,0,0.0,0.5
2953.9333,  1.00000000,1,0,0.0,0.5
2953.9667,  1.00000000,1,0,0.0,0.5
2954.0000,  1.00000000,1,0,0.0,0.5
2954.0333,  1.00000000,1,0,0.0,0.5
2954.0667,  1.00000000,1,0,0.0,0.5
2954.1000,  1.00000000,1,0,0.0,0.5
2954.1333,  1.00000000,1,0,0.0,0.5
2954.1667,  1.00000000,1,0,0.0,0.5
2954.2000,  1.00000000,1,0,0.0,0.5
2954.2333,  1.00000000,1,0,0.0,0.5
2954.2667,  1.00000000,1,0,0.0,0.5
2954.3000,  1.00000000,1,0,0.0,0.5
2954.3333,  1.00000000,1,0,0.0,0.5
2954.3667,  1.00000000,1,0,0.0,0.5
2954.4000,  1.00000000,1,0,0.0,0.5
2954.4333,  1.00000000,1,0,0.0,0.5
2954.4667,  1.00000000,1,0,0.0,0.5
2954.5000,  1.00000000,1,0,0.0,0.5
2954.5333,  1.00000000,1,0,0.0,0.5
2954.5667,  1.00000000,1,0,0.0,0.5
2954.6000,  1.00000000,1,0,0.0,0.5
2954.6333,  1.00000000,1,0,0.0,0.5
2954.6667,  1.00000000,1,0,0.0,0.5
2954.7000,  1.00000000,1,0,0.0,0.5
2954.7333,  1.00000000,1,0,0.0,0.5
2954.7667,  1.00000000,1,0,0.0,0.5
2954.8000,  1.00000000,1,0,0.0,0.5
2954.8333,  1.00000000,1,0,0.0,0.5
2954.8667,  1.00000000,1,0,0.0,0.5
2954.9000,  1.00000000,1,0,0.0,0.5
2954.9333,  1.00000000,1,0,0.0,0.5
2954.9667,  1.00000000,1,0,0.0,0.5
2955.0000,  1.00000000,1,0,0.0,0.5
2955.0333,  1.00000000,1,0,0.0,0.5
2955.0667,  1.00000000,1,0,0.0,0.5
2955.1000,  1.00000000,1,0,0.0,0.5
2955.1333,  1.00000000,1,0,0.0,0.5
2955.1667,  1.00000000,1,0,0.0,0.5
2955.2000,  1.00000000,1,0,0.0,0.5
2955.2333,  1.00000000,1,0,0.0,0.5
2955.2667,  1.00000000,1,0,0.0,0.5
2955.3000,  1.00000000,1,0,0.0,0.5
2955.3333,  1.00000000,1,0,0.0,0.5
2955.3667,  1.00000000,1,0,0.0,0.5
2955.4000,  1.00000000,1,0,0.0,0.5
2955.4333,  1.00000000,1,0,0.0,0.5
2955.4667,  1.00000000,1,0,0.0,0.5
2955.5000,  1.00000000,1,0,0.0,0.5
2955.5333,  1.00000000,1,0,0.0,0.5
2955.5667,  1.00000000,1,0,0.0,0.5
2955.6000,  1.00000000,1,0,0.0,0.5
2955.6333,  1.00000000,1,0,0.0,0.5
2955.6667,  1.00000000,1,0,0.0,0.5
2955.7000,  1.00000000,1,0,0.025000000000000001,0.5
2955.7333,  1.00000000,1,0,0.0,0.5
2955.7667,  1.00000000,1,0,0.0,0.5
2955.8000,  1.00000000,1,0,0.0,0.5
2955.8333,  1.00000000,1,0,0.0,0.5
2955.8667,  1.00000000,1,0,0.0,0.5
2955.9000,  1.00000000,1,0,0.0,0.5
2955.9333,  1.00000000,1,0,0.0,0.5
2955.9667,  1.00000000,1,0,0.0,0.5
2956.0000,  1.00000000,1,0,0.0,0.5
2956.0333,  1.00000000,1,0,0.0,0.5
2956.0667,  1.00000000,1,0,0.0,0.5
2956.1000,  1.00000000,1,0,0.0,0.5
2956.1333,  1.00000000,1,0,0.0,0.5
2956.1667,  1.00000000,1,0,0.0,0.5
2956.2000,  1.00000000,1,0,0.0,0.5
2956.2333,  1.00000000,1,0,0.0,0.5
2956.2667,  1.00000000,1,0,0.0,0.5
2956.3000,  1.00000000,1,0,0.0,0.5
2956.3333,  1.00000000,1,0,0.0,0.5
2956.3667,  1.00000000,1,0,0.0,0.5
2956.4000,  1.00000000,1,0,0.0,0.5
2956.4333,  1.00000000,1,0,0.0,0.5
2956.4667,  1.00000000,1,0,0.0,0.5
2956.5000,  1.00000000,1,0,0.0,0.5
2956.5333,  1.00000000,1,0,0.0,0.5
2956.5667,  1.00000000,1,0,0.0,0.5
2956.6000,  1.00000000,1,0,0.0,0.5
2956.6333,  1.00000000,1,0,0.0,0.5
2956.6667,  1.00000000,1,0,0.0,0.5
2956.7000,  1.00000000,1,0,0.0,0.5
2956.7333,  1.00000000,1,0,0.0,0.5
2956.7667,  1.00000000,1,0,0.0,0.5
2956.8000,  1.00000000,1,0,0.0,0.5
2956.8333,  1.00000000,1,0,0.0,0.5
2956.8667,  1.00000000,1,0,0.0,0.5
2956.9000,  1.00000000,1,0,0.0,0.5
2956.9333,  1.00000000,1,0,0.0,0.5
2956.9667,  1.00000000,1,0,0.0,0.5
2957.0000,  1.00000000,1,0,0.0,0.5
2957.0333,  1.00000000,1,0,0.0,0.5
2957.0667,  1.00000000,1,0,0.0,0.5
2957.1000,  1.00000000,1,0,0.0,0.5
2957.1333,  1.00000000,1,0,0.0,0.5
2957.1667,  1.00000000,1,0,0.0,0.5
2957.2000,  1.00000000,1,0,0.0,0.5
2957.2333,  1.00000000,1,0,0.0,0.5
2957.2667,  1.00000000,1,0,0.0,0.5
2957.3000,  1.00000000,1,0,0.0,0.5
2957.3333,  1.00000000,1,0,0.0,0.5
2957.3667,  1.00000000,1,0,0.0,0.5
2957.4000,  1.00000000,1,0,0.0,0.5
2957.4333,  1.00000000,1,0,0.0,0.5
2957.4667,  1.00000000,1,0,0.0,0.5
2957.5000,  1.00000000,1,0,0.0,0.5
2957.5333,  1.00000000,1,0,0.025000000000000001,0.5
2957.5667,  1.00000000,1,0,0.0,0.5
2957.6000,  1.00000000,1,0,0.0,0.5
2957.6333,  1.00000000,1,0,0.0,0.5
2957.6667,  1.00000000,1,0,0.0,0.5
2957.7000,  1.00000000,1,0,0.0,0.5
2957.7333,  1.00000000,1,0,0.0,0.5
2957.7667,  1.00000000,1,0,0.0,0.5
2957.8000,  1.00000000,1,0,0.0,0.5
2957.8333,  1.00000000,1,0,0.0,0.5
2957.8667,  1.00000000,1,0,0.0,0.5
2957.9000,  1.00000000,1,0,0.0,0.5
2957.9333,  1.00000000,1,0,0.0,0.5
2957.9667,  1.00000000,1,0,0.0,0.5
2958.0000,  1.00000000,1,0,0.0,0.5
2958.0333,  1.00000000,1,0,0.0,0.5
2958.0667,  1.00000000,1,0,0.0,0.5
2958.1000,  1.00000000,1,0,0.0,0.5
2958.1333,  1.00000000,1,0,0.0,0.5
2958.1667,  1.00000000,1,0,0.0,0.5
2958.2000,  1.00000000,1,0,0.0,0.5
2958.2333,  1.00000000,1,0,0.0,0.5
2958.2667,  1.00000000,1,0,0.0,0.5
2958.3000,  1.00000000,1,0,0.0,0.5
2958.3333,  1.00000000,1,0,0.0,0.5
2958.3667,  1.00000000,1,0,0.0,0.5
2958.4000,  1.00000000,1,0,0.0,0.5
2958.4333,  1.00000000,1,0,0.0,0.5
2958.4667,  1.00000000,1,0,0.0,0.5
2958.5000,  1.00000000,1,0,0.0,0.5
2958.5333,  1.00000000,1,0,0.0,0.5
2958.5667,  1.00000000,1,0,0.0,0.5
2958.6000,  1.00000000,1,0,0.0,0.5
2958.6333,  1.00000000,1,0,0.0,0.5
2958.6667,  1.00000000,1,0,0.0,0.5
2958.7000,  1.00000000,1,0,0.0,0.5
2958.7333,  1.00000000,1,0,0.0,0.5
2958.7667,  1.00000000,1,0,0.0,0.5
2958.8000,  1.00000000,1,0,0.0,0.5
2958.8333,  1.00000000,1,0,0.0,0.5
2958.8667,  1.00000000,1,0,0.0,0.5
2958.9000,  1.00000000,1,0,0.0,0.5
2958.9333,  1.00000000,1,0,0.0,0.5
2958.9667,  1.00000000,1,0,0.0,0.5
2959.0000,  1.00000000,1,0,0.0,0.5
2959.0333,  1.00000000,1,0,0.0,0.5
2959.0667,  1.00000000,1,0,0.0,0.5
2959.1000,  1.00000000,1,0,0.0,0.5
2959.1333,  1.00000000,1,0,0.0,0.5
2959.1667,  1.00000000,1,0,0.0,0.5
2959.2000,  1.00000000,1,0,0.0,0.5
2959.2333,  1.00000000,1,0,0.0,0.5
2959.2667,  1.00000000,1,0,0.0,0.5
2959.3000,  1.00000000,1,0,0.0,0.5
2959.3333,  1.00000000,1,0,0.0,0.5
2959.3667,  1.00000000,1,0,0.0,0.5
2959.4000,  1.00000000,1,0,0.0,0.5
2959.4333,  1.00000000,1,0,0.0,0.5
2959.4667,  1.00000000,1,0,0.0,0.5
2959.5000,  1.00000000,1,0,0.0,0.5
2959.5333,  1.00000000,1,0,0.0,0.5
2959.5667,  1.00000000,1,0,0.0,0.5
2959.6000,  1.00000000,1,0,0.0,0.5
2959.6333,  1.00000000,1,0,0.0,0.5
2959.6667,  1.00000000,1,0,0.0,0.5
2959.7000,  1.00000000,1,0,0.0,0.5
2959.7333,  1.00000000,1,0,0.0,0.5
2959.7667,  1.00000000,1,0,0.0,0.5
2959.8000,  1.00000000,1,0,0.0,0.5
2959.8333,  1.00000000,1,0,0.0,0.5
2959.8667,  1.00000000,1,0,0.0,0.5
2959.9000,  1.00000000,1,0,0.0,0.5
2959.9333,  1.00000000,1,0,0.0,0.5
2959.9667,  1.00000000,1,0,0.0,0.5
2960.0000,  1.00000000,1,0,0.0,0.5
2960.0333,  1.00000000,1,0,0.0,0.5
2960.0667,  1.00000000,1,0,0.0,0.5
2960.1000,  1.00000000,1,0,0.0,0.5
2960.1333,  1.00000000,1,0,0.0,0.5
2960.1667,  1.00000000,1,0,0.0,0.5
2960.2000,  1.00000000,1,0,0.0,0.5
2960.2333,  1.00000000,1,0,0.0,0.5
2960.2667,  1.00000000,1,0,0.0,0.5
2960.3000,  1.00000000,1,0,0.0,0.5
2960.3333,  1.00000000,1,0,0.0,0.5
2960.3667,  1.00000000,1,0,0.0,0.5
2960.4000,  1.00000000,1,0,0.0,0.5
2960.4333,  1.00000000,1,0,0.0,0.5
2960.4667,  1.00000000,1,0,0.0,0.5
2960.5000,  1.00000000,1,0,0.0,0.5
2960.5333,  1.00000000,1,0,0.0,0.5
2960.5667,  1.00000000,1,0,0.0,0.5
2960.6000,  1.00000000,1,0,0.0,0.5
2960.6333,  1.00000000,1,0,0.0,0.5
2960.6667,  1.00000000,1,0,0.0,0.5
2960.7000,  1.00000000,1,0,0.0,0.5
2960.7333,  1.00000000,1,0,0.0,0.5
2960.7667,  1.00000000,1,0,0.0,0.5
2960.8000,  1.00000000,1,0,0.0,0.5
2960.8333,  1.00000000,1,0,0.0,0.5
2960.8667,  1.00000000,1,0,0.0,0.5
2960.9000,  1.00000000,1,0,0.0,0.5
2960.9333,  1.00000000,1,0,0.0,0.5
2960.9667,  1.00000000,1,0,0.0,0.5
2961.0000,  1.00000000,1,0,0.0,0.5
2961.0333,  1.00000000,1,0,0.0,0.5
2961.0667,  1.00000000,1,0,0.0,0.5
2961.1000,  1.00000000,1,0,0.0,0.5
2961.1333,  1.00000000,1,0,0.0,0.5
2961.1667,  1.00000000,1,0,0.0,0.5
2961.2000,  1.00000000,1,0,0.0,0.5
2961.2333,  1.00000000,1,0,0.0,0.5
2961.2667,  1.00000000,1,0,0.0,0.5
2961.3000,  1.00000000,1,0,0.0,0.5
2961.3333,  1.00000000,1,0,0.0,0.5
2961.3667,  1.00000000,1,0,0.0,0.5
2961.4000,  1.00000000,1,0,0.0,0.5
2961.4333,  1.00000000,1,0,0.0,0.5
2961.4667,  1.00000000,1,0,0.0,0.5
2961.5000,  1.00000000,1,0,0.0,0.5
2961.5333,  1.00000000,1,0,0.0,0.5
2961.5667,  1.00000000,1,0,0.0,0.5
2961.6000,  1.00000000,1,0,0.0,0.5
2961.6333,  1.00000000,1,0,0.0,0.5
2961.6667,  1.00000000,1,0,0.0,0.5
2961.7000,  1.00000000,1,0,0.0,0.5
2961.7333,  1.00000000,1,0,0.0,0.5
2961.7667,  1.00000000,1,0,0.0,0.5
2961.8000,  1.00000000,1,0,0.0,0.5
2961.8333,  1.00000000,1,0,0.0,0.5
2961.8667,  1.00000000,1,0,0.0,0.5
2961.9000,  1.00000000,1,0,0.0,0.5
2961.9333,  1.00000000,1,0,0.0,0.5
2961.9667,  1.00000000,1,0,0.0,0.5
2962.0000,  1.00000000,1,0,0.0,0.5
2962.0333,  1.00000000,1,0,0.0,0.5
2962.0667,  1.00000000,1,0,0.0,0.5
2962.1000,  1.00000000,1,0,0.0,0.5
2962.1333,  1.00000000,1,0,0.0,0.5
2962.1667,  1.00000000,1,0,0.0,0.5
2962.2000,  1.00000000,1,0,0.0,0.5
2962.2333,  1.00000000,1,0,0.0,0.5
2962.2667,  1.00000000,1,0,0.0,0.5
2962.3000,  1.00000000,1,0,0.0,0.5
2962.3333,  1.00000000,1,0,0.0,0.5
2962.3667,  1.00000000,1,0,0.0,0.5
2962.4000,  1.00000000,1,0,0.0,0.5
2962.4333,  1.00000000,1,0,0.0,0.5
2962.4667,  1.00000000,1,0,0.0,0.5
2962.5000,  1.00000000,1,0,0.0,0.5
2962.5333,  1.00000000,1,0,0.0,0.5
2962.5667,  1.00000000,1,0,0.0,0.5
2962.6000,  1.00000000,1,0,0.0,0.5
2962.6333,  1.00000000,1,0,0.0,0.5
2962.6667,  1.00000000,1,0,0.0,0.5
2962.7000,  1.00000000,1,0,0.0,0.5
2962.7333,  1.00000000,1,0,0.0,0.5
2962.7667,  1.00000000,1,0,0.0,0.5
2962.8000,  1.00000000,1,0,0.0,0.5
2962.8333,  1.00000000,1,0,0.0,0.5
2962.8667,  1.00000000,1,0,0.0,0.5
2962.9000,  1.00000000,1,0,0.0,0.5
2962.9333,  1.00000000,1,0,0.0,0.5
2962.9667,  1.00000000,1,0,0.0,0.5
2963.0000,  1.00000000,1,0,0.0,0.5
2963.0333,  1.00000000,1,0,0.0,0.5
2963.0667,  1.00000000,1,0,0.0,0.5
2963.1000,  1.00000000,1,0,0.0,0.5
2963.1333,  1.00000000,1,0,0.0,0.5
2963.1667,  1.00000000,1,0,0.0,0.5
2963.2000,  1.00000000,1,0,0.0,0.5
2963.2333,  1.00000000,1,0,0.0,0.5
2963.2667,  1.00000000,1,0,0.0,0.5
2963.3000,  1.00000000,1,0,0.0,0.5
2963.3333,  1.00000000,1,0,0.0,0.5
2963.3667,  1.00000000,1,0,0.0,0.5
2963.4000,  1.00000000,1,0,0.0,0.5
2963.4333,  1.00000000,1,0,0.0,0.5
2963.4667,  1.00000000,1,0,0.0,0.5
2963.5000,  1.00000000,1,0,0.0,0.5
2963.5333,  1.00000000,1,0,0.0,0.5
2963.5667,  1.00000000,1,0,0.025000000000000001,0.5
2963.6000,  1.00000000,1,0,0.0,0.5
2963.6333,  1.00000000,1,0,0.0,0.5
2963.6667,  1.00000000,1,0,0.0,0.5
2963.7000,  1.00000000,1,0,0.0,0.5
2963.7333,  1.00000000,1,0,0.0,0.5
2963.7667,  1.00000000,1,0,0.0,0.5
2963.8000,  1.00000000,1,0,0.0,0.5
2963.8333,  1.00000000,1,0,0.0,0.5
2963.8667,  1.00000000,1,0,0.0,0.5
2963.9000,  1.00000000,1,0,0.0,0.5
2963.9333,  1.00000000,1,0,0.0,0.5
2963.9667,  1.00000000,1,0,0.0,0.5
2964.0000,  1.00000000,1,0,0.0,0.5
2964.0333,  1.00000000,1,0,0.0,0.5
2964.0667,  1.00000000,1,0,0.0,0.5
2964.1000,  1.00000000,1,0,0.0,0.5
2964.1333,  1.00000000,1,0,0.0,0.5
2964.1667,  1.00000000,1,0,0.0,0.5
2964.2000,  1.00000000,1,0,0.0,0.5
2964.2333,  1.00000000,1,0,0.0,0.5
2964.2667,  1.00000000,1,0,0.0,0.5
2964.3000,  1.00000000,1,0,0.0,0.5
2964.3333,  1.00000000,1,0,0.0,0.5
2964.3667,  1.00000000,1,0,0.0,0.5
2964.4000,  1.00000000,1,0,0.0,0.5
2964.4333,  1.00000000,1,0,0.0,0.5
2964.4667,  1.00000000,1,0,0.025000000000000001,0.5
2964.5000,  1.00000000,1,0,0.0,0.5
2964.5333,  1.00000000,1,0,0.0,0.5
2964.5667,  1.00000000,1,0,0.0,0.5
2964.6000,  1.00000000,1,0,0.0,0.5
2964.6333,  1.00000000,1,0,0.0,0.5
2964.6667,  1.00000000,1,0,0.0,0.5
2964.7000,  1.00000000,1,0,0.0,0.5
2964.7333,  1.00000000,1,0,0.0,0.5
2964.7667,  1.00000000,1,0,0.0,0.5
2964.8000,  1.00000000,1,0,0.0,0.5
2964.8333,  1.00000000,1,0,0.0,0.5
2964.8667,  1.00000000,1,0,0.0,0.5
2964.9000,  1.00000000,1,0,0.0,0.5
2964.9333,  1.00000000,1,0,0.0,0.5
2964.9667,  1.00000000,1,0,0.0,0.5
2965.0000,  1.00000000,1,0,0.0,0.5
2965.0333,  1.00000000,1,0,0.0,0.5
2965.0667,  1.00000000,1,0,0.0,0.5
2965.1000,  1.00000000,1,0,0.0,0.5
2965.1333,  1.00000000,1,0,0.0,0.5
2965.1667,  1.00000000,1,0,0.0,0.5
2965.2000,  1.00000000,1,0,0.0,0.5
2965.2333,  1.00000000,1,0,0.0,0.5
2965.2667,  1.00000000,1,0,0.0,0.5
2965.3000,  1.00000000,1,0,0.0,0.5
2965.3333,  1.00000000,1,0,0.0,0.5
2965.3667,  1.00000000,1,0,0.0,0.5
2965.4000,  1.00000000,1,0,0.0,0.5
2965.4333,  1.00000000,1,0,0.0,0.5
2965.4667,  1.00000000,1,0,0.0,0.5
2965.5000,  1.00000000,1,0,0.0,0.5
2965.5333,  1.00000000,1,0,0.0,0.5
2965.5667,  1.00000000,1,0,0.0,0.5
2965.6000,  1.00000000,1,0,0.0,0.5
2965.6333,  1.00000000,1,0,0.0,0.5
2965.6667,  1.00000000,1,0,0.0,0.5
2965.7000,  1.00000000,1,0,0.0,0.5
2965.7333,  1.00000000,1,0,0.0,0.5
2965.7667,  1.00000000,1,0,0.0,0.5
2965.8000,  1.00000000,1,0,0.0,0.5
2965.8333,  1.00000000,1,0,0.0,0.5
2965.8667,  1.00000000,1,0,0.0,0.5
2965.9000,  1.00000000,1,0,0.0,0.5
2965.9333,  1.00000000,1,0,0.0,0.5
2965.9667,  1.00000000,1,0,0.0,0.5
2966.0000,  1.00000000,1,0,0.0,0.5
2966.0333,  1.00000000,1,0,0.0,0.5
2966.0667,  1.00000000,1,0,0.0,0.5
2966.1000,  1.00000000,1,0,0.0,0.5
2966.1333,  1.00000000,1,0,0.0,0.5
2966.1667,  1.00000000,1,0,0.0,0.5
2966.2000,  1.00000000,1,0,0.0,0.5
2966.2333,  1.00000000,1,0,0.0,0.5
2966.2667,  1.00000000,1,0,0.0,0.5
2966.3000,  1.00000000,1,0,0.0,0.5
2966.3333,  1.00000000,1,0,0.0,0.5
2966.3667,  1.00000000,1,0,0.0,0.5
2966.4000,  1.00000000,1,0,0.0,0.5
2966.4333,  1.00000000,1,0,0.0,0.5
2966.4667,  1.00000000,1,0,0.0,0.5
2966.5000,  1.00000000,1,0,0.0,0.5
2966.5333,  1.00000000,1,0,0.0,0.5
2966.5667,  1.00000000,1,0,0.0,0.5
2966.6000,  1.00000000,1,0,0.0,0.5
2966.6333,  1.00000000,1,0,0.0,0.5
2966.6667,  1.00000000,1,0,0.0,0.5
2966.7000,  1.00000000,1,0,0.0,0.5
2966.7333,  1.00000000,1,0,0.0,0.5
2966.7667,  1.00000000,1,0,0.0,0.5
2966.8000,  1.00000000,1,0,0.0,0.5
2966.8333,  1.00000000,1,0,0.0,0.5
2966.8667,  1.00000000,1,0,0.0,0.5
2966.9000,  1.00000000,1,0,0.0,0.5
2966.9333,  1.00000000,1,0,0.0,0.5
2966.9667,  1.00000000,1,0,0.0,0.5
2967.0000,  1.00000000,1,0,0.0,0.5
2967.0333,  1.00000000,1,0,0.0,0.5
2967.0667,  1.00000000,1,0,0.0,0.5
2967.1000,  1.00000000,1,0,0.0,0.5
2967.1333,  1.00000000,1,0,0.0,0.5
2967.1667,  1.00000000,1,0,0.025000000000000001,0.5
2967.2000,  1.00000000,1,0,0.0,0.5
2967.2333,  1.00000000,1,0,0.0,0.5
2967.2667,  1.00000000,1,0,0.0,0.5
2967.3000,  1.00000000,1,0,0.0,0.5
2967.3333,  1.00000000,1,0,0.0,0.5
2967.3667,  1.00000000,1,0,0.0,0.5
2967.4000,  1.00000000,1,0,0.0,0.5
2967.4333,  1.00000000,1,0,0.0,0.5
2967.4667,  1.00000000,1,0,0.0,0.5
2967.5000,  1.00000000,1,0,0.0,0.5
2967.5333,  1.00000000,1,0,0.0,0.5
2967.5667,  1.00000000,1,0,0.0,0.5
2967.6000,  1.00000000,1,0,0.0,0.5
2967.6333,  1.00000000,1,0,0.0,0.5
2967.6667,  1.00000000,1,0,0.0,0.5
2967.7000,  1.00000000,1,0,0.0,0.5
2967.7333,  1.00000000,1,0,0.0,0.5
2967.7667,  1.00000000,1,0,0.0,0.5
2967.8000,  1.00000000,1,0,0.0,0.5
2967.8333,  1.00000000,1,0,0.0,0.5
2967.8667,  1.00000000,1,0,0.0,0.5
2967.9000,  1.00000000,1,0,0.0,0.5
2967.9333,  1.00000000,1,0,0.0,0.5
2967.9667,  1.00000000,1,0,0.0,0.5
2968.0000,  1.00000000,1,0,0.0,0.5
2968.0333,  1.00000000,1,0,0.0,0.5
2968.0667,  1.00000000,1,0,0.0,0.5
2968.1000,  1.00000000,1,0,0.0,0.5
2968.1333,  1.00000000,1,0,0.0,0.5
2968.1667,  1.00000000,1,0,0.0,0.5
2968.2000,  1.00000000,1,0,0.0,0.5
2968.2333,  1.00000000,1,0,0.0,0.5
2968.2667,  1.00000000,1,0,0.0,0.5
2968.3000,  1.00000000,1,0,0.025000000000000001,0.5
2968.3333,  1.00000000,1,0,0.0,0.5
2968.3667,  1.00000000,1,0,0.0,0.5
2968.4000,  1.00000000,1,0,0.0,0.5
2968.4333,  1.00000000,1,0,0.0,0.5
2968.4667,  1.00000000,1,0,0.0,0.5
2968.5000,  1.00000000,1,0,0.0,0.5
2968.5333,  1.00000000,1,0,0.0,0.5
2968.5667,  1.00000000,1,0,0.0,0.5
2968.6000,  1.00000000,1,0,0.0,0.5
2968.6333,  1.00000000,1,0,0.0,0.5
2968.6667,  1.00000000,1,0,0.0,0.5
2968.7000,  1.00000000,1,0,0.0,0.5
2968.7333,  1.00000000,1,0,0.0,0.5
2968.7667,  1.00000000,1,0,0.025000000000000001,0.5
2968.8000,  1.00000000,1,0,0.0,0.5
2968.8333,  1.00000000,1,0,0.0,0.5
2968.8667,  1.00000000,1,0,0.0,0.5
2968.9000,  1.00000000,1,0,0.0,0.5
2968.9333,  1.00000000,1,0,0.0,0.5
2968.9667,  1.00000000,1,0,0.0,0.5
2969.0000,  1.00000000,1,0,0.0,0.5
2969.0333,  1.00000000,1,0,0.0,0.5
2969.0667,  1.00000000,1,0,0.0,0.5
2969.1000,  1.00000000,1,0,0.0,0.5
2969.1333,  1.00000000,1,0,0.0,0.5
2969.1667,  1.00000000,1,0,0.0,0.5
2969.2000,  1.00000000,1,0,0.0,0.5
2969.2333,  1.00000000,1,0,0.0,0.5
2969.2667,  1.00000000,1,0,0.0,0.5
2969.3000,  1.00000000,1,0,0.0,0.5
2969.3333,  1.00000000,1,0,0.0,0.5
2969.3667,  1.00000000,1,0,0.0,0.5
2969.4000,  1.00000000,1,0,0.0,0.5
2969.4333,  1.00000000,1,0,0.0,0.5
2969.4667,  1.00000000,1,0,0.0,0.5
2969.5000,  1.00000000,1,0,0.0,0.5
2969.5333,  1.00000000,1,0,0.0,0.5
2969.5667,  1.00000000,1,0,0.0,0.5
2969.6000,  1.00000000,1,0,0.0,0.5
2969.6333,  1.00000000,1,0,0.0,0.5
2969.6667,  1.00000000,1,0,0.0,0.5
2969.7000,  1.00000000,1,0,0.0,0.5
2969.7333,  1.00000000,1,0,0.0,0.5
2969.7667,  1.00000000,1,0,0.0,0.5
2969.8000,  1.00000000,1,0,0.0,0.5
2969.8333,  1.00000000,1,0,0.0,0.5
2969.8667,  1.00000000,1,0,0.0,0.5
2969.9000,  1.00000000,1,0,0.0,0.5
2969.9333,  1.00000000,1,0,0.0,0.5
2969.9667,  1.00000000,1,0,0.0,0.5
2970.0000,  1.00000000,1,0,0.0,0.5
2970.0333,  1.00000000,1,0,0.025000000000000001,0.5
2970.0667,  1.00000000,1,0,0.0,0.5
2970.1000,  1.00000000,1,0,0.0,0.5
2970.1333,  1.00000000,1,0,0.0,0.5
2970.1667,  1.00000000,1,0,0.0,0.5
2970.2000,  1.00000000,1,0,0.0,0.5
2970.2333,  1.00000000,1,0,0.0,0.5
2970.2667,  1.00000000,1,0,0.0,0.5
2970.3000,  1.00000000,1,0,0.0,0.5
2970.3333,  1.00000000,1,0,0.0,0.5
2970.3667,  1.00000000,1,0,0.0,0.5
2970.4000,  1.00000000,1,0,0.0,0.5
2970.4333,  1.00000000,1,0,0.0,0.5
2970.4667,  1.00000000,1,0,0.025000000000000001,0.5
2970.5000,  1.00000000,1,0,0.0,0.5
2970.5333,  1.00000000,1,0,0.0,0.5
2970.5667,  1.00000000,1,0,0.0,0.5
2970.6000,  1.00000000,1,0,0.0,0.5
2970.6333,  1.00000000,1,0,0.0,0.5
2970.6667,  1.00000000,1,0,0.0,0.5
2970.7000,  1.00000000,1,0,0.0,0.5
2970.7333,  1.00000000,1,0,0.0,0.5
2970.7667,  1.00000000,1,0,0.0,0.5
2970.8000,  1.00000000,1,0,0.0,0.5
2970.8333,  1.00000000,1,0,0.0,0.5
2970.8667,  1.00000000,1,0,0.0,0.5
2970.9000,  1.00000000,1,0,0.0,0.5
2970.9333,  1.00000000,1,0,0.0,0.5
2970.9667,  1.00000000,1,0,0.0,0.5
2971.0000,  1.00000000,1,0,0.0,0.5
2971.0333,  1.00000000,1,0,0.0,0.5
2971.0667,  1.00000000,1,0,0.0,0.5
2971.1000,  1.00000000,1,0,0.0,0.5
2971.1333,  1.00000000,1,0,0.0,0.5
2971.1667,  1.00000000,1,0,0.0,0.5
2971.2000,  1.00000000,1,0,0.0,0.5
2971.2333,  1.00000000,1,0,0.0,0.5
2971.2667,  1.00000000,1,0,0.0,0.5
2971.3000,  1.00000000,1,0,0.0,0.5
2971.3333,  1.00000000,1,0,0.0,0.5
2971.3667,  1.00000000,1,0,0.0,0.5
2971.4000,  1.00000000,1,0,0.0,0.5
2971.4333,  1.00000000,1,0,0.0,0.5
2971.4667,  1.00000000,1,0,0.0,0.5
2971.5000,  1.00000000,1,0,0.0,0.5
2971.5333,  1.00000000,1,0,0.0,0.5
2971.5667,  1.00000000,1,0,0.0,0.5
2971.6000,  1.00000000,1,0,0.0,0.5
2971.6333,  1.00000000,1,0,0.0,0.5
2971.6667,  1.00000000,1,0,0.0,0.5
2971.7000,  1.00000000,1,0,0.0,0.5
2971.7333,  1.00000000,1,0,0.0,0.5
2971.7667,  1.00000000,1,0,0.0,0.5
2971.8000,  1.00000000,1,0,0.0,0.5
2971.8333,  1.00000000,1,0,0.0,0.5
2971.8667,  1.00000000,1,0,0.0,0.5
2971.9000,  1.00000000,1,0,0.0,0.5
2971.9333,  1.00000000,1,0,0.0,0.5
2971.9667,  1.00000000,1,0,0.0,0.5
2972.0000,  1.00000000,1,0,0.0,0.5
2972.0333,  1.00000000,1,0,0.0,0.5
2972.0667,  1.00000000,1,0,0.0,0.5
2972.1000,  1.00000000,1,0,0.0,0.5
2972.1333,  1.00000000,1,0,0.0,0.5
2972.1667,  1.00000000,1,0,0.0,0.5
2972.2000,  1.00000000,1,0,0.0,0.5
2972.2333,  1.00000000,1,0,0.0,0.5
2972.2667,  1.00000000,1,0,0.0,0.5
2972.3000,  1.00000000,1,0,0.0,0.5
2972.3333,  1.00000000,1,0,0.0,0.5
2972.3667,  1.00000000,1,0,0.0,0.5
2972.4000,  1.00000000,1,0,0.0,0.5
2972.4333,  1.00000000,1,0,0.0,0.5
2972.4667,  1.00000000,1,0,0.0,0.5
2972.5000,  1.00000000,1,0,0.025000000000000001,0.5
2972.5333,  1.00000000,1,0,0.0,0.5
2972.5667,  1.00000000,1,0,0.0,0.5
2972.6000,  1.00000000,1,0,0.0,0.5
2972.6333,  1.00000000,1,0,0.0,0.5
2972.6667,  1.00000000,1,0,0.0,0.5
2972.7000,  1.00000000,1,0,0.0,0.5
2972.7333,  1.00000000,1,0,0.0,0.5
2972.7667,  1.00000000,1,0,0.0,0.5
2972.8000,  1.00000000,1,0,0.0,0.5
2972.8333,  1.00000000,1,0,0.0,0.5
2972.8667,  1.00000000,1,0,0.0,0.5
2972.9000,  1.00000000,1,0,0.0,0.5
2972.9333,  1.00000000,1,0,0.0,0.5
2972.9667,  1.00000000,1,0,0.0,0.5
2973.0000,  1.00000000,1,0,0.0,0.5
2973.0333,  1.00000000,1,0,0.0,0.5
2973.0667,  1.00000000,1,0,0.0,0.5
2973.1000,  1.00000000,1,0,0.0,0.5
2973.1333,  1.00000000,1,0,0.0,0.5
2973.1667,  1.00000000,1,0,0.0,0.5
2973.2000,  1.00000000,1,0,0.0,0.5
2973.2333,  1.00000000,1,0,0.0,0.5
2973.2667,  1.00000000,1,0,0.0,0.5
2973.3000,  1.00000000,1,0,0.0,0.5
2973.3333,  1.00000000,1,0,0.0,0.5
2973.3667,  1.00000000,1,0,0.0,0.5
2973.4000,  1.00000000,1,0,0.0,0.5
2973.4333,  1.00000000,1,0,0.0,0.5
2973.4667,  1.00000000,1,0,0.0,0.5
2973.5000,  1.00000000,1,0,0.0,0.5
2973.5333,  1.00000000,1,0,0.0,0.5
2973.5667,  1.00000000,1,0,0.0,0.5
2973.6000,  1.00000000,1,0,0.0,0.5
2973.6333,  1.00000000,1,0,0.0,0.5
2973.6667,  1.00000000,1,0,0.0,0.5
2973.7000,  1.00000000,1,0,0.0,0.5
2973.7333,  1.00000000,1,0,0.0,0.5
2973.7667,  1.00000000,1,0,0.0,0.5
2973.8000,  1.00000000,1,0,0.0,0.5
2973.8333,  1.00000000,1,0,0.0,0.5
2973.8667,  1.00000000,1,0,0.0,0.5
2973.9000,  1.00000000,1,0,0.0,0.5
2973.9333,  1.00000000,1,0,0.0,0.5
2973.9667,  1.00000000,1,0,0.0,0.5
2974.0000,  1.00000000,1,0,0.0,0.5
2974.0333,  1.00000000,1,0,0.0,0.5
2974.0667,  1.00000000,1,0,0.0,0.5
2974.1000,  1.00000000,1,0,0.0,0.5
2974.1333,  1.00000000,1,0,0.0,0.5
2974.1667,  1.00000000,1,0,0.0,0.5
2974.2000,  1.00000000,1,0,0.0,0.5
2974.2333,  1.00000000,1,0,0.0,0.5
2974.2667,  1.00000000,1,0,0.0,0.5
2974.3000,  1.00000000,1,0,0.0,0.5
2974.3333,  1.00000000,1,0,0.0,0.5
2974.3667,  1.00000000,1,0,0.0,0.5
2974.4000,  1.00000000,1,0,0.0,0.5
2974.4333,  1.00000000,1,0,0.0,0.5
2974.4667,  1.00000000,1,0,0.0,0.5
2974.5000,  1.00000000,1,0,0.0,0.5
2974.5333,  1.00000000,1,0,0.0,0.5
2974.5667,  1.00000000,1,0,0.0,0.5
2974.6000,  1.00000000,1,0,0.0,0.5
2974.6333,  1.00000000,1,0,0.0,0.5
2974.6667,  1.00000000,1,0,0.0,0.5
2974.7000,  1.00000000,1,0,0.0,0.5
2974.7333,  1.00000000,1,0,0.0,0.5
2974.7667,  1.00000000,1,0,0.0,0.5
2974.8000,  1.00000000,1,0,0.0,0.5
2974.8333,  1.00000000,1,0,0.0,0.5
2974.8667,  1.00000000,1,0,0.0,0.5
2974.9000,  1.00000000,1,0,0.0,0.5
2974.9333,  1.00000000,1,0,0.0,0.5
2974.9667,  1.00000000,1,0,0.0,0.5
2975.0000,  1.00000000,1,0,0.0,0.5
2975.0333,  1.00000000,1,0,0.0,0.5
2975.0667,  1.00000000,1,0,0.0,0.5
2975.1000,  1.00000000,1,0,0.0,0.5
2975.1333,  1.00000000,1,0,0.0,0.5
2975.1667,  1.00000000,1,0,0.0,0.5
2975.2000,  1.00000000,1,0,0.0,0.5
2975.2333,  1.00000000,1,0,0.0,0.5
2975.2667,  1.00000000,1,0,0.0,0.5
2975.3000,  1.00000000,1,0,0.025000000000000001,0.5
2975.3333,  1.00000000,1,0,0.0,0.5
2975.3667,  1.00000000,1,0,0.0,0.5
2975.4000,  1.00000000,1,0,0.0,0.5
2975.4333,  1.00000000,1,0,0.0,0.5
2975.4667,  1.00000000,1,0,0.0,0.5
2975.5000,  1.00000000,1,0,0.0,0.5
2975.5333,  1.00000000,1,0,0.0,0.5
2975.5667,  1.00000000,1,0,0.0,0.5
2975.6000,  1.00000000,1,0,0.0,0.5
2975.6333,  1.00000000,1,0,0.0,0.5
2975.6667,  1.00000000,1,0,0.0,0.5
2975.7000,  1.00000000,1,0,0.0,0.5
2975.7333,  1.00000000,1,0,0.0,0.5
2975.7667,  1.00000000,1,0,0.0,0.5
2975.8000,  1.00000000,1,0,0.0,0.5
2975.8333,  1.00000000,1,0,0.025000000000000001,0.5
2975.8667,  1.00000000,1,0,0.0,0.5
2975.9000,  1.00000000,1,0,0.0,0.5
2975.9333,  1.00000000,1,0,0.0,0.5
2975.9667,  1.00000000,1,0,0.0,0.5
2976.0000,  1.00000000,1,0,0.0,0.5
2976.0333,  1.00000000,1,0,0.0,0.5
2976.0667,  1.00000000,1,0,0.0,0.5
2976.1000,  1.00000000,1,0,0.0,0.5
2976.1333,  1.00000000,1,0,0.0,0.5
2976.1667,  1.00000000,1,0,0.0,0.5
2976.2000,  1.00000000,1,0,0.0,0.5
2976.2333,  1.00000000,1,0,0.0,0.5
2976.2667,  1.00000000,1,0,0.0,0.5
2976.3000,  1.00000000,1,0,0.0,0.5
2976.3333,  1.00000000,1,0,0.0,0.5
2976.3667,  1.00000000,1,0,0.0,0.5
2976.4000,  1.00000000,1,0,0.0,0.5
2976.4333,  1.00000000,1,0,0.0,0.5
2976.4667,  1.00000000,1,0,0.0,0.5
2976.5000,  1.00000000,1,0,0.0,0.5
2976.5333,  1.00000000,1,0,0.0,0.5
2976.5667,  1.00000000,1,0,0.0,0.5
2976.6000,  1.00000000,1,0,0.0,0.5
2976.6333,  1.00000000,1,0,0.0,0.5
2976.6667,  1.00000000,1,0,0.0,0.5
2976.7000,  1.00000000,1,0,0.0,0.5
2976.7333,  1.00000000,1,0,0.0,0.5
2976.7667,  1.00000000,1,0,0.0,0.5
2976.8000,  1.00000000,1,0,0.0,0.5
2976.8333,  1.00000000,1,0,0.0,0.5
2976.8667,  1.00000000,1,0,0.0,0.5
2976.9000,  1.00000000,1,0,0.025000000000000001,0.5
2976.9333,  1.00000000,1,0,0.0,0.5
2976.9667,  1.00000000,1,0,0.0,0.5
2977.0000,  1.00000000,1,0,0.0,0.5
2977.0333,  1.00000000,1,0,0.0,0.5
2977.0667,  1.00000000,1,0,0.0,0.5
2977.1000,  1.00000000,1,0,0.0,0.5
2977.1333,  1.00000000,1,0,0.0,0.5
2977.1667,  1.00000000,1,0,0.0,0.5
2977.2000,  1.00000000,1,0,0.0,0.5
2977.2333,  1.00000000,1,0,0.0,0.5
2977.2667,  1.00000000,1,0,0.0,0.5
2977.3000,  1.00000000,1,0,0.0,0.5
2977.3333,  1.00000000,1,0,0.0,0.5
2977.3667,  1.00000000,1,0,0.0,0.5
2977.4000,  1.00000000,1,0,0.0,0.5
2977.4333,  1.00000000,1,0,0.0,0.5
2977.4667,  1.00000000,1,0,0.0,0.5
2977.5000,  1.00000000,1,0,0.0,0.5
2977.5333,  1.00000000,1,0,0.0,0.5
2977.5667,  1.00000000,1,0,0.0,0.5
2977.6000,  1.00000000,1,0,0.0,0.5
2977.6333,  1.00000000,1,0,0.0,0.5
2977.6667,  1.00000000,1,0,0.0,0.5
2977.7000,  1.00000000,1,0,0.0,0.5
2977.7333,  1.00000000,1,0,0.0,0.5
2977.7667,  1.00000000,1,0,0.0,0.5
2977.8000,  1.00000000,1,0,0.0,0.5
2977.8333,  1.00000000,1,0,0.0,0.5
2977.8667,  1.00000000,1,0,0.0,0.5
2977.9000,  1.00000000,1,0,0.0,0.5
2977.9333,  1.00000000,1,0,0.0,0.5
2977.9667,  1.00000000,1,0,0.0,0.5
2978.0000,  1.00000000,1,0,0.0,0.5
2978.0333,  1.00000000,1,0,0.0,0.5
2978.0667,  1.00000000,1,0,0.0,0.5
2978.1000,  1.00000000,1,0,0.0,0.5
2978.1333,  1.00000000,1,0,0.0,0.5
2978.1667,  1.00000000,1,0,0.0,0.5
2978.2000,  1.00000000,1,0,0.0,0.5
2978.2333,  1.00000000,1,0,0.0,0.5
2978.2667,  1.00000000,1,0,0.0,0.5
2978.3000,  1.00000000,1,0,0.0,0.5
2978.3333,  1.00000000,1,0,0.0,0.5
2978.3667,  1.00000000,1,0,0.0,0.5
2978.4000,  1.00000000,1,0,0.0,0.5
2978.4333,  1.00000000,1,0,0.0,0.5
2978.4667,  1.00000000,1,0,0.0,0.5
2978.5000,  1.00000000,1,0,0.0,0.5
2978.5333,  1.00000000,1,0,0.0,0.5
2978.5667,  1.00000000,1,0,0.0,0.5
2978.6000,  1.00000000,1,0,0.0,0.5
2978.6333,  1.00000000,1,0,0.0,0.5
2978.6667,  1.00000000,1,0,0.0,0.5
2978.7000,  1.00000000,1,0,0.0,0.5
2978.7333,  1.00000000,1,0,0.0,0.5
2978.7667,  1.00000000,1,0,0.0,0.5
2978.8000,  1.00000000,1,0,0.0,0.5
2978.8333,  1.00000000,1,0,0.0,0.5
2978.8667,  1.00000000,1,0,0.0,0.5
2978.9000,  1.00000000,1,0,0.0,0.5
2978.9333,  1.00000000,1,0,0.0,0.5
2978.9667,  1.00000000,1,0,0.0,0.5
2979.0000,  1.00000000,1,0,0.0,0.5
2979.0333,  1.00000000,1,0,0.0,0.5
2979.0667,  1.00000000,1,0,0.0,0.5
2979.1000,  1.00000000,1,0,0.0,0.5
2979.1333,  1.00000000,1,0,0.0,0.5
2979.1667,  1.00000000,1,0,0.0,0.5
2979.2000,  1.00000000,1,0,0.0,0.5
2979.2333,  1.00000000,1,0,0.0,0.5
2979.2667,  1.00000000,1,0,0.0,0.5
2979.3000,  1.00000000,1,0,0.0,0.5
2979.3333,  1.00000000,1,0,0.0,0.5
2979.3667,  1.00000000,1,0,0.0,0.5
2979.4000,  1.00000000,1,0,0.0,0.5
2979.4333,  1.00000000,1,0,0.0,0.5
2979.4667,  1.00000000,1,0,0.0,0.5
2979.5000,  1.00000000,1,0,0.0,0.5
2979.5333,  1.00000000,1,0,0.0,0.5
2979.5667,  1.00000000,1,0,0.0,0.5
2979.6000,  1.00000000,1,0,0.0,0.5
2979.6333,  1.00000000,1,0,0.025000000000000001,0.5
2979.6667,  1.00000000,1,0,0.0,0.5
2979.7000,  1.00000000,1,0,0.0,0.5
2979.7333,  1.00000000,1,0,0.0,0.5
2979.7667,  1.00000000,1,0,0.0,0.5
2979.8000,  1.00000000,1,0,0.0,0.5
2979.8333,  1.00000000,1,0,0.0,0.5
2979.8667,  1.00000000,1,0,0.0,0.5
2979.9000,  1.00000000,1,0,0.0,0.5
2979.9333,  1.00000000,1,0,0.0,0.5
2979.9667,  1.00000000,1,0,0.0,0.5
2980.0000,  1.00000000,1,0,0.0,0.5
2980.0333,  1.00000000,1,0,0.025000000000000001,0.5
2980.0667,  1.00000000,1,0,0.0,0.5
2980.1000,  1.00000000,1,0,0.0,0.5
2980.1333,  1.00000000,1,0,0.0,0.5
2980.1667,  1.00000000,1,0,0.0,0.5
2980.2000,  1.00000000,1,0,0.0,0.5
2980.2333,  1.00000000,1,0,0.0,0.5
2980.2667,  1.00000000,1,0,0.0,0.5
2980.3000,  1.00000000,1,0,0.025000000000000001,0.5
2980.3333,  1.00000000,1,0,0.0,0.5
2980.3667,  1.00000000,1,0,0.0,0.5
2980.4000,  1.00000000,1,0,0.0,0.5
2980.4333,  1.00000000,1,0,0.0,0.5
2980.4667,  1.00000000,1,0,0.0,0.5
2980.5000,  1.00000000,1,0,0.0,0.5
2980.5333,  1.00000000,1,0,0.0,0.5
2980.5667,  1.00000000,1,0,0.0,0.5
2980.6000,  1.00000000,1,0,0.0,0.5
2980.6333,  1.00000000,1,0,0.0,0.5
2980.6667,  1.00000000,1,0,0.0,0.5
2980.7000,  1.00000000,1,0,0.0,0.5
2980.7333,  1.00000000,1,0,0.0,0.5
2980.7667,  1.00000000,1,0,0.0,0.5
2980.8000,  1.00000000,1,0,0.0,0.5
2980.8333,  1.00000000,1,0,0.0,0.5
2980.8667,  1.00000000,1,0,0.0,0.5
2980.9000,  1.00000000,1,0,0.0,0.5
2980.9333,  1.00000000,1,0,0.0,0.5
2980.9667,  1.00000000,1,0,0.0,0.5
2981.0000,  1.00000000,1,0,0.0,0.5
2981.0333,  1.00000000,1,0,0.0,0.5
2981.0667,  1.00000000,1,0,0.0,0.5
2981.1000,  1.00000000,1,0,0.0,0.5
2981.1333,  1.00000000,1,0,0.0,0.5
2981.1667,  1.00000000,1,0,0.0,0.5
2981.2000,  1.00000000,1,0,0.0,0.5
2981.2333,  1.00000000,1,0,0.025000000000000001,0.5
2981.2667,  1.00000000,1,0,0.0,0.5
2981.3000,  1.00000000,1,0,0.0,0.5
2981.3333,  1.00000000,1,0,0.0,0.5
2981.3667,  1.00000000,1,0,0.0,0.5
2981.4000,  1.00000000,1,0,0.0,0.5
2981.4333,  1.00000000,1,0,0.0,0.5
2981.4667,  1.00000000,1,0,0.0,0.5
2981.5000,  1.00000000,1,0,0.0,0.5
2981.5333,  1.00000000,1,0,0.0,0.5
2981.5667,  1.00000000,1,0,0.0,0.5
2981.6000,  1.00000000,1,0,0.0,0.5
2981.6333,  1.00000000,1,0,0.0,0.5
2981.6667,  1.00000000,1,0,0.0,0.5
2981.7000,  1.00000000,1,0,0.0,0.5
2981.7333,  1.00000000,1,0,0.0,0.5
2981.7667,  1.00000000,1,0,0.0,0.5
2981.8000,  1.00000000,1,0,0.0,0.5
2981.8333,  1.00000000,1,0,0.0,0.5
2981.8667,  1.00000000,1,0,0.0,0.5
2981.9000,  1.00000000,1,0,0.0,0.5
2981.9333,  1.00000000,1,0,0.0,0.5
2981.9667,  1.00000000,1,0,0.0,0.5
2982.0000,  1.00000000,1,0,0.0,0.5
2982.0333,  1.00000000,1,0,0.0,0.5
2982.0667,  1.00000000,1,0,0.0,0.5
2982.1000,  1.00000000,1,0,0.0,0.5
2982.1333,  1.00000000,1,0,0.0,0.5
2982.1667,  1.00000000,1,0,0.0,0.5
2982.2000,  1.00000000,1,0,0.0,0.5
2982.2333,  1.00000000,1,0,0.0,0.5
2982.2667,  1.00000000,1,0,0.0,0.5
2982.3000,  1.00000000,1,0,0.0,0.5
2982.3333,  1.00000000,1,0,0.0,0.5
2982.3667,  1.00000000,1,0,0.0,0.5
2982.4000,  1.00000000,1,0,0.0,0.5
2982.4333,  1.00000000,1,0,0.0,0.5
2982.4667,  1.00000000,1,0,0.0,0.5
2982.5000,  1.00000000,1,0,0.0,0.5
2982.5333,  1.00000000,1,0,0.0,0.5
2982.5667,  1.00000000,1,0,0.0,0.5
2982.6000,  1.00000000,1,0,0.0,0.5
2982.6333,  1.00000000,1,0,0.0,0.5
2982.6667,  1.00000000,1,0,0.0,0.5
2982.7000,  1.00000000,1,0,0.0,0.5
2982.7333,  1.00000000,1,0,0.0,0.5
2982.7667,  1.00000000,1,0,0.0,0.5
2982.8000,  1.00000000,1,0,0.0,0.5
2982.8333,  1.00000000,1,0,0.0,0.5
2982.8667,  1.00000000,1,0,0.0,0.5
2982.9000,  1.00000000,1,0,0.0,0.5
2982.9333,  1.00000000,1,0,0.0,0.5
2982.9667,  1.00000000,1,0,0.0,0.5
2983.0000,  1.00000000,1,0,0.0,0.5
2983.0333,  1.00000000,1,0,0.0,0.5
2983.0667,  1.00000000,1,0,0.0,0.5
2983.1000,  1.00000000,1,0,0.0,0.5
2983.1333,  1.00000000,1,0,0.0,0.5
2983.1667,  1.00000000,1,0,0.0,0.5
2983.2000,  1.00000000,1,0,0.0,0.5
2983.2333,  1.00000000,1,0,0.0,0.5
2983.2667,  1.00000000,1,0,0.0,0.5
2983.3000,  1.00000000,1,0,0.0,0.5
2983.3333,  1.00000000,1,0,0.0,0.5
2983.3667,  1.00000000,1,0,0.0,0.5
2983.4000,  1.00000000,1,0,0.0,0.5
2983.4333,  1.00000000,1,0,0.0,0.5
2983.4667,  1.00000000,1,0,0.0,0.5
2983.5000,  1.00000000,1,0,0.0,0.5
2983.5333,  1.00000000,1,0,0.0,0.5
2983.5667,  1.00000000,1,0,0.0,0.5
2983.6000,  1.00000000,1,0,0.0,0.5
2983.6333,  1.00000000,1,0,0.0,0.5
2983.6667,  1.00000000,1,0,0.0,0.5
2983.7000,  1.00000000,1,0,0.0,0.5
2983.7333,  1.00000000,1,0,0.0,0.5
2983.7667,  1.00000000,1,0,0.0,0.5
2983.8000,  1.00000000,1,0,0.0,0.5
2983.8333,  1.00000000,1,0,0.0,0.5
2983.8667,  1.00000000,1,0,0.0,0.5
2983.9000,  1.00000000,1,0,0.0,0.5
2983.9333,  1.00000000,1,0,0.0,0.5
2983.9667,  1.00000000,1,0,0.0,0.5
2984.0000,  1.00000000,1,0,0.0,0.5
2984.0333,  1.00000000,1,0,0.0,0.5
2984.0667,  1.00000000,1,0,0.0,0.5
2984.1000,  1.00000000,1,0,0.0,0.5
2984.1333,  1.00000000,1,0,0.0,0.5
2984.1667,  1.00000000,1,0,0.0,0.5
2984.2000,  1.00000000,1,0,0.0,0.5
2984.2333,  1.00000000,1,0,0.0,0.5
2984.2667,  1.00000000,1,0,0.0,0.5
2984.3000,  1.00000000,1,0,0.0,0.5
2984.3333,  1.00000000,1,0,0.0,0.5
2984.3667,  1.00000000,1,0,0.0,0.5
2984.4000,  1.00000000,1,0,0.0,0.5
2984.4333,  1.00000000,1,0,0.0,0.5
2984.4667,  1.00000000,1,0,0.0,0.5
2984.5000,  1.00000000,1,0,0.0,0.5
2984.5333,  1.00000000,1,0,0.0,0.5
2984.5667,  1.00000000,1,0,0.0,0.5
2984.6000,  1.00000000,1,0,0.0,0.5
2984.6333,  1.00000000,1,0,0.0,0.5
2984.6667,  1.00000000,1,0,0.0,0.5
2984.7000,  1.00000000,1,0,0.0,0.5
2984.7333,  1.00000000,1,0,0.0,0.5
2984.7667,  1.00000000,1,0,0.0,0.5
2984.8000,  1.00000000,1,0,0.0,0.5
2984.8333,  1.00000000,1,0,0.0,0.5
2984.8667,  1.00000000,1,0,0.0,0.5
2984.9000,  1.00000000,1,0,0.0,0.5
2984.9333,  1.00000000,1,0,0.0,0.5
2984.9667,  1.00000000,1,0,0.0,0.5
2985.0000,  1.00000000,1,0,0.0,0.5
2985.0333,  1.00000000,1,0,0.0,0.5
2985.0667,  1.00000000,1,0,0.0,0.5
2985.1000,  1.00000000,1,0,0.0,0.5
2985.1333,  1.00000000,1,0,0.0,0.5
2985.1667,  1.00000000,1,0,0.0,0.5
2985.2000,  1.00000000,1,0,0.0,0.5
2985.2333,  1.00000000,1,0,0.0,0.5
2985.2667,  1.00000000,1,0,0.0,0.5
2985.3000,  1.00000000,1,0,0.0,0.5
2985.3333,  1.00000000,1,0,0.0,0.5
2985.3667,  1.00000000,1,0,0.0,0.5
2985.4000,  1.00000000,1,0,0.0,0.5
2985.4333,  1.00000000,1,0,0.0,0.5
2985.4667,  1.00000000,1,0,0.0,0.5
2985.5000,  1.00000000,1,0,0.0,0.5
2985.5333,  1.00000000,1,0,0.0,0.5
2985.5667,  1.00000000,1,0,0.0,0.5
2985.6000,  1.00000000,1,0,0.0,0.5
2985.6333,  1.00000000,1,0,0.0,0.5
2985.6667,  1.00000000,1,0,0.0,0.5
2985.7000,  1.00000000,1,0,0.0,0.5
2985.7333,  1.00000000,1,0,0.0,0.5
2985.7667,  1.00000000,1,0,0.0,0.5
2985.8000,  1.00000000,1,0,0.0,0.5
2985.8333,  1.00000000,1,0,0.0,0.5
2985.8667,  1.00000000,1,0,0.0,0.5
2985.9000,  1.00000000,1,0,0.0,0.5
2985.9333,  1.00000000,1,0,0.0,0.5
2985.9667,  1.00000000,1,0,0.0,0.5
2986.0000,  1.00000000,1,0,0.0,0.5
2986.0333,  1.00000000,1,0,0.0,0.5
2986.0667,  1.00000000,1,0,0.0,0.5
2986.1000,  1.00000000,1,0,0.0,0.5
2986.1333,  1.00000000,1,0,0.0,0.5
2986.1667,  1.00000000,1,0,0.0,0.5
2986.2000,  1.00000000,1,0,0.0,0.5
2986.2333,  1.00000000,1,0,0.0,0.5
2986.2667,  1.00000000,1,0,0.0,0.5
2986.3000,  1.00000000,1,0,0.0,0.5
2986.3333,  1.00000000,1,0,0.0,0.5
2986.3667,  1.00000000,1,0,0.0,0.5
2986.4000,  1.00000000,1,0,0.0,0.5
2986.4333,  1.00000000,1,0,0.0,0.5
2986.4667,  1.00000000,1,0,0.025000000000000001,0.5
2986.5000,  1.00000000,1,0,0.0,0.5
2986.5333,  1.00000000,1,0,0.0,0.5
2986.5667,  1.00000000,1,0,0.0,0.5
2986.6000,  1.00000000,1,0,0.0,0.5
2986.6333,  1.00000000,1,0,0.0,0.5
2986.6667,  1.00000000,1,0,0.0,0.5
2986.7000,  1.00000000,1,0,0.0,0.5
2986.7333,  1.00000000,1,0,0.0,0.5
2986.7667,  1.00000000,1,0,0.0,0.5
2986.8000,  1.00000000,1,0,0.0,0.5
2986.8333,  1.00000000,1,0,0.0,0.5
2986.8667,  1.00000000,1,0,0.0,0.5
2986.9000,  1.00000000,1,0,0.0,0.5
2986.9333,  1.00000000,1,0,0.0,0.5
2986.9667,  1.00000000,1,0,0.0,0.5
2987.0000,  1.00000000,1,0,0.0,0.5
2987.0333,  1.00000000,1,0,0.0,0.5
2987.0667,  1.00000000,1,0,0.0,0.5
2987.1000,  1.00000000,1,0,0.0,0.5
2987.1333,  1.00000000,1,0,0.0,0.5
2987.1667,  1.00000000,1,0,0.0,0.5
2987.2000,  1.00000000,1,0,0.0,0.5
2987.2333,  1.00000000,1,0,0.0,0.5
2987.2667,  1.00000000,1,0,0.0,0.5
2987.3000,  1.00000000,1,0,0.0,0.5
2987.3333,  1.00000000,1,0,0.0,0.5
2987.3667,  1.00000000,1,0,0.0,0.5
2987.4000,  1.00000000,1,0,0.0,0.5
2987.4333,  1.00000000,1,0,0.0,0.5
2987.4667,  1.00000000,1,0,0.0,0.5
2987.5000,  1.00000000,1,0,0.0,0.5
2987.5333,  1.00000000,1,0,0.0,0.5
2987.5667,  1.00000000,1,0,0.0,0.5
2987.6000,  1.00000000,1,0,0.0,0.5
2987.6333,  1.00000000,1,0,0.0,0.5
2987.6667,  1.00000000,1,0,0.0,0.5
2987.7000,  1.00000000,1,0,0.0,0.5
2987.7333,  1.00000000,1,0,0.0,0.5
2987.7667,  1.00000000,1,0,0.0,0.5
2987.8000,  1.00000000,1,0,0.0,0.5
2987.8333,  1.00000000,1,0,0.0,0.5
2987.8667,  1.00000000,1,0,0.0,0.5
2987.9000,  1.00000000,1,0,0.0,0.5
2987.9333,  1.00000000,1,0,0.0,0.5
2987.9667,  1.00000000,1,0,0.0,0.5
2988.0000,  1.00000000,1,0,0.0,0.5
2988.0333,  1.00000000,1,0,0.0,0.5
2988.0667,  1.00000000,1,0,0.0,0.5
2988.1000,  1.00000000,1,0,0.0,0.5
2988.1333,  1.00000000,1,0,0.0,0.5
2988.1667,  1.00000000,1,0,0.0,0.5
2988.2000,  1.00000000,1,0,0.0,0.5
2988.2333,  1.00000000,1,0,0.0,0.5
2988.2667,  1.00000000,1,0,0.0,0.5
2988.3000,  1.00000000,1,0,0.0,0.5
2988.3333,  1.00000000,1,0,0.0,0.5
2988.3667,  1.00000000,1,0,0.0,0.5
2988.4000,  1.00000000,1,0,0.0,0.5
2988.4333,  1.00000000,1,0,0.0,0.5
2988.4667,  1.00000000,1,0,0.0,0.5
2988.5000,  1.00000000,1,0,0.0,0.5
2988.5333,  1.00000000,1,0,0.0,0.5
2988.5667,  1.00000000,1,0,0.0,0.5
2988.6000,  1.00000000,1,0,0.0,0.5
2988.6333,  1.00000000,1,0,0.0,0.5
2988.6667,  1.00000000,1,0,0.0,0.5
2988.7000,  1.00000000,1,0,0.0,0.5
2988.7333,  1.00000000,1,0,0.0,0.5
2988.7667,  1.00000000,1,0,0.0,0.5
2988.8000,  1.00000000,1,0,0.0,0.5
2988.8333,  1.00000000,1,0,0.0,0.5
2988.8667,  1.00000000,1,0,0.0,0.5
2988.9000,  1.00000000,1,0,0.0,0.5
2988.9333,  1.00000000,1,0,0.0,0.5
2988.9667,  1.00000000,1,0,0.0,0.5
2989.0000,  1.00000000,1,0,0.0,0.5
2989.0333,  1.00000000,1,0,0.0,0.5
2989.0667,  1.00000000,1,0,0.0,0.5
2989.1000,  1.00000000,1,0,0.0,0.5
2989.1333,  1.00000000,1,0,0.0,0.5
2989.1667,  1.00000000,1,0,0.0,0.5
2989.2000,  1.00000000,1,0,0.0,0.5
2989.2333,  1.00000000,1,0,0.0,0.5
2989.2667,  1.00000000,1,0,0.0,0.5
2989.3000,  1.00000000,1,0,0.0,0.5
2989.3333,  1.00000000,1,0,0.0,0.5
2989.3667,  1.00000000,1,0,0.025000000000000001,0.5
2989.4000,  1.00000000,1,0,0.0,0.5
2989.4333,  1.00000000,1,0,0.0,0.5
2989.4667,  1.00000000,1,0,0.0,0.5
2989.5000,  1.00000000,1,0,0.0,0.5
2989.5333,  1.00000000,1,0,0.0,0.5
2989.5667,  1.00000000,1,0,0.0,0.5
2989.6000,  1.00000000,1,0,0.0,0.5
2989.6333,  1.00000000,1,0,0.0,0.5
2989.6667,  1.00000000,1,0,0.0,0.5
2989.7000,  1.00000000,1,0,0.0,0.5
2989.7333,  1.00000000,1,0,0.0,0.5
2989.7667,  1.00000000,1,0,0.0,0.5
2989.8000,  1.00000000,1,0,0.0,0.5
2989.8333,  1.00000000,1,0,0.0,0.5
2989.8667,  1.00000000,1,0,0.0,0.5
2989.9000,  1.00000000,1,0,0.0,0.5
2989.9333,  1.00000000,1,0,0.0,0.5
2989.9667,  1.00000000,1,0,0.0,0.5
2990.0000,  1.00000000,1,0,0.0,0.5
2990.0333,  1.00000000,1,0,0.0,0.5
2990.0667,  1.00000000,1,0,0.0,0.5
2990.1000,  1.00000000,1,0,0.0,0.5
2990.1333,  1.00000000,1,0,0.0,0.5
2990.1667,  1.00000000,1,0,0.0,0.5
2990.2000,  1.00000000,1,0,0.0,0.5
2990.2333,  1.00000000,1,0,0.0,0.5
2990.2667,  1.00000000,1,0,0.0,0.5
2990.3000,  1.00000000,1,0,0.0,0.5
2990.3333,  1.00000000,1,0,0.0,0.5
2990.3667,  1.00000000,1,0,0.0,0.5
2990.4000,  1.00000000,1,0,0.0,0.5
2990.4333,  1.00000000,1,0,0.0,0.5
2990.4667,  1.00000000,1,0,0.0,0.5
2990.5000,  1.00000000,1,0,0.0,0.5
2990.5333,  1.00000000,1,0,0.0,0.5
2990.5667,  1.00000000,1,0,0.0,0.5
2990.6000,  1.00000000,1,0,0.0,0.5
2990.6333,  1.00000000,1,0,0.0,0.5
2990.6667,  1.00000000,1,0,0.0,0.5
2990.7000,  1.00000000,1,0,0.0,0.5
2990.7333,  1.00000000,1,0,0.0,0.5
2990.7667,  1.00000000,1,0,0.0,0.5
2990.8000,  1.00000000,1,0,0.0,0.5
2990.8333,  1.00000000,1,0,0.0,0.5
2990.8667,  1.00000000,1,0,0.0,0.5
2990.9000,  1.00000000,1,0,0.0,0.5
2990.9333,  1.00000000,1,0,0.0,0.5
2990.9667,  1.00000000,1,0,0.0,0.5
2991.0000,  1.00000000,1,0,0.0,0.5
2991.0333,  1.00000000,1,0,0.0,0.5
2991.0667,  1.00000000,1,0,0.0,0.5
2991.1000,  1.00000000,1,0,0.0,0.5
2991.1333,  1.00000000,1,0,0.0,0.5
2991.1667,  1.00000000,1,0,0.0,0.5
2991.2000,  1.00000000,1,0,0.0,0.5
2991.2333,  1.00000000,1,0,0.0,0.5
2991.2667,  1.00000000,1,0,0.0,0.5
2991.3000,  1.00000000,1,0,0.0,0.5
2991.3333,  1.00000000,1,0,0.0,0.5
2991.3667,  1.00000000,1,0,0.0,0.5
2991.4000,  1.00000000,1,0,0.0,0.5
2991.4333,  1.00000000,1,0,0.0,0.5
2991.4667,  1.00000000,1,0,0.0,0.5
2991.5000,  1.00000000,1,0,0.0,0.5
2991.5333,  1.00000000,1,0,0.0,0.5
2991.5667,  1.00000000,1,0,0.0,0.5
2991.6000,  1.00000000,1,0,0.0,0.5
2991.6333,  1.00000000,1,0,0.0,0.5
2991.6667,  1.00000000,1,0,0.0,0.5
2991.7000,  1.00000000,1,0,0.0,0.5
2991.7333,  1.00000000,1,0,0.0,0.5
2991.7667,  1.00000000,1,0,0.0,0.5
2991.8000,  1.00000000,1,0,0.0,0.5
2991.8333,  1.00000000,1,0,0.0,0.5
2991.8667,  1.00000000,1,0,0.0,0.5
2991.9000,  1.00000000,1,0,0.0,0.5
2991.9333,  1.00000000,1,0,0.0,0.5
2991.9667,  1.00000000,1,0,0.0,0.5
2992.0000,  1.00000000,1,0,0.0,0.5
2992.0333,  1.00000000,1,0,0.0,0.5
2992.0667,  1.00000000,1,0,0.0,0.5
2992.1000,  1.00000000,1,0,0.0,0.5
2992.1333,  1.00000000,1,0,0.0,0.5
2992.1667,  1.00000000,1,0,0.0,0.5
2992.2000,  1.00000000,1,0,0.0,0.5
2992.2333,  1.00000000,1,0,0.0,0.5
2992.2667,  1.00000000,1,0,0.0,0.5
2992.3000,  1.00000000,1,0,0.0,0.5
2992.3333,  1.00000000,1,0,0.0,0.5
2992.3667,  1.00000000,1,0,0.0,0.5
2992.4000,  1.00000000,1,0,0.0,0.5
2992.4333,  1.00000000,1,0,0.0,0.5
2992.4667,  1.00000000,1,0,0.0,0.5
2992.5000,  1.00000000,1,0,0.0,0.5
2992.5333,  1.00000000,1,0,0.0,0.5
2992.5667,  1.00000000,1,0,0.0,0.5
2992.6000,  1.00000000,1,0,0.0,0.5
2992.6333,  1.00000000,1,0,0.0,0.5
2992.6667,  1.00000000,1,0,0.0,0.5
2992.7000,  1.00000000,1,0,0.0,0.5
2992.7333,  1.00000000,1,0,0.0,0.5
2992.7667,  1.00000000,1,0,0.0,0.5
2992.8000,  1.00000000,1,0,0.025000000000000001,0.5
2992.8333,  1.00000000,1,0,0.0,0.5
2992.8667,  1.00000000,1,0,0.0,0.5
2992.9000,  1.00000000,1,0,0.0,0.5
2992.9333,  1.00000000,1,0,0.0,0.5
2992.9667,  1.00000000,1,0,0.0,0.5
2993.0000,  1.00000000,1,0,0.0,0.5
2993.0333,  1.00000000,1,0,0.0,0.5
2993.0667,  1.00000000,1,0,0.0,0.5
2993.1000,  1.00000000,1,0,0.0,0.5
2993.1333,  1.00000000,1,0,0.0,0.5
2993.1667,  1.00000000,1,0,0.0,0.5
2993.2000,  1.00000000,1,0,0.0,0.5
2993.2333,  1.00000000,1,0,0.0,0.5
2993.2667,  1.00000000,1,0,0.0,0.5
2993.3000,  1.00000000,1,0,0.0,0.5
2993.3333,  1.00000000,1,0,0.0,0.5
2993.3667,  1.00000000,1,0,0.0,0.5
2993.4000,  1.00000000,1,0,0.0,0.5
2993.4333,  1.00000000,1,0,0.0,0.5
2993.4667,  1.00000000,1,0,0.0,0.5
2993.5000,  1.00000000,1,0,0.0,0.5
2993.5333,  1.00000000,1,0,0.0,0.5
2993.5667,  1.00000000,1,0,0.0,0.5
2993.6000,  1.00000000,1,0,0.0,0.5
2993.6333,  1.00000000,1,0,0.0,0.5
2993.6667,  1.00000000,1,0,0.0,0.5
2993.7000,  1.00000000,1,0,0.0,0.5
2993.7333,  1.00000000,1,0,0.0,0.5
2993.7667,  1.00000000,1,0,0.0,0.5
2993.8000,  1.00000000,1,0,0.0,0.5
2993.8333,  1.00000000,1,0,0.0,0.5
2993.8667,  1.00000000,1,0,0.0,0.5
2993.9000,  1.00000000,1,0,0.0,0.5
2993.9333,  1.00000000,1,0,0.0,0.5
2993.9667,  1.00000000,1,0,0.0,0.5
2994.0000,  1.00000000,1,0,0.0,0.5
2994.0333,  1.00000000,1,0,0.0,0.5
2994.0667,  1.00000000,1,0,0.0,0.5
2994.1000,  1.00000000,1,0,0.0,0.5
2994.1333,  1.00000000,1,0,0.0,0.5
2994.1667,  1.00000000,1,0,0.0,0.5
2994.2000,  1.00000000,1,0,0.0,0.5
2994.2333,  1.00000000,1,0,0.0,0.5
2994.2667,  1.00000000,1,0,0.0,0.5
2994.3000,  1.00000000,1,0,0.0,0.5
2994.3333,  1.00000000,1,0,0.0,0.5
2994.3667,  1.00000000,1,0,0.0,0.5
2994.4000,  1.00000000,1,0,0.0,0.5
2994.4333,  1.00000000,1,0,0.0,0.5
2994.4667,  1.00000000,1,0,0.0,0.5
2994.5000,  1.00000000,1,0,0.0,0.5
2994.5333,  1.00000000,1,0,0.0,0.5
2994.5667,  1.00000000,1,0,0.0,0.5
2994.6000,  1.00000000,1,0,0.0,0.5
2994.6333,  1.00000000,1,0,0.0,0.5
2994.6667,  1.00000000,1,0,0.0,0.5
2994.7000,  1.00000000,1,0,0.0,0.5
2994.7333,  1.00000000,1,0,0.0,0.5
2994.7667,  1.00000000,1,0,0.0,0.5
2994.8000,  1.00000000,1,0,0.0,0.5
2994.8333,  1.00000000,1,0,0.0,0.5
2994.8667,  1.00000000,1,0,0.0,0.5
2994.9000,  1.00000000,1,0,0.0,0.5
2994.9333,  1.00000000,1,0,0.0,0.5
2994.9667,  1.00000000,1,0,0.0,0.5
2995.0000,  1.00000000,1,0,0.0,0.5
2995.0333,  1.00000000,1,0,0.0,0.5
2995.0667,  1.00000000,1,0,0.025000000000000001,0.5
2995.1000,  1.00000000,1,0,0.0,0.5
2995.1333,  1.00000000,1,0,0.0,0.5
2995.1667,  1.00000000,1,0,0.0,0.5
2995.2000,  1.00000000,1,0,0.0,0.5
2995.2333,  1.00000000,1,0,0.0,0.5
2995.2667,  1.00000000,1,0,0.0,0.5
2995.3000,  1.00000000,1,0,0.0,0.5
2995.3333,  1.00000000,1,0,0.0,0.5
2995.3667,  1.00000000,1,0,0.0,0.5
2995.4000,  1.00000000,1,0,0.0,0.5
2995.4333,  1.00000000,1,0,0.0,0.5
2995.4667,  1.00000000,1,0,0.0,0.5
2995.5000,  1.00000000,1,0,0.0,0.5
2995.5333,  1.00000000,1,0,0.0,0.5
2995.5667,  1.00000000,1,0,0.0,0.5
2995.6000,  1.00000000,1,0,0.0,0.5
2995.6333,  1.00000000,1,0,0.0,0.5
2995.6667,  1.00000000,1,0,0.0,0.5
2995.7000,  1.00000000,1,0,0.0,0.5
2995.7333,  1.00000000,1,0,0.0,0.5
2995.7667,  1.00000000,1,0,0.0,0.5
2995.8000,  1.00000000,1,0,0.0,0.5
2995.8333,  1.00000000,1,0,0.0,0.5
2995.8667,  1.00000000,1,0,0.0,0.5
2995.9000,  1.00000000,1,0,0.0,0.5
2995.9333,  1.00000000,1,0,0.0,0.5
2995.9667,  1.00000000,1,0,0.0,0.5
2996.0000,  1.00000000,1,0,0.0,0.5
2996.0333,  1.00000000,1,0,0.0,0.5
2996.0667,  1.00000000,1,0,0.0,0.5
2996.1000,  1.00000000,1,0,0.0,0.5
2996.1333,  1.00000000,1,0,0.0,0.5
2996.1667,  1.00000000,1,0,0.0,0.5
2996.2000,  1.00000000,1,0,0.0,0.5
2996.2333,  1.00000000,1,0,0.0,0.5
2996.2667,  1.00000000,1,0,0.0,0.5
2996.3000,  1.00000000,1,0,0.0,0.5
2996.3333,  1.00000000,1,0,0.0,0.5
2996.3667,  1.00000000,1,0,0.0,0.5
2996.4000,  1.00000000,1,0,0.0,0.5
2996.4333,  1.00000000,1,0,0.0,0.5
2996.4667,  1.00000000,1,0,0.0,0.5
2996.5000,  1.00000000,1,0,0.0,0.5
2996.5333,  1.00000000,1,0,0.0,0.5
2996.5667,  1.00000000,1,0,0.0,0.5
2996.6000,  1.00000000,1,0,0.0,0.5
2996.6333,  1.00000000,1,0,0.0,0.5
2996.6667,  1.00000000,1,0,0.0,0.5
2996.7000,  1.00000000,1,0,0.0,0.5
2996.7333,  1.00000000,1,0,0.0,0.5
2996.7667,  1.00000000,1,0,0.0,0.5
2996.8000,  1.00000000,1,0,0.0,0.5
2996.8333,  1.00000000,1,0,0.0,0.5
2996.8667,  1.00000000,1,0,0.0,0.5
2996.9000,  1.00000000,1,0,0.0,0.5
2996.9333,  1.00000000,1,0,0.0,0.5
2996.9667,  1.00000000,1,0,0.0,0.5
2997.0000,  1.00000000,1,0,0.0,0.5
2997.0333,  1.00000000,1,0,0.0,0.5
2997.0667,  1.00000000,1,0,0.0,0.5
2997.1000,  1.00000000,1,0,0.0,0.5
2997.1333,  1.00000000,1,0,0.0,0.5
2997.1667,  1.00000000,1,0,0.0,0.5
2997.2000,  1.00000000,1,0,0.025000000000000001,0.5
2997.2333,  1.00000000,1,0,0.0,0.5
2997.2667,  1.00000000,1,0,0.0,0.5
2997.3000,  1.00000000,1,0,0.0,0.5
2997.3333,  1.00000000,1,0,0.0,0.5
2997.3667,  1.00000000,1,0,0.0,0.5
2997.4000,  1.00000000,1,0,0.0,0.5
2997.4333,  1.00000000,1,0,0.0,0.5
2997.4667,  1.00000000,1,0,0.0,0.5
2997.5000,  1.00000000,1,0,0.0,0.5
2997.5333,  1.00000000,1,0,0.0,0.5
2997.5667,  1.00000000,1,0,0.0,0.5
2997.6000,  1.00000000,1,0,0.0,0.5
2997.6333,  1.00000000,1,0,0.0,0.5
2997.6667,  1.00000000,1,0,0.0,0.5
2997.7000,  1.00000000,1,0,0.0,0.5
2997.7333,  1.00000000,1,0,0.0,0.5
2997.7667,  1.00000000,1,0,0.0,0.5
2997.8000,  1.00000000,1,0,0.0,0.5
2997.8333,  1.00000000,1,0,0.0,0.5
2997.8667,  1.00000000,1,0,0.0,0.5
2997.9000,  1.00000000,1,0,0.0,0.5
2997.9333,  1.00000000,1,0,0.0,0.5
2997.9667,  1.00000000,1,0,0.0,0.5
2998.0000,  1.00000000,1,0,0.0,0.5
2998.0333,  1.00000000,1,0,0.0,0.5
2998.0667,  1.00000000,1,0,0.0,0.5
2998.1000,  1.00000000,1,0,0.0,0.5
2998.1333,  1.00000000,1,0,0.0,0.5
2998.1667,  1.00000000,1,0,0.0,0.5
2998.2000,  1.00000000,1,0,0.0,0.5
2998.2333,  1.00000000,1,0,0.0,0.5
2998.2667,  1.00000000,1,0,0.0,0.5
2998.3000,  1.00000000,1,0,0.0,0.5
2998.3333,  1.00000000,1,0,0.0,0.5
2998.3667,  1.00000000,1,0,0.0,0.5
2998.4000,  1.00000000,1,0,0.0,0.5
2998.4333,  1.00000000,1,0,0.0,0.5
2998.4667,  1.00000000,1,0,0.0,0.5
2998.5000,  1.00000000,1,0,0.0,0.5
2998.5333,  1.00000000,1,0,0.0,0.5
2998.5667,  1.00000000,1,0,0.0,0.5
2998.6000,  1.00000000,1,0,0.0,0.5
2998.6333,  1.00000000,1,0,0.0,0.5
2998.6667,  1.00000000,1,0,0.0,0.5
2998.7000,  1.00000000,1,0,0.0,0.5
2998.7333,  1.00000000,1,0,0.0,0.5
2998.7667,  1.00000000,1,0,0.0,0.5
2998.8000,  1.00000000,1,0,0.0,0.5
2998.8333,  1.00000000,1,0,0.0,0.5
2998.8667,  1.00000000,1,0,0.0,0.5
2998.9000,  1.00000000,1,0,0.0,0.5
2998.9333,  1.00000000,1,0,0.0,0.5
2998.9667,  1.00000000,1,0,0.0,0.5
2999.0000,  1.00000000,1,0,0.0,0.5
2999.0333,  1.00000000,1,0,0.0,0.5
2999.0667,  1.00000000,1,0,0.0,0.5
2999.1000,  1.00000000,1,0,0.0,0.5
2999.1333,  1.00000000,1,0,0.0,0.5
2999.1667,  1.00000000,1,0,0.0,0.5
2999.2000,  1.00000000,1,0,0.0,0.5
2999.2333,  1.00000000,1,0,0.0,0.5
2999.2667,  1.00000000,1,0,0.0,0.5
2999.3000,  1.00000000,1,0,0.0,0.5
2999.3333,  1.00000000,1,0,0.0,0.5
2999.3667,  1.00000000,1,0,0.0,0.5
2999.4000,  1.00000000,1,0,0.0,0.5
2999.4333,  1.00000000,1,0,0.0,0.5
2999.4667,  1.00000000,1,0,0.0,0.5
2999.5000,  1.00000000,1,0,0.0,0.5
2999.5333,  1.00000000,1,0,0.0,0.5
2999.5667,  1.00000000,1,0,0.0,0.5
2999.6000,  1.00000000,1,0,0.0,0.5
2999.6333,  1.00000000,1,0,0.025000000000000001,0.5
2999.6667,  1.00000000,1,0,0.0,0.5
2999.7000,  1.00000000,1,0,0.0,0.5
2999.7333,  1.00000000,1,0,0.0,0.5
2999.7667,  1.00000000,1,0,0.0,0.5
2999.8000,  1.00000000,1,0,0.0,0.5
2999.8333,  1.00000000,1,0,0.0,0.5
2999.8667,  1.00000000,1,0,0.0,0.5
2999.9000,  1.00000000,1,0,0.0,0.5
2999.9333,  1.00000000,1,0,0.0,0.5
2999.9667,  1.00000000,1,0,0.0,0.5
3000.0000,  1.00000000,1,0,0.0,0.5
3000.0333,  1.00000000,1,0,0.0,0.5
3000.0667,  1.00000000,1,0,0.0,0.5
3000.1000,  1.00000000,1,0,0.0,0.5
3000.1333,  1.00000000,1,0,0.0,0.5
3000.1667,  1.00000000,1,0,0.0,0.5
3000.2000,  1.00000000,1,0,0.0,0.5
3000.2333,  1.00000000,1,0,0.0,0.5
3000.2667,  1.00000000,1,0,0.0,0.5
3000.3000,  1.00000000,1,0,0.0,0.5
3000.3333,  1.00000000,1,0,0.0,0.5
3000.3667,  1.00000000,1,0,0.0,0.5
3000.4000,  1.00000000,1,0,0.0,0.5
3000.4333,  1.00000000,1,0,0.0,0.5
3000.4667,  1.00000000,1,0,0.0,0.5
3000.5000,  1.00000000,1,0,0.025000000000000001,0.5
3000.5333,  1.00000000,1,0,0.0,0.5
3000.5667,  1.00000000,1,0,0.0,0.5
3000.6000,  1.00000000,1,0,0.0,0.5
3000.6333,  1.00000000,1,0,0.0,0.5
3000.6667,  1.00000000,1,0,0.0,0.5
3000.7000,  1.00000000,1,0,0.0,0.5
3000.7333,  1.00000000,1,0,0.0,0.5
3000.7667,  1.00000000,1,0,0.0,0.5
3000.8000,  1.00000000,1,0,0.0,0.5
3000.8333,  1.00000000,1,0,0.0,0.5
3000.8667,  1.00000000,1,0,0.0,0.5
3000.9000,  1.00000000,1,0,0.0,0.5
3000.9333,  1.00000000,1,0,0.0,0.5
3000.9667,  1.00000000,1,0,0.0,0.5
3001.0000,  1.00000000,1,0,0.0,0.5
3001.0333,  1.00000000,1,0,0.0,0.5
3001.0667,  1.00000000,1,0,0.0,0.5
3001.1000,  1.00000000,1,0,0.0,0.5
3001.1333,  1.00000000,1,0,0.0,0.5
3001.1667,  1.00000000,1,0,0.0,0.5
3001.2000,  1.00000000,1,0,0.0,0.5
3001.2333,  1.00000000,1,0,0.0,0.5
3001.2667,  1.00000000,1,0,0.0,0.5
3001.3000,  1.00000000,1,0,0.0,0.5
3001.3333,  1.00000000,1,0,0.0,0.5
3001.3667,  1.00000000,1,0,0.0,0.5
3001.4000,  1.00000000,1,0,0.025000000000000001,0.5
3001.4333,  1.00000000,1,0,0.0,0.5
3001.4667,  1.00000000,1,0,0.0,0.5
3001.5000,  1.00000000,1,0,0.0,0.5
3001.5333,  1.00000000,1,0,0.0,0.5
3001.5667,  1.00000000,1,0,0.0,0.5
3001.6000,  1.00000000,1,0,0.0,0.5
3001.6333,  1.00000000,1,0,0.0,0.5
3001.6667,  1.00000000,1,0,0.0,0.5
3001.7000,  1.00000000,1,0,0.0,0.5
3001.7333,  1.00000000,1,0,0.0,0.5
3001.7667,  1.00000000,1,0,0.0,0.5
3001.8000,  1.00000000,1,0,0.0,0.5
3001.8333,  1.00000000,1,0,0.0,0.5
3001.8667,  1.00000000,1,0,0.0,0.5
3001.9000,  1.00000000,1,0,0.0,0.5
3001.9333,  1.00000000,1,0,0.0,0.5
3001.9667,  1.00000000,1,0,0.0,0.5
3002.0000,  1.00000000,1,0,0.0,0.5
3002.0333,  1.00000000,1,0,0.0,0.5
3002.0667,  1.00000000,1,0,0.0,0.5
3002.1000,  1.00000000,1,0,0.0,0.5
3002.1333,  1.00000000,1,0,0.0,0.5
3002.1667,  1.00000000,1,0,0.0,0.5
3002.2000,  1.00000000,1,0,0.0,0.5
3002.2333,  1.00000000,1,0,0.0,0.5
3002.2667,  1.00000000,1,0,0.0,0.5
3002.3000,  1.00000000,1,0,0.0,0.5
3002.3333,  1.00000000,1,0,0.0,0.5
3002.3667,  1.00000000,1,0,0.0,0.5
3002.4000,  1.00000000,1,0,0.0,0.5
3002.4333,  1.00000000,1,0,0.0,0.5
3002.4667,  1.00000000,1,0,0.0,0.5
3002.5000,  1.00000000,1,0,0.0,0.5
3002.5333,  1.00000000,1,0,0.0,0.5
3002.5667,  1.00000000,1,0,0.0,0.5
3002.6000,  1.00000000,1,0,0.0,0.5
3002.6333,  1.00000000,1,0,0.0,0.5
3002.6667,  1.00000000,1,0,0.0,0.5
3002.7000,  1.00000000,1,0,0.0,0.5
3002.7333,  1.00000000,1,0,0.0,0.5
3002.7667,  1.00000000,1,0,0.0,0.5
3002.8000,  1.00000000,1,0,0.0,0.5
3002.8333,  1.00000000,1,0,0.0,0.5
3002.8667,  1.00000000,1,0,0.0,0.5
3002.9000,  1.00000000,1,0,0.0,0.5
3002.9333,  1.00000000,1,0,0.0,0.5
3002.9667,  1.00000000,1,0,0.0,0.5
3003.0000,  1.00000000,1,0,0.0,0.5
3003.0333,  1.00000000,1,0,0.0,0.5
3003.0667,  1.00000000,1,0,0.0,0.5
3003.1000,  1.00000000,1,0,0.0,0.5
3003.1333,  1.00000000,1,0,0.0,0.5
3003.1667,  1.00000000,1,0,0.0,0.5
3003.2000,  1.00000000,1,0,0.0,0.5
3003.2333,  1.00000000,1,0,0.0,0.5
3003.2667,  1.00000000,1,0,0.0,0.5
3003.3000,  1.00000000,1,0,0.0,0.5
3003.3333,  1.00000000,1,0,0.0,0.5
3003.3667,  1.00000000,1,0,0.0,0.5
3003.4000,  1.00000000,1,0,0.0,0.5
3003.4333,  1.00000000,1,0,0.0,0.5
3003.4667,  1.00000000,1,0,0.0,0.5
3003.5000,  1.00000000,1,0,0.0,0.5
3003.5333,  1.00000000,1,0,0.0,0.5
3003.5667,  1.00000000,1,0,0.0,0.5
3003.6000,  1.00000000,1,0,0.0,0.5
3003.6333,  1.00000000,1,0,0.0,0.5
3003.6667,  1.00000000,1,0,0.0,0.5
3003.7000,  1.00000000,1,0,0.0,0.5
3003.7333,  1.00000000,1,0,0.0,0.5
3003.7667,  1.00000000,1,0,0.0,0.5
3003.8000,  1.00000000,1,0,0.0,0.5
3003.8333,  1.00000000,1,0,0.025000000000000001,0.5
3003.8667,  1.00000000,1,0,0.0,0.5
3003.9000,  1.00000000,1,0,0.0,0.5
3003.9333,  1.00000000,1,0,0.0,0.5
3003.9667,  1.00000000,1,0,0.0,0.5
3004.0000,  1.00000000,1,0,0.0,0.5
3004.0333,  1.00000000,1,0,0.0,0.5
3004.0667,  1.00000000,1,0,0.0,0.5
3004.1000,  1.00000000,1,0,0.0,0.5
3004.1333,  1.00000000,1,0,0.0,0.5
3004.1667,  1.00000000,1,0,0.0,0.5
3004.2000,  1.00000000,1,0,0.0,0.5
3004.2333,  1.00000000,1,0,0.0,0.5
3004.2667,  1.00000000,1,0,0.0,0.5
3004.3000,  1.00000000,1,0,0.0,0.5
3004.3333,  1.00000000,1,0,0.0,0.5
3004.3667,  1.00000000,1,0,0.0,0.5
3004.4000,  1.00000000,1,0,0.0,0.5
3004.4333,  1.00000000,1,0,0.0,0.5
3004.4667,  1.00000000,1,0,0.0,0.5
3004.5000,  1.00000000,1,0,0.0,0.5
3004.5333,  1.00000000,1,0,0.0,0.5
3004.5667,  1.00000000,1,0,0.0,0.5
3004.6000,  1.00000000,1,0,0.0,0.5
3004.6333,  1.00000000,1,0,0.025000000000000001,0.5
3004.6667,  1.00000000,1,0,0.0,0.5
3004.7000,  1.00000000,1,0,0.0,0.5
3004.7333,  1.00000000,1,0,0.0,0.5
3004.7667,  1.00000000,1,0,0.0,0.5
3004.8000,  1.00000000,1,0,0.0,0.5
3004.8333,  1.00000000,1,0,0.0,0.5
3004.8667,  1.00000000,1,0,0.0,0.5
3004.9000,  1.00000000,1,0,0.0,0.5
3004.9333,  1.00000000,1,0,0.0,0.5
3004.9667,  1.00000000,1,0,0.0,0.5
3005.0000,  1.00000000,1,0,0.0,0.5
3005.0333,  1.00000000,1,0,0.0,0.5
3005.0667,  1.00000000,1,0,0.0,0.5
3005.1000,  1.00000000,1,0,0.0,0.5
3005.1333,  1.00000000,1,0,0.0,0.5
3005.1667,  1.00000000,1,0,0.0,0.5
3005.2000,  1.00000000,1,0,0.0,0.5
3005.2333,  1.00000000,1,0,0.0,0.5
3005.2667,  1.00000000,1,0,0.0,0.5
3005.3000,  1.00000000,1,0,0.0,0.5
3005.3333,  1.00000000,1,0,0.0,0.5
3005.3667,  1.00000000,1,0,0.0,0.5
3005.4000,  1.00000000,1,0,0.0,0.5
3005.4333,  1.00000000,1,0,0.0,0.5
3005.4667,  1.00000000,1,0,0.025000000000000001,0.5
3005.5000,  1.00000000,1,0,0.0,0.5
3005.5333,  1.00000000,1,0,0.0,0.5
3005.5667,  1.00000000,1,0,0.0,0.5
3005.6000,  1.00000000,1,0,0.0,0.5
3005.6333,  1.00000000,1,0,0.0,0.5
3005.6667,  1.00000000,1,0,0.0,0.5
3005.7000,  1.00000000,1,0,0.0,0.5
3005.7333,  1.00000000,1,0,0.0,0.5
3005.7667,  1.00000000,1,0,0.0,0.5
3005.8000,  1.00000000,1,0,0.0,0.5
3005.8333,  1.00000000,1,0,0.0,0.5
3005.8667,  1.00000000,1,0,0.0,0.5
3005.9000,  1.00000000,1,0,0.0,0.5
3005.9333,  1.00000000,1,0,0.0,0.5
3005.9667,  1.00000000,1,0,0.0,0.5
3006.0000,  1.00000000,1,0,0.0,0.5
3006.0333,  1.00000000,1,0,0.0,0.5
3006.0667,  1.00000000,1,0,0.0,0.5
3006.1000,  1.00000000,1,0,0.0,0.5
3006.1333,  1.00000000,1,0,0.0,0.5
3006.1667,  1.00000000,1,0,0.0,0.5
3006.2000,  1.00000000,1,0,0.0,0.5
3006.2333,  1.00000000,1,0,0.0,0.5
3006.2667,  1.00000000,1,0,0.0,0.5
3006.3000,  1.00000000,1,0,0.0,0.5
3006.3333,  1.00000000,1,0,0.0,0.5
3006.3667,  1.00000000,1,0,0.0,0.5
3006.4000,  1.00000000,1,0,0.0,0.5
3006.4333,  1.00000000,1,0,0.0,0.5
3006.4667,  1.00000000,1,0,0.0,0.5
3006.5000,  1.00000000,1,0,0.0,0.5
3006.5333,  1.00000000,1,0,0.0,0.5
3006.5667,  1.00000000,1,0,0.0,0.5
3006.6000,  1.00000000,1,0,0.0,0.5
3006.6333,  1.00000000,1,0,0.0,0.5
3006.6667,  1.00000000,1,0,0.0,0.5
3006.7000,  1.00000000,1,0,0.0,0.5
3006.7333,  1.00000000,1,0,0.0,0.5
3006.7667,  1.00000000,1,0,0.0,0.5
3006.8000,  1.00000000,1,0,0.0,0.5
3006.8333,  1.00000000,1,0,0.0,0.5
3006.8667,  1.00000000,1,0,0.0,0.5
3006.9000,  1.00000000,1,0,0.0,0.5
3006.9333,  1.00000000,1,0,0.0,0.5
3006.9667,  1.00000000,1,0,0.0,0.5
3007.0000,  1.00000000,1,0,0.0,0.5
3007.0333,  1.00000000,1,0,0.0,0.5
3007.0667,  1.00000000,1,0,0.0,0.5
3007.1000,  1.00000000,1,0,0.0,0.5
3007.1333,  1.00000000,1,0,0.0,0.5
3007.1667,  1.00000000,1,0,0.0,0.5
3007.2000,  1.00000000,1,0,0.0,0.5
3007.2333,  1.00000000,1,0,0.0,0.5
3007.2667,  1.00000000,1,0,0.0,0.5
3007.3000,  1.00000000,1,0,0.0,0.5
3007.3333,  1.00000000,1,0,0.0,0.5
3007.3667,  1.00000000,1,0,0.0,0.5
3007.4000,  1.00000000,1,0,0.0,0.5
3007.4333,  1.00000000,1,0,0.0,0.5
3007.4667,  1.00000000,1,0,0.0,0.5
3007.5000,  1.00000000,1,0,0.0,0.5
3007.5333,  1.00000000,1,0,0.0,0.5
3007.5667,  1.00000000,1,0,0.0,0.5
3007.6000,  1.00000000,1,0,0.0,0.5
3007.6333,  1.00000000,1,0,0.0,0.5
3007.6667,  1.00000000,1,0,0.0,0.5
3007.7000,  1.00000000,1,0,0.0,0.5
3007.7333,  1.00000000,1,0,0.0,0.5
3007.7667,  1.00000000,1,0,0.0,0.5
3007.8000,  1.00000000,1,0,0.0,0.5
3007.8333,  1.00000000,1,0,0.025000000000000001,0.5
3007.8667,  1.00000000,1,0,0.0,0.5
3007.9000,  1.00000000,1,0,0.0,0.5
3007.9333,  1.00000000,1,0,0.0,0.5
3007.9667,  1.00000000,1,0,0.0,0.5
3008.0000,  1.00000000,1,0,0.0,0.5
3008.0333,  1.00000000,1,0,0.0,0.5
3008.0667,  1.00000000,1,0,0.0,0.5
3008.1000,  1.00000000,1,0,0.0,0.5
3008.1333,  1.00000000,1,0,0.0,0.5
3008.1667,  1.00000000,1,0,0.0,0.5
3008.2000,  1.00000000,1,0,0.0,0.5
3008.2333,  1.00000000,1,0,0.0,0.5
3008.2667,  1.00000000,1,0,0.0,0.5
3008.3000,  1.00000000,1,0,0.0,0.5
3008.3333,  1.00000000,1,0,0.0,0.5
3008.3667,  1.00000000,1,0,0.0,0.5
3008.4000,  1.00000000,1,0,0.0,0.5
3008.4333,  1.00000000,1,0,0.0,0.5
3008.4667,  1.00000000,1,0,0.0,0.5
3008.5000,  1.00000000,1,0,0.0,0.5
3008.5333,  1.00000000,1,0,0.0,0.5
3008.5667,  1.00000000,1,0,0.0,0.5
3008.6000,  1.00000000,1,0,0.0,0.5
3008.6333,  1.00000000,1,0,0.0,0.5
3008.6667,  1.00000000,1,0,0.0,0.5
3008.7000,  1.00000000,1,0,0.0,0.5
3008.7333,  1.00000000,1,0,0.0,0.5
3008.7667,  1.00000000,1,0,0.0,0.5
3008.8000,  1.00000000,1,0,0.0,0.5
3008.8333,  1.00000000,1,0,0.0,0.5
3008.8667,  1.00000000,1,0,0.0,0.5
3008.9000,  1.00000000,1,0,0.0,0.5
3008.9333,  1.00000000,1,0,0.0,0.5
3008.9667,  1.00000000,1,0,0.0,0.5
3009.0000,  1.00000000,1,0,0.0,0.5
3009.0333,  1.00000000,1,0,0.0,0.5
3009.0667,  1.00000000,1,0,0.0,0.5
3009.1000,  1.00000000,1,0,0.0,0.5
3009.1333,  1.00000000,1,0,0.0,0.5
3009.1667,  1.00000000,1,0,0.0,0.5
3009.2000,  1.00000000,1,0,0.0,0.5
3009.2333,  1.00000000,1,0,0.0,0.5
3009.2667,  1.00000000,1,0,0.0,0.5
3009.3000,  1.00000000,1,0,0.0,0.5
3009.3333,  1.00000000,1,0,0.0,0.5
3009.3667,  1.00000000,1,0,0.0,0.5
3009.4000,  1.00000000,1,0,0.0,0.5
3009.4333,  1.00000000,1,0,0.0,0.5
3009.4667,  1.00000000,1,0,0.0,0.5
3009.5000,  1.00000000,1,0,0.0,0.5
3009.5333,  1.00000000,1,0,0.0,0.5
3009.5667,  1.00000000,1,0,0.0,0.5
3009.6000,  1.00000000,1,0,0.0,0.5
3009.6333,  1.00000000,1,0,0.0,0.5
3009.6667,  1.00000000,1,0,0.0,0.5
3009.7000,  1.00000000,1,0,0.0,0.5
3009.7333,  1.00000000,1,0,0.0,0.5
3009.7667,  1.00000000,1,0,0.0,0.5
3009.8000,  1.00000000,1,0,0.0,0.5
3009.8333,  1.00000000,1,0,0.0,0.5
3009.8667,  1.00000000,1,0,0.0,0.5
3009.9000,  1.00000000,1,0,0.0,0.5
3009.9333,  1.00000000,1,0,0.0,0.5
3009.9667,  1.00000000,1,0,0.0,0.5
3010.0000,  1.00000000,1,0,0.0,0.5
3010.0333,  1.00000000,1,0,0.0,0.5
3010.0667,  1.00000000,1,0,0.0,0.5
3010.1000,  1.00000000,1,0,0.0,0.5
3010.1333,  1.00000000,1,0,0.0,0.5
3010.1667,  1.00000000,1,0,0.0,0.5
3010.2000,  1.00000000,1,0,0.0,0.5
3010.2333,  1.00000000,1,0,0.0,0.5
3010.2667,  1.00000000,1,0,0.0,0.5
3010.3000,  1.00000000,1,0,0.0,0.5
3010.3333,  1.00000000,1,0,0.0,0.5
3010.3667,  1.00000000,1,0,0.0,0.5
3010.4000,  1.00000000,1,0,0.0,0.5
3010.4333,  1.00000000,1,0,0.0,0.5
3010.4667,  1.00000000,1,0,0.0,0.5
3010.5000,  1.00000000,1,0,0.0,0.5
3010.5333,  1.00000000,1,0,0.0,0.5
3010.5667,  1.00000000,1,0,0.0,0.5
3010.6000,  1.00000000,1,0,0.0,0.5
3010.6333,  1.00000000,1,0,0.0,0.5
3010.6667,  1.00000000,1,0,0.0,0.5
3010.7000,  1.00000000,1,0,0.0,0.5
3010.7333,  1.00000000,1,0,0.0,0.5
3010.7667,  1.00000000,1,0,0.0,0.5
3010.8000,  1.00000000,1,0,0.0,0.5
3010.8333,  1.00000000,1,0,0.0,0.5
3010.8667,  1.00000000,1,0,0.0,0.5
3010.9000,  1.00000000,1,0,0.0,0.5
3010.9333,  1.00000000,1,0,0.0,0.5
3010.9667,  1.00000000,1,0,0.0,0.5
3011.0000,  1.00000000,1,0,0.0,0.5
3011.0333,  1.00000000,1,0,0.0,0.5
3011.0667,  1.00000000,1,0,0.0,0.5
3011.1000,  1.00000000,1,0,0.0,0.5
3011.1333,  1.00000000,1,0,0.0,0.5
3011.1667,  1.00000000,1,0,0.0,0.5
3011.2000,  1.00000000,1,0,0.0,0.5
3011.2333,  1.00000000,1,0,0.0,0.5
3011.2667,  1.00000000,1,0,0.0,0.5
3011.3000,  1.00000000,1,0,0.0,0.5
3011.3333,  1.00000000,1,0,0.0,0.5
3011.3667,  1.00000000,1,0,0.0,0.5
3011.4000,  1.00000000,1,0,0.0,0.5
3011.4333,  1.00000000,1,0,0.0,0.5
3011.4667,  1.00000000,1,0,0.0,0.5
3011.5000,  1.00000000,1,0,0.0,0.5
3011.5333,  1.00000000,1,0,0.0,0.5
3011.5667,  1.00000000,1,0,0.0,0.5
3011.6000,  1.00000000,1,0,0.0,0.5
3011.6333,  1.00000000,1,0,0.0,0.5
3011.6667,  1.00000000,1,0,0.0,0.5
3011.7000,  1.00000000,1,0,0.0,0.5
3011.7333,  1.00000000,1,0,0.0,0.5
3011.7667,  1.00000000,1,0,0.0,0.5
3011.8000,  1.00000000,1,0,0.0,0.5
3011.8333,  1.00000000,1,0,0.025000000000000001,0.5
3011.8667,  1.00000000,1,0,0.0,0.5
3011.9000,  1.00000000,1,0,0.0,0.5
3011.9333,  1.00000000,1,0,0.0,0.5
3011.9667,  1.00000000,1,0,0.0,0.5
3012.0000,  1.00000000,1,0,0.0,0.5
3012.0333,  1.00000000,1,0,0.0,0.5
3012.0667,  1.00000000,1,0,0.0,0.5
3012.1000,  1.00000000,1,0,0.0,0.5
3012.1333,  1.00000000,1,0,0.0,0.5
3012.1667,  1.00000000,1,0,0.0,0.5
3012.2000,  1.00000000,1,0,0.0,0.5
3012.2333,  1.00000000,1,0,0.0,0.5
3012.2667,  1.00000000,1,0,0.0,0.5
3012.3000,  1.00000000,1,0,0.0,0.5
3012.3333,  1.00000000,1,0,0.0,0.5
3012.3667,  1.00000000,1,0,0.0,0.5
3012.4000,  1.00000000,1,0,0.0,0.5
3012.4333,  1.00000000,1,0,0.0,0.5
3012.4667,  1.00000000,1,0,0.0,0.5
3012.5000,  1.00000000,1,0,0.0,0.5
3012.5333,  1.00000000,1,0,0.0,0.5
3012.5667,  1.00000000,1,0,0.0,0.5
3012.6000,  1.00000000,1,0,0.0,0.5
3012.6333,  1.00000000,1,0,0.0,0.5
3012.6667,  1.00000000,1,0,0.0,0.5
3012.7000,  1.00000000,1,0,0.0,0.5
3012.7333,  1.00000000,1,0,0.0,0.5
3012.7667,  1.00000000,1,0,0.0,0.5
3012.8000,  1.00000000,1,0,0.0,0.5
3012.8333,  1.00000000,1,0,0.0,0.5
3012.8667,  1.00000000,1,0,0.0,0.5
3012.9000,  1.00000000,1,0,0.0,0.5
3012.9333,  1.00000000,1,0,0.0,0.5
3012.9667,  1.00000000,1,0,0.0,0.5
3013.0000,  1.00000000,1,0,0.0,0.5
3013.0333,  1.00000000,1,0,0.0,0.5
3013.0667,  1.00000000,1,0,0.0,0.5
3013.1000,  1.00000000,1,0,0.0,0.5
3013.1333,  1.00000000,1,0,0.0,0.5
3013.1667,  1.00000000,1,0,0.0,0.5
3013.2000,  1.00000000,1,0,0.0,0.5
3013.2333,  1.00000000,1,0,0.0,0.5
3013.2667,  1.00000000,1,0,0.0,0.5
3013.3000,  1.00000000,1,0,0.0,0.5
3013.3333,  1.00000000,1,0,0.0,0.5
3013.3667,  1.00000000,1,0,0.0,0.5
3013.4000,  1.00000000,1,0,0.0,0.5
3013.4333,  1.00000000,1,0,0.0,0.5
3013.4667,  1.00000000,1,0,0.0,0.5
3013.5000,  1.00000000,1,0,0.0,0.5
3013.5333,  1.00000000,1,0,0.0,0.5
3013.5667,  1.00000000,1,0,0.0,0.5
3013.6000,  1.00000000,1,0,0.0,0.5
3013.6333,  1.00000000,1,0,0.0,0.5
3013.6667,  1.00000000,1,0,0.0,0.5
3013.7000,  1.00000000,1,0,0.0,0.5
3013.7333,  1.00000000,1,0,0.0,0.5
3013.7667,  1.00000000,1,0,0.0,0.5
3013.8000,  1.00000000,1,0,0.0,0.5
3013.8333,  1.00000000,1,0,0.0,0.5
3013.8667,  1.00000000,1,0,0.0,0.5
3013.9000,  1.00000000,1,0,0.0,0.5
3013.9333,  1.00000000,1,0,0.0,0.5
3013.9667,  1.00000000,1,0,0.0,0.5
3014.0000,  1.00000000,1,0,0.0,0.5
3014.0333,  1.00000000,1,0,0.0,0.5
3014.0667,  1.00000000,1,0,0.0,0.5
3014.1000,  1.00000000,1,0,0.0,0.5
3014.1333,  1.00000000,1,0,0.0,0.5
3014.1667,  1.00000000,1,0,0.0,0.5
3014.2000,  1.00000000,1,0,0.0,0.5
3014.2333,  1.00000000,1,0,0.0,0.5
3014.2667,  1.00000000,1,0,0.0,0.5
3014.3000,  1.00000000,1,0,0.0,0.5
3014.3333,  1.00000000,1,0,0.0,0.5
3014.3667,  1.00000000,1,0,0.0,0.5
3014.4000,  1.00000000,1,0,0.0,0.5
3014.4333,  1.00000000,1,0,0.0,0.5
3014.4667,  1.00000000,1,0,0.0,0.5
3014.5000,  1.00000000,1,0,0.0,0.5
3014.5333,  1.00000000,1,0,0.0,0.5
3014.5667,  1.00000000,1,0,0.0,0.5
3014.6000,  1.00000000,1,0,0.0,0.5
3014.6333,  1.00000000,1,0,0.0,0.5
3014.6667,  1.00000000,1,0,0.0,0.5
3014.7000,  1.00000000,1,0,0.0,0.5
3014.7333,  1.00000000,1,0,0.0,0.5
3014.7667,  1.00000000,1,0,0.0,0.5
3014.8000,  1.00000000,1,0,0.0,0.5
3014.8333,  1.00000000,1,0,0.0,0.5
3014.8667,  1.00000000,1,0,0.0,0.5
3014.9000,  1.00000000,1,0,0.0,0.5
3014.9333,  1.00000000,1,0,0.0,0.5
3014.9667,  1.00000000,1,0,0.0,0.5
3015.0000,  1.00000000,1,0,0.0,0.5
3015.0333,  1.00000000,1,0,0.025000000000000001,0.5
3015.0667,  1.00000000,1,0,0.0,0.5
3015.1000,  1.00000000,1,0,0.0,0.5
3015.1333,  1.00000000,1,0,0.0,0.5
3015.1667,  1.00000000,1,0,0.0,0.5
3015.2000,  1.00000000,1,0,0.0,0.5
3015.2333,  1.00000000,1,0,0.0,0.5
3015.2667,  1.00000000,1,0,0.0,0.5
3015.3000,  1.00000000,1,0,0.0,0.5
3015.3333,  1.00000000,1,0,0.0,0.5
3015.3667,  1.00000000,1,0,0.0,0.5
3015.4000,  1.00000000,1,0,0.0,0.5
3015.4333,  1.00000000,1,0,0.0,0.5
3015.4667,  1.00000000,1,0,0.0,0.5
3015.5000,  1.00000000,1,0,0.0,0.5
3015.5333,  1.00000000,1,0,0.0,0.5
3015.5667,  1.00000000,1,0,0.0,0.5
3015.6000,  1.00000000,1,0,0.0,0.5
3015.6333,  1.00000000,1,0,0.0,0.5
3015.6667,  1.00000000,1,0,0.0,0.5
3015.7000,  1.00000000,1,0,0.0,0.5
3015.7333,  1.00000000,1,0,0.0,0.5
3015.7667,  1.00000000,1,0,0.0,0.5
3015.8000,  1.00000000,1,0,0.0,0.5
3015.8333,  1.00000000,1,0,0.0,0.5
3015.8667,  1.00000000,1,0,0.0,0.5
3015.9000,  1.00000000,1,0,0.0,0.5
3015.9333,  1.00000000,1,0,0.0,0.5
3015.9667,  1.00000000,1,0,0.0,0.5
3016.0000,  1.00000000,1,0,0.0,0.5
3016.0333,  1.00000000,1,0,0.0,0.5
3016.0667,  1.00000000,1,0,0.0,0.5
3016.1000,  1.00000000,1,0,0.0,0.5
3016.1333,  1.00000000,1,0,0.0,0.5
3016.1667,  1.00000000,1,0,0.0,0.5
3016.2000,  1.00000000,1,0,0.0,0.5
3016.2333,  1.00000000,1,0,0.0,0.5
3016.2667,  1.00000000,1,0,0.0,0.5
3016.3000,  1.00000000,1,0,0.0,0.5
3016.3333,  1.00000000,1,0,0.0,0.5
3016.3667,  1.00000000,1,0,0.0,0.5
3016.4000,  1.00000000,1,0,0.0,0.5
3016.4333,  1.00000000,1,0,0.0,0.5
3016.4667,  1.00000000,1,0,0.0,0.5
3016.5000,  1.00000000,1,0,0.0,0.5
3016.5333,  1.00000000,1,0,0.0,0.5
3016.5667,  1.00000000,1,0,0.0,0.5
3016.6000,  1.00000000,1,0,0.0,0.5
3016.6333,  1.00000000,1,0,0.0,0.5
3016.6667,  1.00000000,1,0,0.0,0.5
3016.7000,  1.00000000,1,0,0.0,0.5
3016.7333,  1.00000000,1,0,0.0,0.5
3016.7667,  1.00000000,1,0,0.0,0.5
3016.8000,  1.00000000,1,0,0.0,0.5
3016.8333,  1.00000000,1,0,0.0,0.5
3016.8667,  1.00000000,1,0,0.0,0.5
3016.9000,  1.00000000,1,0,0.0,0.5
3016.9333,  1.00000000,1,0,0.0,0.5
3016.9667,  1.00000000,1,0,0.0,0.5
3017.0000,  1.00000000,1,0,0.0,0.5
3017.0333,  1.00000000,1,0,0.0,0.5
3017.0667,  1.00000000,1,0,0.0,0.5
3017.1000,  1.00000000,1,0,0.0,0.5
3017.1333,  1.00000000,1,0,0.0,0.5
3017.1667,  1.00000000,1,0,0.0,0.5
3017.2000,  1.00000000,1,0,0.0,0.5
3017.2333,  1.00000000,1,0,0.025000000000000001,0.5
3017.2667,  1.00000000,1,0,0.0,0.5
3017.3000,  1.00000000,1,0,0.0,0.5
3017.3333,  1.00000000,1,0,0.0,0.5
3017.3667,  1.00000000,1,0,0.0,0.5
3017.4000,  1.00000000,1,0,0.0,0.5
3017.4333,  1.00000000,1,0,0.0,0.5
3017.4667,  1.00000000,1,0,0.0,0.5
3017.5000,  1.00000000,1,0,0.0,0.5
3017.5333,  1.00000000,1,0,0.0,0.5
3017.5667,  1.00000000,1,0,0.0,0.5
3017.6000,  1.00000000,1,0,0.0,0.5
3017.6333,  1.00000000,1,0,0.0,0.5
3017.6667,  1.00000000,1,0,0.0,0.5
3017.7000,  1.00000000,1,0,0.0,0.5
3017.7333,  1.00000000,1,0,0.0,0.5
3017.7667,  1.00000000,1,0,0.0,0.5
3017.8000,  1.00000000,1,0,0.0,0.5
3017.8333,  1.00000000,1,0,0.0,0.5
3017.8667,  1.00000000,1,0,0.0,0.5
3017.9000,  1.00000000,1,0,0.0,0.5
3017.9333,  1.00000000,1,0,0.0,0.5
3017.9667,  1.00000000,1,0,0.0,0.5
3018.0000,  1.00000000,1,0,0.0,0.5
3018.0333,  1.00000000,1,0,0.0,0.5
3018.0667,  1.00000000,1,0,0.0,0.5
3018.1000,  1.00000000,1,0,0.0,0.5
3018.1333,  1.00000000,1,0,0.0,0.5
3018.1667,  1.00000000,1,0,0.0,0.5
3018.2000,  1.00000000,1,0,0.0,0.5
3018.2333,  1.00000000,1,0,0.0,0.5
3018.2667,  1.00000000,1,0,0.0,0.5
3018.3000,  1.00000000,1,0,0.0,0.5
3018.3333,  1.00000000,1,0,0.0,0.5
3018.3667,  1.00000000,1,0,0.0,0.5
3018.4000,  1.00000000,1,0,0.0,0.5
3018.4333,  1.00000000,1,0,0.0,0.5
3018.4667,  1.00000000,1,0,0.0,0.5
3018.5000,  1.00000000,1,0,0.0,0.5
3018.5333,  1.00000000,1,0,0.0,0.5
3018.5667,  1.00000000,1,0,0.0,0.5
3018.6000,  1.00000000,1,0,0.0,0.5
3018.6333,  1.00000000,1,0,0.0,0.5
3018.6667,  1.00000000,1,0,0.0,0.5
3018.7000,  1.00000000,1,0,0.0,0.5
3018.7333,  1.00000000,1,0,0.0,0.5
3018.7667,  1.00000000,1,0,0.0,0.5
3018.8000,  1.00000000,1,0,0.0,0.5
3018.8333,  1.00000000,1,0,0.0,0.5
3018.8667,  1.00000000,1,0,0.0,0.5
3018.9000,  1.00000000,1,0,0.0,0.5
3018.9333,  1.00000000,1,0,0.0,0.5
3018.9667,  1.00000000,1,0,0.0,0.5
3019.0000,  1.00000000,1,0,0.0,0.5
3019.0333,  1.00000000,1,0,0.0,0.5
3019.0667,  1.00000000,1,0,0.0,0.5
3019.1000,  1.00000000,1,0,0.0,0.5
3019.1333,  1.00000000,1,0,0.0,0.5
3019.1667,  1.00000000,1,0,0.025000000000000001,0.5
3019.2000,  1.00000000,1,0,0.0,0.5
3019.2333,  1.00000000,1,0,0.0,0.5
3019.2667,  1.00000000,1,0,0.0,0.5
3019.3000,  1.00000000,1,0,0.0,0.5
3019.3333,  1.00000000,1,0,0.0,0.5
3019.3667,  1.00000000,1,0,0.0,0.5
3019.4000,  1.00000000,1,0,0.0,0.5
3019.4333,  1.00000000,1,0,0.025000000000000001,0.5
3019.4667,  1.00000000,1,0,0.0,0.5
3019.5000,  1.00000000,1,0,0.0,0.5
3019.5333,  1.00000000,1,0,0.0,0.5
3019.5667,  1.00000000,1,0,0.0,0.5
3019.6000,  1.00000000,1,0,0.0,0.5
3019.6333,  1.00000000,1,0,0.0,0.5
3019.6667,  1.00000000,1,0,0.0,0.5
3019.7000,  1.00000000,1,0,0.0,0.5
3019.7333,  1.00000000,1,0,0.0,0.5
3019.7667,  1.00000000,1,0,0.0,0.5
3019.8000,  1.00000000,1,0,0.0,0.5
3019.8333,  1.00000000,1,0,0.0,0.5
3019.8667,  1.00000000,1,0,0.0,0.5
3019.9000,  1.00000000,1,0,0.0,0.5
3019.9333,  1.00000000,1,0,0.0,0.5
3019.9667,  1.00000000,1,0,0.0,0.5
3020.0000,  1.00000000,1,0,0.0,0.5
3020.0333,  1.00000000,1,0,0.0,0.5
3020.0667,  1.00000000,1,0,0.0,0.5
3020.1000,  1.00000000,1,0,0.0,0.5
3020.1333,  1.00000000,1,0,0.0,0.5
3020.1667,  1.00000000,1,0,0.0,0.5
3020.2000,  1.00000000,1,0,0.0,0.5
3020.2333,  1.00000000,1,0,0.0,0.5
3020.2667,  1.00000000,1,0,0.0,0.5
3020.3000,  1.00000000,1,0,0.0,0.5
3020.3333,  1.00000000,1,0,0.0,0.5
3020.3667,  1.00000000,1,0,0.0,0.5
3020.4000,  1.00000000,1,0,0.0,0.5
3020.4333,  1.00000000,1,0,0.0,0.5
3020.4667,  1.00000000,1,0,0.0,0.5
3020.5000,  1.00000000,1,0,0.0,0.5
3020.5333,  1.00000000,1,0,0.0,0.5
3020.5667,  1.00000000,1,0,0.0,0.5
3020.6000,  1.00000000,1,0,0.0,0.5
3020.6333,  1.00000000,1,0,0.0,0.5
3020.6667,  1.00000000,1,0,0.0,0.5
3020.7000,  1.00000000,1,0,0.0,0.5
3020.7333,  1.00000000,1,0,0.0,0.5
3020.7667,  1.00000000,1,0,0.0,0.5
3020.8000,  1.00000000,1,0,0.0,0.5
3020.8333,  1.00000000,1,0,0.0,0.5
3020.8667,  1.00000000,1,0,0.0,0.5
3020.9000,  1.00000000,1,0,0.0,0.5
3020.9333,  1.00000000,1,0,0.0,0.5
3020.9667,  1.00000000,1,0,0.0,0.5
3021.0000,  1.00000000,1,0,0.0,0.5
3021.0333,  1.00000000,1,0,0.0,0.5
3021.0667,  1.00000000,1,0,0.0,0.5
3021.1000,  1.00000000,1,0,0.0,0.5
3021.1333,  1.00000000,1,0,0.0,0.5
3021.1667,  1.00000000,1,0,0.0,0.5
3021.2000,  1.00000000,1,0,0.0,0.5
3021.2333,  1.00000000,1,0,0.0,0.5
3021.2667,  1.00000000,1,0,0.0,0.5
3021.3000,  1.00000000,1,0,0.0,0.5
3021.3333,  1.00000000,1,0,0.0,0.5
3021.3667,  1.00000000,1,0,0.0,0.5
3021.4000,  1.00000000,1,0,0.0,0.5
3021.4333,  1.00000000,1,0,0.0,0.5
3021.4667,  1.00000000,1,0,0.0,0.5
3021.5000,  1.00000000,1,0,0.0,0.5
3021.5333,  1.00000000,1,0,0.0,0.5
3021.5667,  1.00000000,1,0,0.0,0.5
3021.6000,  1.00000000,1,0,0.0,0.5
3021.6333,  1.00000000,1,0,0.0,0.5
3021.6667,  1.00000000,1,0,0.0,0.5
3021.7000,  1.00000000,1,0,0.0,0.5
3021.7333,  1.00000000,1,0,0.0,0.5
3021.7667,  1.00000000,1,0,0.0,0.5
3021.8000,  1.00000000,1,0,0.0,0.5
3021.8333,  1.00000000,1,0,0.0,0.5
3021.8667,  1.00000000,1,0,0.0,0.5
3021.9000,  1.00000000,1,0,0.0,0.5
3021.9333,  1.00000000,1,0,0.0,0.5
3021.9667,  1.00000000,1,0,0.0,0.5
3022.0000,  1.00000000,1,0,0.0,0.5
3022.0333,  1.00000000,1,0,0.0,0.5
3022.0667,  1.00000000,1,0,0.0,0.5
3022.1000,  1.00000000,1,0,0.0,0.5
3022.1333,  1.00000000,1,0,0.0,0.5
3022.1667,  1.00000000,1,0,0.0,0.5
3022.2000,  1.00000000,1,0,0.0,0.5
3022.2333,  1.00000000,1,0,0.0,0.5
3022.2667,  1.00000000,1,0,0.0,0.5
3022.3000,  1.00000000,1,0,0.0,0.5
3022.3333,  1.00000000,1,0,0.0,0.5
3022.3667,  1.00000000,1,0,0.0,0.5
3022.4000,  1.00000000,1,0,0.0,0.5
3022.4333,  1.00000000,1,0,0.0,0.5
3022.4667,  1.00000000,1,0,0.0,0.5
3022.5000,  1.00000000,1,0,0.0,0.5
3022.5333,  1.00000000,1,0,0.0,0.5
3022.5667,  1.00000000,1,0,0.0,0.5
3022.6000,  1.00000000,1,0,0.0,0.5
3022.6333,  1.00000000,1,0,0.0,0.5
3022.6667,  1.00000000,1,0,0.0,0.5
3022.7000,  1.00000000,1,0,0.0,0.5
3022.7333,  1.00000000,1,0,0.0,0.5
3022.7667,  1.00000000,1,0,0.0,0.5
3022.8000,  1.00000000,1,0,0.0,0.5
3022.8333,  1.00000000,1,0,0.0,0.5
3022.8667,  1.00000000,1,0,0.0,0.5
3022.9000,  1.00000000,1,0,0.0,0.5
3022.9333,  1.00000000,1,0,0.0,0.5
3022.9667,  1.00000000,1,0,0.0,0.5
3023.0000,  1.00000000,1,0,0.0,0.5
3023.0333,  1.00000000,1,0,0.0,0.5
3023.0667,  1.00000000,1,0,0.0,0.5
3023.1000,  1.00000000,1,0,0.0,0.5
3023.1333,  1.00000000,1,0,0.0,0.5
3023.1667,  1.00000000,1,0,0.0,0.5
3023.2000,  1.00000000,1,0,0.0,0.5
3023.2333,  1.00000000,1,0,0.0,0.5
3023.2667,  1.00000000,1,0,0.0,0.5
3023.3000,  1.00000000,1,0,0.0,0.5
3023.3333,  1.00000000,1,0,0.0,0.5
3023.3667,  1.00000000,1,0,0.0,0.5
3023.4000,  1.00000000,1,0,0.0,0.5
3023.4333,  1.00000000,1,0,0.0,0.5
3023.4667,  1.00000000,1,0,0.0,0.5
3023.5000,  1.00000000,1,0,0.0,0.5
3023.5333,  1.00000000,1,0,0.0,0.5
3023.5667,  1.00000000,1,0,0.0,0.5
3023.6000,  1.00000000,1,0,0.0,0.5
3023.6333,  1.00000000,1,0,0.0,0.5
3023.6667,  1.00000000,1,0,0.0,0.5
3023.7000,  1.00000000,1,0,0.0,0.5
3023.7333,  1.00000000,1,0,0.0,0.5
3023.7667,  1.00000000,1,0,0.0,0.5
3023.8000,  1.00000000,1,0,0.0,0.5
3023.8333,  1.00000000,1,0,0.0,0.5
3023.8667,  1.00000000,1,0,0.0,0.5
3023.9000,  1.00000000,1,0,0.0,0.5
3023.9333,  1.00000000,1,0,0.0,0.5
3023.9667,  1.00000000,1,0,0.0,0.5
3024.0000,  1.00000000,1,0,0.0,0.5
3024.0333,  1.00000000,1,0,0.0,0.5
3024.0667,  1.00000000,1,0,0.0,0.5
3024.1000,  1.00000000,1,0,0.0,0.5
3024.1333,  1.00000000,1,0,0.0,0.5
3024.1667,  1.00000000,1,0,0.0,0.5
3024.2000,  1.00000000,1,0,0.0,0.5
3024.2333,  1.00000000,1,0,0.0,0.5
3024.2667,  1.00000000,1,0,0.0,0.5
3024.3000,  1.00000000,1,0,0.0,0.5
3024.3333,  1.00000000,1,0,0.0,0.5
3024.3667,  1.00000000,1,0,0.0,0.5
3024.4000,  1.00000000,1,0,0.0,0.5
3024.4333,  1.00000000,1,0,0.0,0.5
3024.4667,  1.00000000,1,0,0.0,0.5
3024.5000,  1.00000000,1,0,0.0,0.5
3024.5333,  1.00000000,1,0,0.0,0.5
3024.5667,  1.00000000,1,0,0.0,0.5
3024.6000,  1.00000000,1,0,0.0,0.5
3024.6333,  1.00000000,1,0,0.0,0.5
3024.6667,  1.00000000,1,0,0.0,0.5
3024.7000,  1.00000000,1,0,0.0,0.5
3024.7333,  1.00000000,1,0,0.0,0.5
3024.7667,  1.00000000,1,0,0.0,0.5
3024.8000,  1.00000000,1,0,0.0,0.5
3024.8333,  1.00000000,1,0,0.0,0.5
3024.8667,  1.00000000,1,0,0.0,0.5
3024.9000,  1.00000000,1,0,0.0,0.5
3024.9333,  1.00000000,1,0,0.0,0.5
3024.9667,  1.00000000,1,0,0.0,0.5
3025.0000,  1.00000000,1,0,0.0,0.5
3025.0333,  1.00000000,1,0,0.0,0.5
3025.0667,  1.00000000,1,0,0.0,0.5
3025.1000,  1.00000000,1,0,0.0,0.5
3025.1333,  1.00000000,1,0,0.0,0.5
3025.1667,  1.00000000,1,0,0.0,0.5
3025.2000,  1.00000000,1,0,0.0,0.5
3025.2333,  1.00000000,1,0,0.0,0.5
3025.2667,  1.00000000,1,0,0.0,0.5
3025.3000,  1.00000000,1,0,0.0,0.5
3025.3333,  1.00000000,1,0,0.0,0.5
3025.3667,  1.00000000,1,0,0.025000000000000001,0.5
3025.4000,  1.00000000,1,0,0.0,0.5
3025.4333,  1.00000000,1,0,0.0,0.5
3025.4667,  1.00000000,1,0,0.0,0.5
3025.5000,  1.00000000,1,0,0.0,0.5
3025.5333,  1.00000000,1,0,0.0,0.5
3025.5667,  1.00000000,1,0,0.0,0.5
3025.6000,  1.00000000,1,0,0.0,0.5
3025.6333,  1.00000000,1,0,0.0,0.5
3025.6667,  1.00000000,1,0,0.0,0.5
3025.7000,  1.00000000,1,0,0.0,0.5
3025.7333,  1.00000000,1,0,0.0,0.5
3025.7667,  1.00000000,1,0,0.0,0.5
3025.8000,  1.00000000,1,0,0.0,0.5
3025.8333,  1.00000000,1,0,0.0,0.5
3025.8667,  1.00000000,1,0,0.0,0.5
3025.9000,  1.00000000,1,0,0.0,0.5
3025.9333,  1.00000000,1,0,0.0,0.5
3025.9667,  1.00000000,1,0,0.0,0.5
3026.0000,  1.00000000,1,0,0.0,0.5
3026.0333,  1.00000000,1,0,0.0,0.5
3026.0667,  1.00000000,1,0,0.0,0.5
3026.1000,  1.00000000,1,0,0.0,0.5
3026.1333,  1.00000000,1,0,0.0,0.5
3026.1667,  1.00000000,1,0,0.0,0.5
3026.2000,  1.00000000,1,0,0.0,0.5
3026.2333,  1.00000000,1,0,0.0,0.5
3026.2667,  1.00000000,1,0,0.0,0.5
3026.3000,  1.00000000,1,0,0.0,0.5
3026.3333,  1.00000000,1,0,0.0,0.5
3026.3667,  1.00000000,1,0,0.0,0.5
3026.4000,  1.00000000,1,0,0.0,0.5
3026.4333,  1.00000000,1,0,0.0,0.5
3026.4667,  1.00000000,1,0,0.0,0.5
3026.5000,  1.00000000,1,0,0.0,0.5
3026.5333,  1.00000000,1,0,0.0,0.5
3026.5667,  1.00000000,1,0,0.0,0.5
3026.6000,  1.00000000,1,0,0.0,0.5
3026.6333,  1.00000000,1,0,0.0,0.5
3026.6667,  1.00000000,1,0,0.0,0.5
3026.7000,  1.00000000,1,0,0.0,0.5
3026.7333,  1.00000000,1,0,0.0,0.5
3026.7667,  1.00000000,1,0,0.0,0.5
3026.8000,  1.00000000,1,0,0.0,0.5
3026.8333,  1.00000000,1,0,0.025000000000000001,0.5
3026.8667,  1.00000000,1,0,0.0,0.5
3026.9000,  1.00000000,1,0,0.0,0.5
3026.9333,  1.00000000,1,0,0.0,0.5
3026.9667,  1.00000000,1,0,0.0,0.5
3027.0000,  1.00000000,1,0,0.0,0.5
3027.0333,  1.00000000,1,0,0.0,0.5
3027.0667,  1.00000000,1,0,0.0,0.5
3027.1000,  1.00000000,1,0,0.0,0.5
3027.1333,  1.00000000,1,0,0.0,0.5
3027.1667,  1.00000000,1,0,0.0,0.5
3027.2000,  1.00000000,1,0,0.0,0.5
3027.2333,  1.00000000,1,0,0.0,0.5
3027.2667,  1.00000000,1,0,0.0,0.5
3027.3000,  1.00000000,1,0,0.0,0.5
3027.3333,  1.00000000,1,0,0.0,0.5
3027.3667,  1.00000000,1,0,0.0,0.5
3027.4000,  1.00000000,1,0,0.0,0.5
3027.4333,  1.00000000,1,0,0.0,0.5
3027.4667,  1.00000000,1,0,0.0,0.5
3027.5000,  1.00000000,1,0,0.0,0.5
3027.5333,  1.00000000,1,0,0.0,0.5
3027.5667,  1.00000000,1,0,0.0,0.5
3027.6000,  1.00000000,1,0,0.0,0.5
3027.6333,  1.00000000,1,0,0.0,0.5
3027.6667,  1.00000000,1,0,0.0,0.5
3027.7000,  1.00000000,1,0,0.0,0.5
3027.7333,  1.00000000,1,0,0.0,0.5
3027.7667,  1.00000000,1,0,0.0,0.5
3027.8000,  1.00000000,1,0,0.0,0.5
3027.8333,  1.00000000,1,0,0.025000000000000001,0.5
3027.8667,  1.00000000,1,0,0.0,0.5
3027.9000,  1.00000000,1,0,0.0,0.5
3027.9333,  1.00000000,1,0,0.0,0.5
3027.9667,  1.00000000,1,0,0.0,0.5
3028.0000,  1.00000000,1,0,0.0,0.5
3028.0333,  1.00000000,1,0,0.0,0.5
3028.0667,  1.00000000,1,0,0.0,0.5
3028.1000,  1.00000000,1,0,0.0,0.5
3028.1333,  1.00000000,1,0,0.0,0.5
3028.1667,  1.00000000,1,0,0.0,0.5
3028.2000,  1.00000000,1,0,0.0,0.5
3028.2333,  1.00000000,1,0,0.0,0.5
3028.2667,  1.00000000,1,0,0.0,0.5
3028.3000,  1.00000000,1,0,0.0,0.5
3028.3333,  1.00000000,1,0,0.0,0.5
3028.3667,  1.00000000,1,0,0.0,0.5
3028.4000,  1.00000000,1,0,0.0,0.5
3028.4333,  1.00000000,1,0,0.0,0.5
3028.4667,  1.00000000,1,0,0.0,0.5
3028.5000,  1.00000000,1,0,0.0,0.5
3028.5333,  1.00000000,1,0,0.0,0.5
3028.5667,  1.00000000,1,0,0.0,0.5
3028.6000,  1.00000000,1,0,0.0,0.5
3028.6333,  1.00000000,1,0,0.0,0.5
3028.6667,  1.00000000,1,0,0.0,0.5
3028.7000,  1.00000000,1,0,0.025000000000000001,0.5
3028.7333,  1.00000000,1,0,0.0,0.5
3028.7667,  1.00000000,1,0,0.0,0.5
3028.8000,  1.00000000,1,0,0.0,0.5
3028.8333,  1.00000000,1,0,0.0,0.5
3028.8667,  1.00000000,1,0,0.0,0.5
3028.9000,  1.00000000,1,0,0.0,0.5
3028.9333,  1.00000000,1,0,0.0,0.5
3028.9667,  1.00000000,1,0,0.0,0.5
3029.0000,  1.00000000,1,0,0.0,0.5
3029.0333,  1.00000000,1,0,0.0,0.5
3029.0667,  1.00000000,1,0,0.0,0.5
3029.1000,  1.00000000,1,0,0.0,0.5
3029.1333,  1.00000000,1,0,0.0,0.5
3029.1667,  1.00000000,1,0,0.0,0.5
3029.2000,  1.00000000,1,0,0.0,0.5
3029.2333,  1.00000000,1,0,0.0,0.5
3029.2667,  1.00000000,1,0,0.0,0.5
3029.3000,  1.00000000,1,0,0.0,0.5
3029.3333,  1.00000000,1,0,0.0,0.5
3029.3667,  1.00000000,1,0,0.0,0.5
3029.4000,  1.00000000,1,0,0.0,0.5
3029.4333,  1.00000000,1,0,0.0,0.5
3029.4667,  1.00000000,1,0,0.0,0.5
3029.5000,  1.00000000,1,0,0.0,0.5
3029.5333,  1.00000000,1,0,0.0,0.5
3029.5667,  1.00000000,1,0,0.0,0.5
3029.6000,  1.00000000,1,0,0.0,0.5
3029.6333,  1.00000000,1,0,0.0,0.5
3029.6667,  1.00000000,1,0,0.0,0.5
3029.7000,  1.00000000,1,0,0.0,0.5
3029.7333,  1.00000000,1,0,0.0,0.5
3029.7667,  1.00000000,1,0,0.0,0.5
3029.8000,  1.00000000,1,0,0.0,0.5
3029.8333,  1.00000000,1,0,0.0,0.5
3029.8667,  1.00000000,1,0,0.0,0.5
3029.9000,  1.00000000,1,0,0.0,0.5
3029.9333,  1.00000000,1,0,0.0,0.5
3029.9667,  1.00000000,1,0,0.0,0.5
3030.0000,  1.00000000,1,0,0.0,0.5
3030.0333,  1.00000000,1,0,0.0,0.5
3030.0667,  1.00000000,1,0,0.0,0.5
3030.1000,  1.00000000,1,0,0.0,0.5
3030.1333,  1.00000000,1,0,0.0,0.5
3030.1667,  1.00000000,1,0,0.0,0.5
3030.2000,  1.00000000,1,0,0.0,0.5
3030.2333,  1.00000000,1,0,0.0,0.5
3030.2667,  1.00000000,1,0,0.0,0.5
3030.3000,  1.00000000,1,0,0.0,0.5
3030.3333,  1.00000000,1,0,0.0,0.5
3030.3667,  1.00000000,1,0,0.0,0.5
3030.4000,  1.00000000,1,0,0.0,0.5
3030.4333,  1.00000000,1,0,0.0,0.5
3030.4667,  1.00000000,1,0,0.0,0.5
3030.5000,  1.00000000,1,0,0.0,0.5
3030.5333,  1.00000000,1,0,0.0,0.5
3030.5667,  1.00000000,1,0,0.0,0.5
3030.6000,  1.00000000,1,0,0.0,0.5
3030.6333,  1.00000000,1,0,0.0,0.5
3030.6667,  1.00000000,1,0,0.0,0.5
3030.7000,  1.00000000,1,0,0.0,0.5
3030.7333,  1.00000000,1,0,0.0,0.5
3030.7667,  1.00000000,1,0,0.0,0.5
3030.8000,  1.00000000,1,0,0.025000000000000001,0.5
3030.8333,  1.00000000,1,0,0.0,0.5
3030.8667,  1.00000000,1,0,0.0,0.5
3030.9000,  1.00000000,1,0,0.0,0.5
3030.9333,  1.00000000,1,0,0.0,0.5
3030.9667,  1.00000000,1,0,0.0,0.5
3031.0000,  1.00000000,1,0,0.0,0.5
3031.0333,  1.00000000,1,0,0.0,0.5
3031.0667,  1.00000000,1,0,0.0,0.5
3031.1000,  1.00000000,1,0,0.0,0.5
3031.1333,  1.00000000,1,0,0.0,0.5
3031.1667,  1.00000000,1,0,0.0,0.5
3031.2000,  1.00000000,1,0,0.0,0.5
3031.2333,  1.00000000,1,0,0.0,0.5
3031.2667,  1.00000000,1,0,0.0,0.5
3031.3000,  1.00000000,1,0,0.025000000000000001,0.5
3031.3333,  1.00000000,1,0,0.0,0.5
3031.3667,  1.00000000,1,0,0.0,0.5
3031.4000,  1.00000000,1,0,0.0,0.5
3031.4333,  1.00000000,1,0,0.0,0.5
3031.4667,  1.00000000,1,0,0.0,0.5
3031.5000,  1.00000000,1,0,0.0,0.5
3031.5333,  1.00000000,1,0,0.0,0.5
3031.5667,  1.00000000,1,0,0.0,0.5
3031.6000,  1.00000000,1,0,0.0,0.5
3031.6333,  1.00000000,1,0,0.0,0.5
3031.6667,  1.00000000,1,0,0.0,0.5
3031.7000,  1.00000000,1,0,0.0,0.5
3031.7333,  1.00000000,1,0,0.0,0.5
3031.7667,  1.00000000,1,0,0.0,0.5
3031.8000,  1.00000000,1,0,0.025000000000000001,0.5
3031.8333,  1.00000000,1,0,0.0,0.5
3031.8667,  1.00000000,1,0,0.0,0.5
3031.9000,  1.00000000,1,0,0.0,0.5
3031.9333,  1.00000000,1,0,0.0,0.5
3031.9667,  1.00000000,1,0,0.025000000000000001,0.5
3032.0000,  1.00000000,1,0,0.0,0.5
3032.0333,  1.00000000,1,0,0.0,0.5
3032.0667,  1.00000000,1,0,0.0,0.5
3032.1000,  1.00000000,1,0,0.0,0.5
3032.1333,  1.00000000,1,0,0.0,0.5
3032.1667,  1.00000000,1,0,0.0,0.5
3032.2000,  1.00000000,1,0,0.0,0.5
3032.2333,  1.00000000,1,0,0.0,0.5
3032.2667,  1.00000000,1,0,0.0,0.5
3032.3000,  1.00000000,1,0,0.0,0.5
3032.3333,  1.00000000,1,0,0.0,0.5
3032.3667,  1.00000000,1,0,0.0,0.5
3032.4000,  1.00000000,1,0,0.0,0.5
3032.4333,  1.00000000,1,0,0.0,0.5
3032.4667,  1.00000000,1,0,0.0,0.5
3032.5000,  1.00000000,1,0,0.0,0.5
3032.5333,  1.00000000,1,0,0.0,0.5
3032.5667,  1.00000000,1,0,0.0,0.5
3032.6000,  1.00000000,1,0,0.0,0.5
3032.6333,  1.00000000,1,0,0.0,0.5
3032.6667,  1.00000000,1,0,0.0,0.5
3032.7000,  1.00000000,1,0,0.0,0.5
3032.7333,  1.00000000,1,0,0.0,0.5
3032.7667,  1.00000000,1,0,0.0,0.5
3032.8000,  1.00000000,1,0,0.0,0.5
3032.8333,  1.00000000,1,0,0.0,0.5
3032.8667,  1.00000000,1,0,0.0,0.5
3032.9000,  1.00000000,1,0,0.0,0.5
3032.9333,  1.00000000,1,0,0.0,0.5
3032.9667,  1.00000000,1,0,0.0,0.5
3033.0000,  1.00000000,1,0,0.0,0.5
3033.0333,  1.00000000,1,0,0.0,0.5
3033.0667,  1.00000000,1,0,0.0,0.5
3033.1000,  1.00000000,1,0,0.0,0.5
3033.1333,  1.00000000,1,0,0.0,0.5
3033.1667,  1.00000000,1,0,0.0,0.5
3033.2000,  1.00000000,1,0,0.0,0.5
3033.2333,  1.00000000,1,0,0.0,0.5
3033.2667,  1.00000000,1,0,0.0,0.5
3033.3000,  1.00000000,1,0,0.0,0.5
3033.3333,  1.00000000,1,0,0.0,0.5
3033.3667,  1.00000000,1,0,0.0,0.5
3033.4000,  1.00000000,1,0,0.0,0.5
3033.4333,  1.00000000,1,0,0.0,0.5
3033.4667,  1.00000000,1,0,0.0,0.5
3033.5000,  1.00000000,1,0,0.0,0.5
3033.5333,  1.00000000,1,0,0.0,0.5
3033.5667,  1.00000000,1,0,0.0,0.5
3033.6000,  1.00000000,1,0,0.0,0.5
3033.6333,  1.00000000,1,0,0.0,0.5
3033.6667,  1.00000000,1,0,0.0,0.5
3033.7000,  1.00000000,1,0,0.0,0.5
3033.7333,  1.00000000,1,0,0.0,0.5
3033.7667,  1.00000000,1,0,0.0,0.5
3033.8000,  1.00000000,1,0,0.0,0.5
3033.8333,  1.00000000,1,0,0.0,0.5
3033.8667,  1.00000000,1,0,0.0,0.5
3033.9000,  1.00000000,1,0,0.0,0.5
3033.9333,  1.00000000,1,0,0.0,0.5
3033.9667,  1.00000000,1,0,0.0,0.5
3034.0000,  1.00000000,1,0,0.0,0.5
3034.0333,  1.00000000,1,0,0.0,0.5
3034.0667,  1.00000000,1,0,0.0,0.5
3034.1000,  1.00000000,1,0,0.0,0.5
3034.1333,  1.00000000,1,0,0.0,0.5
3034.1667,  1.00000000,1,0,0.0,0.5
3034.2000,  1.00000000,1,0,0.0,0.5
3034.2333,  1.00000000,1,0,0.0,0.5
3034.2667,  1.00000000,1,0,0.0,0.5
3034.3000,  1.00000000,1,0,0.0,0.5
3034.3333,  1.00000000,1,0,0.0,0.5
3034.3667,  1.00000000,1,0,0.0,0.5
3034.4000,  1.00000000,1,0,0.0,0.5
3034.4333,  1.00000000,1,0,0.0,0.5
3034.4667,  1.00000000,1,0,0.0,0.5
3034.5000,  1.00000000,1,0,0.0,0.5
3034.5333,  1.00000000,1,0,0.0,0.5
3034.5667,  1.00000000,1,0,0.0,0.5
3034.6000,  1.00000000,1,0,0.0,0.5
3034.6333,  1.00000000,1,0,0.0,0.5
3034.6667,  1.00000000,1,0,0.0,0.5
3034.7000,  1.00000000,1,0,0.0,0.5
3034.7333,  1.00000000,1,0,0.0,0.5
3034.7667,  1.00000000,1,0,0.0,0.5
3034.8000,  1.00000000,1,0,0.0,0.5
3034.8333,  1.00000000,1,0,0.0,0.5
3034.8667,  1.00000000,1,0,0.0,0.5
3034.9000,  1.00000000,1,0,0.0,0.5
3034.9333,  1.00000000,1,0,0.0,0.5
3034.9667,  1.00000000,1,0,0.0,0.5
3035.0000,  1.00000000,1,0,0.0,0.5
3035.0333,  1.00000000,1,0,0.0,0.5
3035.0667,  1.00000000,1,0,0.0,0.5
3035.1000,  1.00000000,1,0,0.0,0.5
3035.1333,  1.00000000,1,0,0.0,0.5
3035.1667,  1.00000000,1,0,0.0,0.5
3035.2000,  1.00000000,1,0,0.0,0.5
3035.2333,  1.00000000,1,0,0.0,0.5
3035.2667,  1.00000000,1,0,0.0,0.5
3035.3000,  1.00000000,1,0,0.0,0.5
3035.3333,  1.00000000,1,0,0.0,0.5
3035.3667,  1.00000000,1,0,0.0,0.5
3035.4000,  1.00000000,1,0,0.0,0.5
3035.4333,  1.00000000,1,0,0.0,0.5
3035.4667,  1.00000000,1,0,0.0,0.5
3035.5000,  1.00000000,1,0,0.0,0.5
3035.5333,  1.00000000,1,0,0.0,0.5
3035.5667,  1.00000000,1,0,0.0,0.5
3035.6000,  1.00000000,1,0,0.0,0.5
3035.6333,  1.00000000,1,0,0.0,0.5
3035.6667,  1.00000000,1,0,0.0,0.5
3035.7000,  1.00000000,1,0,0.0,0.5
3035.7333,  1.00000000,1,0,0.0,0.5
3035.7667,  1.00000000,1,0,0.0,0.5
3035.8000,  1.00000000,1,0,0.0,0.5
3035.8333,  1.00000000,1,0,0.0,0.5
3035.8667,  1.00000000,1,0,0.0,0.5
3035.9000,  1.00000000,1,0,0.0,0.5
3035.9333,  1.00000000,1,0,0.0,0.5
3035.9667,  1.00000000,1,0,0.0,0.5
3036.0000,  1.00000000,1,0,0.0,0.5
3036.0333,  1.00000000,1,0,0.0,0.5
3036.0667,  1.00000000,1,0,0.0,0.5
3036.1000,  1.00000000,1,0,0.0,0.5
3036.1333,  1.00000000,1,0,0.0,0.5
3036.1667,  1.00000000,1,0,0.0,0.5
3036.2000,  1.00000000,1,0,0.0,0.5
3036.2333,  1.00000000,1,0,0.0,0.5
3036.2667,  1.00000000,1,0,0.0,0.5
3036.3000,  1.00000000,1,0,0.0,0.5
3036.3333,  1.00000000,1,0,0.0,0.5
3036.3667,  1.00000000,1,0,0.0,0.5
3036.4000,  1.00000000,1,0,0.0,0.5
3036.4333,  1.00000000,1,0,0.0,0.5
3036.4667,  1.00000000,1,0,0.0,0.5
3036.5000,  1.00000000,1,0,0.0,0.5
3036.5333,  1.00000000,1,0,0.0,0.5
3036.5667,  1.00000000,1,0,0.0,0.5
3036.6000,  1.00000000,1,0,0.0,0.5
3036.6333,  1.00000000,1,0,0.0,0.5
3036.6667,  1.00000000,1,0,0.0,0.5
3036.7000,  1.00000000,1,0,0.0,0.5
3036.7333,  1.00000000,1,0,0.0,0.5
3036.7667,  1.00000000,1,0,0.0,0.5
3036.8000,  1.00000000,1,0,0.0,0.5
3036.8333,  1.00000000,1,0,0.0,0.5
3036.8667,  1.00000000,1,0,0.0,0.5
3036.9000,  1.00000000,1,0,0.0,0.5
3036.9333,  1.00000000,1,0,0.0,0.5
3036.9667,  1.00000000,1,0,0.0,0.5
3037.0000,  1.00000000,1,0,0.0,0.5
3037.0333,  1.00000000,1,0,0.0,0.5
3037.0667,  1.00000000,1,0,0.0,0.5
3037.1000,  1.00000000,1,0,0.0,0.5
3037.1333,  1.00000000,1,0,0.0,0.5
3037.1667,  1.00000000,1,0,0.0,0.5
3037.2000,  1.00000000,1,0,0.0,0.5
3037.2333,  1.00000000,1,0,0.0,0.5
3037.2667,  1.00000000,1,0,0.0,0.5
3037.3000,  1.00000000,1,0,0.0,0.5
3037.3333,  1.00000000,1,0,0.0,0.5
3037.3667,  1.00000000,1,0,0.0,0.5
3037.4000,  1.00000000,1,0,0.0,0.5
3037.4333,  1.00000000,1,0,0.0,0.5
3037.4667,  1.00000000,1,0,0.0,0.5
3037.5000,  1.00000000,1,0,0.0,0.5
3037.5333,  1.00000000,1,0,0.0,0.5
3037.5667,  1.00000000,1,0,0.0,0.5
3037.6000,  1.00000000,1,0,0.0,0.5
3037.6333,  1.00000000,1,0,0.0,0.5
3037.6667,  1.00000000,1,0,0.0,0.5
3037.7000,  1.00000000,1,0,0.0,0.5
3037.7333,  1.00000000,1,0,0.0,0.5
3037.7667,  1.00000000,1,0,0.0,0.5
3037.8000,  1.00000000,1,0,0.0,0.5
3037.8333,  1.00000000,1,0,0.0,0.5
3037.8667,  1.00000000,1,0,0.0,0.5
3037.9000,  1.00000000,1,0,0.0,0.5
3037.9333,  1.00000000,1,0,0.0,0.5
3037.9667,  1.00000000,1,0,0.0,0.5
3038.0000,  1.00000000,1,0,0.0,0.5
3038.0333,  1.00000000,1,0,0.0,0.5
3038.0667,  1.00000000,1,0,0.0,0.5
3038.1000,  1.00000000,1,0,0.0,0.5
3038.1333,  1.00000000,1,0,0.0,0.5
3038.1667,  1.00000000,1,0,0.0,0.5
3038.2000,  1.00000000,1,0,0.0,0.5
3038.2333,  1.00000000,1,0,0.0,0.5
3038.2667,  1.00000000,1,0,0.0,0.5
3038.3000,  1.00000000,1,0,0.0,0.5
3038.3333,  1.00000000,1,0,0.0,0.5
3038.3667,  1.00000000,1,0,0.0,0.5
3038.4000,  1.00000000,1,0,0.0,0.5
3038.4333,  1.00000000,1,0,0.0,0.5
3038.4667,  1.00000000,1,0,0.0,0.5
3038.5000,  1.00000000,1,0,0.0,0.5
3038.5333,  1.00000000,1,0,0.0,0.5
3038.5667,  1.00000000,1,0,0.0,0.5
3038.6000,  1.00000000,1,0,0.0,0.5
3038.6333,  1.00000000,1,0,0.025000000000000001,0.5
3038.6667,  1.00000000,1,0,0.0,0.5
3038.7000,  1.00000000,1,0,0.0,0.5
3038.7333,  1.00000000,1,0,0.0,0.5
3038.7667,  1.00000000,1,0,0.0,0.5
3038.8000,  1.00000000,1,0,0.0,0.5
3038.8333,  1.00000000,1,0,0.0,0.5
3038.8667,  1.00000000,1,0,0.0,0.5
3038.9000,  1.00000000,1,0,0.0,0.5
3038.9333,  1.00000000,1,0,0.0,0.5
3038.9667,  1.00000000,1,0,0.0,0.5
3039.0000,  1.00000000,1,0,0.0,0.5
3039.0333,  1.00000000,1,0,0.0,0.5
3039.0667,  1.00000000,1,0,0.0,0.5
3039.1000,  1.00000000,1,0,0.0,0.5
3039.1333,  1.00000000,1,0,0.0,0.5
3039.1667,  1.00000000,1,0,0.0,0.5
3039.2000,  1.00000000,1,0,0.0,0.5
3039.2333,  1.00000000,1,0,0.0,0.5
3039.2667,  1.00000000,1,0,0.0,0.5
3039.3000,  1.00000000,1,0,0.0,0.5
3039.3333,  1.00000000,1,0,0.0,0.5
3039.3667,  1.00000000,1,0,0.0,0.5
3039.4000,  1.00000000,1,0,0.0,0.5
3039.4333,  1.00000000,1,0,0.0,0.5
3039.4667,  1.00000000,1,0,0.0,0.5
3039.5000,  1.00000000,1,0,0.0,0.5
3039.5333,  1.00000000,1,0,0.0,0.5
3039.5667,  1.00000000,1,0,0.0,0.5
3039.6000,  1.00000000,1,0,0.0,0.5
3039.6333,  1.00000000,1,0,0.0,0.5
3039.6667,  1.00000000,1,0,0.0,0.5
3039.7000,  1.00000000,1,0,0.0,0.5
3039.7333,  1.00000000,1,0,0.0,0.5
3039.7667,  1.00000000,1,0,0.0,0.5
3039.8000,  1.00000000,1,0,0.0,0.5
3039.8333,  1.00000000,1,0,0.0,0.5
3039.8667,  1.00000000,1,0,0.0,0.5
3039.9000,  1.00000000,1,0,0.0,0.5
3039.9333,  1.00000000,1,0,0.0,0.5
3039.9667,  1.00000000,1,0,0.0,0.5
3040.0000,  1.00000000,1,0,0.0,0.5
3040.0333,  1.00000000,1,0,0.0,0.5
3040.0667,  1.00000000,1,0,0.0,0.5
3040.1000,  1.00000000,1,0,0.0,0.5
3040.1333,  1.00000000,1,0,0.0,0.5
3040.1667,  1.00000000,1,0,0.0,0.5
3040.2000,  1.00000000,1,0,0.0,0.5
3040.2333,  1.00000000,1,0,0.0,0.5
3040.2667,  1.00000000,1,0,0.0,0.5
3040.3000,  1.00000000,1,0,0.0,0.5
3040.3333,  1.00000000,1,0,0.0,0.5
3040.3667,  1.00000000,1,0,0.0,0.5
3040.4000,  1.00000000,1,0,0.0,0.5
3040.4333,  1.00000000,1,0,0.0,0.5
3040.4667,  1.00000000,1,0,0.0,0.5
3040.5000,  1.00000000,1,0,0.0,0.5
3040.5333,  1.00000000,1,0,0.0,0.5
3040.5667,  1.00000000,1,0,0.0,0.5
3040.6000,  1.00000000,1,0,0.0,0.5
3040.6333,  1.00000000,1,0,0.0,0.5
3040.6667,  1.00000000,1,0,0.0,0.5
3040.7000,  1.00000000,1,0,0.0,0.5
3040.7333,  1.00000000,1,0,0.0,0.5
3040.7667,  1.00000000,1,0,0.0,0.5
3040.8000,  1.00000000,1,0,0.0,0.5
3040.8333,  1.00000000,1,0,0.0,0.5
3040.8667,  1.00000000,1,0,0.0,0.5
3040.9000,  1.00000000,1,0,0.0,0.5
3040.9333,  1.00000000,1,0,0.0,0.5
3040.9667,  1.00000000,1,0,0.0,0.5
3041.0000,  1.00000000,1,0,0.0,0.5
3041.0333,  1.00000000,1,0,0.0,0.5
3041.0667,  1.00000000,1,0,0.0,0.5
3041.1000,  1.00000000,1,0,0.0,0.5
3041.1333,  1.00000000,1,0,0.0,0.5
3041.1667,  1.00000000,1,0,0.0,0.5
3041.2000,  1.00000000,1,0,0.0,0.5
3041.2333,  1.00000000,1,0,0.0,0.5
3041.2667,  1.00000000,1,0,0.0,0.5
3041.3000,  1.00000000,1,0,0.0,0.5
3041.3333,  1.00000000,1,0,0.0,0.5
3041.3667,  1.00000000,1,0,0.0,0.5
3041.4000,  1.00000000,1,0,0.0,0.5
3041.4333,  1.00000000,1,0,0.0,0.5
3041.4667,  1.00000000,1,0,0.0,0.5
3041.5000,  1.00000000,1,0,0.0,0.5
3041.5333,  1.00000000,1,0,0.0,0.5
3041.5667,  1.00000000,1,0,0.0,0.5
3041.6000,  1.00000000,1,0,0.0,0.5
3041.6333,  1.00000000,1,0,0.0,0.5
3041.6667,  1.00000000,1,0,0.0,0.5
3041.7000,  1.00000000,1,0,0.0,0.5
3041.7333,  1.00000000,1,0,0.0,0.5
3041.7667,  1.00000000,1,0,0.0,0.5
3041.8000,  1.00000000,1,0,0.0,0.5
3041.8333,  1.00000000,1,0,0.0,0.5
3041.8667,  1.00000000,1,0,0.0,0.5
3041.9000,  1.00000000,1,0,0.0,0.5
3041.9333,  1.00000000,1,0,0.0,0.5
3041.9667,  1.00000000,1,0,0.0,0.5
3042.0000,  1.00000000,1,0,0.0,0.5
3042.0333,  1.00000000,1,0,0.0,0.5
3042.0667,  1.00000000,1,0,0.0,0.5
3042.1000,  1.00000000,1,0,0.0,0.5
3042.1333,  1.00000000,1,0,0.0,0.5
3042.1667,  1.00000000,1,0,0.0,0.5
3042.2000,  1.00000000,1,0,0.0,0.5
3042.2333,  1.00000000,1,0,0.0,0.5
3042.2667,  1.00000000,1,0,0.0,0.5
3042.3000,  1.00000000,1,0,0.0,0.5
3042.3333,  1.00000000,1,0,0.0,0.5
3042.3667,  1.00000000,1,0,0.0,0.5
3042.4000,  1.00000000,1,0,0.0,0.5
3042.4333,  1.00000000,1,0,0.0,0.5
3042.4667,  1.00000000,1,0,0.0,0.5
3042.5000,  1.00000000,1,0,0.0,0.5
3042.5333,  1.00000000,1,0,0.0,0.5
3042.5667,  1.00000000,1,0,0.0,0.5
3042.6000,  1.00000000,1,0,0.0,0.5
3042.6333,  1.00000000,1,0,0.025000000000000001,0.5
3042.6667,  1.00000000,1,0,0.0,0.5
3042.7000,  1.00000000,1,0,0.0,0.5
3042.7333,  1.00000000,1,0,0.0,0.5
3042.7667,  1.00000000,1,0,0.0,0.5
3042.8000,  1.00000000,1,0,0.0,0.5
3042.8333,  1.00000000,1,0,0.0,0.5
3042.8667,  1.00000000,1,0,0.0,0.5
3042.9000,  1.00000000,1,0,0.0,0.5
3042.9333,  1.00000000,1,0,0.0,0.5
3042.9667,  1.00000000,1,0,0.0,0.5
3043.0000,  1.00000000,1,0,0.0,0.5
3043.0333,  1.00000000,1,0,0.0,0.5
3043.0667,  1.00000000,1,0,0.0,0.5
3043.1000,  1.00000000,1,0,0.0,0.5
3043.1333,  1.00000000,1,0,0.0,0.5
3043.1667,  1.00000000,1,0,0.0,0.5
3043.2000,  1.00000000,1,0,0.0,0.5
3043.2333,  1.00000000,1,0,0.0,0.5
3043.2667,  1.00000000,1,0,0.0,0.5
3043.3000,  1.00000000,1,0,0.0,0.5
3043.3333,  1.00000000,1,0,0.0,0.5
3043.3667,  1.00000000,1,0,0.0,0.5
3043.4000,  1.00000000,1,0,0.0,0.5
3043.4333,  1.00000000,1,0,0.0,0.5
3043.4667,  1.00000000,1,0,0.025000000000000001,0.5
3043.5000,  1.00000000,1,0,0.0,0.5
3043.5333,  1.00000000,1,0,0.0,0.5
3043.5667,  1.00000000,1,0,0.0,0.5
3043.6000,  1.00000000,1,0,0.0,0.5
3043.6333,  1.00000000,1,0,0.0,0.5
3043.6667,  1.00000000,1,0,0.0,0.5
3043.7000,  1.00000000,1,0,0.0,0.5
3043.7333,  1.00000000,1,0,0.0,0.5
3043.7667,  1.00000000,1,0,0.0,0.5
3043.8000,  1.00000000,1,0,0.0,0.5
3043.8333,  1.00000000,1,0,0.0,0.5
3043.8667,  1.00000000,1,0,0.0,0.5
3043.9000,  1.00000000,1,0,0.0,0.5
3043.9333,  1.00000000,1,0,0.0,0.5
3043.9667,  1.00000000,1,0,0.0,0.5
3044.0000,  1.00000000,1,0,0.0,0.5
3044.0333,  1.00000000,1,0,0.0,0.5
3044.0667,  1.00000000,1,0,0.0,0.5
3044.1000,  1.00000000,1,0,0.0,0.5
3044.1333,  1.00000000,1,0,0.0,0.5
3044.1667,  1.00000000,1,0,0.0,0.5
3044.2000,  1.00000000,1,0,0.0,0.5
3044.2333,  1.00000000,1,0,0.0,0.5
3044.2667,  1.00000000,1,0,0.0,0.5
3044.3000,  1.00000000,1,0,0.0,0.5
3044.3333,  1.00000000,1,0,0.0,0.5
3044.3667,  1.00000000,1,0,0.0,0.5
3044.4000,  1.00000000,1,0,0.0,0.5
3044.4333,  1.00000000,1,0,0.0,0.5
3044.4667,  1.00000000,1,0,0.0,0.5
3044.5000,  1.00000000,1,0,0.0,0.5
3044.5333,  1.00000000,1,0,0.0,0.5
3044.5667,  1.00000000,1,0,0.0,0.5
3044.6000,  1.00000000,1,0,0.0,0.5
3044.6333,  1.00000000,1,0,0.0,0.5
3044.6667,  1.00000000,1,0,0.0,0.5
3044.7000,  1.00000000,1,0,0.0,0.5
3044.7333,  1.00000000,1,0,0.0,0.5
3044.7667,  1.00000000,1,0,0.0,0.5
3044.8000,  1.00000000,1,0,0.0,0.5
3044.8333,  1.00000000,1,0,0.0,0.5
3044.8667,  1.00000000,1,0,0.0,0.5
3044.9000,  1.00000000,1,0,0.0,0.5
3044.9333,  1.00000000,1,0,0.0,0.5
3044.9667,  1.00000000,1,0,0.0,0.5
3045.0000,  1.00000000,1,0,0.0,0.5
3045.0333,  1.00000000,1,0,0.0,0.5
3045.0667,  1.00000000,1,0,0.0,0.5
3045.1000,  1.00000000,1,0,0.0,0.5
3045.1333,  1.00000000,1,0,0.0,0.5
3045.1667,  1.00000000,1,0,0.0,0.5
3045.2000,  1.00000000,1,0,0.0,0.5
3045.2333,  1.00000000,1,0,0.0,0.5
3045.2667,  1.00000000,1,0,0.0,0.5
3045.3000,  1.00000000,1,0,0.0,0.5
3045.3333,  1.00000000,1,0,0.0,0.5
3045.3667,  1.00000000,1,0,0.0,0.5
3045.4000,  1.00000000,1,0,0.0,0.5
3045.4333,  1.00000000,1,0,0.0,0.5
3045.4667,  1.00000000,1,0,0.0,0.5
3045.5000,  1.00000000,1,0,0.0,0.5
3045.5333,  1.00000000,1,0,0.0,0.5
3045.5667,  1.00000000,1,0,0.0,0.5
3045.6000,  1.00000000,1,0,0.0,0.5
3045.6333,  1.00000000,1,0,0.0,0.5
3045.6667,  1.00000000,1,0,0.0,0.5
3045.7000,  1.00000000,1,0,0.0,0.5
3045.7333,  1.00000000,1,0,0.0,0.5
3045.7667,  1.00000000,1,0,0.0,0.5
3045.8000,  1.00000000,1,0,0.0,0.5
3045.8333,  1.00000000,1,0,0.0,0.5
3045.8667,  1.00000000,1,0,0.0,0.5
3045.9000,  1.00000000,1,0,0.0,0.5
3045.9333,  1.00000000,1,0,0.0,0.5
3045.9667,  1.00000000,1,0,0.0,0.5
3046.0000,  1.00000000,1,0,0.0,0.5
3046.0333,  1.00000000,1,0,0.025000000000000001,0.5
3046.0667,  1.00000000,1,0,0.0,0.5
3046.1000,  1.00000000,1,0,0.0,0.5
3046.1333,  1.00000000,1,0,0.0,0.5
3046.1667,  1.00000000,1,0,0.0,0.5
3046.2000,  1.00000000,1,0,0.0,0.5
3046.2333,  1.00000000,1,0,0.0,0.5
3046.2667,  1.00000000,1,0,0.0,0.5
3046.3000,  1.00000000,1,0,0.0,0.5
3046.3333,  1.00000000,1,0,0.0,0.5
3046.3667,  1.00000000,1,0,0.0,0.5
3046.4000,  1.00000000,1,0,0.0,0.5
3046.4333,  1.00000000,1,0,0.0,0.5
3046.4667,  1.00000000,1,0,0.0,0.5
3046.5000,  1.00000000,1,0,0.0,0.5
3046.5333,  1.00000000,1,0,0.0,0.5
3046.5667,  1.00000000,1,0,0.0,0.5
3046.6000,  1.00000000,1,0,0.025000000000000001,0.5
3046.6333,  1.00000000,1,0,0.0,0.5
3046.6667,  1.00000000,1,0,0.0,0.5
3046.7000,  1.00000000,1,0,0.0,0.5
3046.7333,  1.00000000,1,0,0.0,0.5
3046.7667,  1.00000000,1,0,0.0,0.5
3046.8000,  1.00000000,1,0,0.0,0.5
3046.8333,  1.00000000,1,0,0.0,0.5
3046.8667,  1.00000000,1,0,0.0,0.5
3046.9000,  1.00000000,1,0,0.0,0.5
3046.9333,  1.00000000,1,0,0.0,0.5
3046.9667,  1.00000000,1,0,0.0,0.5
3047.0000,  1.00000000,1,0,0.0,0.5
3047.0333,  1.00000000,1,0,0.0,0.5
3047.0667,  1.00000000,1,0,0.0,0.5
3047.1000,  1.00000000,1,0,0.0,0.5
3047.1333,  1.00000000,1,0,0.0,0.5
3047.1667,  1.00000000,1,0,0.025000000000000001,0.5
3047.2000,  1.00000000,1,0,0.0,0.5
3047.2333,  1.00000000,1,0,0.0,0.5
3047.2667,  1.00000000,1,0,0.0,0.5
3047.3000,  1.00000000,1,0,0.0,0.5
3047.3333,  1.00000000,1,0,0.0,0.5
3047.3667,  1.00000000,1,0,0.0,0.5
3047.4000,  1.00000000,1,0,0.0,0.5
3047.4333,  1.00000000,1,0,0.0,0.5
3047.4667,  1.00000000,1,0,0.0,0.5
3047.5000,  1.00000000,1,0,0.0,0.5
3047.5333,  1.00000000,1,0,0.0,0.5
3047.5667,  1.00000000,1,0,0.0,0.5
3047.6000,  1.00000000,1,0,0.0,0.5
3047.6333,  1.00000000,1,0,0.0,0.5
3047.6667,  1.00000000,1,0,0.0,0.5
3047.7000,  1.00000000,1,0,0.0,0.5
3047.7333,  1.00000000,1,0,0.0,0.5
3047.7667,  1.00000000,1,0,0.0,0.5
3047.8000,  1.00000000,1,0,0.0,0.5
3047.8333,  1.00000000,1,0,0.0,0.5
3047.8667,  1.00000000,1,0,0.0,0.5
3047.9000,  1.00000000,1,0,0.0,0.5
3047.9333,  1.00000000,1,0,0.0,0.5
3047.9667,  1.00000000,1,0,0.0,0.5
3048.0000,  1.00000000,1,0,0.0,0.5
3048.0333,  1.00000000,1,0,0.0,0.5
3048.0667,  1.00000000,1,0,0.0,0.5
3048.1000,  1.00000000,1,0,0.0,0.5
3048.1333,  1.00000000,1,0,0.0,0.5
3048.1667,  1.00000000,1,0,0.0,0.5
3048.2000,  1.00000000,1,0,0.0,0.5
3048.2333,  1.00000000,1,0,0.0,0.5
3048.2667,  1.00000000,1,0,0.0,0.5
3048.3000,  1.00000000,1,0,0.0,0.5
3048.3333,  1.00000000,1,0,0.0,0.5
3048.3667,  1.00000000,1,0,0.0,0.5
3048.4000,  1.00000000,1,0,0.0,0.5
3048.4333,  1.00000000,1,0,0.0,0.5
3048.4667,  1.00000000,1,0,0.0,0.5
3048.5000,  1.00000000,1,0,0.0,0.5
3048.5333,  1.00000000,1,0,0.0,0.5
3048.5667,  1.00000000,1,0,0.0,0.5
3048.6000,  1.00000000,1,0,0.0,0.5
3048.6333,  1.00000000,1,0,0.0,0.5
3048.6667,  1.00000000,1,0,0.0,0.5
3048.7000,  1.00000000,1,0,0.0,0.5
3048.7333,  1.00000000,1,0,0.0,0.5
3048.7667,  1.00000000,1,0,0.0,0.5
3048.8000,  1.00000000,1,0,0.0,0.5
3048.8333,  1.00000000,1,0,0.0,0.5
3048.8667,  1.00000000,1,0,0.0,0.5
3048.9000,  1.00000000,1,0,0.0,0.5
3048.9333,  1.00000000,1,0,0.0,0.5
3048.9667,  1.00000000,1,0,0.0,0.5
3049.0000,  1.00000000,1,0,0.0,0.5
3049.0333,  1.00000000,1,0,0.0,0.5
3049.0667,  1.00000000,1,0,0.0,0.5
3049.1000,  1.00000000,1,0,0.0,0.5
3049.1333,  1.00000000,1,0,0.0,0.5
3049.1667,  1.00000000,1,0,0.0,0.5
3049.2000,  1.00000000,1,0,0.0,0.5
3049.2333,  1.00000000,1,0,0.0,0.5
3049.2667,  1.00000000,1,0,0.0,0.5
3049.3000,  1.00000000,1,0,0.0,0.5
3049.3333,  1.00000000,1,0,0.0,0.5
3049.3667,  1.00000000,1,0,0.0,0.5
3049.4000,  1.00000000,1,0,0.0,0.5
3049.4333,  1.00000000,1,0,0.0,0.5
3049.4667,  1.00000000,1,0,0.0,0.5
3049.5000,  1.00000000,1,0,0.0,0.5
3049.5333,  1.00000000,1,0,0.0,0.5
3049.5667,  1.00000000,1,0,0.0,0.5
3049.6000,  1.00000000,1,0,0.0,0.5
3049.6333,  1.00000000,1,0,0.0,0.5
3049.6667,  1.00000000,1,0,0.0,0.5
3049.7000,  1.00000000,1,0,0.0,0.5
3049.7333,  1.00000000,1,0,0.0,0.5
3049.7667,  1.00000000,1,0,0.025000000000000001,0.5
3049.8000,  1.00000000,1,0,0.0,0.5
3049.8333,  1.00000000,1,0,0.0,0.5
3049.8667,  1.00000000,1,0,0.025000000000000001,0.5
3049.9000,  1.00000000,1,0,0.0,0.5
3049.9333,  1.00000000,1,0,0.0,0.5
3049.9667,  1.00000000,1,0,0.0,0.5
3050.0000,  1.00000000,1,0,0.0,0.5
3050.0333,  1.00000000,1,0,0.0,0.5
3050.0667,  1.00000000,1,0,0.0,0.5
3050.1000,  1.00000000,1,0,0.0,0.5
3050.1333,  1.00000000,1,0,0.0,0.5
3050.1667,  1.00000000,1,0,0.0,0.5
3050.2000,  1.00000000,1,0,0.0,0.5
3050.2333,  1.00000000,1,0,0.0,0.5
3050.2667,  1.00000000,1,0,0.0,0.5
3050.3000,  1.00000000,1,0,0.0,0.5
3050.3333,  1.00000000,1,0,0.0,0.5
3050.3667,  1.00000000,1,0,0.0,0.5
3050.4000,  1.00000000,1,0,0.0,0.5
3050.4333,  1.00000000,1,0,0.0,0.5
3050.4667,  1.00000000,1,0,0.0,0.5
3050.5000,  1.00000000,1,0,0.0,0.5
3050.5333,  1.00000000,1,0,0.0,0.5
3050.5667,  1.00000000,1,0,0.0,0.5
3050.6000,  1.00000000,1,0,0.0,0.5
3050.6333,  1.00000000,1,0,0.0,0.5
3050.6667,  1.00000000,1,0,0.0,0.5
3050.7000,  1.00000000,1,0,0.0,0.5
3050.7333,  1.00000000,1,0,0.0,0.5
3050.7667,  1.00000000,1,0,0.0,0.5
3050.8000,  1.00000000,1,0,0.0,0.5
3050.8333,  1.00000000,1,0,0.0,0.5
3050.8667,  1.00000000,1,0,0.0,0.5
3050.9000,  1.00000000,1,0,0.0,0.5
3050.9333,  1.00000000,1,0,0.0,0.5
3050.9667,  1.00000000,1,0,0.0,0.5
3051.0000,  1.00000000,1,0,0.0,0.5
3051.0333,  1.00000000,1,0,0.0,0.5
3051.0667,  1.00000000,1,0,0.0,0.5
3051.1000,  1.00000000,1,0,0.0,0.5
3051.1333,  1.00000000,1,0,0.0,0.5
3051.1667,  1.00000000,1,0,0.0,0.5
3051.2000,  1.00000000,1,0,0.0,0.5
3051.2333,  1.00000000,1,0,0.0,0.5
3051.2667,  1.00000000,1,0,0.0,0.5
3051.3000,  1.00000000,1,0,0.0,0.5
3051.3333,  1.00000000,1,0,0.0,0.5
3051.3667,  1.00000000,1,0,0.0,0.5
3051.4000,  1.00000000,1,0,0.0,0.5
3051.4333,  1.00000000,1,0,0.0,0.5
3051.4667,  1.00000000,1,0,0.0,0.5
3051.5000,  1.00000000,1,0,0.0,0.5
3051.5333,  1.00000000,1,0,0.0,0.5
3051.5667,  1.00000000,1,0,0.0,0.5
3051.6000,  1.00000000,1,0,0.0,0.5
3051.6333,  1.00000000,1,0,0.0,0.5
3051.6667,  1.00000000,1,0,0.0,0.5
3051.7000,  1.00000000,1,0,0.0,0.5
3051.7333,  1.00000000,1,0,0.0,0.5
3051.7667,  1.00000000,1,0,0.0,0.5
3051.8000,  1.00000000,1,0,0.0,0.5
3051.8333,  1.00000000,1,0,0.0,0.5
3051.8667,  1.00000000,1,0,0.0,0.5
3051.9000,  1.00000000,1,0,0.0,0.5
3051.9333,  1.00000000,1,0,0.0,0.5
3051.9667,  1.00000000,1,0,0.0,0.5
3052.0000,  1.00000000,1,0,0.0,0.5
3052.0333,  1.00000000,1,0,0.0,0.5
3052.0667,  1.00000000,1,0,0.0,0.5
3052.1000,  1.00000000,1,0,0.0,0.5
3052.1333,  1.00000000,1,0,0.0,0.5
3052.1667,  1.00000000,1,0,0.0,0.5
3052.2000,  1.00000000,1,0,0.0,0.5
3052.2333,  1.00000000,1,0,0.0,0.5
3052.2667,  1.00000000,1,0,0.0,0.5
3052.3000,  1.00000000,1,0,0.0,0.5
3052.3333,  1.00000000,1,0,0.0,0.5
3052.3667,  1.00000000,1,0,0.0,0.5
3052.4000,  1.00000000,1,0,0.0,0.5
3052.4333,  1.00000000,1,0,0.0,0.5
3052.4667,  1.00000000,1,0,0.0,0.5
3052.5000,  1.00000000,1,0,0.025000000000000001,0.5
3052.5333,  1.00000000,1,0,0.0,0.5
3052.5667,  1.00000000,1,0,0.0,0.5
3052.6000,  1.00000000,1,0,0.0,0.5
3052.6333,  1.00000000,1,0,0.0,0.5
3052.6667,  1.00000000,1,0,0.0,0.5
3052.7000,  1.00000000,1,0,0.0,0.5
3052.7333,  1.00000000,1,0,0.0,0.5
3052.7667,  1.00000000,1,0,0.0,0.5
3052.8000,  1.00000000,1,0,0.0,0.5
3052.8333,  1.00000000,1,0,0.0,0.5
3052.8667,  1.00000000,1,0,0.0,0.5
3052.9000,  1.00000000,1,0,0.0,0.5
3052.9333,  1.00000000,1,0,0.0,0.5
3052.9667,  1.00000000,1,0,0.0,0.5
3053.0000,  1.00000000,1,0,0.0,0.5
3053.0333,  1.00000000,1,0,0.0,0.5
3053.0667,  1.00000000,1,0,0.0,0.5
3053.1000,  1.00000000,1,0,0.0,0.5
3053.1333,  1.00000000,1,0,0.0,0.5
3053.1667,  1.00000000,1,0,0.0,0.5
3053.2000,  1.00000000,1,0,0.0,0.5
3053.2333,  1.00000000,1,0,0.0,0.5
3053.2667,  1.00000000,1,0,0.025000000000000001,0.5
3053.3000,  1.00000000,1,0,0.0,0.5
3053.3333,  1.00000000,1,0,0.0,0.5
3053.3667,  1.00000000,1,0,0.0,0.5
3053.4000,  1.00000000,1,0,0.0,0.5
3053.4333,  1.00000000,1,0,0.0,0.5
3053.4667,  1.00000000,1,0,0.0,0.5
3053.5000,  1.00000000,1,0,0.0,0.5
3053.5333,  1.00000000,1,0,0.0,0.5
3053.5667,  1.00000000,1,0,0.0,0.5
3053.6000,  1.00000000,1,0,0.0,0.5
3053.6333,  1.00000000,1,0,0.0,0.5
3053.6667,  1.00000000,1,0,0.0,0.5
3053.7000,  1.00000000,1,0,0.0,0.5
3053.7333,  1.00000000,1,0,0.0,0.5
3053.7667,  1.00000000,1,0,0.0,0.5
3053.8000,  1.00000000,1,0,0.0,0.5
3053.8333,  1.00000000,1,0,0.0,0.5
3053.8667,  1.00000000,1,0,0.0,0.5
3053.9000,  1.00000000,1,0,0.0,0.5
3053.9333,  1.00000000,1,0,0.0,0.5
3053.9667,  1.00000000,1,0,0.0,0.5
3054.0000,  1.00000000,1,0,0.0,0.5
3054.0333,  1.00000000,1,0,0.0,0.5
3054.0667,  1.00000000,1,0,0.0,0.5
3054.1000,  1.00000000,1,0,0.0,0.5
3054.1333,  1.00000000,1,0,0.0,0.5
3054.1667,  1.00000000,1,0,0.0,0.5
3054.2000,  1.00000000,1,0,0.0,0.5
3054.2333,  1.00000000,1,0,0.0,0.5
3054.2667,  1.00000000,1,0,0.0,0.5
3054.3000,  1.00000000,1,0,0.0,0.5
3054.3333,  1.00000000,1,0,0.0,0.5
3054.3667,  1.00000000,1,0,0.0,0.5
3054.4000,  1.00000000,1,0,0.0,0.5
3054.4333,  1.00000000,1,0,0.0,0.5
3054.4667,  1.00000000,1,0,0.0,0.5
3054.5000,  1.00000000,1,0,0.0,0.5
3054.5333,  1.00000000,1,0,0.0,0.5
3054.5667,  1.00000000,1,0,0.0,0.5
3054.6000,  1.00000000,1,0,0.0,0.5
3054.6333,  1.00000000,1,0,0.0,0.5
3054.6667,  1.00000000,1,0,0.0,0.5
3054.7000,  1.00000000,1,0,0.0,0.5
3054.7333,  1.00000000,1,0,0.0,0.5
3054.7667,  1.00000000,1,0,0.0,0.5
3054.8000,  1.00000000,1,0,0.0,0.5
3054.8333,  1.00000000,1,0,0.0,0.5
3054.8667,  1.00000000,1,0,0.0,0.5
3054.9000,  1.00000000,1,0,0.0,0.5
3054.9333,  1.00000000,1,0,0.0,0.5
3054.9667,  1.00000000,1,0,0.0,0.5
3055.0000,  1.00000000,1,0,0.0,0.5
3055.0333,  1.00000000,1,0,0.0,0.5
3055.0667,  1.00000000,1,0,0.0,0.5
3055.1000,  1.00000000,1,0,0.0,0.5
3055.1333,  1.00000000,1,0,0.0,0.5
3055.1667,  1.00000000,1,0,0.0,0.5
3055.2000,  1.00000000,1,0,0.0,0.5
3055.2333,  1.00000000,1,0,0.0,0.5
3055.2667,  1.00000000,1,0,0.0,0.5
3055.3000,  1.00000000,1,0,0.0,0.5
3055.3333,  1.00000000,1,0,0.0,0.5
3055.3667,  1.00000000,1,0,0.0,0.5
3055.4000,  1.00000000,1,0,0.0,0.5
3055.4333,  1.00000000,1,0,0.0,0.5
3055.4667,  1.00000000,1,0,0.0,0.5
3055.5000,  1.00000000,1,0,0.0,0.5
3055.5333,  1.00000000,1,0,0.0,0.5
3055.5667,  1.00000000,1,0,0.0,0.5
3055.6000,  1.00000000,1,0,0.0,0.5
3055.6333,  1.00000000,1,0,0.0,0.5
3055.6667,  1.00000000,1,0,0.0,0.5
3055.7000,  1.00000000,1,0,0.0,0.5
3055.7333,  1.00000000,1,0,0.0,0.5
3055.7667,  1.00000000,1,0,0.0,0.5
3055.8000,  1.00000000,1,0,0.0,0.5
3055.8333,  1.00000000,1,0,0.0,0.5
3055.8667,  1.00000000,1,0,0.0,0.5
3055.9000,  1.00000000,1,0,0.0,0.5
3055.9333,  1.00000000,1,0,0.0,0.5
3055.9667,  1.00000000,1,0,0.0,0.5
3056.0000,  1.00000000,1,0,0.0,0.5
3056.0333,  1.00000000,1,0,0.0,0.5
3056.0667,  1.00000000,1,0,0.0,0.5
3056.1000,  1.00000000,1,0,0.0,0.5
3056.1333,  1.00000000,1,0,0.0,0.5
3056.1667,  1.00000000,1,0,0.0,0.5
3056.2000,  1.00000000,1,0,0.0,0.5
3056.2333,  1.00000000,1,0,0.0,0.5
3056.2667,  1.00000000,1,0,0.0,0.5
3056.3000,  1.00000000,1,0,0.0,0.5
3056.3333,  1.00000000,1,0,0.0,0.5
3056.3667,  1.00000000,1,0,0.0,0.5
3056.4000,  1.00000000,1,0,0.0,0.5
3056.4333,  1.00000000,1,0,0.0,0.5
3056.4667,  1.00000000,1,0,0.0,0.5
3056.5000,  1.00000000,1,0,0.0,0.5
3056.5333,  1.00000000,1,0,0.0,0.5
3056.5667,  1.00000000,1,0,0.0,0.5
3056.6000,  1.00000000,1,0,0.0,0.5
3056.6333,  1.00000000,1,0,0.0,0.5
3056.6667,  1.00000000,1,0,0.0,0.5
3056.7000,  1.00000000,1,0,0.0,0.5
3056.7333,  1.00000000,1,0,0.0,0.5
3056.7667,  1.00000000,1,0,0.0,0.5
3056.8000,  1.00000000,1,0,0.0,0.5
3056.8333,  1.00000000,1,0,0.0,0.5
3056.8667,  1.00000000,1,0,0.0,0.5
3056.9000,  1.00000000,1,0,0.0,0.5
3056.9333,  1.00000000,1,0,0.0,0.5
3056.9667,  1.00000000,1,0,0.0,0.5
3057.0000,  1.00000000,1,0,0.0,0.5
3057.0333,  1.00000000,1,0,0.0,0.5
3057.0667,  1.00000000,1,0,0.0,0.5
3057.1000,  1.00000000,1,0,0.0,0.5
3057.1333,  1.00000000,1,0,0.0,0.5
3057.1667,  1.00000000,1,0,0.0,0.5
3057.2000,  1.00000000,1,0,0.0,0.5
3057.2333,  1.00000000,1,0,0.0,0.5
3057.2667,  1.00000000,1,0,0.0,0.5
3057.3000,  1.00000000,1,0,0.0,0.5
3057.3333,  1.00000000,1,0,0.0,0.5
3057.3667,  1.00000000,1,0,0.0,0.5
3057.4000,  1.00000000,1,0,0.0,0.5
3057.4333,  1.00000000,1,0,0.0,0.5
3057.4667,  1.00000000,1,0,0.0,0.5
3057.5000,  1.00000000,1,0,0.0,0.5
3057.5333,  1.00000000,1,0,0.0,0.5
3057.5667,  1.00000000,1,0,0.0,0.5
3057.6000,  1.00000000,1,0,0.0,0.5
3057.6333,  1.00000000,1,0,0.0,0.5
3057.6667,  1.00000000,1,0,0.0,0.5
3057.7000,  1.00000000,1,0,0.0,0.5
3057.7333,  1.00000000,1,0,0.0,0.5
3057.7667,  1.00000000,1,0,0.0,0.5
3057.8000,  1.00000000,1,0,0.0,0.5
3057.8333,  1.00000000,1,0,0.0,0.5
3057.8667,  1.00000000,1,0,0.0,0.5
3057.9000,  1.00000000,1,0,0.0,0.5
3057.9333,  1.00000000,1,0,0.0,0.5
3057.9667,  1.00000000,1,0,0.0,0.5
3058.0000,  1.00000000,1,0,0.0,0.5
3058.0333,  1.00000000,1,0,0.0,0.5
3058.0667,  1.00000000,1,0,0.0,0.5
3058.1000,  1.00000000,1,0,0.0,0.5
3058.1333,  1.00000000,1,0,0.0,0.5
3058.1667,  1.00000000,1,0,0.0,0.5
3058.2000,  1.00000000,1,0,0.0,0.5
3058.2333,  1.00000000,1,0,0.0,0.5
3058.2667,  1.00000000,1,0,0.0,0.5
3058.3000,  1.00000000,1,0,0.0,0.5
3058.3333,  1.00000000,1,0,0.0,0.5
3058.3667,  1.00000000,1,0,0.0,0.5
3058.4000,  1.00000000,1,0,0.0,0.5
3058.4333,  1.00000000,1,0,0.0,0.5
3058.4667,  1.00000000,1,0,0.025000000000000001,0.5
3058.5000,  1.00000000,1,0,0.0,0.5
3058.5333,  1.00000000,1,0,0.0,0.5
3058.5667,  1.00000000,1,0,0.0,0.5
3058.6000,  1.00000000,1,0,0.0,0.5
3058.6333,  1.00000000,1,0,0.0,0.5
3058.6667,  1.00000000,1,0,0.0,0.5
3058.7000,  1.00000000,1,0,0.0,0.5
3058.7333,  1.00000000,1,0,0.0,0.5
3058.7667,  1.00000000,1,0,0.0,0.5
3058.8000,  1.00000000,1,0,0.025000000000000001,0.5
3058.8333,  1.00000000,1,0,0.0,0.5
3058.8667,  1.00000000,1,0,0.0,0.5
3058.9000,  1.00000000,1,0,0.0,0.5
3058.9333,  1.00000000,1,0,0.0,0.5
3058.9667,  1.00000000,1,0,0.0,0.5
3059.0000,  1.00000000,1,0,0.0,0.5
3059.0333,  1.00000000,1,0,0.0,0.5
3059.0667,  1.00000000,1,0,0.0,0.5
3059.1000,  1.00000000,1,0,0.0,0.5
3059.1333,  1.00000000,1,0,0.0,0.5
3059.1667,  1.00000000,1,0,0.0,0.5
3059.2000,  1.00000000,1,0,0.0,0.5
3059.2333,  1.00000000,1,0,0.0,0.5
3059.2667,  1.00000000,1,0,0.0,0.5
3059.3000,  1.00000000,1,0,0.0,0.5
3059.3333,  1.00000000,1,0,0.025000000000000001,0.5
3059.3667,  1.00000000,1,0,0.0,0.5
3059.4000,  1.00000000,1,0,0.0,0.5
3059.4333,  1.00000000,1,0,0.0,0.5
3059.4667,  1.00000000,1,0,0.0,0.5
3059.5000,  1.00000000,1,0,0.0,0.5
3059.5333,  1.00000000,1,0,0.0,0.5
3059.5667,  1.00000000,1,0,0.0,0.5
3059.6000,  1.00000000,1,0,0.0,0.5
3059.6333,  1.00000000,1,0,0.0,0.5
3059.6667,  1.00000000,1,0,0.0,0.5
3059.7000,  1.00000000,1,0,0.0,0.5
3059.7333,  1.00000000,1,0,0.0,0.5
3059.7667,  1.00000000,1,0,0.0,0.5
3059.8000,  1.00000000,1,0,0.0,0.5
3059.8333,  1.00000000,1,0,0.0,0.5
3059.8667,  1.00000000,1,0,0.0,0.5
3059.9000,  1.00000000,1,0,0.0,0.5
3059.9333,  1.00000000,1,0,0.0,0.5
3059.9667,  1.00000000,1,0,0.0,0.5
3060.0000,  1.00000000,1,0,0.0,0.5
3060.0333,  1.00000000,1,0,0.0,0.5
3060.0667,  1.00000000,1,0,0.0,0.5
3060.1000,  1.00000000,1,0,0.0,0.5
3060.1333,  1.00000000,1,0,0.0,0.5
3060.1667,  1.00000000,1,0,0.0,0.5
3060.2000,  1.00000000,1,0,0.0,0.5
3060.2333,  1.00000000,1,0,0.0,0.5
3060.2667,  1.00000000,1,0,0.0,0.5
3060.3000,  1.00000000,1,0,0.0,0.5
3060.3333,  1.00000000,1,0,0.0,0.5
3060.3667,  1.00000000,1,0,0.0,0.5
3060.4000,  1.00000000,1,0,0.0,0.5
3060.4333,  1.00000000,1,0,0.0,0.5
3060.4667,  1.00000000,1,0,0.0,0.5
3060.5000,  1.00000000,1,0,0.0,0.5
3060.5333,  1.00000000,1,0,0.0,0.5
3060.5667,  1.00000000,1,0,0.0,0.5
3060.6000,  1.00000000,1,0,0.0,0.5
3060.6333,  1.00000000,1,0,0.0,0.5
3060.6667,  1.00000000,1,0,0.0,0.5
3060.7000,  1.00000000,1,0,0.0,0.5
3060.7333,  1.00000000,1,0,0.0,0.5
3060.7667,  1.00000000,1,0,0.0,0.5
3060.8000,  1.00000000,1,0,0.0,0.5
3060.8333,  1.00000000,1,0,0.0,0.5
3060.8667,  1.00000000,1,0,0.0,0.5
3060.9000,  1.00000000,1,0,0.0,0.5
3060.9333,  1.00000000,1,0,0.0,0.5
3060.9667,  1.00000000,1,0,0.0,0.5
3061.0000,  1.00000000,1,0,0.0,0.5
3061.0333,  1.00000000,1,0,0.0,0.5
3061.0667,  1.00000000,1,0,0.0,0.5
3061.1000,  1.00000000,1,0,0.0,0.5
3061.1333,  1.00000000,1,0,0.0,0.5
3061.1667,  1.00000000,1,0,0.0,0.5
3061.2000,  1.00000000,1,0,0.0,0.5
3061.2333,  1.00000000,1,0,0.0,0.5
3061.2667,  1.00000000,1,0,0.0,0.5
3061.3000,  1.00000000,1,0,0.0,0.5
3061.3333,  1.00000000,1,0,0.0,0.5
3061.3667,  1.00000000,1,0,0.0,0.5
3061.4000,  1.00000000,1,0,0.0,0.5
3061.4333,  1.00000000,1,0,0.0,0.5
3061.4667,  1.00000000,1,0,0.0,0.5
3061.5000,  1.00000000,1,0,0.0,0.5
3061.5333,  1.00000000,1,0,0.0,0.5
3061.5667,  1.00000000,1,0,0.0,0.5
3061.6000,  1.00000000,1,0,0.0,0.5
3061.6333,  1.00000000,1,0,0.0,0.5
3061.6667,  1.00000000,1,0,0.0,0.5
3061.7000,  1.00000000,1,0,0.0,0.5
3061.7333,  1.00000000,1,0,0.0,0.5
3061.7667,  1.00000000,1,0,0.0,0.5
3061.8000,  1.00000000,1,0,0.0,0.5
3061.8333,  1.00000000,1,0,0.0,0.5
3061.8667,  1.00000000,1,0,0.0,0.5
3061.9000,  1.00000000,1,0,0.0,0.5
3061.9333,  1.00000000,1,0,0.0,0.5
3061.9667,  1.00000000,1,0,0.0,0.5
3062.0000,  1.00000000,1,0,0.0,0.5
3062.0333,  1.00000000,1,0,0.0,0.5
3062.0667,  1.00000000,1,0,0.0,0.5
3062.1000,  1.00000000,1,0,0.0,0.5
3062.1333,  1.00000000,1,0,0.0,0.5
3062.1667,  1.00000000,1,0,0.0,0.5
3062.2000,  1.00000000,1,0,0.0,0.5
3062.2333,  1.00000000,1,0,0.0,0.5
3062.2667,  1.00000000,1,0,0.0,0.5
3062.3000,  1.00000000,1,0,0.0,0.5
3062.3333,  1.00000000,1,0,0.025000000000000001,0.5
3062.3667,  1.00000000,1,0,0.0,0.5
3062.4000,  1.00000000,1,0,0.0,0.5
3062.4333,  1.00000000,1,0,0.0,0.5
3062.4667,  1.00000000,1,0,0.0,0.5
3062.5000,  1.00000000,1,0,0.0,0.5
3062.5333,  1.00000000,1,0,0.0,0.5
3062.5667,  1.00000000,1,0,0.0,0.5
3062.6000,  1.00000000,1,0,0.0,0.5
3062.6333,  1.00000000,1,0,0.0,0.5
3062.6667,  1.00000000,1,0,0.025000000000000001,0.5
3062.7000,  1.00000000,1,0,0.0,0.5
3062.7333,  1.00000000,1,0,0.0,0.5
3062.7667,  1.00000000,1,0,0.0,0.5
3062.8000,  1.00000000,1,0,0.0,0.5
3062.8333,  1.00000000,1,0,0.0,0.5
3062.8667,  1.00000000,1,0,0.0,0.5
3062.9000,  1.00000000,1,0,0.0,0.5
3062.9333,  1.00000000,1,0,0.0,0.5
3062.9667,  1.00000000,1,0,0.0,0.5
3063.0000,  1.00000000,1,0,0.0,0.5
3063.0333,  1.00000000,1,0,0.0,0.5
3063.0667,  1.00000000,1,0,0.0,0.5
3063.1000,  1.00000000,1,0,0.0,0.5
3063.1333,  1.00000000,1,0,0.0,0.5
3063.1667,  1.00000000,1,0,0.0,0.5
3063.2000,  1.00000000,1,0,0.0,0.5
3063.2333,  1.00000000,1,0,0.0,0.5
3063.2667,  1.00000000,1,0,0.0,0.5
3063.3000,  1.00000000,1,0,0.0,0.5
3063.3333,  1.00000000,1,0,0.0,0.5
3063.3667,  1.00000000,1,0,0.0,0.5
3063.4000,  1.00000000,1,0,0.0,0.5
3063.4333,  1.00000000,1,0,0.0,0.5
3063.4667,  1.00000000,1,0,0.0,0.5
3063.5000,  1.00000000,1,0,0.0,0.5
3063.5333,  1.00000000,1,0,0.0,0.5
3063.5667,  1.00000000,1,0,0.0,0.5
3063.6000,  1.00000000,1,0,0.0,0.5
3063.6333,  1.00000000,1,0,0.0,0.5
3063.6667,  1.00000000,1,0,0.0,0.5
3063.7000,  1.00000000,1,0,0.0,0.5
3063.7333,  1.00000000,1,0,0.0,0.5
3063.7667,  1.00000000,1,0,0.0,0.5
3063.8000,  1.00000000,1,0,0.0,0.5
3063.8333,  1.00000000,1,0,0.0,0.5
3063.8667,  1.00000000,1,0,0.0,0.5
3063.9000,  1.00000000,1,0,0.0,0.5
3063.9333,  1.00000000,1,0,0.0,0.5
3063.9667,  1.00000000,1,0,0.0,0.5
3064.0000,  1.00000000,1,0,0.0,0.5
3064.0333,  1.00000000,1,0,0.0,0.5
3064.0667,  1.00000000,1,0,0.0,0.5
3064.1000,  1.00000000,1,0,0.0,0.5
3064.1333,  1.00000000,1,0,0.0,0.5
3064.1667,  1.00000000,1,0,0.0,0.5
3064.2000,  1.00000000,1,0,0.0,0.5
3064.2333,  1.00000000,1,0,0.0,0.5
3064.2667,  1.00000000,1,0,0.0,0.5
3064.3000,  1.00000000,1,0,0.0,0.5
3064.3333,  1.00000000,1,0,0.0,0.5
3064.3667,  1.00000000,1,0,0.0,0.5
3064.4000,  1.00000000,1,0,0.0,0.5
3064.4333,  1.00000000,1,0,0.0,0.5
3064.4667,  1.00000000,1,0,0.0,0.5
3064.5000,  1.00000000,1,0,0.0,0.5
3064.5333,  1.00000000,1,0,0.0,0.5
3064.5667,  1.00000000,1,0,0.0,0.5
3064.6000,  1.00000000,1,0,0.0,0.5
3064.6333,  1.00000000,1,0,0.0,0.5
3064.6667,  1.00000000,1,0,0.0,0.5
3064.7000,  1.00000000,1,0,0.0,0.5
3064.7333,  1.00000000,1,0,0.0,0.5
3064.7667,  1.00000000,1,0,0.0,0.5
3064.8000,  1.00000000,1,0,0.0,0.5
3064.8333,  1.00000000,1,0,0.0,0.5
3064.8667,  1.00000000,1,0,0.0,0.5
3064.9000,  1.00000000,1,0,0.0,0.5
3064.9333,  1.00000000,1,0,0.0,0.5
3064.9667,  1.00000000,1,0,0.0,0.5
3065.0000,  1.00000000,1,0,0.0,0.5
3065.0333,  1.00000000,1,0,0.0,0.5
3065.0667,  1.00000000,1,0,0.0,0.5
3065.1000,  1.00000000,1,0,0.0,0.5
3065.1333,  1.00000000,1,0,0.0,0.5
3065.1667,  1.00000000,1,0,0.0,0.5
3065.2000,  1.00000000,1,0,0.0,0.5
3065.2333,  1.00000000,1,0,0.0,0.5
3065.2667,  1.00000000,1,0,0.0,0.5
3065.3000,  1.00000000,1,0,0.0,0.5
3065.3333,  1.00000000,1,0,0.0,0.5
3065.3667,  1.00000000,1,0,0.0,0.5
3065.4000,  1.00000000,1,0,0.0,0.5
3065.4333,  1.00000000,1,0,0.0,0.5
3065.4667,  1.00000000,1,0,0.0,0.5
3065.5000,  1.00000000,1,0,0.0,0.5
3065.5333,  1.00000000,1,0,0.0,0.5
3065.5667,  1.00000000,1,0,0.0,0.5
3065.6000,  1.00000000,1,0,0.0,0.5
3065.6333,  1.00000000,1,0,0.0,0.5
3065.6667,  1.00000000,1,0,0.0,0.5
3065.7000,  1.00000000,1,0,0.0,0.5
3065.7333,  1.00000000,1,0,0.0,0.5
3065.7667,  1.00000000,1,0,0.0,0.5
3065.8000,  1.00000000,1,0,0.0,0.5
3065.8333,  1.00000000,1,0,0.0,0.5
3065.8667,  1.00000000,1,0,0.0,0.5
3065.9000,  1.00000000,1,0,0.0,0.5
3065.9333,  1.00000000,1,0,0.0,0.5
3065.9667,  1.00000000,1,0,0.0,0.5
3066.0000,  1.00000000,1,0,0.0,0.5
3066.0333,  1.00000000,1,0,0.0,0.5
3066.0667,  1.00000000,1,0,0.0,0.5
3066.1000,  1.00000000,1,0,0.025000000000000001,0.5
3066.1333,  1.00000000,1,0,0.0,0.5
3066.1667,  1.00000000,1,0,0.0,0.5
3066.2000,  1.00000000,1,0,0.0,0.5
3066.2333,  1.00000000,1,0,0.0,0.5
3066.2667,  1.00000000,1,0,0.0,0.5
3066.3000,  1.00000000,1,0,0.0,0.5
3066.3333,  1.00000000,1,0,0.0,0.5
3066.3667,  1.00000000,1,0,0.0,0.5
3066.4000,  1.00000000,1,0,0.0,0.5
3066.4333,  1.00000000,1,0,0.0,0.5
3066.4667,  1.00000000,1,0,0.0,0.5
3066.5000,  1.00000000,1,0,0.0,0.5
3066.5333,  1.00000000,1,0,0.0,0.5
3066.5667,  1.00000000,1,0,0.0,0.5
3066.6000,  1.00000000,1,0,0.0,0.5
3066.6333,  1.00000000,1,0,0.0,0.5
3066.6667,  1.00000000,1,0,0.0,0.5
3066.7000,  1.00000000,1,0,0.0,0.5
3066.7333,  1.00000000,1,0,0.0,0.5
3066.7667,  1.00000000,1,0,0.0,0.5
3066.8000,  1.00000000,1,0,0.0,0.5
3066.8333,  1.00000000,1,0,0.0,0.5
3066.8667,  1.00000000,1,0,0.025000000000000001,0.5
3066.9000,  1.00000000,1,0,0.0,0.5
3066.9333,  1.00000000,1,0,0.0,0.5
3066.9667,  1.00000000,1,0,0.0,0.5
3067.0000,  1.00000000,1,0,0.0,0.5
3067.0333,  1.00000000,1,0,0.0,0.5
3067.0667,  1.00000000,1,0,0.0,0.5
3067.1000,  1.00000000,1,0,0.0,0.5
3067.1333,  1.00000000,1,0,0.0,0.5
3067.1667,  1.00000000,1,0,0.0,0.5
3067.2000,  1.00000000,1,0,0.0,0.5
3067.2333,  1.00000000,1,0,0.0,0.5
3067.2667,  1.00000000,1,0,0.0,0.5
3067.3000,  1.00000000,1,0,0.0,0.5
3067.3333,  1.00000000,1,0,0.0,0.5
3067.3667,  1.00000000,1,0,0.0,0.5
3067.4000,  1.00000000,1,0,0.0,0.5
3067.4333,  1.00000000,1,0,0.0,0.5
3067.4667,  1.00000000,1,0,0.0,0.5
3067.5000,  1.00000000,1,0,0.0,0.5
3067.5333,  1.00000000,1,0,0.0,0.5
3067.5667,  1.00000000,1,0,0.0,0.5
3067.6000,  1.00000000,1,0,0.0,0.5
3067.6333,  1.00000000,1,0,0.0,0.5
3067.6667,  1.00000000,1,0,0.0,0.5
3067.7000,  1.00000000,1,0,0.0,0.5
3067.7333,  1.00000000,1,0,0.0,0.5
3067.7667,  1.00000000,1,0,0.0,0.5
3067.8000,  1.00000000,1,0,0.0,0.5
3067.8333,  1.00000000,1,0,0.0,0.5
3067.8667,  1.00000000,1,0,0.0,0.5
3067.9000,  1.00000000,1,0,0.0,0.5
3067.9333,  1.00000000,1,0,0.0,0.5
3067.9667,  1.00000000,1,0,0.0,0.5
3068.0000,  1.00000000,1,0,0.0,0.5
3068.0333,  1.00000000,1,0,0.0,0.5
3068.0667,  1.00000000,1,0,0.0,0.5
3068.1000,  1.00000000,1,0,0.0,0.5
3068.1333,  1.00000000,1,0,0.0,0.5
3068.1667,  1.00000000,1,0,0.0,0.5
3068.2000,  1.00000000,1,0,0.0,0.5
3068.2333,  1.00000000,1,0,0.0,0.5
3068.2667,  1.00000000,1,0,0.0,0.5
3068.3000,  1.00000000,1,0,0.0,0.5
3068.3333,  1.00000000,1,0,0.0,0.5
3068.3667,  1.00000000,1,0,0.0,0.5
3068.4000,  1.00000000,1,0,0.0,0.5
3068.4333,  1.00000000,1,0,0.0,0.5
3068.4667,  1.00000000,1,0,0.025000000000000001,0.5
3068.5000,  1.00000000,1,0,0.0,0.5
3068.5333,  1.00000000,1,0,0.0,0.5
3068.5667,  1.00000000,1,0,0.0,0.5
3068.6000,  1.00000000,1,0,0.0,0.5
3068.6333,  1.00000000,1,0,0.0,0.5
3068.6667,  1.00000000,1,0,0.0,0.5
3068.7000,  1.00000000,1,0,0.0,0.5
3068.7333,  1.00000000,1,0,0.0,0.5
3068.7667,  1.00000000,1,0,0.0,0.5
3068.8000,  1.00000000,1,0,0.0,0.5
3068.8333,  1.00000000,1,0,0.0,0.5
3068.8667,  1.00000000,1,0,0.0,0.5
3068.9000,  1.00000000,1,0,0.0,0.5
3068.9333,  1.00000000,1,0,0.0,0.5
3068.9667,  1.00000000,1,0,0.025000000000000001,0.5
3069.0000,  1.00000000,1,0,0.0,0.5
3069.0333,  1.00000000,1,0,0.0,0.5
3069.0667,  1.00000000,1,0,0.0,0.5
3069.1000,  1.00000000,1,0,0.0,0.5
3069.1333,  1.00000000,1,0,0.0,0.5
3069.1667,  1.00000000,1,0,0.0,0.5
3069.2000,  1.00000000,1,0,0.0,0.5
3069.2333,  1.00000000,1,0,0.0,0.5
3069.2667,  1.00000000,1,0,0.0,0.5
3069.3000,  1.00000000,1,0,0.0,0.5
3069.3333,  1.00000000,1,0,0.0,0.5
3069.3667,  1.00000000,1,0,0.025000000000000001,0.5
3069.4000,  1.00000000,1,0,0.0,0.5
3069.4333,  1.00000000,1,0,0.0,0.5
3069.4667,  1.00000000,1,0,0.0,0.5
3069.5000,  1.00000000,1,0,0.0,0.5
3069.5333,  1.00000000,1,0,0.0,0.5
3069.5667,  1.00000000,1,0,0.0,0.5
3069.6000,  1.00000000,1,0,0.0,0.5
3069.6333,  1.00000000,1,0,0.0,0.5
3069.6667,  1.00000000,1,0,0.0,0.5
3069.7000,  1.00000000,1,0,0.0,0.5
3069.7333,  1.00000000,1,0,0.0,0.5
3069.7667,  1.00000000,1,0,0.0,0.5
3069.8000,  1.00000000,1,0,0.0,0.5
3069.8333,  1.00000000,1,0,0.0,0.5
3069.8667,  1.00000000,1,0,0.0,0.5
3069.9000,  1.00000000,1,0,0.0,0.5
3069.9333,  1.00000000,1,0,0.0,0.5
3069.9667,  1.00000000,1,0,0.0,0.5
3070.0000,  1.00000000,1,0,0.0,0.5
3070.0333,  1.00000000,1,0,0.0,0.5
3070.0667,  1.00000000,1,0,0.0,0.5
3070.1000,  1.00000000,1,0,0.0,0.5
3070.1333,  1.00000000,1,0,0.0,0.5
3070.1667,  1.00000000,1,0,0.0,0.5
3070.2000,  1.00000000,1,0,0.0,0.5
3070.2333,  1.00000000,1,0,0.0,0.5
3070.2667,  1.00000000,1,0,0.0,0.5
3070.3000,  1.00000000,1,0,0.0,0.5
3070.3333,  1.00000000,1,0,0.0,0.5
3070.3667,  1.00000000,1,0,0.0,0.5
3070.4000,  1.00000000,1,0,0.0,0.5
3070.4333,  1.00000000,1,0,0.0,0.5
3070.4667,  1.00000000,1,0,0.0,0.5
3070.5000,  1.00000000,1,0,0.0,0.5
3070.5333,  1.00000000,1,0,0.0,0.5
3070.5667,  1.00000000,1,0,0.0,0.5
3070.6000,  1.00000000,1,0,0.0,0.5
3070.6333,  1.00000000,1,0,0.0,0.5
3070.6667,  1.00000000,1,0,0.0,0.5
3070.7000,  1.00000000,1,0,0.0,0.5
3070.7333,  1.00000000,1,0,0.0,0.5
3070.7667,  1.00000000,1,0,0.0,0.5
3070.8000,  1.00000000,1,0,0.0,0.5
3070.8333,  1.00000000,1,0,0.0,0.5
3070.8667,  1.00000000,1,0,0.0,0.5
3070.9000,  1.00000000,1,0,0.0,0.5
3070.9333,  1.00000000,1,0,0.0,0.5
3070.9667,  1.00000000,1,0,0.0,0.5
3071.0000,  1.00000000,1,0,0.0,0.5
3071.0333,  1.00000000,1,0,0.0,0.5
3071.0667,  1.00000000,1,0,0.0,0.5
3071.1000,  1.00000000,1,0,0.0,0.5
3071.1333,  1.00000000,1,0,0.0,0.5
3071.1667,  1.00000000,1,0,0.0,0.5
3071.2000,  1.00000000,1,0,0.0,0.5
3071.2333,  1.00000000,1,0,0.0,0.5
3071.2667,  1.00000000,1,0,0.0,0.5
3071.3000,  1.00000000,1,0,0.0,0.5
3071.3333,  1.00000000,1,0,0.0,0.5
3071.3667,  1.00000000,1,0,0.0,0.5
3071.4000,  1.00000000,1,0,0.0,0.5
3071.4333,  1.00000000,1,0,0.0,0.5
3071.4667,  1.00000000,1,0,0.0,0.5
3071.5000,  1.00000000,1,0,0.0,0.5
3071.5333,  1.00000000,1,0,0.0,0.5
3071.5667,  1.00000000,1,0,0.0,0.5
3071.6000,  1.00000000,1,0,0.0,0.5
3071.6333,  1.00000000,1,0,0.0,0.5
3071.6667,  1.00000000,1,0,0.0,0.5
3071.7000,  1.00000000,1,0,0.0,0.5
3071.7333,  1.00000000,1,0,0.0,0.5
3071.7667,  1.00000000,1,0,0.0,0.5
3071.8000,  1.00000000,1,0,0.0,0.5
3071.8333,  1.00000000,1,0,0.0,0.5
3071.8667,  1.00000000,1,0,0.0,0.5
3071.9000,  1.00000000,1,0,0.0,0.5
3071.9333,  1.00000000,1,0,0.0,0.5
3071.9667,  1.00000000,1,0,0.0,0.5
3072.0000,  1.00000000,1,0,0.0,0.5
3072.0333,  1.00000000,1,0,0.0,0.5
3072.0667,  1.00000000,1,0,0.0,0.5
3072.1000,  1.00000000,1,0,0.0,0.5
3072.1333,  1.00000000,1,0,0.0,0.5
3072.1667,  1.00000000,1,0,0.0,0.5
3072.2000,  1.00000000,1,0,0.0,0.5
3072.2333,  1.00000000,1,0,0.0,0.5
3072.2667,  1.00000000,1,0,0.0,0.5
3072.3000,  1.00000000,1,0,0.0,0.5
3072.3333,  1.00000000,1,0,0.0,0.5
3072.3667,  1.00000000,1,0,0.0,0.5
3072.4000,  1.00000000,1,0,0.0,0.5
3072.4333,  1.00000000,1,0,0.0,0.5
3072.4667,  1.00000000,1,0,0.0,0.5
3072.5000,  1.00000000,1,0,0.0,0.5
3072.5333,  1.00000000,1,0,0.0,0.5
3072.5667,  1.00000000,1,0,0.0,0.5
3072.6000,  1.00000000,1,0,0.0,0.5
3072.6333,  1.00000000,1,0,0.0,0.5
3072.6667,  1.00000000,1,0,0.0,0.5
3072.7000,  1.00000000,1,0,0.0,0.5
3072.7333,  1.00000000,1,0,0.0,0.5
3072.7667,  1.00000000,1,0,0.0,0.5
3072.8000,  1.00000000,1,0,0.0,0.5
3072.8333,  1.00000000,1,0,0.0,0.5
3072.8667,  1.00000000,1,0,0.0,0.5
3072.9000,  1.00000000,1,0,0.0,0.5
3072.9333,  1.00000000,1,0,0.0,0.5
3072.9667,  1.00000000,1,0,0.0,0.5
3073.0000,  1.00000000,1,0,0.0,0.5
3073.0333,  1.00000000,1,0,0.0,0.5
3073.0667,  1.00000000,1,0,0.0,0.5
3073.1000,  1.00000000,1,0,0.0,0.5
3073.1333,  1.00000000,1,0,0.025000000000000001,0.5
3073.1667,  1.00000000,1,0,0.0,0.5
3073.2000,  1.00000000,1,0,0.0,0.5
3073.2333,  1.00000000,1,0,0.0,0.5
3073.2667,  1.00000000,1,0,0.0,0.5
3073.3000,  1.00000000,1,0,0.0,0.5
3073.3333,  1.00000000,1,0,0.0,0.5
3073.3667,  1.00000000,1,0,0.0,0.5
3073.4000,  1.00000000,1,0,0.0,0.5
3073.4333,  1.00000000,1,0,0.0,0.5
3073.4667,  1.00000000,1,0,0.0,0.5
3073.5000,  1.00000000,1,0,0.0,0.5
3073.5333,  1.00000000,1,0,0.0,0.5
3073.5667,  1.00000000,1,0,0.0,0.5
3073.6000,  1.00000000,1,0,0.0,0.5
3073.6333,  1.00000000,1,0,0.025000000000000001,0.5
3073.6667,  1.00000000,1,0,0.0,0.5
3073.7000,  1.00000000,1,0,0.0,0.5
3073.7333,  1.00000000,1,0,0.0,0.5
3073.7667,  1.00000000,1,0,0.0,0.5
3073.8000,  1.00000000,1,0,0.0,0.5
3073.8333,  1.00000000,1,0,0.025000000000000001,0.5
3073.8667,  1.00000000,1,0,0.0,0.5
3073.9000,  1.00000000,1,0,0.0,0.5
3073.9333,  1.00000000,1,0,0.0,0.5
3073.9667,  1.00000000,1,0,0.0,0.5
3074.0000,  1.00000000,1,0,0.0,0.5
3074.0333,  1.00000000,1,0,0.0,0.5
3074.0667,  1.00000000,1,0,0.0,0.5
3074.1000,  1.00000000,1,0,0.0,0.5
3074.1333,  1.00000000,1,0,0.0,0.5
3074.1667,  1.00000000,1,0,0.0,0.5
3074.2000,  1.00000000,1,0,0.0,0.5
3074.2333,  1.00000000,1,0,0.0,0.5
3074.2667,  1.00000000,1,0,0.0,0.5
3074.3000,  1.00000000,1,0,0.0,0.5
3074.3333,  1.00000000,1,0,0.0,0.5
3074.3667,  1.00000000,1,0,0.0,0.5
3074.4000,  1.00000000,1,0,0.0,0.5
3074.4333,  1.00000000,1,0,0.0,0.5
3074.4667,  1.00000000,1,0,0.0,0.5
3074.5000,  1.00000000,1,0,0.0,0.5
3074.5333,  1.00000000,1,0,0.0,0.5
3074.5667,  1.00000000,1,0,0.0,0.5
3074.6000,  1.00000000,1,0,0.0,0.5
3074.6333,  1.00000000,1,0,0.0,0.5
3074.6667,  1.00000000,1,0,0.0,0.5
3074.7000,  1.00000000,1,0,0.0,0.5
3074.7333,  1.00000000,1,0,0.0,0.5
3074.7667,  1.00000000,1,0,0.025000000000000001,0.5
3074.8000,  1.00000000,1,0,0.0,0.5
3074.8333,  1.00000000,1,0,0.0,0.5
3074.8667,  1.00000000,1,0,0.0,0.5
3074.9000,  1.00000000,1,0,0.0,0.5
3074.9333,  1.00000000,1,0,0.0,0.5
3074.9667,  1.00000000,1,0,0.0,0.5
3075.0000,  1.00000000,1,0,0.0,0.5
3075.0333,  1.00000000,1,0,0.0,0.5
3075.0667,  1.00000000,1,0,0.0,0.5
3075.1000,  1.00000000,1,0,0.0,0.5
3075.1333,  1.00000000,1,0,0.0,0.5
3075.1667,  1.00000000,1,0,0.0,0.5
3075.2000,  1.00000000,1,0,0.0,0.5
3075.2333,  1.00000000,1,0,0.0,0.5
3075.2667,  1.00000000,1,0,0.0,0.5
3075.3000,  1.00000000,1,0,0.0,0.5
3075.3333,  1.00000000,1,0,0.0,0.5
3075.3667,  1.00000000,1,0,0.0,0.5
3075.4000,  1.00000000,1,0,0.0,0.5
3075.4333,  1.00000000,1,0,0.0,0.5
3075.4667,  1.00000000,1,0,0.0,0.5
3075.5000,  1.00000000,1,0,0.0,0.5
3075.5333,  1.00000000,1,0,0.0,0.5
3075.5667,  1.00000000,1,0,0.0,0.5
3075.6000,  1.00000000,1,0,0.0,0.5
3075.6333,  1.00000000,1,0,0.0,0.5
3075.6667,  1.00000000,1,0,0.0,0.5
3075.7000,  1.00000000,1,0,0.0,0.5
3075.7333,  1.00000000,1,0,0.0,0.5
3075.7667,  1.00000000,1,0,0.0,0.5
3075.8000,  1.00000000,1,0,0.0,0.5
3075.8333,  1.00000000,1,0,0.0,0.5
3075.8667,  1.00000000,1,0,0.0,0.5
3075.9000,  1.00000000,1,0,0.0,0.5
3075.9333,  1.00000000,1,0,0.0,0.5
3075.9667,  1.00000000,1,0,0.0,0.5
3076.0000,  1.00000000,1,0,0.0,0.5
3076.0333,  1.00000000,1,0,0.025000000000000001,0.5
3076.0667,  1.00000000,1,0,0.0,0.5
3076.1000,  1.00000000,1,0,0.0,0.5
3076.1333,  1.00000000,1,0,0.0,0.5
3076.1667,  1.00000000,1,0,0.0,0.5
3076.2000,  1.00000000,1,0,0.0,0.5
3076.2333,  1.00000000,1,0,0.0,0.5
3076.2667,  1.00000000,1,0,0.0,0.5
3076.3000,  1.00000000,1,0,0.0,0.5
3076.3333,  1.00000000,1,0,0.0,0.5
3076.3667,  1.00000000,1,0,0.0,0.5
3076.4000,  1.00000000,1,0,0.0,0.5
3076.4333,  1.00000000,1,0,0.0,0.5
3076.4667,  1.00000000,1,0,0.0,0.5
3076.5000,  1.00000000,1,0,0.0,0.5
3076.5333,  1.00000000,1,0,0.0,0.5
3076.5667,  1.00000000,1,0,0.0,0.5
3076.6000,  1.00000000,1,0,0.0,0.5
3076.6333,  1.00000000,1,0,0.0,0.5
3076.6667,  1.00000000,1,0,0.0,0.5
3076.7000,  1.00000000,1,0,0.0,0.5
3076.7333,  1.00000000,1,0,0.0,0.5
3076.7667,  1.00000000,1,0,0.0,0.5
3076.8000,  1.00000000,1,0,0.0,0.5
3076.8333,  1.00000000,1,0,0.0,0.5
3076.8667,  1.00000000,1,0,0.0,0.5
3076.9000,  1.00000000,1,0,0.0,0.5
3076.9333,  1.00000000,1,0,0.0,0.5
3076.9667,  1.00000000,1,0,0.0,0.5
3077.0000,  1.00000000,1,0,0.0,0.5
3077.0333,  1.00000000,1,0,0.0,0.5
3077.0667,  1.00000000,1,0,0.0,0.5
3077.1000,  1.00000000,1,0,0.0,0.5
3077.1333,  1.00000000,1,0,0.0,0.5
3077.1667,  1.00000000,1,0,0.0,0.5
3077.2000,  1.00000000,1,0,0.0,0.5
3077.2333,  1.00000000,1,0,0.0,0.5
3077.2667,  1.00000000,1,0,0.0,0.5
3077.3000,  1.00000000,1,0,0.0,0.5
3077.3333,  1.00000000,1,0,0.0,0.5
3077.3667,  1.00000000,1,0,0.0,0.5
3077.4000,  1.00000000,1,0,0.0,0.5
3077.4333,  1.00000000,1,0,0.0,0.5
3077.4667,  1.00000000,1,0,0.0,0.5
3077.5000,  1.00000000,1,0,0.0,0.5
3077.5333,  1.00000000,1,0,0.0,0.5
3077.5667,  1.00000000,1,0,0.0,0.5
3077.6000,  1.00000000,1,0,0.0,0.5
3077.6333,  1.00000000,1,0,0.0,0.5
3077.6667,  1.00000000,1,0,0.0,0.5
3077.7000,  1.00000000,1,0,0.0,0.5
3077.7333,  1.00000000,1,0,0.0,0.5
3077.7667,  1.00000000,1,0,0.0,0.5
3077.8000,  1.00000000,1,0,0.0,0.5
3077.8333,  1.00000000,1,0,0.0,0.5
3077.8667,  1.00000000,1,0,0.0,0.5
3077.9000,  1.00000000,1,0,0.0,0.5
3077.9333,  1.00000000,1,0,0.0,0.5
3077.9667,  1.00000000,1,0,0.0,0.5
3078.0000,  1.00000000,1,0,0.0,0.5
3078.0333,  1.00000000,1,0,0.0,0.5
3078.0667,  1.00000000,1,0,0.0,0.5
3078.1000,  1.00000000,1,0,0.0,0.5
3078.1333,  1.00000000,1,0,0.0,0.5
3078.1667,  1.00000000,1,0,0.0,0.5
3078.2000,  1.00000000,1,0,0.0,0.5
3078.2333,  1.00000000,1,0,0.0,0.5
3078.2667,  1.00000000,1,0,0.0,0.5
3078.3000,  1.00000000,1,0,0.0,0.5
3078.3333,  1.00000000,1,0,0.0,0.5
3078.3667,  1.00000000,1,0,0.0,0.5
3078.4000,  1.00000000,1,0,0.0,0.5
3078.4333,  1.00000000,1,0,0.0,0.5
3078.4667,  1.00000000,1,0,0.0,0.5
3078.5000,  1.00000000,1,0,0.0,0.5
3078.5333,  1.00000000,1,0,0.0,0.5
3078.5667,  1.00000000,1,0,0.0,0.5
3078.6000,  1.00000000,1,0,0.0,0.5
3078.6333,  1.00000000,1,0,0.0,0.5
3078.6667,  1.00000000,1,0,0.0,0.5
3078.7000,  1.00000000,1,0,0.0,0.5
3078.7333,  1.00000000,1,0,0.0,0.5
3078.7667,  1.00000000,1,0,0.0,0.5
3078.8000,  1.00000000,1,0,0.0,0.5
3078.8333,  1.00000000,1,0,0.0,0.5
3078.8667,  1.00000000,1,0,0.0,0.5
3078.9000,  1.00000000,1,0,0.0,0.5
3078.9333,  1.00000000,1,0,0.0,0.5
3078.9667,  1.00000000,1,0,0.0,0.5
3079.0000,  1.00000000,1,0,0.0,0.5
3079.0333,  1.00000000,1,0,0.0,0.5
3079.0667,  1.00000000,1,0,0.0,0.5
3079.1000,  1.00000000,1,0,0.0,0.5
3079.1333,  1.00000000,1,0,0.0,0.5
3079.1667,  1.00000000,1,0,0.0,0.5
3079.2000,  1.00000000,1,0,0.0,0.5
3079.2333,  1.00000000,1,0,0.0,0.5
3079.2667,  1.00000000,1,0,0.0,0.5
3079.3000,  1.00000000,1,0,0.0,0.5
3079.3333,  1.00000000,1,0,0.0,0.5
3079.3667,  1.00000000,1,0,0.0,0.5
3079.4000,  1.00000000,1,0,0.0,0.5
3079.4333,  1.00000000,1,0,0.0,0.5
3079.4667,  1.00000000,1,0,0.0,0.5
3079.5000,  1.00000000,1,0,0.0,0.5
3079.5333,  1.00000000,1,0,0.0,0.5
3079.5667,  1.00000000,1,0,0.0,0.5
3079.6000,  1.00000000,1,0,0.0,0.5
3079.6333,  1.00000000,1,0,0.0,0.5
3079.6667,  1.00000000,1,0,0.0,0.5
3079.7000,  1.00000000,1,0,0.0,0.5
3079.7333,  1.00000000,1,0,0.0,0.5
3079.7667,  1.00000000,1,0,0.0,0.5
3079.8000,  1.00000000,1,0,0.0,0.5
3079.8333,  1.00000000,1,0,0.0,0.5
3079.8667,  1.00000000,1,0,0.0,0.5
3079.9000,  1.00000000,1,0,0.0,0.5
3079.9333,  1.00000000,1,0,0.0,0.5
3079.9667,  1.00000000,1,0,0.0,0.5
3080.0000,  1.00000000,1,0,0.0,0.5
3080.0333,  1.00000000,1,0,0.0,0.5
3080.0667,  1.00000000,1,0,0.0,0.5
3080.1000,  1.00000000,1,0,0.0,0.5
3080.1333,  1.00000000,1,0,0.0,0.5
3080.1667,  1.00000000,1,0,0.0,0.5
3080.2000,  1.00000000,1,0,0.0,0.5
3080.2333,  1.00000000,1,0,0.0,0.5
3080.2667,  1.00000000,1,0,0.0,0.5
3080.3000,  1.00000000,1,0,0.0,0.5
3080.3333,  1.00000000,1,0,0.0,0.5
3080.3667,  1.00000000,1,0,0.0,0.5
3080.4000,  1.00000000,1,0,0.0,0.5
3080.4333,  1.00000000,1,0,0.0,0.5
3080.4667,  1.00000000,1,0,0.0,0.5
3080.5000,  1.00000000,1,0,0.0,0.5
3080.5333,  1.00000000,1,0,0.0,0.5
3080.5667,  1.00000000,1,0,0.0,0.5
3080.6000,  1.00000000,1,0,0.0,0.5
3080.6333,  1.00000000,1,0,0.0,0.5
3080.6667,  1.00000000,1,0,0.0,0.5
3080.7000,  1.00000000,1,0,0.0,0.5
3080.7333,  1.00000000,1,0,0.0,0.5
3080.7667,  1.00000000,1,0,0.0,0.5
3080.8000,  1.00000000,1,0,0.0,0.5
3080.8333,  1.00000000,1,0,0.0,0.5
3080.8667,  1.00000000,1,0,0.0,0.5
3080.9000,  1.00000000,1,0,0.0,0.5
3080.9333,  1.00000000,1,0,0.0,0.5
3080.9667,  1.00000000,1,0,0.0,0.5
3081.0000,  1.00000000,1,0,0.0,0.5
3081.0333,  1.00000000,1,0,0.0,0.5
3081.0667,  1.00000000,1,0,0.0,0.5
3081.1000,  1.00000000,1,0,0.0,0.5
3081.1333,  1.00000000,1,0,0.0,0.5
3081.1667,  1.00000000,1,0,0.0,0.5
3081.2000,  1.00000000,1,0,0.0,0.5
3081.2333,  1.00000000,1,0,0.0,0.5
3081.2667,  1.00000000,1,0,0.0,0.5
3081.3000,  1.00000000,1,0,0.0,0.5
3081.3333,  1.00000000,1,0,0.0,0.5
3081.3667,  1.00000000,1,0,0.0,0.5
3081.4000,  1.00000000,1,0,0.0,0.5
3081.4333,  1.00000000,1,0,0.0,0.5
3081.4667,  1.00000000,1,0,0.0,0.5
3081.5000,  1.00000000,1,0,0.0,0.5
3081.5333,  1.00000000,1,0,0.0,0.5
3081.5667,  1.00000000,1,0,0.0,0.5
3081.6000,  1.00000000,1,0,0.0,0.5
3081.6333,  1.00000000,1,0,0.0,0.5
3081.6667,  1.00000000,1,0,0.0,0.5
3081.7000,  1.00000000,1,0,0.0,0.5
3081.7333,  1.00000000,1,0,0.0,0.5
3081.7667,  1.00000000,1,0,0.0,0.5
3081.8000,  1.00000000,1,0,0.0,0.5
3081.8333,  1.00000000,1,0,0.0,0.5
3081.8667,  1.00000000,1,0,0.0,0.5
3081.9000,  1.00000000,1,0,0.0,0.5
3081.9333,  1.00000000,1,0,0.0,0.5
3081.9667,  1.00000000,1,0,0.0,0.5
3082.0000,  1.00000000,1,0,0.0,0.5
3082.0333,  1.00000000,1,0,0.0,0.5
3082.0667,  1.00000000,1,0,0.0,0.5
3082.1000,  1.00000000,1,0,0.0,0.5
3082.1333,  1.00000000,1,0,0.0,0.5
3082.1667,  1.00000000,1,0,0.0,0.5
3082.2000,  1.00000000,1,0,0.0,0.5
3082.2333,  1.00000000,1,0,0.0,0.5
3082.2667,  1.00000000,1,0,0.0,0.5
3082.3000,  1.00000000,1,0,0.0,0.5
3082.3333,  1.00000000,1,0,0.0,0.5
3082.3667,  1.00000000,1,0,0.0,0.5
3082.4000,  1.00000000,1,0,0.0,0.5
3082.4333,  1.00000000,1,0,0.0,0.5
3082.4667,  1.00000000,1,0,0.0,0.5
3082.5000,  1.00000000,1,0,0.0,0.5
3082.5333,  1.00000000,1,0,0.0,0.5
3082.5667,  1.00000000,1,0,0.0,0.5
3082.6000,  1.00000000,1,0,0.0,0.5
3082.6333,  1.00000000,1,0,0.0,0.5
3082.6667,  1.00000000,1,0,0.0,0.5
3082.7000,  1.00000000,1,0,0.0,0.5
3082.7333,  1.00000000,1,0,0.0,0.5
3082.7667,  1.00000000,1,0,0.0,0.5
3082.8000,  1.00000000,1,0,0.0,0.5
3082.8333,  1.00000000,1,0,0.0,0.5
3082.8667,  1.00000000,1,0,0.0,0.5
3082.9000,  1.00000000,1,0,0.0,0.5
3082.9333,  1.00000000,1,0,0.0,0.5
3082.9667,  1.00000000,1,0,0.0,0.5
3083.0000,  1.00000000,1,0,0.0,0.5
3083.0333,  1.00000000,1,0,0.0,0.5
3083.0667,  1.00000000,1,0,0.0,0.5
3083.1000,  1.00000000,1,0,0.025000000000000001,0.5
3083.1333,  1.00000000,1,0,0.0,0.5
3083.1667,  1.00000000,1,0,0.0,0.5
3083.2000,  1.00000000,1,0,0.0,0.5
3083.2333,  1.00000000,1,0,0.0,0.5
3083.2667,  1.00000000,1,0,0.0,0.5
3083.3000,  1.00000000,1,0,0.0,0.5
3083.3333,  1.00000000,1,0,0.0,0.5
3083.3667,  1.00000000,1,0,0.0,0.5
3083.4000,  1.00000000,1,0,0.0,0.5
3083.4333,  1.00000000,1,0,0.0,0.5
3083.4667,  1.00000000,1,0,0.0,0.5
3083.5000,  1.00000000,1,0,0.0,0.5
3083.5333,  1.00000000,1,0,0.0,0.5
3083.5667,  1.00000000,1,0,0.0,0.5
3083.6000,  1.00000000,1,0,0.0,0.5
3083.6333,  1.00000000,1,0,0.0,0.5
3083.6667,  1.00000000,1,0,0.0,0.5
3083.7000,  1.00000000,1,0,0.0,0.5
3083.7333,  1.00000000,1,0,0.0,0.5
3083.7667,  1.00000000,1,0,0.0,0.5
3083.8000,  1.00000000,1,0,0.0,0.5
3083.8333,  1.00000000,1,0,0.0,0.5
3083.8667,  1.00000000,1,0,0.0,0.5
3083.9000,  1.00000000,1,0,0.0,0.5
3083.9333,  1.00000000,1,0,0.0,0.5
3083.9667,  1.00000000,1,0,0.0,0.5
3084.0000,  1.00000000,1,0,0.0,0.5
3084.0333,  1.00000000,1,0,0.0,0.5
3084.0667,  1.00000000,1,0,0.0,0.5
3084.1000,  1.00000000,1,0,0.0,0.5
3084.1333,  1.00000000,1,0,0.0,0.5
3084.1667,  1.00000000,1,0,0.0,0.5
3084.2000,  1.00000000,1,0,0.0,0.5
3084.2333,  1.00000000,1,0,0.0,0.5
3084.2667,  1.00000000,1,0,0.0,0.5
3084.3000,  1.00000000,1,0,0.0,0.5
3084.3333,  1.00000000,1,0,0.0,0.5
3084.3667,  1.00000000,1,0,0.0,0.5
3084.4000,  1.00000000,1,0,0.0,0.5
3084.4333,  1.00000000,1,0,0.0,0.5
3084.4667,  1.00000000,1,0,0.0,0.5
3084.5000,  1.00000000,1,0,0.0,0.5
3084.5333,  1.00000000,1,0,0.0,0.5
3084.5667,  1.00000000,1,0,0.0,0.5
3084.6000,  1.00000000,1,0,0.0,0.5
3084.6333,  1.00000000,1,0,0.0,0.5
3084.6667,  1.00000000,1,0,0.0,0.5
3084.7000,  1.00000000,1,0,0.0,0.5
3084.7333,  1.00000000,1,0,0.0,0.5
3084.7667,  1.00000000,1,0,0.0,0.5
3084.8000,  1.00000000,1,0,0.0,0.5
3084.8333,  1.00000000,1,0,0.0,0.5
3084.8667,  1.00000000,1,0,0.0,0.5
3084.9000,  1.00000000,1,0,0.0,0.5
3084.9333,  1.00000000,1,0,0.0,0.5
3084.9667,  1.00000000,1,0,0.0,0.5
3085.0000,  1.00000000,1,0,0.0,0.5
3085.0333,  1.00000000,1,0,0.0,0.5
3085.0667,  1.00000000,1,0,0.0,0.5
3085.1000,  1.00000000,1,0,0.0,0.5
3085.1333,  1.00000000,1,0,0.0,0.5
3085.1667,  1.00000000,1,0,0.0,0.5
3085.2000,  1.00000000,1,0,0.0,0.5
3085.2333,  1.00000000,1,0,0.0,0.5
3085.2667,  1.00000000,1,0,0.0,0.5
3085.3000,  1.00000000,1,0,0.0,0.5
3085.3333,  1.00000000,1,0,0.0,0.5
3085.3667,  1.00000000,1,0,0.0,0.5
3085.4000,  1.00000000,1,0,0.0,0.5
3085.4333,  1.00000000,1,0,0.0,0.5
3085.4667,  1.00000000,1,0,0.0,0.5
3085.5000,  1.00000000,1,0,0.0,0.5
3085.5333,  1.00000000,1,0,0.0,0.5
3085.5667,  1.00000000,1,0,0.0,0.5
3085.6000,  1.00000000,1,0,0.0,0.5
3085.6333,  1.00000000,1,0,0.0,0.5
3085.6667,  1.00000000,1,0,0.0,0.5
3085.7000,  1.00000000,1,0,0.0,0.5
3085.7333,  1.00000000,1,0,0.0,0.5
3085.7667,  1.00000000,1,0,0.0,0.5
3085.8000,  1.00000000,1,0,0.0,0.5
3085.8333,  1.00000000,1,0,0.025000000000000001,0.5
3085.8667,  1.00000000,1,0,0.0,0.5
3085.9000,  1.00000000,1,0,0.0,0.5
3085.9333,  1.00000000,1,0,0.0,0.5
3085.9667,  1.00000000,1,0,0.0,0.5
3086.0000,  1.00000000,1,0,0.0,0.5
3086.0333,  1.00000000,1,0,0.0,0.5
3086.0667,  1.00000000,1,0,0.0,0.5
3086.1000,  1.00000000,1,0,0.0,0.5
3086.1333,  1.00000000,1,0,0.0,0.5
3086.1667,  1.00000000,1,0,0.0,0.5
3086.2000,  1.00000000,1,0,0.0,0.5
3086.2333,  1.00000000,1,0,0.0,0.5
3086.2667,  1.00000000,1,0,0.0,0.5
3086.3000,  1.00000000,1,0,0.0,0.5
3086.3333,  1.00000000,1,0,0.0,0.5
3086.3667,  1.00000000,1,0,0.0,0.5
3086.4000,  1.00000000,1,0,0.0,0.5
3086.4333,  1.00000000,1,0,0.0,0.5
3086.4667,  1.00000000,1,0,0.0,0.5
3086.5000,  1.00000000,1,0,0.0,0.5
3086.5333,  1.00000000,1,0,0.0,0.5
3086.5667,  1.00000000,1,0,0.0,0.5
3086.6000,  1.00000000,1,0,0.0,0.5
3086.6333,  1.00000000,1,0,0.0,0.5
3086.6667,  1.00000000,1,0,0.0,0.5
3086.7000,  1.00000000,1,0,0.0,0.5
3086.7333,  1.00000000,1,0,0.0,0.5
3086.7667,  1.00000000,1,0,0.0,0.5
3086.8000,  1.00000000,1,0,0.0,0.5
3086.8333,  1.00000000,1,0,0.0,0.5
3086.8667,  1.00000000,1,0,0.0,0.5
3086.9000,  1.00000000,1,0,0.0,0.5
3086.9333,  1.00000000,1,0,0.0,0.5
3086.9667,  1.00000000,1,0,0.0,0.5
3087.0000,  1.00000000,1,0,0.0,0.5
3087.0333,  1.00000000,1,0,0.0,0.5
3087.0667,  1.00000000,1,0,0.0,0.5
3087.1000,  1.00000000,1,0,0.0,0.5
3087.1333,  1.00000000,1,0,0.0,0.5
3087.1667,  1.00000000,1,0,0.0,0.5
3087.2000,  1.00000000,1,0,0.0,0.5
3087.2333,  1.00000000,1,0,0.0,0.5
3087.2667,  1.00000000,1,0,0.0,0.5
3087.3000,  1.00000000,1,0,0.0,0.5
3087.3333,  1.00000000,1,0,0.0,0.5
3087.3667,  1.00000000,1,0,0.0,0.5
3087.4000,  1.00000000,1,0,0.0,0.5
3087.4333,  1.00000000,1,0,0.0,0.5
3087.4667,  1.00000000,1,0,0.0,0.5
3087.5000,  1.00000000,1,0,0.0,0.5
3087.5333,  1.00000000,1,0,0.0,0.5
3087.5667,  1.00000000,1,0,0.0,0.5
3087.6000,  1.00000000,1,0,0.0,0.5
3087.6333,  1.00000000,1,0,0.0,0.5
3087.6667,  1.00000000,1,0,0.0,0.5
3087.7000,  1.00000000,1,0,0.0,0.5
3087.7333,  1.00000000,1,0,0.025000000000000001,0.5
3087.7667,  1.00000000,1,0,0.0,0.5
3087.8000,  1.00000000,1,0,0.0,0.5
3087.8333,  1.00000000,1,0,0.0,0.5
3087.8667,  1.00000000,1,0,0.025000000000000001,0.5
3087.9000,  1.00000000,1,0,0.0,0.5
3087.9333,  1.00000000,1,0,0.0,0.5
3087.9667,  1.00000000,1,0,0.0,0.5
3088.0000,  1.00000000,1,0,0.0,0.5
3088.0333,  1.00000000,1,0,0.0,0.5
3088.0667,  1.00000000,1,0,0.0,0.5
3088.1000,  1.00000000,1,0,0.0,0.5
3088.1333,  1.00000000,1,0,0.0,0.5
3088.1667,  1.00000000,1,0,0.0,0.5
3088.2000,  1.00000000,1,0,0.0,0.5
3088.2333,  1.00000000,1,0,0.0,0.5
3088.2667,  1.00000000,1,0,0.025000000000000001,0.5
3088.3000,  1.00000000,1,0,0.0,0.5
3088.3333,  1.00000000,1,0,0.0,0.5
3088.3667,  1.00000000,1,0,0.0,0.5
3088.4000,  1.00000000,1,0,0.0,0.5
3088.4333,  1.00000000,1,0,0.0,0.5
3088.4667,  1.00000000,1,0,0.0,0.5
3088.5000,  1.00000000,1,0,0.0,0.5
3088.5333,  1.00000000,1,0,0.0,0.5
3088.5667,  1.00000000,1,0,0.0,0.5
3088.6000,  1.00000000,1,0,0.0,0.5
3088.6333,  1.00000000,1,0,0.0,0.5
3088.6667,  1.00000000,1,0,0.0,0.5
3088.7000,  1.00000000,1,0,0.0,0.5
3088.7333,  1.00000000,1,0,0.0,0.5
3088.7667,  1.00000000,1,0,0.0,0.5
3088.8000,  1.00000000,1,0,0.0,0.5
3088.8333,  1.00000000,1,0,0.0,0.5
3088.8667,  1.00000000,1,0,0.0,0.5
3088.9000,  1.00000000,1,0,0.0,0.5
3088.9333,  1.00000000,1,0,0.0,0.5
3088.9667,  1.00000000,1,0,0.0,0.5
3089.0000,  1.00000000,1,0,0.0,0.5
3089.0333,  1.00000000,1,0,0.0,0.5
3089.0667,  1.00000000,1,0,0.0,0.5
3089.1000,  1.00000000,1,0,0.0,0.5
3089.1333,  1.00000000,1,0,0.0,0.5
3089.1667,  1.00000000,1,0,0.0,0.5
3089.2000,  1.00000000,1,0,0.0,0.5
3089.2333,  1.00000000,1,0,0.0,0.5
3089.2667,  1.00000000,1,0,0.0,0.5
3089.3000,  1.00000000,1,0,0.0,0.5
3089.3333,  1.00000000,1,0,0.0,0.5
3089.3667,  1.00000000,1,0,0.0,0.5
3089.4000,  1.00000000,1,0,0.0,0.5
3089.4333,  1.00000000,1,0,0.0,0.5
3089.4667,  1.00000000,1,0,0.0,0.5
3089.5000,  1.00000000,1,0,0.0,0.5
3089.5333,  1.00000000,1,0,0.0,0.5
3089.5667,  1.00000000,1,0,0.0,0.5
3089.6000,  1.00000000,1,0,0.0,0.5
3089.6333,  1.00000000,1,0,0.0,0.5
3089.6667,  1.00000000,1,0,0.0,0.5
3089.7000,  1.00000000,1,0,0.0,0.5
3089.7333,  1.00000000,1,0,0.0,0.5
3089.7667,  1.00000000,1,0,0.0,0.5
3089.8000,  1.00000000,1,0,0.025000000000000001,0.5
3089.8333,  1.00000000,1,0,0.0,0.5
3089.8667,  1.00000000,1,0,0.0,0.5
3089.9000,  1.00000000,1,0,0.0,0.5
3089.9333,  1.00000000,1,0,0.0,0.5
3089.9667,  1.00000000,1,0,0.0,0.5
3090.0000,  1.00000000,1,0,0.0,0.5
3090.0333,  1.00000000,1,0,0.0,0.5
3090.0667,  1.00000000,1,0,0.0,0.5
3090.1000,  1.00000000,1,0,0.0,0.5
3090.1333,  1.00000000,1,0,0.0,0.5
3090.1667,  1.00000000,1,0,0.0,0.5
3090.2000,  1.00000000,1,0,0.0,0.5
3090.2333,  1.00000000,1,0,0.0,0.5
3090.2667,  1.00000000,1,0,0.0,0.5
3090.3000,  1.00000000,1,0,0.0,0.5
3090.3333,  1.00000000,1,0,0.025000000000000001,0.5
3090.3667,  1.00000000,1,0,0.0,0.5
3090.4000,  1.00000000,1,0,0.0,0.5
3090.4333,  1.00000000,1,0,0.0,0.5
3090.4667,  1.00000000,1,0,0.0,0.5
3090.5000,  1.00000000,1,0,0.0,0.5
3090.5333,  1.00000000,1,0,0.0,0.5
3090.5667,  1.00000000,1,0,0.0,0.5
3090.6000,  1.00000000,1,0,0.0,0.5
3090.6333,  1.00000000,1,0,0.0,0.5
3090.6667,  1.00000000,1,0,0.0,0.5
3090.7000,  1.00000000,1,0,0.0,0.5
3090.7333,  1.00000000,1,0,0.0,0.5
3090.7667,  1.00000000,1,0,0.0,0.5
3090.8000,  1.00000000,1,0,0.0,0.5
3090.8333,  1.00000000,1,0,0.0,0.5
3090.8667,  1.00000000,1,0,0.0,0.5
3090.9000,  1.00000000,1,0,0.0,0.5
3090.9333,  1.00000000,1,0,0.0,0.5
3090.9667,  1.00000000,1,0,0.0,0.5
3091.0000,  1.00000000,1,0,0.0,0.5
3091.0333,  1.00000000,1,0,0.0,0.5
3091.0667,  1.00000000,1,0,0.0,0.5
3091.1000,  1.00000000,1,0,0.0,0.5
3091.1333,  1.00000000,1,0,0.0,0.5
3091.1667,  1.00000000,1,0,0.0,0.5
3091.2000,  1.00000000,1,0,0.0,0.5
3091.2333,  1.00000000,1,0,0.0,0.5
3091.2667,  1.00000000,1,0,0.0,0.5
3091.3000,  1.00000000,1,0,0.0,0.5
3091.3333,  1.00000000,1,0,0.0,0.5
3091.3667,  1.00000000,1,0,0.0,0.5
3091.4000,  1.00000000,1,0,0.0,0.5
3091.4333,  1.00000000,1,0,0.0,0.5
3091.4667,  1.00000000,1,0,0.025000000000000001,0.5
3091.5000,  1.00000000,1,0,0.0,0.5
3091.5333,  1.00000000,1,0,0.0,0.5
3091.5667,  1.00000000,1,0,0.0,0.5
3091.6000,  1.00000000,1,0,0.0,0.5
3091.6333,  1.00000000,1,0,0.0,0.5
3091.6667,  1.00000000,1,0,0.0,0.5
3091.7000,  1.00000000,1,0,0.0,0.5
3091.7333,  1.00000000,1,0,0.0,0.5
3091.7667,  1.00000000,1,0,0.0,0.5
3091.8000,  1.00000000,1,0,0.0,0.5
3091.8333,  1.00000000,1,0,0.0,0.5
3091.8667,  1.00000000,1,0,0.0,0.5
3091.9000,  1.00000000,1,0,0.0,0.5
3091.9333,  1.00000000,1,0,0.0,0.5
3091.9667,  1.00000000,1,0,0.0,0.5
3092.0000,  1.00000000,1,0,0.0,0.5
3092.0333,  1.00000000,1,0,0.0,0.5
3092.0667,  1.00000000,1,0,0.0,0.5
3092.1000,  1.00000000,1,0,0.0,0.5
3092.1333,  1.00000000,1,0,0.0,0.5
3092.1667,  1.00000000,1,0,0.0,0.5
3092.2000,  1.00000000,1,0,0.0,0.5
3092.2333,  1.00000000,1,0,0.0,0.5
3092.2667,  1.00000000,1,0,0.0,0.5
3092.3000,  1.00000000,1,0,0.0,0.5
3092.3333,  1.00000000,1,0,0.0,0.5
3092.3667,  1.00000000,1,0,0.0,0.5
3092.4000,  1.00000000,1,0,0.0,0.5
3092.4333,  1.00000000,1,0,0.0,0.5
3092.4667,  1.00000000,1,0,0.0,0.5
3092.5000,  1.00000000,1,0,0.0,0.5
3092.5333,  1.00000000,1,0,0.0,0.5
3092.5667,  1.00000000,1,0,0.0,0.5
3092.6000,  1.00000000,1,0,0.0,0.5
3092.6333,  1.00000000,1,0,0.0,0.5
3092.6667,  1.00000000,1,0,0.0,0.5
3092.7000,  1.00000000,1,0,0.0,0.5
3092.7333,  1.00000000,1,0,0.0,0.5
3092.7667,  1.00000000,1,0,0.0,0.5
3092.8000,  1.00000000,1,0,0.0,0.5
3092.8333,  1.00000000,1,0,0.0,0.5
3092.8667,  1.00000000,1,0,0.0,0.5
3092.9000,  1.00000000,1,0,0.0,0.5
3092.9333,  1.00000000,1,0,0.0,0.5
3092.9667,  1.00000000,1,0,0.0,0.5
3093.0000,  1.00000000,1,0,0.0,0.5
3093.0333,  1.00000000,1,0,0.0,0.5
3093.0667,  1.00000000,1,0,0.0,0.5
3093.1000,  1.00000000,1,0,0.0,0.5
3093.1333,  1.00000000,1,0,0.0,0.5
3093.1667,  1.00000000,1,0,0.0,0.5
3093.2000,  1.00000000,1,0,0.0,0.5
3093.2333,  1.00000000,1,0,0.0,0.5
3093.2667,  1.00000000,1,0,0.0,0.5
3093.3000,  1.00000000,1,0,0.0,0.5
3093.3333,  1.00000000,1,0,0.0,0.5
3093.3667,  1.00000000,1,0,0.0,0.5
3093.4000,  1.00000000,1,0,0.0,0.5
3093.4333,  1.00000000,1,0,0.0,0.5
3093.4667,  1.00000000,1,0,0.0,0.5
3093.5000,  1.00000000,1,0,0.0,0.5
3093.5333,  1.00000000,1,0,0.0,0.5
3093.5667,  1.00000000,1,0,0.0,0.5
3093.6000,  1.00000000,1,0,0.0,0.5
3093.6333,  1.00000000,1,0,0.0,0.5
3093.6667,  1.00000000,1,0,0.0,0.5
3093.7000,  1.00000000,1,0,0.0,0.5
3093.7333,  1.00000000,1,0,0.0,0.5
3093.7667,  1.00000000,1,0,0.0,0.5
3093.8000,  1.00000000,1,0,0.0,0.5
3093.8333,  1.00000000,1,0,0.0,0.5
3093.8667,  1.00000000,1,0,0.0,0.5
3093.9000,  1.00000000,1,0,0.0,0.5
3093.9333,  1.00000000,1,0,0.0,0.5
3093.9667,  1.00000000,1,0,0.0,0.5
3094.0000,  1.00000000,1,0,0.0,0.5
3094.0333,  1.00000000,1,0,0.0,0.5
3094.0667,  1.00000000,1,0,0.0,0.5
3094.1000,  1.00000000,1,0,0.0,0.5
3094.1333,  1.00000000,1,0,0.0,0.5
3094.1667,  1.00000000,1,0,0.0,0.5
3094.2000,  1.00000000,1,0,0.0,0.5
3094.2333,  1.00000000,1,0,0.0,0.5
3094.2667,  1.00000000,1,0,0.0,0.5
3094.3000,  1.00000000,1,0,0.0,0.5
3094.3333,  1.00000000,1,0,0.0,0.5
3094.3667,  1.00000000,1,0,0.0,0.5
3094.4000,  1.00000000,1,0,0.0,0.5
3094.4333,  1.00000000,1,0,0.0,0.5
3094.4667,  1.00000000,1,0,0.0,0.5
3094.5000,  1.00000000,1,0,0.0,0.5
3094.5333,  1.00000000,1,0,0.0,0.5
3094.5667,  1.00000000,1,0,0.0,0.5
3094.6000,  1.00000000,1,0,0.0,0.5
3094.6333,  1.00000000,1,0,0.0,0.5
3094.6667,  1.00000000,1,0,0.0,0.5
3094.7000,  1.00000000,1,0,0.0,0.5
3094.7333,  1.00000000,1,0,0.0,0.5
3094.7667,  1.00000000,1,0,0.0,0.5
3094.8000,  1.00000000,1,0,0.0,0.5
3094.8333,  1.00000000,1,0,0.0,0.5
3094.8667,  1.00000000,1,0,0.0,0.5
3094.9000,  1.00000000,1,0,0.0,0.5
3094.9333,  1.00000000,1,0,0.0,0.5
3094.9667,  1.00000000,1,0,0.0,0.5
3095.0000,  1.00000000,1,0,0.0,0.5
3095.0333,  1.00000000,1,0,0.0,0.5
3095.0667,  1.00000000,1,0,0.0,0.5
3095.1000,  1.00000000,1,0,0.0,0.5
3095.1333,  1.00000000,1,0,0.0,0.5
3095.1667,  1.00000000,1,0,0.0,0.5
3095.2000,  1.00000000,1,0,0.0,0.5
3095.2333,  1.00000000,1,0,0.0,0.5
3095.2667,  1.00000000,1,0,0.0,0.5
3095.3000,  1.00000000,1,0,0.0,0.5
3095.3333,  1.00000000,1,0,0.0,0.5
3095.3667,  1.00000000,1,0,0.0,0.5
3095.4000,  1.00000000,1,0,0.0,0.5
3095.4333,  1.00000000,1,0,0.0,0.5
3095.4667,  1.00000000,1,0,0.0,0.5
3095.5000,  1.00000000,1,0,0.0,0.5
3095.5333,  1.00000000,1,0,0.025000000000000001,0.5
3095.5667,  1.00000000,1,0,0.0,0.5
3095.6000,  1.00000000,1,0,0.0,0.5
3095.6333,  1.00000000,1,0,0.0,0.5
3095.6667,  1.00000000,1,0,0.0,0.5
3095.7000,  1.00000000,1,0,0.0,0.5
3095.7333,  1.00000000,1,0,0.0,0.5
3095.7667,  1.00000000,1,0,0.0,0.5
3095.8000,  1.00000000,1,0,0.0,0.5
3095.8333,  1.00000000,1,0,0.025000000000000001,0.5
3095.8667,  1.00000000,1,0,0.0,0.5
3095.9000,  1.00000000,1,0,0.0,0.5
3095.9333,  1.00000000,1,0,0.025000000000000001,0.5
3095.9667,  1.00000000,1,0,0.0,0.5
3096.0000,  1.00000000,1,0,0.0,0.5
3096.0333,  1.00000000,1,0,0.0,0.5
3096.0667,  1.00000000,1,0,0.0,0.5
3096.1000,  1.00000000,1,0,0.0,0.5
3096.1333,  1.00000000,1,0,0.0,0.5
3096.1667,  1.00000000,1,0,0.0,0.5
3096.2000,  1.00000000,1,0,0.0,0.5
3096.2333,  1.00000000,1,0,0.0,0.5
3096.2667,  1.00000000,1,0,0.0,0.5
3096.3000,  1.00000000,1,0,0.0,0.5
3096.3333,  1.00000000,1,0,0.0,0.5
3096.3667,  1.00000000,1,0,0.0,0.5
3096.4000,  1.00000000,1,0,0.0,0.5
3096.4333,  1.00000000,1,0,0.0,0.5
3096.4667,  1.00000000,1,0,0.0,0.5
3096.5000,  1.00000000,1,0,0.0,0.5
3096.5333,  1.00000000,1,0,0.0,0.5
3096.5667,  1.00000000,1,0,0.0,0.5
3096.6000,  1.00000000,1,0,0.0,0.5
3096.6333,  1.00000000,1,0,0.0,0.5
3096.6667,  1.00000000,1,0,0.0,0.5
3096.7000,  1.00000000,1,0,0.0,0.5
3096.7333,  1.00000000,1,0,0.0,0.5
3096.7667,  1.00000000,1,0,0.0,0.5
3096.8000,  1.00000000,1,0,0.0,0.5
3096.8333,  1.00000000,1,0,0.0,0.5
3096.8667,  1.00000000,1,0,0.0,0.5
3096.9000,  1.00000000,1,0,0.0,0.5
3096.9333,  1.00000000,1,0,0.0,0.5
3096.9667,  1.00000000,1,0,0.0,0.5
3097.0000,  1.00000000,1,0,0.0,0.5
3097.0333,  1.00000000,1,0,0.0,0.5
3097.0667,  1.00000000,1,0,0.0,0.5
3097.1000,  1.00000000,1,0,0.0,0.5
3097.1333,  1.00000000,1,0,0.0,0.5
3097.1667,  1.00000000,1,0,0.0,0.5
3097.2000,  1.00000000,1,0,0.0,0.5
3097.2333,  1.00000000,1,0,0.025000000000000001,0.5
3097.2667,  1.00000000,1,0,0.0,0.5
3097.3000,  1.00000000,1,0,0.0,0.5
3097.3333,  1.00000000,1,0,0.0,0.5
3097.3667,  1.00000000,1,0,0.0,0.5
3097.4000,  1.00000000,1,0,0.0,0.5
3097.4333,  1.00000000,1,0,0.0,0.5
3097.4667,  1.00000000,1,0,0.0,0.5
3097.5000,  1.00000000,1,0,0.0,0.5
3097.5333,  1.00000000,1,0,0.0,0.5
3097.5667,  1.00000000,1,0,0.0,0.5
3097.6000,  1.00000000,1,0,0.0,0.5
3097.6333,  1.00000000,1,0,0.0,0.5
3097.6667,  1.00000000,1,0,0.0,0.5
3097.7000,  1.00000000,1,0,0.0,0.5
3097.7333,  1.00000000,1,0,0.0,0.5
3097.7667,  1.00000000,1,0,0.0,0.5
3097.8000,  1.00000000,1,0,0.0,0.5
3097.8333,  1.00000000,1,0,0.0,0.5
3097.8667,  1.00000000,1,0,0.0,0.5
3097.9000,  1.00000000,1,0,0.0,0.5
3097.9333,  1.00000000,1,0,0.0,0.5
3097.9667,  1.00000000,1,0,0.0,0.5
3098.0000,  1.00000000,1,0,0.0,0.5
3098.0333,  1.00000000,1,0,0.0,0.5
3098.0667,  1.00000000,1,0,0.0,0.5
3098.1000,  1.00000000,1,0,0.0,0.5
3098.1333,  1.00000000,1,0,0.0,0.5
3098.1667,  1.00000000,1,0,0.0,0.5
3098.2000,  1.00000000,1,0,0.0,0.5
3098.2333,  1.00000000,1,0,0.0,0.5
3098.2667,  1.00000000,1,0,0.0,0.5
3098.3000,  1.00000000,1,0,0.0,0.5
3098.3333,  1.00000000,1,0,0.0,0.5
3098.3667,  1.00000000,1,0,0.0,0.5
3098.4000,  1.00000000,1,0,0.0,0.5
3098.4333,  1.00000000,1,0,0.0,0.5
3098.4667,  1.00000000,1,0,0.0,0.5
3098.5000,  1.00000000,1,0,0.0,0.5
3098.5333,  1.00000000,1,0,0.0,0.5
3098.5667,  1.00000000,1,0,0.0,0.5
3098.6000,  1.00000000,1,0,0.0,0.5
3098.6333,  1.00000000,1,0,0.0,0.5
3098.6667,  1.00000000,1,0,0.0,0.5
3098.7000,  1.00000000,1,0,0.0,0.5
3098.7333,  1.00000000,1,0,0.0,0.5
3098.7667,  1.00000000,1,0,0.0,0.5
3098.8000,  1.00000000,1,0,0.0,0.5
3098.8333,  1.00000000,1,0,0.0,0.5
3098.8667,  1.00000000,1,0,0.0,0.5
3098.9000,  1.00000000,1,0,0.0,0.5
3098.9333,  1.00000000,1,0,0.0,0.5
3098.9667,  1.00000000,1,0,0.0,0.5
3099.0000,  1.00000000,1,0,0.0,0.5
3099.0333,  1.00000000,1,0,0.0,0.5
3099.0667,  1.00000000,1,0,0.0,0.5
3099.1000,  1.00000000,1,0,0.0,0.5
3099.1333,  1.00000000,1,0,0.0,0.5
3099.1667,  1.00000000,1,0,0.0,0.5
3099.2000,  1.00000000,1,0,0.0,0.5
3099.2333,  1.00000000,1,0,0.0,0.5
3099.2667,  1.00000000,1,0,0.0,0.5
3099.3000,  1.00000000,1,0,0.0,0.5
3099.3333,  1.00000000,1,0,0.0,0.5
3099.3667,  1.00000000,1,0,0.0,0.5
3099.4000,  1.00000000,1,0,0.0,0.5
3099.4333,  1.00000000,1,0,0.0,0.5
3099.4667,  1.00000000,1,0,0.0,0.5
3099.5000,  1.00000000,1,0,0.0,0.5
3099.5333,  1.00000000,1,0,0.0,0.5
3099.5667,  1.00000000,1,0,0.0,0.5
3099.6000,  1.00000000,1,0,0.0,0.5
3099.6333,  1.00000000,1,0,0.0,0.5
3099.6667,  1.00000000,1,0,0.0,0.5
3099.7000,  1.00000000,1,0,0.0,0.5
3099.7333,  1.00000000,1,0,0.0,0.5
3099.7667,  1.00000000,1,0,0.0,0.5
3099.8000,  1.00000000,1,0,0.0,0.5
3099.8333,  1.00000000,1,0,0.0,0.5
3099.8667,  1.00000000,1,0,0.025000000000000001,0.5
3099.9000,  1.00000000,1,0,0.0,0.5
3099.9333,  1.00000000,1,0,0.0,0.5
3099.9667,  1.00000000,1,0,0.0,0.5
3100.0000,  1.00000000,1,0,0.0,0.5
3100.0333,  1.00000000,1,0,0.0,0.5
3100.0667,  1.00000000,1,0,0.0,0.5
3100.1000,  1.00000000,1,0,0.0,0.5
3100.1333,  1.00000000,1,0,0.0,0.5
3100.1667,  1.00000000,1,0,0.0,0.5
3100.2000,  1.00000000,1,0,0.0,0.5
3100.2333,  1.00000000,1,0,0.0,0.5
3100.2667,  1.00000000,1,0,0.0,0.5
3100.3000,  1.00000000,1,0,0.0,0.5
3100.3333,  1.00000000,1,0,0.0,0.5
3100.3667,  1.00000000,1,0,0.0,0.5
3100.4000,  1.00000000,1,0,0.0,0.5
3100.4333,  1.00000000,1,0,0.0,0.5
3100.4667,  1.00000000,1,0,0.0,0.5
3100.5000,  1.00000000,1,0,0.0,0.5
3100.5333,  1.00000000,1,0,0.0,0.5
3100.5667,  1.00000000,1,0,0.0,0.5
3100.6000,  1.00000000,1,0,0.0,0.5
3100.6333,  1.00000000,1,0,0.0,0.5
3100.6667,  1.00000000,1,0,0.0,0.5
3100.7000,  1.00000000,1,0,0.0,0.5
3100.7333,  1.00000000,1,0,0.0,0.5
3100.7667,  1.00000000,1,0,0.0,0.5
3100.8000,  1.00000000,1,0,0.0,0.5
3100.8333,  1.00000000,1,0,0.0,0.5
3100.8667,  1.00000000,1,0,0.0,0.5
3100.9000,  1.00000000,1,0,0.0,0.5
3100.9333,  1.00000000,1,0,0.0,0.5
3100.9667,  1.00000000,1,0,0.0,0.5
3101.0000,  1.00000000,1,0,0.0,0.5
3101.0333,  1.00000000,1,0,0.0,0.5
3101.0667,  1.00000000,1,0,0.0,0.5
3101.1000,  1.00000000,1,0,0.0,0.5
3101.1333,  1.00000000,1,0,0.0,0.5
3101.1667,  1.00000000,1,0,0.0,0.5
3101.2000,  1.00000000,1,0,0.0,0.5
3101.2333,  1.00000000,1,0,0.0,0.5
3101.2667,  1.00000000,1,0,0.0,0.5
3101.3000,  1.00000000,1,0,0.0,0.5
3101.3333,  1.00000000,1,0,0.0,0.5
3101.3667,  1.00000000,1,0,0.0,0.5
3101.4000,  1.00000000,1,0,0.0,0.5
3101.4333,  1.00000000,1,0,0.0,0.5
3101.4667,  1.00000000,1,0,0.0,0.5
3101.5000,  1.00000000,1,0,0.0,0.5
3101.5333,  1.00000000,1,0,0.0,0.5
3101.5667,  1.00000000,1,0,0.0,0.5
3101.6000,  1.00000000,1,0,0.0,0.5
3101.6333,  1.00000000,1,0,0.0,0.5
3101.6667,  1.00000000,1,0,0.0,0.5
3101.7000,  1.00000000,1,0,0.0,0.5
3101.7333,  1.00000000,1,0,0.0,0.5
3101.7667,  1.00000000,1,0,0.0,0.5
3101.8000,  1.00000000,1,0,0.0,0.5
3101.8333,  1.00000000,1,0,0.0,0.5
3101.8667,  1.00000000,1,0,0.0,0.5
3101.9000,  1.00000000,1,0,0.0,0.5
3101.9333,  1.00000000,1,0,0.0,0.5
3101.9667,  1.00000000,1,0,0.0,0.5
3102.0000,  1.00000000,1,0,0.0,0.5
3102.0333,  1.00000000,1,0,0.0,0.5
3102.0667,  1.00000000,1,0,0.0,0.5
3102.1000,  1.00000000,1,0,0.0,0.5
3102.1333,  1.00000000,1,0,0.0,0.5
3102.1667,  1.00000000,1,0,0.0,0.5
3102.2000,  1.00000000,1,0,0.0,0.5
3102.2333,  1.00000000,1,0,0.0,0.5
3102.2667,  1.00000000,1,0,0.0,0.5
3102.3000,  1.00000000,1,0,0.0,0.5
3102.3333,  1.00000000,1,0,0.0,0.5
3102.3667,  1.00000000,1,0,0.0,0.5
3102.4000,  1.00000000,1,0,0.0,0.5
3102.4333,  1.00000000,1,0,0.0,0.5
3102.4667,  1.00000000,1,0,0.0,0.5
3102.5000,  1.00000000,1,0,0.0,0.5
3102.5333,  1.00000000,1,0,0.0,0.5
3102.5667,  1.00000000,1,0,0.0,0.5
3102.6000,  1.00000000,1,0,0.0,0.5
3102.6333,  1.00000000,1,0,0.0,0.5
3102.6667,  1.00000000,1,0,0.0,0.5
3102.7000,  1.00000000,1,0,0.0,0.5
3102.7333,  1.00000000,1,0,0.0,0.5
3102.7667,  1.00000000,1,0,0.0,0.5
3102.8000,  1.00000000,1,0,0.0,0.5
3102.8333,  1.00000000,1,0,0.0,0.5
3102.8667,  1.00000000,1,0,0.0,0.5
3102.9000,  1.00000000,1,0,0.0,0.5
3102.9333,  1.00000000,1,0,0.0,0.5
3102.9667,  1.00000000,1,0,0.0,0.5
3103.0000,  1.00000000,1,0,0.0,0.5
3103.0333,  1.00000000,1,0,0.0,0.5
3103.0667,  1.00000000,1,0,0.0,0.5
3103.1000,  1.00000000,1,0,0.0,0.5
3103.1333,  1.00000000,1,0,0.0,0.5
3103.1667,  1.00000000,1,0,0.0,0.5
3103.2000,  1.00000000,1,0,0.0,0.5
3103.2333,  1.00000000,1,0,0.0,0.5
3103.2667,  1.00000000,1,0,0.0,0.5
3103.3000,  1.00000000,1,0,0.0,0.5
3103.3333,  1.00000000,1,0,0.0,0.5
3103.3667,  1.00000000,1,0,0.0,0.5
3103.4000,  1.00000000,1,0,0.0,0.5
3103.4333,  1.00000000,1,0,0.0,0.5
3103.4667,  1.00000000,1,0,0.0,0.5
3103.5000,  1.00000000,1,0,0.0,0.5
3103.5333,  1.00000000,1,0,0.0,0.5
3103.5667,  1.00000000,1,0,0.0,0.5
3103.6000,  1.00000000,1,0,0.025000000000000001,0.5
3103.6333,  1.00000000,1,0,0.0,0.5
3103.6667,  1.00000000,1,0,0.0,0.5
3103.7000,  1.00000000,1,0,0.0,0.5
3103.7333,  1.00000000,1,0,0.0,0.5
3103.7667,  1.00000000,1,0,0.0,0.5
3103.8000,  1.00000000,1,0,0.0,0.5
3103.8333,  1.00000000,1,0,0.0,0.5
3103.8667,  1.00000000,1,0,0.0,0.5
3103.9000,  1.00000000,1,0,0.0,0.5
3103.9333,  1.00000000,1,0,0.0,0.5
3103.9667,  1.00000000,1,0,0.0,0.5
3104.0000,  1.00000000,1,0,0.0,0.5
3104.0333,  1.00000000,1,0,0.0,0.5
3104.0667,  1.00000000,1,0,0.0,0.5
3104.1000,  1.00000000,1,0,0.0,0.5
3104.1333,  1.00000000,1,0,0.0,0.5
3104.1667,  1.00000000,1,0,0.0,0.5
3104.2000,  1.00000000,1,0,0.0,0.5
3104.2333,  1.00000000,1,0,0.0,0.5
3104.2667,  1.00000000,1,0,0.0,0.5
3104.3000,  1.00000000,1,0,0.0,0.5
3104.3333,  1.00000000,1,0,0.0,0.5
3104.3667,  1.00000000,1,0,0.0,0.5
3104.4000,  1.00000000,1,0,0.0,0.5
3104.4333,  1.00000000,1,0,0.0,0.5
3104.4667,  1.00000000,1,0,0.0,0.5
3104.5000,  1.00000000,1,0,0.0,0.5
3104.5333,  1.00000000,1,0,0.0,0.5
3104.5667,  1.00000000,1,0,0.0,0.5
3104.6000,  1.00000000,1,0,0.0,0.5
3104.6333,  1.00000000,1,0,0.0,0.5
3104.6667,  1.00000000,1,0,0.0,0.5
3104.7000,  1.00000000,1,0,0.0,0.5
3104.7333,  1.00000000,1,0,0.0,0.5
3104.7667,  1.00000000,1,0,0.0,0.5
3104.8000,  1.00000000,1,0,0.0,0.5
3104.8333,  1.00000000,1,0,0.0,0.5
3104.8667,  1.00000000,1,0,0.0,0.5
3104.9000,  1.00000000,1,0,0.0,0.5
3104.9333,  1.00000000,1,0,0.0,0.5
3104.9667,  1.00000000,1,0,0.0,0.5
3105.0000,  1.00000000,1,0,0.0,0.5
3105.0333,  1.00000000,1,0,0.025000000000000001,0.5
3105.0667,  1.00000000,1,0,0.0,0.5
3105.1000,  1.00000000,1,0,0.0,0.5
3105.1333,  1.00000000,1,0,0.0,0.5
3105.1667,  1.00000000,1,0,0.0,0.5
3105.2000,  1.00000000,1,0,0.0,0.5
3105.2333,  1.00000000,1,0,0.0,0.5
3105.2667,  1.00000000,1,0,0.0,0.5
3105.3000,  1.00000000,1,0,0.0,0.5
3105.3333,  1.00000000,1,0,0.0,0.5
3105.3667,  1.00000000,1,0,0.0,0.5
3105.4000,  1.00000000,1,0,0.0,0.5
3105.4333,  1.00000000,1,0,0.0,0.5
3105.4667,  1.00000000,1,0,0.0,0.5
3105.5000,  1.00000000,1,0,0.0,0.5
3105.5333,  1.00000000,1,0,0.0,0.5
3105.5667,  1.00000000,1,0,0.0,0.5
3105.6000,  1.00000000,1,0,0.0,0.5
3105.6333,  1.00000000,1,0,0.0,0.5
3105.6667,  1.00000000,1,0,0.0,0.5
3105.7000,  1.00000000,1,0,0.0,0.5
3105.7333,  1.00000000,1,0,0.0,0.5
3105.7667,  1.00000000,1,0,0.0,0.5
3105.8000,  1.00000000,1,0,0.0,0.5
3105.8333,  1.00000000,1,0,0.0,0.5
3105.8667,  1.00000000,1,0,0.0,0.5
3105.9000,  1.00000000,1,0,0.0,0.5
3105.9333,  1.00000000,1,0,0.0,0.5
3105.9667,  1.00000000,1,0,0.0,0.5
3106.0000,  1.00000000,1,0,0.0,0.5
3106.0333,  1.00000000,1,0,0.0,0.5
3106.0667,  1.00000000,1,0,0.025000000000000001,0.5
3106.1000,  1.00000000,1,0,0.0,0.5
3106.1333,  1.00000000,1,0,0.0,0.5
3106.1667,  1.00000000,1,0,0.0,0.5
3106.2000,  1.00000000,1,0,0.0,0.5
3106.2333,  1.00000000,1,0,0.0,0.5
3106.2667,  1.00000000,1,0,0.0,0.5
3106.3000,  1.00000000,1,0,0.0,0.5
3106.3333,  1.00000000,1,0,0.0,0.5
3106.3667,  1.00000000,1,0,0.0,0.5
3106.4000,  1.00000000,1,0,0.0,0.5
3106.4333,  1.00000000,1,0,0.0,0.5
3106.4667,  1.00000000,1,0,0.0,0.5
3106.5000,  1.00000000,1,0,0.0,0.5
3106.5333,  1.00000000,1,0,0.0,0.5
3106.5667,  1.00000000,1,0,0.0,0.5
3106.6000,  1.00000000,1,0,0.025000000000000001,0.5
3106.6333,  1.00000000,1,0,0.0,0.5
3106.6667,  1.00000000,1,0,0.0,0.5
3106.7000,  1.00000000,1,0,0.0,0.5
3106.7333,  1.00000000,1,0,0.0,0.5
3106.7667,  1.00000000,1,0,0.0,0.5
3106.8000,  1.00000000,1,0,0.0,0.5
3106.8333,  1.00000000,1,0,0.0,0.5
3106.8667,  1.00000000,1,0,0.0,0.5
3106.9000,  1.00000000,1,0,0.0,0.5
3106.9333,  1.00000000,1,0,0.0,0.5
3106.9667,  1.00000000,1,0,0.0,0.5
3107.0000,  1.00000000,1,0,0.0,0.5
3107.0333,  1.00000000,1,0,0.0,0.5
3107.0667,  1.00000000,1,0,0.0,0.5
3107.1000,  1.00000000,1,0,0.0,0.5
3107.1333,  1.00000000,1,0,0.0,0.5
3107.1667,  1.00000000,1,0,0.0,0.5
3107.2000,  1.00000000,1,0,0.0,0.5
3107.2333,  1.00000000,1,0,0.0,0.5
3107.2667,  1.00000000,1,0,0.025000000000000001,0.5
3107.3000,  1.00000000,1,0,0.0,0.5
3107.3333,  1.00000000,1,0,0.0,0.5
3107.3667,  1.00000000,1,0,0.0,0.5
3107.4000,  1.00000000,1,0,0.0,0.5
3107.4333,  1.00000000,1,0,0.025000000000000001,0.5
3107.4667,  1.00000000,1,0,0.0,0.5
3107.5000,  1.00000000,1,0,0.0,0.5
3107.5333,  1.00000000,1,0,0.0,0.5
3107.5667,  1.00000000,1,0,0.0,0.5
3107.6000,  1.00000000,1,0,0.0,0.5
3107.6333,  1.00000000,1,0,0.0,0.5
3107.6667,  1.00000000,1,0,0.0,0.5
3107.7000,  1.00000000,1,0,0.0,0.5
3107.7333,  1.00000000,1,0,0.0,0.5
3107.7667,  1.00000000,1,0,0.0,0.5
3107.8000,  1.00000000,1,0,0.0,0.5
3107.8333,  1.00000000,1,0,0.0,0.5
3107.8667,  1.00000000,1,0,0.0,0.5
3107.9000,  1.00000000,1,0,0.0,0.5
3107.9333,  1.00000000,1,0,0.0,0.5
3107.9667,  1.00000000,1,0,0.0,0.5
3108.0000,  1.00000000,1,0,0.0,0.5
3108.0333,  1.00000000,1,0,0.0,0.5
3108.0667,  1.00000000,1,0,0.0,0.5
3108.1000,  1.00000000,1,0,0.0,0.5
3108.1333,  1.00000000,1,0,0.0,0.5
3108.1667,  1.00000000,1,0,0.0,0.5
3108.2000,  1.00000000,1,0,0.0,0.5
3108.2333,  1.00000000,1,0,0.0,0.5
3108.2667,  1.00000000,1,0,0.0,0.5
3108.3000,  1.00000000,1,0,0.0,0.5
3108.3333,  1.00000000,1,0,0.0,0.5
3108.3667,  1.00000000,1,0,0.0,0.5
3108.4000,  1.00000000,1,0,0.0,0.5
3108.4333,  1.00000000,1,0,0.0,0.5
3108.4667,  1.00000000,1,0,0.0,0.5
3108.5000,  1.00000000,1,0,0.0,0.5
3108.5333,  1.00000000,1,0,0.0,0.5
3108.5667,  1.00000000,1,0,0.0,0.5
3108.6000,  1.00000000,1,0,0.0,0.5
3108.6333,  1.00000000,1,0,0.0,0.5
3108.6667,  1.00000000,1,0,0.0,0.5
3108.7000,  1.00000000,1,0,0.0,0.5
3108.7333,  1.00000000,1,0,0.0,0.5
3108.7667,  1.00000000,1,0,0.0,0.5
3108.8000,  1.00000000,1,0,0.0,0.5
3108.8333,  1.00000000,1,0,0.0,0.5
3108.8667,  1.00000000,1,0,0.0,0.5
3108.9000,  1.00000000,1,0,0.0,0.5
3108.9333,  1.00000000,1,0,0.0,0.5
3108.9667,  1.00000000,1,0,0.0,0.5
3109.0000,  1.00000000,1,0,0.0,0.5
3109.0333,  1.00000000,1,0,0.0,0.5
3109.0667,  1.00000000,1,0,0.0,0.5
3109.1000,  1.00000000,1,0,0.0,0.5
3109.1333,  1.00000000,1,0,0.0,0.5
3109.1667,  1.00000000,1,0,0.0,0.5
3109.2000,  1.00000000,1,0,0.0,0.5
3109.2333,  1.00000000,1,0,0.0,0.5
3109.2667,  1.00000000,1,0,0.0,0.5
3109.3000,  1.00000000,1,0,0.0,0.5
3109.3333,  1.00000000,1,0,0.0,0.5
3109.3667,  1.00000000,1,0,0.025000000000000001,0.5
3109.4000,  1.00000000,1,0,0.0,0.5
3109.4333,  1.00000000,1,0,0.0,0.5
3109.4667,  1.00000000,1,0,0.0,0.5
3109.5000,  1.00000000,1,0,0.0,0.5
3109.5333,  1.00000000,1,0,0.0,0.5
3109.5667,  1.00000000,1,0,0.0,0.5
3109.6000,  1.00000000,1,0,0.0,0.5
3109.6333,  1.00000000,1,0,0.0,0.5
3109.6667,  1.00000000,1,0,0.0,0.5
3109.7000,  1.00000000,1,0,0.0,0.5
3109.7333,  1.00000000,1,0,0.0,0.5
3109.7667,  1.00000000,1,0,0.0,0.5
3109.8000,  1.00000000,1,0,0.0,0.5
3109.8333,  1.00000000,1,0,0.0,0.5
3109.8667,  1.00000000,1,0,0.0,0.5
3109.9000,  1.00000000,1,0,0.0,0.5
3109.9333,  1.00000000,1,0,0.0,0.5
3109.9667,  1.00000000,1,0,0.0,0.5
3110.0000,  1.00000000,1,0,0.0,0.5
3110.0333,  1.00000000,1,0,0.0,0.5
3110.0667,  1.00000000,1,0,0.0,0.5
3110.1000,  1.00000000,1,0,0.0,0.5
3110.1333,  1.00000000,1,0,0.0,0.5
3110.1667,  1.00000000,1,0,0.0,0.5
3110.2000,  1.00000000,1,0,0.0,0.5
3110.2333,  1.00000000,1,0,0.0,0.5
3110.2667,  1.00000000,1,0,0.0,0.5
3110.3000,  1.00000000,1,0,0.0,0.5
3110.3333,  1.00000000,1,0,0.0,0.5
3110.3667,  1.00000000,1,0,0.0,0.5
3110.4000,  1.00000000,1,0,0.0,0.5
3110.4333,  1.00000000,1,0,0.0,0.5
3110.4667,  1.00000000,1,0,0.0,0.5
3110.5000,  1.00000000,1,0,0.0,0.5
3110.5333,  1.00000000,1,0,0.0,0.5
3110.5667,  1.00000000,1,0,0.0,0.5
3110.6000,  1.00000000,1,0,0.0,0.5
3110.6333,  1.00000000,1,0,0.0,0.5
3110.6667,  1.00000000,1,0,0.0,0.5
3110.7000,  1.00000000,1,0,0.0,0.5
3110.7333,  1.00000000,1,0,0.0,0.5
3110.7667,  1.00000000,1,0,0.0,0.5
3110.8000,  1.00000000,1,0,0.0,0.5
3110.8333,  1.00000000,1,0,0.0,0.5
3110.8667,  1.00000000,1,0,0.0,0.5
3110.9000,  1.00000000,1,0,0.0,0.5
3110.9333,  1.00000000,1,0,0.0,0.5
3110.9667,  1.00000000,1,0,0.0,0.5
3111.0000,  1.00000000,1,0,0.025000000000000001,0.5
3111.0333,  1.00000000,1,0,0.0,0.5
3111.0667,  1.00000000,1,0,0.0,0.5
3111.1000,  1.00000000,1,0,0.025000000000000001,0.5
3111.1333,  1.00000000,1,0,0.0,0.5
3111.1667,  1.00000000,1,0,0.0,0.5
3111.2000,  1.00000000,1,0,0.0,0.5
3111.2333,  1.00000000,1,0,0.0,0.5
3111.2667,  1.00000000,1,0,0.0,0.5
3111.3000,  1.00000000,1,0,0.0,0.5
3111.3333,  1.00000000,1,0,0.0,0.5
3111.3667,  1.00000000,1,0,0.0,0.5
3111.4000,  1.00000000,1,0,0.0,0.5
3111.4333,  1.00000000,1,0,0.0,0.5
3111.4667,  1.00000000,1,0,0.0,0.5
3111.5000,  1.00000000,1,0,0.0,0.5
3111.5333,  1.00000000,1,0,0.0,0.5
3111.5667,  1.00000000,1,0,0.0,0.5
3111.6000,  1.00000000,1,0,0.0,0.5
3111.6333,  1.00000000,1,0,0.0,0.5
3111.6667,  1.00000000,1,0,0.0,0.5
3111.7000,  1.00000000,1,0,0.0,0.5
3111.7333,  1.00000000,1,0,0.0,0.5
3111.7667,  1.00000000,1,0,0.0,0.5
3111.8000,  1.00000000,1,0,0.0,0.5
3111.8333,  1.00000000,1,0,0.0,0.5
3111.8667,  1.00000000,1,0,0.0,0.5
3111.9000,  1.00000000,1,0,0.0,0.5
3111.9333,  1.00000000,1,0,0.0,0.5
3111.9667,  1.00000000,1,0,0.0,0.5
3112.0000,  1.00000000,1,0,0.0,0.5
3112.0333,  1.00000000,1,0,0.0,0.5
3112.0667,  1.00000000,1,0,0.0,0.5
3112.1000,  1.00000000,1,0,0.0,0.5
3112.1333,  1.00000000,1,0,0.0,0.5
3112.1667,  1.00000000,1,0,0.0,0.5
3112.2000,  1.00000000,1,0,0.0,0.5
3112.2333,  1.00000000,1,0,0.0,0.5
3112.2667,  1.00000000,1,0,0.0,0.5
3112.3000,  1.00000000,1,0,0.0,0.5
3112.3333,  1.00000000,1,0,0.0,0.5
3112.3667,  1.00000000,1,0,0.0,0.5
3112.4000,  1.00000000,1,0,0.0,0.5
3112.4333,  1.00000000,1,0,0.0,0.5
3112.4667,  1.00000000,1,0,0.0,0.5
3112.5000,  1.00000000,1,0,0.0,0.5
3112.5333,  1.00000000,1,0,0.0,0.5
3112.5667,  1.00000000,1,0,0.0,0.5
3112.6000,  1.00000000,1,0,0.0,0.5
3112.6333,  1.00000000,1,0,0.0,0.5
3112.6667,  1.00000000,1,0,0.0,0.5
3112.7000,  1.00000000,1,0,0.0,0.5
3112.7333,  1.00000000,1,0,0.0,0.5
3112.7667,  1.00000000,1,0,0.0,0.5
3112.8000,  1.00000000,1,0,0.0,0.5
3112.8333,  1.00000000,1,0,0.0,0.5
3112.8667,  1.00000000,1,0,0.0,0.5
3112.9000,  1.00000000,1,0,0.0,0.5
3112.9333,  1.00000000,1,0,0.0,0.5
3112.9667,  1.00000000,1,0,0.0,0.5
3113.0000,  1.00000000,1,0,0.0,0.5
3113.0333,  1.00000000,1,0,0.0,0.5
3113.0667,  1.00000000,1,0,0.0,0.5
3113.1000,  1.00000000,1,0,0.0,0.5
3113.1333,  1.00000000,1,0,0.0,0.5
3113.1667,  1.00000000,1,0,0.0,0.5
3113.2000,  1.00000000,1,0,0.0,0.5
3113.2333,  1.00000000,1,0,0.0,0.5
3113.2667,  1.00000000,1,0,0.0,0.5
3113.3000,  1.00000000,1,0,0.0,0.5
3113.3333,  1.00000000,1,0,0.0,0.5
3113.3667,  1.00000000,1,0,0.0,0.5
3113.4000,  1.00000000,1,0,0.0,0.5
3113.4333,  1.00000000,1,0,0.0,0.5
3113.4667,  1.00000000,1,0,0.0,0.5
3113.5000,  1.00000000,1,0,0.0,0.5
3113.5333,  1.00000000,1,0,0.0,0.5
3113.5667,  1.00000000,1,0,0.0,0.5
3113.6000,  1.00000000,1,0,0.0,0.5
3113.6333,  1.00000000,1,0,0.0,0.5
3113.6667,  1.00000000,1,0,0.0,0.5
3113.7000,  1.00000000,1,0,0.0,0.5
3113.7333,  1.00000000,1,0,0.0,0.5
3113.7667,  1.00000000,1,0,0.0,0.5
3113.8000,  1.00000000,1,0,0.0,0.5
3113.8333,  1.00000000,1,0,0.0,0.5
3113.8667,  1.00000000,1,0,0.0,0.5
3113.9000,  1.00000000,1,0,0.0,0.5
3113.9333,  1.00000000,1,0,0.0,0.5
3113.9667,  1.00000000,1,0,0.0,0.5
3114.0000,  1.00000000,1,0,0.0,0.5
3114.0333,  1.00000000,1,0,0.0,0.5
3114.0667,  1.00000000,1,0,0.0,0.5
3114.1000,  1.00000000,1,0,0.0,0.5
3114.1333,  1.00000000,1,0,0.0,0.5
3114.1667,  1.00000000,1,0,0.0,0.5
3114.2000,  1.00000000,1,0,0.0,0.5
3114.2333,  1.00000000,1,0,0.0,0.5
3114.2667,  1.00000000,1,0,0.025000000000000001,0.5
3114.3000,  1.00000000,1,0,0.0,0.5
3114.3333,  1.00000000,1,0,0.0,0.5
3114.3667,  1.00000000,1,0,0.0,0.5
3114.4000,  1.00000000,1,0,0.0,0.5
3114.4333,  1.00000000,1,0,0.0,0.5
3114.4667,  1.00000000,1,0,0.0,0.5
3114.5000,  1.00000000,1,0,0.0,0.5
3114.5333,  1.00000000,1,0,0.0,0.5
3114.5667,  1.00000000,1,0,0.0,0.5
3114.6000,  1.00000000,1,0,0.0,0.5
3114.6333,  1.00000000,1,0,0.0,0.5
3114.6667,  1.00000000,1,0,0.0,0.5
3114.7000,  1.00000000,1,0,0.0,0.5
3114.7333,  1.00000000,1,0,0.0,0.5
3114.7667,  1.00000000,1,0,0.0,0.5
3114.8000,  1.00000000,1,0,0.0,0.5
3114.8333,  1.00000000,1,0,0.0,0.5
3114.8667,  1.00000000,1,0,0.0,0.5
3114.9000,  1.00000000,1,0,0.0,0.5
3114.9333,  1.00000000,1,0,0.0,0.5
3114.9667,  1.00000000,1,0,0.0,0.5
3115.0000,  1.00000000,1,0,0.0,0.5
3115.0333,  1.00000000,1,0,0.0,0.5
3115.0667,  1.00000000,1,0,0.0,0.5
3115.1000,  1.00000000,1,0,0.0,0.5
3115.1333,  1.00000000,1,0,0.0,0.5
3115.1667,  1.00000000,1,0,0.0,0.5
3115.2000,  1.00000000,1,0,0.0,0.5
3115.2333,  1.00000000,1,0,0.0,0.5
3115.2667,  1.00000000,1,0,0.0,0.5
3115.3000,  1.00000000,1,0,0.0,0.5
3115.3333,  1.00000000,1,0,0.0,0.5
3115.3667,  1.00000000,1,0,0.0,0.5
3115.4000,  1.00000000,1,0,0.0,0.5
3115.4333,  1.00000000,1,0,0.025000000000000001,0.5
3115.4667,  1.00000000,1,0,0.0,0.5
3115.5000,  1.00000000,1,0,0.0,0.5
3115.5333,  1.00000000,1,0,0.0,0.5
3115.5667,  1.00000000,1,0,0.0,0.5
3115.6000,  1.00000000,1,0,0.0,0.5
3115.6333,  1.00000000,1,0,0.0,0.5
3115.6667,  1.00000000,1,0,0.0,0.5
3115.7000,  1.00000000,1,0,0.0,0.5
3115.7333,  1.00000000,1,0,0.0,0.5
3115.7667,  1.00000000,1,0,0.0,0.5
3115.8000,  1.00000000,1,0,0.0,0.5
3115.8333,  1.00000000,1,0,0.0,0.5
3115.8667,  1.00000000,1,0,0.0,0.5
3115.9000,  1.00000000,1,0,0.0,0.5
3115.9333,  1.00000000,1,0,0.0,0.5
3115.9667,  1.00000000,1,0,0.0,0.5
3116.0000,  1.00000000,1,0,0.0,0.5
3116.0333,  1.00000000,1,0,0.0,0.5
3116.0667,  1.00000000,1,0,0.0,0.5
3116.1000,  1.00000000,1,0,0.0,0.5
3116.1333,  1.00000000,1,0,0.0,0.5
3116.1667,  1.00000000,1,0,0.0,0.5
3116.2000,  1.00000000,1,0,0.0,0.5
3116.2333,  1.00000000,1,0,0.0,0.5
3116.2667,  1.00000000,1,0,0.0,0.5
3116.3000,  1.00000000,1,0,0.0,0.5
3116.3333,  1.00000000,1,0,0.0,0.5
3116.3667,  1.00000000,1,0,0.0,0.5
3116.4000,  1.00000000,1,0,0.0,0.5
3116.4333,  1.00000000,1,0,0.0,0.5
3116.4667,  1.00000000,1,0,0.0,0.5
3116.5000,  1.00000000,1,0,0.0,0.5
3116.5333,  1.00000000,1,0,0.0,0.5
3116.5667,  1.00000000,1,0,0.0,0.5
3116.6000,  1.00000000,1,0,0.0,0.5
3116.6333,  1.00000000,1,0,0.0,0.5
3116.6667,  1.00000000,1,0,0.0,0.5
3116.7000,  1.00000000,1,0,0.0,0.5
3116.7333,  1.00000000,1,0,0.0,0.5
3116.7667,  1.00000000,1,0,0.0,0.5
3116.8000,  1.00000000,1,0,0.0,0.5
3116.8333,  1.00000000,1,0,0.0,0.5
3116.8667,  1.00000000,1,0,0.0,0.5
3116.9000,  1.00000000,1,0,0.0,0.5
3116.9333,  1.00000000,1,0,0.0,0.5
3116.9667,  1.00000000,1,0,0.0,0.5
3117.0000,  1.00000000,1,0,0.0,0.5
3117.0333,  1.00000000,1,0,0.0,0.5
3117.0667,  1.00000000,1,0,0.0,0.5
3117.1000,  1.00000000,1,0,0.0,0.5
3117.1333,  1.00000000,1,0,0.0,0.5
3117.1667,  1.00000000,1,0,0.0,0.5
3117.2000,  1.00000000,1,0,0.0,0.5
3117.2333,  1.00000000,1,0,0.0,0.5
3117.2667,  1.00000000,1,0,0.0,0.5
3117.3000,  1.00000000,1,0,0.0,0.5
3117.3333,  1.00000000,1,0,0.0,0.5
3117.3667,  1.00000000,1,0,0.0,0.5
3117.4000,  1.00000000,1,0,0.0,0.5
3117.4333,  1.00000000,1,0,0.0,0.5
3117.4667,  1.00000000,1,0,0.0,0.5
3117.5000,  1.00000000,1,0,0.0,0.5
3117.5333,  1.00000000,1,0,0.0,0.5
3117.5667,  1.00000000,1,0,0.0,0.5
3117.6000,  1.00000000,1,0,0.0,0.5
3117.6333,  1.00000000,1,0,0.0,0.5
3117.6667,  1.00000000,1,0,0.0,0.5
3117.7000,  1.00000000,1,0,0.0,0.5
3117.7333,  1.00000000,1,0,0.0,0.5
3117.7667,  1.00000000,1,0,0.0,0.5
3117.8000,  1.00000000,1,0,0.0,0.5
3117.8333,  1.00000000,1,0,0.0,0.5
3117.8667,  1.00000000,1,0,0.0,0.5
3117.9000,  1.00000000,1,0,0.0,0.5
3117.9333,  1.00000000,1,0,0.0,0.5
3117.9667,  1.00000000,1,0,0.025000000000000001,0.5
3118.0000,  1.00000000,1,0,0.0,0.5
3118.0333,  1.00000000,1,0,0.0,0.5
3118.0667,  1.00000000,1,0,0.0,0.5
3118.1000,  1.00000000,1,0,0.0,0.5
3118.1333,  1.00000000,1,0,0.0,0.5
3118.1667,  1.00000000,1,0,0.0,0.5
3118.2000,  1.00000000,1,0,0.0,0.5
3118.2333,  1.00000000,1,0,0.0,0.5
3118.2667,  1.00000000,1,0,0.0,0.5
3118.3000,  1.00000000,1,0,0.0,0.5
3118.3333,  1.00000000,1,0,0.0,0.5
3118.3667,  1.00000000,1,0,0.0,0.5
3118.4000,  1.00000000,1,0,0.0,0.5
3118.4333,  1.00000000,1,0,0.0,0.5
3118.4667,  1.00000000,1,0,0.0,0.5
3118.5000,  1.00000000,1,0,0.0,0.5
3118.5333,  1.00000000,1,0,0.0,0.5
3118.5667,  1.00000000,1,0,0.0,0.5
3118.6000,  1.00000000,1,0,0.025000000000000001,0.5
3118.6333,  1.00000000,1,0,0.0,0.5
3118.6667,  1.00000000,1,0,0.0,0.5
3118.7000,  1.00000000,1,0,0.0,0.5
3118.7333,  1.00000000,1,0,0.0,0.5
3118.7667,  1.00000000,1,0,0.0,0.5
3118.8000,  1.00000000,1,0,0.0,0.5
3118.8333,  1.00000000,1,0,0.0,0.5
3118.8667,  1.00000000,1,0,0.0,0.5
3118.9000,  1.00000000,1,0,0.0,0.5
3118.9333,  1.00000000,1,0,0.0,0.5
3118.9667,  1.00000000,1,0,0.0,0.5
3119.0000,  1.00000000,1,0,0.0,0.5
3119.0333,  1.00000000,1,0,0.0,0.5
3119.0667,  1.00000000,1,0,0.0,0.5
3119.1000,  1.00000000,1,0,0.0,0.5
3119.1333,  1.00000000,1,0,0.0,0.5
3119.1667,  1.00000000,1,0,0.0,0.5
3119.2000,  1.00000000,1,0,0.0,0.5
3119.2333,  1.00000000,1,0,0.0,0.5
3119.2667,  1.00000000,1,0,0.0,0.5
3119.3000,  1.00000000,1,0,0.0,0.5
3119.3333,  1.00000000,1,0,0.0,0.5
3119.3667,  1.00000000,1,0,0.0,0.5
3119.4000,  1.00000000,1,0,0.0,0.5
3119.4333,  1.00000000,1,0,0.0,0.5
3119.4667,  1.00000000,1,0,0.0,0.5
3119.5000,  1.00000000,1,0,0.0,0.5
3119.5333,  1.00000000,1,0,0.0,0.5
3119.5667,  1.00000000,1,0,0.0,0.5
3119.6000,  1.00000000,1,0,0.0,0.5
3119.6333,  1.00000000,1,0,0.0,0.5
3119.6667,  1.00000000,1,0,0.0,0.5
3119.7000,  1.00000000,1,0,0.0,0.5
3119.7333,  1.00000000,1,0,0.0,0.5
3119.7667,  1.00000000,1,0,0.0,0.5
3119.8000,  1.00000000,1,0,0.0,0.5
3119.8333,  1.00000000,1,0,0.0,0.5
3119.8667,  1.00000000,1,0,0.0,0.5
3119.9000,  1.00000000,1,0,0.0,0.5
3119.9333,  1.00000000,1,0,0.0,0.5
3119.9667,  1.00000000,1,0,0.0,0.5
3120.0000,  1.00000000,1,0,0.0,0.5
3120.0333,  1.00000000,1,0,0.0,0.5
3120.0667,  1.00000000,1,0,0.0,0.5
3120.1000,  1.00000000,1,0,0.0,0.5
3120.1333,  1.00000000,1,0,0.0,0.5
3120.1667,  1.00000000,1,0,0.0,0.5
3120.2000,  1.00000000,1,0,0.0,0.5
3120.2333,  1.00000000,1,0,0.0,0.5
3120.2667,  1.00000000,1,0,0.0,0.5
3120.3000,  1.00000000,1,0,0.0,0.5
3120.3333,  1.00000000,1,0,0.0,0.5
3120.3667,  1.00000000,1,0,0.0,0.5
3120.4000,  1.00000000,1,0,0.0,0.5
3120.4333,  1.00000000,1,0,0.0,0.5
3120.4667,  1.00000000,1,0,0.0,0.5
3120.5000,  1.00000000,1,0,0.0,0.5
3120.5333,  1.00000000,1,0,0.0,0.5
3120.5667,  1.00000000,1,0,0.0,0.5
3120.6000,  1.00000000,1,0,0.0,0.5
3120.6333,  1.00000000,1,0,0.0,0.5
3120.6667,  1.00000000,1,0,0.0,0.5
3120.7000,  1.00000000,1,0,0.0,0.5
3120.7333,  1.00000000,1,0,0.0,0.5
3120.7667,  1.00000000,1,0,0.0,0.5
3120.8000,  1.00000000,1,0,0.0,0.5
3120.8333,  1.00000000,1,0,0.0,0.5
3120.8667,  1.00000000,1,0,0.0,0.5
3120.9000,  1.00000000,1,0,0.0,0.5
3120.9333,  1.00000000,1,0,0.0,0.5
3120.9667,  1.00000000,1,0,0.0,0.5
3121.0000,  1.00000000,1,0,0.0,0.5
3121.0333,  1.00000000,1,0,0.0,0.5
3121.0667,  1.00000000,1,0,0.0,0.5
3121.1000,  1.00000000,1,0,0.0,0.5
3121.1333,  1.00000000,1,0,0.0,0.5
3121.1667,  1.00000000,1,0,0.0,0.5
3121.2000,  1.00000000,1,0,0.0,0.5
3121.2333,  1.00000000,1,0,0.0,0.5
3121.2667,  1.00000000,1,0,0.0,0.5
3121.3000,  1.00000000,1,0,0.0,0.5
3121.3333,  1.00000000,1,0,0.0,0.5
3121.3667,  1.00000000,1,0,0.0,0.5
3121.4000,  1.00000000,1,0,0.0,0.5
3121.4333,  1.00000000,1,0,0.0,0.5
3121.4667,  1.00000000,1,0,0.0,0.5
3121.5000,  1.00000000,1,0,0.0,0.5
3121.5333,  1.00000000,1,0,0.0,0.5
3121.5667,  1.00000000,1,0,0.0,0.5
3121.6000,  1.00000000,1,0,0.0,0.5
3121.6333,  1.00000000,1,0,0.0,0.5
3121.6667,  1.00000000,1,0,0.0,0.5
3121.7000,  1.00000000,1,0,0.0,0.5
3121.7333,  1.00000000,1,0,0.0,0.5
3121.7667,  1.00000000,1,0,0.0,0.5
3121.8000,  1.00000000,1,0,0.0,0.5
3121.8333,  1.00000000,1,0,0.0,0.5
3121.8667,  1.00000000,1,0,0.0,0.5
3121.9000,  1.00000000,1,0,0.0,0.5
3121.9333,  1.00000000,1,0,0.0,0.5
3121.9667,  1.00000000,1,0,0.0,0.5
3122.0000,  1.00000000,1,0,0.0,0.5
3122.0333,  1.00000000,1,0,0.0,0.5
3122.0667,  1.00000000,1,0,0.0,0.5
3122.1000,  1.00000000,1,0,0.0,0.5
3122.1333,  1.00000000,1,0,0.0,0.5
3122.1667,  1.00000000,1,0,0.0,0.5
3122.2000,  1.00000000,1,0,0.0,0.5
3122.2333,  1.00000000,1,0,0.0,0.5
3122.2667,  1.00000000,1,0,0.0,0.5
3122.3000,  1.00000000,1,0,0.0,0.5
3122.3333,  1.00000000,1,0,0.0,0.5
3122.3667,  1.00000000,1,0,0.0,0.5
3122.4000,  1.00000000,1,0,0.0,0.5
3122.4333,  1.00000000,1,0,0.0,0.5
3122.4667,  1.00000000,1,0,0.0,0.5
3122.5000,  1.00000000,1,0,0.0,0.5
3122.5333,  1.00000000,1,0,0.0,0.5
3122.5667,  1.00000000,1,0,0.0,0.5
3122.6000,  1.00000000,1,0,0.0,0.5
3122.6333,  1.00000000,1,0,0.0,0.5
3122.6667,  1.00000000,1,0,0.0,0.5
3122.7000,  1.00000000,1,0,0.0,0.5
3122.7333,  1.00000000,1,0,0.0,0.5
3122.7667,  1.00000000,1,0,0.0,0.5
3122.8000,  1.00000000,1,0,0.0,0.5
3122.8333,  1.00000000,1,0,0.0,0.5
3122.8667,  1.00000000,1,0,0.0,0.5
3122.9000,  1.00000000,1,0,0.0,0.5
3122.9333,  1.00000000,1,0,0.0,0.5
3122.9667,  1.00000000,1,0,0.0,0.5
3123.0000,  1.00000000,1,0,0.0,0.5
3123.0333,  1.00000000,1,0,0.0,0.5
3123.0667,  1.00000000,1,0,0.0,0.5
3123.1000,  1.00000000,1,0,0.0,0.5
3123.1333,  1.00000000,1,0,0.0,0.5
3123.1667,  1.00000000,1,0,0.0,0.5
3123.2000,  1.00000000,1,0,0.0,0.5
3123.2333,  1.00000000,1,0,0.0,0.5
3123.2667,  1.00000000,1,0,0.0,0.5
3123.3000,  1.00000000,1,0,0.0,0.5
3123.3333,  1.00000000,1,0,0.0,0.5
3123.3667,  1.00000000,1,0,0.0,0.5
3123.4000,  1.00000000,1,0,0.0,0.5
3123.4333,  1.00000000,1,0,0.0,0.5
3123.4667,  1.00000000,1,0,0.0,0.5
3123.5000,  1.00000000,1,0,0.0,0.5
3123.5333,  1.00000000,1,0,0.0,0.5
3123.5667,  1.00000000,1,0,0.0,0.5
3123.6000,  1.00000000,1,0,0.0,0.5
3123.6333,  1.00000000,1,0,0.0,0.5
3123.6667,  1.00000000,1,0,0.0,0.5
3123.7000,  1.00000000,1,0,0.0,0.5
3123.7333,  1.00000000,1,0,0.0,0.5
3123.7667,  1.00000000,1,0,0.025000000000000001,0.5
3123.8000,  1.00000000,1,0,0.0,0.5
3123.8333,  1.00000000,1,0,0.0,0.5
3123.8667,  1.00000000,1,0,0.0,0.5
3123.9000,  1.00000000,1,0,0.0,0.5
3123.9333,  1.00000000,1,0,0.0,0.5
3123.9667,  1.00000000,1,0,0.0,0.5
3124.0000,  1.00000000,1,0,0.0,0.5
3124.0333,  1.00000000,1,0,0.0,0.5
3124.0667,  1.00000000,1,0,0.025000000000000001,0.5
3124.1000,  1.00000000,1,0,0.0,0.5
3124.1333,  1.00000000,1,0,0.0,0.5
3124.1667,  1.00000000,1,0,0.0,0.5
3124.2000,  1.00000000,1,0,0.0,0.5
3124.2333,  1.00000000,1,0,0.0,0.5
3124.2667,  1.00000000,1,0,0.0,0.5
3124.3000,  1.00000000,1,0,0.0,0.5
3124.3333,  1.00000000,1,0,0.0,0.5
3124.3667,  1.00000000,1,0,0.0,0.5
3124.4000,  1.00000000,1,0,0.0,0.5
3124.4333,  1.00000000,1,0,0.0,0.5
3124.4667,  1.00000000,1,0,0.0,0.5
3124.5000,  1.00000000,1,0,0.0,0.5
3124.5333,  1.00000000,1,0,0.0,0.5
3124.5667,  1.00000000,1,0,0.0,0.5
3124.6000,  1.00000000,1,0,0.0,0.5
3124.6333,  1.00000000,1,0,0.0,0.5
3124.6667,  1.00000000,1,0,0.0,0.5
3124.7000,  1.00000000,1,0,0.0,0.5
3124.7333,  1.00000000,1,0,0.0,0.5
3124.7667,  1.00000000,1,0,0.0,0.5
3124.8000,  1.00000000,1,0,0.0,0.5
3124.8333,  1.00000000,1,0,0.0,0.5
3124.8667,  1.00000000,1,0,0.0,0.5
3124.9000,  1.00000000,1,0,0.0,0.5
3124.9333,  1.00000000,1,0,0.0,0.5
3124.9667,  1.00000000,1,0,0.0,0.5
3125.0000,  1.00000000,1,0,0.0,0.5
3125.0333,  1.00000000,1,0,0.0,0.5
3125.0667,  1.00000000,1,0,0.0,0.5
3125.1000,  1.00000000,1,0,0.0,0.5
3125.1333,  1.00000000,1,0,0.0,0.5
3125.1667,  1.00000000,1,0,0.0,0.5
3125.2000,  1.00000000,1,0,0.0,0.5
3125.2333,  1.00000000,1,0,0.0,0.5
3125.2667,  1.00000000,1,0,0.0,0.5
3125.3000,  1.00000000,1,0,0.0,0.5
3125.3333,  1.00000000,1,0,0.0,0.5
3125.3667,  1.00000000,1,0,0.0,0.5
3125.4000,  1.00000000,1,0,0.0,0.5
3125.4333,  1.00000000,1,0,0.0,0.5
3125.4667,  1.00000000,1,0,0.0,0.5
3125.5000,  1.00000000,1,0,0.0,0.5
3125.5333,  1.00000000,1,0,0.0,0.5
3125.5667,  1.00000000,1,0,0.0,0.5
3125.6000,  1.00000000,1,0,0.0,0.5
3125.6333,  1.00000000,1,0,0.0,0.5
3125.6667,  1.00000000,1,0,0.0,0.5
3125.7000,  1.00000000,1,0,0.0,0.5
3125.7333,  1.00000000,1,0,0.0,0.5
3125.7667,  1.00000000,1,0,0.0,0.5
3125.8000,  1.00000000,1,0,0.0,0.5
3125.8333,  1.00000000,1,0,0.0,0.5
3125.8667,  1.00000000,1,0,0.0,0.5
3125.9000,  1.00000000,1,0,0.0,0.5
3125.9333,  1.00000000,1,0,0.0,0.5
3125.9667,  1.00000000,1,0,0.0,0.5
3126.0000,  1.00000000,1,0,0.0,0.5
3126.0333,  1.00000000,1,0,0.0,0.5
3126.0667,  1.00000000,1,0,0.0,0.5
3126.1000,  1.00000000,1,0,0.0,0.5
3126.1333,  1.00000000,1,0,0.0,0.5
3126.1667,  1.00000000,1,0,0.0,0.5
3126.2000,  1.00000000,1,0,0.0,0.5
3126.2333,  1.00000000,1,0,0.0,0.5
3126.2667,  1.00000000,1,0,0.0,0.5
3126.3000,  1.00000000,1,0,0.0,0.5
3126.3333,  1.00000000,1,0,0.0,0.5
3126.3667,  1.00000000,1,0,0.0,0.5
3126.4000,  1.00000000,1,0,0.0,0.5
3126.4333,  1.00000000,1,0,0.0,0.5
3126.4667,  1.00000000,1,0,0.0,0.5
3126.5000,  1.00000000,1,0,0.0,0.5
3126.5333,  1.00000000,1,0,0.0,0.5
3126.5667,  1.00000000,1,0,0.0,0.5
3126.6000,  1.00000000,1,0,0.0,0.5
3126.6333,  1.00000000,1,0,0.0,0.5
3126.6667,  1.00000000,1,0,0.0,0.5
3126.7000,  1.00000000,1,0,0.0,0.5
3126.7333,  1.00000000,1,0,0.0,0.5
3126.7667,  1.00000000,1,0,0.0,0.5
3126.8000,  1.00000000,1,0,0.0,0.5
3126.8333,  1.00000000,1,0,0.0,0.5
3126.8667,  1.00000000,1,0,0.0,0.5
3126.9000,  1.00000000,1,0,0.0,0.5
3126.9333,  1.00000000,1,0,0.0,0.5
3126.9667,  1.00000000,1,0,0.0,0.5
3127.0000,  1.00000000,1,0,0.0,0.5
3127.0333,  1.00000000,1,0,0.0,0.5
3127.0667,  1.00000000,1,0,0.0,0.5
3127.1000,  1.00000000,1,0,0.0,0.5
3127.1333,  1.00000000,1,0,0.0,0.5
3127.1667,  1.00000000,1,0,0.0,0.5
3127.2000,  1.00000000,1,0,0.0,0.5
3127.2333,  1.00000000,1,0,0.0,0.5
3127.2667,  1.00000000,1,0,0.0,0.5
3127.3000,  1.00000000,1,0,0.0,0.5
3127.3333,  1.00000000,1,0,0.0,0.5
3127.3667,  1.00000000,1,0,0.0,0.5
3127.4000,  1.00000000,1,0,0.0,0.5
3127.4333,  1.00000000,1,0,0.0,0.5
3127.4667,  1.00000000,1,0,0.0,0.5
3127.5000,  1.00000000,1,0,0.0,0.5
3127.5333,  1.00000000,1,0,0.0,0.5
3127.5667,  1.00000000,1,0,0.0,0.5
3127.6000,  1.00000000,1,0,0.0,0.5
3127.6333,  1.00000000,1,0,0.0,0.5
3127.6667,  1.00000000,1,0,0.0,0.5
3127.7000,  1.00000000,1,0,0.0,0.5
3127.7333,  1.00000000,1,0,0.0,0.5
3127.7667,  1.00000000,1,0,0.0,0.5
3127.8000,  1.00000000,1,0,0.0,0.5
3127.8333,  1.00000000,1,0,0.0,0.5
3127.8667,  1.00000000,1,0,0.0,0.5
3127.9000,  1.00000000,1,0,0.0,0.5
3127.9333,  1.00000000,1,0,0.0,0.5
3127.9667,  1.00000000,1,0,0.0,0.5
3128.0000,  1.00000000,1,0,0.0,0.5
3128.0333,  1.00000000,1,0,0.0,0.5
3128.0667,  1.00000000,1,0,0.0,0.5
3128.1000,  1.00000000,1,0,0.0,0.5
3128.1333,  1.00000000,1,0,0.0,0.5
3128.1667,  1.00000000,1,0,0.0,0.5
3128.2000,  1.00000000,1,0,0.0,0.5
3128.2333,  1.00000000,1,0,0.0,0.5
3128.2667,  1.00000000,1,0,0.0,0.5
3128.3000,  1.00000000,1,0,0.0,0.5
3128.3333,  1.00000000,1,0,0.0,0.5
3128.3667,  1.00000000,1,0,0.0,0.5
3128.4000,  1.00000000,1,0,0.0,0.5
3128.4333,  1.00000000,1,0,0.0,0.5
3128.4667,  1.00000000,1,0,0.0,0.5
3128.5000,  1.00000000,1,0,0.0,0.5
3128.5333,  1.00000000,1,0,0.0,0.5
3128.5667,  1.00000000,1,0,0.0,0.5
3128.6000,  1.00000000,1,0,0.0,0.5
3128.6333,  1.00000000,1,0,0.0,0.5
3128.6667,  1.00000000,1,0,0.0,0.5
3128.7000,  1.00000000,1,0,0.0,0.5
3128.7333,  1.00000000,1,0,0.0,0.5
3128.7667,  1.00000000,1,0,0.0,0.5
3128.8000,  1.00000000,1,0,0.0,0.5
3128.8333,  1.00000000,1,0,0.0,0.5
3128.8667,  1.00000000,1,0,0.0,0.5
3128.9000,  1.00000000,1,0,0.0,0.5
3128.9333,  1.00000000,1,0,0.0,0.5
3128.9667,  1.00000000,1,0,0.0,0.5
3129.0000,  1.00000000,1,0,0.0,0.5
3129.0333,  1.00000000,1,0,0.0,0.5
3129.0667,  1.00000000,1,0,0.0,0.5
3129.1000,  1.00000000,1,0,0.0,0.5
3129.1333,  1.00000000,1,0,0.0,0.5
3129.1667,  1.00000000,1,0,0.0,0.5
3129.2000,  1.00000000,1,0,0.0,0.5
3129.2333,  1.00000000,1,0,0.0,0.5
3129.2667,  1.00000000,1,0,0.0,0.5
3129.3000,  1.00000000,1,0,0.0,0.5
3129.3333,  1.00000000,1,0,0.0,0.5
3129.3667,  1.00000000,1,0,0.0,0.5
3129.4000,  1.00000000,1,0,0.0,0.5
3129.4333,  1.00000000,1,0,0.0,0.5
3129.4667,  1.00000000,1,0,0.0,0.5
3129.5000,  1.00000000,1,0,0.0,0.5
3129.5333,  1.00000000,1,0,0.0,0.5
3129.5667,  1.00000000,1,0,0.0,0.5
3129.6000,  1.00000000,1,0,0.0,0.5
3129.6333,  1.00000000,1,0,0.0,0.5
3129.6667,  1.00000000,1,0,0.0,0.5
3129.7000,  1.00000000,1,0,0.0,0.5
3129.7333,  1.00000000,1,0,0.0,0.5
3129.7667,  1.00000000,1,0,0.0,0.5
3129.8000,  1.00000000,1,0,0.0,0.5
3129.8333,  1.00000000,1,0,0.0,0.5
3129.8667,  1.00000000,1,0,0.0,0.5
3129.9000,  1.00000000,1,0,0.0,0.5
3129.9333,  1.00000000,1,0,0.0,0.5
3129.9667,  1.00000000,1,0,0.0,0.5
3130.0000,  1.00000000,1,0,0.0,0.5
3130.0333,  1.00000000,1,0,0.0,0.5
3130.0667,  1.00000000,1,0,0.0,0.5
3130.1000,  1.00000000,1,0,0.0,0.5
3130.1333,  1.00000000,1,0,0.0,0.5
3130.1667,  1.00000000,1,0,0.0,0.5
3130.2000,  1.00000000,1,0,0.0,0.5
3130.2333,  1.00000000,1,0,0.0,0.5
3130.2667,  1.00000000,1,0,0.0,0.5
3130.3000,  1.00000000,1,0,0.0,0.5
3130.3333,  1.00000000,1,0,0.0,0.5
3130.3667,  1.00000000,1,0,0.0,0.5
3130.4000,  1.00000000,1,0,0.0,0.5
3130.4333,  1.00000000,1,0,0.0,0.5
3130.4667,  1.00000000,1,0,0.0,0.5
3130.5000,  1.00000000,1,0,0.0,0.5
3130.5333,  1.00000000,1,0,0.0,0.5
3130.5667,  1.00000000,1,0,0.0,0.5
3130.6000,  1.00000000,1,0,0.0,0.5
3130.6333,  1.00000000,1,0,0.0,0.5
3130.6667,  1.00000000,1,0,0.0,0.5
3130.7000,  1.00000000,1,0,0.0,0.5
3130.7333,  1.00000000,1,0,0.0,0.5
3130.7667,  1.00000000,1,0,0.0,0.5
3130.8000,  1.00000000,1,0,0.0,0.5
3130.8333,  1.00000000,1,0,0.0,0.5
3130.8667,  1.00000000,1,0,0.0,0.5
3130.9000,  1.00000000,1,0,0.0,0.5
3130.9333,  1.00000000,1,0,0.0,0.5
3130.9667,  1.00000000,1,0,0.0,0.5
3131.0000,  1.00000000,1,0,0.0,0.5
3131.0333,  1.00000000,1,0,0.0,0.5
3131.0667,  1.00000000,1,0,0.0,0.5
3131.1000,  1.00000000,1,0,0.025000000000000001,0.5
3131.1333,  1.00000000,1,0,0.0,0.5
3131.1667,  1.00000000,1,0,0.0,0.5
3131.2000,  1.00000000,1,0,0.0,0.5
3131.2333,  1.00000000,1,0,0.0,0.5
3131.2667,  1.00000000,1,0,0.0,0.5
3131.3000,  1.00000000,1,0,0.0,0.5
3131.3333,  1.00000000,1,0,0.0,0.5
3131.3667,  1.00000000,1,0,0.0,0.5
3131.4000,  1.00000000,1,0,0.0,0.5
3131.4333,  1.00000000,1,0,0.0,0.5
3131.4667,  1.00000000,1,0,0.0,0.5
3131.5000,  1.00000000,1,0,0.0,0.5
3131.5333,  1.00000000,1,0,0.0,0.5
3131.5667,  1.00000000,1,0,0.0,0.5
3131.6000,  1.00000000,1,0,0.0,0.5
3131.6333,  1.00000000,1,0,0.0,0.5
3131.6667,  1.00000000,1,0,0.0,0.5
3131.7000,  1.00000000,1,0,0.0,0.5
3131.7333,  1.00000000,1,0,0.0,0.5
3131.7667,  1.00000000,1,0,0.0,0.5
3131.8000,  1.00000000,1,0,0.0,0.5
3131.8333,  1.00000000,1,0,0.0,0.5
3131.8667,  1.00000000,1,0,0.0,0.5
3131.9000,  1.00000000,1,0,0.0,0.5
3131.9333,  1.00000000,1,0,0.0,0.5
3131.9667,  1.00000000,1,0,0.0,0.5
3132.0000,  1.00000000,1,0,0.0,0.5
3132.0333,  1.00000000,1,0,0.0,0.5
3132.0667,  1.00000000,1,0,0.0,0.5
3132.1000,  1.00000000,1,0,0.0,0.5
3132.1333,  1.00000000,1,0,0.0,0.5
3132.1667,  1.00000000,1,0,0.0,0.5
3132.2000,  1.00000000,1,0,0.0,0.5
3132.2333,  1.00000000,1,0,0.0,0.5
3132.2667,  1.00000000,1,0,0.0,0.5
3132.3000,  1.00000000,1,0,0.0,0.5
3132.3333,  1.00000000,1,0,0.0,0.5
3132.3667,  1.00000000,1,0,0.0,0.5
3132.4000,  1.00000000,1,0,0.0,0.5
3132.4333,  1.00000000,1,0,0.0,0.5
3132.4667,  1.00000000,1,0,0.0,0.5
3132.5000,  1.00000000,1,0,0.0,0.5
3132.5333,  1.00000000,1,0,0.0,0.5
3132.5667,  1.00000000,1,0,0.0,0.5
3132.6000,  1.00000000,1,0,0.0,0.5
3132.6333,  1.00000000,1,0,0.0,0.5
3132.6667,  1.00000000,1,0,0.0,0.5
3132.7000,  1.00000000,1,0,0.0,0.5
3132.7333,  1.00000000,1,0,0.0,0.5
3132.7667,  1.00000000,1,0,0.025000000000000001,0.5
3132.8000,  1.00000000,1,0,0.0,0.5
3132.8333,  1.00000000,1,0,0.0,0.5
3132.8667,  1.00000000,1,0,0.0,0.5
3132.9000,  1.00000000,1,0,0.0,0.5
3132.9333,  1.00000000,1,0,0.0,0.5
3132.9667,  1.00000000,1,0,0.0,0.5
3133.0000,  1.00000000,1,0,0.0,0.5
3133.0333,  1.00000000,1,0,0.0,0.5
3133.0667,  1.00000000,1,0,0.0,0.5
3133.1000,  1.00000000,1,0,0.0,0.5
3133.1333,  1.00000000,1,0,0.0,0.5
3133.1667,  1.00000000,1,0,0.0,0.5
3133.2000,  1.00000000,1,0,0.0,0.5
3133.2333,  1.00000000,1,0,0.0,0.5
3133.2667,  1.00000000,1,0,0.0,0.5
3133.3000,  1.00000000,1,0,0.0,0.5
3133.3333,  1.00000000,1,0,0.0,0.5
3133.3667,  1.00000000,1,0,0.0,0.5
3133.4000,  1.00000000,1,0,0.0,0.5
3133.4333,  1.00000000,1,0,0.0,0.5
3133.4667,  1.00000000,1,0,0.0,0.5
3133.5000,  1.00000000,1,0,0.0,0.5
3133.5333,  1.00000000,1,0,0.0,0.5
3133.5667,  1.00000000,1,0,0.0,0.5
3133.6000,  1.00000000,1,0,0.0,0.5
3133.6333,  1.00000000,1,0,0.0,0.5
3133.6667,  1.00000000,1,0,0.0,0.5
3133.7000,  1.00000000,1,0,0.0,0.5
3133.7333,  1.00000000,1,0,0.0,0.5
3133.7667,  1.00000000,1,0,0.0,0.5
3133.8000,  1.00000000,1,0,0.0,0.5
3133.8333,  1.00000000,1,0,0.0,0.5
3133.8667,  1.00000000,1,0,0.0,0.5
3133.9000,  1.00000000,1,0,0.0,0.5
3133.9333,  1.00000000,1,0,0.0,0.5
3133.9667,  1.00000000,1,0,0.0,0.5
3134.0000,  1.00000000,1,0,0.0,0.5
3134.0333,  1.00000000,1,0,0.0,0.5
3134.0667,  1.00000000,1,0,0.0,0.5
3134.1000,  1.00000000,1,0,0.0,0.5
3134.1333,  1.00000000,1,0,0.0,0.5
3134.1667,  1.00000000,1,0,0.0,0.5
3134.2000,  1.00000000,1,0,0.0,0.5
3134.2333,  1.00000000,1,0,0.0,0.5
3134.2667,  1.00000000,1,0,0.0,0.5
3134.3000,  1.00000000,1,0,0.0,0.5
3134.3333,  1.00000000,1,0,0.0,0.5
3134.3667,  1.00000000,1,0,0.0,0.5
3134.4000,  1.00000000,1,0,0.0,0.5
3134.4333,  1.00000000,1,0,0.0,0.5
3134.4667,  1.00000000,1,0,0.0,0.5
3134.5000,  1.00000000,1,0,0.0,0.5
3134.5333,  1.00000000,1,0,0.0,0.5
3134.5667,  1.00000000,1,0,0.0,0.5
3134.6000,  1.00000000,1,0,0.0,0.5
3134.6333,  1.00000000,1,0,0.0,0.5
3134.6667,  1.00000000,1,0,0.0,0.5
3134.7000,  1.00000000,1,0,0.0,0.5
3134.7333,  1.00000000,1,0,0.0,0.5
3134.7667,  1.00000000,1,0,0.0,0.5
3134.8000,  1.00000000,1,0,0.0,0.5
3134.8333,  1.00000000,1,0,0.0,0.5
3134.8667,  1.00000000,1,0,0.0,0.5
3134.9000,  1.00000000,1,0,0.0,0.5
3134.9333,  1.00000000,1,0,0.0,0.5
3134.9667,  1.00000000,1,0,0.0,0.5
3135.0000,  1.00000000,1,0,0.0,0.5
3135.0333,  1.00000000,1,0,0.0,0.5
3135.0667,  1.00000000,1,0,0.0,0.5
3135.1000,  1.00000000,1,0,0.0,0.5
3135.1333,  1.00000000,1,0,0.0,0.5
3135.1667,  1.00000000,1,0,0.0,0.5
3135.2000,  1.00000000,1,0,0.0,0.5
3135.2333,  1.00000000,1,0,0.0,0.5
3135.2667,  1.00000000,1,0,0.0,0.5
3135.3000,  1.00000000,1,0,0.025000000000000001,0.5
3135.3333,  1.00000000,1,0,0.0,0.5
3135.3667,  1.00000000,1,0,0.0,0.5
3135.4000,  1.00000000,1,0,0.0,0.5
3135.4333,  1.00000000,1,0,0.0,0.5
3135.4667,  1.00000000,1,0,0.0,0.5
3135.5000,  1.00000000,1,0,0.0,0.5
3135.5333,  1.00000000,1,0,0.0,0.5
3135.5667,  1.00000000,1,0,0.0,0.5
3135.6000,  1.00000000,1,0,0.0,0.5
3135.6333,  1.00000000,1,0,0.0,0.5
3135.6667,  1.00000000,1,0,0.0,0.5
3135.7000,  1.00000000,1,0,0.0,0.5
3135.7333,  1.00000000,1,0,0.0,0.5
3135.7667,  1.00000000,1,0,0.0,0.5
3135.8000,  1.00000000,1,0,0.0,0.5
3135.8333,  1.00000000,1,0,0.0,0.5
3135.8667,  1.00000000,1,0,0.025000000000000001,0.5
3135.9000,  1.00000000,1,0,0.0,0.5
3135.9333,  1.00000000,1,0,0.0,0.5
3135.9667,  1.00000000,1,0,0.0,0.5
3136.0000,  1.00000000,1,0,0.0,0.5
3136.0333,  1.00000000,1,0,0.0,0.5
3136.0667,  1.00000000,1,0,0.0,0.5
3136.1000,  1.00000000,1,0,0.0,0.5
3136.1333,  1.00000000,1,0,0.0,0.5
3136.1667,  1.00000000,1,0,0.0,0.5
3136.2000,  1.00000000,1,0,0.0,0.5
3136.2333,  1.00000000,1,0,0.0,0.5
3136.2667,  1.00000000,1,0,0.0,0.5
3136.3000,  1.00000000,1,0,0.025000000000000001,0.5
3136.3333,  1.00000000,1,0,0.0,0.5
3136.3667,  1.00000000,1,0,0.0,0.5
3136.4000,  1.00000000,1,0,0.0,0.5
3136.4333,  1.00000000,1,0,0.0,0.5
3136.4667,  1.00000000,1,0,0.0,0.5
3136.5000,  1.00000000,1,0,0.0,0.5
3136.5333,  1.00000000,1,0,0.0,0.5
3136.5667,  1.00000000,1,0,0.0,0.5
3136.6000,  1.00000000,1,0,0.0,0.5
3136.6333,  1.00000000,1,0,0.0,0.5
3136.6667,  1.00000000,1,0,0.0,0.5
3136.7000,  1.00000000,1,0,0.0,0.5
3136.7333,  1.00000000,1,0,0.0,0.5
3136.7667,  1.00000000,1,0,0.0,0.5
3136.8000,  1.00000000,1,0,0.0,0.5
3136.8333,  1.00000000,1,0,0.0,0.5
3136.8667,  1.00000000,1,0,0.0,0.5
3136.9000,  1.00000000,1,0,0.0,0.5
3136.9333,  1.00000000,1,0,0.0,0.5
3136.9667,  1.00000000,1,0,0.0,0.5
3137.0000,  1.00000000,1,0,0.0,0.5
3137.0333,  1.00000000,1,0,0.0,0.5
3137.0667,  1.00000000,1,0,0.0,0.5
3137.1000,  1.00000000,1,0,0.0,0.5
3137.1333,  1.00000000,1,0,0.0,0.5
3137.1667,  1.00000000,1,0,0.0,0.5
3137.2000,  1.00000000,1,0,0.0,0.5
3137.2333,  1.00000000,1,0,0.0,0.5
3137.2667,  1.00000000,1,0,0.0,0.5
3137.3000,  1.00000000,1,0,0.0,0.5
3137.3333,  1.00000000,1,0,0.0,0.5
3137.3667,  1.00000000,1,0,0.0,0.5
3137.4000,  1.00000000,1,0,0.0,0.5
3137.4333,  1.00000000,1,0,0.0,0.5
3137.4667,  1.00000000,1,0,0.025000000000000001,0.5
3137.5000,  1.00000000,1,0,0.0,0.5
3137.5333,  1.00000000,1,0,0.0,0.5
3137.5667,  1.00000000,1,0,0.0,0.5
3137.6000,  1.00000000,1,0,0.0,0.5
3137.6333,  1.00000000,1,0,0.0,0.5
3137.6667,  1.00000000,1,0,0.0,0.5
3137.7000,  1.00000000,1,0,0.0,0.5
3137.7333,  1.00000000,1,0,0.0,0.5
3137.7667,  1.00000000,1,0,0.0,0.5
3137.8000,  1.00000000,1,0,0.0,0.5
3137.8333,  1.00000000,1,0,0.0,0.5
3137.8667,  1.00000000,1,0,0.0,0.5
3137.9000,  1.00000000,1,0,0.0,0.5
3137.9333,  1.00000000,1,0,0.0,0.5
3137.9667,  1.00000000,1,0,0.0,0.5
3138.0000,  1.00000000,1,0,0.0,0.5
3138.0333,  1.00000000,1,0,0.0,0.5
3138.0667,  1.00000000,1,0,0.0,0.5
3138.1000,  1.00000000,1,0,0.0,0.5
3138.1333,  1.00000000,1,0,0.0,0.5
3138.1667,  1.00000000,1,0,0.0,0.5
3138.2000,  1.00000000,1,0,0.0,0.5
3138.2333,  1.00000000,1,0,0.0,0.5
3138.2667,  1.00000000,1,0,0.0,0.5
3138.3000,  1.00000000,1,0,0.0,0.5
3138.3333,  1.00000000,1,0,0.0,0.5
3138.3667,  1.00000000,1,0,0.0,0.5
3138.4000,  1.00000000,1,0,0.0,0.5
3138.4333,  1.00000000,1,0,0.0,0.5
3138.4667,  1.00000000,1,0,0.0,0.5
3138.5000,  1.00000000,1,0,0.0,0.5
3138.5333,  1.00000000,1,0,0.0,0.5
3138.5667,  1.00000000,1,0,0.0,0.5
3138.6000,  1.00000000,1,0,0.0,0.5
3138.6333,  1.00000000,1,0,0.0,0.5
3138.6667,  1.00000000,1,0,0.0,0.5
3138.7000,  1.00000000,1,0,0.0,0.5
3138.7333,  1.00000000,1,0,0.0,0.5
3138.7667,  1.00000000,1,0,0.0,0.5
3138.8000,  1.00000000,1,0,0.0,0.5
3138.8333,  1.00000000,1,0,0.0,0.5
3138.8667,  1.00000000,1,0,0.0,0.5
3138.9000,  1.00000000,1,0,0.0,0.5
3138.9333,  1.00000000,1,0,0.0,0.5
3138.9667,  1.00000000,1,0,0.0,0.5
3139.0000,  1.00000000,1,0,0.0,0.5
3139.0333,  1.00000000,1,0,0.0,0.5
3139.0667,  1.00000000,1,0,0.0,0.5
3139.1000,  1.00000000,1,0,0.0,0.5
3139.1333,  1.00000000,1,0,0.0,0.5
3139.1667,  1.00000000,1,0,0.0,0.5
3139.2000,  1.00000000,1,0,0.0,0.5
3139.2333,  1.00000000,1,0,0.0,0.5
3139.2667,  1.00000000,1,0,0.0,0.5
3139.3000,  1.00000000,1,0,0.0,0.5
3139.3333,  1.00000000,1,0,0.0,0.5
3139.3667,  1.00000000,1,0,0.0,0.5
3139.4000,  1.00000000,1,0,0.0,0.5
3139.4333,  1.00000000,1,0,0.0,0.5
3139.4667,  1.00000000,1,0,0.0,0.5
3139.5000,  1.00000000,1,0,0.0,0.5
3139.5333,  1.00000000,1,0,0.0,0.5
3139.5667,  1.00000000,1,0,0.0,0.5
3139.6000,  1.00000000,1,0,0.025000000000000001,0.5
3139.6333,  1.00000000,1,0,0.0,0.5
3139.6667,  1.00000000,1,0,0.0,0.5
3139.7000,  1.00000000,1,0,0.0,0.5
3139.7333,  1.00000000,1,0,0.0,0.5
3139.7667,  1.00000000,1,0,0.0,0.5
3139.8000,  1.00000000,1,0,0.0,0.5
3139.8333,  1.00000000,1,0,0.0,0.5
3139.8667,  1.00000000,1,0,0.0,0.5
3139.9000,  1.00000000,1,0,0.0,0.5
3139.9333,  1.00000000,1,0,0.0,0.5
3139.9667,  1.00000000,1,0,0.0,0.5
3140.0000,  1.00000000,1,0,0.0,0.5
3140.0333,  1.00000000,1,0,0.0,0.5
3140.0667,  1.00000000,1,0,0.0,0.5
3140.1000,  1.00000000,1,0,0.0,0.5
3140.1333,  1.00000000,1,0,0.0,0.5
3140.1667,  1.00000000,1,0,0.0,0.5
3140.2000,  1.00000000,1,0,0.0,0.5
3140.2333,  1.00000000,1,0,0.0,0.5
3140.2667,  1.00000000,1,0,0.0,0.5
3140.3000,  1.00000000,1,0,0.0,0.5
3140.3333,  1.00000000,1,0,0.0,0.5
3140.3667,  1.00000000,1,0,0.0,0.5
3140.4000,  1.00000000,1,0,0.0,0.5
3140.4333,  1.00000000,1,0,0.0,0.5
3140.4667,  1.00000000,1,0,0.0,0.5
3140.5000,  1.00000000,1,0,0.0,0.5
3140.5333,  1.00000000,1,0,0.0,0.5
3140.5667,  1.00000000,1,0,0.0,0.5
3140.6000,  1.00000000,1,0,0.0,0.5
3140.6333,  1.00000000,1,0,0.0,0.5
3140.6667,  1.00000000,1,0,0.0,0.5
3140.7000,  1.00000000,1,0,0.0,0.5
3140.7333,  1.00000000,1,0,0.0,0.5
3140.7667,  1.00000000,1,0,0.0,0.5
3140.8000,  1.00000000,1,0,0.0,0.5
3140.8333,  1.00000000,1,0,0.0,0.5
3140.8667,  1.00000000,1,0,0.0,0.5
3140.9000,  1.00000000,1,0,0.0,0.5
3140.9333,  1.00000000,1,0,0.0,0.5
3140.9667,  1.00000000,1,0,0.0,0.5
3141.0000,  1.00000000,1,0,0.0,0.5
3141.0333,  1.00000000,1,0,0.0,0.5
3141.0667,  1.00000000,1,0,0.0,0.5
3141.1000,  1.00000000,1,0,0.0,0.5
3141.1333,  1.00000000,1,0,0.0,0.5
3141.1667,  1.00000000,1,0,0.0,0.5
3141.2000,  1.00000000,1,0,0.0,0.5
3141.2333,  1.00000000,1,0,0.0,0.5
3141.2667,  1.00000000,1,0,0.0,0.5
3141.3000,  1.00000000,1,0,0.0,0.5
3141.3333,  1.00000000,1,0,0.0,0.5
3141.3667,  1.00000000,1,0,0.0,0.5
3141.4000,  1.00000000,1,0,0.0,0.5
3141.4333,  1.00000000,1,0,0.0,0.5
3141.4667,  1.00000000,1,0,0.0,0.5
3141.5000,  1.00000000,1,0,0.0,0.5
3141.5333,  1.00000000,1,0,0.0,0.5
3141.5667,  1.00000000,1,0,0.0,0.5
3141.6000,  1.00000000,1,0,0.0,0.5
3141.6333,  1.00000000,1,0,0.0,0.5
3141.6667,  1.00000000,1,0,0.0,0.5
3141.7000,  1.00000000,1,0,0.0,0.5
3141.7333,  1.00000000,1,0,0.0,0.5
3141.7667,  1.00000000,1,0,0.0,0.5
3141.8000,  1.00000000,1,0,0.0,0.5
3141.8333,  1.00000000,1,0,0.0,0.5
3141.8667,  1.00000000,1,0,0.0,0.5
3141.9000,  1.00000000,1,0,0.0,0.5
3141.9333,  1.00000000,1,0,0.0,0.5
3141.9667,  1.00000000,1,0,0.0,0.5
3142.0000,  1.00000000,1,0,0.0,0.5
3142.0333,  1.00000000,1,0,0.0,0.5
3142.0667,  1.00000000,1,0,0.0,0.5
3142.1000,  1.00000000,1,0,0.0,0.5
3142.1333,  1.00000000,1,0,0.0,0.5
3142.1667,  1.00000000,1,0,0.0,0.5
3142.2000,  1.00000000,1,0,0.0,0.5
3142.2333,  1.00000000,1,0,0.0,0.5
3142.2667,  1.00000000,1,0,0.0,0.5
3142.3000,  1.00000000,1,0,0.0,0.5
3142.3333,  1.00000000,1,0,0.0,0.5
3142.3667,  1.00000000,1,0,0.0,0.5
3142.4000,  1.00000000,1,0,0.0,0.5
3142.4333,  1.00000000,1,0,0.0,0.5
3142.4667,  1.00000000,1,0,0.0,0.5
3142.5000,  1.00000000,1,0,0.0,0.5
3142.5333,  1.00000000,1,0,0.0,0.5
3142.5667,  1.00000000,1,0,0.0,0.5
3142.6000,  1.00000000,1,0,0.0,0.5
3142.6333,  1.00000000,1,0,0.0,0.5
3142.6667,  1.00000000,1,0,0.0,0.5
3142.7000,  1.00000000,1,0,0.0,0.5
3142.7333,  1.00000000,1,0,0.0,0.5
3142.7667,  1.00000000,1,0,0.0,0.5
3142.8000,  1.00000000,1,0,0.0,0.5
3142.8333,  1.00000000,1,0,0.0,0.5
3142.8667,  1.00000000,1,0,0.0,0.5
3142.9000,  1.00000000,1,0,0.0,0.5
3142.9333,  1.00000000,1,0,0.0,0.5
3142.9667,  1.00000000,1,0,0.0,0.5
3143.0000,  1.00000000,1,0,0.0,0.5
3143.0333,  1.00000000,1,0,0.0,0.5
3143.0667,  1.00000000,1,0,0.0,0.5
3143.1000,  1.00000000,1,0,0.0,0.5
3143.1333,  1.00000000,1,0,0.0,0.5
3143.1667,  1.00000000,1,0,0.0,0.5
3143.2000,  1.00000000,1,0,0.0,0.5
3143.2333,  1.00000000,1,0,0.0,0.5
3143.2667,  1.00000000,1,0,0.0,0.5
3143.3000,  1.00000000,1,0,0.0,0.5
3143.3333,  1.00000000,1,0,0.0,0.5
3143.3667,  1.00000000,1,0,0.0,0.5
3143.4000,  1.00000000,1,0,0.025000000000000001,0.5
3143.4333,  1.00000000,1,0,0.0,0.5
3143.4667,  1.00000000,1,0,0.0,0.5
3143.5000,  1.00000000,1,0,0.0,0.5
3143.5333,  1.00000000,1,0,0.0,0.5
3143.5667,  1.00000000,1,0,0.0,0.5
3143.6000,  1.00000000,1,0,0.0,0.5
3143.6333,  1.00000000,1,0,0.0,0.5
3143.6667,  1.00000000,1,0,0.0,0.5
3143.7000,  1.00000000,1,0,0.0,0.5
3143.7333,  1.00000000,1,0,0.0,0.5
3143.7667,  1.00000000,1,0,0.0,0.5
3143.8000,  1.00000000,1,0,0.0,0.5
3143.8333,  1.00000000,1,0,0.0,0.5
3143.8667,  1.00000000,1,0,0.0,0.5
3143.9000,  1.00000000,1,0,0.0,0.5
3143.9333,  1.00000000,1,0,0.0,0.5
3143.9667,  1.00000000,1,0,0.0,0.5
3144.0000,  1.00000000,1,0,0.0,0.5
3144.0333,  1.00000000,1,0,0.0,0.5
3144.0667,  1.00000000,1,0,0.0,0.5
3144.1000,  1.00000000,1,0,0.0,0.5
3144.1333,  1.00000000,1,0,0.0,0.5
3144.1667,  1.00000000,1,0,0.0,0.5
3144.2000,  1.00000000,1,0,0.0,0.5
3144.2333,  1.00000000,1,0,0.0,0.5
3144.2667,  1.00000000,1,0,0.025000000000000001,0.5
3144.3000,  1.00000000,1,0,0.0,0.5
3144.3333,  1.00000000,1,0,0.0,0.5
3144.3667,  1.00000000,1,0,0.0,0.5
3144.4000,  1.00000000,1,0,0.0,0.5
3144.4333,  1.00000000,1,0,0.0,0.5
3144.4667,  1.00000000,1,0,0.0,0.5
3144.5000,  1.00000000,1,0,0.0,0.5
3144.5333,  1.00000000,1,0,0.0,0.5
3144.5667,  1.00000000,1,0,0.0,0.5
3144.6000,  1.00000000,1,0,0.0,0.5
3144.6333,  1.00000000,1,0,0.0,0.5
3144.6667,  1.00000000,1,0,0.0,0.5
3144.7000,  1.00000000,1,0,0.0,0.5
3144.7333,  1.00000000,1,0,0.0,0.5
3144.7667,  1.00000000,1,0,0.0,0.5
3144.8000,  1.00000000,1,0,0.0,0.5
3144.8333,  1.00000000,1,0,0.0,0.5
3144.8667,  1.00000000,1,0,0.0,0.5
3144.9000,  1.00000000,1,0,0.0,0.5
3144.9333,  1.00000000,1,0,0.0,0.5
3144.9667,  1.00000000,1,0,0.0,0.5
3145.0000,  1.00000000,1,0,0.0,0.5
3145.0333,  1.00000000,1,0,0.0,0.5
3145.0667,  1.00000000,1,0,0.0,0.5
3145.1000,  1.00000000,1,0,0.0,0.5
3145.1333,  1.00000000,1,0,0.0,0.5
3145.1667,  1.00000000,1,0,0.0,0.5
3145.2000,  1.00000000,1,0,0.0,0.5
3145.2333,  1.00000000,1,0,0.0,0.5
3145.2667,  1.00000000,1,0,0.0,0.5
3145.3000,  1.00000000,1,0,0.0,0.5
3145.3333,  1.00000000,1,0,0.0,0.5
3145.3667,  1.00000000,1,0,0.0,0.5
3145.4000,  1.00000000,1,0,0.0,0.5
3145.4333,  1.00000000,1,0,0.0,0.5
3145.4667,  1.00000000,1,0,0.0,0.5
3145.5000,  1.00000000,1,0,0.0,0.5
3145.5333,  1.00000000,1,0,0.0,0.5
3145.5667,  1.00000000,1,0,0.0,0.5
3145.6000,  1.00000000,1,0,0.0,0.5
3145.6333,  1.00000000,1,0,0.0,0.5
3145.6667,  1.00000000,1,0,0.0,0.5
3145.7000,  1.00000000,1,0,0.0,0.5
3145.7333,  1.00000000,1,0,0.0,0.5
3145.7667,  1.00000000,1,0,0.0,0.5
3145.8000,  1.00000000,1,0,0.0,0.5
3145.8333,  1.00000000,1,0,0.0,0.5
3145.8667,  1.00000000,1,0,0.0,0.5
3145.9000,  1.00000000,1,0,0.0,0.5
3145.9333,  1.00000000,1,0,0.0,0.5
3145.9667,  1.00000000,1,0,0.0,0.5
3146.0000,  1.00000000,1,0,0.0,0.5
3146.0333,  1.00000000,1,0,0.0,0.5
3146.0667,  1.00000000,1,0,0.0,0.5
3146.1000,  1.00000000,1,0,0.0,0.5
3146.1333,  1.00000000,1,0,0.0,0.5
3146.1667,  1.00000000,1,0,0.0,0.5
3146.2000,  1.00000000,1,0,0.0,0.5
3146.2333,  1.00000000,1,0,0.025000000000000001,0.5
3146.2667,  1.00000000,1,0,0.0,0.5
3146.3000,  1.00000000,1,0,0.0,0.5
3146.3333,  1.00000000,1,0,0.0,0.5
3146.3667,  1.00000000,1,0,0.0,0.5
3146.4000,  1.00000000,1,0,0.0,0.5
3146.4333,  1.00000000,1,0,0.0,0.5
3146.4667,  1.00000000,1,0,0.0,0.5
3146.5000,  1.00000000,1,0,0.0,0.5
3146.5333,  1.00000000,1,0,0.0,0.5
3146.5667,  1.00000000,1,0,0.0,0.5
3146.6000,  1.00000000,1,0,0.0,0.5
3146.6333,  1.00000000,1,0,0.0,0.5
3146.6667,  1.00000000,1,0,0.0,0.5
3146.7000,  1.00000000,1,0,0.0,0.5
3146.7333,  1.00000000,1,0,0.0,0.5
3146.7667,  1.00000000,1,0,0.0,0.5
3146.8000,  1.00000000,1,0,0.0,0.5
3146.8333,  1.00000000,1,0,0.0,0.5
3146.8667,  1.00000000,1,0,0.0,0.5
3146.9000,  1.00000000,1,0,0.0,0.5
3146.9333,  1.00000000,1,0,0.0,0.5
3146.9667,  1.00000000,1,0,0.0,0.5
3147.0000,  1.00000000,1,0,0.0,0.5
3147.0333,  1.00000000,1,0,0.0,0.5
3147.0667,  1.00000000,1,0,0.0,0.5
3147.1000,  1.00000000,1,0,0.0,0.5
3147.1333,  1.00000000,1,0,0.0,0.5
3147.1667,  1.00000000,1,0,0.0,0.5
3147.2000,  1.00000000,1,0,0.0,0.5
3147.2333,  1.00000000,1,0,0.0,0.5
3147.2667,  1.00000000,1,0,0.0,0.5
3147.3000,  1.00000000,1,0,0.0,0.5
3147.3333,  1.00000000,1,0,0.0,0.5
3147.3667,  1.00000000,1,0,0.0,0.5
3147.4000,  1.00000000,1,0,0.0,0.5
3147.4333,  1.00000000,1,0,0.0,0.5
3147.4667,  1.00000000,1,0,0.0,0.5
3147.5000,  1.00000000,1,0,0.0,0.5
3147.5333,  1.00000000,1,0,0.0,0.5
3147.5667,  1.00000000,1,0,0.0,0.5
3147.6000,  1.00000000,1,0,0.0,0.5
3147.6333,  1.00000000,1,0,0.0,0.5
3147.6667,  1.00000000,1,0,0.0,0.5
3147.7000,  1.00000000,1,0,0.0,0.5
3147.7333,  1.00000000,1,0,0.0,0.5
3147.7667,  1.00000000,1,0,0.0,0.5
3147.8000,  1.00000000,1,0,0.0,0.5
3147.8333,  1.00000000,1,0,0.0,0.5
3147.8667,  1.00000000,1,0,0.0,0.5
3147.9000,  1.00000000,1,0,0.0,0.5
3147.9333,  1.00000000,1,0,0.0,0.5
3147.9667,  1.00000000,1,0,0.0,0.5
3148.0000,  1.00000000,1,0,0.0,0.5
3148.0333,  1.00000000,1,0,0.0,0.5
3148.0667,  1.00000000,1,0,0.0,0.5
3148.1000,  1.00000000,1,0,0.0,0.5
3148.1333,  1.00000000,1,0,0.0,0.5
3148.1667,  1.00000000,1,0,0.0,0.5
3148.2000,  1.00000000,1,0,0.0,0.5
3148.2333,  1.00000000,1,0,0.0,0.5
3148.2667,  1.00000000,1,0,0.0,0.5
3148.3000,  1.00000000,1,0,0.0,0.5
3148.3333,  1.00000000,1,0,0.0,0.5
3148.3667,  1.00000000,1,0,0.0,0.5
3148.4000,  1.00000000,1,0,0.0,0.5
3148.4333,  1.00000000,1,0,0.0,0.5
3148.4667,  1.00000000,1,0,0.0,0.5
3148.5000,  1.00000000,1,0,0.0,0.5
3148.5333,  1.00000000,1,0,0.0,0.5
3148.5667,  1.00000000,1,0,0.0,0.5
3148.6000,  1.00000000,1,0,0.0,0.5
3148.6333,  1.00000000,1,0,0.0,0.5
3148.6667,  1.00000000,1,0,0.0,0.5
3148.7000,  1.00000000,1,0,0.0,0.5
3148.7333,  1.00000000,1,0,0.0,0.5
3148.7667,  1.00000000,1,0,0.0,0.5
3148.8000,  1.00000000,1,0,0.0,0.5
3148.8333,  1.00000000,1,0,0.0,0.5
3148.8667,  1.00000000,1,0,0.0,0.5
3148.9000,  1.00000000,1,0,0.0,0.5
3148.9333,  1.00000000,1,0,0.0,0.5
3148.9667,  1.00000000,1,0,0.0,0.5
3149.0000,  1.00000000,1,0,0.0,0.5
3149.0333,  1.00000000,1,0,0.0,0.5
3149.0667,  1.00000000,1,0,0.0,0.5
3149.1000,  1.00000000,1,0,0.0,0.5
3149.1333,  1.00000000,1,0,0.0,0.5
3149.1667,  1.00000000,1,0,0.0,0.5
3149.2000,  1.00000000,1,0,0.0,0.5
3149.2333,  1.00000000,1,0,0.0,0.5
3149.2667,  1.00000000,1,0,0.0,0.5
3149.3000,  1.00000000,1,0,0.0,0.5
3149.3333,  1.00000000,1,0,0.0,0.5
3149.3667,  1.00000000,1,0,0.0,0.5
3149.4000,  1.00000000,1,0,0.0,0.5
3149.4333,  1.00000000,1,0,0.0,0.5
3149.4667,  1.00000000,1,0,0.0,0.5
3149.5000,  1.00000000,1,0,0.0,0.5
3149.5333,  1.00000000,1,0,0.0,0.5
3149.5667,  1.00000000,1,0,0.0,0.5
3149.6000,  1.00000000,1,0,0.0,0.5
3149.6333,  1.00000000,1,0,0.0,0.5
3149.6667,  1.00000000,1,0,0.0,0.5
3149.7000,  1.00000000,1,0,0.0,0.5
3149.7333,  1.00000000,1,0,0.0,0.5
3149.7667,  1.00000000,1,0,0.0,0.5
3149.8000,  1.00000000,1,0,0.0,0.5
3149.8333,  1.00000000,1,0,0.0,0.5
3149.8667,  1.00000000,1,0,0.0,0.5
3149.9000,  1.00000000,1,0,0.0,0.5
3149.9333,  1.00000000,1,0,0.0,0.5
3149.9667,  1.00000000,1,0,0.0,0.5
3150.0000,  1.00000000,1,0,0.0,0.5
3150.0333,  1.00000000,1,0,0.0,0.5
3150.0667,  1.00000000,1,0,0.0,0.5
3150.1000,  1.00000000,1,0,0.0,0.5
3150.1333,  1.00000000,1,0,0.0,0.5
3150.1667,  1.00000000,1,0,0.0,0.5
3150.2000,  1.00000000,1,0,0.0,0.5
3150.2333,  1.00000000,1,0,0.0,0.5
3150.2667,  1.00000000,1,0,0.0,0.5
3150.3000,  1.00000000,1,0,0.025000000000000001,0.5
3150.3333,  1.00000000,1,0,0.0,0.5
3150.3667,  1.00000000,1,0,0.0,0.5
3150.4000,  1.00000000,1,0,0.0,0.5
3150.4333,  1.00000000,1,0,0.0,0.5
3150.4667,  1.00000000,1,0,0.0,0.5
3150.5000,  1.00000000,1,0,0.0,0.5
3150.5333,  1.00000000,1,0,0.0,0.5
3150.5667,  1.00000000,1,0,0.025000000000000001,0.5
3150.6000,  1.00000000,1,0,0.0,0.5
3150.6333,  1.00000000,1,0,0.0,0.5
3150.6667,  1.00000000,1,0,0.0,0.5
3150.7000,  1.00000000,1,0,0.0,0.5
3150.7333,  1.00000000,1,0,0.0,0.5
3150.7667,  1.00000000,1,0,0.0,0.5
3150.8000,  1.00000000,1,0,0.0,0.5
3150.8333,  1.00000000,1,0,0.0,0.5
3150.8667,  1.00000000,1,0,0.0,0.5
3150.9000,  1.00000000,1,0,0.0,0.5
3150.9333,  1.00000000,1,0,0.0,0.5
3150.9667,  1.00000000,1,0,0.0,0.5
3151.0000,  1.00000000,1,0,0.0,0.5
3151.0333,  1.00000000,1,0,0.0,0.5
3151.0667,  1.00000000,1,0,0.0,0.5
3151.1000,  1.00000000,1,0,0.0,0.5
3151.1333,  1.00000000,1,0,0.0,0.5
3151.1667,  1.00000000,1,0,0.0,0.5
3151.2000,  1.00000000,1,0,0.0,0.5
3151.2333,  1.00000000,1,0,0.0,0.5
3151.2667,  1.00000000,1,0,0.0,0.5
3151.3000,  1.00000000,1,0,0.0,0.5
3151.3333,  1.00000000,1,0,0.0,0.5
3151.3667,  1.00000000,1,0,0.0,0.5
3151.4000,  1.00000000,1,0,0.0,0.5
3151.4333,  1.00000000,1,0,0.0,0.5
3151.4667,  1.00000000,1,0,0.0,0.5
3151.5000,  1.00000000,1,0,0.0,0.5
3151.5333,  1.00000000,1,0,0.0,0.5
3151.5667,  1.00000000,1,0,0.0,0.5
3151.6000,  1.00000000,1,0,0.0,0.5
3151.6333,  1.00000000,1,0,0.0,0.5
3151.6667,  1.00000000,1,0,0.0,0.5
3151.7000,  1.00000000,1,0,0.0,0.5
3151.7333,  1.00000000,1,0,0.0,0.5
3151.7667,  1.00000000,1,0,0.0,0.5
3151.8000,  1.00000000,1,0,0.0,0.5
3151.8333,  1.00000000,1,0,0.0,0.5
3151.8667,  1.00000000,1,0,0.0,0.5
3151.9000,  1.00000000,1,0,0.0,0.5
3151.9333,  1.00000000,1,0,0.0,0.5
3151.9667,  1.00000000,1,0,0.0,0.5
3152.0000,  1.00000000,1,0,0.0,0.5
3152.0333,  1.00000000,1,0,0.0,0.5
3152.0667,  1.00000000,1,0,0.0,0.5
3152.1000,  1.00000000,1,0,0.0,0.5
3152.1333,  1.00000000,1,0,0.0,0.5
3152.1667,  1.00000000,1,0,0.0,0.5
3152.2000,  1.00000000,1,0,0.0,0.5
3152.2333,  1.00000000,1,0,0.0,0.5
3152.2667,  1.00000000,1,0,0.0,0.5
3152.3000,  1.00000000,1,0,0.0,0.5
3152.3333,  1.00000000,1,0,0.0,0.5
3152.3667,  1.00000000,1,0,0.0,0.5
3152.4000,  1.00000000,1,0,0.0,0.5
3152.4333,  1.00000000,1,0,0.0,0.5
3152.4667,  1.00000000,1,0,0.0,0.5
3152.5000,  1.00000000,1,0,0.0,0.5
3152.5333,  1.00000000,1,0,0.0,0.5
3152.5667,  1.00000000,1,0,0.0,0.5
3152.6000,  1.00000000,1,0,0.0,0.5
3152.6333,  1.00000000,1,0,0.0,0.5
3152.6667,  1.00000000,1,0,0.0,0.5
3152.7000,  1.00000000,1,0,0.0,0.5
3152.7333,  1.00000000,1,0,0.0,0.5
3152.7667,  1.00000000,1,0,0.0,0.5
3152.8000,  1.00000000,1,0,0.0,0.5
3152.8333,  1.00000000,1,0,0.025000000000000001,0.5
3152.8667,  1.00000000,1,0,0.0,0.5
3152.9000,  1.00000000,1,0,0.0,0.5
3152.9333,  1.00000000,1,0,0.0,0.5
3152.9667,  1.00000000,1,0,0.0,0.5
3153.0000,  1.00000000,1,0,0.0,0.5
3153.0333,  1.00000000,1,0,0.0,0.5
3153.0667,  1.00000000,1,0,0.0,0.5
3153.1000,  1.00000000,1,0,0.0,0.5
3153.1333,  1.00000000,1,0,0.0,0.5
3153.1667,  1.00000000,1,0,0.0,0.5
3153.2000,  1.00000000,1,0,0.0,0.5
3153.2333,  1.00000000,1,0,0.0,0.5
3153.2667,  1.00000000,1,0,0.0,0.5
3153.3000,  1.00000000,1,0,0.0,0.5
3153.3333,  1.00000000,1,0,0.0,0.5
3153.3667,  1.00000000,1,0,0.0,0.5
3153.4000,  1.00000000,1,0,0.0,0.5
3153.4333,  1.00000000,1,0,0.0,0.5
3153.4667,  1.00000000,1,0,0.0,0.5
3153.5000,  1.00000000,1,0,0.0,0.5
3153.5333,  1.00000000,1,0,0.0,0.5
3153.5667,  1.00000000,1,0,0.0,0.5
3153.6000,  1.00000000,1,0,0.0,0.5
3153.6333,  1.00000000,1,0,0.0,0.5
3153.6667,  1.00000000,1,0,0.0,0.5
3153.7000,  1.00000000,1,0,0.025000000000000001,0.5
3153.7333,  1.00000000,1,0,0.0,0.5
3153.7667,  1.00000000,1,0,0.0,0.5
3153.8000,  1.00000000,1,0,0.0,0.5
3153.8333,  1.00000000,1,0,0.0,0.5
3153.8667,  1.00000000,1,0,0.0,0.5
3153.9000,  1.00000000,1,0,0.0,0.5
3153.9333,  1.00000000,1,0,0.0,0.5
3153.9667,  1.00000000,1,0,0.0,0.5
3154.0000,  1.00000000,1,0,0.0,0.5
3154.0333,  1.00000000,1,0,0.0,0.5
3154.0667,  1.00000000,1,0,0.0,0.5
3154.1000,  1.00000000,1,0,0.0,0.5
3154.1333,  1.00000000,1,0,0.0,0.5
3154.1667,  1.00000000,1,0,0.0,0.5
3154.2000,  1.00000000,1,0,0.0,0.5
3154.2333,  1.00000000,1,0,0.0,0.5
3154.2667,  1.00000000,1,0,0.0,0.5
3154.3000,  1.00000000,1,0,0.0,0.5
3154.3333,  1.00000000,1,0,0.0,0.5
3154.3667,  1.00000000,1,0,0.0,0.5
3154.4000,  1.00000000,1,0,0.0,0.5
3154.4333,  1.00000000,1,0,0.0,0.5
3154.4667,  1.00000000,1,0,0.0,0.5
3154.5000,  1.00000000,1,0,0.0,0.5
3154.5333,  1.00000000,1,0,0.0,0.5
3154.5667,  1.00000000,1,0,0.0,0.5
3154.6000,  1.00000000,1,0,0.0,0.5
3154.6333,  1.00000000,1,0,0.025000000000000001,0.5
3154.6667,  1.00000000,1,0,0.0,0.5
3154.7000,  1.00000000,1,0,0.0,0.5
3154.7333,  1.00000000,1,0,0.0,0.5
3154.7667,  1.00000000,1,0,0.0,0.5
3154.8000,  1.00000000,1,0,0.0,0.5
3154.8333,  1.00000000,1,0,0.0,0.5
3154.8667,  1.00000000,1,0,0.0,0.5
3154.9000,  1.00000000,1,0,0.0,0.5
3154.9333,  1.00000000,1,0,0.0,0.5
3154.9667,  1.00000000,1,0,0.0,0.5
3155.0000,  1.00000000,1,0,0.025000000000000001,0.5
3155.0333,  1.00000000,1,0,0.0,0.5
3155.0667,  1.00000000,1,0,0.0,0.5
3155.1000,  1.00000000,1,0,0.0,0.5
3155.1333,  1.00000000,1,0,0.0,0.5
3155.1667,  1.00000000,1,0,0.0,0.5
3155.2000,  1.00000000,1,0,0.0,0.5
3155.2333,  1.00000000,1,0,0.0,0.5
3155.2667,  1.00000000,1,0,0.0,0.5
3155.3000,  1.00000000,1,0,0.0,0.5
3155.3333,  1.00000000,1,0,0.0,0.5
3155.3667,  1.00000000,1,0,0.0,0.5
3155.4000,  1.00000000,1,0,0.0,0.5
3155.4333,  1.00000000,1,0,0.0,0.5
3155.4667,  1.00000000,1,0,0.0,0.5
3155.5000,  1.00000000,1,0,0.0,0.5
3155.5333,  1.00000000,1,0,0.0,0.5
3155.5667,  1.00000000,1,0,0.0,0.5
3155.6000,  1.00000000,1,0,0.0,0.5
3155.6333,  1.00000000,1,0,0.0,0.5
3155.6667,  1.00000000,1,0,0.0,0.5
3155.7000,  1.00000000,1,0,0.0,0.5
3155.7333,  1.00000000,1,0,0.0,0.5
3155.7667,  1.00000000,1,0,0.0,0.5
3155.8000,  1.00000000,1,0,0.0,0.5
3155.8333,  1.00000000,1,0,0.0,0.5
3155.8667,  1.00000000,1,0,0.0,0.5
3155.9000,  1.00000000,1,0,0.0,0.5
3155.9333,  1.00000000,1,0,0.0,0.5
3155.9667,  1.00000000,1,0,0.0,0.5
3156.0000,  1.00000000,1,0,0.0,0.5
3156.0333,  1.00000000,1,0,0.0,0.5
3156.0667,  1.00000000,1,0,0.0,0.5
3156.1000,  1.00000000,1,0,0.025000000000000001,0.5
3156.1333,  1.00000000,1,0,0.0,0.5
3156.1667,  1.00000000,1,0,0.0,0.5
3156.2000,  1.00000000,1,0,0.0,0.5
3156.2333,  1.00000000,1,0,0.0,0.5
3156.2667,  1.00000000,1,0,0.0,0.5
3156.3000,  1.00000000,1,0,0.0,0.5
3156.3333,  1.00000000,1,0,0.0,0.5
3156.3667,  1.00000000,1,0,0.0,0.5
3156.4000,  1.00000000,1,0,0.0,0.5
3156.4333,  1.00000000,1,0,0.0,0.5
3156.4667,  1.00000000,1,0,0.0,0.5
3156.5000,  1.00000000,1,0,0.0,0.5
3156.5333,  1.00000000,1,0,0.0,0.5
3156.5667,  1.00000000,1,0,0.0,0.5
3156.6000,  1.00000000,1,0,0.0,0.5
3156.6333,  1.00000000,1,0,0.0,0.5
3156.6667,  1.00000000,1,0,0.0,0.5
3156.7000,  1.00000000,1,0,0.0,0.5
3156.7333,  1.00000000,1,0,0.0,0.5
3156.7667,  1.00000000,1,0,0.0,0.5
3156.8000,  1.00000000,1,0,0.0,0.5
3156.8333,  1.00000000,1,0,0.0,0.5
3156.8667,  1.00000000,1,0,0.0,0.5
3156.9000,  1.00000000,1,0,0.0,0.5
3156.9333,  1.00000000,1,0,0.0,0.5
3156.9667,  1.00000000,1,0,0.0,0.5
3157.0000,  1.00000000,1,0,0.0,0.5
3157.0333,  1.00000000,1,0,0.0,0.5
3157.0667,  1.00000000,1,0,0.0,0.5
3157.1000,  1.00000000,1,0,0.0,0.5
3157.1333,  1.00000000,1,0,0.0,0.5
3157.1667,  1.00000000,1,0,0.0,0.5
3157.2000,  1.00000000,1,0,0.0,0.5
3157.2333,  1.00000000,1,0,0.0,0.5
3157.2667,  1.00000000,1,0,0.0,0.5
3157.3000,  1.00000000,1,0,0.0,0.5
3157.3333,  1.00000000,1,0,0.0,0.5
3157.3667,  1.00000000,1,0,0.0,0.5
3157.4000,  1.00000000,1,0,0.0,0.5
3157.4333,  1.00000000,1,0,0.0,0.5
3157.4667,  1.00000000,1,0,0.0,0.5
3157.5000,  1.00000000,1,0,0.0,0.5
3157.5333,  1.00000000,1,0,0.0,0.5
3157.5667,  1.00000000,1,0,0.0,0.5
3157.6000,  1.00000000,1,0,0.0,0.5
3157.6333,  1.00000000,1,0,0.0,0.5
3157.6667,  1.00000000,1,0,0.0,0.5
3157.7000,  1.00000000,1,0,0.0,0.5
3157.7333,  1.00000000,1,0,0.0,0.5
3157.7667,  1.00000000,1,0,0.0,0.5
3157.8000,  1.00000000,1,0,0.0,0.5
3157.8333,  1.00000000,1,0,0.0,0.5
3157.8667,  1.00000000,1,0,0.0,0.5
3157.9000,  1.00000000,1,0,0.0,0.5
3157.9333,  1.00000000,1,0,0.0,0.5
3157.9667,  1.00000000,1,0,0.0,0.5
3158.0000,  1.00000000,1,0,0.0,0.5
3158.0333,  1.00000000,1,0,0.0,0.5
3158.0667,  1.00000000,1,0,0.0,0.5
3158.1000,  1.00000000,1,0,0.0,0.5
3158.1333,  1.00000000,1,0,0.0,0.5
3158.1667,  1.00000000,1,0,0.0,0.5
3158.2000,  1.00000000,1,0,0.0,0.5
3158.2333,  1.00000000,1,0,0.0,0.5
3158.2667,  1.00000000,1,0,0.0,0.5
3158.3000,  1.00000000,1,0,0.0,0.5
3158.3333,  1.00000000,1,0,0.0,0.5
3158.3667,  1.00000000,1,0,0.0,0.5
3158.4000,  1.00000000,1,0,0.0,0.5
3158.4333,  1.00000000,1,0,0.0,0.5
3158.4667,  1.00000000,1,0,0.0,0.5
3158.5000,  1.00000000,1,0,0.0,0.5
3158.5333,  1.00000000,1,0,0.0,0.5
3158.5667,  1.00000000,1,0,0.0,0.5
3158.6000,  1.00000000,1,0,0.0,0.5
3158.6333,  1.00000000,1,0,0.0,0.5
3158.6667,  1.00000000,1,0,0.0,0.5
3158.7000,  1.00000000,1,0,0.0,0.5
3158.7333,  1.00000000,1,0,0.0,0.5
3158.7667,  1.00000000,1,0,0.0,0.5
3158.8000,  1.00000000,1,0,0.0,0.5
3158.8333,  1.00000000,1,0,0.0,0.5
3158.8667,  1.00000000,1,0,0.0,0.5
3158.9000,  1.00000000,1,0,0.0,0.5
3158.9333,  1.00000000,1,0,0.0,0.5
3158.9667,  1.00000000,1,0,0.0,0.5
3159.0000,  1.00000000,1,0,0.0,0.5
3159.0333,  1.00000000,1,0,0.0,0.5
3159.0667,  1.00000000,1,0,0.0,0.5
3159.1000,  1.00000000,1,0,0.0,0.5
3159.1333,  1.00000000,1,0,0.0,0.5
3159.1667,  1.00000000,1,0,0.0,0.5
3159.2000,  1.00000000,1,0,0.0,0.5
3159.2333,  1.00000000,1,0,0.0,0.5
3159.2667,  1.00000000,1,0,0.0,0.5
3159.3000,  1.00000000,1,0,0.0,0.5
3159.3333,  1.00000000,1,0,0.0,0.5
3159.3667,  1.00000000,1,0,0.0,0.5
3159.4000,  1.00000000,1,0,0.0,0.5
3159.4333,  1.00000000,1,0,0.0,0.5
3159.4667,  1.00000000,1,0,0.0,0.5
3159.5000,  1.00000000,1,0,0.0,0.5
3159.5333,  1.00000000,1,0,0.0,0.5
3159.5667,  1.00000000,1,0,0.0,0.5
3159.6000,  1.00000000,1,0,0.0,0.5
3159.6333,  1.00000000,1,0,0.0,0.5
3159.6667,  1.00000000,1,0,0.0,0.5
3159.7000,  1.00000000,1,0,0.0,0.5
3159.7333,  1.00000000,1,0,0.0,0.5
3159.7667,  1.00000000,1,0,0.0,0.5
3159.8000,  1.00000000,1,0,0.0,0.5
3159.8333,  1.00000000,1,0,0.0,0.5
3159.8667,  1.00000000,1,0,0.0,0.5
3159.9000,  1.00000000,1,0,0.0,0.5
3159.9333,  1.00000000,1,0,0.0,0.5
3159.9667,  1.00000000,1,0,0.0,0.5
3160.0000,  1.00000000,1,0,0.0,0.5
3160.0333,  1.00000000,1,0,0.0,0.5
3160.0667,  1.00000000,1,0,0.0,0.5
3160.1000,  1.00000000,1,0,0.0,0.5
3160.1333,  1.00000000,1,0,0.0,0.5
3160.1667,  1.00000000,1,0,0.0,0.5
3160.2000,  1.00000000,1,0,0.0,0.5
3160.2333,  1.00000000,1,0,0.0,0.5
3160.2667,  1.00000000,1,0,0.0,0.5
3160.3000,  1.00000000,1,0,0.0,0.5
3160.3333,  1.00000000,1,0,0.0,0.5
3160.3667,  1.00000000,1,0,0.0,0.5
3160.4000,  1.00000000,1,0,0.0,0.5
3160.4333,  1.00000000,1,0,0.0,0.5
3160.4667,  1.00000000,1,0,0.0,0.5
3160.5000,  1.00000000,1,0,0.0,0.5
3160.5333,  1.00000000,1,0,0.0,0.5
3160.5667,  1.00000000,1,0,0.0,0.5
3160.6000,  1.00000000,1,0,0.0,0.5
3160.6333,  1.00000000,1,0,0.0,0.5
3160.6667,  1.00000000,1,0,0.0,0.5
3160.7000,  1.00000000,1,0,0.0,0.5
3160.7333,  1.00000000,1,0,0.0,0.5
3160.7667,  1.00000000,1,0,0.0,0.5
3160.8000,  1.00000000,1,0,0.0,0.5
3160.8333,  1.00000000,1,0,0.0,0.5
3160.8667,  1.00000000,1,0,0.0,0.5
3160.9000,  1.00000000,1,0,0.0,0.5
3160.9333,  1.00000000,1,0,0.0,0.5
3160.9667,  1.00000000,1,0,0.0,0.5
3161.0000,  1.00000000,1,0,0.0,0.5
3161.0333,  1.00000000,1,0,0.0,0.5
3161.0667,  1.00000000,1,0,0.0,0.5
3161.1000,  1.00000000,1,0,0.0,0.5
3161.1333,  1.00000000,1,0,0.0,0.5
3161.1667,  1.00000000,1,0,0.0,0.5
3161.2000,  1.00000000,1,0,0.0,0.5
3161.2333,  1.00000000,1,0,0.0,0.5
3161.2667,  1.00000000,1,0,0.0,0.5
3161.3000,  1.00000000,1,0,0.0,0.5
3161.3333,  1.00000000,1,0,0.0,0.5
3161.3667,  1.00000000,1,0,0.0,0.5
3161.4000,  1.00000000,1,0,0.0,0.5
3161.4333,  1.00000000,1,0,0.0,0.5
3161.4667,  1.00000000,1,0,0.0,0.5
3161.5000,  1.00000000,1,0,0.0,0.5
3161.5333,  1.00000000,1,0,0.0,0.5
3161.5667,  1.00000000,1,0,0.0,0.5
3161.6000,  1.00000000,1,0,0.0,0.5
3161.6333,  1.00000000,1,0,0.0,0.5
3161.6667,  1.00000000,1,0,0.0,0.5
3161.7000,  1.00000000,1,0,0.0,0.5
3161.7333,  1.00000000,1,0,0.0,0.5
3161.7667,  1.00000000,1,0,0.0,0.5
3161.8000,  1.00000000,1,0,0.0,0.5
3161.8333,  1.00000000,1,0,0.0,0.5
3161.8667,  1.00000000,1,0,0.0,0.5
3161.9000,  1.00000000,1,0,0.0,0.5
3161.9333,  1.00000000,1,0,0.0,0.5
3161.9667,  1.00000000,1,0,0.0,0.5
3162.0000,  1.00000000,1,0,0.0,0.5
3162.0333,  1.00000000,1,0,0.0,0.5
3162.0667,  1.00000000,1,0,0.0,0.5
3162.1000,  1.00000000,1,0,0.0,0.5
3162.1333,  1.00000000,1,0,0.025000000000000001,0.5
3162.1667,  1.00000000,1,0,0.0,0.5
3162.2000,  1.00000000,1,0,0.0,0.5
3162.2333,  1.00000000,1,0,0.0,0.5
3162.2667,  1.00000000,1,0,0.0,0.5
3162.3000,  1.00000000,1,0,0.0,0.5
3162.3333,  1.00000000,1,0,0.0,0.5
3162.3667,  1.00000000,1,0,0.0,0.5
3162.4000,  1.00000000,1,0,0.0,0.5
3162.4333,  1.00000000,1,0,0.0,0.5
3162.4667,  1.00000000,1,0,0.0,0.5
3162.5000,  1.00000000,1,0,0.0,0.5
3162.5333,  1.00000000,1,0,0.0,0.5
3162.5667,  1.00000000,1,0,0.0,0.5
3162.6000,  1.00000000,1,0,0.0,0.5
3162.6333,  1.00000000,1,0,0.0,0.5
3162.6667,  1.00000000,1,0,0.0,0.5
3162.7000,  1.00000000,1,0,0.0,0.5
3162.7333,  1.00000000,1,0,0.0,0.5
3162.7667,  1.00000000,1,0,0.0,0.5
3162.8000,  1.00000000,1,0,0.0,0.5
3162.8333,  1.00000000,1,0,0.0,0.5
3162.8667,  1.00000000,1,0,0.0,0.5
3162.9000,  1.00000000,1,0,0.0,0.5
3162.9333,  1.00000000,1,0,0.0,0.5
3162.9667,  1.00000000,1,0,0.0,0.5
3163.0000,  1.00000000,1,0,0.0,0.5
3163.0333,  1.00000000,1,0,0.0,0.5
3163.0667,  1.00000000,1,0,0.0,0.5
3163.1000,  1.00000000,1,0,0.0,0.5
3163.1333,  1.00000000,1,0,0.0,0.5
3163.1667,  1.00000000,1,0,0.0,0.5
3163.2000,  1.00000000,1,0,0.0,0.5
3163.2333,  1.00000000,1,0,0.0,0.5
3163.2667,  1.00000000,1,0,0.0,0.5
3163.3000,  1.00000000,1,0,0.0,0.5
3163.3333,  1.00000000,1,0,0.0,0.5
3163.3667,  1.00000000,1,0,0.0,0.5
3163.4000,  1.00000000,1,0,0.0,0.5
3163.4333,  1.00000000,1,0,0.0,0.5
3163.4667,  1.00000000,1,0,0.0,0.5
3163.5000,  1.00000000,1,0,0.0,0.5
3163.5333,  1.00000000,1,0,0.0,0.5
3163.5667,  1.00000000,1,0,0.0,0.5
3163.6000,  1.00000000,1,0,0.0,0.5
3163.6333,  1.00000000,1,0,0.0,0.5
3163.6667,  1.00000000,1,0,0.0,0.5
3163.7000,  1.00000000,1,0,0.0,0.5
3163.7333,  1.00000000,1,0,0.0,0.5
3163.7667,  1.00000000,1,0,0.0,0.5
3163.8000,  1.00000000,1,0,0.0,0.5
3163.8333,  1.00000000,1,0,0.0,0.5
3163.8667,  1.00000000,1,0,0.0,0.5
3163.9000,  1.00000000,1,0,0.0,0.5
3163.9333,  1.00000000,1,0,0.0,0.5
3163.9667,  1.00000000,1,0,0.0,0.5
3164.0000,  1.00000000,1,0,0.0,0.5
3164.0333,  1.00000000,1,0,0.0,0.5
3164.0667,  1.00000000,1,0,0.0,0.5
3164.1000,  1.00000000,1,0,0.0,0.5
3164.1333,  1.00000000,1,0,0.0,0.5
3164.1667,  1.00000000,1,0,0.0,0.5
3164.2000,  1.00000000,1,0,0.0,0.5
3164.2333,  1.00000000,1,0,0.0,0.5
3164.2667,  1.00000000,1,0,0.0,0.5
3164.3000,  1.00000000,1,0,0.0,0.5
3164.3333,  1.00000000,1,0,0.0,0.5
3164.3667,  1.00000000,1,0,0.0,0.5
3164.4000,  1.00000000,1,0,0.0,0.5
3164.4333,  1.00000000,1,0,0.0,0.5
3164.4667,  1.00000000,1,0,0.0,0.5
3164.5000,  1.00000000,1,0,0.0,0.5
3164.5333,  1.00000000,1,0,0.0,0.5
3164.5667,  1.00000000,1,0,0.0,0.5
3164.6000,  1.00000000,1,0,0.0,0.5
3164.6333,  1.00000000,1,0,0.0,0.5
3164.6667,  1.00000000,1,0,0.0,0.5
3164.7000,  1.00000000,1,0,0.0,0.5
3164.7333,  1.00000000,1,0,0.0,0.5
3164.7667,  1.00000000,1,0,0.0,0.5
3164.8000,  1.00000000,1,0,0.0,0.5
3164.8333,  1.00000000,1,0,0.0,0.5
3164.8667,  1.00000000,1,0,0.0,0.5
3164.9000,  1.00000000,1,0,0.0,0.5
3164.9333,  1.00000000,1,0,0.0,0.5
3164.9667,  1.00000000,1,0,0.0,0.5
3165.0000,  1.00000000,1,0,0.0,0.5
3165.0333,  1.00000000,1,0,0.0,0.5
3165.0667,  1.00000000,1,0,0.0,0.5
3165.1000,  1.00000000,1,0,0.0,0.5
3165.1333,  1.00000000,1,0,0.0,0.5
3165.1667,  1.00000000,1,0,0.0,0.5
3165.2000,  1.00000000,1,0,0.0,0.5
3165.2333,  1.00000000,1,0,0.0,0.5
3165.2667,  1.00000000,1,0,0.0,0.5
3165.3000,  1.00000000,1,0,0.0,0.5
3165.3333,  1.00000000,1,0,0.0,0.5
3165.3667,  1.00000000,1,0,0.0,0.5
3165.4000,  1.00000000,1,0,0.0,0.5
3165.4333,  1.00000000,1,0,0.0,0.5
3165.4667,  1.00000000,1,0,0.0,0.5
3165.5000,  1.00000000,1,0,0.0,0.5
3165.5333,  1.00000000,1,0,0.0,0.5
3165.5667,  1.00000000,1,0,0.0,0.5
3165.6000,  1.00000000,1,0,0.0,0.5
3165.6333,  1.00000000,1,0,0.0,0.5
3165.6667,  1.00000000,1,0,0.0,0.5
3165.7000,  1.00000000,1,0,0.0,0.5
3165.7333,  1.00000000,1,0,0.0,0.5
3165.7667,  1.00000000,1,0,0.0,0.5
3165.8000,  1.00000000,1,0,0.0,0.5
3165.8333,  1.00000000,1,0,0.0,0.5
3165.8667,  1.00000000,1,0,0.0,0.5
3165.9000,  1.00000000,1,0,0.0,0.5
3165.9333,  1.00000000,1,0,0.0,0.5
3165.9667,  1.00000000,1,0,0.0,0.5
3166.0000,  1.00000000,1,0,0.0,0.5
3166.0333,  1.00000000,1,0,0.0,0.5
3166.0667,  1.00000000,1,0,0.0,0.5
3166.1000,  1.00000000,1,0,0.0,0.5
3166.1333,  1.00000000,1,0,0.0,0.5
3166.1667,  1.00000000,1,0,0.0,0.5
3166.2000,  1.00000000,1,0,0.0,0.5
3166.2333,  1.00000000,1,0,0.0,0.5
3166.2667,  1.00000000,1,0,0.0,0.5
3166.3000,  1.00000000,1,0,0.0,0.5
3166.3333,  1.00000000,1,0,0.0,0.5
3166.3667,  1.00000000,1,0,0.0,0.5
3166.4000,  1.00000000,1,0,0.0,0.5
3166.4333,  1.00000000,1,0,0.0,0.5
3166.4667,  1.00000000,1,0,0.0,0.5
3166.5000,  1.00000000,1,0,0.0,0.5
3166.5333,  1.00000000,1,0,0.0,0.5
3166.5667,  1.00000000,1,0,0.0,0.5
3166.6000,  1.00000000,1,0,0.0,0.5
3166.6333,  1.00000000,1,0,0.0,0.5
3166.6667,  1.00000000,1,0,0.0,0.5
3166.7000,  1.00000000,1,0,0.0,0.5
3166.7333,  1.00000000,1,0,0.0,0.5
3166.7667,  1.00000000,1,0,0.0,0.5
3166.8000,  1.00000000,1,0,0.0,0.5
3166.8333,  1.00000000,1,0,0.0,0.5
3166.8667,  1.00000000,1,0,0.0,0.5
3166.9000,  1.00000000,1,0,0.0,0.5
3166.9333,  1.00000000,1,0,0.0,0.5
3166.9667,  1.00000000,1,0,0.0,0.5
3167.0000,  1.00000000,1,0,0.0,0.5
3167.0333,  1.00000000,1,0,0.0,0.5
3167.0667,  1.00000000,1,0,0.0,0.5
3167.1000,  1.00000000,1,0,0.0,0.5
3167.1333,  1.00000000,1,0,0.0,0.5
3167.1667,  1.00000000,1,0,0.0,0.5
3167.2000,  1.00000000,1,0,0.0,0.5
3167.2333,  1.00000000,1,0,0.0,0.5
3167.2667,  1.00000000,1,0,0.0,0.5
3167.3000,  1.00000000,1,0,0.0,0.5
3167.3333,  1.00000000,1,0,0.0,0.5
3167.3667,  1.00000000,1,0,0.0,0.5
3167.4000,  1.00000000,1,0,0.0,0.5
3167.4333,  1.00000000,1,0,0.0,0.5
3167.4667,  1.00000000,1,0,0.0,0.5
3167.5000,  1.00000000,1,0,0.0,0.5
3167.5333,  1.00000000,1,0,0.0,0.5
3167.5667,  1.00000000,1,0,0.0,0.5
3167.6000,  1.00000000,1,0,0.0,0.5
3167.6333,  1.00000000,1,0,0.0,0.5
3167.6667,  1.00000000,1,0,0.0,0.5
3167.7000,  1.00000000,1,0,0.0,0.5
3167.7333,  1.00000000,1,0,0.0,0.5
3167.7667,  1.00000000,1,0,0.0,0.5
3167.8000,  1.00000000,1,0,0.0,0.5
3167.8333,  1.00000000,1,0,0.0,0.5
3167.8667,  1.00000000,1,0,0.0,0.5
3167.9000,  1.00000000,1,0,0.0,0.5
3167.9333,  1.00000000,1,0,0.0,0.5
3167.9667,  1.00000000,1,0,0.0,0.5
3168.0000,  1.00000000,1,0,0.0,0.5
3168.0333,  1.00000000,1,0,0.0,0.5
3168.0667,  1.00000000,1,0,0.0,0.5
3168.1000,  1.00000000,1,0,0.0,0.5
3168.1333,  1.00000000,1,0,0.0,0.5
3168.1667,  1.00000000,1,0,0.0,0.5
3168.2000,  1.00000000,1,0,0.0,0.5
3168.2333,  1.00000000,1,0,0.0,0.5
3168.2667,  1.00000000,1,0,0.0,0.5
3168.3000,  1.00000000,1,0,0.0,0.5
3168.3333,  1.00000000,1,0,0.0,0.5
3168.3667,  1.00000000,1,0,0.025000000000000001,0.5
3168.4000,  1.00000000,1,0,0.0,0.5
3168.4333,  1.00000000,1,0,0.0,0.5
3168.4667,  1.00000000,1,0,0.0,0.5
3168.5000,  1.00000000,1,0,0.0,0.5
3168.5333,  1.00000000,1,0,0.0,0.5
3168.5667,  1.00000000,1,0,0.0,0.5
3168.6000,  1.00000000,1,0,0.0,0.5
3168.6333,  1.00000000,1,0,0.0,0.5
3168.6667,  1.00000000,1,0,0.0,0.5
3168.7000,  1.00000000,1,0,0.0,0.5
3168.7333,  1.00000000,1,0,0.025000000000000001,0.5
3168.7667,  1.00000000,1,0,0.0,0.5
3168.8000,  1.00000000,1,0,0.0,0.5
3168.8333,  1.00000000,1,0,0.0,0.5
3168.8667,  1.00000000,1,0,0.0,0.5
3168.9000,  1.00000000,1,0,0.0,0.5
3168.9333,  1.00000000,1,0,0.0,0.5
3168.9667,  1.00000000,1,0,0.0,0.5
3169.0000,  1.00000000,1,0,0.0,0.5
3169.0333,  1.00000000,1,0,0.0,0.5
3169.0667,  1.00000000,1,0,0.0,0.5
3169.1000,  1.00000000,1,0,0.0,0.5
3169.1333,  1.00000000,1,0,0.0,0.5
3169.1667,  1.00000000,1,0,0.025000000000000001,0.5
3169.2000,  1.00000000,1,0,0.0,0.5
3169.2333,  1.00000000,1,0,0.0,0.5
3169.2667,  1.00000000,1,0,0.0,0.5
3169.3000,  1.00000000,1,0,0.0,0.5
3169.3333,  1.00000000,1,0,0.0,0.5
3169.3667,  1.00000000,1,0,0.0,0.5
3169.4000,  1.00000000,1,0,0.0,0.5
3169.4333,  1.00000000,1,0,0.0,0.5
3169.4667,  1.00000000,1,0,0.0,0.5
3169.5000,  1.00000000,1,0,0.0,0.5
3169.5333,  1.00000000,1,0,0.0,0.5
3169.5667,  1.00000000,1,0,0.0,0.5
3169.6000,  1.00000000,1,0,0.0,0.5
3169.6333,  1.00000000,1,0,0.0,0.5
3169.6667,  1.00000000,1,0,0.0,0.5
3169.7000,  1.00000000,1,0,0.0,0.5
3169.7333,  1.00000000,1,0,0.0,0.5
3169.7667,  1.00000000,1,0,0.0,0.5
3169.8000,  1.00000000,1,0,0.0,0.5
3169.8333,  1.00000000,1,0,0.0,0.5
3169.8667,  1.00000000,1,0,0.0,0.5
3169.9000,  1.00000000,1,0,0.0,0.5
3169.9333,  1.00000000,1,0,0.0,0.5
3169.9667,  1.00000000,1,0,0.0,0.5
3170.0000,  1.00000000,1,0,0.0,0.5
3170.0333,  1.00000000,1,0,0.0,0.5
3170.0667,  1.00000000,1,0,0.0,0.5
3170.1000,  1.00000000,1,0,0.0,0.5
3170.1333,  1.00000000,1,0,0.0,0.5
3170.1667,  1.00000000,1,0,0.0,0.5
3170.2000,  1.00000000,1,0,0.0,0.5
3170.2333,  1.00000000,1,0,0.0,0.5
3170.2667,  1.00000000,1,0,0.0,0.5
3170.3000,  1.00000000,1,0,0.0,0.5
3170.3333,  1.00000000,1,0,0.0,0.5
3170.3667,  1.00000000,1,0,0.0,0.5
3170.4000,  1.00000000,1,0,0.0,0.5
3170.4333,  1.00000000,1,0,0.0,0.5
3170.4667,  1.00000000,1,0,0.0,0.5
3170.5000,  1.00000000,1,0,0.0,0.5
3170.5333,  1.00000000,1,0,0.0,0.5
3170.5667,  1.00000000,1,0,0.0,0.5
3170.6000,  1.00000000,1,0,0.0,0.5
3170.6333,  1.00000000,1,0,0.0,0.5
3170.6667,  1.00000000,1,0,0.0,0.5
3170.7000,  1.00000000,1,0,0.0,0.5
3170.7333,  1.00000000,1,0,0.0,0.5
3170.7667,  1.00000000,1,0,0.0,0.5
3170.8000,  1.00000000,1,0,0.0,0.5
3170.8333,  1.00000000,1,0,0.0,0.5
3170.8667,  1.00000000,1,0,0.0,0.5
3170.9000,  1.00000000,1,0,0.0,0.5
3170.9333,  1.00000000,1,0,0.0,0.5
3170.9667,  1.00000000,1,0,0.0,0.5
3171.0000,  1.00000000,1,0,0.0,0.5
3171.0333,  1.00000000,1,0,0.0,0.5
3171.0667,  1.00000000,1,0,0.0,0.5
3171.1000,  1.00000000,1,0,0.0,0.5
3171.1333,  1.00000000,1,0,0.0,0.5
3171.1667,  1.00000000,1,0,0.0,0.5
3171.2000,  1.00000000,1,0,0.0,0.5
3171.2333,  1.00000000,1,0,0.0,0.5
3171.2667,  1.00000000,1,0,0.0,0.5
3171.3000,  1.00000000,1,0,0.0,0.5
3171.3333,  1.00000000,1,0,0.0,0.5
3171.3667,  1.00000000,1,0,0.0,0.5
3171.4000,  1.00000000,1,0,0.0,0.5
3171.4333,  1.00000000,1,0,0.0,0.5
3171.4667,  1.00000000,1,0,0.0,0.5
3171.5000,  1.00000000,1,0,0.0,0.5
3171.5333,  1.00000000,1,0,0.0,0.5
3171.5667,  1.00000000,1,0,0.0,0.5
3171.6000,  1.00000000,1,0,0.0,0.5
3171.6333,  1.00000000,1,0,0.0,0.5
3171.6667,  1.00000000,1,0,0.0,0.5
3171.7000,  1.00000000,1,0,0.0,0.5
3171.7333,  1.00000000,1,0,0.0,0.5
3171.7667,  1.00000000,1,0,0.0,0.5
3171.8000,  1.00000000,1,0,0.0,0.5
3171.8333,  1.00000000,1,0,0.0,0.5
3171.8667,  1.00000000,1,0,0.0,0.5
3171.9000,  1.00000000,1,0,0.0,0.5
3171.9333,  1.00000000,1,0,0.0,0.5
3171.9667,  1.00000000,1,0,0.0,0.5
3172.0000,  1.00000000,1,0,0.0,0.5
3172.0333,  1.00000000,1,0,0.0,0.5
3172.0667,  1.00000000,1,0,0.0,0.5
3172.1000,  1.00000000,1,0,0.0,0.5
3172.1333,  1.00000000,1,0,0.0,0.5
3172.1667,  1.00000000,1,0,0.0,0.5
3172.2000,  1.00000000,1,0,0.0,0.5
3172.2333,  1.00000000,1,0,0.0,0.5
3172.2667,  1.00000000,1,0,0.0,0.5
3172.3000,  1.00000000,1,0,0.0,0.5
3172.3333,  1.00000000,1,0,0.0,0.5
3172.3667,  1.00000000,1,0,0.0,0.5
3172.4000,  1.00000000,1,0,0.0,0.5
3172.4333,  1.00000000,1,0,0.0,0.5
3172.4667,  1.00000000,1,0,0.0,0.5
3172.5000,  1.00000000,1,0,0.0,0.5
3172.5333,  1.00000000,1,0,0.0,0.5
3172.5667,  1.00000000,1,0,0.0,0.5
3172.6000,  1.00000000,1,0,0.025000000000000001,0.5
3172.6333,  1.00000000,1,0,0.0,0.5
3172.6667,  1.00000000,1,0,0.0,0.5
3172.7000,  1.00000000,1,0,0.0,0.5
3172.7333,  1.00000000,1,0,0.0,0.5
3172.7667,  1.00000000,1,0,0.0,0.5
3172.8000,  1.00000000,1,0,0.0,0.5
3172.8333,  1.00000000,1,0,0.0,0.5
3172.8667,  1.00000000,1,0,0.0,0.5
3172.9000,  1.00000000,1,0,0.0,0.5
3172.9333,  1.00000000,1,0,0.0,0.5
3172.9667,  1.00000000,1,0,0.0,0.5
3173.0000,  1.00000000,1,0,0.0,0.5
3173.0333,  1.00000000,1,0,0.0,0.5
3173.0667,  1.00000000,1,0,0.0,0.5
3173.1000,  1.00000000,1,0,0.0,0.5
3173.1333,  1.00000000,1,0,0.0,0.5
3173.1667,  1.00000000,1,0,0.0,0.5
3173.2000,  1.00000000,1,0,0.0,0.5
3173.2333,  1.00000000,1,0,0.0,0.5
3173.2667,  1.00000000,1,0,0.0,0.5
3173.3000,  1.00000000,1,0,0.0,0.5
3173.3333,  1.00000000,1,0,0.0,0.5
3173.3667,  1.00000000,1,0,0.0,0.5
3173.4000,  1.00000000,1,0,0.0,0.5
3173.4333,  1.00000000,1,0,0.0,0.5
3173.4667,  1.00000000,1,0,0.0,0.5
3173.5000,  1.00000000,1,0,0.0,0.5
3173.5333,  1.00000000,1,0,0.0,0.5
3173.5667,  1.00000000,1,0,0.0,0.5
3173.6000,  1.00000000,1,0,0.0,0.5
3173.6333,  1.00000000,1,0,0.0,0.5
3173.6667,  1.00000000,1,0,0.0,0.5
3173.7000,  1.00000000,1,0,0.0,0.5
3173.7333,  1.00000000,1,0,0.0,0.5
3173.7667,  1.00000000,1,0,0.0,0.5
3173.8000,  1.00000000,1,0,0.0,0.5
3173.8333,  1.00000000,1,0,0.0,0.5
3173.8667,  1.00000000,1,0,0.0,0.5
3173.9000,  1.00000000,1,0,0.0,0.5
3173.9333,  1.00000000,1,0,0.0,0.5
3173.9667,  1.00000000,1,0,0.0,0.5
3174.0000,  1.00000000,1,0,0.0,0.5
3174.0333,  1.00000000,1,0,0.0,0.5
3174.0667,  1.00000000,1,0,0.0,0.5
3174.1000,  1.00000000,1,0,0.0,0.5
3174.1333,  1.00000000,1,0,0.0,0.5
3174.1667,  1.00000000,1,0,0.0,0.5
3174.2000,  1.00000000,1,0,0.0,0.5
3174.2333,  1.00000000,1,0,0.0,0.5
3174.2667,  1.00000000,1,0,0.0,0.5
3174.3000,  1.00000000,1,0,0.0,0.5
3174.3333,  1.00000000,1,0,0.0,0.5
3174.3667,  1.00000000,1,0,0.0,0.5
3174.4000,  1.00000000,1,0,0.0,0.5
3174.4333,  1.00000000,1,0,0.0,0.5
3174.4667,  1.00000000,1,0,0.0,0.5
3174.5000,  1.00000000,1,0,0.025000000000000001,0.5
3174.5333,  1.00000000,1,0,0.0,0.5
3174.5667,  1.00000000,1,0,0.0,0.5
3174.6000,  1.00000000,1,0,0.0,0.5
3174.6333,  1.00000000,1,0,0.0,0.5
3174.6667,  1.00000000,1,0,0.0,0.5
3174.7000,  1.00000000,1,0,0.0,0.5
3174.7333,  1.00000000,1,0,0.0,0.5
3174.7667,  1.00000000,1,0,0.0,0.5
3174.8000,  1.00000000,1,0,0.0,0.5
3174.8333,  1.00000000,1,0,0.0,0.5
3174.8667,  1.00000000,1,0,0.0,0.5
3174.9000,  1.00000000,1,0,0.0,0.5
3174.9333,  1.00000000,1,0,0.0,0.5
3174.9667,  1.00000000,1,0,0.0,0.5
3175.0000,  1.00000000,1,0,0.0,0.5
3175.0333,  1.00000000,1,0,0.0,0.5
3175.0667,  1.00000000,1,0,0.0,0.5
3175.1000,  1.00000000,1,0,0.0,0.5
3175.1333,  1.00000000,1,0,0.0,0.5
3175.1667,  1.00000000,1,0,0.0,0.5
3175.2000,  1.00000000,1,0,0.0,0.5
3175.2333,  1.00000000,1,0,0.0,0.5
3175.2667,  1.00000000,1,0,0.0,0.5
3175.3000,  1.00000000,1,0,0.0,0.5
3175.3333,  1.00000000,1,0,0.0,0.5
3175.3667,  1.00000000,1,0,0.0,0.5
3175.4000,  1.00000000,1,0,0.0,0.5
3175.4333,  1.00000000,1,0,0.0,0.5
3175.4667,  1.00000000,1,0,0.0,0.5
3175.5000,  1.00000000,1,0,0.0,0.5
3175.5333,  1.00000000,1,0,0.0,0.5
3175.5667,  1.00000000,1,0,0.0,0.5
3175.6000,  1.00000000,1,0,0.0,0.5
3175.6333,  1.00000000,1,0,0.0,0.5
3175.6667,  1.00000000,1,0,0.0,0.5
3175.7000,  1.00000000,1,0,0.0,0.5
3175.7333,  1.00000000,1,0,0.025000000000000001,0.5
3175.7667,  1.00000000,1,0,0.0,0.5
3175.8000,  1.00000000,1,0,0.0,0.5
3175.8333,  1.00000000,1,0,0.0,0.5
3175.8667,  1.00000000,1,0,0.0,0.5
3175.9000,  1.00000000,1,0,0.0,0.5
3175.9333,  1.00000000,1,0,0.0,0.5
3175.9667,  1.00000000,1,0,0.0,0.5
3176.0000,  1.00000000,1,0,0.0,0.5
3176.0333,  1.00000000,1,0,0.0,0.5
3176.0667,  1.00000000,1,0,0.0,0.5
3176.1000,  1.00000000,1,0,0.0,0.5
3176.1333,  1.00000000,1,0,0.0,0.5
3176.1667,  1.00000000,1,0,0.0,0.5
3176.2000,  1.00000000,1,0,0.0,0.5
3176.2333,  1.00000000,1,0,0.0,0.5
3176.2667,  1.00000000,1,0,0.0,0.5
3176.3000,  1.00000000,1,0,0.0,0.5
3176.3333,  1.00000000,1,0,0.0,0.5
3176.3667,  1.00000000,1,0,0.0,0.5
3176.4000,  1.00000000,1,0,0.0,0.5
3176.4333,  1.00000000,1,0,0.0,0.5
3176.4667,  1.00000000,1,0,0.0,0.5
3176.5000,  1.00000000,1,0,0.0,0.5
3176.5333,  1.00000000,1,0,0.0,0.5
3176.5667,  1.00000000,1,0,0.0,0.5
3176.6000,  1.00000000,1,0,0.0,0.5
3176.6333,  1.00000000,1,0,0.0,0.5
3176.6667,  1.00000000,1,0,0.0,0.5
3176.7000,  1.00000000,1,0,0.0,0.5
3176.7333,  1.00000000,1,0,0.0,0.5
3176.7667,  1.00000000,1,0,0.0,0.5
3176.8000,  1.00000000,1,0,0.0,0.5
3176.8333,  1.00000000,1,0,0.0,0.5
3176.8667,  1.00000000,1,0,0.0,0.5
3176.9000,  1.00000000,1,0,0.0,0.5
3176.9333,  1.00000000,1,0,0.0,0.5
3176.9667,  1.00000000,1,0,0.0,0.5
3177.0000,  1.00000000,1,0,0.0,0.5
3177.0333,  1.00000000,1,0,0.0,0.5
3177.0667,  1.00000000,1,0,0.0,0.5
3177.1000,  1.00000000,1,0,0.0,0.5
3177.1333,  1.00000000,1,0,0.0,0.5
3177.1667,  1.00000000,1,0,0.0,0.5
3177.2000,  1.00000000,1,0,0.0,0.5
3177.2333,  1.00000000,1,0,0.0,0.5
3177.2667,  1.00000000,1,0,0.0,0.5
3177.3000,  1.00000000,1,0,0.0,0.5
3177.3333,  1.00000000,1,0,0.0,0.5
3177.3667,  1.00000000,1,0,0.0,0.5
3177.4000,  1.00000000,1,0,0.0,0.5
3177.4333,  1.00000000,1,0,0.025000000000000001,0.5
3177.4667,  1.00000000,1,0,0.0,0.5
3177.5000,  1.00000000,1,0,0.0,0.5
3177.5333,  1.00000000,1,0,0.0,0.5
3177.5667,  1.00000000,1,0,0.0,0.5
3177.6000,  1.00000000,1,0,0.0,0.5
3177.6333,  1.00000000,1,0,0.0,0.5
3177.6667,  1.00000000,1,0,0.0,0.5
3177.7000,  1.00000000,1,0,0.0,0.5
3177.7333,  1.00000000,1,0,0.0,0.5
3177.7667,  1.00000000,1,0,0.0,0.5
3177.8000,  1.00000000,1,0,0.0,0.5
3177.8333,  1.00000000,1,0,0.0,0.5
3177.8667,  1.00000000,1,0,0.0,0.5
3177.9000,  1.00000000,1,0,0.0,0.5
3177.9333,  1.00000000,1,0,0.0,0.5
3177.9667,  1.00000000,1,0,0.0,0.5
3178.0000,  1.00000000,1,0,0.0,0.5
3178.0333,  1.00000000,1,0,0.0,0.5
3178.0667,  1.00000000,1,0,0.0,0.5
3178.1000,  1.00000000,1,0,0.0,0.5
3178.1333,  1.00000000,1,0,0.0,0.5
3178.1667,  1.00000000,1,0,0.0,0.5
3178.2000,  1.00000000,1,0,0.0,0.5
3178.2333,  1.00000000,1,0,0.0,0.5
3178.2667,  1.00000000,1,0,0.0,0.5
3178.3000,  1.00000000,1,0,0.0,0.5
3178.3333,  1.00000000,1,0,0.0,0.5
3178.3667,  1.00000000,1,0,0.0,0.5
3178.4000,  1.00000000,1,0,0.0,0.5
3178.4333,  1.00000000,1,0,0.0,0.5
3178.4667,  1.00000000,1,0,0.0,0.5
3178.5000,  1.00000000,1,0,0.0,0.5
3178.5333,  1.00000000,1,0,0.0,0.5
3178.5667,  1.00000000,1,0,0.0,0.5
3178.6000,  1.00000000,1,0,0.0,0.5
3178.6333,  1.00000000,1,0,0.0,0.5
3178.6667,  1.00000000,1,0,0.0,0.5
3178.7000,  1.00000000,1,0,0.0,0.5
3178.7333,  1.00000000,1,0,0.0,0.5
3178.7667,  1.00000000,1,0,0.0,0.5
3178.8000,  1.00000000,1,0,0.0,0.5
3178.8333,  1.00000000,1,0,0.0,0.5
3178.8667,  1.00000000,1,0,0.0,0.5
3178.9000,  1.00000000,1,0,0.0,0.5
3178.9333,  1.00000000,1,0,0.0,0.5
3178.9667,  1.00000000,1,0,0.025000000000000001,0.5
3179.0000,  1.00000000,1,0,0.0,0.5
3179.0333,  1.00000000,1,0,0.025000000000000001,0.5
3179.0667,  1.00000000,1,0,0.0,0.5
3179.1000,  1.00000000,1,0,0.0,0.5
3179.1333,  1.00000000,1,0,0.0,0.5
3179.1667,  1.00000000,1,0,0.0,0.5
3179.2000,  1.00000000,1,0,0.0,0.5
3179.2333,  1.00000000,1,0,0.025000000000000001,0.5
3179.2667,  1.00000000,1,0,0.0,0.5
3179.3000,  1.00000000,1,0,0.0,0.5
3179.3333,  1.00000000,1,0,0.0,0.5
3179.3667,  1.00000000,1,0,0.0,0.5
3179.4000,  1.00000000,1,0,0.0,0.5
3179.4333,  1.00000000,1,0,0.0,0.5
3179.4667,  1.00000000,1,0,0.0,0.5
3179.5000,  1.00000000,1,0,0.0,0.5
3179.5333,  1.00000000,1,0,0.0,0.5
3179.5667,  1.00000000,1,0,0.0,0.5
3179.6000,  1.00000000,1,0,0.0,0.5
3179.6333,  1.00000000,1,0,0.0,0.5
3179.6667,  1.00000000,1,0,0.0,0.5
3179.7000,  1.00000000,1,0,0.0,0.5
3179.7333,  1.00000000,1,0,0.0,0.5
3179.7667,  1.00000000,1,0,0.0,0.5
3179.8000,  1.00000000,1,0,0.0,0.5
3179.8333,  1.00000000,1,0,0.0,0.5
3179.8667,  1.00000000,1,0,0.0,0.5
3179.9000,  1.00000000,1,0,0.0,0.5
3179.9333,  1.00000000,1,0,0.0,0.5
3179.9667,  1.00000000,1,0,0.0,0.5
3180.0000,  1.00000000,1,0,0.0,0.5
3180.0333,  1.00000000,1,0,0.0,0.5
3180.0667,  1.00000000,1,0,0.0,0.5
3180.1000,  1.00000000,1,0,0.0,0.5
3180.1333,  1.00000000,1,0,0.0,0.5
3180.1667,  1.00000000,1,0,0.0,0.5
3180.2000,  1.00000000,1,0,0.0,0.5
3180.2333,  1.00000000,1,0,0.0,0.5
3180.2667,  1.00000000,1,0,0.0,0.5
3180.3000,  1.00000000,1,0,0.0,0.5
3180.3333,  1.00000000,1,0,0.0,0.5
3180.3667,  1.00000000,1,0,0.0,0.5
3180.4000,  1.00000000,1,0,0.0,0.5
3180.4333,  1.00000000,1,0,0.0,0.5
3180.4667,  1.00000000,1,0,0.0,0.5
3180.5000,  1.00000000,1,0,0.0,0.5
3180.5333,  1.00000000,1,0,0.0,0.5
3180.5667,  1.00000000,1,0,0.0,0.5
3180.6000,  1.00000000,1,0,0.0,0.5
3180.6333,  1.00000000,1,0,0.0,0.5
3180.6667,  1.00000000,1,0,0.0,0.5
3180.7000,  1.00000000,1,0,0.0,0.5
3180.7333,  1.00000000,1,0,0.0,0.5
3180.7667,  1.00000000,1,0,0.0,0.5
3180.8000,  1.00000000,1,0,0.0,0.5
3180.8333,  1.00000000,1,0,0.0,0.5
3180.8667,  1.00000000,1,0,0.0,0.5
3180.9000,  1.00000000,1,0,0.0,0.5
3180.9333,  1.00000000,1,0,0.0,0.5
3180.9667,  1.00000000,1,0,0.0,0.5
3181.0000,  1.00000000,1,0,0.0,0.5
3181.0333,  1.00000000,1,0,0.025000000000000001,0.5
3181.0667,  1.00000000,1,0,0.0,0.5
3181.1000,  1.00000000,1,0,0.0,0.5
3181.1333,  1.00000000,1,0,0.0,0.5
3181.1667,  1.00000000,1,0,0.0,0.5
3181.2000,  1.00000000,1,0,0.0,0.5
3181.2333,  1.00000000,1,0,0.0,0.5
3181.2667,  1.00000000,1,0,0.0,0.5
3181.3000,  1.00000000,1,0,0.0,0.5
3181.3333,  1.00000000,1,0,0.0,0.5
3181.3667,  1.00000000,1,0,0.0,0.5
3181.4000,  1.00000000,1,0,0.0,0.5
3181.4333,  1.00000000,1,0,0.0,0.5
3181.4667,  1.00000000,1,0,0.0,0.5
3181.5000,  1.00000000,1,0,0.0,0.5
3181.5333,  1.00000000,1,0,0.0,0.5
3181.5667,  1.00000000,1,0,0.0,0.5
3181.6000,  1.00000000,1,0,0.0,0.5
3181.6333,  1.00000000,1,0,0.0,0.5
3181.6667,  1.00000000,1,0,0.0,0.5
3181.7000,  1.00000000,1,0,0.0,0.5
3181.7333,  1.00000000,1,0,0.0,0.5
3181.7667,  1.00000000,1,0,0.0,0.5
3181.8000,  1.00000000,1,0,0.0,0.5
3181.8333,  1.00000000,1,0,0.0,0.5
3181.8667,  1.00000000,1,0,0.0,0.5
3181.9000,  1.00000000,1,0,0.0,0.5
3181.9333,  1.00000000,1,0,0.0,0.5
3181.9667,  1.00000000,1,0,0.0,0.5
3182.0000,  1.00000000,1,0,0.0,0.5
3182.0333,  1.00000000,1,0,0.0,0.5
3182.0667,  1.00000000,1,0,0.0,0.5
3182.1000,  1.00000000,1,0,0.0,0.5
3182.1333,  1.00000000,1,0,0.0,0.5
3182.1667,  1.00000000,1,0,0.0,0.5
3182.2000,  1.00000000,1,0,0.0,0.5
3182.2333,  1.00000000,1,0,0.0,0.5
3182.2667,  1.00000000,1,0,0.0,0.5
3182.3000,  1.00000000,1,0,0.0,0.5
3182.3333,  1.00000000,1,0,0.0,0.5
3182.3667,  1.00000000,1,0,0.0,0.5
3182.4000,  1.00000000,1,0,0.0,0.5
3182.4333,  1.00000000,1,0,0.0,0.5
3182.4667,  1.00000000,1,0,0.0,0.5
3182.5000,  1.00000000,1,0,0.0,0.5
3182.5333,  1.00000000,1,0,0.0,0.5
3182.5667,  1.00000000,1,0,0.0,0.5
3182.6000,  1.00000000,1,0,0.0,0.5
3182.6333,  1.00000000,1,0,0.0,0.5
3182.6667,  1.00000000,1,0,0.0,0.5
3182.7000,  1.00000000,1,0,0.0,0.5
3182.7333,  1.00000000,1,0,0.0,0.5
3182.7667,  1.00000000,1,0,0.0,0.5
3182.8000,  1.00000000,1,0,0.0,0.5
3182.8333,  1.00000000,1,0,0.0,0.5
3182.8667,  1.00000000,1,0,0.0,0.5
3182.9000,  1.00000000,1,0,0.0,0.5
3182.9333,  1.00000000,1,0,0.0,0.5
3182.9667,  1.00000000,1,0,0.0,0.5
3183.0000,  1.00000000,1,0,0.0,0.5
3183.0333,  1.00000000,1,0,0.0,0.5
3183.0667,  1.00000000,1,0,0.0,0.5
3183.1000,  1.00000000,1,0,0.0,0.5
3183.1333,  1.00000000,1,0,0.0,0.5
3183.1667,  1.00000000,1,0,0.0,0.5
3183.2000,  1.00000000,1,0,0.0,0.5
3183.2333,  1.00000000,1,0,0.0,0.5
3183.2667,  1.00000000,1,0,0.0,0.5
3183.3000,  1.00000000,1,0,0.0,0.5
3183.3333,  1.00000000,1,0,0.0,0.5
3183.3667,  1.00000000,1,0,0.0,0.5
3183.4000,  1.00000000,1,0,0.0,0.5
3183.4333,  1.00000000,1,0,0.0,0.5
3183.4667,  1.00000000,1,0,0.0,0.5
3183.5000,  1.00000000,1,0,0.0,0.5
3183.5333,  1.00000000,1,0,0.0,0.5
3183.5667,  1.00000000,1,0,0.0,0.5
3183.6000,  1.00000000,1,0,0.0,0.5
3183.6333,  1.00000000,1,0,0.0,0.5
3183.6667,  1.00000000,1,0,0.0,0.5
3183.7000,  1.00000000,1,0,0.0,0.5
3183.7333,  1.00000000,1,0,0.0,0.5
3183.7667,  1.00000000,1,0,0.0,0.5
3183.8000,  1.00000000,1,0,0.0,0.5
3183.8333,  1.00000000,1,0,0.0,0.5
3183.8667,  1.00000000,1,0,0.0,0.5
3183.9000,  1.00000000,1,0,0.0,0.5
3183.9333,  1.00000000,1,0,0.0,0.5
3183.9667,  1.00000000,1,0,0.0,0.5
3184.0000,  1.00000000,1,0,0.0,0.5
3184.0333,  1.00000000,1,0,0.0,0.5
3184.0667,  1.00000000,1,0,0.0,0.5
3184.1000,  1.00000000,1,0,0.0,0.5
3184.1333,  1.00000000,1,0,0.0,0.5
3184.1667,  1.00000000,1,0,0.0,0.5
3184.2000,  1.00000000,1,0,0.0,0.5
3184.2333,  1.00000000,1,0,0.0,0.5
3184.2667,  1.00000000,1,0,0.0,0.5
3184.3000,  1.00000000,1,0,0.0,0.5
3184.3333,  1.00000000,1,0,0.0,0.5
3184.3667,  1.00000000,1,0,0.0,0.5
3184.4000,  1.00000000,1,0,0.0,0.5
3184.4333,  1.00000000,1,0,0.0,0.5
3184.4667,  1.00000000,1,0,0.0,0.5
3184.5000,  1.00000000,1,0,0.0,0.5
3184.5333,  1.00000000,1,0,0.0,0.5
3184.5667,  1.00000000,1,0,0.0,0.5
3184.6000,  1.00000000,1,0,0.0,0.5
3184.6333,  1.00000000,1,0,0.0,0.5
3184.6667,  1.00000000,1,0,0.0,0.5
3184.7000,  1.00000000,1,0,0.0,0.5
3184.7333,  1.00000000,1,0,0.0,0.5
3184.7667,  1.00000000,1,0,0.0,0.5
3184.8000,  1.00000000,1,0,0.0,0.5
3184.8333,  1.00000000,1,0,0.0,0.5
3184.8667,  1.00000000,1,0,0.0,0.5
3184.9000,  1.00000000,1,0,0.0,0.5
3184.9333,  1.00000000,1,0,0.0,0.5
3184.9667,  1.00000000,1,0,0.0,0.5
3185.0000,  1.00000000,1,0,0.0,0.5
3185.0333,  1.00000000,1,0,0.0,0.5
3185.0667,  1.00000000,1,0,0.0,0.5
3185.1000,  1.00000000,1,0,0.0,0.5
3185.1333,  1.00000000,1,0,0.0,0.5
3185.1667,  1.00000000,1,0,0.0,0.5
3185.2000,  1.00000000,1,0,0.0,0.5
3185.2333,  1.00000000,1,0,0.0,0.5
3185.2667,  1.00000000,1,0,0.0,0.5
3185.3000,  1.00000000,1,0,0.0,0.5
3185.3333,  1.00000000,1,0,0.0,0.5
3185.3667,  1.00000000,1,0,0.0,0.5
3185.4000,  1.00000000,1,0,0.0,0.5
3185.4333,  1.00000000,1,0,0.0,0.5
3185.4667,  1.00000000,1,0,0.0,0.5
3185.5000,  1.00000000,1,0,0.0,0.5
3185.5333,  1.00000000,1,0,0.0,0.5
3185.5667,  1.00000000,1,0,0.0,0.5
3185.6000,  1.00000000,1,0,0.0,0.5
3185.6333,  1.00000000,1,0,0.0,0.5
3185.6667,  1.00000000,1,0,0.0,0.5
3185.7000,  1.00000000,1,0,0.0,0.5
3185.7333,  1.00000000,1,0,0.0,0.5
3185.7667,  1.00000000,1,0,0.0,0.5
3185.8000,  1.00000000,1,0,0.0,0.5
3185.8333,  1.00000000,1,0,0.0,0.5
3185.8667,  1.00000000,1,0,0.0,0.5
3185.9000,  1.00000000,1,0,0.0,0.5
3185.9333,  1.00000000,1,0,0.0,0.5
3185.9667,  1.00000000,1,0,0.0,0.5
3186.0000,  1.00000000,1,0,0.0,0.5
3186.0333,  1.00000000,1,0,0.0,0.5
3186.0667,  1.00000000,1,0,0.0,0.5
3186.1000,  1.00000000,1,0,0.0,0.5
3186.1333,  1.00000000,1,0,0.0,0.5
3186.1667,  1.00000000,1,0,0.0,0.5
3186.2000,  1.00000000,1,0,0.0,0.5
3186.2333,  1.00000000,1,0,0.0,0.5
3186.2667,  1.00000000,1,0,0.0,0.5
3186.3000,  1.00000000,1,0,0.0,0.5
3186.3333,  1.00000000,1,0,0.0,0.5
3186.3667,  1.00000000,1,0,0.0,0.5
3186.4000,  1.00000000,1,0,0.0,0.5
3186.4333,  1.00000000,1,0,0.0,0.5
3186.4667,  1.00000000,1,0,0.0,0.5
3186.5000,  1.00000000,1,0,0.0,0.5
3186.5333,  1.00000000,1,0,0.0,0.5
3186.5667,  1.00000000,1,0,0.0,0.5
3186.6000,  1.00000000,1,0,0.0,0.5
3186.6333,  1.00000000,1,0,0.0,0.5
3186.6667,  1.00000000,1,0,0.0,0.5
3186.7000,  1.00000000,1,0,0.0,0.5
3186.7333,  1.00000000,1,0,0.0,0.5
3186.7667,  1.00000000,1,0,0.0,0.5
3186.8000,  1.00000000,1,0,0.0,0.5
3186.8333,  1.00000000,1,0,0.0,0.5
3186.8667,  1.00000000,1,0,0.0,0.5
3186.9000,  1.00000000,1,0,0.0,0.5
3186.9333,  1.00000000,1,0,0.0,0.5
3186.9667,  1.00000000,1,0,0.0,0.5
3187.0000,  1.00000000,1,0,0.0,0.5
3187.0333,  1.00000000,1,0,0.0,0.5
3187.0667,  1.00000000,1,0,0.0,0.5
3187.1000,  1.00000000,1,0,0.0,0.5
3187.1333,  1.00000000,1,0,0.0,0.5
3187.1667,  1.00000000,1,0,0.0,0.5
3187.2000,  1.00000000,1,0,0.0,0.5
3187.2333,  1.00000000,1,0,0.0,0.5
3187.2667,  1.00000000,1,0,0.0,0.5
3187.3000,  1.00000000,1,0,0.0,0.5
3187.3333,  1.00000000,1,0,0.0,0.5
3187.3667,  1.00000000,1,0,0.0,0.5
3187.4000,  1.00000000,1,0,0.0,0.5
3187.4333,  1.00000000,1,0,0.0,0.5
3187.4667,  1.00000000,1,0,0.0,0.5
3187.5000,  1.00000000,1,0,0.0,0.5
3187.5333,  1.00000000,1,0,0.0,0.5
3187.5667,  1.00000000,1,0,0.0,0.5
3187.6000,  1.00000000,1,0,0.0,0.5
3187.6333,  1.00000000,1,0,0.0,0.5
3187.6667,  1.00000000,1,0,0.0,0.5
3187.7000,  1.00000000,1,0,0.0,0.5
3187.7333,  1.00000000,1,0,0.0,0.5
3187.7667,  1.00000000,1,0,0.0,0.5
3187.8000,  1.00000000,1,0,0.0,0.5
3187.8333,  1.00000000,1,0,0.0,0.5
3187.8667,  1.00000000,1,0,0.0,0.5
3187.9000,  1.00000000,1,0,0.0,0.5
3187.9333,  1.00000000,1,0,0.0,0.5
3187.9667,  1.00000000,1,0,0.0,0.5
3188.0000,  1.00000000,1,0,0.025000000000000001,0.5
3188.0333,  1.00000000,1,0,0.0,0.5
3188.0667,  1.00000000,1,0,0.0,0.5
3188.1000,  1.00000000,1,0,0.0,0.5
3188.1333,  1.00000000,1,0,0.0,0.5
3188.1667,  1.00000000,1,0,0.0,0.5
3188.2000,  1.00000000,1,0,0.0,0.5
3188.2333,  1.00000000,1,0,0.0,0.5
3188.2667,  1.00000000,1,0,0.0,0.5
3188.3000,  1.00000000,1,0,0.0,0.5
3188.3333,  1.00000000,1,0,0.0,0.5
3188.3667,  1.00000000,1,0,0.0,0.5
3188.4000,  1.00000000,1,0,0.0,0.5
3188.4333,  1.00000000,1,0,0.0,0.5
3188.4667,  1.00000000,1,0,0.0,0.5
3188.5000,  1.00000000,1,0,0.0,0.5
3188.5333,  1.00000000,1,0,0.0,0.5
3188.5667,  1.00000000,1,0,0.0,0.5
3188.6000,  1.00000000,1,0,0.0,0.5
3188.6333,  1.00000000,1,0,0.0,0.5
3188.6667,  1.00000000,1,0,0.0,0.5
3188.7000,  1.00000000,1,0,0.0,0.5
3188.7333,  1.00000000,1,0,0.0,0.5
3188.7667,  1.00000000,1,0,0.0,0.5
3188.8000,  1.00000000,1,0,0.0,0.5
3188.8333,  1.00000000,1,0,0.0,0.5
3188.8667,  1.00000000,1,0,0.0,0.5
3188.9000,  1.00000000,1,0,0.0,0.5
3188.9333,  1.00000000,1,0,0.0,0.5
3188.9667,  1.00000000,1,0,0.0,0.5
3189.0000,  1.00000000,1,0,0.0,0.5
3189.0333,  1.00000000,1,0,0.0,0.5
3189.0667,  1.00000000,1,0,0.0,0.5
3189.1000,  1.00000000,1,0,0.0,0.5
3189.1333,  1.00000000,1,0,0.0,0.5
3189.1667,  1.00000000,1,0,0.0,0.5
3189.2000,  1.00000000,1,0,0.0,0.5
3189.2333,  1.00000000,1,0,0.0,0.5
3189.2667,  1.00000000,1,0,0.0,0.5
3189.3000,  1.00000000,1,0,0.0,0.5
3189.3333,  1.00000000,1,0,0.0,0.5
3189.3667,  1.00000000,1,0,0.0,0.5
3189.4000,  1.00000000,1,0,0.0,0.5
3189.4333,  1.00000000,1,0,0.0,0.5
3189.4667,  1.00000000,1,0,0.0,0.5
3189.5000,  1.00000000,1,0,0.0,0.5
3189.5333,  1.00000000,1,0,0.0,0.5
3189.5667,  1.00000000,1,0,0.0,0.5
3189.6000,  1.00000000,1,0,0.0,0.5
3189.6333,  1.00000000,1,0,0.0,0.5
3189.6667,  1.00000000,1,0,0.0,0.5
3189.7000,  1.00000000,1,0,0.0,0.5
3189.7333,  1.00000000,1,0,0.0,0.5
3189.7667,  1.00000000,1,0,0.0,0.5
3189.8000,  1.00000000,1,0,0.0,0.5
3189.8333,  1.00000000,1,0,0.0,0.5
3189.8667,  1.00000000,1,0,0.0,0.5
3189.9000,  1.00000000,1,0,0.0,0.5
3189.9333,  1.00000000,1,0,0.0,0.5
3189.9667,  1.00000000,1,0,0.0,0.5
3190.0000,  1.00000000,1,0,0.0,0.5
3190.0333,  1.00000000,1,0,0.0,0.5
3190.0667,  1.00000000,1,0,0.0,0.5
3190.1000,  1.00000000,1,0,0.0,0.5
3190.1333,  1.00000000,1,0,0.0,0.5
3190.1667,  1.00000000,1,0,0.0,0.5
3190.2000,  1.00000000,1,0,0.0,0.5
3190.2333,  1.00000000,1,0,0.0,0.5
3190.2667,  1.00000000,1,0,0.0,0.5
3190.3000,  1.00000000,1,0,0.0,0.5
3190.3333,  1.00000000,1,0,0.0,0.5
3190.3667,  1.00000000,1,0,0.0,0.5
3190.4000,  1.00000000,1,0,0.0,0.5
3190.4333,  1.00000000,1,0,0.0,0.5
3190.4667,  1.00000000,1,0,0.0,0.5
3190.5000,  1.00000000,1,0,0.0,0.5
3190.5333,  1.00000000,1,0,0.0,0.5
3190.5667,  1.00000000,1,0,0.0,0.5
3190.6000,  1.00000000,1,0,0.0,0.5
3190.6333,  1.00000000,1,0,0.0,0.5
3190.6667,  1.00000000,1,0,0.0,0.5
3190.7000,  1.00000000,1,0,0.0,0.5
3190.7333,  1.00000000,1,0,0.0,0.5
3190.7667,  1.00000000,1,0,0.0,0.5
3190.8000,  1.00000000,1,0,0.025000000000000001,0.5
3190.8333,  1.00000000,1,0,0.0,0.5
3190.8667,  1.00000000,1,0,0.0,0.5
3190.9000,  1.00000000,1,0,0.0,0.5
3190.9333,  1.00000000,1,0,0.0,0.5
3190.9667,  1.00000000,1,0,0.0,0.5
3191.0000,  1.00000000,1,0,0.0,0.5
3191.0333,  1.00000000,1,0,0.0,0.5
3191.0667,  1.00000000,1,0,0.0,0.5
3191.1000,  1.00000000,1,0,0.0,0.5
3191.1333,  1.00000000,1,0,0.0,0.5
3191.1667,  1.00000000,1,0,0.0,0.5
3191.2000,  1.00000000,1,0,0.0,0.5
3191.2333,  1.00000000,1,0,0.0,0.5
3191.2667,  1.00000000,1,0,0.0,0.5
3191.3000,  1.00000000,1,0,0.0,0.5
3191.3333,  1.00000000,1,0,0.0,0.5
3191.3667,  1.00000000,1,0,0.0,0.5
3191.4000,  1.00000000,1,0,0.0,0.5
3191.4333,  1.00000000,1,0,0.0,0.5
3191.4667,  1.00000000,1,0,0.0,0.5
3191.5000,  1.00000000,1,0,0.0,0.5
3191.5333,  1.00000000,1,0,0.0,0.5
3191.5667,  1.00000000,1,0,0.0,0.5
3191.6000,  1.00000000,1,0,0.0,0.5
3191.6333,  1.00000000,1,0,0.0,0.5
3191.6667,  1.00000000,1,0,0.0,0.5
3191.7000,  1.00000000,1,0,0.0,0.5
3191.7333,  1.00000000,1,0,0.0,0.5
3191.7667,  1.00000000,1,0,0.0,0.5
3191.8000,  1.00000000,1,0,0.0,0.5
3191.8333,  1.00000000,1,0,0.0,0.5
3191.8667,  1.00000000,1,0,0.0,0.5
3191.9000,  1.00000000,1,0,0.0,0.5
3191.9333,  1.00000000,1,0,0.0,0.5
3191.9667,  1.00000000,1,0,0.0,0.5
3192.0000,  1.00000000,1,0,0.0,0.5
3192.0333,  1.00000000,1,0,0.0,0.5
3192.0667,  1.00000000,1,0,0.0,0.5
3192.1000,  1.00000000,1,0,0.0,0.5
3192.1333,  1.00000000,1,0,0.0,0.5
3192.1667,  1.00000000,1,0,0.0,0.5
3192.2000,  1.00000000,1,0,0.0,0.5
3192.2333,  1.00000000,1,0,0.0,0.5
3192.2667,  1.00000000,1,0,0.0,0.5
3192.3000,  1.00000000,1,0,0.0,0.5
3192.3333,  1.00000000,1,0,0.0,0.5
3192.3667,  1.00000000,1,0,0.0,0.5
3192.4000,  1.00000000,1,0,0.0,0.5
3192.4333,  1.00000000,1,0,0.0,0.5
3192.4667,  1.00000000,1,0,0.0,0.5
3192.5000,  1.00000000,1,0,0.0,0.5
3192.5333,  1.00000000,1,0,0.0,0.5
3192.5667,  1.00000000,1,0,0.0,0.5
3192.6000,  1.00000000,1,0,0.0,0.5
3192.6333,  1.00000000,1,0,0.0,0.5
3192.6667,  1.00000000,1,0,0.0,0.5
3192.7000,  1.00000000,1,0,0.0,0.5
3192.7333,  1.00000000,1,0,0.0,0.5
3192.7667,  1.00000000,1,0,0.0,0.5
3192.8000,  1.00000000,1,0,0.0,0.5
3192.8333,  1.00000000,1,0,0.0,0.5
3192.8667,  1.00000000,1,0,0.0,0.5
3192.9000,  1.00000000,1,0,0.0,0.5
3192.9333,  1.00000000,1,0,0.0,0.5
3192.9667,  1.00000000,1,0,0.0,0.5
3193.0000,  1.00000000,1,0,0.0,0.5
3193.0333,  1.00000000,1,0,0.0,0.5
3193.0667,  1.00000000,1,0,0.0,0.5
3193.1000,  1.00000000,1,0,0.0,0.5
3193.1333,  1.00000000,1,0,0.0,0.5
3193.1667,  1.00000000,1,0,0.0,0.5
3193.2000,  1.00000000,1,0,0.0,0.5
3193.2333,  1.00000000,1,0,0.0,0.5
3193.2667,  1.00000000,1,0,0.0,0.5
3193.3000,  1.00000000,1,0,0.0,0.5
3193.3333,  1.00000000,1,0,0.0,0.5
3193.3667,  1.00000000,1,0,0.0,0.5
3193.4000,  1.00000000,1,0,0.0,0.5
3193.4333,  1.00000000,1,0,0.025000000000000001,0.5
3193.4667,  1.00000000,1,0,0.0,0.5
3193.5000,  1.00000000,1,0,0.0,0.5
3193.5333,  1.00000000,1,0,0.0,0.5
3193.5667,  1.00000000,1,0,0.0,0.5
3193.6000,  1.00000000,1,0,0.0,0.5
3193.6333,  1.00000000,1,0,0.0,0.5
3193.6667,  1.00000000,1,0,0.0,0.5
3193.7000,  1.00000000,1,0,0.0,0.5
3193.7333,  1.00000000,1,0,0.0,0.5
3193.7667,  1.00000000,1,0,0.0,0.5
3193.8000,  1.00000000,1,0,0.0,0.5
3193.8333,  1.00000000,1,0,0.0,0.5
3193.8667,  1.00000000,1,0,0.0,0.5
3193.9000,  1.00000000,1,0,0.0,0.5
3193.9333,  1.00000000,1,0,0.0,0.5
3193.9667,  1.00000000,1,0,0.0,0.5
3194.0000,  1.00000000,1,0,0.0,0.5
3194.0333,  1.00000000,1,0,0.0,0.5
3194.0667,  1.00000000,1,0,0.0,0.5
3194.1000,  1.00000000,1,0,0.0,0.5
3194.1333,  1.00000000,1,0,0.0,0.5
3194.1667,  1.00000000,1,0,0.0,0.5
3194.2000,  1.00000000,1,0,0.0,0.5
3194.2333,  1.00000000,1,0,0.0,0.5
3194.2667,  1.00000000,1,0,0.0,0.5
3194.3000,  1.00000000,1,0,0.0,0.5
3194.3333,  1.00000000,1,0,0.0,0.5
3194.3667,  1.00000000,1,0,0.0,0.5
3194.4000,  1.00000000,1,0,0.0,0.5
3194.4333,  1.00000000,1,0,0.0,0.5
3194.4667,  1.00000000,1,0,0.0,0.5
3194.5000,  1.00000000,1,0,0.0,0.5
3194.5333,  1.00000000,1,0,0.0,0.5
3194.5667,  1.00000000,1,0,0.0,0.5
3194.6000,  1.00000000,1,0,0.0,0.5
3194.6333,  1.00000000,1,0,0.0,0.5
3194.6667,  1.00000000,1,0,0.0,0.5
3194.7000,  1.00000000,1,0,0.0,0.5
3194.7333,  1.00000000,1,0,0.0,0.5
3194.7667,  1.00000000,1,0,0.0,0.5
3194.8000,  1.00000000,1,0,0.0,0.5
3194.8333,  1.00000000,1,0,0.0,0.5
3194.8667,  1.00000000,1,0,0.0,0.5
3194.9000,  1.00000000,1,0,0.0,0.5
3194.9333,  1.00000000,1,0,0.0,0.5
3194.9667,  1.00000000,1,0,0.0,0.5
3195.0000,  1.00000000,1,0,0.0,0.5
3195.0333,  1.00000000,1,0,0.0,0.5
3195.0667,  1.00000000,1,0,0.0,0.5
3195.1000,  1.00000000,1,0,0.0,0.5
3195.1333,  1.00000000,1,0,0.0,0.5
3195.1667,  1.00000000,1,0,0.0,0.5
3195.2000,  1.00000000,1,0,0.0,0.5
3195.2333,  1.00000000,1,0,0.0,0.5
3195.2667,  1.00000000,1,0,0.0,0.5
3195.3000,  1.00000000,1,0,0.0,0.5
3195.3333,  1.00000000,1,0,0.0,0.5
3195.3667,  1.00000000,1,0,0.0,0.5
3195.4000,  1.00000000,1,0,0.0,0.5
3195.4333,  1.00000000,1,0,0.0,0.5
3195.4667,  1.00000000,1,0,0.0,0.5
3195.5000,  1.00000000,1,0,0.0,0.5
3195.5333,  1.00000000,1,0,0.0,0.5
3195.5667,  1.00000000,1,0,0.0,0.5
3195.6000,  1.00000000,1,0,0.0,0.5
3195.6333,  1.00000000,1,0,0.0,0.5
3195.6667,  1.00000000,1,0,0.0,0.5
3195.7000,  1.00000000,1,0,0.0,0.5
3195.7333,  1.00000000,1,0,0.0,0.5
3195.7667,  1.00000000,1,0,0.0,0.5
3195.8000,  1.00000000,1,0,0.0,0.5
3195.8333,  1.00000000,1,0,0.0,0.5
3195.8667,  1.00000000,1,0,0.0,0.5
3195.9000,  1.00000000,1,0,0.0,0.5
3195.9333,  1.00000000,1,0,0.0,0.5
3195.9667,  1.00000000,1,0,0.0,0.5
3196.0000,  1.00000000,1,0,0.0,0.5
3196.0333,  1.00000000,1,0,0.0,0.5
3196.0667,  1.00000000,1,0,0.0,0.5
3196.1000,  1.00000000,1,0,0.0,0.5
3196.1333,  1.00000000,1,0,0.0,0.5
3196.1667,  1.00000000,1,0,0.0,0.5
3196.2000,  1.00000000,1,0,0.0,0.5
3196.2333,  1.00000000,1,0,0.0,0.5
3196.2667,  1.00000000,1,0,0.0,0.5
3196.3000,  1.00000000,1,0,0.0,0.5
3196.3333,  1.00000000,1,0,0.0,0.5
3196.3667,  1.00000000,1,0,0.0,0.5
3196.4000,  1.00000000,1,0,0.0,0.5
3196.4333,  1.00000000,1,0,0.0,0.5
3196.4667,  1.00000000,1,0,0.0,0.5
3196.5000,  1.00000000,1,0,0.0,0.5
3196.5333,  1.00000000,1,0,0.0,0.5
3196.5667,  1.00000000,1,0,0.0,0.5
3196.6000,  1.00000000,1,0,0.0,0.5
3196.6333,  1.00000000,1,0,0.0,0.5
3196.6667,  1.00000000,1,0,0.0,0.5
3196.7000,  1.00000000,1,0,0.0,0.5
3196.7333,  1.00000000,1,0,0.0,0.5
3196.7667,  1.00000000,1,0,0.0,0.5
3196.8000,  1.00000000,1,0,0.0,0.5
3196.8333,  1.00000000,1,0,0.0,0.5
3196.8667,  1.00000000,1,0,0.0,0.5
3196.9000,  1.00000000,1,0,0.0,0.5
3196.9333,  1.00000000,1,0,0.0,0.5
3196.9667,  1.00000000,1,0,0.0,0.5
3197.0000,  1.00000000,1,0,0.0,0.5
3197.0333,  1.00000000,1,0,0.0,0.5
3197.0667,  1.00000000,1,0,0.0,0.5
3197.1000,  1.00000000,1,0,0.0,0.5
3197.1333,  1.00000000,1,0,0.0,0.5
3197.1667,  1.00000000,1,0,0.0,0.5
3197.2000,  1.00000000,1,0,0.0,0.5
3197.2333,  1.00000000,1,0,0.0,0.5
3197.2667,  1.00000000,1,0,0.0,0.5
3197.3000,  1.00000000,1,0,0.0,0.5
3197.3333,  1.00000000,1,0,0.0,0.5
3197.3667,  1.00000000,1,0,0.0,0.5
3197.4000,  1.00000000,1,0,0.0,0.5
3197.4333,  1.00000000,1,0,0.0,0.5
3197.4667,  1.00000000,1,0,0.0,0.5
3197.5000,  1.00000000,1,0,0.0,0.5
3197.5333,  1.00000000,1,0,0.0,0.5
3197.5667,  1.00000000,1,0,0.0,0.5
3197.6000,  1.00000000,1,0,0.0,0.5
3197.6333,  1.00000000,1,0,0.0,0.5
3197.6667,  1.00000000,1,0,0.0,0.5
3197.7000,  1.00000000,1,0,0.0,0.5
3197.7333,  1.00000000,1,0,0.0,0.5
3197.7667,  1.00000000,1,0,0.0,0.5
3197.8000,  1.00000000,1,0,0.0,0.5
3197.8333,  1.00000000,1,0,0.0,0.5
3197.8667,  1.00000000,1,0,0.0,0.5
3197.9000,  1.00000000,1,0,0.0,0.5
3197.9333,  1.00000000,1,0,0.0,0.5
3197.9667,  1.00000000,1,0,0.0,0.5
3198.0000,  1.00000000,1,0,0.0,0.5
3198.0333,  1.00000000,1,0,0.0,0.5
3198.0667,  1.00000000,1,0,0.0,0.5
3198.1000,  1.00000000,1,0,0.0,0.5
3198.1333,  1.00000000,1,0,0.0,0.5
3198.1667,  1.00000000,1,0,0.0,0.5
3198.2000,  1.00000000,1,0,0.0,0.5
3198.2333,  1.00000000,1,0,0.0,0.5
3198.2667,  1.00000000,1,0,0.0,0.5
3198.3000,  1.00000000,1,0,0.0,0.5
3198.3333,  1.00000000,1,0,0.0,0.5
3198.3667,  1.00000000,1,0,0.0,0.5
3198.4000,  1.00000000,1,0,0.0,0.5
3198.4333,  1.00000000,1,0,0.0,0.5
3198.4667,  1.00000000,1,0,0.0,0.5
3198.5000,  1.00000000,1,0,0.0,0.5
3198.5333,  1.00000000,1,0,0.0,0.5
3198.5667,  1.00000000,1,0,0.0,0.5
3198.6000,  1.00000000,1,0,0.0,0.5
3198.6333,  1.00000000,1,0,0.0,0.5
3198.6667,  1.00000000,1,0,0.0,0.5
3198.7000,  1.00000000,1,0,0.0,0.5
3198.7333,  1.00000000,1,0,0.0,0.5
3198.7667,  1.00000000,1,0,0.0,0.5
3198.8000,  1.00000000,1,0,0.0,0.5
3198.8333,  1.00000000,1,0,0.0,0.5
3198.8667,  1.00000000,1,0,0.0,0.5
3198.9000,  1.00000000,1,0,0.0,0.5
3198.9333,  1.00000000,1,0,0.0,0.5
3198.9667,  1.00000000,1,0,0.0,0.5
3199.0000,  1.00000000,1,0,0.0,0.5
3199.0333,  1.00000000,1,0,0.0,0.5
3199.0667,  1.00000000,1,0,0.0,0.5
3199.1000,  1.00000000,1,0,0.0,0.5
3199.1333,  1.00000000,1,0,0.0,0.5
3199.1667,  1.00000000,1,0,0.0,0.5
3199.2000,  1.00000000,1,0,0.0,0.5
3199.2333,  1.00000000,1,0,0.0,0.5
3199.2667,  1.00000000,1,0,0.0,0.5
3199.3000,  1.00000000,1,0,0.0,0.5
3199.3333,  1.00000000,1,0,0.0,0.5
3199.3667,  1.00000000,1,0,0.0,0.5
3199.4000,  1.00000000,1,0,0.0,0.5
3199.4333,  1.00000000,1,0,0.0,0.5
3199.4667,  1.00000000,1,0,0.0,0.5
3199.5000,  1.00000000,1,0,0.0,0.5
3199.5333,  1.00000000,1,0,0.0,0.5
3199.5667,  1.00000000,1,0,0.0,0.5
3199.6000,  1.00000000,1,0,0.0,0.5
3199.6333,  1.00000000,1,0,0.0,0.5
3199.6667,  1.00000000,1,0,0.0,0.5
3199.7000,  1.00000000,1,0,0.0,0.5
3199.7333,  1.00000000,1,0,0.0,0.5
3199.7667,  1.00000000,1,0,0.0,0.5
3199.8000,  1.00000000,1,0,0.0,0.5
3199.8333,  1.00000000,1,0,0.0,0.5
3199.8667,  1.00000000,1,0,0.0,0.5
3199.9000,  1.00000000,1,0,0.0,0.5
3199.9333,  1.00000000,1,0,0.0,0.5
3199.9667,  1.00000000,1,0,0.0,0.5
3200.0000,  1.00000000,1,0,0.0,0.5
3200.0333,  1.00000000,1,0,0.0,0.5
3200.0667,  1.00000000,1,0,0.0,0.5
3200.1000,  1.00000000,1,0,0.0,0.5
3200.1333,  1.00000000,1,0,0.0,0.5
3200.1667,  1.00000000,1,0,0.0,0.5
3200.2000,  1.00000000,1,0,0.0,0.5
3200.2333,  1.00000000,1,0,0.0,0.5
3200.2667,  1.00000000,1,0,0.0,0.5
3200.3000,  1.00000000,1,0,0.0,0.5
3200.3333,  1.00000000,1,0,0.0,0.5
3200.3667,  1.00000000,1,0,0.0,0.5
3200.4000,  1.00000000,1,0,0.0,0.5
3200.4333,  1.00000000,1,0,0.0,0.5
3200.4667,  1.00000000,1,0,0.0,0.5
3200.5000,  1.00000000,1,0,0.0,0.5
3200.5333,  1.00000000,1,0,0.0,0.5
3200.5667,  1.00000000,1,0,0.0,0.5
3200.6000,  1.00000000,1,0,0.0,0.5
3200.6333,  1.00000000,1,0,0.0,0.5
3200.6667,  1.00000000,1,0,0.0,0.5
3200.7000,  1.00000000,1,0,0.0,0.5
3200.7333,  1.00000000,1,0,0.0,0.5
3200.7667,  1.00000000,1,0,0.0,0.5
3200.8000,  1.00000000,1,0,0.0,0.5
3200.8333,  1.00000000,1,0,0.0,0.5
3200.8667,  1.00000000,1,0,0.0,0.5
3200.9000,  1.00000000,1,0,0.0,0.5
3200.9333,  1.00000000,1,0,0.0,0.5
3200.9667,  1.00000000,1,0,0.0,0.5
3201.0000,  1.00000000,1,0,0.0,0.5
3201.0333,  1.00000000,1,0,0.0,0.5
3201.0667,  1.00000000,1,0,0.0,0.5
3201.1000,  1.00000000,1,0,0.0,0.5
3201.1333,  1.00000000,1,0,0.0,0.5
3201.1667,  1.00000000,1,0,0.0,0.5
3201.2000,  1.00000000,1,0,0.0,0.5
3201.2333,  1.00000000,1,0,0.0,0.5
3201.2667,  1.00000000,1,0,0.0,0.5
3201.3000,  1.00000000,1,0,0.0,0.5
3201.3333,  1.00000000,1,0,0.0,0.5
3201.3667,  1.00000000,1,0,0.0,0.5
3201.4000,  1.00000000,1,0,0.0,0.5
3201.4333,  1.00000000,1,0,0.0,0.5
3201.4667,  1.00000000,1,0,0.0,0.5
3201.5000,  1.00000000,1,0,0.0,0.5
3201.5333,  1.00000000,1,0,0.0,0.5
3201.5667,  1.00000000,1,0,0.0,0.5
3201.6000,  1.00000000,1,0,0.0,0.5
3201.6333,  1.00000000,1,0,0.0,0.5
3201.6667,  1.00000000,1,0,0.025000000000000001,0.5
3201.7000,  1.00000000,1,0,0.025000000000000001,0.5
3201.7333,  1.00000000,1,0,0.0,0.5
3201.7667,  1.00000000,1,0,0.0,0.5
3201.8000,  1.00000000,1,0,0.0,0.5
3201.8333,  1.00000000,1,0,0.0,0.5
3201.8667,  1.00000000,1,0,0.0,0.5
3201.9000,  1.00000000,1,0,0.0,0.5
3201.9333,  1.00000000,1,0,0.0,0.5
3201.9667,  1.00000000,1,0,0.0,0.5
3202.0000,  1.00000000,1,0,0.0,0.5
3202.0333,  1.00000000,1,0,0.0,0.5
3202.0667,  1.00000000,1,0,0.0,0.5
3202.1000,  1.00000000,1,0,0.0,0.5
3202.1333,  1.00000000,1,0,0.0,0.5
3202.1667,  1.00000000,1,0,0.0,0.5
3202.2000,  1.00000000,1,0,0.0,0.5
3202.2333,  1.00000000,1,0,0.0,0.5
3202.2667,  1.00000000,1,0,0.0,0.5
3202.3000,  1.00000000,1,0,0.0,0.5
3202.3333,  1.00000000,1,0,0.0,0.5
3202.3667,  1.00000000,1,0,0.0,0.5
3202.4000,  1.00000000,1,0,0.0,0.5
3202.4333,  1.00000000,1,0,0.0,0.5
3202.4667,  1.00000000,1,0,0.0,0.5
3202.5000,  1.00000000,1,0,0.0,0.5
3202.5333,  1.00000000,1,0,0.0,0.5
3202.5667,  1.00000000,1,0,0.0,0.5
3202.6000,  1.00000000,1,0,0.0,0.5
3202.6333,  1.00000000,1,0,0.025000000000000001,0.5
3202.6667,  1.00000000,1,0,0.0,0.5
3202.7000,  1.00000000,1,0,0.0,0.5
3202.7333,  1.00000000,1,0,0.0,0.5
3202.7667,  1.00000000,1,0,0.0,0.5
3202.8000,  1.00000000,1,0,0.0,0.5
3202.8333,  1.00000000,1,0,0.0,0.5
3202.8667,  1.00000000,1,0,0.0,0.5
3202.9000,  1.00000000,1,0,0.0,0.5
3202.9333,  1.00000000,1,0,0.0,0.5
3202.9667,  1.00000000,1,0,0.0,0.5
3203.0000,  1.00000000,1,0,0.025000000000000001,0.5
3203.0333,  1.00000000,1,0,0.0,0.5
3203.0667,  1.00000000,1,0,0.0,0.5
3203.1000,  1.00000000,1,0,0.0,0.5
3203.1333,  1.00000000,1,0,0.0,0.5
3203.1667,  1.00000000,1,0,0.0,0.5
3203.2000,  1.00000000,1,0,0.0,0.5
3203.2333,  1.00000000,1,0,0.0,0.5
3203.2667,  1.00000000,1,0,0.0,0.5
3203.3000,  1.00000000,1,0,0.0,0.5
3203.3333,  1.00000000,1,0,0.0,0.5
3203.3667,  1.00000000,1,0,0.0,0.5
3203.4000,  1.00000000,1,0,0.0,0.5
3203.4333,  1.00000000,1,0,0.0,0.5
3203.4667,  1.00000000,1,0,0.0,0.5
3203.5000,  1.00000000,1,0,0.0,0.5
3203.5333,  1.00000000,1,0,0.0,0.5
3203.5667,  1.00000000,1,0,0.0,0.5
3203.6000,  1.00000000,1,0,0.0,0.5
3203.6333,  1.00000000,1,0,0.0,0.5
3203.6667,  1.00000000,1,0,0.0,0.5
3203.7000,  1.00000000,1,0,0.0,0.5
3203.7333,  1.00000000,1,0,0.0,0.5
3203.7667,  1.00000000,1,0,0.0,0.5
3203.8000,  1.00000000,1,0,0.0,0.5
3203.8333,  1.00000000,1,0,0.0,0.5
3203.8667,  1.00000000,1,0,0.0,0.5
3203.9000,  1.00000000,1,0,0.0,0.5
3203.9333,  1.00000000,1,0,0.0,0.5
3203.9667,  1.00000000,1,0,0.0,0.5
3204.0000,  1.00000000,1,0,0.0,0.5
3204.0333,  1.00000000,1,0,0.0,0.5
3204.0667,  1.00000000,1,0,0.0,0.5
3204.1000,  1.00000000,1,0,0.0,0.5
3204.1333,  1.00000000,1,0,0.0,0.5
3204.1667,  1.00000000,1,0,0.0,0.5
3204.2000,  1.00000000,1,0,0.0,0.5
3204.2333,  1.00000000,1,0,0.0,0.5
3204.2667,  1.00000000,1,0,0.0,0.5
3204.3000,  1.00000000,1,0,0.0,0.5
3204.3333,  1.00000000,1,0,0.0,0.5
3204.3667,  1.00000000,1,0,0.0,0.5
3204.4000,  1.00000000,1,0,0.0,0.5
3204.4333,  1.00000000,1,0,0.0,0.5
3204.4667,  1.00000000,1,0,0.0,0.5
3204.5000,  1.00000000,1,0,0.0,0.5
3204.5333,  1.00000000,1,0,0.0,0.5
3204.5667,  1.00000000,1,0,0.0,0.5
3204.6000,  1.00000000,1,0,0.0,0.5
3204.6333,  1.00000000,1,0,0.0,0.5
3204.6667,  1.00000000,1,0,0.0,0.5
3204.7000,  1.00000000,1,0,0.0,0.5
3204.7333,  1.00000000,1,0,0.0,0.5
3204.7667,  1.00000000,1,0,0.0,0.5
3204.8000,  1.00000000,1,0,0.0,0.5
3204.8333,  1.00000000,1,0,0.0,0.5
3204.8667,  1.00000000,1,0,0.0,0.5
3204.9000,  1.00000000,1,0,0.0,0.5
3204.9333,  1.00000000,1,0,0.0,0.5
3204.9667,  1.00000000,1,0,0.0,0.5
3205.0000,  1.00000000,1,0,0.0,0.5
3205.0333,  1.00000000,1,0,0.0,0.5
3205.0667,  1.00000000,1,0,0.0,0.5
3205.1000,  1.00000000,1,0,0.0,0.5
3205.1333,  1.00000000,1,0,0.0,0.5
3205.1667,  1.00000000,1,0,0.0,0.5
3205.2000,  1.00000000,1,0,0.0,0.5
3205.2333,  1.00000000,1,0,0.0,0.5
3205.2667,  1.00000000,1,0,0.0,0.5
3205.3000,  1.00000000,1,0,0.0,0.5
3205.3333,  1.00000000,1,0,0.0,0.5
3205.3667,  1.00000000,1,0,0.0,0.5
3205.4000,  1.00000000,1,0,0.0,0.5
3205.4333,  1.00000000,1,0,0.0,0.5
3205.4667,  1.00000000,1,0,0.0,0.5
3205.5000,  1.00000000,1,0,0.0,0.5
3205.5333,  1.00000000,1,0,0.0,0.5
3205.5667,  1.00000000,1,0,0.0,0.5
3205.6000,  1.00000000,1,0,0.0,0.5
3205.6333,  1.00000000,1,0,0.0,0.5
3205.6667,  1.00000000,1,0,0.0,0.5
3205.7000,  1.00000000,1,0,0.0,0.5
3205.7333,  1.00000000,1,0,0.0,0.5
3205.7667,  1.00000000,1,0,0.0,0.5
3205.8000,  1.00000000,1,0,0.0,0.5
3205.8333,  1.00000000,1,0,0.0,0.5
3205.8667,  1.00000000,1,0,0.0,0.5
3205.9000,  1.00000000,1,0,0.0,0.5
3205.9333,  1.00000000,1,0,0.0,0.5
3205.9667,  1.00000000,1,0,0.0,0.5
3206.0000,  1.00000000,1,0,0.0,0.5
3206.0333,  1.00000000,1,0,0.0,0.5
3206.0667,  1.00000000,1,0,0.0,0.5
3206.1000,  1.00000000,1,0,0.0,0.5
3206.1333,  1.00000000,1,0,0.0,0.5
3206.1667,  1.00000000,1,0,0.0,0.5
3206.2000,  1.00000000,1,0,0.0,0.5
3206.2333,  1.00000000,1,0,0.0,0.5
3206.2667,  1.00000000,1,0,0.0,0.5
3206.3000,  1.00000000,1,0,0.025000000000000001,0.5
3206.3333,  1.00000000,1,0,0.0,0.5
3206.3667,  1.00000000,1,0,0.0,0.5
3206.4000,  1.00000000,1,0,0.0,0.5
3206.4333,  1.00000000,1,0,0.0,0.5
3206.4667,  1.00000000,1,0,0.0,0.5
3206.5000,  1.00000000,1,0,0.0,0.5
3206.5333,  1.00000000,1,0,0.0,0.5
3206.5667,  1.00000000,1,0,0.0,0.5
3206.6000,  1.00000000,1,0,0.0,0.5
3206.6333,  1.00000000,1,0,0.0,0.5
3206.6667,  1.00000000,1,0,0.0,0.5
3206.7000,  1.00000000,1,0,0.0,0.5
3206.7333,  1.00000000,1,0,0.0,0.5
3206.7667,  1.00000000,1,0,0.0,0.5
3206.8000,  1.00000000,1,0,0.0,0.5
3206.8333,  1.00000000,1,0,0.0,0.5
3206.8667,  1.00000000,1,0,0.0,0.5
3206.9000,  1.00000000,1,0,0.0,0.5
3206.9333,  1.00000000,1,0,0.0,0.5
3206.9667,  1.00000000,1,0,0.0,0.5
3207.0000,  1.00000000,1,0,0.0,0.5
3207.0333,  1.00000000,1,0,0.0,0.5
3207.0667,  1.00000000,1,0,0.0,0.5
3207.1000,  1.00000000,1,0,0.0,0.5
3207.1333,  1.00000000,1,0,0.0,0.5
3207.1667,  1.00000000,1,0,0.0,0.5
3207.2000,  1.00000000,1,0,0.0,0.5
3207.2333,  1.00000000,1,0,0.0,0.5
3207.2667,  1.00000000,1,0,0.0,0.5
3207.3000,  1.00000000,1,0,0.0,0.5
3207.3333,  1.00000000,1,0,0.0,0.5
3207.3667,  1.00000000,1,0,0.0,0.5
3207.4000,  1.00000000,1,0,0.0,0.5
3207.4333,  1.00000000,1,0,0.0,0.5
3207.4667,  1.00000000,1,0,0.0,0.5
3207.5000,  1.00000000,1,0,0.0,0.5
3207.5333,  1.00000000,1,0,0.0,0.5
3207.5667,  1.00000000,1,0,0.0,0.5
3207.6000,  1.00000000,1,0,0.0,0.5
3207.6333,  1.00000000,1,0,0.0,0.5
3207.6667,  1.00000000,1,0,0.0,0.5
3207.7000,  1.00000000,1,0,0.0,0.5
3207.7333,  1.00000000,1,0,0.0,0.5
3207.7667,  1.00000000,1,0,0.0,0.5
3207.8000,  1.00000000,1,0,0.0,0.5
3207.8333,  1.00000000,1,0,0.0,0.5
3207.8667,  1.00000000,1,0,0.0,0.5
3207.9000,  1.00000000,1,0,0.0,0.5
3207.9333,  1.00000000,1,0,0.0,0.5
3207.9667,  1.00000000,1,0,0.0,0.5
3208.0000,  1.00000000,1,0,0.0,0.5
3208.0333,  1.00000000,1,0,0.0,0.5
3208.0667,  1.00000000,1,0,0.0,0.5
3208.1000,  1.00000000,1,0,0.0,0.5
3208.1333,  1.00000000,1,0,0.0,0.5
3208.1667,  1.00000000,1,0,0.0,0.5
3208.2000,  1.00000000,1,0,0.0,0.5
3208.2333,  1.00000000,1,0,0.0,0.5
3208.2667,  1.00000000,1,0,0.0,0.5
3208.3000,  1.00000000,1,0,0.0,0.5
3208.3333,  1.00000000,1,0,0.0,0.5
3208.3667,  1.00000000,1,0,0.0,0.5
3208.4000,  1.00000000,1,0,0.0,0.5
3208.4333,  1.00000000,1,0,0.0,0.5
3208.4667,  1.00000000,1,0,0.0,0.5
3208.5000,  1.00000000,1,0,0.0,0.5
3208.5333,  1.00000000,1,0,0.0,0.5
3208.5667,  1.00000000,1,0,0.0,0.5
3208.6000,  1.00000000,1,0,0.0,0.5
3208.6333,  1.00000000,1,0,0.0,0.5
3208.6667,  1.00000000,1,0,0.0,0.5
3208.7000,  1.00000000,1,0,0.0,0.5
3208.7333,  1.00000000,1,0,0.0,0.5
3208.7667,  1.00000000,1,0,0.0,0.5
3208.8000,  1.00000000,1,0,0.0,0.5
3208.8333,  1.00000000,1,0,0.0,0.5
3208.8667,  1.00000000,1,0,0.0,0.5
3208.9000,  1.00000000,1,0,0.0,0.5
3208.9333,  1.00000000,1,0,0.0,0.5
3208.9667,  1.00000000,1,0,0.0,0.5
3209.0000,  1.00000000,1,0,0.0,0.5
3209.0333,  1.00000000,1,0,0.0,0.5
3209.0667,  1.00000000,1,0,0.0,0.5
3209.1000,  1.00000000,1,0,0.0,0.5
3209.1333,  1.00000000,1,0,0.0,0.5
3209.1667,  1.00000000,1,0,0.0,0.5
3209.2000,  1.00000000,1,0,0.0,0.5
3209.2333,  1.00000000,1,0,0.0,0.5
3209.2667,  1.00000000,1,0,0.0,0.5
3209.3000,  1.00000000,1,0,0.0,0.5
3209.3333,  1.00000000,1,0,0.0,0.5
3209.3667,  1.00000000,1,0,0.0,0.5
3209.4000,  1.00000000,1,0,0.0,0.5
3209.4333,  1.00000000,1,0,0.0,0.5
3209.4667,  1.00000000,1,0,0.0,0.5
3209.5000,  1.00000000,1,0,0.0,0.5
3209.5333,  1.00000000,1,0,0.0,0.5
3209.5667,  1.00000000,1,0,0.0,0.5
3209.6000,  1.00000000,1,0,0.0,0.5
3209.6333,  1.00000000,1,0,0.0,0.5
3209.6667,  1.00000000,1,0,0.0,0.5
3209.7000,  1.00000000,1,0,0.0,0.5
3209.7333,  1.00000000,1,0,0.0,0.5
3209.7667,  1.00000000,1,0,0.0,0.5
3209.8000,  1.00000000,1,0,0.0,0.5
3209.8333,  1.00000000,1,0,0.0,0.5
3209.8667,  1.00000000,1,0,0.0,0.5
3209.9000,  1.00000000,1,0,0.0,0.5
3209.9333,  1.00000000,1,0,0.0,0.5
3209.9667,  1.00000000,1,0,0.0,0.5
3210.0000,  1.00000000,1,0,0.0,0.5
3210.0333,  1.00000000,1,0,0.0,0.5
3210.0667,  1.00000000,1,0,0.0,0.5
3210.1000,  1.00000000,1,0,0.0,0.5
3210.1333,  1.00000000,1,0,0.0,0.5
3210.1667,  1.00000000,1,0,0.0,0.5
3210.2000,  1.00000000,1,0,0.0,0.5
3210.2333,  1.00000000,1,0,0.0,0.5
3210.2667,  1.00000000,1,0,0.0,0.5
3210.3000,  1.00000000,1,0,0.0,0.5
3210.3333,  1.00000000,1,0,0.0,0.5
3210.3667,  1.00000000,1,0,0.0,0.5
3210.4000,  1.00000000,1,0,0.0,0.5
3210.4333,  1.00000000,1,0,0.0,0.5
3210.4667,  1.00000000,1,0,0.0,0.5
3210.5000,  1.00000000,1,0,0.0,0.5
3210.5333,  1.00000000,1,0,0.0,0.5
3210.5667,  1.00000000,1,0,0.0,0.5
3210.6000,  1.00000000,1,0,0.0,0.5
3210.6333,  1.00000000,1,0,0.0,0.5
3210.6667,  1.00000000,1,0,0.0,0.5
3210.7000,  1.00000000,1,0,0.0,0.5
3210.7333,  1.00000000,1,0,0.0,0.5
3210.7667,  1.00000000,1,0,0.0,0.5
3210.8000,  1.00000000,1,0,0.0,0.5
3210.8333,  1.00000000,1,0,0.0,0.5
3210.8667,  1.00000000,1,0,0.0,0.5
3210.9000,  1.00000000,1,0,0.0,0.5
3210.9333,  1.00000000,1,0,0.0,0.5
3210.9667,  1.00000000,1,0,0.0,0.5
3211.0000,  1.00000000,1,0,0.0,0.5
3211.0333,  1.00000000,1,0,0.0,0.5
3211.0667,  1.00000000,1,0,0.0,0.5
3211.1000,  1.00000000,1,0,0.0,0.5
3211.1333,  1.00000000,1,0,0.0,0.5
3211.1667,  1.00000000,1,0,0.0,0.5
3211.2000,  1.00000000,1,0,0.0,0.5
3211.2333,  1.00000000,1,0,0.0,0.5
3211.2667,  1.00000000,1,0,0.0,0.5
3211.3000,  1.00000000,1,0,0.0,0.5
3211.3333,  1.00000000,1,0,0.0,0.5
3211.3667,  1.00000000,1,0,0.0,0.5
3211.4000,  1.00000000,1,0,0.0,0.5
3211.4333,  1.00000000,1,0,0.0,0.5
3211.4667,  1.00000000,1,0,0.0,0.5
3211.5000,  1.00000000,1,0,0.0,0.5
3211.5333,  1.00000000,1,0,0.0,0.5
3211.5667,  1.00000000,1,0,0.0,0.5
3211.6000,  1.00000000,1,0,0.0,0.5
3211.6333,  1.00000000,1,0,0.0,0.5
3211.6667,  1.00000000,1,0,0.0,0.5
3211.7000,  1.00000000,1,0,0.0,0.5
3211.7333,  1.00000000,1,0,0.0,0.5
3211.7667,  1.00000000,1,0,0.0,0.5
3211.8000,  1.00000000,1,0,0.0,0.5
3211.8333,  1.00000000,1,0,0.0,0.5
3211.8667,  1.00000000,1,0,0.0,0.5
3211.9000,  1.00000000,1,0,0.0,0.5
3211.9333,  1.00000000,1,0,0.0,0.5
3211.9667,  1.00000000,1,0,0.0,0.5
3212.0000,  1.00000000,1,0,0.0,0.5
3212.0333,  1.00000000,1,0,0.0,0.5
3212.0667,  1.00000000,1,0,0.0,0.5
3212.1000,  1.00000000,1,0,0.0,0.5
3212.1333,  1.00000000,1,0,0.0,0.5
3212.1667,  1.00000000,1,0,0.0,0.5
3212.2000,  1.00000000,1,0,0.0,0.5
3212.2333,  1.00000000,1,0,0.0,0.5
3212.2667,  1.00000000,1,0,0.0,0.5
3212.3000,  1.00000000,1,0,0.0,0.5
3212.3333,  1.00000000,1,0,0.0,0.5
3212.3667,  1.00000000,1,0,0.0,0.5
3212.4000,  1.00000000,1,0,0.0,0.5
3212.4333,  1.00000000,1,0,0.0,0.5
3212.4667,  1.00000000,1,0,0.0,0.5
3212.5000,  1.00000000,1,0,0.0,0.5
3212.5333,  1.00000000,1,0,0.0,0.5
3212.5667,  1.00000000,1,0,0.0,0.5
3212.6000,  1.00000000,1,0,0.0,0.5
3212.6333,  1.00000000,1,0,0.0,0.5
3212.6667,  1.00000000,1,0,0.0,0.5
3212.7000,  1.00000000,1,0,0.0,0.5
3212.7333,  1.00000000,1,0,0.0,0.5
3212.7667,  1.00000000,1,0,0.0,0.5
3212.8000,  1.00000000,1,0,0.0,0.5
3212.8333,  1.00000000,1,0,0.0,0.5
3212.8667,  1.00000000,1,0,0.0,0.5
3212.9000,  1.00000000,1,0,0.0,0.5
3212.9333,  1.00000000,1,0,0.0,0.5
3212.9667,  1.00000000,1,0,0.0,0.5
3213.0000,  1.00000000,1,0,0.0,0.5
3213.0333,  1.00000000,1,0,0.0,0.5
3213.0667,  1.00000000,1,0,0.0,0.5
3213.1000,  1.00000000,1,0,0.0,0.5
3213.1333,  1.00000000,1,0,0.0,0.5
3213.1667,  1.00000000,1,0,0.0,0.5
3213.2000,  1.00000000,1,0,0.0,0.5
3213.2333,  1.00000000,1,0,0.0,0.5
3213.2667,  1.00000000,1,0,0.0,0.5
3213.3000,  1.00000000,1,0,0.0,0.5
3213.3333,  1.00000000,1,0,0.0,0.5
3213.3667,  1.00000000,1,0,0.0,0.5
3213.4000,  1.00000000,1,0,0.0,0.5
3213.4333,  1.00000000,1,0,0.0,0.5
3213.4667,  1.00000000,1,0,0.0,0.5
3213.5000,  1.00000000,1,0,0.0,0.5
3213.5333,  1.00000000,1,0,0.0,0.5
3213.5667,  1.00000000,1,0,0.0,0.5
3213.6000,  1.00000000,1,0,0.0,0.5
3213.6333,  1.00000000,1,0,0.0,0.5
3213.6667,  1.00000000,1,0,0.0,0.5
3213.7000,  1.00000000,1,0,0.0,0.5
3213.7333,  1.00000000,1,0,0.0,0.5
3213.7667,  1.00000000,1,0,0.0,0.5
3213.8000,  1.00000000,1,0,0.0,0.5
3213.8333,  1.00000000,1,0,0.0,0.5
3213.8667,  1.00000000,1,0,0.0,0.5
3213.9000,  1.00000000,1,0,0.0,0.5
3213.9333,  1.00000000,1,0,0.0,0.5
3213.9667,  1.00000000,1,0,0.0,0.5
3214.0000,  1.00000000,1,0,0.0,0.5
3214.0333,  1.00000000,1,0,0.0,0.5
3214.0667,  1.00000000,1,0,0.0,0.5
3214.1000,  1.00000000,1,0,0.0,0.5
3214.1333,  1.00000000,1,0,0.0,0.5
3214.1667,  1.00000000,1,0,0.0,0.5
3214.2000,  1.00000000,1,0,0.0,0.5
3214.2333,  1.00000000,1,0,0.0,0.5
3214.2667,  1.00000000,1,0,0.0,0.5
3214.3000,  1.00000000,1,0,0.0,0.5
3214.3333,  1.00000000,1,0,0.0,0.5
3214.3667,  1.00000000,1,0,0.0,0.5
3214.4000,  1.00000000,1,0,0.0,0.5
3214.4333,  1.00000000,1,0,0.0,0.5
3214.4667,  1.00000000,1,0,0.0,0.5
3214.5000,  1.00000000,1,0,0.0,0.5
3214.5333,  1.00000000,1,0,0.0,0.5
3214.5667,  1.00000000,1,0,0.0,0.5
3214.6000,  1.00000000,1,0,0.0,0.5
3214.6333,  1.00000000,1,0,0.0,0.5
3214.6667,  1.00000000,1,0,0.0,0.5
3214.7000,  1.00000000,1,0,0.0,0.5
3214.7333,  1.00000000,1,0,0.0,0.5
3214.7667,  1.00000000,1,0,0.0,0.5
3214.8000,  1.00000000,1,0,0.0,0.5
3214.8333,  1.00000000,1,0,0.025000000000000001,0.5
3214.8667,  1.00000000,1,0,0.0,0.5
3214.9000,  1.00000000,1,0,0.0,0.5
3214.9333,  1.00000000,1,0,0.0,0.5
3214.9667,  1.00000000,1,0,0.0,0.5
3215.0000,  1.00000000,1,0,0.0,0.5
3215.0333,  1.00000000,1,0,0.0,0.5
3215.0667,  1.00000000,1,0,0.0,0.5
3215.1000,  1.00000000,1,0,0.0,0.5
3215.1333,  1.00000000,1,0,0.0,0.5
3215.1667,  1.00000000,1,0,0.0,0.5
3215.2000,  1.00000000,1,0,0.0,0.5
3215.2333,  1.00000000,1,0,0.0,0.5
3215.2667,  1.00000000,1,0,0.0,0.5
3215.3000,  1.00000000,1,0,0.0,0.5
3215.3333,  1.00000000,1,0,0.0,0.5
3215.3667,  1.00000000,1,0,0.0,0.5
3215.4000,  1.00000000,1,0,0.0,0.5
3215.4333,  1.00000000,1,0,0.0,0.5
3215.4667,  1.00000000,1,0,0.0,0.5
3215.5000,  1.00000000,1,0,0.0,0.5
3215.5333,  1.00000000,1,0,0.0,0.5
3215.5667,  1.00000000,1,0,0.0,0.5
3215.6000,  1.00000000,1,0,0.0,0.5
3215.6333,  1.00000000,1,0,0.0,0.5
3215.6667,  1.00000000,1,0,0.0,0.5
3215.7000,  1.00000000,1,0,0.0,0.5
3215.7333,  1.00000000,1,0,0.0,0.5
3215.7667,  1.00000000,1,0,0.0,0.5
3215.8000,  1.00000000,1,0,0.0,0.5
3215.8333,  1.00000000,1,0,0.025000000000000001,0.5
3215.8667,  1.00000000,1,0,0.0,0.5
3215.9000,  1.00000000,1,0,0.0,0.5
3215.9333,  1.00000000,1,0,0.0,0.5
3215.9667,  1.00000000,1,0,0.025000000000000001,0.5
3216.0000,  1.00000000,1,0,0.0,0.5
3216.0333,  1.00000000,1,0,0.0,0.5
3216.0667,  1.00000000,1,0,0.0,0.5
3216.1000,  1.00000000,1,0,0.0,0.5
3216.1333,  1.00000000,1,0,0.0,0.5
3216.1667,  1.00000000,1,0,0.0,0.5
3216.2000,  1.00000000,1,0,0.0,0.5
3216.2333,  1.00000000,1,0,0.0,0.5
3216.2667,  1.00000000,1,0,0.0,0.5
3216.3000,  1.00000000,1,0,0.0,0.5
3216.3333,  1.00000000,1,0,0.0,0.5
3216.3667,  1.00000000,1,0,0.0,0.5
3216.4000,  1.00000000,1,0,0.0,0.5
3216.4333,  1.00000000,1,0,0.0,0.5
3216.4667,  1.00000000,1,0,0.0,0.5
3216.5000,  1.00000000,1,0,0.0,0.5
3216.5333,  1.00000000,1,0,0.0,0.5
3216.5667,  1.00000000,1,0,0.0,0.5
3216.6000,  1.00000000,1,0,0.0,0.5
3216.6333,  1.00000000,1,0,0.0,0.5
3216.6667,  1.00000000,1,0,0.0,0.5
3216.7000,  1.00000000,1,0,0.0,0.5
3216.7333,  1.00000000,1,0,0.0,0.5
3216.7667,  1.00000000,1,0,0.0,0.5
3216.8000,  1.00000000,1,0,0.0,0.5
3216.8333,  1.00000000,1,0,0.0,0.5
3216.8667,  1.00000000,1,0,0.0,0.5
3216.9000,  1.00000000,1,0,0.0,0.5
3216.9333,  1.00000000,1,0,0.0,0.5
3216.9667,  1.00000000,1,0,0.0,0.5
3217.0000,  1.00000000,1,0,0.0,0.5
3217.0333,  1.00000000,1,0,0.0,0.5
3217.0667,  1.00000000,1,0,0.0,0.5
3217.1000,  1.00000000,1,0,0.0,0.5
3217.1333,  1.00000000,1,0,0.0,0.5
3217.1667,  1.00000000,1,0,0.0,0.5
3217.2000,  1.00000000,1,0,0.0,0.5
3217.2333,  1.00000000,1,0,0.0,0.5
3217.2667,  1.00000000,1,0,0.0,0.5
3217.3000,  1.00000000,1,0,0.0,0.5
3217.3333,  1.00000000,1,0,0.0,0.5
3217.3667,  1.00000000,1,0,0.0,0.5
3217.4000,  1.00000000,1,0,0.0,0.5
3217.4333,  1.00000000,1,0,0.0,0.5
3217.4667,  1.00000000,1,0,0.0,0.5
3217.5000,  1.00000000,1,0,0.0,0.5
3217.5333,  1.00000000,1,0,0.0,0.5
3217.5667,  1.00000000,1,0,0.0,0.5
3217.6000,  1.00000000,1,0,0.0,0.5
3217.6333,  1.00000000,1,0,0.0,0.5
3217.6667,  1.00000000,1,0,0.0,0.5
3217.7000,  1.00000000,1,0,0.0,0.5
3217.7333,  1.00000000,1,0,0.0,0.5
3217.7667,  1.00000000,1,0,0.0,0.5
3217.8000,  1.00000000,1,0,0.0,0.5
3217.8333,  1.00000000,1,0,0.0,0.5
3217.8667,  1.00000000,1,0,0.0,0.5
3217.9000,  1.00000000,1,0,0.0,0.5
3217.9333,  1.00000000,1,0,0.0,0.5
3217.9667,  1.00000000,1,0,0.0,0.5
3218.0000,  1.00000000,1,0,0.0,0.5
3218.0333,  1.00000000,1,0,0.0,0.5
3218.0667,  1.00000000,1,0,0.0,0.5
3218.1000,  1.00000000,1,0,0.0,0.5
3218.1333,  1.00000000,1,0,0.0,0.5
3218.1667,  1.00000000,1,0,0.0,0.5
3218.2000,  1.00000000,1,0,0.0,0.5
3218.2333,  1.00000000,1,0,0.0,0.5
3218.2667,  1.00000000,1,0,0.0,0.5
3218.3000,  1.00000000,1,0,0.0,0.5
3218.3333,  1.00000000,1,0,0.0,0.5
3218.3667,  1.00000000,1,0,0.0,0.5
3218.4000,  1.00000000,1,0,0.0,0.5
3218.4333,  1.00000000,1,0,0.0,0.5
3218.4667,  1.00000000,1,0,0.0,0.5
3218.5000,  1.00000000,1,0,0.0,0.5
3218.5333,  1.00000000,1,0,0.0,0.5
3218.5667,  1.00000000,1,0,0.0,0.5
3218.6000,  1.00000000,1,0,0.0,0.5
3218.6333,  1.00000000,1,0,0.0,0.5
3218.6667,  1.00000000,1,0,0.0,0.5
3218.7000,  1.00000000,1,0,0.0,0.5
3218.7333,  1.00000000,1,0,0.0,0.5
3218.7667,  1.00000000,1,0,0.0,0.5
3218.8000,  1.00000000,1,0,0.0,0.5
3218.8333,  1.00000000,1,0,0.0,0.5
3218.8667,  1.00000000,1,0,0.0,0.5
3218.9000,  1.00000000,1,0,0.0,0.5
3218.9333,  1.00000000,1,0,0.0,0.5
3218.9667,  1.00000000,1,0,0.0,0.5
3219.0000,  1.00000000,1,0,0.0,0.5
3219.0333,  1.00000000,1,0,0.0,0.5
3219.0667,  1.00000000,1,0,0.0,0.5
3219.1000,  1.00000000,1,0,0.0,0.5
3219.1333,  1.00000000,1,0,0.0,0.5
3219.1667,  1.00000000,1,0,0.0,0.5
3219.2000,  1.00000000,1,0,0.0,0.5
3219.2333,  1.00000000,1,0,0.0,0.5
3219.2667,  1.00000000,1,0,0.0,0.5
3219.3000,  1.00000000,1,0,0.0,0.5
3219.3333,  1.00000000,1,0,0.0,0.5
3219.3667,  1.00000000,1,0,0.0,0.5
3219.4000,  1.00000000,1,0,0.0,0.5
3219.4333,  1.00000000,1,0,0.0,0.5
3219.4667,  1.00000000,1,0,0.0,0.5
3219.5000,  1.00000000,1,0,0.0,0.5
3219.5333,  1.00000000,1,0,0.0,0.5
3219.5667,  1.00000000,1,0,0.0,0.5
3219.6000,  1.00000000,1,0,0.0,0.5
3219.6333,  1.00000000,1,0,0.0,0.5
3219.6667,  1.00000000,1,0,0.0,0.5
3219.7000,  1.00000000,1,0,0.0,0.5
3219.7333,  1.00000000,1,0,0.0,0.5
3219.7667,  1.00000000,1,0,0.0,0.5
3219.8000,  1.00000000,1,0,0.0,0.5
3219.8333,  1.00000000,1,0,0.0,0.5
3219.8667,  1.00000000,1,0,0.0,0.5
3219.9000,  1.00000000,1,0,0.0,0.5
3219.9333,  1.00000000,1,0,0.0,0.5
3219.9667,  1.00000000,1,0,0.0,0.5
3220.0000,  1.00000000,1,0,0.0,0.5
3220.0333,  1.00000000,1,0,0.0,0.5
3220.0667,  1.00000000,1,0,0.0,0.5
3220.1000,  1.00000000,1,0,0.0,0.5
3220.1333,  1.00000000,1,0,0.0,0.5
3220.1667,  1.00000000,1,0,0.0,0.5
3220.2000,  1.00000000,1,0,0.025000000000000001,0.5
3220.2333,  1.00000000,1,0,0.0,0.5
3220.2667,  1.00000000,1,0,0.0,0.5
3220.